0.109262 0.229611 0.0186591 -0.504225 -0.828038 -0.245173 2 
0.109174 0.229927 0.01871 -0.503841 -0.827409 -0.248069 2 
0.108234 0.230132 0.0189455 -0.464213 -0.843603 -0.269891 2 
0.108991 0.230331 0.0190318 -0.491959 -0.827174 -0.271586 2 
0.108957 0.230204 0.0185816 -0.506771 -0.83135 -0.228124 2 
0.108872 0.230704 0.0188687 -0.491959 -0.827174 -0.271586 2 
0.108389 0.230449 0.0188219 -0.464213 -0.843603 -0.269891 2 
0.109362 0.230271 0.0178877 -0.50803 -0.840722 -0.187327 2 
0.109054 0.2303 0.018547 -0.506771 -0.83135 -0.228124 2 
0.109161 0.23033 0.0183528 -0.522301 -0.82685 -0.208616 2 
0.108607 0.230693 0.0186697 -0.481443 -0.845943 -0.229331 2 
0.1089 0.230504 0.0183901 -0.511302 -0.837087 -0.194566 2 
0.108563 0.230633 0.0183791 -0.468355 -0.856894 -0.215353 2 
0.109122 0.230454 0.0182984 -0.514908 -0.83084 -0.211128 2 
0.109189 0.230608 0.0180499 -0.503276 -0.842799 -0.190794 2 
0.108839 0.230619 0.0179623 -0.488915 -0.850742 -0.192875 2 
0.10898 0.230776 0.0182182 -0.497538 -0.842337 -0.207182 2 
0.108653 0.230838 0.0180477 -0.466595 -0.866954 -0.175157 2 
0.109606 0.230273 0.0177132 -0.503276 -0.842799 -0.190794 2 
0.108828 0.230065 0.0172534 -0.482629 -0.861105 -0.159898 2 
0.10872 0.230992 0.0177992 -0.462576 -0.874399 -0.146458 2 
0.10823 0.230368 0.0172799 -0.406379 -0.906323 -0.115909 2 
0.108748 0.230792 0.0173205 -0.449163 -0.88254 -0.139197 2 
0.107464 0.230236 0.0173532 -0.402983 -0.911152 -0.0860608 2 
0.107982 0.230181 0.0172181 -0.414927 -0.901588 -0.122368 2 
0.108265 0.230595 0.0188789 -0.464213 -0.843603 -0.269891 2 
0.106717 0.23007 0.0182562 -0.41784 -0.908175 -0.025044 2 
0.108332 0.230749 0.0186304 -0.460046 -0.861649 -0.214288 2 
0.108063 0.231032 0.0183709 -0.439816 -0.881094 -0.173881 2 
0.107629 0.231065 0.0183946 -0.424992 -0.889147 -0.169707 2 
0.107453 0.230739 0.0181448 -0.425086 -0.896775 -0.122865 2 
0.107949 0.230633 0.0180925 -0.435635 -0.889837 -0.135689 2 
0.10799 0.230551 0.0176906 -0.43733 -0.887564 -0.144821 2 
0.107914 0.230506 0.0176424 -0.430348 -0.893362 -0.129246 2 
0.107843 0.231124 0.0180062 -0.414733 -0.905248 -0.092316 2 
0.107475 0.23079 0.0180619 -0.410132 -0.910358 -0.0551325 2 
0.108136 0.230935 0.0177266 -0.440313 -0.884956 -0.151583 2 
0.106732 0.230231 0.0178767 -0.329113 -0.911948 0.245023 2 
0.107379 0.230736 0.0176402 -0.398496 -0.916671 -0.0302488 2 
0.106754 0.229803 0.017618 -0.37992 -0.922279 0.0711511 2 
0.110008 0.230139 0.0147215 -0.296936 -0.953986 -0.0416974 2 
0.109964 0.230557 0.0146067 -0.425702 -0.903778 -0.044316 2 
0.109973 0.230969 0.0146229 -0.425702 -0.903778 -0.044316 2 
0.109703 0.230731 0.0146439 -0.334398 -0.94122 -0.0477711 2 
0.109748 0.230834 0.0144782 -0.986133 0.127589 0.106126 2 
0.109822 0.22988 0.0146312 -0.296936 -0.953986 -0.0416974 2 
0.10985 0.230158 0.0143283 -0.945929 0.291987 0.141284 2 
0.109574 0.230172 0.0147452 -0.320574 -0.946396 -0.0395928 2 
0.109641 0.230326 0.0144967 -0.970363 0.220251 0.0994276 2 
0.109522 0.230699 0.0143336 -0.942927 0.306215 0.13085 2 
0.109793 0.230458 0.0141368 -0.985528 0.0599069 0.158577 2 
0.109838 0.230561 0.0139711 -0.985386 -0.103913 0.134968 2 
0.109465 0.230999 0.0141421 -0.939642 0.30685 0.151379 2 
0.109426 0.230645 0.013912 -0.986047 -0.0842471 0.143576 2 
0.109718 0.230934 0.013808 -0.983341 -0.127313 0.129738 2 
0.109381 0.232787 0.00762315 0.931125 0.306641 0.197427 2 
0.109448 0.232941 0.00737464 0.938873 0.296414 0.175091 2 
0.109493 0.233044 0.00720891 0.949704 0.275374 0.149105 2 
0.109262 0.23316 0.00746013 0.938873 0.296414 0.175091 2 
0.109329 0.233314 0.00721158 0.958889 0.24334 0.146004 2 
0.109082 0.233128 0.0071498 0.956389 0.250704 0.149892 2 
0.108527 0.232492 0.00757156 0.931403 0.303931 0.200287 2 
0.108572 0.232594 0.00740589 0.935694 0.300808 0.184366 2 
0.108706 0.232902 0.00690879 0.958889 0.24334 0.146004 2 
0.108576 0.2333 0.00736162 0.945168 0.276867 0.173213 2 
0.108709 0.233566 0.00732079 0.95322 0.255351 0.161767 2 
0.108745 0.233257 0.00713891 0.958889 0.24334 0.146004 2 
0.108475 0.233019 0.00715999 0.954901 0.254374 0.153157 2 
0.109347 0.233659 0.00706826 0.964156 0.224494 0.141444 2 
0.109703 0.233397 0.00676003 0.967477 0.217136 0.129768 2 
0.10992 0.233641 0.00660791 0.972121 0.196452 0.128011 2 
0.109494 0.233086 0.00675263 0.96225 0.238284 0.131512 2 
0.109396 0.233468 0.00696301 0.966163 0.215996 0.14098 2 
0.109441 0.233571 0.00679733 0.967477 0.217136 0.129768 2 
0.109339 0.233768 0.00677153 0.977451 0.175122 0.11799 2 
0.109167 0.233627 0.00675793 0.977451 0.175122 0.11799 2 
0.109531 0.233776 0.00646593 0.96881 0.213164 0.126367 2 
0.109305 0.233641 0.00632134 0.96457 0.240179 0.109172 2 
0.109155 0.233551 0.0062249 0.964239 0.242665 0.106567 2 
0.109673 0.233497 0.00608985 0.959859 0.26225 0.099474 2 
0.109536 0.233525 0.00607011 0.958999 0.26531 0.0996531 2 
0.10979 0.23346 0.00573608 0.960739 0.261084 0.0938875 2 
0.109603 0.233679 0.00582159 0.975866 0.201095 0.0851261 2 
0.108795 0.233108 0.00657742 0.960106 0.244938 0.134913 2 
0.108641 0.233311 0.00642049 0.963176 0.239178 0.122821 2 
0.108854 0.233371 0.00603212 0.958999 0.26531 0.0996531 2 
0.109357 0.233534 0.00530349 0.975805 0.208839 0.064728 2 
0.108936 0.233743 0.00700915 0.960515 0.23718 0.145453 2 
0.10921 0.233687 0.00704855 0.964156 0.224494 0.141444 2 
0.108985 0.233552 0.00690392 0.966163 0.215996 0.14098 2 
0.10903 0.233655 0.00673825 0.977451 0.175122 0.11799 2 
0.110121 0.233928 0.00104675 0.880762 0.373153 0.291573 2 
0.110188 0.234082 0.000798225 0.85203 0.432948 0.294281 2 
0.110397 0.233915 0.000629842 0.863867 0.408234 0.295091 2 
0.110436 0.234269 0.000859946 0.85203 0.432948 0.294281 2 
0.110077 0.234347 0.000931889 0.840554 0.455235 0.29365 2 
0.110565 0.23435 0.000582919 0.82813 0.468073 0.308396 2 
0.110278 0.234288 0.000466794 0.823695 0.47539 0.309082 2 
0.110136 0.23461 0.00038664 0.797516 0.500246 0.337226 2 
0.110654 0.235034 0.000427291 0.823433 0.45676 0.336643 2 
0.110429 0.234899 0.000282705 0.790841 0.498888 0.354515 2 
0.11042 0.234487 0.000266448 0.810549 0.480619 0.334688 2 
0.109847 0.231448 -0.000564173 0.633451 0.398594 0.663221 2 
0.10918 0.233033 0.000238165 0.85594 0.400883 0.326588 2 
0.109768 0.233754 0.000722855 0.857884 0.422036 0.293123 2 
0.109777 0.234166 0.000739053 0.817686 0.48683 0.307223 2 
0.109507 0.233929 0.000760168 0.840554 0.455235 0.29365 2 
0.110097 0.234255 0.000156477 0.79131 0.509955 0.337306 2 
0.109928 0.234299 0.00037916 0.786678 0.520714 0.331655 2 
0.109164 0.232731 -7.48187e-005 0.863209 0.355439 0.358516 2 
0.110267 0.233733 -0.000241965 0.777185 0.498112 0.384536 2 
0.109185 0.234797 0.00169428 0.685845 0.626635 0.37006 2 
0.109542 0.234577 0.000929788 0.798865 0.509812 0.319228 2 
0.109506 0.234886 0.00111172 0.768632 0.539815 0.343226 2 
0.109319 0.235105 0.00119723 0.695752 0.59329 0.404891 2 
0.109197 0.235293 0.000797898 0.668658 0.605293 0.431876 2 
0.109862 0.234666 0.000347182 0.806243 0.485018 0.338718 2 
0.110017 0.234983 0.000223577 0.757813 0.532913 0.376462 2 
0.109743 0.235039 0.000184163 0.734749 0.550651 0.39614 2 
0.11034 0.235214 0.000333533 0.789733 0.490567 0.368328 2 
0.110558 0.235458 0.000181466 0.655632 0.581852 0.481244 2 
0.110208 0.235469 9.3773e-005 0.601878 0.622109 0.500722 2 
0.110159 0.235182 2.31713e-005 0.727914 0.546348 0.4143 2 
0.109774 0.235502 0.00011757 0.62932 0.612538 0.478283 2 
0.110275 0.235623 -0.000154749 0.56858 0.619195 0.541585 2 
0.109173 0.234721 0.00116129 0.764126 0.54765 0.340868 2 
0.109463 0.234347 0.000645295 0.792758 0.518403 0.320612 2 
0.109276 0.234566 0.000730827 0.768632 0.539815 0.343226 2 
0.109742 0.234518 0.000464648 0.790405 0.515759 0.330533 2 
0.109556 0.234737 0.000550166 0.776135 0.524415 0.350148 2 
0.109344 0.23472 0.000482276 0.766047 0.536071 0.354682 2 
0.109264 0.234969 0.000373587 0.73263 0.558897 0.388442 2 
0.109127 0.234997 0.000353858 0.717354 0.572234 0.397431 2 
0.108741 0.234796 0.000728711 0.729345 0.572003 0.375326 2 
0.108863 0.235086 0.00130378 0.655908 0.62934 0.416792 2 
0.10878 0.23515 0.000958845 0.659005 0.615627 0.432107 2 
0.109285 0.234978 0.00074698 0.754281 0.542496 0.369809 2 
0.108559 0.235242 0.000594154 0.641287 0.621195 0.450408 2 
0.109747 0.234745 0.000244617 0.765075 0.527918 0.368731 2 
0.109313 0.234777 0.0002684 0.719745 0.564925 0.403518 2 
0.109455 0.234977 6.80238e-005 0.70905 0.570215 0.414852 2 
0.109256 0.235078 7.68453e-005 0.691624 0.585476 0.422936 2 
0.109709 0.234911 -0.000266001 0.687186 0.577369 0.440931 2 
0.109283 0.235356 -0.000226036 0.574218 0.634839 0.516965 2 
0.109003 0.235143 0.00041087 0.718095 0.576776 0.389447 2 
0.109044 0.23506 8.89599e-006 0.687163 0.587333 0.427605 2 
0.109926 0.235156 -0.000418127 0.647269 0.590108 0.48251 2 
0.10934 0.237954 -0.00149764 -0.333629 -0.629826 -0.701435 2 
0.108976 0.237805 -0.00120567 -0.376733 -0.636662 -0.672855 2 
0.109269 0.238094 -0.0013096 -0.333629 -0.629826 -0.701435 2 
0.108857 0.238178 -0.0013687 -0.450449 -0.627949 -0.634647 2 
0.108924 0.238332 -0.00161724 -0.445806 -0.619454 -0.646169 2 
0.108721 0.238727 -0.00166894 -0.504295 -0.602118 -0.618984 2 
0.108384 0.236378 -0.0016461 -0.714318 -0.613435 -0.33682 2 
0.108374 0.236923 -0.00131081 -0.547698 -0.652182 -0.524105 2 
0.107647 0.237145 -0.00100735 -0.510287 -0.621439 -0.594493 2 
0.107236 0.237229 -0.00106646 -0.528756 -0.623358 -0.576057 2 
0.108028 0.237119 -0.00116216 -0.57292 -0.650205 -0.498995 2 
0.108188 0.237142 -0.00122523 -0.563202 -0.650624 -0.509403 2 
0.108047 0.237464 -0.00130546 -0.614738 -0.658053 -0.434815 2 
0.108986 0.237259 -0.00154102 -0.569104 -0.6564 -0.495238 2 
0.108937 0.23745 -0.00143577 -0.572926 -0.660293 -0.485559 2 
0.108769 0.237015 -0.00138888 -0.560899 -0.651856 -0.510368 2 
0.108507 0.237189 -0.00135159 -0.562642 -0.656696 -0.502179 2 
0.108649 0.237388 -0.0015519 -0.558484 -0.66582 -0.494753 2 
0.109279 0.237548 -0.00164495 -0.629694 -0.6596 -0.410381 2 
0.108929 0.237559 -0.00173251 -0.673301 -0.663567 -0.326105 2 
0.108729 0.236661 -0.00161901 -0.729036 -0.609944 -0.310605 2 
0.108489 0.237844 -0.00131297 -0.478251 -0.632633 -0.60914 2 
0.108427 0.237917 -0.00128449 -0.507512 -0.635655 -0.5817 2 
0.108219 0.237606 -0.00129187 -0.608777 -0.658814 -0.441989 2 
0.108016 0.238001 -0.00134359 -0.518248 -0.626286 -0.582396 2 
0.108743 0.237778 -0.00164704 -0.591441 -0.674742 -0.441498 2 
0.10853 0.237761 -0.001715 -0.60442 -0.667693 -0.434583 2 
0.108494 0.238071 -0.00153303 -0.572926 -0.660293 -0.485559 2 
0.108468 0.238313 -0.00151066 -0.514678 -0.629426 -0.582177 2 
0.108362 0.237805 -0.00149228 -0.601424 -0.668063 -0.438156 2 
0.10822 0.238127 -0.00157245 -0.585938 -0.656452 -0.47513 2 
0.108083 0.238155 -0.00159214 -0.579961 -0.653928 -0.485823 2 
0.108171 0.237318 -0.00136247 -0.583132 -0.653713 -0.482303 2 
0.107618 0.237245 -0.00167754 -0.643368 -0.666404 -0.376806 2 
0.108252 0.237633 -0.00199066 -0.721943 -0.68694 -0.0831329 2 
0.107662 0.237827 -0.00166747 -0.614669 -0.687177 -0.387258 2 
0.108823 0.238051 -0.00181887 -0.609549 -0.685537 -0.398107 2 
0.108473 0.23854 -0.00173074 -0.522017 -0.606486 -0.599728 2 
0.108359 0.237662 -0.00218482 -0.731693 -0.681519 -0.0125433 2 
0.108297 0.237735 -0.00215636 -0.724878 -0.688842 0.00693 2 
0.108062 0.238145 -0.00196564 -0.634123 -0.729004 -0.257761 2 
0.108286 0.237181 -0.00286508 -0.813155 -0.553669 0.179528 2 
0.107554 0.237755 -0.00101697 -0.525204 -0.626529 -0.575866 2 
0.107342 0.237738 -0.00108491 -0.52536 -0.619958 -0.582794 2 
0.107037 0.237851 -0.00133817 -0.506827 -0.61459 -0.604488 2 
0.107981 0.238352 -0.00161797 -0.514913 -0.595948 -0.616207 2 
0.107599 0.237857 -0.00118269 -0.525204 -0.626529 -0.575866 2 
0.107387 0.23784 -0.00125061 -0.528901 -0.61677 -0.582974 2 
0.107741 0.238057 -0.00138302 -0.527643 -0.625417 -0.574844 2 
0.107471 0.237819 -0.00136192 -0.570359 -0.654483 -0.49633 2 
0.107192 0.238169 -0.00146183 -0.506838 -0.611237 -0.607869 2 
0.107068 0.238315 -0.00140482 -0.0630621 0.302441 -0.95108 2 
0.107764 0.238108 -0.00146584 -0.527547 -0.628674 -0.571369 2 
0.107808 0.238211 -0.00163156 -0.571092 -0.674926 -0.467257 2 
0.107746 0.238284 -0.00160308 -0.524468 -0.59867 -0.605415 2 
0.107605 0.238127 -0.00185904 -0.593253 -0.801963 -0.0700467 2 
0.107654 0.237936 -0.00196421 -0.644695 -0.756816 -0.107695 2 
0.10755 0.238527 -0.000901729 -0.564435 -0.648679 -0.510519 2 
0.106929 0.238779 -0.000792459 -0.617035 -0.613672 -0.492619 2 
0.106995 0.237833 -0.00208512 -0.402275 -0.809358 0.427918 2 
0.106843 0.238179 -0.00154942 -0.333522 -0.166063 -0.928001 2 
0.108101 0.2385 -0.00173548 -0.510368 -0.560899 -0.651856 2 
0.107875 0.238365 -0.00188008 -0.405524 -0.233213 -0.883834 2 
0.107575 0.238184 -0.00207292 -0.366299 -0.779394 0.508301 2 
0.107402 0.238522 -0.00191076 -0.346275 -0.805847 0.480317 2 
0.107642 0.238338 -0.0023215 -0.376191 -0.820636 0.430159 2 
0.106879 0.230715 0.0190614 -0.445331 -0.883455 -0.145561 1 
0.105369 0.231501 0.0190205 -0.23008 -0.649546 0.724674 1 
0.105011 0.231621 0.0186361 -0.206195 -0.637189 0.742612 1 
0.104786 0.231486 0.0184915 -0.219528 -0.639902 0.736432 1 
0.10536 0.232568 0.0190753 -0.212718 -0.622627 0.753052 1 
0.10509 0.23233 0.0190963 -0.219742 -0.628056 0.746498 1 
0.105051 0.231976 0.0188662 -0.219528 -0.639902 0.736432 1 
0.103601 0.232647 0.019253 -0.236417 -0.621574 0.746828 1 
0.104257 0.232564 0.0191377 -0.218867 -0.613139 0.759051 1 
0.104249 0.232673 0.0188409 -0.218867 -0.613139 0.759051 1 
0.103872 0.232885 0.019232 -0.236417 -0.621574 0.746828 1 
0.104397 0.233679 0.0197452 -0.236417 -0.621574 0.746828 1 
0.104339 0.233936 0.02001 -0.205721 -0.617163 0.759466 1 
0.104243 0.233882 0.0195883 -0.209079 -0.614847 0.760427 1 
0.103972 0.233645 0.0196093 -0.209079 -0.614847 0.760427 1 
0.103495 0.234095 0.0195183 -0.205721 -0.617163 0.759466 1 
0.103166 0.234115 0.0198041 -0.199115 -0.646738 0.736263 1 
0.102924 0.233677 0.0193465 -0.205721 -0.617163 0.759466 1 
0.102743 0.233645 0.0190362 -0.205721 -0.617163 0.759466 1 
0.102689 0.233609 0.0193615 -0.205721 -0.617163 0.759466 1 
0.106536 0.230995 0.0182974 -0.248127 -0.788075 0.563357 1 
0.106377 0.231014 0.0179043 -0.229631 -0.809104 0.540944 1 
0.105938 0.231298 0.0183238 -0.251069 -0.71531 0.652148 1 
0.105907 0.231356 0.01811 -0.251069 -0.71531 0.652148 1 
0.105154 0.23182 0.0184358 -0.206261 -0.640493 0.739747 1 
0.104967 0.232039 0.0185212 -0.213098 -0.639295 0.738844 1 
0.104866 0.231758 0.0183196 -0.213098 -0.639295 0.738844 1 
0.104516 0.231769 0.018232 -0.184857 -0.612624 0.768453 1 
0.104933 0.231912 0.0180711 -0.206195 -0.637189 0.742612 1 
0.104858 0.231867 0.0180229 -0.219528 -0.639902 0.736432 1 
0.104553 0.231981 0.0177695 -0.185376 -0.617411 0.764486 1 
0.104561 0.231872 0.0180663 -0.185376 -0.617411 0.764486 1 
0.104238 0.232119 0.0181321 -0.20849 -0.610025 0.764462 1 
0.10386 0.232809 0.018699 -0.236417 -0.621574 0.746828 1 
0.104566 0.234114 0.0196983 -0.205721 -0.617163 0.759466 1 
0.103889 0.233708 0.0192644 -0.208771 -0.620126 0.756213 1 
0.103791 0.234091 0.0194748 -0.205721 -0.617163 0.759466 1 
0.103066 0.233876 0.0191461 -0.205721 -0.617163 0.759466 1 
0.10476 0.230771 0.0181623 -0.226341 -0.635315 0.738339 1 
0.104623 0.230799 0.0181426 -0.226478 -0.641947 0.732538 1 
0.103115 0.233207 0.0188652 -0.205721 -0.617163 0.759466 1 
0.101994 0.233337 0.0192467 -0.205721 -0.617163 0.759466 1 
0.10245 0.233356 0.0191401 -0.205721 -0.617163 0.759466 1 
0.102473 0.233407 0.0190572 -0.205721 -0.617163 0.759466 1 
0.102247 0.233272 0.0189127 -0.205721 -0.617163 0.759466 1 
0.102287 0.233626 0.0191428 -0.205721 -0.617163 0.759466 1 
0.102163 0.233294 0.0190241 -0.205721 -0.617163 0.759466 1 
0.101938 0.233158 0.0188794 -0.205721 -0.617163 0.759466 1 
0.101712 0.233023 0.0187348 -0.188416 -0.620393 0.761322 1 
0.101588 0.233169 0.0187918 -0.189081 -0.631806 0.751711 1 
0.104274 0.23181 0.0179502 -0.198379 -0.613591 0.764298 1 
0.104066 0.231499 0.0179428 -0.20849 -0.610025 0.764462 1 
0.103928 0.231527 0.0179231 -0.219384 -0.614586 0.75773 1 
0.104266 0.231919 0.0176535 -0.202187 -0.612734 0.763988 1 
0.103871 0.231827 0.0177315 -0.222556 -0.605415 0.764161 1 
0.1031 0.232467 0.0179202 -0.208771 -0.620126 0.756213 1 
0.102653 0.232382 0.0178671 -0.205721 -0.617163 0.759466 1 
0.102929 0.232368 0.0174503 -0.202368 -0.619463 0.758494 1 
0.103037 0.232977 0.0185807 -0.205721 -0.617163 0.759466 1 
0.102811 0.232842 0.0184361 -0.205721 -0.617163 0.759466 1 
0.102399 0.232926 0.018377 -0.205721 -0.617163 0.759466 1 
0.102174 0.23279 0.0182324 -0.205721 -0.617163 0.759466 1 
0.102011 0.232582 0.0180592 -0.205721 -0.617163 0.759466 1 
0.101335 0.233234 0.0191258 -0.15581 -0.658032 0.736693 1 
0.10156 0.23337 0.0192704 -0.182292 -0.651042 0.736827 1 
0.11566 0.232591 0.0270611 -0.744843 0.198933 -0.636895 1 
0.115385 0.232647 0.0270217 -0.701717 0.179652 -0.689433 1 
0.11691 0.23302 0.0265784 -0.897894 0.218248 -0.382301 1 
0.116776 0.233233 0.0267949 -0.904504 0.19475 -0.379401 1 
0.116042 0.232607 0.02645 -0.882109 0.233543 -0.409073 1 
0.11632 0.233215 0.0269014 -0.850881 0.222166 -0.47607 1 
0.115802 0.23279 0.0268608 -0.765976 0.219072 -0.604391 1 
0.115727 0.232745 0.0268125 -0.769061 0.225281 -0.598159 1 
0.115926 0.233123 0.0269796 -0.778784 0.211274 -0.590642 1 
0.117817 0.231773 0.0250847 -0.934507 0.129603 -0.331511 1 
0.117631 0.231992 0.0251703 -0.929605 0.141851 -0.340167 1 
0.117 0.232747 0.0260712 -0.906929 0.200418 -0.370558 1 
0.117129 0.23235 0.0256184 -0.910427 0.175247 -0.374714 1 
0.116898 0.232466 0.0258695 -0.901246 0.208204 -0.380008 1 
0.116825 0.232463 0.025365 -0.906929 0.200418 -0.370558 1 
0.117247 0.231876 0.0246325 -0.927829 0.139243 -0.34604 1 
0.117501 0.231811 0.0242984 -0.931793 0.0927759 -0.350935 1 
0.117265 0.231222 0.0245939 -0.920864 0.140707 -0.363609 1 
0.116771 0.230891 0.0240141 -0.912122 0.12711 -0.389712 1 
0.117401 0.230094 0.0235695 -0.943185 0.144793 -0.299059 1 
0.117554 0.230847 0.024078 -0.934457 0.120706 -0.334994 1 
0.117461 0.231457 0.0240683 -0.932783 0.0952915 -0.347613 1 
0.11643 0.230835 0.0237669 -0.909468 0.154171 -0.386135 1 
0.116629 0.229735 0.0238628 -0.90883 0.203083 -0.364396 1 
0.116511 0.230629 0.0234193 -0.929564 0.198288 -0.310792 1 
0.11681 0.231245 0.0242442 -0.911044 0.157272 -0.381136 1 
0.116706 0.231879 0.0248505 -0.912172 0.163141 -0.375934 1 
0.116453 0.231944 0.0251845 -0.898212 0.205264 -0.388692 1 
0.116481 0.231744 0.0247058 -0.909967 0.190592 -0.368286 1 
0.11648 0.232701 0.0250574 -0.921406 0.158476 -0.354818 1 
0.117208 0.231522 0.0244024 -0.922975 0.128306 -0.362844 1 
0.116996 0.231505 0.0243344 -0.923565 0.131149 -0.360315 1 
0.116351 0.23262 0.0253344 -0.906929 0.200418 -0.370558 1 
0.112751 0.230002 0.0284133 -0.371126 0.144249 -0.91731 1 
0.112295 0.229984 0.0285199 -0.401415 0.136622 -0.905649 1 
0.11322 0.230618 0.0285592 -0.278432 0.383784 -0.880446 1 
0.112777 0.233253 0.030314 -0.125965 0.600188 -0.789878 1 
0.112725 0.23378 0.0299024 -0.179226 0.644909 -0.742947 1 
0.112708 0.233956 0.0297652 -0.179226 0.644909 -0.742947 1 
0.11231 0.234258 0.0309317 0.0382351 0.661325 -0.749124 1 
0.11201 0.234078 0.0307389 0.00966974 0.628533 -0.777723 1 
0.111987 0.234506 0.0309975 -0.0041487 0.68177 -0.731555 1 
0.112449 0.233794 0.0303193 -0.0351217 0.625166 -0.779701 1 
0.112152 0.234277 0.0305385 0.0295414 0.651318 -0.75823 1 
0.112702 0.234208 0.030161 -0.092168 0.651028 -0.753437 1 
0.112591 0.233993 0.030119 -0.0857932 0.629635 -0.772139 1 
0.112116 0.234587 0.0307205 -0.0041487 0.68177 -0.731555 1 
0.113699 0.234223 0.0298365 -0.253762 0.616279 -0.745524 1 
0.113282 0.234559 0.0301732 -0.1692 0.644791 -0.745396 1 
0.11344 0.231005 0.0290997 -0.264028 0.444116 -0.856183 1 
0.113472 0.231989 0.0287526 -0.304287 0.421677 -0.854165 1 
0.112762 0.232035 0.0291931 -0.262647 0.50509 -0.822132 1 
0.1124 0.231928 0.0290288 -0.225953 0.536447 -0.813124 1 
0.112993 0.231919 0.028942 -0.263312 0.475809 -0.83921 1 
0.112957 0.232228 0.0291238 -0.281451 0.483599 -0.828805 1 
0.111617 0.231014 0.0286134 -0.0845746 0.445057 -0.8915 1 
0.111245 0.230974 0.0286086 -0.126359 0.376301 -0.91784 1 
0.112197 0.231844 0.0288014 -0.169909 0.551829 -0.816466 1 
0.111853 0.231603 0.0283179 -0.147361 0.570095 -0.808255 1 
0.111923 0.230943 0.0284104 -0.16734 0.437995 -0.883265 1 
0.111286 0.230892 0.0282067 -0.0581952 0.426313 -0.902702 1 
0.112512 0.232764 0.0299392 -0.174785 0.597309 -0.782734 1 
0.112326 0.232983 0.0300247 -0.0641667 0.588908 -0.805649 1 
0.111967 0.233061 0.0300967 -0.0151703 0.5944 -0.804026 1 
0.112078 0.232796 0.029963 -0.0151703 0.5944 -0.804026 1 
0.112407 0.232776 0.0296771 -0.174685 0.593929 -0.785323 1 
0.113227 0.232944 0.0292786 -0.299488 0.487648 -0.820065 1 
0.112934 0.232655 0.0293825 -0.283454 0.508965 -0.812778 1 
0.11285 0.233156 0.0296696 -0.217675 0.578922 -0.785791 1 
0.113328 0.233226 0.0294802 -0.273948 0.524415 -0.80619 1 
0.112015 0.232769 0.0288426 -0.194348 0.592226 -0.781983 1 
0.11241 0.23344 0.0300892 -0.0730582 0.594493 -0.800775 1 
0.11237 0.233564 0.0300348 -0.0764236 0.609947 -0.788749 1 
0.112738 0.23342 0.0298034 -0.215369 0.596525 -0.773158 1 
0.111756 0.233086 0.0295724 -0.0151703 0.5944 -0.804026 1 
0.112062 0.233014 0.0293695 -0.0611559 0.595915 -0.800716 1 
0.111797 0.233004 0.0291705 -0.0151703 0.5944 -0.804026 1 
0.111637 0.233459 0.0294095 -0.0151703 0.5944 -0.804026 1 
0.1119 0.231849 0.0288448 -0.043575 0.583342 -0.811057 1 
0.111351 0.231961 0.028766 0.0523773 0.590306 -0.805478 1 
0.110776 0.231837 0.0285338 0.144838 0.583833 -0.79885 1 
0.111299 0.232009 0.0281786 0.0611465 0.584447 -0.809125 1 
0.110963 0.232138 0.0281677 0.0849067 0.579956 -0.810211 1 
0.110837 0.232242 0.0286811 0.0789231 0.584031 -0.807886 1 
0.111002 0.232493 0.0283979 0.0789231 0.584031 -0.807886 1 
0.110595 0.232283 0.0283992 0.138255 0.590187 -0.79534 1 
0.110936 0.230903 0.028119 -0.0385708 0.416299 -0.908409 1 
0.110613 0.23115 0.0281848 0.209887 0.546932 -0.81044 1 
0.110973 0.231593 0.0278324 0.11594 0.576763 -0.808642 1 
0.111903 0.23357 0.0307573 0.0379593 0.61719 -0.785898 1 
0.111279 0.233637 0.0306303 0.00413544 0.627208 -0.778841 1 
0.111843 0.233685 0.0303295 0.0379593 0.61719 -0.785898 1 
0.111882 0.23404 0.0305596 0.0180792 0.635555 -0.771844 1 
0.111589 0.23375 0.0306635 0.00413544 0.627208 -0.778841 1 
0.111266 0.233519 0.0305535 0.00413544 0.627208 -0.778841 1 
0.111637 0.234517 0.0309099 -0.0041487 0.68177 -0.731555 1 
0.111181 0.234498 0.0310165 -0.0324863 0.679387 -0.73306 1 
0.111447 0.234551 0.0307591 -0.0041487 0.68177 -0.731555 1 
0.112162 0.233732 0.0302032 -0.0525634 0.623658 -0.779928 1 
0.112113 0.233923 0.0303084 -0.0525634 0.623658 -0.779928 1 
0.110927 0.234563 0.0313505 -0.0587702 0.675141 -0.735344 1 
0.110884 0.234981 0.0312356 -0.0770184 0.722229 -0.687353 1 
0.116528 0.230627 0.028372 -0.770808 0.211625 -0.600891 1 
0.116548 0.231015 0.0277724 -0.828481 0.20144 -0.522534 1 
0.116209 0.231001 0.0270689 -0.834524 0.207495 -0.510408 1 
0.115978 0.231118 0.0273201 -0.78372 0.214866 -0.582766 1 
0.116045 0.231272 0.0270716 -0.81759 0.229418 -0.528123 1 
0.116326 0.232064 0.0277593 -0.754735 0.199102 -0.625087 1 
0.116321 0.232315 0.0281551 -0.704808 0.153087 -0.692683 1 
0.11645 0.232396 0.027878 -0.758233 0.165626 -0.630595 1 
0.115865 0.231818 0.0280859 -0.648161 0.179279 -0.740099 1 
0.115684 0.231786 0.0277756 -0.642958 0.229963 -0.730563 1 
0.116017 0.231472 0.0275502 -0.756213 0.208771 -0.620126 1 
0.115898 0.231845 0.0273872 -0.741224 0.215996 -0.635557 1 
0.115906 0.231736 0.027684 -0.70512 0.199913 -0.680324 1 
0.115973 0.23189 0.0274354 -0.744577 0.212958 -0.632657 1 
0.115877 0.232894 0.0285142 -0.617696 0.107106 -0.779089 1 
0.116135 0.232535 0.0282406 -0.67608 0.149736 -0.721454 1 
0.116052 0.232599 0.0278956 -0.704091 0.159675 -0.691925 1 
0.116055 0.232783 0.0281319 -0.673271 0.133455 -0.727252 1 
0.11586 0.232591 0.0282012 -0.642594 0.139304 -0.753437 1 
0.11568 0.232558 0.0278909 -0.638945 0.165428 -0.751254 1 
0.115526 0.232283 0.0275582 -0.644536 0.20248 -0.737275 1 
0.116027 0.231926 0.0271102 -0.774086 0.194671 -0.602407 1 
0.115482 0.232701 0.0274434 -0.669886 0.136375 -0.729832 1 
0.114472 0.229611 0.0275491 -0.34907 0.298133 -0.888407 1 
0.117058 0.227534 0.0258739 -0.846783 0.180707 -0.500304 1 
0.116184 0.22833 0.0264929 -0.907026 0.19118 -0.375172 1 
0.115625 0.228987 0.0267494 -0.822393 0.235189 -0.518031 1 
0.11638 0.228564 0.0259673 -0.886783 0.229468 -0.401199 1 
0.116357 0.228992 0.026226 -0.897246 0.189886 -0.398615 1 
0.116104 0.229057 0.02656 -0.880363 0.202026 -0.429122 1 
0.116026 0.228348 0.0260997 -0.907026 0.18543 -0.378047 1 
0.11529 0.22768 0.0262112 -0.613805 0.395416 -0.683293 1 
0.115408 0.228743 0.0269016 -0.774549 0.252946 -0.579734 1 
0.115062 0.22846 0.0268745 -0.48819 0.375407 -0.787871 1 
0.115107 0.228563 0.0267088 -0.48819 0.375407 -0.787871 1 
0.115388 0.228297 0.025896 -0.907026 0.18543 -0.378047 1 
0.114882 0.228427 0.0265641 -0.483936 0.393299 -0.781743 1 
0.115986 0.227994 0.0258697 -0.890875 0.222351 -0.396108 1 
0.115846 0.229894 0.0270094 -0.8248 0.224946 -0.518752 1 
0.115537 0.229302 0.0268003 -0.819424 0.222087 -0.528414 1 
0.115568 0.229287 0.0265579 -0.835847 0.217716 -0.503944 1 
0.115367 0.229824 0.0271988 -0.75717 0.212132 -0.617814 1 
0.115401 0.229952 0.0276489 -0.630283 0.198793 -0.750483 1 
0.115406 0.230179 0.0274289 -0.708772 0.216526 -0.671386 1 
0.115618 0.230674 0.0276726 -0.671844 0.193059 -0.71509 1 
0.114973 0.229733 0.0272769 -0.612222 0.222768 -0.758656 1 
0.114657 0.229871 0.0276394 -0.374408 0.284189 -0.882641 1 
0.115894 0.230182 0.0270799 -0.810732 0.226143 -0.539975 1 
0.116161 0.230235 0.0268226 -0.845199 0.210166 -0.491395 1 
0.116125 0.230544 0.0270045 -0.845199 0.210166 -0.491395 1 
0.114825 0.228727 0.0263726 -0.796307 0.244658 -0.553207 1 
0.115139 0.230604 0.027862 -0.528414 0.222087 -0.819424 1 
0.114807 0.230918 0.0280873 -0.452893 0.282865 -0.845503 1 
0.11448 0.230502 0.0277411 -0.435225 0.212413 -0.874906 1 
0.115769 0.231285 0.0274885 -0.718266 0.223773 -0.658802 1 
0.11524 0.232842 0.0283104 -0.550935 0.192751 -0.811984 1 
0.109448 0.239692 -0.00992727 -0.340622 -0.0479203 -0.938978 1 
0.109248 0.239793 -0.00991848 -0.367101 0.128832 -0.921216 1 
0.109375 0.238253 -0.0109591 -0.0669407 -0.897552 -0.435798 1 
0.109205 0.239254 -0.0103849 -0.0412624 -0.911766 -0.408631 1 
0.108952 0.239319 -0.0100508 -0.0414805 -0.905881 -0.421496 1 
0.108315 0.238789 -0.0104303 0.0148732 -0.858589 -0.512449 1 
0.108546 0.239151 -0.0105057 -0.0475219 -0.892055 -0.449422 1 
0.107815 0.23771 -0.0105096 0.057043 -0.86121 -0.505039 1 
0.113118 0.237273 -0.0115216 -0.189274 -0.743247 0.641685 1 
0.112932 0.237492 -0.0114361 -0.165712 -0.734301 0.658287 1 
0.11256 0.23793 -0.0112651 -0.149345 -0.752761 0.641129 1 
0.112148 0.238014 -0.0113242 -0.136269 -0.759211 0.636419 1 
0.111737 0.238098 -0.0113833 -0.123169 -0.761276 0.636623 1 
0.111475 0.238272 -0.0113461 -0.0737436 -0.741773 0.666584 1 
0.112999 0.237646 -0.0116847 -0.165712 -0.734301 0.658287 1 
0.112813 0.237865 -0.0115992 -0.155771 -0.739536 0.654845 1 
0.112503 0.23823 -0.0114567 -0.149345 -0.752761 0.641129 1 
0.112441 0.238303 -0.0114281 -0.14601 -0.757143 0.636723 1 
0.112046 0.238211 -0.0113501 -0.123169 -0.761276 0.636623 1 
0.111764 0.237898 -0.011862 -0.123169 -0.761276 0.636623 1 
0.111804 0.238252 -0.0116319 -0.123169 -0.761276 0.636623 1 
0.111542 0.238426 -0.0115946 -0.123169 -0.761276 0.636623 1 
0.111272 0.238188 -0.0115735 -0.0737436 -0.741773 0.666584 1 
0.110242 0.239624 -0.0104792 -0.0709669 0.705324 -0.705324 1 
0.110203 0.239269 -0.0107094 -0.153024 0.677246 -0.719668 1 
0.109887 0.239408 -0.0103468 -0.230903 -0.686426 -0.689567 1 
0.109763 0.239554 -0.0102898 -0.248314 -0.507424 -0.825143 1 
0.109926 0.239762 -0.0101167 -0.233869 -0.69219 -0.682772 1 
0.109665 0.239936 -0.0100794 -0.240741 -0.63411 -0.734812 1 
0.111055 0.237944 -0.0114214 -0.0737436 -0.741773 0.666584 1 
0.110868 0.238163 -0.0113359 -0.0412163 -0.720575 0.69215 1 
0.110276 0.238215 -0.0117053 0.0679132 -0.683467 0.726816 1 
0.109825 0.237944 -0.0119945 -0.0146264 -0.98897 0.147389 1 
0.110287 0.238769 -0.0109965 -0.189141 0.659689 -0.727349 1 
0.110124 0.23904 -0.0109938 -0.189141 0.659689 -0.727349 1 
0.109859 0.23855 -0.0113686 -0.206437 -0.492737 -0.845337 1 
0.110005 0.238934 -0.0113327 -0.213595 -0.703148 -0.678203 1 
0.109904 0.238653 -0.0115343 0.13813 -0.428629 0.892859 1 
0.10938 0.23848 -0.0111792 -0.0291001 -0.983583 -0.178093 1 
0.109199 0.238448 -0.0114895 -0.0161461 -0.995675 -0.0914944 1 
0.10908 0.2383 -0.011372 0.0225009 -0.977014 -0.211983 1 
0.109865 0.238299 -0.0117644 -0.0256568 -0.991692 0.126053 1 
0.109289 0.238174 -0.0119966 -0.0157716 -0.997816 0.0641378 1 
0.11071 0.238182 -0.011729 -0.0412163 -0.720575 0.69215 1 
0.110299 0.238266 -0.0117881 0.0679132 -0.683467 0.726816 1 
0.110343 0.238369 -0.0119538 -0.0609663 -0.812411 0.579889 1 
0.110366 0.23842 -0.0120367 -0.0609663 -0.812411 0.579889 1 
0.109954 0.238025 -0.0122716 -0.0999064 -0.941784 0.321032 1 
0.109892 0.238098 -0.0122431 -0.0766126 -0.949217 0.305152 1 
0.109706 0.238317 -0.0121576 -0.0652123 -0.973262 0.220245 1 
0.109475 0.238434 -0.0119064 -0.0284017 -0.998267 0.0515438 1 
0.109171 0.23759 -0.0125112 -0.0182417 -0.964378 0.263897 1 
0.109211 0.237944 -0.0122811 -0.0244615 -0.981953 0.187538 1 
0.109707 0.238896 -0.0108329 -0.249009 -0.430106 -0.867758 1 
0.109662 0.239272 -0.0104915 -0.30175 -0.06035 -0.951475 1 
0.109211 0.239002 -0.0107807 -0.0343245 -0.947102 -0.319091 1 
0.109774 0.23905 -0.0110815 -0.208779 -0.604685 -0.768614 1 
0.109676 0.239433 -0.0108711 -0.214151 -0.56542 -0.796517 1 
0.109086 0.239627 -0.0105479 -0.0531801 -0.94038 -0.335943 1 
0.10894 0.239722 -0.010408 -0.0476961 -0.942321 -0.331295 1 
0.104075 0.232572 -0.0191697 0.828937 0.261851 -0.494264 1 
0.104149 0.23511 -0.0170938 0.480392 0.328188 -0.813336 1 
0.104216 0.235264 -0.0173423 0.466621 0.336916 -0.817773 1 
0.103969 0.235078 -0.0174041 0.546132 0.30093 -0.781781 1 
0.104097 0.235638 -0.0175054 0.486245 0.321523 -0.81252 1 
0.103748 0.235648 -0.017593 0.546132 0.30093 -0.781781 1 
0.10377 0.236178 -0.0175 0.543689 0.275784 -0.792682 1 
0.103612 0.233762 -0.0183158 0.667499 0.280126 -0.689909 1 
0.10359 0.234189 -0.0180572 0.573636 0.31333 -0.756813 1 
0.10364 0.23404 -0.0186187 0.667499 0.280126 -0.689909 1 
0.103724 0.234497 -0.0185543 0.573636 0.31333 -0.756813 1 
0.103534 0.234053 -0.0188808 0.729004 0.257761 -0.634123 1 
0.103372 0.232887 -0.0194054 0.785206 0.258601 -0.562652 1 
0.103563 0.232895 -0.019711 0.798859 0.268379 -0.538328 1 
0.103456 0.233344 -0.019341 0.726919 0.261311 -0.635064 1 
0.103393 0.233375 -0.0188562 0.729004 0.257761 -0.634123 1 
0.103495 0.233699 -0.0191109 0.729004 0.257761 -0.634123 1 
0.103518 0.234808 -0.0176933 0.537252 0.293191 -0.790822 1 
0.103607 0.235013 -0.0180247 0.537252 0.293191 -0.790822 1 
0.103718 0.234749 -0.0181585 0.525302 0.30312 -0.795095 1 
0.103505 0.23521 -0.0180506 0.631739 0.244188 -0.735716 1 
0.103679 0.234394 -0.0183886 0.573636 0.31333 -0.756813 1 
0.103511 0.234959 -0.0184464 0.602478 0.260916 -0.754283 1 
0.103579 0.235213 -0.017546 0.544775 0.300182 -0.783014 1 
0.103646 0.235367 -0.0177946 0.544775 0.300182 -0.783014 1 
0.103505 0.235689 -0.0178748 0.625978 0.247553 -0.739506 1 
0.103786 0.236481 -0.017187 0.542333 0.275096 -0.79385 1 
0.103455 0.234302 -0.0189895 0.729004 0.257761 -0.634123 1 
0.103545 0.23355 -0.0196724 0.726919 0.261311 -0.635064 1 
0.103585 0.233904 -0.0194423 0.729004 0.257761 -0.634123 1 
0.10364 0.235518 -0.0185477 0.643614 0.243912 -0.725443 1 
0.103645 0.235267 -0.0189435 -0.372228 0.394216 -0.840262 1 
0.103408 0.236113 -0.0181207 0.66759 0.210081 -0.714275 1 
0.103721 0.23689 -0.0176753 0.625761 0.205497 -0.752459 1 
0.103403 0.236365 -0.0177248 0.640576 0.196032 -0.742451 1 
0.103504 0.236646 -0.0175232 0.623475 0.208856 -0.75343 1 
0.103695 0.236654 -0.0178288 0.623475 0.208856 -0.75343 1 
0.103346 0.236665 -0.0179164 0.648221 0.189385 -0.737525 1 
0.103667 0.236855 -0.0173501 0.584351 0.232182 -0.777577 1 
0.103988 0.236943 -0.0179327 0.584351 0.232182 -0.777577 1 
0.103563 0.236909 -0.0180685 0.637283 0.195968 -0.745297 1 
0.103222 0.236333 -0.0180352 0.679283 0.206738 -0.704154 1 
0.103289 0.236487 -0.0182837 0.688657 0.196538 -0.697943 1 
0.103462 0.236628 -0.0182701 0.660783 0.202723 -0.722682 1 
0.103064 0.236351 -0.0184283 0.773381 0.142111 -0.617807 1 
0.103131 0.236506 -0.0186769 0.773381 0.142111 -0.617807 1 
0.102802 0.236526 -0.018391 0.770039 0.13256 -0.624074 1 
0.102825 0.236098 -0.0186497 0.774947 0.158615 -0.6118 1 
0.102706 0.236471 -0.0188127 0.785926 0.148203 -0.600297 1 
0.102436 0.236234 -0.0187916 0.807575 0.141289 -0.57259 1 
0.102627 0.236241 -0.0190972 0.807575 0.141289 -0.57259 1 
0.102719 0.23659 -0.018736 0.785926 0.148203 -0.600297 1 
0.102251 0.236016 -0.0193382 -0.231088 0.378277 -0.896384 1 
0.10274 0.232585 -0.020005 0.813373 0.294199 -0.501868 1 
0.108542 0.246283 -0.0140536 0.380507 0.185228 -0.906038 1 
0.108379 0.246075 -0.0142267 0.406246 0.118663 -0.906026 1 
0.108446 0.246229 -0.0144752 0.414927 0.122368 -0.901588 1 
0.108388 0.246487 -0.0142105 0.401604 0.171294 -0.899651 1 
0.106444 0.241814 -0.0159412 0.934208 -0.185171 -0.304905 1 
0.106439 0.242065 -0.0155454 0.932941 -0.220258 -0.284793 1 
0.105903 0.241817 -0.0157233 0.956051 -0.201907 -0.212604 1 
0.106108 0.241943 -0.0159521 0.908327 -0.203615 -0.365353 1 
0.10574 0.241609 -0.0158964 0.932559 -0.199934 -0.3006 1 
0.10582 0.241881 -0.0160682 0.901388 -0.198857 -0.38465 1 
0.106971 0.24265 -0.0158843 0.495063 -0.141655 -0.857232 1 
0.106862 0.242478 -0.0163827 0.516252 -0.158278 -0.841684 1 
0.108876 0.245012 -0.0146305 0.440674 0.0501691 -0.896264 1 
0.108611 0.245001 -0.0148294 0.449818 0.0145959 -0.893001 1 
0.107235 0.243618 -0.0153338 0.433406 -0.0389126 -0.900358 1 
0.107618 0.243634 -0.0159449 0.413971 -0.0117531 -0.910214 1 
0.10728 0.243721 -0.0154995 0.431404 -0.0333904 -0.901541 1 
0.10682 0.243039 -0.015805 0.460235 -0.0971139 -0.882469 1 
0.10686 0.243393 -0.0155748 0.433406 -0.0389126 -0.900358 1 
0.106634 0.243258 -0.0157194 0.455741 -0.0967573 -0.884838 1 
0.106954 0.243347 -0.016302 0.419505 -0.0386211 -0.906931 1 
0.10713 0.243631 -0.0155959 0.433406 -0.0389126 -0.900358 1 
0.107006 0.243777 -0.0155389 0.433406 -0.0389126 -0.900358 1 
0.106927 0.243547 -0.0158233 0.433406 -0.0389126 -0.900358 1 
0.107381 0.244481 -0.0151221 0.390303 0.0274126 -0.920278 1 
0.107191 0.244036 -0.0154486 0.390303 0.0274126 -0.920278 1 
0.107245 0.244072 -0.0157739 0.390303 0.0274126 -0.920278 1 
0.106811 0.244583 -0.0155744 0.390303 0.0274126 -0.920278 1 
0.106673 0.243612 -0.0154893 0.433406 -0.0389126 -0.900358 1 
0.106594 0.243861 -0.015598 0.433406 -0.0389126 -0.900358 1 
0.106532 0.243934 -0.0155695 0.433406 -0.0389126 -0.900358 1 
0.107095 0.243982 -0.0158703 0.401405 0.0116914 -0.915826 1 
0.106909 0.244201 -0.0157848 0.401405 0.0116914 -0.915826 1 
0.106811 0.244105 -0.0157501 0.401405 0.0116914 -0.915826 1 
0.106554 0.243985 -0.0156523 0.433406 -0.0389126 -0.900358 1 
0.10643 0.244131 -0.0155953 0.411057 -0.00648355 -0.911587 1 
0.10636 0.244313 -0.0158636 0.401405 0.0116914 -0.915826 1 
0.106187 0.244172 -0.0158772 0.411057 -0.00648355 -0.911587 1 
0.108317 0.245669 -0.014374 0.439429 0.0557789 -0.896544 1 
0.108092 0.245534 -0.0145186 0.432119 0.0471158 -0.900585 1 
0.107641 0.245264 -0.0148079 0.392157 0.0301659 -0.919404 1 
0.10682 0.242518 -0.0155244 0.558713 -0.170174 -0.811715 1 
0.106444 0.242292 -0.0157654 0.686099 -0.192724 -0.701517 1 
0.106342 0.24249 -0.0157913 0.555273 -0.170043 -0.814099 1 
0.106359 0.242793 -0.0154783 0.508302 -0.154701 -0.84717 1 
0.106368 0.243205 -0.0154621 0.460235 -0.0971139 -0.882469 1 
0.106111 0.242606 -0.0155401 0.536952 -0.166021 -0.827115 1 
0.106094 0.242782 -0.0156773 0.511402 -0.164538 -0.843442 1 
0.10601 0.242325 -0.0157417 0.809707 -0.243067 -0.534128 1 
0.105784 0.24219 -0.0158864 0.835045 -0.204594 -0.510726 1 
0.105621 0.241982 -0.0160595 0.862318 -0.207733 -0.461796 1 
0.105722 0.242742 -0.0156821 0.562931 -0.176576 -0.807421 1 
0.105554 0.242827 -0.0159157 0.447912 -0.120865 -0.88587 1 
0.105346 0.242516 -0.0159231 0.691826 -0.20677 -0.691826 1 
0.105143 0.242911 -0.0159748 0.410374 -0.107115 -0.905605 1 
0.104943 0.243012 -0.015966 0.0907257 0.00747153 -0.995848 1 
0.106608 0.242543 -0.0160486 0.545965 -0.166033 -0.821191 1 
0.106599 0.243088 -0.0157133 0.460235 -0.0971139 -0.882469 1 
0.106236 0.242981 -0.0158776 0.447665 -0.102444 -0.888314 1 
0.106059 0.243133 -0.0159517 0.442343 -0.0962828 -0.891663 1 
0.106098 0.243488 -0.0157215 0.441734 -0.0844695 -0.893161 1 
0.106285 0.243268 -0.0158071 0.455741 -0.0967573 -0.884838 1 
0.106293 0.24368 -0.0157908 0.433406 -0.0389126 -0.900358 1 
0.105891 0.243219 -0.0161853 0.431012 -0.0990351 -0.896895 1 
0.105985 0.243609 -0.0162804 0.404035 -0.0493376 -0.913412 1 
0.105931 0.243573 -0.0159551 0.42663 -0.0754491 -0.901274 1 
0.105998 0.243727 -0.0162037 0.419505 -0.0386211 -0.906931 1 
0.105581 0.243584 -0.0160428 0.426112 -0.0868772 -0.900489 1 
0.105621 0.242981 -0.0161642 0.427024 -0.110606 -0.89745 1 
0.105085 0.243211 -0.0161663 0.421232 -0.113355 -0.899841 1 
0.105303 0.243455 -0.0163185 0.396678 -0.0974537 -0.91277 1 
0.105277 0.243219 -0.0164719 0.410374 -0.107115 -0.905605 1 
0.104718 0.242877 -0.0161106 0.0507097 0.00931402 -0.99867 1 
0.105776 0.244256 -0.0159363 0.411057 -0.00648355 -0.911587 1 
0.104824 0.243385 -0.016129 0.365572 -0.0992072 -0.925481 1 
0.104807 0.243561 -0.0162662 0.368703 -0.0904874 -0.925133 1 
0.104386 0.243233 -0.0163416 0.0480509 -0.00102236 -0.998844 1 
0.107895 0.244241 -0.0154935 0.390303 0.0274126 -0.920278 1 
0.108943 0.245166 -0.014879 0.440674 0.0501691 -0.896264 1 
0.108757 0.245385 -0.0147935 0.439081 0.0670248 -0.895944 1 
0.108306 0.245115 -0.0150828 0.437995 0.0252945 -0.898622 1 
0.108461 0.245432 -0.0152064 0.432119 0.0471158 -0.900585 1 
0.107399 0.244826 -0.0152654 0.390303 0.0274126 -0.920278 1 
0.107562 0.245034 -0.0150923 0.386735 0.0327741 -0.921608 1 
0.107466 0.24498 -0.015514 0.390303 0.0274126 -0.920278 1 
0.107691 0.245115 -0.0153693 0.386735 0.0327741 -0.921608 1 
0.1079 0.245426 -0.0153619 0.392157 0.0301659 -0.919404 1 
0.107967 0.24558 -0.0156105 0.404087 0.0466767 -0.913529 1 
0.107533 0.245134 -0.0157625 0.386735 0.0327741 -0.921608 1 
0.107759 0.245269 -0.0156179 0.392157 0.0301659 -0.919404 1 
0.107448 0.244635 -0.0153707 0.390303 0.0274126 -0.920278 1 
0.107258 0.24419 -0.0156971 0.390303 0.0274126 -0.920278 1 
0.106997 0.244364 -0.0156599 0.390303 0.0274126 -0.920278 1 
0.107117 0.244512 -0.0157773 0.390303 0.0274126 -0.920278 1 
0.107104 0.244394 -0.0158541 0.390303 0.0274126 -0.920278 1 
0.107365 0.244699 -0.0157156 0.390303 0.0274126 -0.920278 1 
0.106767 0.244523 -0.015865 0.390303 0.0274126 -0.920278 1 
0.106435 0.244358 -0.0158154 0.401405 0.0116914 -0.915826 1 
0.108322 0.245896 -0.014594 0.440077 0.0699187 -0.895234 1 
0.108097 0.245761 -0.0147386 0.439081 0.0670248 -0.895944 1 
0.107827 0.245523 -0.0147176 0.424983 0.0333059 -0.904588 1 
0.107956 0.245604 -0.0149946 0.437995 0.0252945 -0.898622 1 
0.10839 0.24605 -0.0148426 0.440077 0.0699187 -0.895234 1 
0.108164 0.245915 -0.0149872 0.44144 0.061501 -0.895181 1 
0.107961 0.245831 -0.0152146 0.427669 0.0499172 -0.902556 1 
0.107708 0.245418 -0.0150564 0.397131 0.0382618 -0.916964 1 
0.106669 0.244905 -0.0156546 0.390303 0.0274126 -0.920278 1 
0.106395 0.244961 -0.0156939 0.390303 0.0274126 -0.920278 1 
0.106023 0.244442 -0.0158745 0.401405 0.0116914 -0.915826 1 
0.106169 0.244826 -0.0158386 0.390303 0.0274126 -0.920278 1 
0.106445 0.244812 -0.0162555 0.390303 0.0274126 -0.920278 1 
0.105608 0.243863 -0.0163457 0.404035 -0.0493376 -0.913412 1 
0.106096 0.244345 -0.0165189 0.395465 0.0064408 -0.918458 1 
0.105948 0.244397 -0.0159228 0.401405 0.0116914 -0.915826 1 
0.105657 0.244629 -0.0160993 0.390303 0.0274126 -0.920278 1 
0.105891 0.244697 -0.0161142 0.390303 0.0274126 -0.920278 1 
0.104038 0.242519 -0.01036 0.427619 0.657236 -0.620631 1 
0.103136 0.241979 -0.0109385 0.434921 0.651548 -0.621554 1 
0.104926 0.243421 -0.00968246 0.365854 0.674286 -0.641474 1 
0.104593 0.244213 -0.00928131 0.326476 0.700056 -0.635086 1 
0.104776 0.24333 -0.00977884 0.384451 0.688052 -0.615452 1 
0.104449 0.242914 -0.0101251 0.402321 0.647355 -0.647355 1 
0.104475 0.24315 -0.00997168 0.395841 0.66084 -0.637652 1 
0.103776 0.242693 -0.0103227 0.409145 0.677491 -0.611233 1 
0.103378 0.242896 -0.0103051 0.353271 0.740729 -0.57142 1 
0.104223 0.242779 -0.0102697 0.420443 0.653099 -0.629833 1 
0.104024 0.24288 -0.0102609 0.409145 0.677491 -0.611233 1 
0.103766 0.243717 -0.00981157 0.340132 0.720949 -0.603774 1 
0.103354 0.243801 -0.00987071 0.354154 0.726261 -0.589169 1 
0.104143 0.243506 -0.0102026 0.340132 0.720949 -0.603774 1 
0.104322 0.243396 -0.0105849 0.41734 0.673398 -0.610215 1 
0.104317 0.24369 -0.0106454 0.367583 0.726997 -0.579964 1 
0.10442 0.243014 -0.0107953 0.439476 0.650023 -0.619945 1 
0.104104 0.243152 -0.0104328 0.409145 0.677491 -0.611233 1 
0.103859 0.243529 -0.0112314 0.365088 0.72199 -0.587742 1 
0.10429 0.24389 -0.0101667 0.343241 0.730404 -0.590505 1 
0.104011 0.243761 -0.0104424 0.353271 0.740729 -0.57142 1 
0.104209 0.244097 -0.00981914 0.339557 0.732727 -0.589756 1 
0.104126 0.244161 -0.0101641 0.343241 0.730404 -0.590505 1 
0.103861 0.243671 -0.0105388 0.353271 0.740729 -0.57142 1 
0.103972 0.244943 -0.00899626 0.304385 0.723116 -0.620043 1 
0.103791 0.244911 -0.00930661 0.331684 0.745885 -0.577616 1 
0.103702 0.245226 -0.00925577 0.334183 0.7507 -0.569887 1 
0.103363 0.244213 -0.00985444 0.354154 0.726261 -0.589169 1 
0.103397 0.244819 -0.00922856 0.332647 0.728578 -0.598765 1 
0.103296 0.244538 -0.00943016 0.345778 0.735387 -0.58279 1 
0.103216 0.244787 -0.00953887 0.345778 0.735387 -0.58279 1 
0.102858 0.243907 -0.00981848 0.354154 0.726261 -0.589169 1 
0.10257 0.244324 -0.00975877 0.354154 0.726261 -0.589169 1 
0.102801 0.244207 -0.01001 0.353271 0.740729 -0.57142 1 
0.102131 0.244608 -0.00933924 0.346253 0.739648 -0.577088 1 
0.101821 0.244494 -0.00937252 0.353271 0.740729 -0.57142 1 
0.102609 0.244678 -0.00952871 0.343241 0.730404 -0.590505 1 
0.102654 0.244781 -0.00969437 0.353271 0.740729 -0.57142 1 
0.102322 0.244616 -0.00964476 0.353271 0.740729 -0.57142 1 
0.101972 0.244627 -0.0097324 0.354154 0.726261 -0.589169 1 
0.103819 0.244711 -0.00978526 0.345778 0.735387 -0.58279 1 
0.10317 0.242585 -0.0103125 0.391286 0.698371 -0.599311 1 
0.103432 0.242931 -0.0106303 0.409145 0.677491 -0.611233 1 
0.102724 0.242541 -0.0108218 0.391286 0.698371 -0.599311 1 
0.10287 0.242925 -0.0107859 0.353271 0.740729 -0.57142 1 
0.102149 0.242417 -0.011054 0.353271 0.740729 -0.57142 1 
0.103226 0.243184 -0.0113746 0.365088 0.72199 -0.587742 1 
0.102773 0.24335 -0.0110317 0.353271 0.740729 -0.57142 1 
0.102667 0.242842 -0.0110134 0.353271 0.740729 -0.57142 1 
0.102441 0.242706 -0.011158 0.353271 0.740729 -0.57142 1 
0.102114 0.243247 -0.0111527 0.353271 0.740729 -0.57142 1 
0.102628 0.243008 -0.011524 0.353271 0.740729 -0.57142 1 
0.102181 0.243401 -0.0114012 0.353271 0.740729 -0.57142 1 
0.102234 0.241917 -0.0113412 0.42308 0.688542 -0.588994 1 
0.101984 0.242109 -0.012376 0.408505 0.743183 -0.529908 1 
0.101821 0.2419 -0.0125491 0.458699 0.69889 -0.54877 1 
0.101431 0.242514 -0.0125154 0.406263 0.768473 -0.494368 1 
0.102277 0.243455 -0.0109795 0.353271 0.740729 -0.57142 1 
0.10222 0.243756 -0.0111711 0.353271 0.740729 -0.57142 1 
0.101707 0.243558 -0.0114318 0.353271 0.740729 -0.57142 1 
0.101836 0.243639 -0.0117089 0.353271 0.740729 -0.57142 1 
0.101346 0.244551 -0.010552 0.353271 0.740729 -0.57142 1 
0.101515 0.244029 -0.0109505 0.353271 0.740729 -0.57142 1 
0.101318 0.243215 -0.0117495 0.363339 0.74786 -0.555599 1 
0.101357 0.243569 -0.0115194 0.353271 0.740729 -0.57142 1 
0.101425 0.243723 -0.011768 0.356776 0.741248 -0.568562 1 
0.102704 0.243574 -0.0117563 0.353271 0.740729 -0.57142 1 
0.102597 0.243544 -0.0115621 0.353271 0.740729 -0.57142 1 
0.102248 0.243555 -0.0116497 0.353271 0.740729 -0.57142 1 
0.102067 0.243523 -0.0119601 0.353271 0.740729 -0.57142 1 
0.102755 0.243425 -0.0123179 0.353271 0.740729 -0.57142 1 
0.102418 0.243554 -0.0123288 0.34957 0.74304 -0.570694 1 
0.101706 0.243458 -0.0125807 0.372617 0.75337 -0.54184 1 
0.102005 0.242538 -0.013432 0.353856 0.934544 -0.0375892 1 
0.101397 0.243387 -0.0130703 0.409639 0.768686 -0.491241 1 
0.102354 0.244064 -0.0116682 0.353271 0.740729 -0.57142 1 
0.102084 0.243826 -0.0116471 0.353271 0.740729 -0.57142 1 
0.102164 0.244098 -0.0118189 0.353271 0.740729 -0.57142 1 
0.101993 0.243999 -0.0122888 0.356776 0.741248 -0.568562 1 
0.101655 0.243607 -0.0120192 0.356776 0.741248 -0.568562 1 
0.101199 0.243588 -0.0119126 0.363339 0.74786 -0.555599 1 
0.101018 0.243556 -0.0122229 0.362111 0.761569 -0.537483 1 
0.100957 0.24315 -0.0123702 0.401872 0.769576 -0.496238 1 
0.101024 0.243304 -0.0126187 0.409639 0.768686 -0.491241 1 
0.101644 0.244647 -0.00944658 0.353271 0.740729 -0.57142 1 
0.101538 0.244659 -0.00970872 0.353271 0.740729 -0.57142 1 
0.100909 0.244499 -0.00961564 0.353271 0.740729 -0.57142 1 
0.101561 0.244711 -0.00979152 0.353271 0.740729 -0.57142 1 
0.101606 0.244813 -0.00995722 0.354154 0.726261 -0.589169 1 
0.100999 0.244705 -0.00994706 0.350461 0.728633 -0.588448 1 
0.10138 0.244678 -0.0101018 0.354154 0.726261 -0.589169 1 
0.101093 0.244616 -0.010218 0.350461 0.728633 -0.588448 1 
0.100648 0.244673 -0.00957836 0.333568 0.758988 -0.559169 1 
0.100715 0.244827 -0.00982693 0.32355 0.761388 -0.561786 1 
0.105463 0.240742 0.00256281 -0.0252004 0.903235 -0.428406 1 
0.105339 0.241367 0.00279561 -0.152159 0.879622 -0.45068 1 
0.104746 0.241418 0.00242613 0.0508612 0.935064 -0.350812 1 
0.104972 0.241553 0.00257075 -0.0221713 0.919458 -0.392563 1 
0.105168 0.24131 0.00186938 0.227313 0.922118 -0.313091 1 
0.105163 0.241561 0.0022652 0.0378322 0.927542 -0.371799 1 
0.105247 0.241539 0.00215384 0.0820311 0.926548 -0.367123 1 
0.104813 0.241572 0.00217758 0.0784362 0.934587 -0.34698 1 
0.105314 0.241693 0.00190532 0.102052 0.92391 -0.368748 1 
0.102991 0.240683 0.00294492 -0.119399 0.974046 -0.192296 1 
0.103785 0.240614 0.00239296 0.0841354 0.933502 -0.348561 1 
0.103081 0.240888 0.00261356 -0.0258029 0.96208 -0.271545 1 
0.103126 0.240991 0.00244784 -0.0702554 0.956751 -0.282299 1 
0.1029 0.240855 0.00230323 -0.0894507 0.955437 -0.281316 1 
0.102737 0.240647 0.00213014 -0.11174 0.938345 -0.327142 1 
0.105003 0.239481 0.000932708 0.238187 0.857168 -0.456651 1 
0.105098 0.239434 0.000205487 0.212253 0.823052 -0.526815 1 
0.104095 0.240149 0.00110158 0.285505 0.900893 -0.326925 1 
0.104415 0.240238 0.000519007 0.224997 0.895578 -0.383819 1 
0.104286 0.240157 0.000796065 0.285505 0.900893 -0.326925 1 
0.104353 0.240311 0.000547528 0.255519 0.89653 -0.361861 1 
0.103869 0.240014 0.000956938 0.285505 0.900893 -0.326925 1 
0.104504 0.24098 0.00196856 0.308626 0.908327 -0.282298 1 
0.104039 0.240549 0.00205891 0.145851 0.923722 -0.354209 1 
0.104295 0.241148 0.00213693 0.0865143 0.935685 -0.342064 1 
0.104335 0.241502 0.00236702 0.0670188 0.936949 -0.342979 1 
0.103959 0.241277 0.00212601 0.0865143 0.935685 -0.342064 1 
0.103379 0.240925 0.00211377 0.365335 0.869771 -0.331705 1 
0.103153 0.24079 0.0019692 0.0645021 0.935939 -0.346205 1 
0.103283 0.240871 0.00169215 0.0754865 0.936297 -0.343 1 
0.104734 0.241342 0.00189312 0.285082 0.916023 -0.282187 1 
0.104346 0.240999 0.0015754 0.318149 0.907532 -0.274166 1 
0.104701 0.240736 0.00126722 0.285505 0.900893 -0.326925 1 
0.10474 0.241091 0.00149733 0.288693 0.907111 -0.306278 1 
0.104864 0.241423 0.00161608 0.298262 0.912244 -0.280803 1 
0.104134 0.240503 0.0013317 0.285505 0.900893 -0.326925 1 
0.103953 0.240471 0.0010214 0.285505 0.900893 -0.326925 1 
0.104218 0.24096 0.00139612 0.318149 0.907532 -0.274166 1 
0.104201 0.240657 0.00108318 0.285505 0.900893 -0.326925 1 
0.104268 0.240811 0.000834644 0.285505 0.900893 -0.326925 1 
0.104082 0.24103 0.000920087 0.315763 0.89985 -0.300938 1 
0.104526 0.24151 0.00206149 0.0756523 0.933045 -0.351717 1 
0.104251 0.241566 0.00202206 0.0865143 0.935685 -0.342064 1 
0.1043 0.241375 0.00191684 0.0921076 0.935759 -0.340398 1 
0.104212 0.241212 0.00179192 0.124686 0.927607 -0.352134 1 
0.10416 0.241739 0.00138032 0.0900236 0.93114 -0.353376 1 
0.103987 0.241077 0.00164735 0.318149 0.907532 -0.274166 1 
0.103616 0.240079 0.00129101 0.323725 0.900223 -0.291205 1 
0.10374 0.239933 0.00123395 0.315763 0.89985 -0.300938 1 
0.10299 0.240582 0.00179607 0.0754865 0.936297 -0.343 1 
0.103541 0.240555 0.000962272 0.323725 0.900223 -0.291205 1 
0.104047 0.240382 0.000750497 0.285505 0.900893 -0.326925 1 
0.103817 0.240541 0.000545382 0.285505 0.900893 -0.326925 1 
0.103525 0.240252 0.000649318 0.315763 0.89985 -0.300938 1 
0.106341 0.238537 -0.00110139 -0.486278 -0.179938 -0.855076 1 
0.106189 0.238883 -0.000565752 0.32968 0.824988 -0.459028 1 
0.105249 0.239567 -0.000154465 0.161307 0.782412 -0.601508 1 
0.105503 0.239502 -0.00048846 0.36542 0.839054 -0.40306 1 
0.105441 0.239575 -0.000459954 0.117248 0.749497 -0.651543 1 
0.105485 0.239677 -0.000625625 0.368086 0.841115 -0.39628 1 
0.105797 0.238355 -0.00111973 -0.448396 -0.183769 -0.87474 1 
0.105312 0.239015 -0.000358701 0.107959 0.72909 -0.67585 1 
0.105405 0.239405 -0.000453874 0.107899 0.737557 -0.666609 1 
0.105991 0.239026 -0.00101323 -0.0484164 0.504913 -0.861811 1 
0.105686 0.23914 -0.00126655 -0.0740366 0.481936 -0.873073 1 
0.105491 0.238947 -0.00119726 -0.0122856 0.547392 -0.836786 1 
0.105446 0.239323 -0.000855789 0.0831555 0.698798 -0.710469 1 
0.1055 0.239359 -0.00118104 0.323331 0.81858 -0.474745 1 
0.105314 0.239578 -0.00109558 0.347126 0.834045 -0.428803 1 
0.105417 0.239423 -0.00152597 -0.0596958 0.498391 -0.864895 1 
0.105529 0.241274 0.00134116 0.274845 0.903901 -0.327756 1 
0.105784 0.240294 0.000199273 0.145191 0.788821 -0.597228 1 
0.105333 0.240024 -8.99881e-005 0.185974 0.821007 -0.539778 1 
0.105427 0.240993 0.00113954 0.23845 0.9026 -0.358407 1 
0.105091 0.239586 -0.000547573 0.152078 0.775445 -0.612827 1 
0.105136 0.239688 -0.000713274 0.378548 0.840345 -0.387972 1 
0.104706 0.239427 -0.000629053 0.216455 0.812088 -0.541904 1 
0.104887 0.23998 -0.00059928 0.205922 0.819113 -0.535398 1 
0.104431 0.239962 -0.000492677 0.25271 0.843899 -0.473257 1 
0.104897 0.239914 -0.000758842 0.405989 0.84176 -0.355828 1 
0.105203 0.239842 -0.000961855 0.374403 0.841231 -0.390068 1 
0.104964 0.240068 -0.00100742 0.382002 0.849761 -0.363292 1 
0.104627 0.240197 -0.00101827 0.397563 0.846576 -0.353909 1 
0.104402 0.240062 -0.00116292 0.393178 0.841181 -0.371248 1 
0.104566 0.239791 -0.00116557 0.380594 0.844198 -0.377462 1 
0.104278 0.239729 -0.00128168 0.249701 0.811139 -0.528869 1 
0.103996 0.239894 -0.00161785 0.405989 0.84176 -0.355828 1 
0.104234 0.240684 0.000384435 0.285505 0.900893 -0.326925 1 
0.10411 0.24083 0.000441462 0.285505 0.900893 -0.326925 1 
0.104012 0.241212 0.000651896 0.323725 0.900223 -0.291205 1 
0.103991 0.241203 0.000278398 0.315763 0.89985 -0.300938 1 
0.103882 0.24161 0.0011047 0.125003 0.927223 -0.353032 1 
0.103551 0.241487 0.00069797 0.318149 0.907532 -0.274166 1 
0.103698 0.241393 0.000558093 0.318149 0.907532 -0.274166 1 
0.103461 0.240703 -0.000295296 0.315763 0.89985 -0.300938 1 
0.103111 0.240714 -0.000382915 0.313234 0.904409 -0.289705 1 
0.103286 0.240998 0.000323191 0.323725 0.900223 -0.291205 1 
0.10329 0.241661 0.000735268 0.0900236 0.93114 -0.353376 1 
0.103393 0.241506 0.000304803 0.140268 0.923544 -0.356919 1 
0.103353 0.241631 0.000250444 0.140268 0.923544 -0.356919 1 
0.1027 0.240798 -0.000442028 0.140268 0.923544 -0.356919 1 
0.103156 0.240817 -0.000548616 0.313234 0.904409 -0.289705 1 
0.102953 0.240733 -0.000776038 0.312255 0.901248 -0.300416 1 
0.103752 0.239414 -0.00161915 0.415787 0.84559 -0.33481 1 
0.103522 0.240051 -0.00164844 0.41622 0.846469 -0.33204 1 
0.102509 0.240311 -0.000312239 0.292993 0.911049 -0.290078 1 
0.10266 0.240444 -0.000672132 0.295364 0.912283 -0.283724 1 
0.102407 0.240509 -0.000338107 0.156796 0.92829 -0.337182 1 
0.10279 0.240046 -0.00112496 0.327828 0.883776 -0.333871 1 
0.102733 0.240346 -0.00131652 0.351832 0.875773 -0.330509 1 
0.102727 0.240598 -0.000920698 0.314998 0.906901 -0.279835 1 
0.102388 0.240759 0.0031914 -0.203111 0.969568 -0.136685 1 
0.102455 0.240913 0.00294282 -0.195192 0.973441 -0.119634 1 
0.102709 0.240847 0.00260878 -0.122354 0.972528 -0.198037 1 
0.102349 0.240404 0.00296126 -0.195192 0.973441 -0.119634 1 
0.102354 0.240631 0.00274123 -0.15061 0.973269 -0.173391 1 
0.102483 0.240712 0.00246413 -0.110868 0.975388 -0.190593 1 
0.10367 0.241651 0.00264196 -0.0381574 0.966243 -0.254793 1 
0.108455 0.234715 -0.0161761 -0.0646942 -0.455612 0.887824 1 
0.108163 0.234947 -0.0163527 -0.0646942 -0.455612 0.887824 1 
0.107306 0.234509 -0.0170968 -0.237535 -0.501122 0.832138 1 
0.10807 0.236035 -0.0161865 -0.354699 -0.456496 0.815966 1 
0.107902 0.235121 -0.0163154 -0.203348 -0.440836 0.87425 1 
0.107841 0.235236 -0.0167432 -0.233522 -0.447458 0.863278 1 
0.107698 0.236473 -0.0160155 -0.423597 -0.43004 0.797265 1 
0.107734 0.236164 -0.0161974 -0.328833 -0.425457 0.843122 1 
0.10771 0.237548 -0.0155873 -0.605519 -0.504318 0.615639 1 
0.10746 0.237798 -0.015017 -0.649751 -0.596024 0.471783 1 
0.107619 0.2383 -0.0149043 -0.641936 -0.605062 0.470976 1 
0.107063 0.236564 -0.0155267 -0.454028 -0.405555 0.793337 1 
0.106779 0.236687 -0.0154066 -0.484431 -0.438451 0.757026 1 
0.106054 0.236951 -0.0155594 -0.465977 -0.388583 0.794902 1 
0.107626 0.237091 -0.0156517 -0.58599 -0.488605 0.646437 1 
0.107359 0.237038 -0.0153943 -0.625702 -0.541375 0.561614 1 
0.10759 0.237401 -0.0154697 -0.633198 -0.531886 0.562279 1 
0.107072 0.236976 -0.0155105 -0.527412 -0.460861 0.713753 1 
0.10655 0.236846 -0.0156116 -0.454541 -0.415719 0.787763 1 
0.106947 0.237601 -0.0152777 -0.65723 -0.542929 0.522758 1 
0.106514 0.237155 -0.0154297 -0.490302 -0.427989 0.75923 1 
0.107596 0.238728 -0.0146457 -0.713035 -0.516909 0.473695 1 
0.107229 0.238393 -0.01459 -0.685156 -0.602207 0.409766 1 
0.106706 0.238263 -0.0146911 -0.749027 -0.567837 0.341349 1 
0.10652 0.238482 -0.0146056 -0.837939 -0.450958 0.3074 1 
0.10661 0.238687 -0.0149371 -0.911196 -0.263882 0.316367 1 
0.106131 0.239096 -0.0145718 -0.964182 -0.0823546 0.252132 1 
0.106163 0.238123 -0.0151658 -0.724644 -0.424222 0.543071 1 
0.106159 0.238417 -0.0152263 -0.840536 -0.322803 0.435083 1 
0.106275 0.23838 -0.01558 -0.632226 -0.258278 0.730467 1 
0.106028 0.237715 -0.0158176 -0.480231 -0.392916 0.784216 1 
0.106078 0.238624 -0.0148787 -0.919499 -0.266209 0.289232 1 
0.106119 0.238541 -0.0152806 -0.847208 -0.252784 0.467267 1 
0.105959 0.238997 -0.0150418 -0.930911 -0.0926881 0.353289 1 
0.105649 0.238883 -0.015075 -0.886561 -0.129915 0.443995 1 
0.105345 0.23804 -0.0156798 -0.53963 -0.325059 0.776619 1 
0.105566 0.238947 -0.0154199 -0.630558 -0.132671 0.764719 1 
0.104831 0.2388 -0.015589 -0.718599 -0.114087 0.686003 1 
0.107495 0.23691 -0.0165236 -0.435074 -0.384076 0.814369 1 
0.106201 0.238377 -0.0160845 -0.53387 -0.21263 0.818396 1 
0.105948 0.238442 -0.0157505 -0.638799 -0.23386 0.73297 1 
0.105925 0.238869 -0.0154919 -0.460856 -0.155557 0.873736 1 
0.105829 0.238815 -0.0159135 -0.718591 -0.0619227 0.69267 1 
0.10547 0.238893 -0.0158416 -0.714326 -0.0618029 0.697079 1 
0.105523 0.239408 -0.0159911 -0.0141544 -0.107791 0.994073 1 
0.105695 0.239507 -0.0155212 0.792607 -0.0208215 0.609377 1 
0.105647 0.240219 -0.0156965 0.634772 0.0497025 0.771099 1 
0.105585 0.240292 -0.015668 0.832222 -0.00953446 0.554361 1 
0.104832 0.23932 -0.0158696 -0.770335 0.00968105 0.637566 1 
0.105328 0.239693 -0.015746 0.909505 -0.033097 0.414374 1 
0.104813 0.239933 -0.0153747 0.758223 0.0439344 0.650513 1 
0.105195 0.240427 -0.01581 0.813341 -0.0435468 0.580155 1 
0.105138 0.240727 -0.0160016 0.859028 -0.107558 0.500502 1 
0.105082 0.240549 -0.0163689 0.920534 -0.111123 0.374524 1 
0.106978 0.234529 -0.016811 -0.281147 -0.479969 0.831015 1 
0.107328 0.235039 -0.0170039 -0.2729 -0.428408 0.86139 1 
0.106329 0.236417 -0.0156958 -0.426959 -0.372994 0.823761 1 
0.106418 0.236622 -0.0160272 -0.429433 -0.366048 0.825588 1 
0.105014 0.237917 -0.0160866 -0.517619 -0.316942 0.794744 1 
0.104648 0.238104 -0.0163114 -0.547575 -0.254287 0.797182 1 
0.105062 0.238683 -0.0158402 -0.683833 -0.120676 0.719589 1 
0.104979 0.238747 -0.0161852 -0.60975 -0.116635 0.783965 1 
0.104749 0.238385 -0.0161098 -0.596203 -0.171427 0.784318 1 
0.104754 0.238612 -0.0163298 -0.585698 -0.134933 0.799219 1 
0.104922 0.239047 -0.0163767 -0.62816 -0.0527028 0.776297 1 
0.104453 0.238432 -0.0165227 -0.591447 -0.16103 0.790101 1 
0.104303 0.238342 -0.016619 -0.569888 -0.183884 0.800883 1 
0.103878 0.238307 -0.0167548 -0.612937 -0.161936 0.77336 1 
0.10452 0.238586 -0.0167712 -0.583603 -0.125585 0.802269 1 
0.10437 0.238496 -0.0168676 -0.579334 -0.16101 0.799029 1 
0.103945 0.238462 -0.0170034 -0.628992 -0.155363 0.761729 1 
0.104424 0.238532 -0.0171928 -0.590325 -0.15772 0.791606 1 
0.104243 0.238499 -0.0175032 -0.628992 -0.155363 0.761729 1 
0.113347 0.222994 0.0371462 -0.547233 -0.835545 -0.0489851 0 
0.113405 0.222736 0.0368814 -0.529067 -0.846227 -0.0631513 0 
0.113606 0.222677 0.0364163 -0.474137 -0.877362 -0.0736928 0 
0.113097 0.223185 0.0361113 -0.375356 -0.919829 -0.114119 0 
0.11293 0.222792 0.0357019 -0.349918 -0.929939 -0.113009 0 
0.112809 0.222661 0.0378809 -0.462025 -0.883813 -0.0735355 0 
0.11257 0.222886 0.0378353 -0.505894 -0.861536 -0.0427322 0 
0.112876 0.222815 0.0376323 -0.505894 -0.861536 -0.0427322 0 
0.113116 0.22311 0.0373974 -0.552998 -0.832928 -0.0205831 0 
0.113183 0.223264 0.0371488 -0.524631 -0.849202 -0.0601576 0 
0.113228 0.223367 0.0369831 -0.508332 -0.858423 -0.0686178 0 
0.112675 0.223294 0.036668 -0.40916 -0.909395 -0.0747634 0 
0.112839 0.223502 0.0368411 -0.434809 -0.898241 -0.0640627 0 
0.112422 0.223359 0.0370021 -0.434809 -0.898241 -0.0640627 0 
0.112652 0.223721 0.0369267 -0.428263 -0.901392 -0.0638996 0 
0.111905 0.223456 0.0366809 -0.384912 -0.919737 -0.0769824 0 
0.113295 0.223521 0.0367346 -0.463251 -0.883633 -0.067759 0 
0.112981 0.223701 0.0366408 -0.425578 -0.901787 -0.0752629 0 
0.113012 0.223686 0.0363985 -0.402983 -0.911152 -0.0860608 0 
0.112725 0.223624 0.0362823 -0.349918 -0.929939 -0.113009 0 
0.11222 0.223796 0.036494 -0.377012 -0.921435 -0.0939128 0 
0.111834 0.223638 0.0364126 -0.381764 -0.919766 -0.0910256 0 
0.11149 0.223876 0.0361049 -0.346435 -0.929761 -0.124607 0 
0.112287 0.22395 0.0362455 -0.349918 -0.929939 -0.113009 0 
0.111591 0.224157 0.0363065 -0.349918 -0.929939 -0.113009 0 
0.111535 0.223978 0.0359393 -0.312705 -0.938116 -0.148842 0 
0.11228 0.223623 0.0353167 -0.306975 -0.940027 -0.148713 0 
0.112036 0.2241 0.035667 -0.30685 -0.939642 -0.151379 0 
0.111766 0.223862 0.035688 -0.30685 -0.939642 -0.151379 0 
0.112081 0.224202 0.0355012 -0.30177 -0.940812 -0.154299 0 
0.111615 0.223772 0.0355916 -0.302418 -0.940095 -0.157367 0 
0.11166 0.223874 0.0354259 -0.306975 -0.940027 -0.148713 0 
0.111727 0.224028 0.0351774 -0.306975 -0.940027 -0.148713 0 
0.111596 0.224384 0.0360865 -0.31938 -0.936208 -0.146668 0 
0.11101 0.223705 0.0351455 -0.306975 -0.940027 -0.148713 0 
0.112493 0.223581 0.0337794 -0.243335 -0.956054 -0.163553 0 
0.112485 0.223691 0.0334827 -0.232001 -0.958496 -0.165715 0 
0.112777 0.22398 0.0333787 -0.234115 -0.958945 -0.160045 0 
0.112641 0.223587 0.0347884 -0.309444 -0.939237 -0.148588 0 
0.11257 0.223769 0.0345202 -0.302944 -0.941434 -0.148076 0 
0.111822 0.223982 0.0344502 -0.291405 -0.944695 -0.150446 0 
0.112474 0.223715 0.0340985 -0.255351 -0.95322 -0.161767 0 
0.112081 0.223666 0.0337203 -0.24542 -0.956477 -0.157865 0 
0.111709 0.224104 0.0338913 -0.237112 -0.957722 -0.162932 0 
0.11168 0.223783 0.0346505 -0.304376 -0.940426 -0.151506 0 
0.112254 0.223807 0.0337338 -0.237112 -0.957722 -0.162932 0 
0.112422 0.224242 0.033687 -0.232001 -0.958496 -0.165715 0 
0.112366 0.224064 0.0333196 -0.206644 -0.962146 -0.177688 0 
0.112367 0.224106 0.0328633 -0.197749 -0.959549 -0.200404 0 
0.112381 0.224745 0.0326595 -0.232944 -0.944179 -0.232944 0 
0.112448 0.224899 0.032411 -0.177906 -0.93918 -0.293752 0 
0.111359 0.224115 0.0338037 -0.214032 -0.962487 -0.166761 0 
0.110952 0.223905 0.0338051 -0.217084 -0.961746 -0.167089 0 
0.110846 0.223917 0.0335429 -0.212601 -0.963879 -0.160429 0 
0.11214 0.223929 0.033175 -0.195353 -0.963652 -0.182242 0 
0.111426 0.224269 0.0335552 -0.184826 -0.968076 -0.169316 0 
0.111094 0.224104 0.0336048 -0.184826 -0.968076 -0.169316 0 
0.111161 0.224258 0.0333562 -0.212212 -0.960886 -0.177942 0 
0.111228 0.224412 0.0331076 -0.265045 -0.943451 -0.199127 0 
0.110913 0.224071 0.0332944 -0.249695 -0.95154 -0.17951 0 
0.110248 0.22422 0.0335693 -0.208731 -0.962261 -0.174599 0 
0.111925 0.224247 0.0325903 -0.259001 -0.940437 -0.22022 0 
0.11215 0.224383 0.0327349 -0.239278 -0.94754 -0.211932 0 
0.111947 0.224299 0.0325075 -0.261745 -0.936403 -0.233751 0 
0.111368 0.224468 0.0322148 -0.366594 -0.887308 -0.279809 0 
0.111295 0.224566 0.0328591 -0.305174 -0.929586 -0.206731 0 
0.111115 0.224533 0.0325488 -0.377535 -0.897564 -0.227696 0 
0.110861 0.224599 0.0328829 -0.31252 -0.926248 -0.210704 0 
0.111018 0.224479 0.0321271 -0.444473 -0.85687 -0.261185 0 
0.112081 0.224607 0.0320104 -0.363996 -0.880537 -0.303581 0 
0.111952 0.224526 0.0322874 -0.249434 -0.925043 -0.286493 0 
0.111604 0.2241 0.0315677 -0.315768 -0.890436 -0.32774 0 
0.111435 0.224622 0.0319662 -0.38857 -0.870092 -0.303237 0 
0.112004 0.224419 0.0312696 -0.299888 -0.884595 -0.357153 0 
0.111672 0.224254 0.0313192 -0.346535 -0.871681 -0.346535 0 
0.111502 0.224776 0.0317176 -0.361118 -0.873083 -0.327597 0 
0.11121 0.224487 0.0318216 -0.402543 -0.859066 -0.316173 0 
0.111344 0.224795 0.0313245 -0.259238 -0.896224 -0.359971 0 
0.110927 0.224652 0.0314855 -0.346535 -0.871681 -0.346535 0 
0.111118 0.22466 0.0311799 -0.2899 -0.884721 -0.365004 0 
0.111662 0.224263 0.0298735 -0.0438011 -0.914515 -0.402174 0 
0.111956 0.224652 0.0309185 -0.2899 -0.884721 -0.365004 0 
0.111716 0.224357 0.0311535 -0.259238 -0.896224 -0.359971 0 
0.112001 0.224755 0.0307528 -0.28318 -0.888494 -0.361091 0 
0.111456 0.224573 0.0307345 -0.220025 -0.901958 -0.371566 0 
0.111501 0.224676 0.0305688 -0.132294 -0.9177 -0.3746 0 
0.111061 0.22496 0.0309884 -0.242608 -0.898387 -0.366118 0 
0.111918 0.224819 0.0304078 -0.132294 -0.9177 -0.3746 0 
0.111679 0.225045 0.0303623 -0.12331 -0.918594 -0.375473 0 
0.111798 0.225192 0.0302448 -0.129614 -0.915661 -0.38048 0 
0.111866 0.225346 0.0299963 -0.0464846 -0.917739 -0.394455 0 
0.110858 0.224876 0.0307609 -0.141209 -0.91576 -0.376091 0 
0.111308 0.224568 0.0297255 -0.129668 -0.91325 -0.386214 0 
0.111565 0.225166 0.0298034 -0.0800942 -0.916332 -0.392326 0 
0.110798 0.225513 0.0300525 -0.0741122 -0.920339 -0.384036 0 
0.110578 0.225604 0.0296878 -0.851022 -0.522313 -0.0543206 0 
0.111956 0.225073 0.0294891 0.0638171 -0.902944 -0.424994 0 
0.111792 0.225343 0.0294917 0.273619 -0.8606 -0.429536 0 
0.111933 0.2255 0.0297477 0.00911988 -0.910685 -0.413 0 
0.111707 0.225365 0.0296031 0.266891 -0.861678 -0.431602 0 
0.111797 0.22557 0.0292717 -0.844828 -0.533063 -0.0459297 0 
0.112391 0.226561 0.0290801 -0.869918 0.337877 0.359281 0 
0.112098 0.226272 0.029184 -0.8726 0.346901 0.343844 0 
0.11189 0.225961 0.0291765 -0.646117 -0.748532 -0.149104 0 
0.111722 0.226046 0.028943 -0.526538 -0.828279 -0.191605 0 
0.11224 0.226471 0.0289837 -0.875854 0.336633 0.345772 0 
0.111771 0.226334 0.0290135 -0.880656 0.331951 0.338014 0 
0.111812 0.226252 0.0286116 -0.884242 0.314832 0.34496 0 
0.111504 0.225281 0.0293756 0.44504 -0.791363 -0.419147 0 
0.111283 0.225331 0.0294673 0.44504 -0.791363 -0.419147 0 
0.111908 0.225306 0.029138 -0.755056 -0.645713 -0.113776 0 
0.111492 0.225684 0.0290184 -0.583544 -0.794646 -0.167373 0 
0.111323 0.225249 0.0290653 -0.68066 -0.719726 -0.136733 0 
0.110679 0.225886 0.0298895 0.115937 -0.903749 -0.412065 0 
0.110946 0.225939 0.0296322 -0.851022 -0.522313 -0.0543206 0 
0.110698 0.225752 0.0295704 -0.805527 -0.587273 -0.0789732 0 
0.110588 0.226059 0.0292478 -0.591421 -0.792056 -0.151224 0 
0.110757 0.226015 0.029025 -0.525515 -0.835166 -0.162269 0 
0.110659 0.225398 0.0293403 -0.714964 -0.688097 -0.123887 0 
0.110726 0.225552 0.0290917 -0.599522 -0.785839 -0.151759 0 
0.110607 0.225925 0.0289287 -0.525515 -0.835166 -0.162269 0 
0.110821 0.225506 0.0283645 -0.45565 -0.871485 -0.181375 0 
0.110824 0.226169 0.0287765 -0.48407 -0.857114 -0.17616 0 
0.11086 0.22586 0.0285946 -0.48407 -0.857114 -0.17616 0 
0.111004 0.227159 0.0294384 -0.935934 0.198868 0.290654 0 
0.111292 0.227263 0.0290982 -0.952229 0.123167 0.279444 0 
0.11092 0.227223 0.0290934 -0.956815 0.0919267 0.27578 0 
0.110751 0.226267 0.0294209 -0.682292 -0.715574 -0.149771 0 
0.110835 0.226724 0.0294853 -0.894739 0.305194 0.326036 0 
0.110694 0.226567 0.0292294 -0.900365 0.297165 0.317863 0 
0.110778 0.227024 0.0292938 -0.885319 0.327282 0.330298 0 
0.110925 0.226929 0.0291539 -0.882849 0.324466 0.339557 0 
0.111879 0.226406 0.0283631 -0.890396 0.312761 0.330719 0 
0.111203 0.226 0.0279292 -0.279449 -0.933839 -0.223279 0 
0.111473 0.226238 0.0279081 -0.91825 0.2465 0.309927 0 
0.110468 0.225853 0.0277601 -0.25113 -0.945513 -0.207217 0 
0.110535 0.226007 0.0275115 -0.197749 -0.959549 -0.200404 0 
0.110602 0.226161 0.027263 -0.0807507 -0.972735 -0.217406 0 
0.110407 0.225968 0.0273323 -0.258588 -0.949057 -0.180064 0 
0.110474 0.226122 0.0270837 -0.0856138 -0.974012 -0.209692 0 
0.110519 0.226225 0.026918 -0.119341 -0.973573 -0.194715 0 
0.109958 0.226261 0.0263062 -0.945039 -0.311479 0.0994081 0 
0.110296 0.226653 0.0260366 -0.931403 -0.35412 0.0841871 0 
0.11015 0.226269 0.0260006 -0.927945 -0.362289 0.087542 0 
0.110106 0.226208 0.02571 -0.88057 -0.472269 0.0394692 0 
0.110217 0.226423 0.0257521 -0.86689 -0.497126 0.0369763 0 
0.110346 0.226504 0.0254751 -0.857723 -0.514097 0.00402687 0 
0.110111 0.226435 0.02549 -0.860075 -0.510123 0.00672985 0 
0.109766 0.226152 0.0254629 -0.979348 -0.19965 0.0318967 0 
0.109709 0.226452 0.0252713 -0.984199 -0.175046 0.0266626 0 
0.110413 0.226658 0.0252265 -0.980566 -0.195178 0.0198685 0 
0.109979 0.22669 0.0252503 -0.980283 -0.196057 0.0246538 0 
0.110245 0.226743 0.0249929 -0.989628 -0.142659 0.0168495 0 
0.110313 0.226897 0.0247444 -0.999685 0.00100269 0.0250673 0 
0.110858 0.227121 0.0243064 -0.998575 0.0366738 0.0387694 0 
0.110766 0.226773 0.0239452 -0.969924 0.232832 0.0709701 0 
0.110942 0.227057 0.0246514 -0.993451 -0.113067 0.016466 0 
0.110034 0.226768 0.0244687 -0.998575 0.0366738 0.0387694 0 
0.110079 0.226871 0.024303 -0.998575 0.0366738 0.0387694 0 
0.110169 0.227077 0.0239716 -0.969924 0.232832 0.0709701 0 
0.110728 0.22694 0.0234346 -0.970309 0.230433 0.0734894 0 
0.110857 0.227021 0.0231575 -0.968004 0.237293 0.0816087 0 
0.110213 0.227179 0.0238059 -0.969924 0.232832 0.0709701 0 
0.110223 0.227633 0.0233658 0.264752 0.923055 0.279063 0 
0.109943 0.226941 0.023827 -0.969924 0.232832 0.0709701 0 
0.109953 0.227395 0.0233869 -0.968004 0.237293 0.0816087 0 
0.110924 0.227175 0.0229089 0.277757 0.919621 0.277757 0 
0.110894 0.227233 0.022695 0.184854 0.94344 0.275227 0 
0.110398 0.22686 0.0225715 0.184854 0.94344 0.275227 0 
0.110382 0.227078 0.021978 0.211117 0.935348 0.28382 0 
0.110704 0.227267 0.0225443 0.223279 0.933839 0.279449 0 
0.110696 0.227376 0.0222476 0.22003 0.934776 0.278891 0 
0.110067 0.227216 0.0223405 0.216791 0.935699 0.278332 0 
0.110039 0.227416 0.0228192 0.223279 0.933839 0.279449 0 
0.109689 0.227427 0.0227316 0.223279 0.933839 0.279449 0 
0.110652 0.227315 0.0219569 0.223279 0.933839 0.279449 0 
0.110577 0.22727 0.0219088 0.225945 0.93325 0.279273 0 
0.110742 0.227521 0.0216255 0.378405 0.891849 0.247818 0 
0.110454 0.227459 0.0215094 0.378405 0.891849 0.247818 0 
0.110477 0.22751 0.0214266 0.498706 0.837277 0.224189 0 
0.10964 0.228039 0.0214074 0.747203 0.647576 0.149441 0 
0.110645 0.227945 0.0213796 0.646019 0.741158 0.182604 0 
0.110814 0.227902 0.021157 0.687207 0.705574 0.17295 0 
0.109685 0.228141 0.0212417 0.736483 0.654144 0.172304 0 
0.109774 0.228347 0.0209103 0.451796 0.809401 0.375166 0 
0.110497 0.22794 0.0203706 0.492223 0.793649 0.357543 0 
0.110091 0.227772 0.0199157 0.512714 0.785947 0.34556 0 
0.109995 0.228196 0.0196698 0.460199 0.813708 0.355101 0 
0.109385 0.228482 0.0207684 0.496172 0.783855 0.373341 0 
0.110101 0.228226 0.0194756 0.505555 0.795811 0.333316 0 
0.110173 0.228607 0.019007 0.494144 0.813049 0.307853 0 
0.110026 0.22866 0.0196032 0.466237 0.813131 0.348485 0 
0.110391 0.228851 0.0188549 0.53004 0.795851 0.292709 0 
0.109733 0.228371 0.0197071 0.420292 0.832714 0.360475 0 
0.109008 0.228156 0.0193784 0.447747 0.824298 0.34649 0 
0.11024 0.22824 0.019039 0.5038 0.802584 0.319444 0 
0.109402 0.228248 0.0193004 0.450074 0.825926 0.33953 0 
0.109654 0.228619 0.0195984 0.434933 0.827164 0.355855 0 
0.109384 0.228902 0.019339 0.45676 0.823433 0.336643 0 
0.110219 0.228231 0.0186655 0.547663 0.787561 0.282512 0 
0.1101 0.228604 0.0185025 0.522655 0.809726 0.266788 0 
0.110767 0.230018 0.017386 -0.63242 -0.756781 -0.165309 0 
0.110293 0.230175 0.0173554 -0.539834 -0.822532 -0.178942 0 
0.111025 0.23018 0.0168319 -0.606772 -0.782691 -0.138648 0 
0.111042 0.230483 0.0171449 -0.610518 -0.778522 -0.145504 0 
0.110777 0.229993 0.0167702 -0.623434 -0.769948 -0.136049 0 
0.110462 0.229132 0.0172374 -0.602929 -0.781239 -0.161688 0 
0.110276 0.229351 0.0173229 -0.552609 -0.814608 -0.176172 0 
0.110529 0.229286 0.0169889 -0.598449 -0.78537 -0.15828 0 
0.110373 0.229447 0.0172883 -0.552609 -0.814608 -0.176172 0 
0.110551 0.229337 0.016906 -0.599522 -0.785839 -0.151759 0 
0.109922 0.229177 0.0169991 -0.545965 -0.821191 -0.166033 0 
0.110107 0.229915 0.0172651 -0.531855 -0.828495 -0.175287 0 
0.11044 0.229602 0.0170398 -0.569131 -0.806394 -0.160678 0 
0.110224 0.229878 0.0169114 -0.536066 -0.83142 -0.1462 0 
0.110091 0.229612 0.0169522 -0.542989 -0.825642 -0.153227 0 
0.110112 0.230142 0.017045 -0.517835 -0.842404 -0.149007 0 
0.109685 0.229445 0.0164972 -0.506761 -0.852345 -0.129231 0 
0.109436 0.229737 0.0166112 -0.494145 -0.85932 -0.131869 0 
0.108946 0.229112 0.0160919 -0.480797 -0.868304 -0.121993 0 
0.10947 0.230343 0.0172371 -0.472439 -0.867357 -0.156505 0 
0.109475 0.230091 0.0168413 -0.498612 -0.856218 -0.135192 0 
0.10898 0.229718 0.0167178 -0.483512 -0.863933 -0.140843 0 
0.109019 0.230072 0.0169479 -0.483512 -0.863933 -0.140843 0 
0.108568 0.229802 0.0166587 -0.463777 -0.877609 -0.121296 0 
0.108799 0.229686 0.0164075 -0.463777 -0.877609 -0.121296 0 
0.110344 0.229547 0.0166181 -0.550034 -0.825784 -0.124674 0 
0.110018 0.229652 0.0159913 0.611902 -0.788769 -0.0584801 0 
0.110282 0.22962 0.0166466 -0.550034 -0.825784 -0.124674 0 
0.110202 0.229869 0.0165378 -0.505696 -0.853452 -0.126062 0 
0.110242 0.230223 0.016768 -0.505696 -0.853452 -0.126062 0 
0.10987 0.229704 0.0165875 -0.522563 -0.841663 -0.13613 0 
0.109109 0.229799 0.0164407 -0.476195 -0.870386 -0.125163 0 
0.109256 0.229226 0.0161251 -0.480797 -0.868304 -0.121993 0 
0.109052 0.229621 0.0160734 -0.465163 -0.877694 -0.115224 0 
0.108827 0.229486 0.0159288 0.691601 -0.722215 0.00974085 0 
0.109182 0.229702 0.0157964 0.601072 -0.799137 -0.00962816 0 
0.108956 0.229567 0.0156517 -0.436787 -0.896851 -0.0698311 0 
0.109729 0.229489 0.0147263 -0.969644 0.227634 0.0892928 0 
0.109373 0.22971 0.0154908 -0.424424 -0.90409 -0.049853 0 
0.109277 0.229655 0.0150692 -0.30922 -0.95038 -0.0340774 0 
0.109147 0.229574 0.0153462 -0.424424 -0.90409 -0.049853 0 
0.109104 0.229514 0.0150556 -0.30922 -0.95038 -0.0340774 0 
0.109242 0.229528 0.014619 -0.989518 0.138099 0.0422286 0 
0.109468 0.229663 0.0147636 -0.305322 -0.951439 -0.0392738 0 
0.109518 0.229514 0.0142021 -0.984639 0.0823516 0.153962 0 
0.109411 0.229963 0.0145721 -0.268904 -0.961801 -0.0512794 0 
0.109123 0.229901 0.014456 -0.28886 -0.955657 -0.0572631 0 
0.109089 0.230253 0.0141816 -0.371921 -0.925104 -0.0765325 0 
0.108898 0.229766 0.0143113 -0.986133 0.127589 0.106126 0 
0.108987 0.229972 0.01398 -0.980556 0.133768 0.143586 0 
0.109032 0.230074 0.0138143 -0.988098 0.0262125 0.151577 0 
0.109614 0.229989 0.0131943 -0.483186 0.839057 0.25003 0 
0.109511 0.230144 0.0136248 -0.988507 -0.0662102 0.135905 0 
0.108648 0.229958 0.0132765 -0.65956 0.71308 0.237693 0 
0.108975 0.230374 0.0136227 -0.989372 0.0446075 0.138398 0 
0.108555 0.230046 0.0135474 -0.990534 0.0726469 0.116466 0 
0.108622 0.2302 0.0132988 -0.65956 0.71308 0.237693 0 
0.109166 0.230382 0.0133172 -0.567307 0.786104 0.245364 0 
0.108839 0.230445 0.0131467 -0.641647 0.729501 0.236892 0 
0.108783 0.230266 0.0127794 -0.798904 0.565826 0.203943 0 
0.108756 0.230508 0.0128018 -0.798904 0.565826 0.203943 0 
0.109097 0.230606 0.0125926 -0.82621 0.526046 0.201626 0 
0.108917 0.230574 0.0122823 -0.8786 0.445878 0.171042 0 
0.10889 0.230816 0.0123046 -0.889798 0.4224 0.172734 0 
0.109209 0.230863 0.0121784 -0.923153 0.350547 0.157816 0 
0.108962 0.230677 0.0121166 -0.923153 0.350547 0.157816 0 
0.109051 0.230882 0.0117852 -0.914804 0.373533 0.153642 0 
0.108913 0.22939 0.0121508 -0.873569 0.449306 0.187088 0 
0.109205 0.229679 0.0120469 -0.889798 0.4224 0.172734 0 
0.108726 0.230566 0.0125878 -0.80893 0.552997 0.199566 0 
0.108691 0.230439 0.0121377 -0.895756 0.412652 0.165348 0 
0.109167 0.229845 0.0115362 -0.93192 0.329969 0.150488 0 
0.10885 0.229883 0.0107498 -0.872206 -0.480488 -0.0915886 0 
0.108758 0.230593 0.0118891 -0.927719 0.342521 0.14838 0 
0.10887 0.23085 0.0114749 -0.948677 0.283127 0.140893 0 
0.109932 0.230819 0.00860406 -0.0172891 -0.889726 -0.456167 0 
0.109434 0.230898 0.0111741 -0.949921 0.279231 0.140284 0 
0.109086 0.230472 0.0104544 -0.922384 -0.376787 -0.0850808 0 
0.109466 0.230925 0.0104754 -0.999076 0.0382273 0.0196302 0 
0.108948 0.2305 0.0104347 -0.896644 -0.430891 -0.101796 0 
0.10896 0.231055 0.0111435 -0.963034 0.235235 0.131264 0 
0.108548 0.231139 0.0110844 -0.941051 0.311883 0.130964 0 
0.108841 0.231428 0.0109804 -0.960252 0.251464 0.121172 0 
0.108677 0.23122 0.0108073 -0.996229 0.0665608 0.0556492 0 
0.108345 0.231055 0.0108569 -0.971653 -0.234786 -0.0276927 0 
0.108412 0.231209 0.0106084 -0.982208 -0.184237 -0.0363781 0 
0.109117 0.230936 0.0103878 -0.980782 -0.187555 -0.0537578 0 
0.109361 0.230937 0.0102133 -0.952052 -0.285747 -0.109295 0 
0.109162 0.231038 0.0102221 -0.956125 -0.276329 -0.097299 0 
0.109375 0.231098 0.00983366 -0.961689 -0.24335 -0.12623 0 
0.109264 0.231362 0.00996739 -0.987392 -0.137366 -0.0786626 0 
0.109208 0.230705 0.00942431 -0.961173 -0.24388 -0.129113 0 
0.108355 0.231509 0.0104168 -0.965762 -0.244288 -0.0873362 0 
0.108519 0.231717 0.01059 -0.981721 -0.183998 -0.0486706 0 
0.108338 0.231685 0.0102796 -0.976463 -0.198248 -0.0849633 0 
0.108405 0.231839 0.0100311 -0.978537 -0.180483 -0.0994499 0 
0.109296 0.231346 0.009725 -0.976201 -0.183271 -0.115947 0 
0.109341 0.231449 0.00955932 0.114532 -0.889388 -0.442573 0 
0.109156 0.231232 0.0090127 0.0145784 -0.891934 -0.451931 0 
0.109182 0.231468 0.00916612 0.0145784 -0.891934 -0.451931 0 
0.109126 0.231289 0.00879884 -0.0254449 -0.887892 -0.459347 0 
0.1089 0.231154 0.00865421 -0.0282877 -0.885002 -0.464727 0 
0.108619 0.23142 0.00946692 -0.996248 -0.0643797 -0.0578326 0 
0.109373 0.231476 0.0088606 -0.0254449 -0.887892 -0.459347 0 
0.108967 0.231308 0.00840564 0.999235 -0.0359437 0.0154044 0 
0.10899 0.23136 0.00832282 0.999342 -0.0337546 0.0132973 0 
0.109136 0.231744 0.00835876 0.999342 -0.0337546 0.0132973 0 
0.109305 0.2317 0.00813603 0.987856 0.114483 0.105041 0 
0.108848 0.231681 0.00824261 0.991543 0.0882645 0.0951423 0 
0.109327 0.231752 0.00805318 0.988844 0.106491 0.10415 0 
0.109461 0.23206 0.00755611 0.935694 0.300808 0.184366 0 
0.109281 0.232027 0.00724579 0.94839 0.266523 0.17182 0 
0.10937 0.232232 0.00691436 0.949704 0.275374 0.149105 0 
0.10964 0.23247 0.00689329 0.94708 0.282368 0.152668 0 
0.108455 0.232111 0.00804017 0.992461 0.0831798 0.0900165 0 
0.108522 0.232265 0.00779164 0.931125 0.306641 0.197427 0 
0.108555 0.232291 0.00709288 0.948571 0.271213 0.163268 0 
0.108591 0.232503 0.00663045 0.961109 0.234705 0.145543 0 
0.108614 0.232554 0.00654759 0.963184 0.230072 0.139083 0 
0.108436 0.232664 0.00692983 0.956722 0.252744 0.144236 0 
0.10849 0.2327 0.00660461 0.961978 0.236252 0.137052 0 
0.109549 0.232643 0.0062516 0.963274 0.237253 0.125757 0 
0.108754 0.232611 0.00565469 0.958999 0.26531 0.0996531 0 
0.108681 0.232708 0.00629908 0.963274 0.237253 0.125757 0 
0.108557 0.232854 0.00635605 0.963274 0.237253 0.125757 0 
0.108823 0.232907 0.00609873 0.961212 0.254173 0.107088 0 
0.10866 0.232699 0.00592564 0.961212 0.254173 0.107088 0 
0.108536 0.232367 0.00580686 0.964239 0.242665 0.106567 0 
0.108821 0.232765 0.00540614 0.960519 0.262892 0.0910506 0 
0.109283 0.232532 0.00490373 0.975805 0.208839 0.064728 0 
0.108851 0.232707 0.00562005 0.958999 0.26531 0.0996531 0 
0.109481 0.231852 0.0035703 0.979052 0.192422 0.066561 0 
0.109886 0.231977 0.00448155 0.975216 0.213062 0.0596574 0 
0.109683 0.231894 0.00425412 0.967214 0.245859 0.0636489 0 
0.109975 0.232183 0.00415018 0.976897 0.201233 0.0719562 0 
0.109414 0.232177 0.00399464 0.984084 0.161032 0.0751482 0 
0.109543 0.232258 0.0037176 0.967846 0.237871 0.0818075 0 
0.110031 0.231782 0.00319284 0.936171 0.329218 0.123287 0 
0.10961 0.232411 0.00346904 0.964755 0.244064 0.0983922 0 
0.109704 0.232323 0.00319816 0.930687 0.343028 0.127098 0 
0.109429 0.232858 0.00333454 0.96884 0.220249 0.113307 0 
0.109125 0.233072 0.00423005 0.948937 0.300562 0.0958125 0 
0.109231 0.23358 0.00421162 0.952386 0.288721 0.0979821 0 
0.109325 0.23397 0.00411651 0.935303 0.332582 0.120816 0 
0.109246 0.23374 0.00383201 0.95704 0.263153 0.121757 0 
0.108909 0.233869 0.00382106 0.94582 0.301004 0.121739 0 
0.109388 0.233939 0.0036317 0.980679 0.167314 0.101365 0 
0.109127 0.234113 0.00366902 0.96537 0.234612 0.114101 0 
0.109455 0.234093 0.00338317 0.98062 0.162825 0.108958 0 
0.109522 0.234247 0.00313461 0.967477 0.217136 0.129768 0 
0.109261 0.234421 0.00317192 0.972121 0.196452 0.128011 0 
0.109171 0.234216 0.00350328 0.989268 0.113293 0.0922694 0 
0.109175 0.234343 0.00213437 0.823113 0.48887 0.288949 0 
0.109306 0.234524 0.00300623 0.940777 0.299028 0.159755 0 
0.109209 0.23447 0.00258455 0.808404 0.528033 0.260122 0 
0.108877 0.234305 0.00263412 0.84721 0.47608 0.235759 0 
0.108944 0.234459 0.00238559 0.86741 0.435968 0.239858 0 
0.108923 0.23445 0.00201212 0.773425 0.535448 0.339278 0 
0.108743 0.233519 0.00295545 0.949375 0.277964 0.146368 0 
0.108748 0.233746 0.00273538 0.85338 0.465342 0.234945 0 
0.108337 0.233829 0.00267628 0.811464 0.521767 0.26322 0 
0.108815 0.2339 0.00248684 0.808404 0.528033 0.260122 0 
0.108404 0.233984 0.00242776 0.877922 0.417274 0.23481 0 
0.108883 0.234054 0.00223829 0.849666 0.457748 0.261789 0 
0.108724 0.234072 0.00184515 0.886816 0.372373 0.273672 0 
0.108658 0.233961 0.00163738 0.884902 0.378816 0.271011 0 
0.108989 0.233504 0.000719473 0.866487 0.404972 0.291886 0 
0.10899 0.234604 0.00176358 0.727235 0.590573 0.349789 0 
0.108853 0.234153 0.00156811 0.884902 0.378816 0.271011 0 
0.108921 0.234307 0.00131954 0.78465 0.532156 0.318015 0 
0.108691 0.233987 0.000938714 0.78465 0.532156 0.318015 0 
0.108539 0.234334 0.00147432 0.78465 0.532156 0.318015 0 
0.10892 0.234786 0.00149533 0.648216 0.648216 0.39954 0 
0.10892 0.234786 0.00149533 0.648216 0.648216 0.39954 0 
0.108731 0.234342 0.00116882 0.78385 0.531613 0.320884 0 
0.10869 0.234945 0.0012902 0.6596 0.629694 0.410381 0 
0.108533 0.234006 0.000545472 0.753482 0.566321 0.333984 0 
0.108611 0.234715 0.00100575 0.73389 0.584183 0.346605 0 
0.108576 0.235024 0.00118767 0.655908 0.62934 0.416792 0 
0.108386 0.23458 0.000861138 0.73389 0.584183 0.346605 0 
0.10841 0.235498 -0.00459835 -0.10263 0.942333 -0.318554 0 
0.109188 0.235648 -0.00574376 0.809597 0.549424 -0.206608 0 
0.108567 0.236379 -0.00545879 0.887226 0.398437 -0.232545 0 
0.107994 0.235876 -0.00471792 -0.241857 0.923062 -0.299101 0 
0.10796 0.235749 -0.00516808 -0.449694 0.883684 -0.129912 0 
0.108534 0.235773 -0.00608474 0.868143 0.464287 -0.175397 0 
0.108551 0.235597 -0.00594753 0.868143 0.464287 -0.175397 0 
0.108016 0.235348 -0.00612542 0.868143 0.464287 -0.175397 0 
0.108579 0.235397 -0.00642619 0.177645 0.913807 0.365239 0 
0.108267 0.236198 -0.00565161 0.882479 0.416768 -0.218024 0 
0.107547 0.235732 -0.00637609 -0.237901 0.893974 0.379754 0 
0.107816 0.235928 -0.00594087 0.881057 0.441257 -0.170386 0 
0.107449 0.236115 -0.00616565 -0.237901 0.893974 0.379754 0 
0.107376 0.236212 -0.00552131 0.851754 0.490766 -0.183478 0 
0.107085 0.236444 -0.00569794 0.821191 0.545965 -0.166033 0 
0.108184 0.236262 -0.00599656 0.881057 0.441257 -0.170386 0 
0.107366 0.236179 -0.0065106 0.499505 0.864046 0.062612 0 
0.107831 0.236131 -0.00677676 0.773602 0.632691 -0.0352278 0 
0.107285 0.236385 -0.006163 0.109971 0.947337 0.300763 0 
0.107393 0.235458 -0.00670876 0.737328 0.67043 -0.0828948 0 
0.107349 0.235397 -0.00699937 -0.400609 0.783378 0.475217 0 
0.107336 0.235758 -0.00690028 -0.396258 0.784429 0.477127 0 
0.107277 0.236915 -0.0078892 0.271419 -0.832869 -0.48235 0 
0.106932 0.237153 -0.00819682 0.271867 -0.824921 -0.495574 0 
0.106999 0.237307 -0.00844537 0.265006 -0.826013 -0.497468 0 
0.106889 0.236613 -0.00866321 0.208705 -0.85434 -0.475968 0 
0.106556 0.237406 -0.0082621 0.275723 -0.820937 -0.500039 0 
0.10732 0.237395 -0.00902794 0.214583 -0.862835 -0.457678 0 
0.106876 0.237495 -0.00884467 0.287241 -0.814634 -0.503849 0 
0.106868 0.237604 -0.00914147 0.241037 -0.83058 -0.502033 0 
0.107353 0.237422 -0.00972666 0.11601 -0.866493 -0.485522 0 
0.106847 0.237595 -0.00951485 0.164375 -0.845568 -0.507933 0 
0.106777 0.237777 -0.00978319 0.152122 -0.843315 -0.515441 0 
0.106401 0.237551 -0.0100242 0.150077 -0.824678 -0.545328 0 
0.106623 0.23756 -0.00851063 0.301466 -0.809697 -0.503496 0 
0.106891 0.238176 -0.00950482 0.158278 -0.841684 -0.516252 0 
0.106906 0.237858 -0.0100601 0.122904 -0.854543 -0.504629 0 
0.106726 0.237825 -0.0103705 0.116548 -0.861883 -0.493532 0 
0.107091 0.238017 -0.0111188 0.161767 -0.95322 -0.255351 0 
0.107118 0.238295 -0.0114217 0.183342 -0.961555 -0.204446 0 
0.106375 0.235837 -0.0102486 0.101442 -0.85583 -0.507212 0 
0.105864 0.23674 -0.0094652 0.212099 -0.819402 -0.532535 0 
0.105682 0.236665 -0.00931923 0.183077 -0.855849 -0.483741 0 
0.10536 0.236476 -0.00988553 0.147465 -0.805842 -0.573474 0 
0.104923 0.236324 -0.0100981 0.140309 -0.82856 -0.542035 0 
0.10508 0.237262 -0.00935329 0.160404 -0.805016 -0.571157 0 
0.105213 0.237049 -0.00956985 0.160404 -0.805016 -0.571157 0 
0.105179 0.236922 -0.01002 0.167981 -0.788451 -0.591716 0 
0.104944 0.237332 -0.00982934 0.167981 -0.788451 -0.591716 0 
0.104921 0.23776 -0.00957069 0.158692 -0.772299 -0.615119 0 
0.104914 0.23739 -0.0100432 0.151224 -0.792056 -0.591421 0 
0.104842 0.238008 -0.00967939 0.158692 -0.772299 -0.615119 0 
0.104834 0.238117 -0.00997618 0.190943 -0.783628 -0.591158 0 
0.10474 0.237727 -0.00988106 0.158692 -0.772299 -0.615119 0 
0.104683 0.238027 -0.0100726 0.151224 -0.792056 -0.591421 0 
0.104458 0.237892 -0.0102172 0.122327 -0.797339 -0.591004 0 
0.106438 0.237763 -0.0104866 0.123208 -0.85376 -0.505878 0 
0.10586 0.237975 -0.0112357 0.138468 -0.933628 -0.330403 0 
0.106056 0.238689 -0.0115854 0.188107 -0.956545 -0.222794 0 
0.105723 0.239002 -0.0113601 0.181365 -0.937286 -0.297661 0 
0.106009 0.238443 -0.0121123 0.0579347 -0.991706 -0.114733 0 
0.106149 0.239079 -0.0116806 0.178394 -0.960683 -0.212751 0 
0.105423 0.239822 -0.0116577 -0.863587 -0.487486 -0.128743 0 
0.105552 0.239903 -0.0119347 -0.828261 -0.557348 -0.0578513 0 
0.105044 0.238933 -0.0123108 -0.652811 -0.74327 -0.146242 0 
0.105978 0.239979 -0.0122552 -0.576963 -0.81561 -0.0435179 0 
0.105533 0.239457 -0.0129403 -0.855128 -0.515858 -0.0514467 0 
0.106198 0.239308 -0.0132152 -0.740918 -0.660739 0.120269 0 
0.105549 0.240239 -0.0124515 -0.893777 -0.442069 -0.0757439 0 
