0.109885 0.241498 -0.00397078 0.576599 -0.753273 -0.316407 2 
0.109938 0.241758 -0.00377254 0.574449 -0.754668 -0.316993 2 
0.110864 0.242082 -0.00363903 0.532156 -0.78465 -0.318015 2 
0.110101 0.242274 -0.00368699 0.560463 -0.771236 -0.301788 2 
0.110103 0.241866 -0.00345449 0.580536 -0.742245 -0.334738 2 
0.110154 0.242425 -0.00329394 0.560463 -0.771236 -0.301788 2 
0.110657 0.242218 -0.00335802 0.532156 -0.78465 -0.318015 2 
0.10962 0.241419 -0.0029892 0.587038 -0.721125 -0.367921 2 
0.10999 0.241909 -0.00337949 0.580536 -0.742245 -0.334738 2 
0.10986 0.241791 -0.00324069 0.594022 -0.727474 -0.343394 2 
0.110395 0.24228 -0.00311808 0.555611 -0.756473 -0.345029 2 
0.1101 0.241945 -0.00310252 0.587051 -0.724411 -0.361388 2 
0.110414 0.242033 -0.00294939 0.550642 -0.752057 -0.362222 2 
0.109878 0.241842 -0.00310966 0.587718 -0.730984 -0.34677 2 
0.109765 0.241774 -0.00283984 0.583506 -0.72407 -0.367756 2 
0.110099 0.241725 -0.00271286 0.567725 -0.731335 -0.377938 2 
0.109968 0.242015 -0.00280655 0.579259 -0.732641 -0.357346 2 
0.110264 0.241943 -0.00258963 0.554875 -0.729405 -0.400103 2 
0.10936 0.241294 -0.00290643 0.58418 -0.721634 -0.371453 2 
0.110104 0.240832 -0.00259982 0.566266 -0.718151 -0.404476 2 
0.110152 0.241876 -0.00231981 0.552146 -0.71464 -0.429447 2 
0.110658 0.241074 -0.00230853 0.503034 -0.718858 -0.479792 2 
0.110098 0.241396 -0.00212838 0.538384 -0.717294 -0.442303 2 
0.111438 0.241042 -0.00232437 0.50191 -0.702007 -0.505245 2 
0.110919 0.240901 -0.00235364 0.50711 -0.71993 -0.473857 2 
0.110767 0.242363 -0.00327588 0.532156 -0.78465 -0.318015 2 
0.112293 0.241573 -0.00294743 0.523914 -0.655314 -0.54413 2 
0.110654 0.242296 -0.00300606 0.54184 -0.75337 -0.372617 2 
0.110856 0.242317 -0.00258311 0.528685 -0.739501 -0.41669 2 
0.111283 0.242362 -0.00250498 0.514923 -0.74195 -0.429377 2 
0.111471 0.241957 -0.00252735 0.520532 -0.716771 -0.463989 2 
0.110989 0.241839 -0.00264656 0.528427 -0.720583 -0.448915 2 
0.110916 0.241497 -0.00242899 0.527947 -0.723237 -0.445196 2 
0.110991 0.241432 -0.00241405 0.522507 -0.71824 -0.459475 2 
0.111022 0.242127 -0.00222736 0.511881 -0.70196 -0.495207 2 
0.111433 0.241935 -0.00243741 0.514358 -0.67855 -0.52441 2 
0.110727 0.241792 -0.0022118 0.528225 -0.72693 -0.438807 2 
0.112217 0.241418 -0.00257272 0.465575 -0.472155 -0.748539 2 
0.111489 0.2416 -0.00216383 0.505088 -0.66618 -0.548717 2 
0.112221 0.240933 -0.00269221 0.499627 -0.597197 -0.627478 2 
0.108656 0.239082 -0.000971481 0.408143 -0.70227 -0.583297 2 
0.108634 0.239298 -0.000593387 0.532429 -0.663437 -0.52571 2 
0.108575 0.239601 -0.000320151 0.532429 -0.663437 -0.52571 2 
0.108874 0.239451 -0.000455208 0.444939 -0.694904 -0.564922 2 
0.108799 0.239406 -0.000275321 0.966901 0.182997 0.177806 2 
0.108863 0.238837 -0.00105767 0.408143 -0.70227 -0.583297 2 
0.108768 0.23882 -0.000656821 0.910198 0.321846 0.260681 2 
0.109083 0.239128 -0.000893362 0.430842 -0.693673 -0.577229 2 
0.10897 0.23906 -0.000623539 0.9395 0.238007 0.246358 2 
0.109023 0.239211 -0.000230484 0.906277 0.318739 0.277611 2 
0.108765 0.238898 -0.000304855 0.980754 0.171359 0.0935788 2 
0.10869 0.238853 -0.000124969 0.999291 0.0375368 -0.00304352 2 
0.10902 0.239289 0.000121489 0.904646 0.33576 0.26245 2 
0.109079 0.238877 4.30942e-005 0.998497 0.0547263 0.00309771 2 
0.108742 0.239004 0.000268079 0.999772 0.0151023 -0.0151023 2 
0.108171 0.235956 0.00594106 -0.935778 0.343782 -0.0783133 2 
0.108058 0.235889 0.00621088 -0.943573 0.323249 -0.0719785 2 
0.107983 0.235844 0.00639076 -0.954509 0.289051 -0.0732261 2 
0.108223 0.236107 0.00633411 -0.943573 0.323249 -0.0719785 2 
0.108111 0.23604 0.00660393 -0.960304 0.261667 -0.0966749 2 
0.108372 0.235867 0.00655883 -0.957924 0.272035 -0.0915378 2 
0.109045 0.235722 0.00591403 -0.934922 0.34612 -0.0782417 2 
0.10897 0.235677 0.0060939 -0.940702 0.330233 -0.0776244 2 
0.108745 0.235543 0.00663355 -0.960304 0.261667 -0.0966749 2 
0.108871 0.236146 0.00661422 -0.948593 0.304858 -0.0850463 2 
0.108702 0.236304 0.00680529 -0.954522 0.28258 -0.0950615 2 
0.108686 0.235956 0.00671194 -0.960304 0.261667 -0.0966749 2 
0.108985 0.235806 0.0065769 -0.955906 0.27886 -0.0920887 2 
0.108034 0.236183 0.00694097 -0.962484 0.25058 -0.104087 2 
0.107683 0.235775 0.00691546 -0.968498 0.229148 -0.0974828 2 
0.107422 0.235837 0.0071554 -0.969686 0.216753 -0.112813 2 
0.107927 0.235552 0.00673934 -0.964595 0.247821 -0.0902322 2 
0.107998 0.235972 0.00687376 -0.96457 0.240179 -0.109172 2 
0.107923 0.235928 0.00705364 -0.967773 0.232113 -0.0976652 2 
0.107996 0.236051 0.00722573 -0.972391 0.198525 -0.122655 2 
0.108182 0.235943 0.00716568 -0.972391 0.198525 -0.122655 2 
0.107773 0.235838 0.0074134 -0.970062 0.222699 -0.0968803 2 
0.107997 0.235643 0.00745824 -0.969527 0.235225 -0.0684519 2 
0.108146 0.235513 0.00748813 -0.969838 0.234698 -0.0658149 2 
0.107627 0.235373 0.00745887 -0.968216 0.245446 -0.0481025 2 
0.107757 0.23538 0.00751489 -0.968481 0.244889 -0.0455322 2 
0.107479 0.235095 0.00766149 -0.970387 0.23677 -0.0478446 2 
0.107644 0.235313 0.00778471 -0.978493 0.189346 -0.0818465 2 
0.108595 0.235453 0.00699332 -0.963382 0.255125 -0.0825031 2 
0.108704 0.235489 0.00727029 -0.96762 0.239709 -0.0790662 2 
0.108444 0.235254 0.00754791 -0.968481 0.244889 -0.0455322 2 
0.107849 0.234849 0.00808819 -0.98144 0.180949 -0.063512 2 
0.108422 0.236206 0.00710903 -0.961735 0.255521 -0.0988699 2 
0.108163 0.236191 0.00699698 -0.962484 0.25058 -0.104087 2 
0.108387 0.235996 0.00704182 -0.96457 0.240179 -0.109172 2 
0.108312 0.235951 0.0072217 -0.972391 0.198525 -0.122655 2 
0.106585 0.232113 0.0112151 -0.883327 0.459218 -0.0940905 2 
0.106472 0.232046 0.0114849 -0.863336 0.50258 -0.0454387 2 
0.10627 0.231805 0.0114516 -0.870717 0.487435 -0.065269 2 
0.106211 0.232218 0.01153 -0.863336 0.50258 -0.0454387 2 
0.106563 0.232329 0.0115932 -0.853906 0.519471 -0.0315246 2 
0.106043 0.232078 0.0117588 -0.843988 0.535582 -0.0289131 2 
0.106322 0.231956 0.0118447 -0.83831 0.544695 -0.0233245 2 
0.106412 0.232129 0.0121478 -0.812109 0.58323 -0.0179243 2 
0.105852 0.232452 0.0123279 -0.833468 0.549555 -0.0576259 2 
0.106076 0.232257 0.0123728 -0.80502 0.592215 -0.0350009 2 
0.106135 0.231954 0.0120995 -0.82617 0.562351 -0.034713 2 
0.106995 0.229223 0.0106663 -0.603124 0.740707 -0.295963 2 
0.107538 0.230921 0.011316 -0.86077 0.500579 -0.0921747 2 
0.10692 0.231766 0.0113797 -0.866681 0.496234 -0.0511439 2 
0.106861 0.232069 0.011653 -0.83471 0.550553 -0.0122952 2 
0.10716 0.231919 0.0115179 -0.853906 0.519471 -0.0315246 2 
0.106471 0.231717 0.0120694 -0.808584 0.588186 -0.0151523 2 
0.106656 0.231907 0.0119717 -0.804402 0.594083 0.00136571 2 
0.107559 0.230486 0.0113276 -0.856095 0.496096 -0.144878 2 
0.106327 0.231063 0.0119577 -0.78752 0.613781 -0.0555394 2 
0.107468 0.233198 0.0115203 -0.712784 0.698384 0.0647985 2 
0.107062 0.232498 0.0118434 -0.818133 0.575015 -0.00409749 2 
0.107078 0.232845 0.0119367 -0.789779 0.613353 0.00689161 2 
0.107243 0.233064 0.01206 -0.713976 0.700058 0.0125259 2 
0.107297 0.232917 0.0124907 -0.686007 0.727583 0.00415762 2 
0.106671 0.232145 0.0122598 -0.820571 0.570651 -0.0319343 2 
0.106465 0.23228 0.0125408 -0.773167 0.633858 -0.0208964 2 
0.106724 0.232296 0.0126529 -0.750156 0.661084 -0.0153093 2 
0.106129 0.232518 0.012571 -0.801895 0.595411 -0.0494997 2 
0.105867 0.23258 0.0128109 -0.668633 0.742452 -0.0411685 2 
0.106201 0.232531 0.0129379 -0.618608 0.785423 -0.0208519 2 
0.106277 0.232278 0.0127957 -0.741145 0.67056 -0.0324692 2 
0.106627 0.232577 0.013016 -0.64788 0.76164 -0.0124859 2 
0.106088 0.232464 0.0132077 -0.582015 0.812015 -0.0434758 2 
0.107431 0.232768 0.0118428 -0.786305 0.617713 0.0124372 2 
0.107138 0.232135 0.011896 -0.80925 0.587425 0.00684644 2 
0.107303 0.232353 0.0120193 -0.78872 0.614677 0.00966907 2 
0.106821 0.232125 0.0120949 -0.81021 0.586138 -0.00136629 2 
0.106986 0.232343 0.0122181 -0.794495 0.607231 -0.00688471 2 
0.10719 0.232286 0.0122891 -0.784735 0.619817 -0.00412295 2 
0.107225 0.232386 0.0125511 -0.748699 0.662897 -0.00415175 2 
0.107355 0.232394 0.0126071 -0.73549 0.677534 -0.00137991 2 
0.107802 0.232522 0.0122695 -0.752776 0.658157 0.0125231 2 
0.107707 0.233132 0.0120482 -0.682071 0.730283 0.0382867 2 
0.107743 0.232935 0.0123479 -0.679964 0.733021 0.018151 2 
0.107244 0.232656 0.0122925 -0.773951 0.633232 -0.00413877 2 
0.107909 0.232745 0.0127036 -0.661315 0.750045 0.00970484 2 
0.106763 0.23213 0.0124058 -0.78192 0.623028 -0.020907 2 
0.10719 0.232176 0.0124839 -0.738228 0.674516 -0.00692521 2 
0.107003 0.232174 0.0127388 -0.72493 0.688753 -0.00973995 2 
0.107187 0.232254 0.0128359 -0.709863 0.704328 -0.00415124 2 
0.106725 0.231888 0.0128854 -0.702686 0.711101 -0.0238436 2 
0.107092 0.232237 0.0132367 -0.590756 0.806583 -0.0207526 2 
0.107465 0.23254 0.0126893 -0.736964 0.675897 0.00693939 2 
0.107391 0.232197 0.0129069 -0.707101 0.707101 -0.00415128 2 
0.106463 0.231951 0.0131253 -0.662914 0.747722 -0.0381635 2 
0.10657 0.233179 0.0159218 0.332875 -0.936631 0.109161 2 
0.106979 0.233284 0.0156741 0.380905 -0.920407 0.0881096 2 
0.106643 0.233412 0.0158991 0.332875 -0.936631 0.109161 2 
0.107031 0.233435 0.0160671 0.455143 -0.886624 0.0821205 2 
0.106919 0.233368 0.016337 0.449038 -0.888284 0.0965222 2 
0.107064 0.233614 0.0166811 0.505085 -0.85707 0.101589 2 
0.107696 0.231971 0.01509 0.741929 -0.666723 -0.0708665 2 
0.107673 0.232594 0.0152356 0.567506 -0.823359 0.00408277 2 
0.108394 0.232976 0.0152982 0.520372 -0.851391 0.0659232 2 
0.108783 0.232999 0.0154663 0.538608 -0.840788 0.0545603 2 
0.108005 0.232842 0.015325 0.593615 -0.804739 -0.0041128 2 
0.107838 0.232812 0.0153589 0.584843 -0.811146 -0.00136327 2 
0.107928 0.232986 0.015662 0.644083 -0.763515 -0.0469199 2 
0.107002 0.232661 0.0155285 0.591296 -0.806312 -0.0151614 2 
0.107038 0.232872 0.0155957 0.599568 -0.799887 -0.0264311 2 
0.107264 0.232599 0.0152885 0.583045 -0.812439 -0.00136544 2 
0.107503 0.232752 0.0154267 0.585614 -0.810533 -0.00960023 2 
0.107316 0.23275 0.0156816 0.582647 -0.812385 -0.0235273 2 
0.106666 0.232789 0.0157535 0.662825 -0.746217 -0.0618253 2 
0.107 0.232739 0.0158804 0.712543 -0.691717 -0.117518 2 
0.107322 0.232186 0.0152101 0.762886 -0.640824 -0.0857338 2 
0.107442 0.233243 0.0158571 0.485223 -0.871733 0.0681258 2 
0.107497 0.233316 0.0158982 0.517894 -0.853901 0.0513729 2 
0.107741 0.233093 0.015722 0.636632 -0.769914 -0.0439546 2 
0.107886 0.233339 0.0160662 0.525788 -0.848272 0.0630946 2 
0.107165 0.232958 0.0160037 0.624386 -0.778696 -0.0614384 2 
0.107369 0.2329 0.0160746 0.632034 -0.772486 -0.0616269 2 
0.107385 0.233248 0.016168 0.594653 -0.803547 -0.02646 2 
0.107383 0.233436 0.0163251 0.525879 -0.848419 0.0603008 2 
0.107554 0.233091 0.0159769 0.632566 -0.772502 -0.0556887 2 
0.107644 0.233264 0.01628 0.60759 -0.793899 -0.0236362 2 
0.107774 0.233272 0.016336 0.601894 -0.798374 -0.0179876 2 
0.107818 0.23284 0.0155798 0.607628 -0.793948 -0.0208568 2 
0.108338 0.232574 0.0158416 0.677275 -0.729936 -0.0921562 2 
0.10763 0.232618 0.0162244 0.790679 -0.533986 -0.299476 2 
0.108222 0.232992 0.0162309 0.653348 -0.750249 -0.101306 2 
0.107033 0.233028 0.0162996 0.647274 -0.755887 -0.0983387 2 
0.107325 0.233442 0.016636 0.525054 -0.846631 0.0867975 2 
0.1075 0.232501 0.0163632 0.805494 -0.483297 -0.342933 2 
0.107555 0.232574 0.0164042 0.8027 -0.472648 -0.363698 2 
0.107755 0.233002 0.0165947 0.688683 -0.691807 -0.217068 2 
0.107559 0.231681 0.0165173 0.893112 -0.253271 -0.37176 2 
0.108408 0.233402 0.0157435 0.535353 -0.842867 0.0545138 2 
0.108612 0.233344 0.0158145 0.532344 -0.844165 0.063207 2 
0.108871 0.23325 0.0161213 0.51294 -0.854899 0.0777181 2 
0.107846 0.233395 0.0165081 0.516298 -0.84995 0.104985 2 
0.108333 0.233357 0.0159234 0.535353 -0.842867 0.0545138 2 
0.108537 0.2333 0.0159944 0.533511 -0.843201 0.066161 2 
0.108145 0.233354 0.0161783 0.536617 -0.842055 0.0546425 2 
0.108444 0.233204 0.0160432 0.593125 -0.805053 -0.00963311 2 
0.108664 0.233386 0.0164024 0.511735 -0.854781 0.0864704 2 
0.108774 0.233531 0.0164845 -0.0790591 -0.456324 0.886295 2 
0.108108 0.233332 0.0162682 0.537498 -0.841848 0.0488635 2 
0.108033 0.233287 0.0164481 0.599125 -0.799303 -0.0465203 2 
0.108088 0.23336 0.0164892 0.52746 -0.844794 0.0900541 2 
0.108219 0.23307 0.0165829 0.678864 -0.609152 -0.409974 2 
0.108184 0.23286 0.0165157 0.717162 -0.606579 -0.343132 2 
0.108327 0.23403 0.0162 0.581233 -0.813727 0.00410282 2 
0.108918 0.234294 0.0164014 0.630856 -0.775689 0.018104 2 
0.108834 0.232711 0.0166386 0.544573 -0.265224 -0.795673 2 
0.108998 0.233336 0.0165293 0.249373 -0.766941 0.591282 2 
0.107697 0.233415 0.0166731 0.504035 -0.850835 0.148419 2 
0.10792 0.23322 0.0167179 0.331101 -0.785365 0.523043 2 
0.108219 0.23296 0.0167777 0.511533 -0.187512 -0.838554 2 
0.108364 0.233316 0.0169271 0.49514 -0.223956 -0.839452 2 
0.108106 0.232893 0.0170475 0.522139 -0.274397 -0.807513 2 
0.112139 0.242595 -0.00309035 0.531881 -0.724087 -0.439092 1 
0.113523 0.243144 -0.00226471 0.385701 0.0516918 -0.921175 1 
0.113819 0.242962 -0.00185295 0.367772 0.0762292 -0.926786 1 
0.114043 0.242768 -0.00180811 0.375753 0.0708716 -0.924006 1 
0.113403 0.243938 -0.00156111 0.369534 0.0933987 -0.924511 1 
0.113702 0.243788 -0.00169615 0.377727 0.0852933 -0.92198 1 
0.113761 0.243375 -0.00177456 0.375753 0.0708716 -0.924006 1 
0.115146 0.244143 -0.00133856 0.390174 0.0944632 -0.915883 1 
0.114498 0.243995 -0.00142384 0.376154 0.105323 -0.920552 1 
0.11446 0.243863 -0.00113907 0.376154 0.105323 -0.920552 1 
0.114847 0.244293 -0.00120351 0.390174 0.0944632 -0.915883 1 
0.114284 0.245211 -0.00109872 0.390174 0.0944632 -0.915883 1 
0.114338 0.245581 -0.00109532 0.365572 0.0992072 -0.925481 1 
0.114394 0.245246 -0.000821739 0.366393 0.102154 -0.924836 1 
0.114693 0.245096 -0.000956781 0.366393 0.102154 -0.924836 1 
0.115097 0.245358 -0.000500545 0.365572 0.0992072 -0.925481 1 
0.115449 0.245578 -0.000632197 0.36041 0.0620485 -0.930728 1 
0.115694 0.244948 -0.000575818 0.365572 0.0992072 -0.925481 1 
0.115843 0.244709 -0.000351101 0.365572 0.0992072 -0.925481 1 
0.115936 0.244914 -0.000594802 0.365572 0.0992072 -0.925481 1 
0.112359 0.242259 -0.0023039 0.404232 -0.155693 -0.901308 1 
0.11247 0.241997 -0.00198924 0.388419 -0.186268 -0.902461 1 
0.112913 0.242501 -0.0020126 0.406699 -0.0384178 -0.912754 1 
0.112913 0.242391 -0.00181778 0.406699 -0.0384178 -0.912754 1 
0.113632 0.24296 -0.00159808 0.366167 0.0679074 -0.928068 1 
0.113797 0.243178 -0.00147484 0.372531 0.0707674 -0.925318 1 
0.113911 0.242838 -0.00151216 0.372531 0.0707674 -0.925318 1 
0.114245 0.242789 -0.00138517 0.342512 0.112366 -0.93277 1 
0.113798 0.242771 -0.00124234 0.367772 0.0762292 -0.926786 1 
0.113873 0.242706 -0.0012274 0.379052 0.0683097 -0.922851 1 
0.114132 0.242612 -0.000920519 0.34099 0.106475 -0.934017 1 
0.11417 0.242744 -0.00120529 0.34099 0.106475 -0.934017 1 
0.114464 0.24297 -0.00102604 0.364742 0.10792 -0.924833 1 
0.114811 0.243863 -0.000881061 0.390174 0.0944632 -0.915883 1 
0.114058 0.245484 -0.000791579 0.365572 0.0992072 -0.925481 1 
0.114729 0.244899 -0.000657067 0.364654 0.0989582 -0.92587 1 
0.1148 0.24532 -0.000522658 0.365572 0.0992072 -0.925481 1 
0.115507 0.244946 -0.000320934 0.365572 0.0992072 -0.925481 1 
0.114123 0.242029 -0.00206979 0.382214 0.0710783 -0.921336 1 
0.114253 0.242037 -0.00201377 0.384572 0.0683386 -0.920562 1 
0.115513 0.244273 -0.000597566 0.365572 0.0992072 -0.925481 1 
0.116643 0.244649 -0.000587896 0.365572 0.0992072 -0.925481 1 
0.116179 0.244581 -0.000576086 0.365572 0.0992072 -0.925481 1 
0.116142 0.244559 -0.000486143 0.365572 0.0992072 -0.925481 1 
0.116365 0.244364 -0.000441305 0.365572 0.0992072 -0.925481 1 
0.116307 0.244777 -0.00036291 0.365572 0.0992072 -0.925481 1 
0.116458 0.244459 -0.000490181 0.365572 0.0992072 -0.925481 1 
0.116682 0.244264 -0.000445351 0.365572 0.0992072 -0.925481 1 
0.116905 0.24407 -0.000400513 0.349176 0.101113 -0.931586 1 
0.117016 0.244215 -0.000318348 0.34449 0.0837948 -0.935043 1 
0.114448 0.242622 -0.00111938 0.352412 0.110214 -0.929333 1 
0.114692 0.242399 -0.0012955 0.364742 0.10792 -0.924833 1 
0.114822 0.242407 -0.00123948 0.373802 0.105431 -0.921497 1 
0.11441 0.24249 -0.000834614 0.358173 0.107588 -0.927436 1 
0.114819 0.242485 -0.000887506 0.377832 0.111289 -0.919162 1 
0.115519 0.243082 -0.000446849 0.364654 0.0989582 -0.92587 1 
0.115965 0.24299 -0.000394858 0.365572 0.0992072 -0.925481 1 
0.11565 0.242683 -0.000158325 0.361391 0.0988073 -0.927164 1 
0.115589 0.24391 -0.000544943 0.365572 0.0992072 -0.925481 1 
0.115812 0.243715 -0.000500113 0.365572 0.0992072 -0.925481 1 
0.116201 0.243739 -0.000332043 0.365572 0.0992072 -0.925481 1 
0.116425 0.243544 -0.000287205 0.365572 0.0992072 -0.925481 1 
0.116594 0.243276 -0.00028345 0.365572 0.0992072 -0.925481 1 
0.117293 0.2445 -0.000464946 0.321891 0.058173 -0.944988 1 
0.117069 0.244695 -0.000509784 0.340629 0.0587292 -0.938362 1 
0.104109 0.249451 -0.00884634 0.640633 -0.297035 0.708068 1 
0.104368 0.249467 -0.00873429 0.59476 -0.347079 0.725118 1 
0.10277 0.249398 -0.00841784 0.814902 -0.100229 0.570867 1 
0.102898 0.249703 -0.00839949 0.825971 -0.118414 0.551135 1 
0.103663 0.249026 -0.008471 0.796463 -0.112942 0.594047 1 
0.103361 0.249771 -0.00841131 0.763304 -0.168443 0.623694 1 
0.103922 0.249449 -0.00859146 0.661519 -0.261752 0.702765 1 
0.103996 0.249384 -0.00857651 0.665205 -0.251229 0.703126 1 
0.10377 0.249767 -0.00846421 0.675012 -0.258887 0.690895 1 
0.101871 0.247448 -0.0083891 0.867459 -0.128459 0.480639 1 
0.102036 0.247666 -0.00826587 0.862685 -0.125718 0.489866 1 
0.102661 0.248845 -0.00826749 0.829281 -0.111829 0.547529 1 
0.102534 0.248242 -0.00824816 0.8344 -0.127133 0.536296 1 
0.102774 0.248505 -0.0083048 0.821711 -0.106168 0.559927 1 
0.102793 0.248148 -0.00794129 0.829281 -0.111829 0.547529 1 
0.102371 0.247209 -0.00790638 0.85932 -0.131869 0.494145 1 
0.102093 0.246924 -0.00775979 0.868559 -0.169009 0.465877 1 
0.102432 0.246718 -0.00833675 0.853168 -0.141951 0.50195 1 
0.102899 0.246082 -0.00807838 0.842167 -0.167839 0.51243 1 
0.102331 0.245195 -0.00842534 0.878625 -0.0941886 0.468131 1 
0.102139 0.246085 -0.00828349 0.870891 -0.14056 0.470948 1 
0.102152 0.246511 -0.00783817 0.86965 -0.162237 0.466249 1 
0.103215 0.245872 -0.00788758 0.836779 -0.149056 0.526861 1 
0.103168 0.245158 -0.00875208 0.832742 -0.102469 0.544097 1 
0.103124 0.245479 -0.00780105 0.857361 -0.0657357 0.5105 1 
0.10284 0.246494 -0.00799999 0.837081 -0.142701 0.52814 1 
0.102928 0.247373 -0.00796705 0.838549 -0.133173 0.5283 1 
0.103205 0.247658 -0.00811365 0.817766 -0.118496 0.56322 1 
0.103151 0.247178 -0.00792221 0.832537 -0.114783 0.541948 1 
0.103069 0.248104 -0.00750341 0.849649 -0.123453 0.512694 1 
0.10243 0.246796 -0.00798477 0.854638 -0.154453 0.49572 1 
0.102634 0.246739 -0.0079138 0.852898 -0.148266 0.500582 1 
0.103237 0.248244 -0.00773215 0.829281 -0.111829 0.547529 1 
0.107451 0.248612 -0.0111078 0.246801 -0.538615 0.805595 1 
0.107915 0.24868 -0.0111196 0.281847 -0.536927 0.795155 1 
0.106926 0.249144 -0.0108604 0.127505 -0.349609 0.928179 1 
0.107219 0.252255 -0.0101853 -0.0374394 -0.13274 0.990444 1 
0.107159 0.252339 -0.00952241 0.0158026 -0.0663709 0.99767 1 
0.107139 0.252367 -0.00930145 0.0158026 -0.0663709 0.99767 1 
0.107619 0.253409 -0.00984208 -0.205095 -0.0594655 0.976934 1 
0.107917 0.25315 -0.00978231 -0.172839 -0.104194 0.979423 1 
0.107914 0.253635 -0.00966282 -0.160012 -0.0333839 0.98655 1 
0.107475 0.252646 -0.00975894 -0.127322 -0.103523 0.986444 1 
0.10773 0.253147 -0.00952742 -0.194089 -0.0793446 0.97777 1 
0.107156 0.252824 -0.00940293 -0.0722571 -0.0700338 0.994924 1 
0.107287 0.252644 -0.00950406 -0.0812315 -0.097249 0.99194 1 
0.107746 0.253495 -0.00943408 -0.160377 -0.0334598 0.986489 1 
0.106135 0.252593 -0.00933044 0.0926774 -0.0858124 0.991991 1 
0.106541 0.253074 -0.00926386 0.00731375 -0.0658237 0.997804 1 
0.106719 0.249797 -0.0110067 0.112177 -0.286382 0.951526 1 
0.106525 0.250248 -0.0100856 0.153365 -0.294514 0.943261 1 
0.107267 0.250602 -0.010244 0.104722 -0.218275 0.970252 1 
0.10762 0.250415 -0.0101431 0.0638481 -0.191544 0.979405 1 
0.107027 0.250339 -0.0101873 0.112818 -0.252869 0.9609 1 
0.107043 0.250687 -0.010094 0.125994 -0.240297 0.962488 1 
0.108463 0.249485 -0.0103568 -0.0688642 -0.313137 0.947208 1 
0.108834 0.249458 -0.0103198 -0.0193812 -0.375994 0.926419 1 
0.107806 0.250197 -0.0100084 0.010325 -0.182408 0.983169 1 
0.108124 0.24969 -0.00977988 -0.012536 -0.167527 0.985788 1 
0.108148 0.249287 -0.0103151 0.0112041 -0.312471 0.949861 1 
0.108761 0.249115 -0.0101022 -0.0919609 -0.33719 0.936934 1 
0.107502 0.251648 -0.0102188 0.0121129 -0.124432 0.992154 1 
0.107667 0.251866 -0.0100956 -0.0995193 -0.145082 0.984402 1 
0.108019 0.251976 -0.0100324 -0.14478 -0.14478 0.978814 1 
0.107928 0.251693 -0.0101407 -0.145432 -0.147918 0.978248 1 
0.107576 0.251473 -0.0100091 0.0121626 -0.127155 0.991808 1 
0.106703 0.2513 -0.00974953 0.144988 -0.228584 0.962667 1 
0.107039 0.251172 -0.00997452 0.123614 -0.210271 0.969797 1 
0.10709 0.25173 -0.00981397 0.0568948 -0.142818 0.988112 1 
0.106589 0.25164 -0.00971222 0.119341 -0.194715 0.973573 1 
0.107873 0.250884 -0.00936481 0.0348801 -0.127144 0.991271 1 
0.107533 0.252234 -0.00983734 -0.0917695 -0.141826 0.985629 1 
0.107551 0.252284 -0.00970632 -0.0852448 -0.120277 0.989074 1 
0.107181 0.252013 -0.00970569 0.0536026 -0.122031 0.991078 1 
0.108167 0.251627 -0.00961289 -0.14478 -0.14478 0.978814 1 
0.107852 0.251429 -0.00957117 -0.102169 -0.143037 0.98443 1 
0.108094 0.251285 -0.00939532 -0.145432 -0.147918 0.978248 1 
0.10822 0.251778 -0.00921983 -0.14478 -0.14478 0.978814 1 
0.108103 0.250235 -0.00998625 -0.113381 -0.154832 0.981413 1 
0.108622 0.250266 -0.00976216 -0.211347 -0.14911 0.96597 1 
0.109179 0.250022 -0.00959034 -0.30619 -0.148332 0.940343 1 
0.108603 0.249887 -0.0093087 -0.22478 -0.161684 0.960902 1 
0.108917 0.249975 -0.00915557 -0.243848 -0.166563 0.955403 1 
0.109083 0.250413 -0.00942199 -0.236712 -0.157367 0.958751 1 
0.108858 0.250388 -0.00907718 -0.236712 -0.157367 0.958751 1 
0.109287 0.250246 -0.0091562 -0.295835 -0.14454 0.94424 1 
0.109094 0.249066 -0.00997525 -0.109866 -0.345874 0.931826 1 
0.109389 0.249292 -0.00979599 -0.365805 -0.190792 0.910925 1 
0.10894 0.249352 -0.00930118 -0.2757 -0.16705 0.946617 1 
0.108089 0.252804 -0.0101305 -0.197613 -0.119575 0.97296 1 
0.108682 0.25277 -0.00989149 -0.17046 -0.104238 0.979836 1 
0.108088 0.252585 -0.00974086 -0.197613 -0.119575 0.97296 1 
0.108029 0.252998 -0.00966248 -0.182944 -0.0945416 0.978567 1 
0.108365 0.25287 -0.00988746 -0.17046 -0.104238 0.979836 1 
0.108701 0.252633 -0.00991762 -0.17046 -0.104238 0.979836 1 
0.108248 0.253586 -0.00953584 -0.160377 -0.0334598 0.986489 1 
0.108712 0.253654 -0.00954766 -0.134979 -0.0351626 0.990224 1 
0.108414 0.253506 -0.00937493 -0.160377 -0.0334598 0.986489 1 
0.107753 0.252524 -0.00967302 -0.114483 -0.105041 0.987856 1 
0.107789 0.252735 -0.00960582 -0.114483 -0.105041 0.987856 1 
0.108989 0.253939 -0.00969426 -0.108145 -0.0390212 0.993369 1 
0.108967 0.254155 -0.00931615 -0.0857956 0.0293226 0.995881 1 
0.103643 0.248974 -0.0112722 0.6666 -0.268867 0.695237 1 
0.10351 0.248825 -0.0105866 0.733048 -0.213222 0.645892 1 
0.10377 0.248323 -0.0100472 0.738745 -0.202884 0.642724 1 
0.10401 0.248586 -0.0101039 0.681782 -0.248352 0.688109 1 
0.103897 0.248519 -0.00983407 0.719719 -0.202759 0.663998 1 
0.103594 0.249562 -0.00981206 0.650394 -0.29067 0.701783 1 
0.10361 0.250019 -0.00991354 0.601737 -0.372192 0.706672 1 
0.103443 0.249879 -0.00968479 0.659448 -0.315952 0.682131 1 
0.104115 0.249624 -0.0101348 0.53719 -0.386972 0.749453 1 
0.104264 0.249385 -0.00991005 0.526023 -0.345856 0.77697 1 
0.103951 0.248999 -0.0100255 0.654398 -0.279999 0.702398 1 
0.104004 0.24915 -0.00963245 0.637173 -0.282656 0.717019 1 
0.104042 0.249282 -0.00991721 0.594487 -0.328831 0.733795 1 
0.103929 0.249215 -0.00964739 0.639513 -0.286899 0.713241 1 
0.104013 0.250688 -0.00968982 0.513188 -0.463364 0.722449 1 
0.103775 0.250237 -0.00979031 0.571625 -0.393713 0.719885 1 
0.103812 0.25004 -0.0094906 0.600396 -0.364818 0.711641 1 
0.10381 0.250338 -0.00952828 0.566848 -0.408196 0.715583 1 
0.104034 0.250253 -0.00967827 0.533446 -0.424444 0.73163 1 
0.104183 0.250013 -0.00945356 0.526956 -0.405477 0.746931 1 
0.104334 0.249586 -0.00938598 0.530255 -0.368098 0.763762 1 
0.103836 0.24901 -0.0094037 0.669268 -0.279527 0.688436 1 
0.104312 0.249802 -0.00900787 0.563259 -0.407991 0.718527 1 
0.105711 0.247701 -0.0110601 0.210662 -0.408065 0.888315 1 
0.103242 0.245013 -0.0117593 0.75717 -0.212132 0.617814 1 
0.10407 0.246025 -0.0114951 0.828097 -0.114973 0.548669 1 
0.104566 0.246679 -0.0111255 0.724417 -0.189179 0.662896 1 
0.10379 0.245818 -0.0109966 0.802911 -0.106762 0.586461 1 
0.103787 0.246303 -0.0108771 0.817044 -0.137405 0.559963 1 
0.104064 0.246588 -0.0110237 0.79602 -0.147854 0.586934 1 
0.104182 0.245763 -0.0111805 0.828959 -0.124271 0.545329 1 
0.105003 0.245378 -0.0116006 0.480529 -0.196104 0.854772 1 
0.104828 0.246616 -0.0113654 0.670697 -0.220439 0.708218 1 
0.105201 0.246402 -0.0114855 0.353028 -0.281528 0.892252 1 
0.105126 0.246357 -0.0113056 0.353028 -0.281528 0.892252 1 
0.104794 0.245591 -0.0109676 0.828959 -0.124271 0.545329 1 
0.10535 0.246162 -0.0112608 0.344315 -0.267472 0.899948 1 
0.10424 0.24535 -0.0112589 0.807544 -0.112851 0.578911 1 
0.104261 0.247502 -0.0107138 0.729436 -0.195853 0.655412 1 
0.104619 0.24694 -0.0109272 0.724162 -0.203137 0.659034 1 
0.104563 0.246757 -0.0107735 0.74178 -0.1889 0.64349 1 
0.104763 0.247593 -0.0108155 0.652039 -0.275801 0.706243 1 
0.104762 0.248 -0.0110481 0.515255 -0.378721 0.768819 1 
0.104704 0.248006 -0.0107372 0.599543 -0.310219 0.737775 1 
0.104459 0.248526 -0.0105987 0.560737 -0.359197 0.746024 1 
0.105172 0.247588 -0.0108684 0.49551 -0.369615 0.786037 1 
0.105504 0.247946 -0.010974 0.238258 -0.418076 0.87661 1 
0.104185 0.247755 -0.0105716 0.714275 -0.210081 0.66759 1 
0.103887 0.247607 -0.0103988 0.753767 -0.181944 0.631452 1 
0.103903 0.247955 -0.0103055 0.753767 -0.181944 0.631452 1 
0.105347 0.24624 -0.0109088 0.693442 -0.206326 0.690339 1 
0.10496 0.248616 -0.0107005 0.400771 -0.416738 0.815912 1 
0.105273 0.249002 -0.010585 0.318426 -0.392264 0.86298 1 
0.10561 0.248467 -0.0105775 0.307691 -0.460756 0.832484 1 
0.104212 0.248827 -0.0100706 0.606585 -0.29609 0.737825 1 
0.104626 0.250517 -0.00947693 0.432166 -0.432166 0.791495 1 
0.105331 0.228459 0.0230124 0.241344 -0.692485 0.679866 1 
0.105516 0.22854 0.0231095 0.247585 -0.552783 0.795696 1 
0.105473 0.226713 0.0227477 0.131074 -0.941841 -0.309443 1 
0.105576 0.227829 0.0230688 0.11265 -0.932417 -0.343379 1 
0.105854 0.228115 0.0229222 0.114398 -0.93806 -0.327042 1 
0.106507 0.22748 0.0229257 0.0404255 -0.968988 -0.243778 1 
0.106226 0.22768 0.0231918 0.109868 -0.949101 -0.295188 1 
0.107129 0.226667 0.0223152 -0.00360048 -0.966129 -0.258034 1 
0.101845 0.225571 0.021839 0.353302 -0.0701312 -0.932877 1 
0.102011 0.225789 0.0219622 0.327405 -0.0530578 -0.943393 1 
0.102341 0.226225 0.0222087 0.313793 -0.0742166 -0.946587 1 
0.10273 0.226248 0.0223767 0.302413 -0.0877129 -0.949133 1 
0.103118 0.226272 0.0225448 0.287501 -0.0897626 -0.953565 1 
0.103358 0.226425 0.0226829 0.241286 -0.0556813 -0.968855 1 
0.101898 0.225722 0.022232 0.327405 -0.0530578 -0.943393 1 
0.102063 0.22594 0.0223552 0.316468 -0.0581268 -0.946821 1 
0.102338 0.226303 0.0225606 0.313793 -0.0742166 -0.946587 1 
0.102393 0.226376 0.0226017 0.311133 -0.0853319 -0.946528 1 
0.102802 0.226371 0.0225488 0.287501 -0.0897626 -0.953565 1 
0.103065 0.225792 0.0227362 0.287501 -0.0897626 -0.953565 1 
0.103006 0.226204 0.0228146 0.287501 -0.0897626 -0.953565 1 
0.103246 0.226357 0.0229528 0.287501 -0.0897626 -0.953565 1 
0.103544 0.226208 0.0228177 0.241286 -0.0556813 -0.968855 1 
0.104497 0.228011 0.0232197 -0.0947588 -0.00106471 0.9955 1 
0.104556 0.227598 0.0231413 -0.00911475 -0.0273443 0.999584 1 
0.104888 0.227956 0.0230358 0.241421 -0.969361 0.045343 1 
0.104998 0.228101 0.023118 0.221628 -0.938084 0.266232 1 
0.10483 0.228369 0.0231142 0.243224 -0.96923 0.0378892 1 
0.105069 0.228522 0.0232524 0.238139 -0.964141 0.117139 1 
0.103806 0.226145 0.0225778 0.241286 -0.0556813 -0.968855 1 
0.103971 0.226363 0.022701 0.202837 -0.0199319 -0.97901 1 
0.104509 0.226147 0.0230938 0.095434 0.0318113 -0.994927 1 
0.104956 0.225757 0.0231835 0.157906 -0.597034 -0.786521 1 
0.104504 0.22704 0.0229808 0.0197065 -0.044599 0.998811 1 
0.104632 0.227235 0.0231939 0.0197065 -0.044599 0.998811 1 
0.104914 0.226628 0.0231604 0.173395 -0.94343 0.282619 1 
0.104725 0.226923 0.0233776 0.228127 -0.97342 0.0203045 1 
0.104839 0.226583 0.0233403 0.0137799 0.324454 -0.945801 1 
0.105416 0.226718 0.0230586 0.137416 -0.823019 -0.551142 1 
0.105564 0.226479 0.0232833 0.129391 -0.768907 -0.626131 1 
0.105714 0.226459 0.0231184 0.07815 -0.842599 -0.532841 1 
0.104898 0.22617 0.0232619 0.161936 -0.612937 -0.77336 1 
0.105455 0.225926 0.0234337 0.14635 -0.662345 -0.734766 1 
0.104082 0.226101 0.0230157 0.202837 -0.0199319 -0.97901 1 
0.104471 0.226124 0.0231837 0.095434 0.0318113 -0.994927 1 
0.104396 0.22608 0.0233636 0.225824 -0.165076 -0.96008 1 
0.104359 0.226057 0.0234536 0.225824 -0.165076 -0.96008 1 
0.104789 0.225617 0.0234122 0.253155 -0.438095 -0.862546 1 
0.104844 0.22569 0.0234533 0.230643 -0.453748 -0.860765 1 
0.105009 0.225908 0.0235765 0.21263 -0.53387 -0.818396 1 
0.105249 0.226171 0.0235199 0.159237 -0.671827 -0.723389 1 
0.10559 0.225151 0.0234079 0.170717 -0.497305 -0.850614 1 
0.105531 0.225563 0.0234863 0.170174 -0.558713 -0.811715 1 
0.105078 0.227253 0.0230511 0.20528 -0.914427 0.348832 1 
0.105112 0.227761 0.0230806 0.202868 -0.707716 0.676744 1 
0.10556 0.227372 0.0231703 0.116718 -0.895778 -0.428905 1 
0.104965 0.227186 0.0233209 0.202718 -0.967107 0.153653 1 
0.105036 0.227607 0.0234554 0.197247 -0.959758 0.199894 1 
0.105628 0.22798 0.0234619 0.131122 -0.903758 -0.407466 1 
0.105776 0.228148 0.0234541 0.128053 -0.902002 -0.412304 1 
0.11053 0.216966 0.0254309 -0.904451 -0.176303 0.388441 1 
0.11036 0.220228 0.0257282 -0.603838 -0.346678 0.71777 1 
0.110247 0.220161 0.025998 -0.59476 -0.347079 0.725118 1 
0.110509 0.219988 0.0259529 -0.661324 -0.347808 0.66459 1 
0.1103 0.220312 0.0263911 -0.608035 -0.350476 0.712362 1 
0.110634 0.220262 0.0265181 -0.661324 -0.347808 0.66459 1 
0.110555 0.220703 0.0268174 -0.655397 -0.369585 0.658682 1 
0.110928 0.218418 0.0257364 -0.767237 -0.295091 0.569446 1 
0.110924 0.218903 0.0258559 -0.686801 -0.323105 0.651081 1 
0.110833 0.218401 0.0261373 -0.767237 -0.295091 0.569446 1 
0.110699 0.218769 0.0263955 -0.686801 -0.323105 0.651081 1 
0.110907 0.218226 0.026347 -0.819334 -0.273111 0.504085 1 
0.111158 0.217032 0.025932 -0.869212 -0.222913 0.441338 1 
0.110935 0.21682 0.0261196 -0.879167 -0.205385 0.429979 1 
0.111024 0.2174 0.0261903 -0.816308 -0.276265 0.507266 1 
0.111135 0.217765 0.0258827 -0.819334 -0.273111 0.504085 1 
0.110966 0.217813 0.0262686 -0.819334 -0.273111 0.504085 1 
0.110956 0.219599 0.0260426 -0.653566 -0.352172 0.669946 1 
0.110806 0.219509 0.0264023 -0.650926 -0.355796 0.670601 1 
0.110716 0.219226 0.0262941 -0.640214 -0.352036 0.682786 1 
0.110879 0.219632 0.0265744 -0.73649 -0.3528 0.577161 1 
0.110774 0.218813 0.0262157 -0.686801 -0.323105 0.651081 1 
0.110862 0.219175 0.0266759 -0.711344 -0.354854 0.606686 1 
0.11086 0.219989 0.0262109 -0.659481 -0.348559 0.666027 1 
0.110748 0.219922 0.0264807 -0.659481 -0.348559 0.666027 1 
0.110838 0.220095 0.0267838 -0.728346 -0.356841 0.584958 1 
0.110534 0.221138 0.0268059 -0.656816 -0.370385 0.656816 1 
0.110942 0.218327 0.0266091 -0.819334 -0.273111 0.504085 1 
0.110874 0.217311 0.02655 -0.816308 -0.276265 0.507266 1 
0.110816 0.217724 0.0266284 -0.819334 -0.273111 0.504085 1 
0.110654 0.219498 0.0271141 -0.744492 -0.348727 0.569317 1 
0.110637 0.21904 0.0272156 0.22632 -0.308877 0.923783 1 
0.110853 0.220224 0.0272668 -0.760671 -0.364928 0.536849 1 
0.110494 0.221084 0.0274426 -0.726136 -0.396822 0.561479 1 
0.110869 0.220681 0.0271654 -0.736819 -0.388922 0.553025 1 
0.110755 0.221021 0.0272027 -0.725734 -0.393312 0.56446 1 
0.110533 0.220809 0.0273903 -0.725734 -0.393312 0.56446 1 
0.110866 0.22076 0.0275173 -0.745614 -0.391652 0.539136 1 
0.110587 0.221289 0.0271989 -0.69219 -0.391525 0.606285 1 
0.110196 0.220936 0.0276153 -0.690301 -0.387161 0.611221 1 
0.110605 0.220822 0.0277573 -0.736257 -0.395184 0.549323 1 
0.111018 0.220442 0.0273901 -0.768658 -0.364101 0.525924 1 
0.110905 0.220375 0.0276599 -0.777756 -0.363815 0.512575 1 
0.110718 0.220482 0.0277199 -0.755485 -0.38019 0.533571 1 
0.111129 0.22018 0.0277047 -0.847227 -0.34482 0.40411 1 
0.111016 0.220113 0.0279746 -0.847227 -0.34482 0.40411 1 
0.111369 0.220333 0.0278429 -0.845689 -0.354846 0.398615 1 
0.111372 0.219847 0.0277234 -0.851038 -0.327084 0.410792 1 
0.111425 0.219998 0.0281165 -0.858976 -0.331562 0.390163 1 
0.111723 0.219848 0.0279814 -0.877665 -0.313776 0.362283 1 
0.111501 0.219636 0.0281691 -0.877665 -0.313776 0.362283 1 
0.111405 0.220136 0.0281426 -0.858976 -0.331562 0.390163 1 
0.111874 0.219311 0.0282438 0.084574 -0.363802 0.927629 1 
0.111754 0.216403 0.0262464 -0.894455 -0.159365 0.417795 1 
0.104942 0.230228 0.0306289 -0.495516 -0.515537 0.699061 1 
0.105111 0.22996 0.0306327 -0.517423 -0.557873 0.648885 1 
0.104998 0.229893 0.0309025 -0.52445 -0.554804 0.645867 1 
0.105052 0.230263 0.0309059 -0.514086 -0.520785 0.681541 1 
0.107373 0.225758 0.0291952 -0.930058 -0.360581 -0.0705195 1 
0.107389 0.226216 0.0290937 -0.922827 -0.368856 -0.111068 1 
0.107929 0.225922 0.0291345 -0.940343 -0.30619 -0.148332 1 
0.107687 0.225847 0.0293484 -0.909581 -0.414409 -0.0304518 1 
0.108098 0.225654 0.0291383 -0.926548 -0.367123 -0.0820311 1 
0.107966 0.225724 0.0294343 -0.904312 -0.426413 -0.0198025 1 
0.106753 0.226384 0.0296486 -0.560029 -0.715318 0.417957 1 
0.106829 0.225911 0.0298961 -0.578755 -0.713963 0.394081 1 
0.104711 0.228916 0.0300946 -0.538431 -0.60257 0.589068 1 
0.104953 0.228771 0.0302705 -0.542518 -0.623643 0.5628 1 
0.10643 0.227454 0.0298916 -0.518489 -0.669506 0.531913 1 
0.105985 0.227029 0.0302669 -0.502179 -0.656696 0.562642 1 
0.106355 0.227409 0.0300715 -0.518723 -0.66645 0.53551 1 
0.106861 0.226717 0.0298879 -0.535129 -0.698501 0.475114 1 
0.106803 0.22713 0.0299663 -0.518489 -0.669506 0.531913 1 
0.107027 0.226935 0.0300112 -0.531895 -0.698633 0.478539 1 
0.106636 0.226582 0.0304276 -0.50535 -0.676598 0.53557 1 
0.106504 0.22728 0.0301014 -0.518489 -0.669506 0.531913 1 
0.106614 0.227425 0.0301835 -0.518489 -0.669506 0.531913 1 
0.10669 0.227062 0.0302361 -0.518489 -0.669506 0.531913 1 
0.1062 0.228213 0.0303182 -0.485313 -0.636448 0.599504 1 
0.106408 0.22767 0.0302697 -0.485313 -0.636448 0.599504 1 
0.106315 0.227465 0.0305134 -0.485313 -0.636448 0.599504 1 
0.1067 0.227974 0.0308009 -0.485313 -0.636448 0.599504 1 
0.106968 0.227348 0.0300895 -0.518489 -0.669506 0.531913 1 
0.107003 0.227448 0.0303516 -0.518489 -0.669506 0.531913 1 
0.107058 0.227521 0.0303927 -0.518489 -0.669506 0.531913 1 
0.106464 0.227335 0.0305433 -0.492219 -0.643412 0.586295 1 
0.106629 0.227553 0.0306665 -0.492219 -0.643412 0.586295 1 
0.106741 0.227511 0.0305915 -0.492219 -0.643412 0.586295 1 
0.10702 0.227499 0.0304826 -0.518489 -0.669506 0.531913 1 
0.107131 0.227644 0.0305647 -0.499814 -0.654638 0.567129 1 
0.107148 0.227585 0.0308906 -0.492219 -0.643412 0.586295 1 
0.107334 0.227477 0.0308305 -0.499814 -0.654638 0.567129 1 
0.105207 0.22957 0.0304643 -0.539539 -0.597045 0.593662 1 
0.105431 0.229375 0.0305092 -0.532518 -0.606901 0.589996 1 
0.105878 0.228986 0.0305988 -0.493552 -0.62831 0.601359 1 
0.106959 0.226546 0.0293299 -0.616353 -0.701367 0.358041 1 
0.107332 0.226221 0.0294046 -0.728395 -0.640296 0.243847 1 
0.107404 0.226344 0.0295767 -0.613595 -0.701953 0.361612 1 
0.107383 0.22678 0.0295652 -0.575802 -0.71439 0.397617 1 
0.107324 0.227083 0.0298384 -0.535129 -0.698501 0.475114 1 
0.107644 0.226607 0.0295201 -0.599639 -0.708067 0.372926 1 
0.107624 0.226635 0.0297411 -0.577394 -0.715574 0.393154 1 
0.107758 0.226267 0.0294828 -0.824975 -0.56087 0.0695762 1 
0.107982 0.226072 0.0295276 -0.853843 -0.515128 0.0747995 1 
0.10815 0.225805 0.0295314 -0.874848 -0.483003 0.0367354 1 
0.107996 0.226608 0.0297781 -0.619093 -0.704035 0.347934 1 
0.108125 0.226506 0.0300289 -0.523754 -0.716628 0.460571 1 
0.108368 0.226284 0.0298528 -0.733053 -0.642398 0.223511 1 
0.108514 0.22653 0.030197 -0.486916 -0.722896 0.49024 1 
0.108698 0.22661 0.0302941 -0.199492 -0.703634 0.681984 1 
0.107107 0.226197 0.0297495 -0.603133 -0.705025 0.373055 1 
0.107084 0.22682 0.0298951 -0.535129 -0.698501 0.475114 1 
0.107437 0.226633 0.0299959 -0.524218 -0.707278 0.474292 1 
0.107584 0.226691 0.030183 -0.518931 -0.705813 0.482222 1 
0.107525 0.227104 0.0302614 -0.522478 -0.696081 0.492431 1 
0.10736 0.226886 0.0301381 -0.531895 -0.698633 0.478539 1 
0.107301 0.227189 0.0304114 -0.518489 -0.669506 0.531913 1 
0.107713 0.226589 0.0304338 -0.511154 -0.707623 0.487844 1 
0.107562 0.226797 0.0307559 -0.489825 -0.687092 0.536634 1 
0.107655 0.227002 0.0305122 -0.510423 -0.694509 0.507076 1 
0.107542 0.226934 0.030782 -0.50535 -0.676598 0.53557 1 
0.107988 0.226952 0.0306392 -0.508569 -0.701991 0.498564 1 
0.108012 0.226439 0.0302988 -0.503034 -0.718858 0.479792 1 
0.108511 0.226608 0.030549 -0.49606 -0.721693 0.482788 1 
0.108249 0.22667 0.0307889 -0.477568 -0.717184 0.50752 1 
0.108288 0.226395 0.0307367 -0.487287 -0.720121 0.49394 1 
0.108922 0.226415 0.0303389 -0.159342 -0.699588 0.696553 1 
0.107723 0.2275 0.0309986 -0.499814 -0.654638 0.567129 1 
0.108751 0.226761 0.0306872 -0.448016 -0.729059 0.51745 1 
0.108731 0.226789 0.0309081 -0.452342 -0.720765 0.525247 1 
0.109179 0.226509 0.030803 -0.156046 -0.704478 0.692358 1 
0.105683 0.227774 0.0303266 -0.485313 -0.636448 0.599504 1 
0.104599 0.228848 0.0303645 -0.538431 -0.60257 0.589068 1 
0.104764 0.229067 0.0304877 -0.53497 -0.595724 0.599099 1 
0.105212 0.228677 0.0305774 -0.532214 -0.62345 0.572763 1 
0.105005 0.228812 0.0308584 -0.532518 -0.606901 0.589996 1 
0.106123 0.228356 0.0306552 -0.485313 -0.636448 0.599504 1 
0.105954 0.228623 0.0306515 -0.482794 -0.634192 0.603913 1 
0.10601 0.228288 0.030925 -0.485313 -0.636448 0.599504 1 
0.105787 0.228483 0.0308802 -0.482794 -0.634192 0.603913 1 
0.105543 0.228706 0.0310563 -0.493552 -0.62831 0.601359 1 
0.10543 0.228639 0.0313262 -0.504295 -0.618984 0.602118 1 
0.105898 0.228221 0.0311949 -0.482794 -0.634192 0.603913 1 
0.105674 0.228416 0.03115 -0.4899 -0.634681 0.597644 1 
0.106087 0.228145 0.030588 -0.485313 -0.636448 0.599504 1 
0.106295 0.227603 0.0305395 -0.485313 -0.636448 0.599504 1 
0.106535 0.227756 0.0306777 -0.485313 -0.636448 0.599504 1 
0.106385 0.227776 0.0308426 -0.485313 -0.636448 0.599504 1 
0.106405 0.227638 0.0308165 -0.485313 -0.636448 0.599504 1 
0.106124 0.227948 0.0308877 -0.485313 -0.636448 0.599504 1 
0.106719 0.227727 0.0309696 -0.485313 -0.636448 0.599504 1 
0.107073 0.227649 0.0308756 -0.492219 -0.643412 0.586295 1 
0.105149 0.229575 0.0307752 -0.536028 -0.590138 0.603665 1 
0.105373 0.229381 0.0308201 -0.53497 -0.595724 0.599099 1 
0.105672 0.229231 0.030685 -0.520782 -0.621904 0.584826 1 
0.105504 0.229091 0.0309138 -0.532214 -0.62345 0.572763 1 
0.105037 0.229508 0.0310451 -0.536028 -0.590138 0.603665 1 
0.10526 0.229313 0.0310899 -0.53845 -0.592464 0.599215 1 
0.105447 0.229096 0.0312247 -0.527943 -0.608906 0.592039 1 
0.105765 0.228918 0.0308687 -0.492552 -0.627038 0.603503 1 
0.10679 0.228147 0.031104 -0.485313 -0.636448 0.599504 1 
0.107049 0.228163 0.0312161 -0.485313 -0.636448 0.599504 1 
0.107462 0.227673 0.0310437 -0.492219 -0.643412 0.586295 1 
0.107273 0.227968 0.0312609 -0.485313 -0.636448 0.599504 1 
0.106958 0.22766 0.0314974 -0.485313 -0.636448 0.599504 1 
0.107893 0.226935 0.03104 -0.489825 -0.687092 0.536634 1 
0.107333 0.227148 0.031415 -0.484985 -0.649443 0.585674 1 
0.107536 0.227608 0.0310587 -0.492219 -0.643412 0.586295 1 
0.107776 0.227651 0.0313917 -0.485313 -0.636448 0.599504 1 
0.107534 0.227686 0.0314106 -0.485313 -0.636448 0.599504 1 
0.11026 0.23023 0.0261775 -0.574511 0.0235342 0.818159 1 
0.111155 0.229451 0.0263568 -0.57443 0.0123386 0.81846 1 
0.109344 0.231334 0.0261814 -0.514788 0.0203742 0.857075 1 
0.109615 0.232183 0.0265063 -0.480952 0.0452177 0.87558 1 
0.109493 0.231204 0.0262113 -0.533063 0.0459297 0.844828 1 
0.10983 0.23067 0.0262188 -0.55188 -0.00135597 0.833922 1 
0.109791 0.230945 0.0262711 -0.542985 0.0122478 0.839653 1 
0.1105 0.230383 0.0263157 -0.557653 0.0461216 0.828792 1 
0.110869 0.230544 0.0265099 -0.503727 0.110504 0.856766 1 
0.110054 0.230475 0.0262637 -0.565033 0.0123131 0.824976 1 
0.110239 0.230555 0.0263608 -0.557653 0.0461216 0.828792 1 
0.110436 0.231469 0.0266707 -0.490752 0.0801515 0.867605 1 
0.110825 0.231493 0.0268388 -0.502899 0.095451 0.859059 1 
0.110048 0.231039 0.0267351 -0.490752 0.0801515 0.867605 1 
0.109845 0.230688 0.0268967 -0.562852 0.0432963 0.825423 1 
0.109805 0.230854 0.0271438 -0.516185 0.0986614 0.850776 1 
0.109774 0.230268 0.0267623 -0.583256 0.0151674 0.812147 1 
0.110107 0.230626 0.0266567 -0.557653 0.0461216 0.828792 1 
0.110215 0.230332 0.0275182 -0.517304 0.0926303 0.850774 1 
0.109859 0.231334 0.0269523 -0.494963 0.0950215 0.863703 1 
0.11012 0.231052 0.027102 -0.503727 0.110504 0.856766 1 
0.10995 0.231727 0.0268658 -0.490388 0.10092 0.865641 1 
0.109987 0.231529 0.0271655 -0.494963 0.0950215 0.863703 1 
0.110269 0.230922 0.0271319 -0.503727 0.110504 0.856766 1 
0.110166 0.23291 0.026917 -0.457586 0.0732691 0.886141 1 
0.110314 0.232671 0.0271418 -0.485522 0.11601 0.866493 1 
0.110367 0.232931 0.02734 -0.485237 0.125269 0.865363 1 
0.110765 0.231796 0.027112 -0.502899 0.095451 0.859059 1 
0.110723 0.232666 0.0270889 -0.48396 0.0888906 0.870564 1 
0.110837 0.232326 0.0270516 -0.496045 0.104355 0.862003 1 
0.110872 0.232426 0.0273136 -0.496045 0.104355 0.862003 1 
0.111306 0.231611 0.026958 -0.502899 0.095451 0.859059 1 
0.111544 0.231952 0.0272533 -0.502899 0.095451 0.859059 1 
0.111303 0.231689 0.0273099 -0.503727 0.110504 0.856766 1 
0.111986 0.232455 0.0272299 -0.497119 0.107446 0.861004 1 
0.112303 0.232356 0.0272259 -0.503727 0.110504 0.856766 1 
0.111485 0.232365 0.0273317 -0.496178 0.0952548 0.86298 1 
0.11141 0.23232 0.0275116 -0.503727 0.110504 0.856766 1 
0.111764 0.232243 0.0274176 -0.503727 0.110504 0.856766 1 
0.112098 0.232193 0.0275446 -0.502899 0.095451 0.859059 1 
0.11026 0.232191 0.0273332 -0.496045 0.104355 0.862003 1 
0.111113 0.230321 0.0263337 -0.538065 0.0663755 0.840286 1 
0.110776 0.230339 0.0267536 -0.557653 0.0461216 0.828792 1 
0.111503 0.229937 0.0267343 -0.538065 0.0663755 0.840286 1 
0.111314 0.230233 0.0269515 -0.503727 0.110504 0.856766 1 
0.112061 0.229693 0.0269061 -0.503727 0.110504 0.856766 1 
0.110867 0.229995 0.027484 -0.517304 0.0926303 0.850774 1 
0.111329 0.230361 0.0274345 -0.503727 0.110504 0.856766 1 
0.1115 0.230015 0.0270863 -0.503727 0.110504 0.856766 1 
0.111724 0.229821 0.0271311 -0.503727 0.110504 0.856766 1 
0.111979 0.230212 0.0275575 -0.503727 0.110504 0.856766 1 
0.111462 0.229774 0.0275659 -0.503727 0.110504 0.856766 1 
0.111867 0.230145 0.0278273 -0.503727 0.110504 0.856766 1 
0.112009 0.229135 0.0267456 -0.567383 0.0696786 0.820501 1 
0.112119 0.228544 0.0276447 -0.553131 0.146809 0.820057 1 
0.112288 0.228276 0.0276485 -0.604336 0.0975674 0.790733 1 
0.112598 0.22874 0.0281159 -0.551255 0.189826 0.812456 1 
0.111811 0.230479 0.0275537 -0.503727 0.110504 0.856766 1 
0.111808 0.230558 0.0279057 -0.503727 0.110504 0.856766 1 
0.112311 0.230241 0.0280364 -0.503727 0.110504 0.856766 1 
0.112143 0.230101 0.0282652 -0.503727 0.110504 0.856766 1 
0.112636 0.23157 0.0281699 -0.503727 0.110504 0.856766 1 
0.112492 0.230917 0.0280582 -0.503727 0.110504 0.856766 1 
0.112703 0.229779 0.028085 -0.512508 0.132872 0.84834 1 
0.112645 0.230191 0.0281634 -0.50605 0.113897 0.854951 1 
0.112532 0.230124 0.0284332 -0.510353 0.119998 0.851552 1 
0.11129 0.230009 0.0281089 -0.503727 0.110504 0.856766 1 
0.11142 0.230127 0.0279701 -0.503727 0.110504 0.856766 1 
0.111754 0.230078 0.0280971 -0.503727 0.110504 0.856766 1 
0.111903 0.229838 0.0283218 -0.503727 0.110504 0.856766 1 
0.111199 0.229507 0.0283903 -0.503727 0.110504 0.856766 1 
0.111513 0.229595 0.0285434 -0.503732 0.116912 0.855912 1 
0.1122 0.229359 0.0287713 -0.518927 0.145535 0.842338 1 
0.11193 0.228103 0.0286789 -0.471103 0.63205 0.615284 1 
0.112461 0.228967 0.0291158 -0.552295 0.193227 0.810946 1 
0.111583 0.230423 0.0284453 -0.503727 0.110504 0.856766 1 
0.111882 0.230273 0.0283103 -0.503727 0.110504 0.856766 1 
0.11175 0.230344 0.0286062 -0.503727 0.110504 0.856766 1 
0.11188 0.229944 0.0288948 -0.510353 0.119998 0.851552 1 
0.112292 0.229861 0.0284899 -0.510353 0.119998 0.851552 1 
0.112756 0.229929 0.0284781 -0.512508 0.132872 0.84834 1 
0.112904 0.22969 0.0287028 -0.513034 0.155241 0.844214 1 
0.113001 0.229299 0.0285344 -0.547778 0.189674 0.814839 1 
0.112888 0.229232 0.0288043 -0.550935 0.192751 0.811984 1 
0.11245 0.232414 0.0274129 -0.503727 0.110504 0.856766 1 
0.112524 0.232239 0.0276227 -0.503727 0.110504 0.856766 1 
0.113175 0.2322 0.0275508 -0.503727 0.110504 0.856766 1 
0.112486 0.232217 0.0277126 -0.503727 0.110504 0.856766 1 
0.112411 0.232172 0.0278925 -0.502899 0.095451 0.859059 1 
0.113024 0.23211 0.0279106 -0.500627 0.0984138 0.860051 1 
0.112635 0.231977 0.0279374 -0.502899 0.095451 0.859059 1 
0.112914 0.231855 0.0280233 -0.500627 0.0984138 0.860051 1 
0.113414 0.232353 0.027689 -0.486121 0.134953 0.863409 1 
0.113302 0.232286 0.0279588 -0.476828 0.137686 0.868146 1 
0.110479 0.238072 0.0156589 -0.135529 0.3354 0.932276 1 
0.110547 0.238681 0.0159505 -0.0136718 0.309479 0.950808 1 
0.111085 0.238464 0.0163433 -0.203992 0.412386 0.887877 1 
0.110861 0.238659 0.0162984 -0.137903 0.371922 0.917964 1 
0.110622 0.237989 0.0165876 -0.372487 0.429549 0.822642 1 
0.110639 0.238447 0.0164861 -0.1929 0.395952 0.897781 1 
0.110546 0.238351 0.0165349 -0.239045 0.396429 0.886398 1 
0.110972 0.238397 0.0166131 -0.237305 0.413419 0.879074 1 
0.110433 0.238284 0.0168048 -0.255941 0.396634 0.881576 1 
0.112965 0.238333 0.0157607 -0.0290536 0.554785 0.831486 1 
0.112131 0.237885 0.015968 -0.23481 0.417274 0.877922 1 
0.112815 0.238244 0.0161205 -0.128743 0.487486 0.863587 1 
0.11274 0.238199 0.0163004 -0.0828793 0.481824 0.87234 1 
0.112963 0.238004 0.0163452 -0.0622997 0.477631 0.876349 1 
0.113132 0.237737 0.016349 -0.0443772 0.434358 0.899646 1 
0.110916 0.236035 0.0160008 -0.394888 0.276875 0.876016 1 
0.110749 0.235487 0.016462 -0.373041 0.207568 0.904299 1 
0.111745 0.236639 0.0164975 -0.431647 0.402764 0.807132 1 
0.111355 0.236287 0.0169139 -0.377751 0.359096 0.853437 1 
0.111522 0.236427 0.0166851 -0.431647 0.402764 0.807132 1 
0.11141 0.23636 0.016955 -0.404832 0.376478 0.833292 1 
0.111969 0.236445 0.0165423 -0.431647 0.402764 0.807132 1 
0.11133 0.237834 0.0163996 -0.446988 0.440486 0.778572 1 
0.111853 0.237599 0.0161146 -0.294678 0.404609 0.865711 1 
0.111533 0.238075 0.0164329 -0.241716 0.418874 0.875282 1 
0.111474 0.238488 0.0165113 -0.221729 0.421137 0.879477 1 
0.111847 0.238163 0.016586 -0.241716 0.418874 0.875282 1 
0.112462 0.237914 0.016447 -0.507895 0.378082 0.774013 1 
0.112686 0.237719 0.0164918 -0.221426 0.417588 0.881244 1 
0.112518 0.237579 0.0167206 -0.231372 0.41647 0.879215 1 
0.111049 0.238035 0.0166657 -0.42928 0.445479 0.785663 1 
0.111441 0.237572 0.0167143 -0.459335 0.442989 0.769917 1 
0.111091 0.237164 0.0166888 -0.431647 0.402764 0.807132 1 
0.111032 0.237577 0.0167672 -0.434884 0.425184 0.793785 1 
0.110881 0.237895 0.0168944 -0.441125 0.444381 0.779701 1 
0.111686 0.237052 0.0165759 -0.431647 0.402764 0.807132 1 
0.111835 0.236813 0.0168006 -0.431647 0.402764 0.807132 1 
0.111553 0.23742 0.0168341 -0.459335 0.442989 0.769917 1 
0.111574 0.236985 0.0168457 -0.431647 0.402764 0.807132 1 
0.111461 0.236918 0.0171155 -0.431647 0.402764 0.807132 1 
0.111626 0.237136 0.0172387 -0.456244 0.420524 0.78422 1 
0.111251 0.238275 0.016699 -0.233871 0.412625 0.880366 1 
0.11151 0.238291 0.016811 -0.241716 0.418874 0.875282 1 
0.111475 0.23808 0.0167438 -0.24866 0.420462 0.872571 1 
0.111569 0.237878 0.0167326 -0.278461 0.409322 0.868858 1 
0.111509 0.237961 0.0173955 -0.24763 0.409715 0.87796 1 
0.111793 0.237683 0.0167775 -0.459335 0.442989 0.769917 1 
0.112247 0.23673 0.0163957 -0.464772 0.428895 0.77462 1 
0.112136 0.236585 0.0163135 -0.456244 0.420524 0.78422 1 
0.112854 0.237451 0.0164956 -0.231372 0.41647 0.879215 1 
0.112224 0.236836 0.0169686 -0.464772 0.428895 0.77462 1 
0.111725 0.236558 0.0169132 -0.431647 0.402764 0.807132 1 
0.111909 0.236528 0.0172052 -0.431647 0.402764 0.807132 1 
0.112245 0.236401 0.0169802 -0.456244 0.420524 0.78422 1 
0.109496 0.233912 0.0165471 0.407556 -0.72436 0.556058 1 
0.10966 0.234538 0.0164378 -0.481699 0.253931 0.838741 1 
0.110544 0.235325 0.0167807 -0.324151 0.128847 0.93719 1 
0.110267 0.23504 0.0169273 -0.511089 0.308552 0.802236 1 
0.110322 0.235112 0.0169684 -0.281707 0.0650094 0.957295 1 
0.110247 0.235067 0.0171483 -0.508246 0.311914 0.802743 1 
0.110054 0.233778 0.016524 0.370096 -0.741823 0.55922 1 
0.11053 0.234789 0.0165302 -0.274052 0.0359616 0.961042 1 
0.110379 0.234997 0.0168523 -0.271256 0.0487511 0.961272 1 
0.109788 0.234326 0.0168835 -0.107158 -0.251757 0.96184 1 
0.110047 0.234232 0.0171903 -0.0862982 -0.276927 0.957008 1 
0.110271 0.234147 0.0170403 -0.147864 -0.201866 0.968187 1 
0.110305 0.234655 0.0170699 -0.245058 -0.00836783 0.969472 1 
0.110212 0.23445 0.0173136 -0.475482 0.243092 0.845472 1 
0.110377 0.234668 0.0174368 -0.492118 0.282773 0.823322 1 
0.110249 0.234253 0.0176133 -0.0989345 -0.253118 0.962363 1 
0.110214 0.237586 0.016873 -0.421015 0.405006 0.811614 1 
0.109963 0.236082 0.0169493 -0.313248 0.136961 0.939743 1 
0.110411 0.235693 0.017039 -0.350116 0.195779 0.916018 1 
0.110328 0.237246 0.0168357 -0.388532 0.38224 0.838412 1 
0.110655 0.235063 0.0170954 -0.317385 0.11383 0.94144 1 
0.11058 0.235018 0.0172753 -0.519945 0.316419 0.793433 1 
0.111046 0.234898 0.0171063 -0.377844 0.188204 0.906539 1 
0.1108 0.235309 0.0174396 -0.363862 0.197032 0.910375 1 
0.111264 0.235377 0.0174277 -0.408116 0.260532 0.874965 1 
0.110783 0.235149 0.0175034 -0.544033 0.340626 0.766813 1 
0.110468 0.234951 0.0175451 -0.516828 0.313277 0.79671 1 
0.11067 0.235082 0.0177732 -0.5238 0.334783 0.783297 1 
0.110984 0.23517 0.0179263 -0.537526 0.343823 0.769969 1 
0.111208 0.234975 0.0179711 -0.534504 0.329049 0.778481 1 
0.11108 0.234779 0.017758 -0.525914 0.327697 0.784875 1 
0.111359 0.234657 0.0178439 -0.405611 0.200609 0.89176 1 
0.11158 0.234541 0.0182407 -0.542689 0.339784 0.768138 1 
0.111462 0.23651 0.017348 -0.431647 0.402764 0.807132 1 
0.111572 0.236656 0.0174301 -0.431647 0.402764 0.807132 1 
0.111643 0.237076 0.0175646 -0.464772 0.428895 0.77462 1 
0.111625 0.236807 0.0178232 -0.456244 0.420524 0.78422 1 
0.11177 0.237679 0.0175452 -0.27807 0.405708 0.870677 1 
0.112068 0.23731 0.0177998 -0.459335 0.442989 0.769917 1 
0.11192 0.237142 0.0178076 -0.459335 0.442989 0.769917 1 
0.112149 0.236055 0.0179655 -0.456244 0.420524 0.78422 1 
0.112482 0.236005 0.0180925 -0.45409 0.431304 0.779602 1 
0.11235 0.236702 0.0177663 -0.464772 0.428895 0.77462 1 
0.112307 0.237463 0.017938 -0.24763 0.409715 0.87796 1 
0.112179 0.237048 0.0181145 -0.297829 0.401687 0.865994 1 
0.112196 0.237098 0.0182455 -0.297829 0.401687 0.865994 1 
0.112871 0.236029 0.0182605 -0.294261 0.400988 0.867536 1 
0.112407 0.23596 0.0182724 -0.45409 0.431304 0.779602 1 
0.112594 0.235743 0.0184071 -0.451893 0.422738 0.785548 1 
0.111881 0.234203 0.0179485 -0.55347 0.352208 0.754732 1 
0.112024 0.234637 0.0184498 -0.551288 0.359394 0.752939 1 
0.113135 0.235778 0.0178635 -0.433157 0.439646 0.78682 1 
0.11293 0.235616 0.0181822 -0.437383 0.443887 0.782087 1 
0.113208 0.235901 0.0180356 -0.306674 0.417632 0.855298 1 
0.112803 0.235013 0.0182015 -0.471589 0.384675 0.793492 1 
0.112801 0.235091 0.0185535 -0.493776 0.380451 0.781948 1 
0.112817 0.235548 0.018452 -0.454451 0.44142 0.773707 1 
0.113576 0.238569 0.0157411 0.0612228 0.590871 0.804439 1 
0.113464 0.238502 0.0160109 0.0584502 0.608737 0.791216 1 
0.113186 0.238217 0.0161575 -0.0261476 0.5491 0.835348 1 
0.113635 0.238156 0.0156627 0.0584502 0.608737 0.791216 1 
0.113577 0.238162 0.0159736 0.00408277 0.567506 0.823359 1 
0.11341 0.238022 0.0162024 -0.0318179 0.554739 0.831416 1 
0.11214 0.238796 0.0165328 -0.110615 0.507107 0.854755 1 
0.106264 0.220537 0.024096 0.222637 0.304885 -0.926001 1 
0.106503 0.220581 0.024429 0.222637 0.304885 -0.926001 1 
0.107323 0.219757 0.0247883 0.38608 0.235198 -0.891978 1 
0.106475 0.22147 0.0250838 0.495728 0.257902 -0.829301 1 
0.106743 0.220734 0.0245672 0.351234 0.306011 -0.884868 1 
0.106742 0.220514 0.0249569 0.381023 0.296014 -0.875898 1 
0.106805 0.221906 0.0253302 0.560504 0.259057 -0.78659 1 
0.106789 0.221558 0.0252369 0.466976 0.298302 -0.832436 1 
0.106704 0.22297 0.0257752 0.726047 0.0861907 -0.682222 1 
0.10698 0.223553 0.0255909 0.76708 -0.0797531 -0.636575 1 
0.106771 0.223986 0.0258343 0.764307 -0.0858936 -0.639106 1 
0.107472 0.222324 0.0251569 0.587107 0.281621 -0.758943 1 
0.10775 0.2225 0.0252051 0.616193 0.229317 -0.753472 1 
0.108415 0.222589 0.0256162 0.596176 0.295691 -0.746419 1 
0.106837 0.222602 0.0255169 0.709859 0.114111 -0.695039 1 
0.107135 0.22275 0.0253442 0.745004 0.0209664 -0.66673 1 
0.106853 0.22295 0.0256102 0.75164 0.0295036 -0.658914 1 
0.107413 0.222627 0.0254301 0.654272 0.182338 -0.733949 1 
0.107934 0.222471 0.025497 0.584397 0.270818 -0.764943 1 
0.107482 0.223236 0.0257217 0.771694 -0.00969813 -0.63592 1 
0.10795 0.222819 0.0255904 0.62303 0.236971 -0.745439 1 
0.106768 0.224471 0.0259537 0.820027 -0.0206729 -0.571952 1 
0.107179 0.224279 0.0257437 0.79598 -0.128958 -0.591427 1 
0.107699 0.224122 0.0258106 0.848438 -0.154932 -0.506112 1 
0.107864 0.22434 0.0259338 0.915578 -0.0914214 -0.391611 1 
0.107714 0.22425 0.0262936 0.966109 0.0482436 -0.253588 1 
0.108175 0.224804 0.0264013 0.988173 0.134485 -0.0736744 1 
0.108201 0.223695 0.0261362 0.827295 0.0935203 -0.553928 1 
0.108162 0.223861 0.0263833 0.916459 0.0857904 -0.390823 1 
0.108014 0.223583 0.0265859 0.734227 0.338749 -0.588354 1 
0.108316 0.222948 0.0263314 0.607976 0.282445 -0.742018 1 
0.108253 0.224254 0.0262967 0.972331 0.0276435 -0.231965 1 
0.108179 0.223911 0.0265143 0.919712 0.164788 -0.356336 1 
0.108305 0.224404 0.0266898 0.96798 0.194627 -0.158537 1 
0.108622 0.224305 0.0266858 0.938434 0.232866 -0.255176 1 
0.108963 0.223284 0.0265738 0.653708 0.326043 -0.682906 1 
0.108658 0.224108 0.0269855 0.71824 0.459475 -0.522507 1 
0.109383 0.223894 0.0271234 0.798201 0.411195 -0.44022 1 
0.106895 0.22186 0.026023 0.564313 0.308534 -0.76574 1 
0.108032 0.223226 0.0269494 0.641678 0.435008 -0.631678 1 
0.10831 0.223512 0.0268028 0.737536 0.359813 -0.571468 1 
0.108306 0.223997 0.0269223 0.567959 0.510658 -0.645485 1 
0.108362 0.223662 0.0271959 0.791089 0.454593 -0.409296 1 
0.108714 0.223773 0.0272591 0.788705 0.458323 -0.409738 1 
0.10858 0.224031 0.0277122 0.136049 0.623434 -0.769948 1 
0.108449 0.224431 0.0274236 -0.711276 0.407622 -0.572652 1 
0.108388 0.224812 0.0280488 -0.548596 0.568852 -0.61274 1 
0.108443 0.224885 0.0280899 -0.756496 0.375808 -0.535241 1 
0.109286 0.224065 0.0276814 0.826337 0.468832 -0.312032 1 
0.108763 0.224409 0.0277716 -0.847089 0.258875 -0.464137 1 
0.109281 0.224848 0.0277632 -0.681886 0.480838 -0.551205 1 
0.108794 0.224886 0.0283479 -0.732797 0.367214 -0.572855 1 
0.108792 0.224964 0.0286999 -0.779518 0.262989 -0.568497 1 
0.10883 0.224579 0.0288425 -0.852247 0.173414 -0.493562 1 
0.107675 0.219977 0.0246566 0.426521 0.248678 -0.86962 1 
0.107244 0.220198 0.0250876 0.415784 0.310679 -0.854753 1 
0.108197 0.22211 0.0252948 0.554612 0.323121 -0.766811 1 
0.108047 0.222021 0.0256545 0.561978 0.330102 -0.758429 1 
0.10926 0.222915 0.0268284 0.635428 0.344667 -0.690967 1 
0.109574 0.222894 0.0271764 0.656476 0.388594 -0.646555 1 
0.109143 0.223631 0.02718 0.764655 0.433905 -0.476477 1 
0.109179 0.223434 0.0274797 0.702805 0.479109 -0.525852 1 
0.109461 0.223234 0.0272137 0.694319 0.437904 -0.571106 1 
0.109403 0.223239 0.0275246 0.681534 0.473892 -0.557618 1 
0.109177 0.223512 0.0278317 0.71149 0.514872 -0.478214 1 
0.109701 0.222979 0.0275844 0.691103 0.451299 -0.56454 1 
0.109851 0.22285 0.0276142 0.67009 0.44617 -0.593222 1 
0.110259 0.222735 0.0277562 0.712264 0.436656 -0.549556 1 
0.109589 0.222912 0.0278542 0.67788 0.48707 -0.550673 1 
0.109738 0.222782 0.0278841 0.680649 0.459898 -0.570273 1 
0.110146 0.222668 0.028026 0.718098 0.436166 -0.542305 1 
0.109645 0.222578 0.0281278 0.685508 0.458673 -0.565419 1 
0.109794 0.222338 0.0283525 0.718098 0.436166 -0.542305 1 
0.108697 0.249803 -0.0221879 0.638691 -0.618575 -0.457645 0 
0.108643 0.249432 -0.0221913 0.624964 -0.635017 -0.454062 0 
0.108403 0.24906 -0.0219398 0.57131 -0.665132 -0.480838 0 
0.108806 0.249211 -0.0212888 0.473167 -0.725522 -0.49973 0 
0.108977 0.248646 -0.0212473 0.451515 -0.735986 -0.50444 0 
0.109349 0.250093 -0.0228442 0.561939 -0.672649 -0.481422 0 
0.109551 0.250223 -0.0226161 0.603598 -0.637225 -0.47918 0 
0.109236 0.250025 -0.0225744 0.603598 -0.637225 -0.47918 0 
0.108937 0.250066 -0.0222446 0.649751 -0.596024 -0.471783 0 
0.108824 0.249998 -0.0219747 0.615547 -0.639029 -0.461241 0 
0.108749 0.249953 -0.0217948 0.603964 -0.650808 -0.460083 0 
0.109269 0.249687 -0.0215331 0.510737 -0.691589 -0.510737 0 
0.109101 0.249954 -0.0215368 0.53557 -0.676598 -0.50535 0 
0.109547 0.249972 -0.0216797 0.53557 -0.676598 -0.50535 0 
0.109266 0.250172 -0.0214136 0.531052 -0.678474 -0.507599 0 
0.11001 0.249821 -0.0213018 0.488755 -0.698936 -0.522117 0 
0.108637 0.249886 -0.021525 0.559075 -0.669883 -0.488561 0 
0.108913 0.249952 -0.021282 0.524699 -0.685629 -0.504583 0 
0.108858 0.24977 -0.0211282 0.503086 -0.70031 -0.506429 0 
0.109137 0.249648 -0.0210423 0.451515 -0.735986 -0.50444 0 
0.109636 0.249926 -0.0209869 0.480779 -0.710355 -0.514051 0 
0.110027 0.249761 -0.020976 0.48046 -0.713208 -0.510385 0 
0.110303 0.249718 -0.0205381 0.446336 -0.742795 -0.49904 0 
0.109523 0.249859 -0.0207171 0.451515 -0.735986 -0.50444 0 
0.11019 0.250058 -0.0205008 0.451515 -0.735986 -0.50444 0 
0.110228 0.249673 -0.0203582 0.41308 -0.762483 -0.497981 0 
0.109471 0.248971 -0.0202932 0.406622 -0.765887 -0.498072 0 
0.109689 0.24956 -0.0201665 0.405246 -0.769804 -0.49313 0 
0.109988 0.24941 -0.0203016 0.405246 -0.769804 -0.49313 0 
0.109614 0.249515 -0.0199867 0.398778 -0.773141 -0.493183 0 
0.110137 0.24928 -0.0202717 0.401872 -0.769576 -0.496238 0 
0.110062 0.249235 -0.0200918 0.406622 -0.765887 -0.498072 0 
0.10995 0.249168 -0.019822 0.40596 -0.76464 -0.500521 0 
0.110132 0.250063 -0.0201899 0.417495 -0.761315 -0.496082 0 
0.110694 0.248926 -0.019905 0.40596 -0.76464 -0.500521 0 
0.1091 0.247854 -0.0192807 0.344688 -0.787171 -0.511421 0 
0.109062 0.247722 -0.018996 0.334468 -0.79216 -0.510503 0 
0.108726 0.24785 -0.018771 0.33024 -0.792895 -0.512112 0 
0.109063 0.248569 -0.0200078 0.410366 -0.763509 -0.498652 0 
0.10908 0.248509 -0.0196819 0.402225 -0.766996 -0.499932 0 
0.109783 0.248621 -0.0193607 0.395749 -0.770327 -0.499979 0 
0.109136 0.248174 -0.0194083 0.352353 -0.786761 -0.506809 0 
0.109489 0.247878 -0.0191127 0.348386 -0.785072 -0.512143 0 
0.109819 0.248314 -0.0188662 0.338161 -0.79011 -0.511248 0 
0.10997 0.248623 -0.0196156 0.40288 -0.768244 -0.497483 0 
0.109302 0.247985 -0.0190526 0.338161 -0.79011 -0.511248 0 
0.109076 0.248258 -0.0187455 0.334468 -0.79216 -0.510503 0 
0.109115 0.247873 -0.0186029 0.305685 -0.803017 -0.511587 0 
0.109059 0.247581 -0.0182543 0.293311 -0.820331 -0.490944 0 
0.108942 0.247889 -0.0176702 0.321973 -0.830846 -0.453903 0 
0.108829 0.247822 -0.0174004 0.261616 -0.869534 -0.418889 0 
0.110153 0.248264 -0.0187392 0.309893 -0.796186 -0.519667 0 
0.110581 0.248122 -0.0188182 0.316141 -0.795913 -0.516311 0 
0.110655 0.247948 -0.0186085 0.313033 -0.792912 -0.522782 0 
0.109338 0.247678 -0.0185581 0.294015 -0.809721 -0.507845 0 
0.11004 0.248197 -0.0184694 0.284962 -0.804507 -0.521119 0 
0.110394 0.24812 -0.0185634 0.288581 -0.802664 -0.521968 0 
0.110282 0.248053 -0.0182935 0.315273 -0.803234 -0.505388 0 
0.110169 0.247986 -0.0180237 0.363311 -0.805045 -0.468943 0 
0.110543 0.24788 -0.0183386 0.347666 -0.796267 -0.495063 0 
0.111209 0.248189 -0.0183172 0.312708 -0.801613 -0.50954 0 
0.109447 0.247494 -0.0178914 0.350089 -0.818987 -0.454641 0 
0.109223 0.247689 -0.0179363 0.334107 -0.818642 -0.467117 0 
0.109409 0.247472 -0.0178015 0.352536 -0.823638 -0.444227 0 
0.109927 0.247393 -0.0173826 0.441839 -0.821916 -0.359489 0 
0.110056 0.247918 -0.0177539 0.39333 -0.80111 -0.451126 0 
0.110205 0.247679 -0.0175292 0.459733 -0.792031 -0.401661 0 
0.110483 0.247964 -0.0176758 0.403613 -0.799185 -0.445421 0 
0.110261 0.247344 -0.0172556 0.51726 -0.786299 -0.3379 0 
0.109184 0.247338 -0.0172618 0.43853 -0.831478 -0.341079 0 
0.109352 0.247478 -0.0174906 0.330222 -0.854237 -0.401538 0 
0.109671 0.246673 -0.0172244 0.388173 -0.858312 -0.335592 0 
0.109815 0.247326 -0.0171127 0.46079 -0.825648 -0.325541 0 
0.109204 0.246683 -0.0168606 0.368859 -0.875849 -0.311177 0 
0.109558 0.246606 -0.0169546 0.415082 -0.856397 -0.307068 0 
0.109702 0.247259 -0.0168429 0.434808 -0.843122 -0.316366 0 
0.110039 0.247131 -0.0170679 0.47005 -0.825338 -0.312842 0 
0.109813 0.246997 -0.0165283 0.32974 -0.886836 -0.323718 0 
0.11026 0.247015 -0.0166711 0.415082 -0.856397 -0.307068 0 
0.110037 0.246802 -0.0164834 0.359645 -0.878626 -0.31412 0 
0.10941 0.245592 -0.015935 0.115989 -0.929278 -0.350697 0 
0.109184 0.246601 -0.0164449 0.359645 -0.878626 -0.31412 0 
0.109483 0.246561 -0.0167747 0.32974 -0.886836 -0.323718 0 
0.109109 0.246556 -0.016265 0.349467 -0.881987 -0.316184 0 
0.109667 0.246422 -0.016288 0.289962 -0.896652 -0.334571 0 
0.109592 0.246377 -0.0161081 0.208027 -0.913885 -0.348625 0 
0.110035 0.24688 -0.0161315 0.316612 -0.889814 -0.328616 0 
0.109145 0.246359 -0.0159653 0.208027 -0.913885 -0.348625 0 
0.109348 0.24649 -0.0157371 0.199046 -0.915038 -0.350836 0 
0.109198 0.24651 -0.0155722 0.201794 -0.914513 -0.350635 0 
0.109085 0.246443 -0.0153024 0.115878 -0.928387 -0.353087 0 
0.110221 0.246663 -0.0159967 0.214846 -0.912734 -0.347502 0 
0.109704 0.245708 -0.0155609 0.201139 -0.917252 -0.343791 0 
0.109384 0.246183 -0.0152426 0.154842 -0.924864 -0.347347 0 
0.110123 0.246615 -0.015049 0.146457 -0.921981 -0.358471 0 
0.110289 0.246425 -0.0146933 0.899805 -0.397185 -0.180539 0 
0.108976 0.24589 -0.015152 0.00376636 -0.940335 -0.340228 0 
0.109104 0.246086 -0.0149389 -0.207349 -0.916625 -0.341768 0 
0.108973 0.246376 -0.0150326 0.061576 -0.936741 -0.344564 0 
0.109197 0.246181 -0.0149877 -0.200809 -0.918596 -0.340379 0 
0.109046 0.246091 -0.014628 0.895605 -0.400474 -0.193684 0 
0.108315 0.246649 -0.0139048 0.854702 0.503534 0.126246 0 
0.108651 0.246522 -0.0141298 0.854851 0.498298 0.144667 0 
0.108895 0.246299 -0.0143059 0.716413 -0.626258 -0.307494 0 
0.109024 0.246197 -0.014055 0.605277 -0.712954 -0.35403 0 
0.108464 0.246519 -0.0138749 0.858353 0.494027 0.138444 0 
0.108947 0.24645 -0.0139128 0.863193 0.484727 0.141197 0 
0.108874 0.246108 -0.0136953 0.869368 0.477215 0.128315 0 
0.109383 0.245964 -0.0148529 -0.38691 -0.861683 -0.328334 0 
0.109605 0.246067 -0.0148458 -0.38691 -0.861683 -0.328334 0 
0.108956 0.245808 -0.0147363 0.81448 -0.527016 -0.242644 0 
0.109305 0.245997 -0.0143211 0.657372 -0.673684 -0.337657 0 
0.109531 0.245724 -0.0146282 0.747122 -0.596737 -0.292769 0 
0.110175 0.246766 -0.014656 -0.0429331 -0.93282 -0.357776 0 
0.109878 0.246618 -0.0144833 0.899805 -0.397185 -0.180539 0 
0.110139 0.246446 -0.0145284 0.862835 -0.457678 -0.214583 0 
0.110174 0.246436 -0.0140715 0.662073 -0.665343 -0.344932 0 
0.109989 0.246246 -0.0139738 0.60587 -0.701102 -0.376001 0 
0.110198 0.246033 -0.0146068 0.779086 -0.564166 -0.273391 0 
0.110085 0.245965 -0.014337 0.673684 -0.657372 -0.337657 0 
0.110138 0.246116 -0.0139439 0.60587 -0.701102 -0.376001 0 
0.109919 0.245418 -0.0138757 0.537327 -0.741084 -0.402584 0 
0.109876 0.246179 -0.013704 0.56965 -0.723964 -0.389069 0 
0.10986 0.245831 -0.0137973 0.56965 -0.723964 -0.389069 0 
0.109645 0.247345 -0.0135098 0.929952 0.354974 0.0958296 0 
0.10931 0.247175 -0.0132472 0.953544 0.297587 0.0468541 0 
0.109682 0.247148 -0.0132101 0.961577 0.272796 0.0308593 0 
0.110005 0.246704 -0.0140753 0.746964 -0.603623 -0.278718 0 
0.109872 0.247072 -0.013817 0.880945 0.454081 0.133216 0 
0.110003 0.246782 -0.0137233 0.884653 0.445911 0.136211 0 
0.109869 0.24715 -0.013465 0.865995 0.478844 0.14409 0 
0.109721 0.246982 -0.0134572 0.866223 0.480268 0.137841 0 
0.108761 0.24604 -0.0134254 0.872809 0.470195 0.130849 0 
0.109432 0.245456 -0.0132909 0.367747 -0.813501 -0.45053 0 
0.109134 0.245606 -0.0131559 0.906858 0.406906 0.109712 0 
0.110157 0.245242 -0.013153 0.347967 -0.811923 -0.468722 0 
0.110045 0.245175 -0.0128832 0.297239 -0.816228 -0.495399 0 
0.109932 0.245108 -0.0126134 0.181075 -0.842525 -0.507311 0 
0.110156 0.245023 -0.0127634 0.353838 -0.795736 -0.491531 0 
0.110044 0.244955 -0.0124936 0.184331 -0.837733 -0.514029 0 
0.109969 0.244911 -0.0123137 0.218222 -0.825583 -0.520377 0 
0.110451 0.244512 -0.0117672 0.981746 -0.135708 -0.133263 0 
0.110039 0.244595 -0.0113623 0.972496 -0.179244 -0.148735 0 
0.110228 0.244299 -0.0115795 0.969784 -0.183681 -0.16056 0 
0.110247 0.244052 -0.0114108 0.930854 -0.297141 -0.212646 0 
0.110115 0.244232 -0.0113097 0.921885 -0.315871 -0.224397 0 
0.109948 0.244092 -0.0110809 0.911101 -0.34798 -0.220917 0 
0.11019 0.244057 -0.0110999 0.912014 -0.345438 -0.221138 0 
0.110563 0.243843 -0.01122 0.994321 -0.106419 0.00107494 0 
0.11056 0.243921 -0.010868 0.995271 -0.0944259 0.0227925 0 
0.109835 0.244025 -0.0108111 0.994101 -0.107794 0.0119771 0 
0.110262 0.244071 -0.010733 0.994194 -0.107334 0.00758927 0 
0.109964 0.243923 -0.0105603 0.995937 -0.0754332 0.0491955 0 
0.109852 0.243856 -0.0102904 0.987997 0.0355725 0.150322 0 
0.109238 0.243698 -0.00991883 0.984584 0.065165 0.16232 0 
0.109333 0.243198 -0.00989234 0.9335 0.23162 0.273733 0 
0.109201 0.243895 -0.0102185 0.995516 -0.0562252 0.0760693 0 
0.110113 0.243574 -0.0101407 0.984584 0.065165 0.16232 0 
0.110038 0.243529 -0.00996082 0.984584 0.065165 0.16232 0 
0.109887 0.243439 -0.00960106 0.9335 0.23162 0.273733 0 
0.109295 0.242956 -0.00941275 0.935055 0.225703 0.273367 0 
0.109127 0.242816 -0.00918401 0.93431 0.234631 0.268351 0 
0.109812 0.243394 -0.00942118 0.9335 0.23162 0.273733 0 
0.109697 0.243405 -0.00879938 -0.347565 0.846313 0.403674 0 
0.110111 0.243244 -0.00955623 0.9335 0.23162 0.273733 0 
0.109996 0.243255 -0.00893443 0.93431 0.234631 0.268351 0 
0.109015 0.242749 -0.00891419 -0.361693 0.84395 0.39614 0 
0.109014 0.242639 -0.00871935 -0.273619 0.8606 0.429536 0 
0.109537 0.242294 -0.00880957 -0.273619 0.8606 0.429536 0 
0.109461 0.24203 -0.00824004 -0.299488 0.858531 0.416211 0 
0.109181 0.242559 -0.00855845 -0.306674 0.855298 0.417632 0 
0.109143 0.242427 -0.00827368 -0.303077 0.856924 0.416924 0 
0.109794 0.242388 -0.00834554 -0.299892 0.856616 0.419849 0 
0.109848 0.242868 -0.00853699 -0.306674 0.855298 0.417632 0 
0.110181 0.242819 -0.00841 -0.306674 0.855298 0.417632 0 
0.109162 0.24218 -0.00810499 -0.306674 0.855298 0.417632 0 
0.109237 0.242115 -0.00809004 -0.310679 0.854753 0.415784 0 
0.109012 0.24209 -0.00774523 -0.464741 0.799227 0.38112 0 
0.109291 0.241968 -0.00765931 -0.464741 0.799227 0.38112 0 
0.109253 0.241946 -0.00756937 -0.575593 0.744217 0.33887 0 
0.110009 0.242318 -0.00704997 -0.802353 0.555949 0.217143 0 
0.109027 0.242219 -0.00726224 -0.710139 0.646306 0.279268 0 
0.108842 0.242029 -0.0071645 -0.747816 0.611849 0.257704 0 
0.109934 0.242273 -0.00687008 -0.788893 0.575846 0.214591 0 
0.109784 0.242184 -0.00651032 -0.508102 0.831579 0.224297 0 
0.109064 0.241505 -0.00653518 -0.545056 0.80914 0.219558 0 
0.109437 0.24107 -0.00626563 -0.566049 0.794319 0.220558 0 
0.109452 0.241199 -0.00578263 -0.516325 0.821496 0.241979 0 
0.110135 0.242184 -0.00625232 -0.54457 0.813041 0.20593 0 
0.109321 0.241081 -0.00564384 -0.563017 0.792566 0.234203 0 
0.109151 0.241019 -0.00506311 -0.558334 0.784813 0.268944 0 
0.109355 0.241479 -0.00541949 -0.525707 0.814147 0.24657 0 
0.10889 0.241082 -0.00482318 -0.590661 0.763922 0.259891 0 
0.109691 0.241352 -0.00564447 -0.48132 0.838082 0.256807 0 
0.110398 0.240978 -0.00544276 -0.506922 0.823167 0.255786 0 
0.109136 0.240781 -0.00535128 -0.564745 0.786888 0.248738 0 
0.109989 0.240982 -0.00538987 -0.511411 0.81919 0.259591 0 
0.109726 0.241452 -0.00538244 -0.496121 0.829959 0.255015 0 
0.109928 0.241473 -0.00495949 -0.521767 0.811464 0.26322 0 
0.109117 0.240511 -0.00509264 -0.612871 0.748364 0.253656 0 
0.10917 0.240662 -0.0046996 -0.58833 0.754146 0.291773 0 
0.108212 0.240866 -0.00304709 0.699506 -0.64458 -0.308558 0 
0.108656 0.240962 -0.00283796 0.619093 -0.700768 -0.354468 0 
0.107877 0.240587 -0.00258961 0.684652 -0.642168 -0.344777 0 
0.107856 0.241022 -0.00260115 0.685029 -0.645978 -0.33682 0 
0.108138 0.240414 -0.0026347 0.695899 -0.633968 -0.337356 0 
0.108609 0.240138 -0.00350762 0.677968 -0.658458 -0.32679 0 
0.108774 0.240356 -0.00338439 0.629358 -0.694746 -0.34819 0 
0.108496 0.240071 -0.0032378 0.672975 -0.659939 -0.334043 0 
0.108662 0.240399 -0.00330939 0.629358 -0.694746 -0.34819 0 
0.108459 0.240049 -0.00314786 0.673684 -0.657372 -0.337657 0 
0.10911 0.240009 -0.00321972 0.625979 -0.688412 -0.366387 0 
0.108862 0.240717 -0.00292414 0.61082 -0.702525 -0.365182 0 
0.108549 0.240332 -0.00303957 0.645484 -0.678167 -0.35134 0 
0.108714 0.24044 -0.00272153 0.614669 -0.687177 -0.387258 0 
0.108883 0.240282 -0.0029126 0.623097 -0.685571 -0.376488 0 
0.108805 0.240723 -0.00261324 0.598535 -0.697466 -0.394077 0 
0.109256 0.239848 -0.00264304 0.592802 -0.689111 -0.416788 0 
0.109476 0.240139 -0.00247873 0.581947 -0.694689 -0.422782 0 
0.109982 0.239336 -0.00246746 0.570272 -0.693304 -0.440589 0 
0.109434 0.241009 -0.00250183 0.559474 -0.717909 -0.414242 0 
0.109417 0.240551 -0.00240035 0.585759 -0.695278 -0.416503 0 
0.10994 0.240207 -0.00249055 0.569065 -0.70511 -0.423066 0 
0.109881 0.24062 -0.00241216 0.569065 -0.70511 -0.423066 0 
0.110329 0.24023 -0.00232249 0.554622 -0.701189 -0.448028 0 
0.110088 0.239967 -0.00226584 0.554622 -0.701189 -0.448028 0 
0.108606 0.239997 -0.00276601 0.633714 -0.666807 -0.392142 0 
0.108846 0.239633 -0.00220048 -0.507882 -0.609121 -0.609121 0 
0.108661 0.24007 -0.00272492 0.633714 -0.666807 -0.392142 0 
0.108696 0.24017 -0.00246289 0.592501 -0.685442 -0.423215 0 
0.108637 0.240583 -0.0023845 0.592501 -0.685442 -0.423215 0 
0.10905 0.240093 -0.00255686 0.60804 -0.684252 -0.402599 0 
0.109772 0.240067 -0.00226181 0.566709 -0.696337 -0.440404 0 
0.109666 0.239436 -0.00246343 0.570272 -0.693304 -0.440589 0 
0.109811 0.239682 -0.00211924 0.555535 -0.69567 -0.455439 0 
0.110035 0.239487 -0.00207441 -0.58785 -0.513737 -0.624906 0 
0.109643 0.239542 -0.0018905 -0.496701 -0.580888 -0.64487 0 
0.109867 0.239347 -0.00184567 0.537959 -0.675381 -0.504441 0 
0.109014 0.238629 -0.00137974 0.93652 0.23938 0.256178 0 
0.109421 0.239329 -0.00170283 0.529764 -0.66767 -0.523036 0 
0.109477 0.238995 -0.00142924 0.422936 -0.691624 -0.585476 0 
0.109644 0.239135 -0.00165799 0.530015 -0.664623 -0.52665 0 
0.109663 0.238887 -0.0014893 0.422936 -0.691624 -0.585476 0 
0.109478 0.238587 -0.00119673 0.962642 0.141986 0.230565 0 
0.109254 0.238782 -0.00124156 0.420053 -0.695661 -0.582761 0 
0.109163 0.23828 -0.000960208 0.977094 0.182044 0.110217 0 
0.109251 0.23886 -0.000889599 0.382552 -0.714207 -0.586142 0 
0.10953 0.238738 -0.000803694 0.396681 -0.716 -0.574446 0 
0.10949 0.238794 -0.000361785 0.477986 -0.704488 -0.524619 0 
0.109754 0.238543 -0.000758857 0.967523 0.180034 0.177444 0 
0.109604 0.238454 -0.000399098 0.965737 0.208703 0.154259 0 
0.109529 0.238409 -0.000219211 0.987392 0.137366 0.0786626 0 
0.108899 0.237903 5.90384e-005 0.398036 0.778202 0.485767 0 
0.109027 0.238318 -0.000117444 0.997949 0.0600666 0.0221298 0 
0.109864 0.237952 0.00014028 0.583954 0.683775 0.437549 0 
0.109526 0.238487 0.000132762 0.985217 0.139722 0.0991188 0 
0.109974 0.238207 2.7597e-005 0.979656 0.149105 0.134318 0 
0.109862 0.23814 0.00029742 0.583954 0.683775 0.437549 0 
0.109304 0.238275 0.000320435 0.484911 0.736469 0.471671 0 
0.1096 0.238203 0.000537351 0.56765 0.690835 0.447794 0 
0.109639 0.237818 0.000679918 0.737911 0.55466 0.384499 0 
0.109637 0.238006 0.000837065 0.737911 0.55466 0.384499 0 
0.109265 0.237923 0.000994846 0.770877 0.525231 0.360389 0 
0.109413 0.237683 0.00121956 0.827805 0.44938 0.335852 0 
0.109411 0.237871 0.00137671 0.842582 0.431414 0.322393 0 
0.109077 0.237811 0.00144455 0.883088 0.36858 0.290351 0 
0.109338 0.237639 0.00139945 0.883088 0.36858 0.290351 0 
0.109188 0.237549 0.00175921 0.869349 0.389603 0.304043 0 
0.109553 0.236752 0.000489853 0.826843 0.458308 0.326013 0 
0.109217 0.236879 0.000714839 0.842582 0.431414 0.322393 0 
0.109636 0.237896 0.00103189 0.749197 0.5468 0.373783 0 
0.109637 0.237489 0.0012644 0.847727 0.42153 0.321981 0 
0.109178 0.236637 0.00119443 0.893599 0.352384 0.278041 0 
0.109401 0.236113 0.00182375 0.910652 -0.393077 -0.127295 0 
0.109525 0.237421 0.00153422 0.889123 0.360132 0.282427 0 
0.109337 0.237309 0.00198393 0.913554 0.315169 0.257073 0 
0.107983 0.235247 0.00379591 0.0789888 -0.951751 -0.296532 0 
0.108743 0.237124 0.00213455 0.916008 0.311124 0.253241 0 
0.109062 0.236319 0.00240071 0.949025 -0.311219 -0.0499487 0 
0.108631 0.236649 0.00263689 0.981909 0.0534291 0.181659 0 
0.109192 0.236327 0.00245673 0.927503 -0.36538 -0.0789649 0 
0.109187 0.23722 0.00234369 0.932414 0.277052 0.232049 0 
0.109576 0.237243 0.00251176 0.903361 0.328629 0.275577 0 
0.109239 0.237371 0.00273675 0.929582 0.273073 0.247606 0 
0.109408 0.237103 0.0027405 0.979671 0.101768 0.172883 0 
0.109762 0.237026 0.00264654 0.9851 -0.170873 0.0194956 0 
0.109649 0.236959 0.00291636 0.988358 -0.140201 0.0590929 0 
0.108965 0.2366 0.00276386 0.985086 -0.157283 0.069772 0 
0.108706 0.236474 0.00284667 0.963599 -0.265267 0.0333126 0 
0.10889 0.236555 0.00294375 0.967165 -0.251291 0.0380002 0 
0.10863 0.23632 0.00322137 0.964796 -0.249757 0.082407 0 
0.108721 0.236603 0.00332966 0.982942 -0.139381 0.119989 0 
0.1088 0.235755 0.0032628 0.964182 -0.252132 0.0823546 0 
0.109647 0.237037 0.00326833 0.973821 -0.220603 0.054846 0 
0.109478 0.237304 0.00326457 0.985643 -0.152639 0.0721779 0 
0.109627 0.237065 0.00348929 0.977984 -0.189722 0.0869047 0 
0.109514 0.236997 0.00375911 0.976801 -0.184934 0.107982 0 
0.108665 0.23642 0.00348339 0.973382 -0.197188 0.116806 0 
0.10859 0.236376 0.00366327 -0.0475453 -0.944481 -0.325107 0 
0.10874 0.235838 0.00392568 0.0496644 -0.951264 -0.304353 0 
0.108701 0.236114 0.00397793 0.0496644 -0.951264 -0.304353 0 
0.10874 0.235729 0.00412051 0.0926616 -0.951413 -0.293646 0 
0.108964 0.235534 0.00416534 0.0895404 -0.9538 -0.286789 0 
0.109295 0.236299 0.00382731 0.983953 -0.0725769 0.163001 0 
0.108479 0.235901 0.00416561 0.0926616 -0.951413 -0.293646 0 
0.108851 0.235467 0.00443516 -0.978863 -0.022327 -0.203293 0 
0.108813 0.235444 0.0045251 -0.979118 -0.0270995 -0.201479 0 
0.108625 0.23574 0.00474229 -0.979118 -0.0270995 -0.201479 0 
0.10844 0.235549 0.00484003 -0.977346 0.140688 -0.158118 0 
0.108903 0.235618 0.00482821 -0.979365 0.111822 -0.168347 0 
0.108402 0.235527 0.00492997 -0.977237 0.135693 -0.16308 0 
0.108177 0.235392 0.00546962 -0.940398 0.331052 -0.077817 0 
0.108326 0.235153 0.00569433 -0.950907 0.296099 -0.0900036 0 
0.108175 0.235063 0.0060541 -0.954509 0.289051 -0.0732261 0 
0.107877 0.235213 0.00618915 -0.953193 0.294576 -0.0681771 0 
0.109215 0.235784 0.0053333 -0.979121 0.109612 -0.171192 0 
0.109103 0.235717 0.00560312 -0.935445 0.345334 -0.0754177 0 
0.108991 0.235242 0.00610545 -0.952039 0.294833 -0.081826 0 
0.108878 0.235065 0.0065701 -0.962979 0.251935 -0.0959143 0 
0.108841 0.235043 0.00666004 -0.963597 0.249537 -0.0959758 0 
0.109044 0.235393 0.00649851 -0.959024 0.269042 -0.0888224 0 
0.108951 0.235188 0.00674219 -0.963397 0.251376 -0.0931496 0 
0.107875 0.234884 0.00677362 -0.966141 0.243745 -0.0846163 0 
0.108599 0.234451 0.00730119 -0.968481 0.244889 -0.0455322 0 
0.108728 0.234975 0.00692987 -0.966511 0.243203 -0.0819077 0 
0.108838 0.235121 0.00701202 -0.966511 0.243203 -0.0819077 0 
0.108541 0.234973 0.00718474 -0.969295 0.238919 -0.0581824 0 
0.10871 0.234706 0.00718851 -0.969295 0.238919 -0.0581824 0 
0.108861 0.234388 0.00706126 -0.969838 0.234698 -0.0658149 0 
0.108486 0.234383 0.00757101 -0.970423 0.238028 -0.0402817 0 
0.108006 0.233858 0.00768431 -0.981527 0.180525 -0.0633629 0 
0.108487 0.234493 0.00737619 -0.968481 0.244889 -0.0455322 0 
0.107752 0.232432 0.00811263 -0.9817 0.174658 -0.075886 0 
0.107436 0.233159 0.0074945 -0.982119 0.179757 -0.055951 0 
0.107622 0.232941 0.00762928 -0.978109 0.205605 -0.0320886 0 
0.107286 0.233069 0.00785426 -0.980772 0.179748 -0.0760008 0 
0.107824 0.232962 0.00805221 -0.982705 0.153889 -0.102996 0 
0.107656 0.232822 0.00828096 -0.975848 0.212141 -0.052126 0 
0.107178 0.232109 0.00823711 -0.951537 0.307228 -0.0136822 0 
0.107543 0.232755 0.00855078 -0.971535 0.228379 -0.0629584 0 
0.107433 0.2325 0.00866346 -0.947413 0.319954 -0.00622479 0 
0.107651 0.232979 0.00898491 -0.970703 0.224201 -0.0864239 0 
0.10802 0.233767 0.00855696 -0.964003 0.265556 -0.0133384 0 
0.107849 0.234112 0.00890518 -0.965287 0.259932 -0.0256271 0 
0.107697 0.23432 0.00922725 -0.951352 0.308045 -0.00618564 0 
0.107773 0.233958 0.00927988 -0.963805 0.259438 -0.0614128 0 
0.108088 0.234046 0.00943299 -0.957865 0.285242 -0.0336312 0 
0.107586 0.233955 0.00953476 -0.977451 0.175122 -0.11799 0 
0.107826 0.234108 0.00967292 -0.968356 0.236765 -0.0789217 0 
0.107474 0.233888 0.00980458 -0.976089 0.178721 -0.12373 0 
0.107361 0.233821 0.0100744 -0.967773 0.232113 -0.0976652 0 
0.107601 0.233974 0.0102126 -0.969686 0.216753 -0.112813 0 
0.107751 0.234064 0.00985281 -0.97909 0.134919 -0.152248 0 
0.107583 0.233187 0.0108986 -0.842093 0.539318 0.00405502 0 
0.107526 0.233929 0.0103925 -0.947447 0.314092 -0.0607503 0 
0.107582 0.233594 0.010666 -0.834376 0.549263 0.0461213 0 
0.107936 0.233517 0.0105721 -0.870584 0.491481 0.023017 0 
0.107823 0.23345 0.0108419 -0.883833 0.467756 -0.00662543 0 
0.107805 0.23318 0.0111005 -0.794195 0.607649 0.004115 0 
0.108202 0.233189 0.00982301 -0.955616 0.286043 -0.0705488 0 
0.108144 0.233194 0.0101339 -0.875542 0.482826 0.0174839 0 
0.108533 0.233217 0.010302 -0.837438 0.544822 0.0431956 0 
0.108032 0.233127 0.0104037 -0.834376 0.549263 0.0461213 0 
0.108421 0.23315 0.0105718 -0.891785 0.451891 -0.0226612 0 
0.107919 0.23306 0.0106736 -0.868141 0.496272 -0.0066883 0 
0.10803 0.232798 0.0109882 -0.892127 0.445374 -0.0758377 0 
0.108087 0.232573 0.011067 -0.89231 0.445466 -0.073095 0 
0.10772 0.231597 0.0113378 -0.872559 0.484138 -0.0651992 0 
0.107692 0.233113 0.0113703 -0.754305 0.65524 0.041041 0 
0.107863 0.232658 0.011217 -0.89231 0.445466 -0.073095 0 
0.10775 0.23259 0.0114868 -0.806312 0.591296 0.0151614 0 
0.107976 0.232098 0.0115693 -0.807627 0.589498 0.0151861 0 
0.10814 0.232723 0.01146 -0.807627 0.589498 0.0151861 0 
0.107709 0.233054 0.0116962 -0.677753 0.732433 0.0647534 0 
0.107709 0.233054 0.0116962 -0.677753 0.732433 0.0647534 0 
0.107917 0.232511 0.0116477 -0.805308 0.592585 0.0179571 0 
0.107893 0.233024 0.0119881 -0.684741 0.727449 0.0441309 0 
0.108087 0.231836 0.011884 -0.779775 0.625225 0.032315 0 
0.107969 0.232662 0.0120407 -0.762057 0.646551 0.0352152 0 
0.107985 0.23301 0.0121341 -0.679136 0.733013 0.0382812 0 
0.108193 0.232467 0.0120856 -0.759601 0.649267 0.0381922 0 
0.107462 0.229264 0.0165417 -0.0474646 0.446167 0.89369 0 
0.106552 0.228551 0.0173185 -0.891151 0.229069 0.391634 0 
0.107102 0.229278 0.0177293 -0.949363 0.109593 0.294448 0 
0.107812 0.229453 0.0169569 0.087543 0.446052 0.890715 0 
0.107813 0.229046 0.0171894 0.314306 0.540861 0.78018 0 
0.107145 0.228408 0.0177524 -0.934802 0.190861 0.299527 0 
0.107165 0.22838 0.0175314 -0.934802 0.190861 0.299527 0 
0.107705 0.228085 0.0175722 -0.934802 0.190861 0.299527 0 
0.107111 0.2279 0.0177229 -0.250471 0.903745 0.347144 0 
0.107401 0.229018 0.0177891 -0.94534 0.130068 0.299022 0 
0.108091 0.228187 0.0180923 0.157797 0.905558 0.393783 0 
0.107848 0.228629 0.0178787 -0.943667 0.17942 0.278032 0 
0.108162 0.228607 0.0182267 0.157797 0.905558 0.393783 0 
0.108291 0.229132 0.0178554 -0.92286 0.202717 0.327467 0 
0.10853 0.229176 0.0181884 -0.896483 0.262277 0.357112 0 
0.107437 0.228821 0.0180888 -0.943667 0.17942 0.278032 0 
0.108199 0.22841 0.0185264 -0.595079 0.64872 0.474387 0 
0.107717 0.228182 0.018602 -0.846683 0.413206 0.335243 0 
0.10829 0.228803 0.0184399 -0.198678 0.881543 0.428262 0 
0.108242 0.227759 0.0181598 -0.821232 0.405056 0.40188 0 
0.108261 0.227512 0.0183285 0.349133 0.89586 0.274849 0 
0.108239 0.227838 0.0185118 0.3427 0.897548 0.277424 0 
0.108044 0.22796 0.0200174 -0.211117 -0.935348 -0.28382 0 
0.10832 0.227916 0.0204553 -0.215827 -0.937109 -0.27431 0 
0.108208 0.227849 0.0207252 -0.212221 -0.939044 -0.270478 0 
0.108381 0.227206 0.0204146 -0.147678 -0.944327 -0.294002 0 
0.108652 0.228055 0.0207395 -0.221049 -0.938417 -0.265537 0 
0.107818 0.227496 0.0211416 -0.154969 -0.936673 -0.314053 0 
0.108262 0.227702 0.0211559 -0.236395 -0.935787 -0.261573 0 
0.108224 0.22757 0.0214407 -0.18743 -0.945357 -0.266779 0 
0.107706 0.227022 0.0216439 -0.0571658 -0.956574 -0.285829 0 
0.108205 0.2273 0.0216993 -0.107746 -0.959327 -0.260927 0 
0.108222 0.227241 0.0220251 -0.0959758 -0.963597 -0.249537 0 
0.108595 0.226916 0.0220999 -0.104722 -0.970252 -0.218275 0 
0.10854 0.227987 0.0210093 -0.249043 -0.932857 -0.260299 0 
0.108089 0.227718 0.0220886 -0.101544 -0.962738 -0.250646 0 
0.108055 0.227101 0.0222539 -0.0616703 -0.962811 -0.263043 0 
0.108204 0.226861 0.0224786 -0.056539 -0.961162 -0.270131 0 
0.107738 0.226464 0.0230749 -0.0686178 -0.858423 -0.508332 0 
0.107643 0.226447 0.0234757 -0.078665 -0.825267 -0.559237 0 
0.108814 0.225544 0.0210708 -0.0484444 -0.965162 -0.257128 0 
0.109289 0.226743 0.0212341 -0.162721 -0.959126 -0.231513 0 
0.109493 0.226796 0.0211102 -0.123605 -0.950298 -0.285754 0 
0.109773 0.226266 0.0214287 -0.105018 -0.977283 -0.18409 0 
0.110201 0.226014 0.0215445 -0.0940311 -0.971655 -0.216898 0 
0.110008 0.227202 0.0216486 -0.118406 -0.975916 -0.183218 0 
0.10988 0.226897 0.0216303 -0.118406 -0.975916 -0.183218 0 
0.109881 0.22649 0.0218628 -0.127469 -0.97891 -0.159645 0 
0.110081 0.226918 0.0220532 -0.127469 -0.97891 -0.159645 0 
0.110078 0.227404 0.0221727 -0.124846 -0.983012 -0.134543 0 
0.110081 0.226808 0.0222481 -0.114112 -0.980378 -0.160738 0 
0.110113 0.227504 0.0224347 -0.124846 -0.983012 -0.134543 0 
0.110075 0.227372 0.0227195 -0.151965 -0.975839 -0.156988 0 
0.110226 0.227164 0.0223974 -0.124846 -0.983012 -0.134543 0 
0.110224 0.227242 0.0227494 -0.114112 -0.980378 -0.160738 0 
0.110448 0.227047 0.0227942 -0.0854272 -0.983015 -0.162432 0 
0.108482 0.226739 0.0225645 -0.0666518 -0.964565 -0.255289 0 
0.108944 0.226368 0.023332 -0.0501091 -0.895192 -0.442856 0 
0.108623 0.226624 0.02404 -0.0903708 -0.836289 -0.54079 0 
0.108936 0.22701 0.0241554 -0.0915058 -0.877048 -0.471607 0 
0.108644 0.226079 0.0242464 0.0554688 -0.783674 -0.61869 0 
0.108471 0.226832 0.0243621 -0.0784803 -0.831891 -0.549362 0 
0.109096 0.227384 0.0249826 0.899334 -0.423792 -0.107696 0 
0.108928 0.227245 0.0252114 0.880946 -0.426455 -0.205111 0 
0.109511 0.226299 0.0248856 0.723116 -0.620043 -0.304385 0 
0.108464 0.227067 0.025418 0.66842 -0.598411 -0.441724 0 
0.108895 0.22622 0.0256092 0.904994 -0.385806 -0.179278 0 
0.108228 0.225911 0.0255877 0.826012 -0.375748 -0.42014 0 
0.108833 0.227118 0.025807 0.930608 -0.350841 -0.104304 0 
