0.120347 0.240303 0.00598496 -0.417121 0.908775 0.0117683 2 
0.120386 0.240072 0.00575012 -0.4181 0.908287 0.0144172 2 
0.120357 0.240343 0.00479819 -0.431608 0.899978 0.0612693 2 
0.120662 0.239851 0.00533237 -0.439014 0.898043 0.0280222 2 
0.120215 0.239901 0.00546485 -0.399521 0.916701 0.00646475 2 
0.12049 0.239546 0.00509325 -0.439014 0.898043 0.0280222 2 
0.120298 0.239973 0.00481072 -0.431608 0.899978 0.0612693 2 
0.119667 0.239545 0.00593692 -0.362873 0.931838 0.00126437 2 
0.120214 0.239767 0.00551097 -0.399521 0.916701 0.00646475 2 
0.120059 0.239661 0.00563249 -0.384864 0.922901 -0.0115845 2 
0.120225 0.239637 0.00491692 -0.393988 0.918427 0.0355775 2 
0.12003 0.239628 0.00531931 -0.368984 0.929435 -0.00126799 2 
0.119931 0.239659 0.00497399 -0.381671 0.923142 0.0462231 2 
0.120002 0.239559 0.00555272 -0.385251 0.922811 -0.0012799 2 
0.11979 0.239351 0.00559452 -0.364584 0.931149 0.00635163 2 
0.119608 0.239479 0.0053106 -0.361283 0.932136 0.0244284 2 
0.119901 0.239323 0.00529964 -0.379547 0.925064 0.0141526 2 
0.119648 0.239382 0.00502968 -0.339837 0.939396 0.0452254 2 
0.119568 0.239407 0.00618425 -0.364584 0.931149 0.00635163 2 
0.118899 0.239852 0.00572099 -0.331307 0.943146 0.0266569 2 
0.119436 0.239174 0.00507149 -0.312089 0.949006 0.0445842 2 
0.118771 0.23985 0.00506249 -0.268977 0.957661 0.102653 2 
0.118976 0.239256 0.00529759 -0.299365 0.952059 0.0629567 2 
0.11862 0.240314 0.00445294 -0.238535 0.965622 0.103323 2 
0.118633 0.240112 0.004952 -0.276329 0.956125 0.097299 2 
0.120325 0.239909 0.00462347 -0.431608 0.899978 0.0612693 2 
0.119268 0.240942 0.00368744 -0.184881 0.979993 0.0737109 2 
0.120113 0.239701 0.00466526 -0.375586 0.925029 0.0570678 2 
0.119802 0.239524 0.00436167 -0.332641 0.940071 0.0749427 2 
0.119704 0.239689 0.00397021 -0.3245 0.941714 0.0887409 2 
0.1194 0.240011 0.00402868 -0.279364 0.956532 0.0836805 2 
0.119484 0.239878 0.00451376 -0.295919 0.952369 0.0736568 2 
0.119106 0.239864 0.00467841 -0.302107 0.950405 0.073906 2 
0.119037 0.239928 0.0046462 -0.287935 0.954189 0.0813449 2 
0.119395 0.239476 0.00421317 -0.247821 0.964595 0.0902322 2 
0.119329 0.239942 0.00404254 -0.21253 0.973162 0.0882433 2 
0.1192 0.239467 0.00461562 -0.310734 0.947803 0.0715078 2 
0.118916 0.240729 0.0037109 0.0980615 0.990998 0.0911395 2 
0.118895 0.239959 0.00408143 -0.185762 0.978018 0.0947263 2 
0.118654 0.241051 0.00398891 -0.0829921 0.992495 0.0898134 2 
0.116807 0.238834 0.00726964 -0.168403 0.964726 0.202345 2 
0.116705 0.238464 0.00706267 -0.205977 0.976258 0.067034 2 
0.116742 0.2381 0.00687404 -0.205977 0.976258 0.067034 2 
0.116675 0.238431 0.00674956 -0.183605 0.969381 0.163061 2 
0.116534 0.238293 0.00677742 -0.169055 0.336712 -0.926307 2 
0.116656 0.239129 0.00725271 -0.168403 0.964726 0.202345 2 
0.116387 0.238819 0.00721477 -0.115437 0.179983 -0.976873 2 
0.11671 0.238999 0.00687812 -0.173706 0.968892 0.176279 2 
0.116497 0.238791 0.00691989 -0.166878 0.24698 -0.954543 2 
0.116326 0.238485 0.00668076 -0.125235 0.164914 -0.978325 2 
0.116201 0.238546 0.00706927 -0.12186 0.4048 -0.906249 2 
0.11606 0.238407 0.00709713 -0.15298 0.545082 -0.824307 2 
0.11614 0.238212 0.00653526 -0.101365 0.167314 -0.980679 2 
0.115892 0.238503 0.00671957 -0.143053 0.529444 -0.836197 2 
0.115888 0.238102 0.00685799 -0.157254 0.564617 -0.810234 2 
0.109953 0.235549 0.0071079 0.463782 -0.644607 0.607773 2 
0.109741 0.235341 0.00714967 0.445841 -0.642879 0.622842 2 
0.1096 0.235202 0.00717755 0.425008 -0.631678 0.648345 2 
0.109782 0.235243 0.00686873 0.445841 -0.642879 0.622842 2 
0.10957 0.235035 0.00691052 0.420931 -0.607272 0.673823 2 
0.109432 0.235298 0.00679998 0.424772 -0.61467 0.664643 2 
0.10965 0.236174 0.00652751 0.467409 -0.64164 0.608134 2 
0.109509 0.236035 0.00655539 0.454011 -0.641647 0.618193 2 
0.109085 0.235619 0.00663894 0.420931 -0.607272 0.673823 2 
0.109501 0.235403 0.00623947 0.445866 -0.626216 0.639575 2 
0.109512 0.235103 0.00623812 0.434815 -0.614738 0.658053 2 
0.109333 0.235329 0.0064546 0.420931 -0.607272 0.673823 2 
0.109266 0.235661 0.00633018 0.428441 -0.615155 0.661833 2 
0.109454 0.234698 0.00679721 0.416916 -0.596307 0.686002 2 
0.109246 0.234721 0.00729328 0.405685 -0.591141 0.697116 2 
0.109172 0.234385 0.00739945 0.405046 -0.576984 0.709244 2 
0.109165 0.235086 0.00726242 0.409051 -0.60778 0.680647 2 
0.109358 0.234827 0.00695229 0.41665 -0.589286 0.692203 2 
0.109216 0.234688 0.00698017 0.405685 -0.591141 0.697116 2 
0.109172 0.234554 0.00680679 0.396822 -0.561479 0.726136 2 
0.109104 0.234752 0.00672844 0.396822 -0.561479 0.726136 2 
0.108933 0.234411 0.00703587 0.401981 -0.590565 0.699745 2 
0.108725 0.234604 0.00693922 0.387258 -0.614669 0.687177 2 
0.108586 0.234733 0.0068748 0.384539 -0.618894 0.684909 2 
0.1086 0.234531 0.00737385 0.377522 -0.634699 0.674265 2 
0.108544 0.234563 0.00724797 0.376733 -0.636662 0.672855 2 
0.108291 0.234452 0.00757071 0.373023 -0.63266 0.678672 2 
0.108332 0.234355 0.00728978 0.364385 -0.58988 0.720601 2 
0.108802 0.235342 0.00669464 0.409231 -0.614674 0.674319 2 
0.108618 0.235202 0.00650302 0.399009 -0.610931 0.68378 2 
0.108308 0.23499 0.00674599 0.376733 -0.636662 0.672855 2 
0.107759 0.2345 0.00726417 0.347223 -0.598267 0.722159 2 
0.109286 0.234794 0.00641967 0.420833 -0.603804 0.676993 2 
0.109398 0.23473 0.0066714 0.416916 -0.596307 0.686002 2 
0.109189 0.234923 0.00657475 0.41665 -0.589286 0.692203 2 
0.109048 0.234784 0.00660263 0.396822 -0.561479 0.726136 2 
0.103912 0.233086 0.00869958 0.545718 -0.663257 0.512135 2 
0.1037 0.232878 0.00874136 0.540704 -0.703747 0.460846 2 
0.103589 0.232906 0.00903621 0.546353 -0.686701 0.479521 2 
0.103838 0.232615 0.00885195 0.540704 -0.703747 0.460846 2 
0.10381 0.232716 0.00849263 0.541519 -0.717057 0.438846 2 
0.103612 0.23244 0.00898732 0.549769 -0.721469 0.420994 2 
0.103417 0.2326 0.00879709 0.549404 -0.727589 0.410816 2 
0.103316 0.232364 0.00854403 0.571334 -0.731766 0.371613 2 
0.103521 0.23177 0.008779 0.578123 -0.704018 0.412472 2 
0.103312 0.231963 0.0086824 0.586355 -0.723552 0.364226 2 
0.103275 0.232328 0.00887108 0.570271 -0.721467 0.39278 2 
0.102172 0.235118 0.00998975 0.833752 -0.512961 0.204277 2 
0.10283 0.234148 0.0084974 0.571483 -0.672037 0.470929 2 
0.103494 0.233338 0.00855251 0.541556 -0.698191 0.468238 2 
0.103532 0.232973 0.00836387 0.548235 -0.732627 0.403356 2 
0.103465 0.233305 0.00823939 0.541519 -0.717057 0.438846 2 
0.103067 0.232654 0.00872833 0.569967 -0.736548 0.364191 2 
0.103236 0.232728 0.00851317 0.562894 -0.747822 0.352012 2 
0.102511 0.234369 0.00869566 0.603223 -0.630108 0.488964 2 
0.102708 0.232973 0.00920744 0.611464 -0.712559 0.34405 2 
0.104311 0.23284 0.00734682 0.577252 -0.78968 0.207811 2 
0.103668 0.232747 0.00792783 0.554038 -0.74362 0.374261 2 
0.103847 0.232521 0.00771135 0.571894 -0.752323 0.327027 2 
0.103887 0.232424 0.00743042 0.611794 -0.758127 0.225726 2 
0.103479 0.232242 0.00732806 0.631806 -0.751711 0.189081 2 
0.103204 0.232428 0.0082923 0.572588 -0.723528 0.385553 2 
0.103144 0.232059 0.00830486 0.600362 -0.735565 0.313862 2 
0.103032 0.232123 0.00805317 0.612521 -0.739798 0.278419 2 
0.103351 0.231732 0.00844762 0.59761 -0.715495 0.361841 2 
0.103278 0.231395 0.00855377 0.672312 -0.718256 0.179181 2 
0.103097 0.231524 0.00826992 0.680148 -0.724602 0.111135 2 
0.103002 0.231786 0.0083788 0.627738 -0.729448 0.271755 2 
0.102999 0.231689 0.00787844 0.664323 -0.733618 0.143108 2 
0.102885 0.231315 0.00831169 0.708066 -0.702274 0.0738474 2 
0.103793 0.23282 0.00749317 0.568136 -0.758051 0.320281 2 
0.103362 0.232935 0.00803243 0.554899 -0.750171 0.359626 2 
0.103402 0.232838 0.00775145 0.568336 -0.755098 0.326834 2 
0.103276 0.232631 0.00823227 0.562099 -0.744577 0.360069 2 
0.103316 0.232534 0.00795135 0.577755 -0.742828 0.338238 2 
0.10319 0.23263 0.00779329 0.581735 -0.746104 0.323903 2 
0.103076 0.232426 0.00763385 0.604738 -0.74759 0.274592 2 
0.10302 0.232458 0.00750798 0.610897 -0.74981 0.254146 2 
0.103261 0.232869 0.00718665 0.591385 -0.759446 0.271118 2 
0.10386 0.232658 0.00702503 0.614878 -0.769736 0.171558 2 
0.103509 0.232578 0.00700235 0.627047 -0.758254 0.178502 2 
0.10344 0.232473 0.00756285 0.591733 -0.74568 0.30629 2 
0.103102 0.232531 0.00685391 0.642294 -0.751106 0.152639 2 
0.103077 0.23239 0.00818039 0.593703 -0.736062 0.325161 2 
0.10298 0.232555 0.00778891 0.616214 -0.742942 0.261376 2 
0.102837 0.232283 0.00786291 0.623546 -0.742915 0.24345 2 
0.102794 0.232282 0.0076434 0.627623 -0.745984 0.222705 2 
0.102585 0.232172 0.00818558 0.643203 -0.733532 0.219592 2 
0.102525 0.231973 0.00760548 0.687353 -0.722229 0.0770184 2 
0.103046 0.232393 0.0073207 0.602592 -0.756781 0.253309 2 
0.102669 0.232379 0.00748536 0.628904 -0.746921 0.215846 2 
0.102512 0.231836 0.0082918 0.674113 -0.719764 0.165865 2 
0.101446 0.229436 0.00672831 -0.796044 0.58155 0.167668 2 
0.101617 0.229777 0.00642096 -0.780828 0.61192 0.12594 2 
0.101613 0.229376 0.00655931 -0.796044 0.58155 0.167668 2 
0.101445 0.229471 0.00618175 -0.764697 0.642232 0.0526886 2 
0.101233 0.229263 0.00622354 -0.775042 0.629454 0.055666 2 
0.101145 0.228995 0.00587682 -0.764191 0.644917 -0.00970842 2 
0.10096 0.231219 0.00668174 -0.552783 0.795696 -0.247585 2 
0.101305 0.2308 0.00634232 -0.686249 0.726032 -0.044045 2 
0.101402 0.230974 0.00554845 -0.742335 0.669912 -0.0125347 2 
0.101234 0.231069 0.00517093 -0.730315 0.682471 -0.0295503 2 
0.101359 0.230804 0.00592165 -0.669616 0.739036 -0.073759 2 
0.101345 0.230702 0.00606143 -0.677753 0.732433 -0.0647534 2 
0.101244 0.230466 0.00580837 -0.620723 0.774793 -0.119997 2 
0.101272 0.230196 0.00676031 -0.665427 0.743373 -0.0678418 2 
0.101368 0.230067 0.00660521 -0.656144 0.75132 -0.0706616 2 
0.101345 0.230533 0.00665407 -0.678119 0.732598 -0.0587799 2 
0.101316 0.2305 0.00634098 -0.669154 0.740798 -0.058748 2 
0.101173 0.230228 0.00641493 -0.663237 0.746321 -0.0558666 2 
0.101268 0.229795 0.0068987 -0.601568 0.786666 -0.138823 2 
0.101087 0.229923 0.00661477 -0.533526 0.823715 -0.191948 2 
0.101096 0.230823 0.00683843 -0.531161 0.803792 -0.267931 2 
0.101379 0.229937 0.00601119 -0.747738 0.663565 0.0238491 2 
0.101392 0.229904 0.00591752 -0.731555 0.68177 -0.0041487 2 
0.101312 0.230268 0.0058867 -0.626572 0.771052 -0.11352 2 
0.101224 0.23 0.00554 -0.734414 0.678458 -0.0181855 2 
0.101127 0.229826 0.00633384 -0.621179 0.778292 -0.0916493 2 
0.101001 0.229922 0.0061758 -0.616476 0.780479 -0.103966 2 
0.10118 0.229696 0.00595926 -0.656144 0.75132 -0.0706616 2 
0.101206 0.229498 0.00581817 -0.733055 0.679996 -0.0153592 2 
0.101169 0.229996 0.00596066 -0.619884 0.778152 -0.101116 2 
0.101068 0.22976 0.00570758 -0.651615 0.753658 -0.0860074 2 
0.101012 0.229792 0.00558177 -0.659992 0.747024 -0.0797793 2 
0.101217 0.230531 0.00599563 -0.656543 0.749711 -0.0829777 2 
0.100756 0.230783 0.00562903 -0.572331 0.805448 -0.153917 2 
0.100653 0.23011 0.0060609 -0.314418 0.908156 -0.276395 2 
0.100806 0.230252 0.00539286 -0.576763 0.808642 -0.11594 2 
0.100998 0.229521 0.00631419 -0.584352 0.804033 -0.109841 2 
0.101007 0.229257 0.0057663 -0.750308 0.660551 -0.0266464 2 
0.100498 0.230004 0.00618243 -0.248986 0.919666 -0.303677 2 
0.100511 0.229971 0.00608878 -0.228409 0.926403 -0.299343 2 
0.100648 0.229745 0.00565274 -0.461599 0.875445 -0.143255 2 
0.0998023 0.230344 0.00649916 -0.0825852 0.874843 -0.477314 2 
0.101396 0.230475 0.00518644 -0.730335 0.682674 -0.0238305 2 
0.10127 0.230571 0.00502838 -0.73578 0.676693 -0.0267301 2 
0.100947 0.23056 0.00477235 -0.750045 0.661315 -0.00970484 2 
0.100968 0.229658 0.00540839 -0.764489 0.644295 -0.0209641 2 
0.101254 0.230336 0.00521429 -0.730335 0.682674 -0.0238305 2 
0.101129 0.230432 0.00505623 -0.735768 0.676454 -0.0324811 2 
0.101112 0.230064 0.00528832 -0.728971 0.684025 -0.0266868 2 
0.101045 0.230395 0.00516385 -0.668459 0.740647 -0.0678565 2 
0.100888 0.230191 0.00478485 -0.755196 0.655427 -0.00969977 2 
0.100914 0.230126 0.00459762 -0.915831 -0.401085 0.019597 2 
0.101041 0.229994 0.00530224 -0.726248 0.686915 -0.0266899 2 
0.1009 0.229856 0.00533009 -0.640839 0.764686 -0.0676841 2 
0.100913 0.229823 0.00523642 -0.755638 0.654323 -0.0295501 2 
0.100621 0.229979 0.00524737 -0.271288 0.955405 -0.116641 2 
0.100525 0.230108 0.00540243 -0.320731 0.931647 -0.170779 2 
0.101542 0.229815 0.00479521 -0.679427 0.731138 -0.0617661 2 
0.101485 0.229883 0.00412282 -0.675591 0.726297 -0.126766 2 
0.100219 0.230466 0.00491436 0.260066 0.963626 -0.0615615 2 
0.100706 0.230319 0.00450103 -0.991097 0.1331 0.00329999 2 
0.100896 0.229455 0.00546843 -0.795241 0.605831 -0.0236762 2 
0.100688 0.229648 0.00537182 -0.97239 0.230716 -0.0350302 2 
0.10041 0.229905 0.00524305 0.348577 0.935239 -0.0618231 2 
0.100533 0.229711 0.00490062 0.325969 0.94493 -0.0291723 2 
0.100198 0.229697 0.0052848 0.265877 0.96334 -0.0358625 2 
0.120116 0.240441 0.00334147 -0.306222 0.949677 0.0658959 1 
0.11969 0.240399 0.00169311 0.597942 0.799623 -0.0553913 1 
0.119227 0.240384 0.00141878 0.622453 0.781257 -0.0467903 1 
0.119019 0.240577 0.00132219 0.613781 0.78752 -0.0555394 1 
0.119791 0.239471 0.00117464 0.63192 0.772347 -0.0644816 1 
0.119724 0.239803 0.00105019 0.622525 0.779945 -0.0643992 1 
0.119476 0.240093 0.00123447 0.613781 0.78752 -0.0555394 1 
0.119472 0.240201 -0.000405192 0.620625 0.77976 -0.0824606 1 
0.119541 0.239967 0.000219703 0.637164 0.767198 -0.0736857 1 
0.11926 0.239823 0.000229284 0.637164 0.767198 -0.0736857 1 
0.119539 0.239869 -0.000280693 0.620625 0.77976 -0.0824606 1 
0.120216 0.239027 -0.000319257 0.620625 0.77976 -0.0824606 1 
0.120466 0.23887 -0.000549719 0.639955 0.765942 -0.0615617 1 
0.120032 0.238887 -0.000510946 0.639551 0.766024 -0.0646737 1 
0.119965 0.239219 -0.0006354 0.639551 0.766024 -0.0646737 1 
0.119765 0.239014 -0.0012338 0.639955 0.765942 -0.0615617 1 
0.119948 0.23919 -0.00158876 0.61899 0.784615 -0.0350901 1 
0.11942 0.239603 -0.00148711 0.639955 0.765942 -0.0615617 1 
0.11907 0.239658 -0.00155583 0.639955 0.765942 -0.0615617 1 
0.119365 0.239769 -0.00165908 0.639955 0.765942 -0.0615617 1 
0.119301 0.240212 0.00309065 0.434765 0.900111 0.0279207 1 
0.11888 0.240197 0.00303578 0.414259 0.908131 0.060722 1 
0.119172 0.24021 0.00243217 0.521511 0.85276 -0.0287447 1 
0.118962 0.240136 0.00242779 0.521511 0.85276 -0.0287447 1 
0.119084 0.240111 0.00149278 0.619783 0.783552 -0.043766 1 
0.119125 0.240014 0.00121185 0.619249 0.783627 -0.0495966 1 
0.118889 0.240272 0.00130251 0.619249 0.783627 -0.0495966 1 
0.118708 0.2404 0.00101857 0.654944 0.754393 -0.0440418 1 
0.118677 0.240064 0.00134431 0.622453 0.781257 -0.0467903 1 
0.118608 0.240128 0.00131205 0.612407 0.788598 -0.055415 1 
0.118285 0.240117 0.001056 0.651913 0.757014 -0.044029 1 
0.118566 0.240261 0.00104643 0.651913 0.757014 -0.044029 1 
0.118551 0.240196 0.000639647 0.645625 0.760658 -0.0675821 1 
0.119021 0.239849 -0.000134364 0.620625 0.77976 -0.0824606 1 
0.120239 0.238561 -0.000368163 0.639955 0.765942 -0.0615617 1 
0.119614 0.23914 -0.000658035 0.636967 0.768654 -0.0586868 1 
0.119806 0.238881 -0.000968188 0.639955 0.765942 -0.0615617 1 
0.119277 0.239331 -0.00141311 0.639955 0.765942 -0.0615617 1 
0.118662 0.241162 0.00170904 0.613065 0.78741 -0.0643076 1 
0.118606 0.241194 0.00158317 0.608633 0.791081 -0.0612909 1 
0.11899 0.239852 -0.000993997 0.639955 0.765942 -0.0615617 1 
0.119047 0.240293 -0.00209966 0.639955 0.765942 -0.0615617 1 
0.119074 0.240059 -0.00169431 0.639955 0.765942 -0.0615617 1 
0.119003 0.239989 -0.00168036 0.639955 0.765942 -0.0615617 1 
0.118795 0.240182 -0.00177698 0.639955 0.765942 -0.0615617 1 
0.119043 0.239892 -0.00196129 0.639955 0.765942 -0.0615617 1 
0.118879 0.240219 -0.00188456 0.639955 0.765942 -0.0615617 1 
0.118671 0.240412 -0.00198117 0.639955 0.765942 -0.0615617 1 
0.118462 0.240605 -0.00207779 0.645826 0.762216 -0.0440013 1 
0.118489 0.24054 -0.00226507 0.637432 0.769703 -0.0351784 1 
0.118371 0.240422 0.000856161 0.649664 0.758179 -0.0556855 1 
0.118291 0.240786 0.000825331 0.645625 0.760658 -0.0675821 1 
0.118235 0.240818 0.00069949 0.635886 0.768542 -0.070654 1 
0.11809 0.240278 0.000865757 0.646239 0.760871 -0.058749 1 
0.11805 0.240545 0.00055398 0.641421 0.763045 -0.0796347 1 
0.118045 0.240349 -0.000446856 0.636967 0.768654 -0.0586868 1 
0.117864 0.240611 -0.000776827 0.639955 0.765942 -0.0615617 1 
0.117541 0.240431 -0.00044024 0.640455 0.765978 -0.0556297 1 
0.118684 0.240041 -0.000889406 0.639955 0.765942 -0.0615617 1 
0.118476 0.240234 -0.000986055 0.639955 0.765942 -0.0615617 1 
0.118308 0.240329 -0.00136359 0.639955 0.765942 -0.0615617 1 
0.118099 0.240522 -0.00146025 0.639955 0.765942 -0.0615617 1 
0.117877 0.240748 -0.0014632 0.639955 0.765942 -0.0615617 1 
0.118741 0.240651 -0.00258775 0.630214 0.776391 0.00689512 1 
0.118949 0.240458 -0.00249113 0.623407 0.781689 -0.0180497 1 
0.13034 0.236323 0.00815107 -0.809822 0.0407016 -0.585262 1 
0.130228 0.236386 0.00789937 -0.8488 0.0287961 -0.527929 1 
0.130249 0.235314 0.00912812 -0.607725 0.132243 -0.783059 1 
0.130429 0.235222 0.00886552 -0.608473 0.158535 -0.777578 1 
0.129862 0.236036 0.00860922 -0.628565 0.110404 -0.769881 1 
0.130402 0.235456 0.00846009 -0.683012 0.0954748 -0.72414 1 
0.130197 0.23605 0.00822505 -0.783452 0.037977 -0.620291 1 
0.130128 0.236115 0.00819285 -0.777223 0.0351367 -0.628244 1 
0.130362 0.235723 0.00814836 -0.775022 0.049772 -0.629972 1 
0.129012 0.235761 0.0108255 -0.574901 0.235258 -0.783673 1 
0.129052 0.235664 0.0105446 -0.579935 0.221149 -0.784072 1 
0.129775 0.235429 0.00944784 -0.600662 0.155058 -0.784323 1 
0.129358 0.235645 0.00984731 -0.605153 0.178345 -0.775876 1 
0.12954 0.235687 0.00953855 -0.605786 0.145089 -0.782287 1 
0.129035 0.235635 0.00959127 -0.600662 0.155058 -0.784323 1 
0.128424 0.235842 0.0103931 -0.584804 0.221822 -0.780256 1 
0.128171 0.235731 0.0107158 -0.59302 0.264091 -0.760647 1 
0.12836 0.236405 0.0107229 -0.599947 0.215485 -0.770474 1 
0.12765 0.236813 0.0105868 -0.621339 0.219571 -0.752148 1 
0.127362 0.237165 0.0115985 -0.545437 0.233317 -0.805022 1 
0.127929 0.23652 0.0112621 -0.576414 0.245249 -0.779487 1 
0.127923 0.236021 0.0109001 -0.591595 0.263457 -0.761975 1 
0.127315 0.236969 0.0103782 -0.617321 0.195511 -0.76203 1 
0.12741 0.23787 0.0110408 -0.593962 0.154881 -0.789443 1 
0.126994 0.237056 0.0106226 -0.550216 0.179386 -0.815526 1 
0.127898 0.236523 0.0104025 -0.611443 0.191555 -0.767752 1 
0.128481 0.236113 0.00988011 -0.607 0.188063 -0.772129 1 
0.128733 0.236224 0.00955746 -0.615687 0.145308 -0.774477 1 
0.128272 0.236306 0.00978354 -0.6004 0.16787 -0.781882 1 
0.128655 0.235522 0.00925553 -0.590934 0.201071 -0.78126 1 
0.128175 0.236132 0.0105774 -0.599166 0.228772 -0.767244 1 
0.128049 0.236228 0.0104194 -0.59959 0.22582 -0.767787 1 
0.12888 0.235698 0.00912008 -0.600662 0.155058 -0.784323 1 
0.130695 0.240112 0.00656886 -0.976089 -0.12373 -0.178721 1 
0.130669 0.240346 0.00616346 -0.974518 -0.100812 -0.20038 1 
0.130996 0.239389 0.00664879 -0.904573 -0.367347 -0.216343 1 
0.13268 0.237558 0.00464013 -0.764462 -0.610025 -0.20849 1 
0.132296 0.237045 0.00444277 -0.732652 -0.617726 -0.285718 1 
0.132168 0.236874 0.00437701 -0.732652 -0.617726 -0.285718 1 
0.133189 0.236981 0.00363137 -0.674606 -0.7307 -0.104807 1 
0.132911 0.237238 0.0035025 -0.713247 -0.692573 -0.107799 1 
0.133173 0.236916 0.00322458 -0.669003 -0.72665 -0.156252 1 
0.132619 0.237225 0.00410613 -0.72613 -0.671783 -0.146434 1 
0.132769 0.236966 0.00357655 -0.68833 -0.717809 -0.10465 1 
0.132558 0.236722 0.00416481 -0.717276 -0.664375 -0.210048 1 
0.132476 0.236953 0.00418013 -0.732785 -0.652564 -0.192838 1 
0.132948 0.23674 0.00336 -0.669003 -0.72665 -0.156252 1 
0.132528 0.236216 0.00508319 -0.756795 -0.559932 -0.33725 1 
0.132749 0.236161 0.00449349 -0.731074 -0.622767 -0.278732 1 
0.131595 0.239044 0.00653327 -0.8737 -0.424112 -0.238282 1 
0.131318 0.238102 0.00617947 -0.883319 -0.38842 -0.262446 1 
0.131543 0.238447 0.00545134 -0.837743 -0.472295 -0.274086 1 
0.131279 0.238672 0.00522888 -0.817886 -0.513701 -0.259178 1 
0.131362 0.238406 0.00576013 -0.856383 -0.447273 -0.257983 1 
0.131541 0.23818 0.00554363 -0.850014 -0.447295 -0.278214 1 
0.130617 0.239749 0.00508152 -0.857638 -0.508387 -0.077455 1 
0.130506 0.239947 0.00478372 -0.896301 -0.436447 -0.0784779 1 
0.131 0.238795 0.00514622 -0.803184 -0.553441 -0.220452 1 
0.130428 0.239075 0.00507444 -0.789172 -0.57688 -0.210754 1 
0.130505 0.239643 0.00542253 -0.873225 -0.464851 -0.146261 1 
0.130128 0.239932 0.00494832 -0.862244 -0.504695 -0.0426309 1 
0.132223 0.238042 0.00472784 -0.770457 -0.585296 -0.252635 1 
0.132263 0.237944 0.00444686 -0.762246 -0.629943 -0.148841 1 
0.132235 0.238045 0.00408766 -0.745897 -0.657276 -0.107823 1 
0.132125 0.238207 0.00433636 -0.745897 -0.657276 -0.107823 1 
0.131943 0.238031 0.0046913 -0.772334 -0.584342 -0.249089 1 
0.131799 0.237456 0.00540406 -0.846377 -0.440983 -0.29863 1 
0.131803 0.237857 0.00526567 -0.83416 -0.466194 -0.294685 1 
0.132078 0.237502 0.00489405 -0.786895 -0.550353 -0.279119 1 
0.132034 0.237198 0.00531341 -0.825355 -0.480805 -0.296 1 
0.131032 0.238066 0.00454935 -0.77623 -0.571544 -0.266091 1 
0.13237 0.237515 0.00429046 -0.760097 -0.63014 -0.158668 1 
0.132313 0.237413 0.00421073 -0.749281 -0.639407 -0.172442 1 
0.132188 0.23734 0.00464538 -0.773938 -0.564164 -0.287644 1 
0.131674 0.238025 0.00401455 -0.745897 -0.657276 -0.107823 1 
0.131562 0.237919 0.00435548 -0.756807 -0.63644 -0.148954 1 
0.131297 0.23801 0.00417915 -0.745897 -0.657276 -0.107823 1 
0.131503 0.237719 0.00377537 -0.745897 -0.657276 -0.107823 1 
0.130958 0.238929 0.00488055 -0.761183 -0.636057 -0.126616 1 
0.130734 0.239056 0.00437719 -0.728673 -0.683041 -0.0499091 1 
0.130344 0.239377 0.00399664 -0.696771 -0.716557 0.0325065 1 
0.130159 0.238935 0.00444382 -0.731679 -0.68073 -0.035381 1 
0.13006 0.238966 0.00409847 -0.727663 -0.685763 -0.0153633 1 
0.130522 0.239018 0.00382619 -0.724899 -0.688443 -0.0238361 1 
0.130308 0.238676 0.00391416 -0.724899 -0.688443 -0.0238361 1 
0.130185 0.239039 0.00366385 -0.695664 -0.71806 0.0209959 1 
0.129947 0.24006 0.00466448 -0.862764 -0.505198 -0.0203163 1 
0.129931 0.239995 0.00425771 -0.691032 -0.714707 0.10802 1 
0.129715 0.239385 0.00443788 -0.715341 -0.698608 0.0153387 1 
0.132875 0.237737 0.00364502 -0.713673 -0.696231 -0.0770359 1 
0.132581 0.237929 0.00310943 -0.714476 -0.690808 -0.110943 1 
0.132453 0.237588 0.00363635 -0.713673 -0.696231 -0.0770359 1 
0.132702 0.237298 0.00345205 -0.704461 -0.701507 -0.107811 1 
0.132705 0.237699 0.00331365 -0.714476 -0.690808 -0.110943 1 
0.132498 0.238025 0.00317091 -0.714476 -0.690808 -0.110943 1 
0.132992 0.237044 0.00294068 -0.669003 -0.72665 -0.156252 1 
0.132965 0.237278 0.00253528 -0.678603 -0.712304 -0.179225 1 
0.132795 0.237071 0.0027965 -0.669003 -0.72665 -0.156252 1 
0.132424 0.237386 0.00391589 -0.732085 -0.662362 -0.159149 1 
0.13252 0.237256 0.00376078 -0.732085 -0.662362 -0.159149 1 
0.133217 0.237389 0.00221255 -0.689722 -0.695922 -0.199942 1 
0.133114 0.237019 0.00200562 -0.646057 -0.721878 -0.247997 1 
0.131746 0.237902 0.00951362 -0.782358 0.0466868 -0.621076 1 
0.131196 0.237448 0.00948523 -0.722887 0.0923771 -0.684763 1 
0.130425 0.237488 0.00936161 -0.715706 0.0922075 -0.692288 1 
0.130607 0.237529 0.00905284 -0.768669 0.0527657 -0.637467 1 
0.130395 0.237321 0.00909464 -0.72552 0.0649074 -0.685133 1 
0.131171 0.236617 0.00880872 -0.801664 0.0464937 -0.595964 1 
0.131561 0.236465 0.00859652 -0.854252 0.0543488 -0.517011 1 
0.131336 0.23629 0.00873198 -0.809058 0.0758939 -0.582808 1 
0.131343 0.237092 0.00845514 -0.882755 -0.00132347 -0.469832 1 
0.130993 0.237146 0.00838639 -0.870015 -0.0481051 -0.490672 1 
0.130855 0.237239 0.00886855 -0.796799 0.0407534 -0.602869 1 
0.130684 0.236933 0.0086294 -0.80683 0.0263851 -0.590194 1 
0.130965 0.237077 0.0086198 -0.840863 0.0149911 -0.541041 1 
0.130753 0.236869 0.00866158 -0.804816 0.0292914 -0.592802 1 
0.131808 0.236211 0.00786568 -0.914515 0.0438011 -0.402174 1 
0.131601 0.236368 0.00831559 -0.87347 0.0396411 -0.485261 1 
0.13125 0.236288 0.00829297 -0.85279 0.0485328 -0.519994 1 
0.131487 0.236164 0.00815614 -0.880044 0.0506401 -0.472185 1 
0.131489 0.236432 0.00806391 -0.89699 0.0279893 -0.441164 1 
0.131139 0.236486 0.00799513 -0.892036 0.00395289 -0.451947 1 
0.130764 0.236739 0.00806753 -0.878333 -0.0228663 -0.477501 1 
0.130458 0.236758 0.00876482 -0.786172 0.0613528 -0.614955 1 
0.130662 0.236369 0.00786057 -0.880777 0.0477941 -0.471113 1 
0.130331 0.239557 0.00841796 -0.934747 -0.264868 -0.23684 1 
0.129353 0.239971 0.0119788 -0.707614 0.123646 -0.695697 1 
0.129739 0.239758 0.0107196 -0.606272 0.161773 -0.778629 1 
0.129859 0.239466 0.00987686 -0.717159 0.0617993 -0.694164 1 
0.129301 0.239374 0.0108969 -0.621334 0.116592 -0.774823 1 
0.129563 0.239051 0.0106189 -0.627164 0.155658 -0.763175 1 
0.129815 0.239162 0.0102962 -0.648068 0.133206 -0.749843 1 
0.129318 0.239743 0.0106649 -0.608524 0.168444 -0.775451 1 
0.129186 0.240673 0.0103236 -0.809418 -0.196638 -0.553331 1 
0.129932 0.239803 0.00977069 -0.761815 0.0153199 -0.647613 1 
0.129796 0.240199 0.00961401 -0.874822 -0.251455 -0.414073 1 
0.129654 0.24006 0.00964186 -0.874822 -0.251455 -0.414073 1 
0.128941 0.240031 0.0101907 -0.608524 0.168444 -0.775451 1 
0.129446 0.240253 0.00954525 -0.865887 -0.269353 -0.42153 1 
0.12907 0.240033 0.0108492 -0.61987 0.126352 -0.774465 1 
0.130214 0.238613 0.00958225 -0.716664 0.0738381 -0.693499 1 
0.129898 0.239235 0.00964211 -0.725302 0.0709377 -0.684766 1 
0.129674 0.239193 0.00973138 -0.705933 0.086232 -0.70301 1 
0.130257 0.238917 0.00916289 -0.795537 0.0378827 -0.60472 1 
0.130704 0.238867 0.00903049 -0.886686 -0.0282556 -0.461507 1 
0.130506 0.238626 0.00897862 -0.831835 0.00407097 -0.555009 1 
0.130823 0.238138 0.00887266 -0.865181 0.00133722 -0.501457 1 
0.130217 0.239183 0.00885114 -0.888176 -0.0588468 -0.45572 1 
0.130483 0.239262 0.00843485 -0.937865 -0.238299 -0.252234 1 
0.130309 0.23835 0.00947332 -0.735189 0.0647427 -0.674763 1 
0.130139 0.238143 0.00973456 -0.697773 0.0984227 -0.709525 1 
0.130318 0.237917 0.00951803 -0.697773 0.0984227 -0.709525 1 
0.129261 0.23998 0.00939976 -0.742478 0.0353561 -0.668937 1 
0.130866 0.238442 0.00845337 -0.923249 -0.105008 -0.369573 1 
0.131004 0.238349 0.0079712 -0.924733 -0.196241 -0.326127 1 
0.13056 0.2388 0.00796525 -0.951294 -0.145838 -0.271607 1 
0.130718 0.237501 0.00875802 -0.822094 0.00135883 -0.569351 1 
0.131432 0.236499 0.0073915 -0.924566 -0.0680417 -0.374896 1 
0.0934791 0.226404 0.00792158 -0.998025 0.028515 -0.0559739 1 
0.0934364 0.226403 0.00770214 -0.979767 -0.111868 -0.165958 1 
0.0924009 0.227528 0.00876632 -0.479146 0.745886 0.46268 1 
0.0929515 0.226818 0.00802322 -0.445539 0.754621 0.481708 1 
0.0932037 0.226928 0.0077005 -0.459357 0.745838 0.482407 1 
0.0926358 0.227609 0.00749034 -0.52665 0.664623 0.530015 1 
0.0926456 0.227175 0.00753513 -0.488269 0.729921 0.478339 1 
0.0923677 0.228766 0.00758514 -0.509547 0.647445 0.566724 1 
0.0928661 0.22666 0.0125507 0.526218 0.849406 0.0400533 1 
0.0929062 0.226563 0.0122697 0.550395 0.833295 0.0518183 1 
0.0929865 0.226368 0.0117079 0.538173 0.839208 0.0780989 1 
0.0928183 0.226464 0.0113303 0.535277 0.83951 0.0932789 1 
0.09265 0.22656 0.0109528 0.538548 0.835977 0.105399 1 
0.0926207 0.226527 0.0106397 0.582589 0.801987 0.131935 1 
0.0926942 0.226355 0.0123115 0.550395 0.833295 0.0518183 1 
0.0927343 0.226257 0.0120306 0.54869 0.833613 0.0634731 1 
0.0928013 0.226095 0.0115624 0.538173 0.839208 0.0780989 1 
0.0928146 0.226063 0.0114688 0.533872 0.841383 0.0839959 1 
0.0927744 0.22633 0.011157 0.538548 0.835977 0.105399 1 
0.0921894 0.226642 0.0111788 0.538548 0.835977 0.105399 1 
0.092438 0.226351 0.0109946 0.538548 0.835977 0.105399 1 
0.0924087 0.226318 0.0106815 0.538548 0.835977 0.105399 1 
0.0923416 0.22665 0.010557 0.582589 0.801987 0.131935 1 
0.0931698 0.226022 0.00875726 -0.664068 -0.711165 -0.230775 1 
0.0929213 0.226312 0.00894158 -0.699499 -0.65468 -0.286523 1 
0.0931868 0.22639 0.00852521 -0.759546 0.588291 0.277496 1 
0.0932136 0.226325 0.00833793 -0.885538 0.414037 0.210702 1 
0.0934354 0.2261 0.00834088 -0.753992 0.595257 0.277787 1 
0.0934061 0.226067 0.00802779 -0.802852 0.537833 0.257224 1 
0.0924147 0.226987 0.0104508 0.582589 0.801987 0.131935 1 
0.0924549 0.22689 0.0101699 0.618972 0.771842 0.145376 1 
0.0919368 0.227039 0.00972354 0.684519 0.696993 0.21362 1 
0.09152 0.227425 0.00953029 0.0895828 0.905475 0.414837 1 
0.0926459 0.226667 0.00931315 -0.71868 -0.625429 -0.303871 1 
0.0926155 0.2265 0.00904612 -0.71868 -0.625429 -0.303871 1 
0.0921585 0.226984 0.00913382 -0.892454 0.377406 0.247164 1 
0.0922523 0.226587 0.00907102 -0.742855 0.598455 0.30003 1 
0.0920171 0.226845 0.00916171 0.873354 0.473126 0.11578 1 
0.0922023 0.227287 0.00871451 -0.225942 0.850693 0.474629 1 
0.0918525 0.227342 0.00864573 -0.140368 0.869701 0.473198 1 
0.0919244 0.227545 0.00858568 -0.242426 0.816838 0.523456 1 
0.0917686 0.227135 0.00934601 0.0664969 0.907886 0.413909 1 
0.0913786 0.227456 0.00896545 0.00920127 0.897781 0.440346 1 
0.0920344 0.226874 0.010115 0.618972 0.771842 0.145376 1 
0.0918662 0.22697 0.00973746 0.684519 0.696993 0.21362 1 
0.0917248 0.226831 0.00976536 0.498185 0.844356 0.197167 1 
0.0916541 0.226762 0.00977924 0.498185 0.844356 0.197167 1 
0.0912946 0.22725 0.00966576 0.233087 0.930937 0.281117 1 
0.091308 0.227217 0.00957206 0.22632 0.923783 0.308877 1 
0.0913481 0.22712 0.00929116 0.145761 0.925929 0.348438 1 
0.0915296 0.227161 0.00898236 -0.00654848 0.902381 0.43089 1 
0.0908242 0.227935 0.00925435 0.201253 0.904917 0.374997 1 
0.0910727 0.227645 0.00907007 0.127155 0.909648 0.395438 1 
0.0926458 0.226836 0.00872046 -0.922844 0.337764 0.185134 1 
0.0929784 0.226583 0.00842862 -0.999613 0.0232939 -0.0151917 1 
0.0925616 0.226969 0.00823532 -0.360546 0.796406 0.485535 1 
0.0924338 0.226628 0.00876226 -0.823781 0.493646 0.278746 1 
0.0926262 0.22637 0.00845209 -0.851699 0.454137 0.261473 1 
0.0927796 0.226512 0.00778407 -0.381927 0.794472 0.472171 1 
0.0928771 0.226517 0.00758286 -0.377623 0.795418 0.474037 1 
0.0827705 0.233447 0.00875722 -0.230385 -0.678618 0.697425 1 
0.0849025 0.231531 0.00716266 -0.62917 -0.639183 0.442255 1 
0.0846905 0.231323 0.00720444 -0.637481 -0.64081 0.427762 1 
0.0845528 0.231585 0.00709391 -0.581442 -0.638744 0.503916 1 
0.0845186 0.231017 0.00696526 -0.627949 -0.634647 0.450449 1 
0.084337 0.231145 0.0066814 -0.581442 -0.638744 0.503916 1 
0.0844575 0.230684 0.00643131 -0.592524 -0.619534 0.514872 1 
0.0835159 0.232745 0.00761162 -0.460837 -0.658578 0.594899 1 
0.0837778 0.232423 0.00733371 -0.550768 -0.655195 0.517082 1 
0.0832466 0.232435 0.00757372 -0.460837 -0.658578 0.594899 1 
0.0833537 0.232007 0.00741726 -0.550768 -0.655195 0.517082 1 
0.0829663 0.232425 0.00753716 -0.391397 -0.655631 0.645722 1 
0.082362 0.233435 0.00806218 -0.305184 -0.666883 0.679801 1 
0.0821232 0.233292 0.00829126 -0.28016 -0.677187 0.680389 1 
0.0824692 0.233006 0.00790574 -0.395027 -0.656175 0.642952 1 
0.0829176 0.23309 0.00772718 -0.391397 -0.655631 0.645722 1 
0.0827177 0.232716 0.00772145 -0.391397 -0.655631 0.645722 1 
0.084136 0.231971 0.00690067 -0.591581 -0.632031 0.500569 1 
0.0838533 0.231693 0.00695637 -0.591581 -0.632031 0.500569 1 
0.0837436 0.231855 0.00720508 -0.600786 -0.634444 0.486351 1 
0.0838094 0.231559 0.00678299 -0.514872 -0.619534 0.592524 1 
0.0834951 0.232145 0.00738941 -0.550768 -0.655195 0.517082 1 
0.0834194 0.231711 0.00699517 -0.541486 -0.622456 0.565103 1 
0.0843138 0.231611 0.00673026 -0.583667 -0.637492 0.502929 1 
0.0841018 0.231403 0.00677204 -0.583667 -0.637492 0.502929 1 
0.0840006 0.231167 0.00651896 -0.520841 -0.618604 0.588264 1 
0.0847768 0.230463 0.00623305 -0.594709 -0.618295 0.513842 1 
0.0828517 0.232222 0.0073777 -0.391397 -0.655631 0.645722 1 
0.0821865 0.232729 0.00796141 -0.395027 -0.656175 0.642952 1 
0.082435 0.232438 0.00777712 -0.391397 -0.655631 0.645722 1 
0.0833853 0.231143 0.00686657 -0.503242 -0.621058 0.600861 1 
0.0829954 0.231294 0.00707872 -0.891227 -0.331027 -0.310057 1 
0.083758 0.230792 0.00629376 -0.486351 -0.600786 0.634444 1 
0.08431 0.230046 0.00609711 -0.535954 -0.583294 0.610345 1 
0.0841479 0.230641 0.00608157 -0.521808 -0.582602 0.62313 1 
0.0843831 0.230383 0.00599095 -0.535997 -0.586722 0.607012 1 
0.0841443 0.23024 0.00622 -0.535997 -0.586722 0.607012 1 
0.0839626 0.230368 0.00593609 -0.51459 -0.578703 0.632693 1 
0.0846049 0.230157 0.0059939 -0.570454 -0.594152 0.567068 1 
0.0841407 0.229839 0.00635843 -0.569306 -0.596336 0.565928 1 
0.0838895 0.230031 0.00604229 -0.52426 -0.581574 0.622032 1 
0.0837982 0.230695 0.00601283 -0.475495 -0.599829 0.643514 1 
0.0835861 0.230487 0.00605461 -0.467115 -0.594358 0.654631 1 
0.0836544 0.230289 0.00613298 -0.496972 -0.591312 0.635113 1 
0.0833777 0.23068 0.00595799 -0.367019 -0.569287 0.735669 1 
0.0831657 0.230472 0.00599979 -0.367019 -0.569287 0.735669 1 
0.0833484 0.230647 0.00564481 -0.37471 -0.561247 0.737966 1 
0.0830865 0.23097 0.00592282 -0.361222 -0.583512 0.727347 1 
0.0829146 0.230664 0.00568366 -0.349109 -0.576436 0.738813 1 
0.0828475 0.230996 0.00555921 -0.313512 -0.577183 0.754036 1 
0.0826087 0.230853 0.00578825 -0.313512 -0.577183 0.754036 1 
0.0829974 0.230567 0.00562221 -0.349109 -0.576436 0.738813 1 
0.0822614 0.231174 0.00562726 -0.906378 -0.386817 -0.169857 1 
0.0815955 0.233875 0.00780018 -0.237291 -0.702446 0.671016 1 
0.0895848 0.220271 0.00500442 -0.753424 -0.484227 0.444832 1 
0.0893631 0.220496 0.00500141 -0.747891 -0.438872 0.498046 1 
0.089151 0.220288 0.00504318 -0.740087 -0.44669 0.502732 1 
0.0894008 0.220131 0.00481276 -0.741798 -0.480765 0.467548 1 
0.0869724 0.224808 0.005729 -0.0390508 -0.29855 0.953595 1 
0.0873623 0.224657 0.00551687 -0.0207216 -0.264505 0.964162 1 
0.0870296 0.22508 0.00521606 0.0567349 -0.27611 0.95945 1 
0.0868736 0.22484 0.00538369 -0.106238 -0.281989 0.953517 1 
0.0868078 0.225305 0.00521307 -0.0361448 -0.282926 0.95846 1 
0.0866787 0.225 0.00519343 -0.125998 -0.282502 0.950956 1 
0.0872149 0.22385 0.00577536 -0.690037 -0.237348 0.68375 1 
0.0866982 0.223964 0.00587559 -0.67052 -0.230835 0.705066 1 
0.0890648 0.221148 0.00601459 -0.731509 -0.392878 0.557262 1 
0.0887991 0.221239 0.00583825 -0.729401 -0.363884 0.579278 1 
0.0878631 0.222974 0.00542368 -0.743513 -0.309931 0.592563 1 
0.0873855 0.222688 0.0058818 -0.75648 -0.327432 0.56615 1 
0.0877218 0.222836 0.0054515 -0.744182 -0.313424 0.58988 1 
0.0872672 0.223586 0.00544693 -0.721838 -0.264938 0.639342 1 
0.0875158 0.223296 0.00526266 -0.743513 -0.309931 0.592563 1 
0.0873074 0.223489 0.00516601 -0.725661 -0.268352 0.633564 1 
0.0868431 0.22317 0.00553046 -0.754851 -0.302902 0.581764 1 
0.0875828 0.222964 0.00538711 -0.743513 -0.309931 0.592563 1 
0.0876096 0.222899 0.00519982 -0.743513 -0.309931 0.592563 1 
0.0873038 0.223088 0.0053044 -0.743513 -0.309931 0.592563 1 
0.0881482 0.222186 0.00509684 -0.77265 -0.353258 0.527467 1 
0.0877607 0.222605 0.00521673 -0.77265 -0.353258 0.527467 1 
0.0874657 0.222493 0.00531995 -0.77265 -0.353258 0.527467 1 
0.0875595 0.222266 0.00466445 -0.77265 -0.353258 0.527467 1 
0.0875559 0.223199 0.0049817 -0.743513 -0.309931 0.592563 1 
0.0874413 0.222995 0.00482227 -0.743513 -0.309931 0.592563 1 
0.0874547 0.222962 0.0047286 -0.743513 -0.309931 0.592563 1 
0.0873268 0.222622 0.00525552 -0.765967 -0.343476 0.543433 1 
0.087367 0.222525 0.0049746 -0.765967 -0.343476 0.543433 1 
0.0873682 0.222658 0.00492848 -0.765967 -0.343476 0.543433 1 
0.087384 0.222893 0.00474252 -0.743513 -0.309931 0.592563 1 
0.0874108 0.222828 0.0045553 -0.759801 -0.330699 0.559768 1 
0.0871426 0.222652 0.00447121 -0.765967 -0.343476 0.543433 1 
0.0870744 0.22285 0.00439288 -0.759801 -0.330699 0.559768 1 
0.0891852 0.220856 0.00517172 -0.733419 -0.395423 0.552935 1 
0.0889767 0.221049 0.00507519 -0.73925 -0.385197 0.552388 1 
0.08856 0.221434 0.00488198 -0.769141 -0.357853 0.529493 1 
0.087511 0.224095 0.00562604 -0.630659 -0.233172 0.740203 1 
0.0871637 0.224416 0.00546497 -0.488035 -0.250945 0.835971 1 
0.0871198 0.224282 0.00529169 -0.632122 -0.233713 0.738783 1 
0.087439 0.224061 0.0050934 -0.675437 -0.230369 0.700511 1 
0.0874767 0.223696 0.00490478 -0.721838 -0.264938 0.639342 1 
0.0873012 0.224323 0.00498287 -0.649546 -0.23008 0.724674 1 
0.0871733 0.224152 0.00491704 -0.671715 -0.223905 0.706162 1 
0.0870661 0.224581 0.00507356 -0.296563 -0.231291 0.926582 1 
0.0868577 0.224774 0.0049769 -0.264471 -0.273048 0.924932 1 
0.0866359 0.225 0.00497393 -0.209958 -0.273919 0.938555 1 
0.0870623 0.22435 0.00461923 -0.624399 -0.230042 0.746462 1 
0.0867954 0.224307 0.00448905 -0.728951 -0.240885 0.640784 1 
0.086715 0.224671 0.0044582 -0.478196 -0.239862 0.844864 1 
0.0866272 0.224403 0.00411147 -0.758922 -0.239413 0.605573 1 
0.0865845 0.224402 0.00389203 -0.928742 -0.216282 0.301099 1 
0.0869504 0.224074 0.00555287 -0.642121 -0.233927 0.73004 1 
0.0872952 0.223655 0.00521353 -0.721838 -0.264938 0.639342 1 
0.0870307 0.22388 0.00499104 -0.730467 -0.258278 0.632226 1 
0.0869173 0.22381 0.00478548 -0.735713 -0.261059 0.62496 1 
0.0871659 0.22352 0.0046012 -0.73675 -0.272104 0.618998 1 
0.0871257 0.223617 0.00488214 -0.725661 -0.268352 0.633564 1 
0.0871635 0.223252 0.00469345 -0.743513 -0.309931 0.592563 1 
0.0866504 0.223767 0.00465532 -0.742101 -0.257916 0.618681 1 
0.0866041 0.223366 0.00457418 -0.765161 -0.291111 0.574268 1 
0.086899 0.223477 0.00447097 -0.746185 -0.275245 0.606176 1 
0.0866869 0.223269 0.00451274 -0.754851 -0.302902 0.581764 1 
0.0867173 0.223605 0.00418711 -0.746627 -0.264728 0.610301 1 
0.0865834 0.224099 0.00453082 -0.745769 -0.243356 0.620166 1 
0.0864419 0.22413 0.00396599 -0.750549 -0.239737 0.615795 1 
0.0863688 0.223793 0.00407217 -0.768823 -0.245836 0.590318 1 
0.0862031 0.223987 0.004195 -0.758922 -0.239413 0.605573 1 
0.0863761 0.224595 0.00379542 -0.942626 -0.202286 0.265587 1 
0.0869061 0.222946 0.00401536 -0.759801 -0.330699 0.559768 1 
0.0864126 0.224097 0.00365284 -0.789199 -0.231023 0.569029 1 
0.0862846 0.223926 0.00358705 -0.787891 -0.241828 0.566345 1 
0.0860786 0.224386 0.00339818 -0.943778 -0.193701 0.267885 1 
0.0879253 0.222108 0.00573267 -0.77265 -0.353258 0.527467 1 
0.0888527 0.220939 0.00605635 -0.731509 -0.392878 0.557262 1 
0.0888929 0.220842 0.00577542 -0.734147 -0.402385 0.546915 1 
0.0884761 0.221228 0.00558217 -0.737035 -0.367701 0.567076 1 
0.0884163 0.220859 0.00559473 -0.73925 -0.385197 0.552388 1 
0.0880323 0.221848 0.00498353 -0.77265 -0.353258 0.527467 1 
0.0882541 0.221623 0.00498652 -0.773077 -0.35668 0.52453 1 
0.0878203 0.22164 0.00502534 -0.77265 -0.353258 0.527467 1 
0.0880287 0.221447 0.00512195 -0.773077 -0.35668 0.52453 1 
0.0881092 0.221083 0.00515276 -0.769141 -0.357853 0.529493 1 
0.0878971 0.220875 0.00519456 -0.759195 -0.375533 0.531599 1 
0.0876083 0.221432 0.0050671 -0.773077 -0.35668 0.52453 1 
0.0878167 0.221239 0.00516373 -0.767822 -0.357239 0.531818 1 
0.0879361 0.221978 0.00513859 -0.77265 -0.353258 0.527467 1 
0.0875487 0.222396 0.0052585 -0.77265 -0.353258 0.527467 1 
0.0875193 0.222363 0.00494535 -0.77265 -0.353258 0.527467 1 
0.0874474 0.22216 0.0050054 -0.77265 -0.353258 0.527467 1 
0.0873646 0.222257 0.00506689 -0.77265 -0.353258 0.527467 1 
0.0875852 0.221898 0.00511596 -0.77265 -0.353258 0.527467 1 
0.0872658 0.222289 0.00472157 -0.77265 -0.353258 0.527467 1 
0.0872121 0.222588 0.00450341 -0.765967 -0.343476 0.543433 1 
0.0889865 0.220615 0.0051199 -0.731652 -0.406108 0.547506 1 
0.0887782 0.220808 0.00502333 -0.734147 -0.402385 0.546915 1 
0.0887111 0.22114 0.00489885 -0.747423 -0.369641 0.552018 1 
0.0884857 0.220964 0.00503422 -0.737035 -0.367701 0.567076 1 
0.0887745 0.220407 0.00516169 -0.731652 -0.406108 0.547506 1 
0.0885661 0.2206 0.00506513 -0.731304 -0.402628 0.550532 1 
0.088287 0.220724 0.00498238 -0.742066 -0.384957 0.548768 1 
0.088348 0.221226 0.00492376 -0.766015 -0.364384 0.529571 1 
0.0874582 0.22203 0.00441137 -0.77265 -0.353258 0.527467 1 
0.0873461 0.222094 0.00415966 -0.77265 -0.353258 0.527467 1 
0.0870438 0.222683 0.00412588 -0.765967 -0.343476 0.543433 1 
0.0871377 0.222287 0.00406308 -0.77265 -0.353258 0.527467 1 
0.0868148 0.222107 0.00439967 -0.77265 -0.353258 0.527467 1 
0.086448 0.223295 0.00414912 -0.765161 -0.291111 0.574268 1 
0.0864419 0.222627 0.00437976 -0.770289 -0.336097 0.541936 1 
0.0869744 0.222748 0.00409368 -0.765967 -0.343476 0.543433 1 
0.0867343 0.22264 0.00377621 -0.77265 -0.353258 0.527467 1 
0.0867892 0.222475 0.00394814 -0.77265 -0.353258 0.527467 1 
0.0916802 0.226198 0.00207596 -0.442341 -0.874326 0.199719 1 
0.0908467 0.22697 0.00168946 -0.445255 -0.87115 0.206991 1 
0.0926222 0.225131 0.00225982 -0.481282 -0.865145 0.14104 1 
0.0929511 0.224646 0.00151366 -0.482732 -0.870617 0.0948477 1 
0.0924833 0.225259 0.00219537 -0.448776 -0.881679 0.145744 1 
0.0920398 0.22571 0.00218944 -0.475105 -0.859359 0.189148 1 
0.0922054 0.225517 0.00206655 -0.467788 -0.86622 0.175605 1 
0.0916509 0.226165 0.00176276 -0.438907 -0.882188 0.170605 1 
0.0915655 0.226164 0.00132383 -0.413904 -0.906189 0.0866311 1 
0.0918314 0.225903 0.00209282 -0.455546 -0.868061 0.197354 1 
0.0917887 0.225903 0.00187336 -0.438907 -0.882188 0.170605 1 
0.092187 0.225353 0.00115938 -0.450386 -0.888222 0.0906349 1 
0.0920187 0.225449 0.000781864 -0.432317 -0.896606 0.095916 1 
0.091908 0.225308 0.00166935 -0.450386 -0.888222 0.0906349 1 
0.0915864 0.225261 0.00195986 -0.437002 -0.881312 0.17977 1 
0.0915412 0.224993 0.00183266 -0.4195 -0.901717 0.104527 1 
0.0913939 0.225519 0.00227003 -0.439907 -0.872358 0.213243 1 
0.0916595 0.225598 0.00185367 -0.438907 -0.882188 0.170605 1 
0.0908429 0.225235 0.00164898 -0.428099 -0.896903 0.110885 1 
0.0920018 0.224911 0.00160655 -0.436071 -0.895676 0.0872142 1 
0.0916532 0.225099 0.00149168 -0.413904 -0.906189 0.0866311 1 
0.0923222 0.224824 0.00136219 -0.434119 -0.897179 0.0813111 1 
0.0919713 0.224744 0.00133958 -0.436071 -0.895676 0.0872142 1 
0.0915143 0.225228 0.00142726 -0.413904 -0.906189 0.0866311 1 
0.0930849 0.224322 0.000577211 -0.473185 -0.878773 0.0620797 1 
0.0927352 0.224376 0.000508532 -0.425963 -0.90228 0.0666843 1 
0.0927741 0.224145 0.00027369 -0.416228 -0.907025 0.0637222 1 
0.0920565 0.225084 0.000593185 -0.432317 -0.896606 0.095916 1 
0.0926948 0.224643 0.00019671 -0.446377 -0.891371 0.0787723 1 
0.0924597 0.2249 0.000287399 -0.426213 -0.900702 0.084139 1 
0.0923451 0.224697 0.000127956 -0.426213 -0.900702 0.084139 1 
0.0919345 0.225582 0.000296757 -0.432317 -0.896606 0.095916 1 
0.0919307 0.22535 -0.000157565 -0.432317 -0.896606 0.095916 1 
0.0917493 0.225309 0.000151217 -0.413904 -0.906189 0.0866311 1 
0.092223 0.225363 -0.000761181 -0.422898 -0.902273 0.0840285 1 
0.0920987 0.225593 -0.000965372 -0.413904 -0.906189 0.0866311 1 
0.0921792 0.22506 -0.000341877 -0.436071 -0.895676 0.0872142 1 
0.0920379 0.224921 -0.000314042 -0.413904 -0.906189 0.0866311 1 
0.0919843 0.22522 -0.00053212 -0.413904 -0.906189 0.0866311 1 
0.0918026 0.225348 -0.000816032 -0.432317 -0.896606 0.095916 1 
0.0922746 0.224458 0.000734597 -0.426213 -0.900702 0.084139 1 
0.0914851 0.226528 0.001293 -0.431569 -0.89038 0.144812 1 
0.0912706 0.226053 0.00142705 -0.438907 -0.882188 0.170605 1 
0.0908696 0.226673 0.00104783 -0.431569 -0.89038 0.144812 1 
0.0909634 0.226277 0.000985056 -0.413904 -0.906189 0.0866311 1 
0.0904796 0.226994 0.000667363 -0.413904 -0.906189 0.0866311 1 
0.0905114 0.225792 0.00130206 -0.428099 -0.896903 0.110885 1 
0.0907209 0.225902 0.000759825 -0.413904 -0.906189 0.0866311 1 
0.0906843 0.2264 0.00090234 -0.413904 -0.906189 0.0866311 1 
0.090476 0.226593 0.00080575 -0.413904 -0.906189 0.0866311 1 
0.0904149 0.22626 0.000271767 -0.413904 -0.906189 0.0866311 1 
0.0901921 0.226182 0.000907615 -0.413904 -0.906189 0.0866311 1 
0.0902028 0.226052 0.000313506 -0.413904 -0.906189 0.0866311 1 
0.0902043 0.22735 0.00103891 -0.411986 -0.894805 0.172022 1 
0.0891514 0.227111 0.000971004 -0.357949 -0.925729 0.122059 1 
0.0889296 0.227337 0.000968039 -0.363115 -0.911376 0.193757 1 
0.0888819 0.226971 0.000340432 -0.321032 -0.941784 0.0999064 1 
0.0906367 0.226035 0.000274733 -0.413904 -0.906189 0.0866311 1 
0.0904514 0.225762 0.000129238 -0.413904 -0.906189 0.0866311 1 
0.090048 0.226115 -0.000157639 -0.413904 -0.906189 0.0866311 1 
0.0898226 0.22594 -2.22176e-005 -0.413904 -0.906189 0.0866311 1 
0.0908374 0.225548 -0.00112991 -0.413904 -0.906189 0.0866311 1 
0.090478 0.225866 -0.000650734 -0.413904 -0.906189 0.0866311 1 
0.0896178 0.226534 -0.000257254 -0.394108 -0.91504 0.0859128 1 
0.0898664 0.226243 -0.000441581 -0.412875 -0.906679 0.0864157 1 
0.0896543 0.226035 -0.000399813 -0.408209 -0.908506 0.0893387 1 
0.0900177 0.225609 0.000760704 -0.413904 -0.906189 0.0866311 1 
0.0901725 0.225716 0.0006392 -0.413904 -0.906189 0.0866311 1 
0.0899909 0.225844 0.000355318 -0.413904 -0.906189 0.0866311 1 
0.0896411 0.225898 0.00028652 -0.413904 -0.906189 0.0866311 1 
0.0894865 0.225622 0.00100073 -0.413904 -0.906189 0.0866311 1 
0.0893877 0.225654 0.000655368 -0.412971 -0.90689 0.0836919 1 
0.0889416 0.226007 0.000149027 -0.380905 -0.920407 0.0881096 1 
0.0881656 0.226541 0.0010276 0.108261 -0.986243 -0.124916 1 
0.0883822 0.22612 2.97874e-005 -0.320946 -0.94153 0.102543 1 
0.0900274 0.225346 0.000212818 -0.413904 -0.906189 0.0866311 1 
0.0899603 0.225677 8.83341e-005 -0.413904 -0.906189 0.0866311 1 
0.0898311 0.225372 6.86795e-005 -0.413904 -0.906189 0.0866311 1 
0.0893279 0.225454 7.52509e-005 -0.408209 -0.908506 0.0893387 1 
0.0894728 0.225994 -9.10312e-005 -0.408209 -0.908506 0.0893387 1 
0.0894459 0.226228 -0.000496402 -0.394108 -0.91504 0.0859128 1 
0.0890962 0.226282 -0.000565141 -0.377545 -0.923038 0.0738968 1 
0.0889183 0.226642 -0.000394806 -0.325885 -0.94041 0.0971003 1 
0.0887063 0.226434 -0.000352994 -0.320229 -0.942084 0.0996563 1 
0.0919853 0.225523 -0.00117093 -0.413904 -0.906189 0.0866311 1 
0.091705 0.225513 -0.00120747 -0.413904 -0.906189 0.0866311 1 
0.0916099 0.225946 -0.00169121 -0.413904 -0.906189 0.0866311 1 
0.0916343 0.225444 -0.00119358 -0.413904 -0.906189 0.0866311 1 
0.091493 0.225305 -0.00116572 -0.432317 -0.896606 0.095916 1 
0.0913272 0.225668 -0.00163552 -0.431354 -0.897384 0.0929285 1 
0.0912846 0.225498 -0.00126234 -0.432317 -0.896606 0.095916 1 
0.0910895 0.225659 -0.00145261 -0.431354 -0.897384 0.0929285 1 
0.0915805 0.225913 -0.00200434 -0.407829 -0.911222 0.0578767 1 
0.0913685 0.225705 -0.00196256 -0.412747 -0.909645 0.0467512 1 
0.104383 0.229368 0.00119106 -0.374992 -0.859548 -0.347214 1 
0.104601 0.228911 0.000739738 -0.432053 -0.788052 -0.438526 1 
0.104083 0.229061 0.000293463 -0.276395 -0.908156 -0.314418 1 
0.104291 0.228868 0.000390083 -0.338777 -0.869171 -0.360238 1 
0.103663 0.228877 0.000831291 -0.192865 -0.966914 -0.166977 1 
0.104052 0.228725 0.000619143 -0.300656 -0.899005 -0.318428 1 
0.103968 0.228688 0.000726715 -0.284558 -0.917229 -0.27878 1 
0.103871 0.228853 0.000335202 -0.266915 -0.919052 -0.289999 1 
0.103756 0.22848 0.000768483 -0.279274 -0.923751 -0.262088 1 
0.104052 0.230567 -0.000980064 -0.171581 -0.84 -0.514742 1 
0.103743 0.230185 -0.000144407 -0.266429 -0.920261 -0.286592 1 
0.103769 0.230289 -0.000924319 -0.22081 -0.884722 -0.410499 1 
0.103628 0.230151 -0.000896499 -0.243323 -0.862964 -0.442817 1 
0.10342 0.230344 -0.000993088 -0.248674 -0.852813 -0.459207 1 
0.103198 0.230569 -0.000996128 -0.300449 -0.835963 -0.459235 1 
0.102631 0.230402 0.00175716 -0.331621 -0.938927 -0.0918949 1 
0.101958 0.230276 0.00202499 -0.405362 -0.910357 -0.0832561 1 
0.102569 0.230238 0.000630513 -0.19226 -0.976187 -0.100472 1 
0.102105 0.22992 0.000994965 -0.261007 -0.95526 -0.139116 1 
0.102331 0.230095 0.000859514 -0.19226 -0.976187 -0.100472 1 
0.102119 0.229887 0.000901297 -0.232623 -0.965194 -0.119525 1 
0.102361 0.230431 0.000533849 -0.19226 -0.976187 -0.100472 1 
0.103555 0.229475 0.00039506 -0.139754 -0.985448 -0.0967531 1 
0.103491 0.230074 0.000178322 -0.254673 -0.939369 -0.229624 1 
0.103666 0.229447 0.000100181 -0.258998 -0.922949 -0.284755 1 
0.103915 0.229157 -8.41022e-005 -0.264729 -0.915701 -0.302341 1 
0.103567 0.229478 -0.000245139 -0.258998 -0.922949 -0.284755 1 
0.103376 0.23004 -0.000573814 -0.17349 -0.984642 -0.019532 1 
0.103168 0.230233 -0.000670418 -0.268125 -0.914524 -0.302909 1 
0.102942 0.230057 -0.000535011 -0.263785 -0.918204 -0.295497 1 
0.103565 0.229042 0.000439838 -0.147554 -0.981658 -0.120726 1 
0.103135 0.22946 0.000340223 -0.130922 -0.987224 -0.0908199 1 
0.102927 0.229483 0.000836253 -0.19226 -0.976187 -0.100472 1 
0.103175 0.229193 0.000651971 -0.167989 -0.97973 -0.109131 1 
0.10334 0.228866 0.00057523 -0.14061 -0.984271 -0.10696 1 
0.102818 0.229948 0.000446215 -0.19226 -0.976187 -0.100472 1 
0.102468 0.230002 0.000377446 -0.19226 -0.976187 -0.100472 1 
0.102925 0.229519 0.000289738 -0.130922 -0.987224 -0.0908199 1 
0.102606 0.22974 0.000487983 -0.19226 -0.976187 -0.100472 1 
0.102394 0.229532 0.000529736 -0.19226 -0.976187 -0.100472 1 
0.102434 0.229435 0.00024882 -0.156659 -0.9842 -0.0825149 1 
0.103676 0.229014 0.000144973 -0.270307 -0.917888 -0.290544 1 
0.103564 0.229077 -0.000106782 -0.258998 -0.922949 -0.284755 1 
0.103467 0.229207 4.83543e-005 -0.255856 -0.924796 -0.281584 1 
0.103315 0.229368 7.75903e-005 -0.256997 -0.933898 -0.248571 1 
0.102931 0.228854 -0.00011982 -0.268118 -0.921924 -0.279588 1 
0.103107 0.229561 -1.90288e-005 -0.130922 -0.987224 -0.0908199 1 
0.102613 0.230542 0.000211164 -0.145615 -0.986157 -0.0793187 1 
0.102586 0.230607 0.000398472 -0.156659 -0.9842 -0.0825149 1 
0.102946 0.230458 -0.000673413 -0.263785 -0.918204 -0.295497 1 
0.1023 0.230098 -1.19209e-007 -0.145615 -0.986157 -0.0793187 1 
0.102231 0.229993 0.000560358 -0.19226 -0.976187 -0.100472 1 
0.101977 0.229918 0.000336513 -0.19226 -0.976187 -0.100472 1 
0.101981 0.230319 0.000198126 -0.156659 -0.9842 -0.0825149 1 
0.101012 0.2303 0.00380372 -0.964687 0.224015 -0.138552 1 
0.101499 0.230153 0.00339034 -0.30956 -0.950879 0.00123331 1 
0.101662 0.230031 0.00217435 -0.493883 -0.864649 -0.091984 1 
0.10141 0.229921 0.00249709 -0.242796 -0.969988 0.0131564 1 
0.101423 0.229888 0.00240345 -0.557429 -0.823836 -0.102799 1 
0.101282 0.229749 0.00243127 -0.236641 -0.971538 0.0107024 1 
0.100832 0.230696 0.00342754 -0.973647 0.2057 -0.0984867 1 
0.101457 0.230456 0.00253202 -0.581664 -0.807947 -0.0942846 1 
0.101411 0.230054 0.00245094 -0.574175 -0.812566 -0.100299 1 
0.101021 0.230036 0.00325584 -0.816018 -0.572217 -0.0817452 1 
0.100698 0.230026 0.00299974 -0.83412 -0.544116 -0.0904468 1 
0.100701 0.230293 0.00290744 -0.779851 -0.621286 -0.0763994 1 
0.101033 0.23004 0.00261562 -0.62383 -0.77577 -0.0949624 1 
0.100738 0.229928 0.00271881 -0.324419 -0.945912 0.00124299 1 
0.100779 0.229831 0.00243786 -0.27456 -0.961563 0.00362854 1 
0.100387 0.229849 0.00269614 -0.821908 -0.562813 -0.0878045 1 
0.103256 0.228659 0.00127549 -0.193879 -0.9744 -0.113826 1 
0.102186 0.229216 0.00221115 -0.492518 -0.863691 -0.107069 1 
0.101769 0.229602 0.00201793 -0.425264 -0.899328 -0.101784 1 
0.10302 0.228917 0.00136611 -0.232615 -0.962949 -0.13645 1 
0.101242 0.230016 0.00211951 -0.50851 -0.856064 -0.0925859 1 
0.1011 0.229878 0.00214738 -0.224824 -0.974236 0.0178432 1 
0.101048 0.23031 0.00188312 -0.421332 -0.904023 -0.0722673 1 
0.101154 0.229748 0.00177284 -0.416179 -0.905156 -0.0865323 1 
0.101127 0.229982 0.00136738 -0.341437 -0.937304 -0.0698694 1 
0.101 0.229775 0.00184821 -0.186519 -0.981862 0.0340191 1 
0.100888 0.229669 0.00218914 -0.229875 -0.973097 0.0154838 1 
0.100788 0.229567 0.00188994 -0.201933 -0.979315 0.0128397 1 
0.100689 0.229598 0.00154464 -0.187538 -0.981953 0.0244615 1 
0.100481 0.229791 0.00144802 -0.204682 -0.97845 0.027212 1 
0.100511 0.229958 0.00171499 -0.213769 -0.976724 0.0177157 1 
0.100316 0.230119 0.00152475 -0.396694 -0.916775 -0.0464358 1 
0.0999228 0.230039 0.00128262 -0.186519 -0.981862 0.0340191 1 
0.101947 0.229582 0.000662193 -0.19226 -0.976187 -0.100472 1 
0.101974 0.229517 0.00047487 -0.19226 -0.976187 -0.100472 1 
0.102166 0.229259 0.000164747 -0.145615 -0.986157 -0.0793187 1 
0.101802 0.229211 0.000235751 -0.156659 -0.9842 -0.0825149 1 
0.102583 0.229042 -0.000234708 -0.259798 -0.933868 -0.245755 1 
0.102094 0.229225 -0.000367925 -0.130922 -0.987224 -0.0908199 1 
0.101996 0.22922 -0.000166625 -0.130922 -0.987224 -0.0908199 1 
0.101079 0.229786 0.000147119 -0.156659 -0.9842 -0.0825149 1 
0.100897 0.229914 -0.000136793 -0.146869 -0.985094 -0.089554 1 
0.101637 0.229708 -0.000280187 -0.145615 -0.986157 -0.0793187 1 
0.102065 0.229192 -0.000681043 -0.268118 -0.921924 -0.279588 1 
0.101674 0.22921 -0.000422716 -0.257947 -0.938369 -0.230061 1 
0.101616 0.229108 -0.000502422 -0.257947 -0.938369 -0.230061 1 
0.100729 0.23001 -0.000514343 -0.257947 -0.938369 -0.230061 1 
0.100756 0.229775 -0.000108927 -0.146869 -0.985094 -0.089554 1 
0.100477 0.229899 -0.000191629 -0.156997 -0.983927 -0.0850899 1 
0.0998302 0.230569 0.00129928 -0.165607 -0.985538 0.0359009 1 
0.099768 0.230102 0.000811398 -0.162981 -0.985978 0.0358327 1 
0.100777 0.230545 -0.0004794 -0.151765 -0.982222 -0.110485 1 
0.100481 0.2303 -0.000330016 -0.146316 -0.983099 -0.110039 1 
0.100733 0.230411 -0.000652745 -0.234769 -0.94594 -0.223786 1 
0.100064 0.230516 6.93649e-005 -0.185224 -0.98109 -0.0561647 1 
0.0998786 0.230243 -7.61002e-005 -0.175423 -0.983993 -0.031367 1 
0.100269 0.230092 -0.000288263 -0.136188 -0.986477 -0.091187 1 
0.104123 0.230806 -0.00158669 -0.141588 -0.791404 -0.594671 1 
0.103911 0.230598 -0.00154491 -0.122688 -0.793779 -0.595704 1 
0.103658 0.230487 -0.00122219 -0.178082 -0.839532 -0.513297 1 
0.103874 0.231096 -0.00140235 -0.122688 -0.793779 -0.595704 1 
0.103676 0.230855 -0.0014542 -0.162722 -0.822565 -0.544893 1 
0.10345 0.23068 -0.0013188 -0.167927 -0.845578 -0.506752 1 
0.103999 0.229363 -0.000784382 -0.208477 -0.879744 -0.427304 1 
0.0869726 0.230155 0.0108182 0.811057 0.583342 -0.043575 1 
0.0867324 0.230048 0.0105007 0.811057 0.583342 -0.043575 1 
0.0857575 0.230681 0.0101421 0.708955 0.687701 -0.156365 1 
0.0869175 0.229157 0.00987469 0.660089 0.698448 -0.276502 1 
0.0867031 0.230015 0.0101876 0.759521 0.629144 -0.165245 1 
0.0862815 0.229866 0.0101789 0.740739 0.645655 -0.185568 1 
0.0869978 0.228962 0.00931288 0.624495 0.702761 -0.340782 1 
0.0868187 0.229188 0.00952941 0.697586 0.662467 -0.272968 1 
0.0874631 0.228081 0.00872338 0.397553 0.815862 -0.419906 1 
0.0879516 0.228068 0.00826389 0.24105 0.891736 -0.383018 1 
0.0881283 0.227575 0.00813961 0.243363 0.895281 -0.373157 1 
0.0872925 0.229243 0.00861695 0.613431 0.692371 -0.3799 1 
0.0873338 0.229279 0.00828987 0.568377 0.728898 -0.381648 1 
0.0869961 0.229337 0.00758095 0.613 0.682397 -0.398202 1 
0.0873559 0.22851 0.00887981 0.430098 0.800594 -0.417211 1 
0.0875252 0.228718 0.00861853 0.337548 0.84776 -0.409102 1 
0.087535 0.228284 0.00866328 0.33614 0.842695 -0.420566 1 
0.0873302 0.228878 0.00842828 0.513461 0.761226 -0.396098 1 
0.0870803 0.229204 0.00806607 0.608688 0.700566 -0.372432 1 
0.0875483 0.228421 0.00797701 0.289936 0.857536 -0.424933 1 
0.0872594 0.228978 0.00784953 0.566697 0.724386 -0.392581 1 
0.0883903 0.227252 0.00786167 0.229407 0.849263 -0.475526 1 
0.0883244 0.227717 0.00769107 0.170605 0.901769 -0.397123 1 
0.0880745 0.228043 0.00732882 0.0877574 0.887325 -0.452717 1 
0.0881147 0.227946 0.00704792 0.0377383 0.817662 -0.57446 1 
0.0878319 0.227669 0.00710361 0.0353901 0.686567 -0.726204 1 
0.088067 0.22758 0.00642027 -0.0317378 0.536784 -0.843123 1 
0.0874603 0.228322 0.00703758 0.297288 0.783758 -0.545292 1 
0.0874152 0.228054 0.00691038 0.165782 0.72853 -0.66465 1 
0.0871069 0.227976 0.00710721 0.510096 0.631307 -0.584169 1 
0.0867779 0.22863 0.00726072 0.59679 0.692674 -0.405024 1 
0.0877356 0.227967 0.00666602 0.00692926 0.685996 -0.727572 1 
0.0873579 0.227953 0.00683069 0.196463 0.672924 -0.713145 1 
0.0875636 0.227662 0.00642687 0.0723467 0.548984 -0.832696 1 
0.0874393 0.227892 0.00622268 0.170901 0.579249 -0.797034 1 
0.0867339 0.228665 0.00649464 0.578687 0.655846 -0.484755 1 
0.0870884 0.227812 0.00620005 0.550051 0.523137 -0.650978 1 
0.0867129 0.228235 0.00567974 0.450266 0.533341 -0.716106 1 
0.0864749 0.228577 0.00905108 0.640022 0.669637 -0.376774 1 
0.0866024 0.227924 0.00715993 0.623643 0.5628 -0.542518 1 
0.0868546 0.228034 0.00683725 0.511414 0.612684 -0.602557 1 
0.0871165 0.227712 0.00655928 0.701851 0.488462 -0.518469 1 
0.0866827 0.227729 0.00659806 0.460136 0.489822 -0.740506 1 
0.0866545 0.22783 0.00623882 0.463475 0.486566 -0.74057 1 
0.0865509 0.227326 0.006078 0.943667 0.272554 -0.187638 1 
0.0870542 0.227245 0.00607146 0.806451 -0.223586 0.5474 1 
0.0869067 0.226607 0.00573727 0.919722 -0.188479 0.344364 1 
0.0869201 0.226575 0.00564365 0.765343 -0.260374 0.588604 1 
0.0864691 0.227726 0.00550067 0.396255 0.437966 -0.806949 1 
0.0867446 0.227202 0.00572178 0.650629 -0.297201 0.698823 1 
0.0869675 0.227279 0.0050859 0.839321 -0.257186 0.478952 1 
0.0866811 0.226601 0.00527997 0.783196 -0.217812 0.582376 1 
0.0864958 0.226328 0.00513457 0.713607 -0.192658 0.673534 1 
0.0861193 0.226447 0.00525302 0.612396 -0.239633 0.753357 1 
0.0859402 0.230856 0.00978719 0.693883 0.690778 -0.203353 1 
0.0858781 0.230219 0.00989202 0.729614 0.645247 -0.22654 1 
0.0869171 0.229665 0.00809668 0.651433 0.65803 -0.377666 1 
0.0866344 0.229388 0.00815237 0.652613 0.652613 -0.384959 1 
0.0862452 0.228848 0.00636148 0.601974 0.642217 -0.474536 1 
0.0859355 0.228805 0.00601178 0.598826 0.6022 -0.527979 1 
0.0865314 0.228193 0.00598851 0.492981 0.529746 -0.690173 1 
0.0861804 0.228114 0.00596587 0.574453 0.503699 -0.645206 1 
0.0861707 0.228547 0.00592116 0.575748 0.548734 -0.60614 1 
0.0859721 0.228307 0.00586925 0.594709 0.513842 -0.618295 1 
0.0859952 0.227841 0.00582035 0.564985 0.454988 -0.688315 1 
0.0856941 0.228564 0.0057404 0.583294 0.535954 -0.610345 1 
0.0855553 0.228693 0.00567603 0.599482 0.548821 -0.582595 1 
0.0853042 0.228885 0.00535992 0.559451 0.54593 -0.623678 1 
0.0854822 0.228356 0.00578223 0.598704 0.50426 -0.622315 1 
0.0853432 0.228485 0.00571783 0.595588 0.531474 -0.602337 1 
0.0850922 0.228677 0.0054017 0.547723 0.544352 -0.635358 1 
0.0850484 0.228373 0.00582103 0.586575 0.532481 -0.610241 1 
0.0846986 0.228427 0.00575228 0.547723 0.544352 -0.635358 1 
0.138898 0.247542 0.0083711 -0.24234 0.968119 -0.0633813 0 
0.138649 0.247698 0.00860153 -0.25013 0.967251 -0.0431259 0 
0.138256 0.247583 0.00890595 -0.245027 0.969245 0.0229336 0 
0.137846 0.247304 0.0083032 -0.257324 0.956718 0.13592 0 
0.137387 0.247653 0.00843705 -0.252313 0.954516 0.158863 0 
0.139436 0.248197 0.00790049 -0.244407 0.969117 0.0328308 0 
0.139336 0.248095 0.0076012 -0.224814 0.974192 -0.0202213 0 
0.139224 0.247989 0.00794223 -0.224814 0.974192 -0.0202213 0 
0.13908 0.247583 0.00806232 -0.213528 0.973837 -0.0777589 0 
0.138868 0.247375 0.00810416 -0.244964 0.968888 -0.0353431 0 
0.138727 0.247236 0.008132 -0.249582 0.968185 -0.0180856 0 
0.138266 0.247488 0.00776538 -0.230526 0.968711 0.0919583 0 
0.138488 0.247263 0.00776835 -0.225495 0.972215 0.0628428 0 
0.138518 0.247599 0.00744267 -0.225495 0.972215 0.0628428 0 
0.138528 0.247165 0.00748742 -0.223618 0.972305 0.0679502 0 
0.13807 0.247684 0.00702858 -0.224193 0.967234 0.119143 0 
0.138515 0.247028 0.00817375 -0.23926 0.970402 0.032792 0 
0.138345 0.24699 0.00784238 -0.233875 0.969269 0.0762908 0 
0.138121 0.246948 0.00793163 -0.238535 0.965622 0.103323 0 
0.137926 0.247109 0.00774135 -0.252313 0.954516 0.158863 0 
0.137995 0.247214 0.00718091 -0.237175 0.962956 0.128308 0 
0.137801 0.247508 0.00694445 -0.239698 0.962678 0.125679 0 
0.137421 0.247396 0.00660874 -0.262223 0.950727 0.165402 0 
0.137783 0.247006 0.00722267 -0.252313 0.954516 0.158863 0 
0.137656 0.247138 0.0065181 -0.252313 0.954516 0.158863 0 
0.13728 0.247257 0.00663655 -0.275368 0.939572 0.203413 0 
0.136875 0.247138 0.00758117 -0.273206 0.938885 0.209412 0 
0.137165 0.246884 0.00706984 -0.276488 0.937837 0.209798 0 
0.137098 0.247216 0.00694536 -0.276488 0.937837 0.209798 0 
0.137024 0.246745 0.00709769 -0.278332 0.935699 0.216791 0 
0.136959 0.247344 0.00688094 -0.28091 0.934968 0.216622 0 
0.136818 0.247206 0.00690882 -0.273206 0.938885 0.209412 0 
0.136606 0.246998 0.00695062 -0.273206 0.938885 0.209412 0 
0.137458 0.246898 0.00646622 -0.274958 0.940935 0.197583 0 
0.136358 0.247591 0.00649607 -0.273206 0.938885 0.209412 0 
0.135459 0.246817 0.00813082 -0.270992 0.921946 0.276727 0 
0.135178 0.246673 0.00814043 -0.269816 0.919106 0.28713 0 
0.135174 0.246272 0.0082788 -0.266429 0.920261 0.286592 0 
0.136468 0.246921 0.00802541 -0.273364 0.939427 0.206757 0 
0.1362 0.246745 0.00794132 -0.271023 0.938156 0.215428 0 
0.135933 0.246872 0.00721842 -0.273367 0.935055 0.225703 0 
0.135766 0.246762 0.00798012 -0.273048 0.924932 0.264471 0 
0.135291 0.246912 0.0077533 -0.267127 0.92423 0.272841 0 
0.135371 0.246718 0.00719143 -0.268611 0.920746 0.282975 0 
0.136076 0.247144 0.00714441 -0.274474 0.937669 0.21317 0 
0.135359 0.246714 0.00783159 -0.268611 0.920746 0.282975 0 
0.135383 0.246249 0.00778274 -0.269816 0.919106 0.28713 0 
0.135006 0.246368 0.00790127 -0.273691 0.908887 0.314671 0 
0.134571 0.246251 0.00798619 -0.29469 0.898879 0.324307 0 
0.13441 0.245646 0.00774562 -0.33488 0.894501 0.296182 0 
0.134198 0.245438 0.00778744 -0.376169 0.856055 0.354496 0 
0.13519 0.246846 0.00690758 -0.265902 0.913948 0.306587 0 
0.135067 0.247209 0.00665724 -0.268125 0.914524 0.302909 0 
0.134786 0.247199 0.00662066 -0.258422 0.916747 0.30462 0 
0.134798 0.246561 0.00780463 -0.275109 0.904769 0.325128 0 
0.134978 0.246638 0.00694932 -0.262011 0.906061 0.332271 0 
0.134924 0.246937 0.00673121 -0.262011 0.906061 0.332271 0 
0.134712 0.246729 0.00677299 -0.276164 0.910318 0.30831 0 
0.1345 0.246521 0.00681478 -0.311487 0.914179 0.259331 0 
0.134574 0.246991 0.00666243 -0.287667 0.917934 0.273212 0 
0.134658 0.247198 0.00596219 -0.272489 0.910724 0.310375 0 
0.134192 0.246273 0.0076043 -0.327408 0.905878 0.26868 0 
0.1344 0.24608 0.00770094 -0.316994 0.903801 0.287506 0 
0.134121 0.246203 0.00761822 -0.343401 0.900507 0.266762 0 
0.133686 0.246256 0.00711048 -0.413717 0.895185 0.165775 0 
0.134288 0.246313 0.00685655 -0.328032 0.918203 0.22203 0 
0.133938 0.246367 0.00678776 -0.365978 0.918449 0.150037 0 
0.13419 0.246478 0.00646508 -0.332878 0.918629 0.21287 0 
0.133505 0.246384 0.00682656 -0.417602 0.905032 0.080782 0 
0.133697 0.245787 0.00770177 -0.434305 0.884589 0.169946 0 
0.133923 0.245963 0.00756638 -0.3891 0.87661 0.283119 0 
0.133115 0.246366 0.00763142 -0.445192 0.8679 0.220348 0 
0.133474 0.246048 0.00715223 -0.440763 0.885833 0.145007 0 
0.132956 0.245859 0.0078913 -0.471013 0.849043 0.239317 0 
0.132903 0.246158 0.00767322 -0.471316 0.860857 0.191797 0 
0.133262 0.24584 0.00719401 -0.45635 0.873081 0.171681 0 
0.133266 0.246241 0.00705561 -0.456522 0.880129 0.130231 0 
0.132842 0.245825 0.00713921 -0.461814 0.841768 0.27956 0 
0.132872 0.246161 0.00681353 -0.471316 0.860857 0.191797 0 
0.132633 0.246018 0.00704259 -0.472398 0.845424 0.249194 0 
0.131515 0.245906 0.00798938 -0.441797 0.757132 0.481214 0 
0.132618 0.245614 0.00782119 -0.472398 0.845424 0.249194 0 
0.132761 0.24602 0.00770105 -0.461814 0.841768 0.27956 0 
0.132476 0.245475 0.00784901 -0.468116 0.845678 0.256313 0 
0.132297 0.24587 0.00747287 -0.459329 0.829301 0.318238 0 
0.132156 0.245732 0.00750074 -0.442269 0.802517 0.400455 0 
0.132448 0.245745 0.00689708 -0.461339 0.837244 0.293579 0 
0.132125 0.245395 0.0078264 -0.442269 0.802517 0.400455 0 
0.132025 0.245293 0.00752717 -0.439667 0.80042 0.407457 0 
0.131953 0.24509 0.00758722 -0.445421 0.799185 0.403613 0 
0.131741 0.244882 0.00762902 -0.43431 0.762091 0.480199 0 
0.132169 0.245869 0.00681438 -0.44369 0.80569 0.392433 0 
0.131288 0.245766 0.00757831 -0.449144 0.796868 0.404068 0 
0.131463 0.245139 0.00750017 -0.444221 0.776166 0.447475 0 
0.131503 0.245211 0.00662659 -0.431304 0.779602 0.45409 0 
0.131096 0.245164 0.0064781 -0.316494 0.823514 -0.470804 0 
0.131267 0.244997 0.00794876 -0.434198 0.697046 0.570613 0 
0.131237 0.24483 0.00768176 -0.374923 0.56484 0.735111 0 
0.131529 0.244674 0.00767076 -0.437752 0.728486 0.526955 0 
0.131321 0.244867 0.00757417 -0.378844 0.569086 0.729807 0 
0.131038 0.244589 0.00762984 -0.308493 0.831522 -0.461957 0 
0.131069 0.243423 0.007718 0.115403 0.144557 -0.982744 0 
0.131072 0.243824 0.00757958 0.101311 0.134684 -0.985696 0 
0.130992 0.244188 0.00754882 -0.360485 0.91747 -0.168226 0 
0.130725 0.244145 0.00741859 -0.369766 0.928924 -0.0193257 0 
0.13093 0.243551 0.00765358 0.102134 0.14539 -0.984089 0 
0.13082 0.243882 0.00730966 0.0923235 0.149876 -0.984385 0 
0.130442 0.243868 0.00747432 0.0960662 0.166596 -0.981334 0 
0.131042 0.24499 0.00749147 -0.315131 0.430007 0.846042 0 
0.13107 0.245059 0.00725804 -0.315131 0.430007 0.846042 0 
0.130929 0.244751 0.00787857 -0.352118 0.881052 -0.315849 0 
0.130715 0.244579 0.00737385 -0.362203 0.927723 -0.090214 0 
0.130692 0.245045 0.0074227 -0.356941 0.908972 -0.215321 0 
0.131332 0.244906 0.00638741 -0.405556 0.677031 0.614128 0 
0.131162 0.244699 0.00664872 -0.316494 0.823514 -0.470804 0 
0.131025 0.244961 0.00653818 -0.329757 0.856128 -0.397875 0 
0.130699 0.244683 0.00637437 -0.348394 0.93219 -0.0981961 0 
0.130531 0.244609 0.0065895 -0.342788 0.939163 -0.0216632 0 
0.130776 0.245251 0.00672244 -0.352643 0.898575 -0.261162 0 
0.130564 0.245043 0.00676426 -0.352412 0.929333 -0.110214 0 
0.130392 0.244738 0.00652508 -0.342788 0.939163 -0.0216632 0 
0.129891 0.244917 0.00703208 -0.344618 0.936889 0.0589651 0 
0.130319 0.244401 0.00663131 -0.346647 0.937611 0.026862 0 
0.13014 0.244627 0.00684781 -0.346647 0.937611 0.026862 0 
0.131051 0.243563 0.00617205 0.0234491 0.282623 -0.958944 0 
0.130811 0.243286 0.00644724 0.00632401 0.35541 -0.934689 0 
0.1307 0.243483 0.00614935 0.00127689 0.384343 -0.923189 0 
0.130921 0.244457 0.00637738 -0.368314 0.904043 -0.216912 0 
0.131028 0.244028 0.00622092 0.0734276 0.179356 -0.98104 0 
0.130736 0.244184 0.00623183 0.0663075 0.186867 -0.980145 0 
0.130843 0.243755 0.00607543 0.0847217 0.153931 -0.984443 0 
0.130745 0.243751 0.00627661 0.0926582 0.157639 -0.98314 0 
0.13023 0.24366 0.00751606 0.0833317 0.170287 -0.981865 0 
0.129605 0.244239 0.00722621 -0.336686 0.908033 0.249235 0 
0.129672 0.243907 0.00735065 0.0502921 0.236741 -0.97027 0 
0.12923 0.244661 0.00670591 -0.313836 0.909394 0.272964 0 
0.129018 0.244453 0.00674769 -0.291982 0.89966 0.324589 0 
0.128806 0.244245 0.00678949 -0.277533 0.857133 0.433933 0 
0.128808 0.244512 0.00669721 -0.289453 0.9202 0.263532 0 
0.128596 0.244304 0.00673896 -0.2729 0.86139 0.428408 0 
0.128455 0.244165 0.00676684 -0.266401 0.877468 0.398849 0 
0.127712 0.244273 0.00640979 -0.182997 0.705847 -0.684318 0 
0.127567 0.243734 0.00657609 -0.199168 0.733371 -0.649999 0 
0.127473 0.24413 0.00663887 -0.192679 0.741427 -0.642776 0 
0.12718 0.244152 0.00669593 -0.230014 0.810453 -0.538758 0 
0.127261 0.243922 0.00668067 -0.232062 0.82528 -0.51484 0 
0.127036 0.243746 0.00681601 -0.261851 0.828937 -0.494264 0 
0.126981 0.243912 0.00664409 -0.257902 0.829301 -0.495728 0 
0.126845 0.244308 0.0064874 -0.253545 0.609453 -0.751187 0 
0.126659 0.244035 0.00634195 -0.259891 0.590661 -0.763922 0 
0.126824 0.243538 0.00685787 -0.263983 0.605423 -0.75085 0 
0.126726 0.243703 0.0064664 -0.261038 0.605925 -0.751474 0 
0.126557 0.243496 0.00672764 -0.26621 0.562348 -0.782877 0 
0.126345 0.243288 0.0067694 -0.256659 0.438902 -0.861099 0 
0.126089 0.242776 0.00723054 -0.241047 0.411727 -0.87885 0 
0.125701 0.243061 0.00739658 -0.191914 0.229492 -0.954203 0 
0.12644 0.242855 0.00725318 -0.268379 0.538328 -0.798859 0 
0.125997 0.243476 0.00665458 -0.241047 0.411727 -0.87885 0 
0.125855 0.243337 0.00668241 -0.241047 0.411727 -0.87885 0 
0.125572 0.243059 0.00673811 -0.191914 0.229492 -0.954203 0 
0.125208 0.242843 0.00740176 -0.192287 0.232627 -0.953368 0 
0.124983 0.242667 0.00753716 -0.183199 0.228665 -0.956112 0 
0.125431 0.242921 0.00676598 -0.191914 0.229492 -0.954203 0 
0.125034 0.24244 0.00666223 0.385255 -0.882937 -0.268329 0 
0.125364 0.243252 0.00664149 -0.191914 0.229492 -0.954203 0 
0.124967 0.242771 0.00653778 -0.183199 0.228665 -0.956112 0 
0.124771 0.242459 0.00757897 0.386968 -0.885992 -0.255488 0 
0.12456 0.242385 0.00757463 0.360442 -0.866594 -0.345104 0 
0.124285 0.242909 0.00735354 0.360442 -0.866594 -0.345104 0 
0.123722 0.242622 0.00737269 0.377352 -0.869284 -0.319298 0 
0.124364 0.242412 0.00743051 0.375432 -0.873982 -0.308554 0 
0.124082 0.242268 0.00744003 0.373457 -0.873432 -0.312484 0 
0.123987 0.2427 0.00695632 0.3731 -0.872597 -0.315231 0 
0.124448 0.242618 0.00673026 0.375432 -0.873982 -0.308554 0 
0.124266 0.242746 0.00644638 0.375432 -0.873982 -0.308554 0 
0.123789 0.24229 0.00749718 0.375432 -0.873982 -0.308554 0 
0.123719 0.242355 0.00746493 0.375783 -0.874799 -0.305799 0 
0.123506 0.242013 0.00755288 0.387873 -0.909737 -0.148097 0 
0.123311 0.242173 0.00736259 0.387873 -0.909737 -0.148097 0 
0.12324 0.242104 0.00737652 0.396072 -0.918108 -0.0142846 0 
0.123012 0.242 0.00641879 0.385308 -0.872654 0.300022 0 
0.123263 0.241638 0.00732766 0.392028 -0.905228 0.163939 0 
0.123095 0.241564 0.00754274 0.391813 -0.893686 0.218652 0 
0.122871 0.241861 0.00644669 0.402476 -0.870259 0.284011 0 
0.122588 0.241584 0.00650243 0.524953 -0.847566 -0.0778232 0 
0.122254 0.241534 0.00743309 0.519471 -0.853906 -0.0315246 0 
0.121696 0.241781 0.00726764 0.511295 -0.859353 -0.00944344 0 
0.121454 0.241406 0.00704248 0.508332 -0.858423 -0.0686178 0 
0.122349 0.24161 0.00613879 0.534339 -0.844778 -0.0288461 0 
0.121299 0.2413 0.00716397 0.499706 -0.866068 -0.0148161 0 
0.120888 0.240852 0.0071539 0.472179 -0.881132 -0.0255596 0 
0.121421 0.240972 0.00686778 0.50288 -0.862278 -0.0598998 0 
0.120815 0.240515 0.00726007 0.467837 -0.883693 0.0146616 0 
0.121424 0.241374 0.0067293 0.503727 -0.856766 -0.110504 0 
0.120895 0.241823 0.00628443 0.498514 -0.862868 -0.0833211 0 
0.12092 0.241152 0.00737476 0.488099 -0.872663 -0.0147909 0 
0.120936 0.241556 0.00659616 0.490752 -0.867605 -0.0801515 0 
0.12131 0.24117 0.00656991 0.502899 -0.859059 -0.095451 0 
0.120999 0.240993 0.00626636 0.489615 -0.869032 -0.0711406 0 
0.120556 0.241105 0.00744575 0.462532 -0.885729 0.0393356 0 
0.120384 0.2408 0.00720662 0.440346 -0.897781 0.00920127 0 
0.119568 0.239068 0.00736961 -0.370974 0.916936 -0.14699 0 
0.119414 0.239131 0.00689842 -0.362377 0.93127 -0.0376664 0 
0.119118 0.238717 0.00764044 -0.339114 0.932904 -0.121209 0 
0.119437 0.238496 0.00744221 -0.348842 0.928877 -0.124489 0 
0.11898 0.238979 0.00752988 -0.342731 0.92909 -0.139019 0 
0.119298 0.239958 0.00755666 -0.362151 0.925192 -0.113428 0 
0.119338 0.23986 0.00727572 -0.364316 0.929862 -0.0512936 0 
0.119086 0.23975 0.0075984 -0.358066 0.927161 -0.110279 0 
0.119337 0.239727 0.00732186 -0.364316 0.929862 -0.0512936 0 
0.119015 0.23968 0.00761238 -0.352412 0.929333 -0.110214 0 
0.11892 0.240113 0.00712858 -0.350046 0.935625 -0.045545 0 
0.119262 0.239426 0.00688149 -0.356775 0.933799 -0.027048 0 
0.119125 0.239519 0.00736362 -0.354109 0.932355 -0.0729439 0 
0.118954 0.239347 0.00707839 -0.330552 0.943158 -0.0344591 0 
0.118943 0.239647 0.00707972 -0.339052 0.939805 -0.0425426 0 
0.119064 0.239185 0.00682966 -0.330487 0.943709 -0.0138226 0 
0.118385 0.239894 0.00691441 -0.307325 0.951597 -0.00370271 0 
0.118439 0.239764 0.00653982 -0.30579 0.952034 0.0111421 0 
0.117773 0.24044 0.00653087 -0.292169 0.956075 0.0236221 0 
0.119077 0.239322 0.00614335 -0.325178 0.944929 0.036981 0 
0.118687 0.239474 0.00635549 -0.310286 0.950636 0.00370859 0 
0.118412 0.239999 0.00613444 -0.312372 0.949661 0.0238356 0 
0.11866 0.239708 0.00595012 -0.312372 0.949661 0.0238356 0 
0.118243 0.240094 0.00575687 -0.287908 0.956759 0.0414889 0 
0.118062 0.240053 0.00606565 -0.287908 0.956759 0.0414889 0 
0.118691 0.239536 0.00740243 -0.314973 0.947489 -0.0552809 0 
0.118004 0.239478 0.00721739 0.0779711 0.41995 0.904192 0 
0.118704 0.239504 0.00730877 -0.314973 0.947489 -0.0552809 0 
0.11859 0.2393 0.00714941 -0.301424 0.953483 -0.0036909 0 
0.118838 0.23901 0.00696509 -0.301424 0.953483 -0.0036909 0 
0.118536 0.239599 0.00693128 -0.315402 0.948718 -0.0213619 0 
0.118186 0.239823 0.00626977 -0.293526 0.955519 0.028728 0 
0.117898 0.240211 0.00673506 -0.292169 0.956075 0.0236221 0 
0.11781 0.239942 0.00638828 -0.281277 0.958844 0.0387538 0 
0.117601 0.240135 0.00629169 0.169493 0.337586 0.925909 0 
0.117584 0.239766 0.00652377 0.120258 0.440002 0.889908 0 
0.117376 0.239959 0.00642712 -0.230717 0.970984 0.0629227 0 
0.116702 0.23953 0.0073338 -0.175101 0.236586 -0.955702 0 
0.117346 0.239623 0.00675283 -0.209269 0.975367 0.0697565 0 
0.116912 0.23964 0.00679162 -0.16339 0.968764 0.186548 0 
0.117137 0.239816 0.0066562 -0.209269 0.975367 0.0697565 0 
0.116844 0.239839 0.00671327 -0.16339 0.968764 0.186548 0 
0.116465 0.23969 0.00692402 -0.231029 0.317127 -0.919813 0 
0.116673 0.239497 0.00702065 -0.169576 0.966972 0.190288 0 
0.116142 0.23951 0.00726068 -0.123548 0.384525 -0.914809 0 
0.116488 0.239224 0.00687514 -0.17097 0.958226 0.229285 0 
0.116293 0.239385 0.0066849 -0.181411 0.960021 0.213191 0 
0.116037 0.239043 0.00655335 -0.223056 0.965717 0.132802 0 
0.116084 0.239578 0.00658827 -0.169055 0.336712 -0.926307 0 
0.115802 0.2393 0.00664397 -0.129697 0.337212 -0.932452 0 
0.11566 0.239162 0.00667183 -0.132211 0.433594 -0.891356 0 
0.115225 0.238876 0.00734942 0.144206 -0.48797 -0.860866 0 
0.115616 0.238858 0.00709115 -0.151743 0.51416 -0.844165 0 
0.115031 0.23934 0.00652041 0.0763555 -0.298951 -0.951209 0 
0.115475 0.238889 0.00652635 -0.144037 0.417851 -0.897025 0 
0.115269 0.239349 0.00633749 -0.160926 0.388785 -0.907165 0 
0.115057 0.239141 0.00637923 0.0763555 -0.298951 -0.951209 0 
0.115236 0.238746 0.00675537 0.112581 -0.404459 -0.9076 0 
0.114984 0.238804 0.00648542 0.0800482 -0.321505 -0.943518 0 
0.114607 0.238923 0.00660396 -0.0010855 -0.116148 -0.993231 0 
0.114633 0.238725 0.0064628 -0.0010855 -0.116148 -0.993231 0 
0.114533 0.238453 0.00675631 -0.0158026 -0.0663709 -0.99767 0 
0.114183 0.238507 0.00668751 -0.062169 0.0200205 -0.997865 0 
0.114209 0.238309 0.00654638 -0.0638605 0.0465424 -0.996873 0 
0.11418 0.238106 0.00682592 -0.0928364 0.12104 -0.988297 0 
0.114042 0.238368 0.00671534 -0.0928364 0.12104 -0.988297 0 
0.113759 0.238091 0.00677107 -0.0909519 0.095557 -0.99126 0 
0.113999 0.239532 0.0072674 -0.0446007 0.0176329 -0.998849 0 
0.113996 0.239131 0.00740582 -0.0638605 0.0465424 -0.996873 0 
0.114422 0.23865 0.00645843 -0.00972209 -0.100462 -0.994893 0 
0.113975 0.2387 0.00659086 -0.073402 0.053682 -0.995857 0 
0.113503 0.238913 0.00741103 -0.101928 0.142699 -0.984504 0 
0.112663 0.238882 0.00730139 -0.355416 0.789635 -0.500156 0 
0.113763 0.238492 0.00663266 -0.101137 0.129693 -0.986383 0 
0.113409 0.238145 0.00670232 -0.118874 0.188947 -0.974766 0 
0.110954 0.237214 0.00827578 -0.484643 0.714473 0.504628 0 
0.113282 0.237805 0.00722921 -0.119108 0.191826 -0.974175 0 
0.112474 0.238208 0.00729424 -0.358002 0.720909 -0.593401 0 
0.112622 0.237646 0.0074034 -0.260851 0.405601 -0.876039 0 
0.112418 0.23824 0.00716837 -0.368902 0.75568 -0.541164 0 
0.113127 0.237868 0.00675799 -0.133817 0.235154 -0.962702 0 
0.112958 0.237963 0.00638042 -0.124429 0.158924 -0.979418 0 
0.112955 0.237562 0.00651884 -0.141253 0.219007 -0.965445 0 
0.112733 0.237788 0.00651591 -0.224743 0.386323 -0.894564 0 
0.112679 0.238087 0.00629777 -0.311121 0.627078 -0.714127 0 
0.112467 0.237879 0.00633954 -0.317516 0.585068 -0.746243 0 
0.112441 0.237774 0.00711952 -0.335712 0.585469 -0.737918 0 
0.112342 0.237636 0.00736684 -0.384129 0.651206 -0.654504 0 
0.112299 0.237636 0.00714736 -0.376806 0.643368 -0.666404 0 
0.11199 0.237423 0.00739031 -0.40188 0.61357 -0.679723 0 
0.1121 0.237261 0.00714165 -0.358655 0.540417 -0.761128 0 
0.111532 0.237773 0.00752416 -0.405556 0.614128 -0.677031 0 
0.112282 0.237606 0.006194 -0.366307 0.622558 -0.691549 0 
0.112504 0.237381 0.00619702 -0.331862 0.581163 -0.743046 0 
0.112154 0.237435 0.00612825 -0.365088 0.587742 -0.72199 0 
0.111942 0.237227 0.00617002 -0.378844 0.569086 -0.729807 0 
0.111875 0.237219 0.00723097 -0.393517 0.568047 -0.722819 0 
0.111734 0.237081 0.00725879 -0.435706 0.659401 0.612659 0 
0.111148 0.237259 0.00732678 -0.472263 0.702554 0.532339 0 
0.111314 0.237066 0.00720392 -0.472263 0.702554 0.532339 0 
0.110937 0.237185 0.00732245 -0.49018 0.716161 0.496826 0 
0.110729 0.237378 0.0072258 -0.494685 0.714545 0.494685 0 
0.111441 0.237406 0.00667703 -0.338369 0.481341 -0.80859 0 
0.111075 0.236922 0.00743298 -0.49018 0.716161 0.496826 0 
0.110517 0.23717 0.00726759 0.295041 -0.402051 0.866779 0 
0.110446 0.2371 0.00728153 0.291114 -0.403902 0.867246 0 
0.11054 0.236704 0.0072187 0.291114 -0.403902 0.867246 0 
0.110372 0.23663 0.0074338 0.385226 -0.515261 0.765576 0 
0.110345 0.236864 0.00702843 0.372397 -0.494917 0.785097 0 
0.110301 0.236561 0.00744776 0.381814 -0.508544 0.771752 0 
0.109877 0.236144 0.00753134 0.454011 -0.641647 0.618193 0 
0.109527 0.236199 0.00746255 0.442206 -0.622425 0.645787 0 
0.109244 0.235921 0.00751831 0.425008 -0.631678 0.648345 0 
0.109311 0.23559 0.00764275 0.424127 -0.637023 0.643676 0 
0.110061 0.236623 0.00653762 0.369265 -0.491816 0.788518 0 
0.109849 0.236415 0.0065794 0.463782 -0.644607 0.607773 0 
0.109189 0.236256 0.00675361 0.4359 -0.626293 0.646334 0 
0.108767 0.235974 0.00679106 0.419886 -0.602446 0.678789 0 
0.108696 0.235904 0.00680494 0.412521 -0.601387 0.684222 0 
0.109017 0.235951 0.00651447 0.420239 -0.616239 0.66607 0 
0.108723 0.23584 0.00661768 0.41263 -0.60486 0.681088 0 
0.108679 0.235366 0.00762968 0.402599 -0.60804 0.684252 0 
0.107882 0.23564 0.00710067 0.376733 -0.636662 0.672855 0 
0.108484 0.235696 0.00684673 0.402599 -0.60804 0.684252 0 
0.108511 0.235631 0.00665948 0.402599 -0.60804 0.684252 0 
0.108341 0.235424 0.00692073 0.38469 -0.625741 0.678574 0 
0.108119 0.235649 0.00691774 0.38469 -0.625741 0.678574 0 
0.107955 0.235977 0.00699446 0.384539 -0.618894 0.684909 0 
0.10767 0.235432 0.00714241 0.369417 -0.635398 0.678086 0 
0.107307 0.235349 0.00776 0.347223 -0.598267 0.722159 0 
0.107881 0.235506 0.00714682 0.376733 -0.636662 0.672855 0 
0.106052 0.235633 0.00855017 0.34963 -0.587052 0.730157 0 
0.107045 0.235502 0.00863062 0.340132 -0.603774 0.720949 0 
0.106766 0.235626 0.0085479 0.344527 -0.62864 0.697218 0 
0.106762 0.235225 0.00868632 0.353473 -0.591294 0.724864 0 
0.106455 0.235449 0.0082444 0.355496 -0.560027 0.748326 0 
0.10623 0.235273 0.0083798 0.362541 -0.618453 0.697195 0 
0.105841 0.235389 0.00913849 0.395503 -0.680133 0.617249 0 
0.106018 0.235065 0.0084216 0.376407 -0.619675 0.68871 0 
0.10578 0.235056 0.00860448 0.398909 -0.686918 0.607467 0 
0.105859 0.234727 0.0080888 0.391286 -0.599311 0.698371 0 
0.106643 0.234825 0.00752607 0.373204 -0.662561 0.649408 0 
0.106679 0.234327 0.00738356 0.374026 -0.654134 0.657429 0 
0.106633 0.233925 0.00730251 0.394614 -0.681905 0.615861 0 
0.106327 0.234114 0.00740705 0.399382 -0.628073 0.667846 0 
0.106228 0.234145 0.00706175 0.395867 -0.65757 0.641007 0 
0.106184 0.233842 0.00748099 0.381931 -0.558963 0.735995 0 
0.106155 0.233809 0.00716786 0.391632 -0.609756 0.689074 0 
0.105972 0.233633 0.00752279 0.388216 -0.555297 0.735482 0 
0.10576 0.233425 0.0075646 0.405685 -0.591141 0.697116 0 
0.105731 0.233392 0.00725146 0.405046 -0.576984 0.709244 0 
0.106014 0.23367 0.00719574 0.370644 -0.516312 0.77204 0 
0.104709 0.233321 0.00745055 0.531202 -0.741709 0.409502 0 
0.10559 0.233254 0.00727928 0.431349 -0.647856 0.62787 0 
0.105156 0.233271 0.00731811 0.504231 -0.77337 0.384253 0 
0.105102 0.23357 0.00710002 0.485911 -0.749456 0.449674 0 
0.10489 0.233362 0.0071418 0.493552 -0.72288 0.483582 0 
0.104526 0.233315 0.00721279 0.5677 -0.752082 0.334798 0 
0.105335 0.234378 0.00728045 0.421379 -0.634567 0.647892 0 
0.105136 0.234138 0.0072286 0.486852 -0.744307 0.457146 0 
0.104968 0.234234 0.00685108 0.506129 -0.769771 0.388954 0 
0.104924 0.23393 0.00727037 0.504231 -0.77337 0.384253 0 
0.104756 0.234026 0.00689286 0.491697 -0.711711 0.501698 0 
0.104712 0.233722 0.00731215 0.511817 -0.730458 0.452188 0 
0.104292 0.233707 0.00725736 0.528575 -0.669528 0.521863 0 
0.104069 0.233798 0.00730045 0.525883 -0.673735 0.519162 0 
0.10326 0.233899 0.00800432 0.543127 -0.686846 0.482965 0 
0.104314 0.233107 0.00725457 0.569418 -0.777627 0.26657 0 
0.104066 0.233531 0.00739273 0.525883 -0.673735 0.519162 0 
0.103854 0.233323 0.00743453 0.549859 -0.757475 0.351975 0 
0.10341 0.23364 0.00747466 0.549859 -0.757475 0.351975 0 
0.103897 0.233493 0.00706132 0.549859 -0.757475 0.351975 0 
0.104046 0.232931 0.0071705 0.594807 -0.787555 0.161125 0 
0.104046 0.232931 0.0071705 0.594807 -0.787555 0.161125 0 
0.103658 0.23335 0.00729038 0.551388 -0.758361 0.347649 0 
0.103792 0.232856 0.00694668 0.609322 -0.773429 0.174743 0 
0.102989 0.233625 0.00741982 0.557725 -0.771866 0.305231 0 
0.103486 0.233044 0.00705123 0.567213 -0.77577 0.276496 0 
0.103665 0.232818 0.00683473 0.614878 -0.769736 0.171558 0 
0.103278 0.233237 0.00695466 0.567213 -0.77577 0.276496 0 
0.0980953 0.231476 0.00778519 -0.289638 -0.841034 -0.456915 0 
0.097223 0.230807 0.00863995 0.0536747 -0.873934 0.483072 0 
0.0973568 0.230482 0.00770357 0.0438826 -0.779978 0.624266 0 
0.0978819 0.231304 0.00728039 -0.309484 -0.761685 -0.569259 0 
0.0974347 0.231354 0.00741285 -0.208388 -0.606641 -0.767177 0 
0.0967184 0.230924 0.00810006 0.097051 -0.818415 0.566372 0 
0.0968463 0.231095 0.00816582 0.097051 -0.818415 0.566372 0 
0.0965136 0.231518 0.00786501 0.097051 -0.818415 0.566372 0 
0.0963858 0.231178 0.00839189 0.441839 -0.821916 -0.359489 0 
0.0970789 0.23074 0.00757475 0.0583185 -0.792279 0.607366 0 
0.0961601 0.231341 0.00734194 0.340691 -0.621069 -0.705835 0 
0.0966621 0.231126 0.00738148 0.106512 -0.803946 0.585086 0 
0.0963525 0.231082 0.00703181 0.340691 -0.621069 -0.705835 0 
0.0969544 0.231139 0.0067779 0.0871796 -0.836067 0.541657 0 
0.0967143 0.231032 0.00646044 0.100703 -0.869446 0.483656 0 
0.096728 0.23066 0.0075521 0.106512 -0.803946 0.585086 0 
0.0960016 0.231003 0.00700915 0.239443 -0.970875 0.0083388 0 
0.0958749 0.230796 0.00748993 0.214235 -0.902119 0.374547 0 
0.096322 0.230916 0.00676481 0.363688 -0.832862 -0.417218 0 
0.0957848 0.231594 0.00741434 0.160063 -0.928365 0.335436 0 
0.0954911 0.231616 0.00747144 0.380364 -0.434474 -0.816429 0 
0.0955995 0.231321 0.00726885 0.384537 -0.438787 -0.812156 0 
0.0946902 0.230155 0.00690193 -0.427147 0.532697 0.730602 0 
0.09431 0.230043 0.00656618 -0.437752 0.526955 0.728486 0 
0.094098 0.229835 0.00660795 -0.441476 0.527456 0.725872 0 
0.0938251 0.230457 0.00688726 -0.437399 0.580427 0.686867 0 
0.0941539 0.229972 0.00614114 -0.441635 0.517722 0.73275 0 
0.0936338 0.229516 0.00697246 -0.419388 0.588469 0.691244 0 
0.0936897 0.229653 0.00650564 -0.443306 0.50593 0.739942 0 
0.0934082 0.22951 0.00651522 -0.453439 0.539808 0.709225 0 
0.0929745 0.229357 0.00714672 -0.472076 0.633354 0.613194 0 
0.0930439 0.229463 0.00658621 -0.48146 0.588824 0.649216 0 
0.0927757 0.229286 0.00650214 -0.492308 0.589761 0.640168 0 
0.0924284 0.229608 0.00634111 -0.520309 0.567457 0.638178 0 
0.0939419 0.229764 0.00618292 -0.438508 0.494348 0.750554 0 
0.0930937 0.228932 0.00635003 -0.489667 0.587263 0.644475 0 
0.0925504 0.229111 0.00663757 -0.490066 0.614688 0.618056 0 
0.0922006 0.229165 0.00656877 -0.482892 0.624226 0.614131 0 
0.091595 0.228707 0.00696115 -0.243912 0.725443 0.643614 0 
0.0913257 0.228398 0.00692318 -0.189436 0.73464 0.651474 0 
0.092124 0.231094 0.00717109 -0.497141 0.625218 0.601625 0 
0.0927745 0.230656 0.00613448 -0.490951 0.537868 0.685321 0 
0.0928597 0.230826 0.00598076 -0.453401 0.590593 0.667554 0 
0.0922175 0.231037 0.00592293 -0.545519 0.548896 0.633342 0 
0.0918835 0.231326 0.00566827 -0.520533 0.57444 0.631715 0 
0.0926865 0.230557 0.00519507 -0.540454 0.540454 0.644841 0 
0.0925062 0.230649 0.00545767 -0.540454 0.540454 0.644841 0 
0.092059 0.230699 0.00559014 -0.558114 0.521019 0.645793 0 
0.0921954 0.230472 0.00515412 -0.558114 0.521019 0.645793 0 
0.0924573 0.230149 0.00487615 -0.580454 0.506425 0.637658 0 
0.0919846 0.230398 0.00514975 -0.562279 0.531886 0.633198 0 
0.0923427 0.229946 0.00471677 -0.580454 0.506425 0.637658 0 
0.0920612 0.229802 0.00472635 -0.552285 0.505282 0.663077 0 
0.0921075 0.230204 0.0048074 -0.580454 0.506425 0.637658 0 
0.0919223 0.229931 0.0046619 -0.562279 0.531886 0.633198 0 
0.0917139 0.230124 0.00456528 -0.570029 0.549731 0.610625 0 
0.0920055 0.229326 0.00637853 -0.493636 0.61157 0.618309 0 
0.0911353 0.229262 0.00595571 -0.32202 0.70715 0.629477 0 
0.0908891 0.228486 0.00586887 -0.206108 0.723702 0.658616 0 
0.0910267 0.228394 0.00538675 -0.27945 0.697828 0.659503 0 
0.0903591 0.228633 0.00606276 -0.140189 0.830804 0.538621 0 
0.0908428 0.228085 0.0057878 -0.199168 0.733371 0.649999 0 
0.0906963 0.22775 0.0048148 -0.389186 0.786447 -0.47962 0 
0.0904709 0.227575 0.00495026 -0.315536 0.84402 -0.433668 0 
0.0899214 0.228588 0.00505458 -0.359359 0.916153 -0.177549 0 
0.090287 0.227266 0.00535125 -0.24213 0.964679 -0.10377 0 
0.0894803 0.227804 0.00537017 -0.313059 0.819617 -0.479814 0 
0.0893964 0.227597 0.00607045 -0.124686 0.927607 -0.352134 0 
0.0899908 0.227191 0.00490792 -0.344077 0.767309 -0.541155 0 
