0.101993 0.228395 0.0142805 -0.824794 0.258425 -0.502923 2 
0.102179 0.228548 0.0145086 -0.824794 0.258425 -0.502923 2 
0.101782 0.229278 0.0150466 -0.810453 0.230014 -0.538758 2 
0.102295 0.228681 0.0150273 -0.809733 0.26055 -0.525781 2 
0.102332 0.228877 0.0146028 -0.835971 0.250945 -0.488035 2 
0.102584 0.228977 0.0151186 -0.809733 0.26055 -0.525781 2 
0.102154 0.229312 0.0150709 -0.810453 0.230014 -0.538758 2 
0.102829 0.228889 0.0139686 -0.857405 0.228339 -0.461214 2 
0.102469 0.228844 0.0145998 -0.835971 0.250945 -0.488035 2 
0.102614 0.228856 0.0144296 -0.846549 0.255649 -0.466903 2 
0.102509 0.229284 0.0150183 -0.8338 0.224074 -0.504548 2 
0.102605 0.229111 0.0146171 -0.854583 0.235276 -0.462962 2 
0.102539 0.229435 0.014761 -0.840318 0.203668 -0.50238 2 
0.10271 0.228955 0.01446 -0.845424 0.249194 -0.472398 2 
0.102951 0.229066 0.0143202 -0.856794 0.225154 -0.463908 2 
0.102812 0.229398 0.0143436 -0.854207 0.212422 -0.47456 2 
0.10292 0.229214 0.0145978 -0.847179 0.229666 -0.479105 2 
0.102861 0.229583 0.0145746 -0.860641 0.182201 -0.4755 2 
0.103015 0.22877 0.013765 -0.856794 0.225154 -0.463908 2 
0.102612 0.229556 0.0134803 -0.870994 0.187803 -0.453982 2 
0.103102 0.229694 0.0144348 -0.875261 0.161654 -0.455835 2 
0.102538 0.230134 0.0138117 -0.882415 0.0911876 -0.46155 2 
0.103122 0.229828 0.0139332 -0.876916 0.145912 -0.457961 2 
0.102018 0.230687 0.0139981 -0.894512 0.0728251 -0.441073 2 
0.102286 0.230305 0.0137275 -0.880714 0.103198 -0.462269 2 
0.102186 0.229435 0.0152249 -0.810453 0.230014 -0.538758 2 
0.101197 0.230825 0.0148389 -0.921046 0.0573155 -0.385213 2 
0.102427 0.229546 0.0150852 -0.841437 0.194178 -0.50426 2 
0.102602 0.229981 0.0150893 -0.859449 0.153735 -0.487558 2 
0.102399 0.230337 0.0152362 -0.859118 0.138098 -0.492793 2 
0.102138 0.230492 0.0149079 -0.881573 0.112149 -0.458532 2 
0.102325 0.230074 0.014684 -0.876504 0.130543 -0.463356 2 
0.102419 0.2302 0.0143031 -0.872629 0.137024 -0.468768 2 
0.102362 0.23027 0.0142595 -0.879418 0.121152 -0.460376 2 
0.102688 0.230362 0.0148958 -0.894039 0.0873247 -0.439396 2 
0.102218 0.230529 0.0148613 -0.908521 0.0636371 -0.412964 2 
0.102784 0.230189 0.0144946 -0.870533 0.143399 -0.470754 2 
0.101461 0.231043 0.014609 -0.971607 -0.141348 -0.189737 2 
0.102271 0.230787 0.0145138 -0.916021 0.041095 -0.399019 2 
0.101225 0.231004 0.0141703 -0.945596 -0.0239871 -0.324457 2 
0.104142 0.229789 0.0111531 -0.890285 -0.0502909 -0.452618 2 
0.104489 0.230016 0.0112879 -0.914756 0.0745357 -0.397072 2 
0.104813 0.230136 0.0115129 -0.914756 0.0745357 -0.397072 2 
0.10448 0.23027 0.0114754 -0.896729 -0.0118859 -0.442421 2 
0.104641 0.230344 0.0113822 -0.439107 0.802617 0.403721 2 
0.103874 0.229899 0.010992 -0.890285 -0.0502909 -0.452618 2 
0.104211 0.230108 0.0108826 -0.301271 0.806019 0.50948 2 
0.103938 0.230145 0.0113001 -0.896467 -0.0280563 -0.442221 2 
0.10418 0.230256 0.0111603 -0.353031 0.824794 0.441684 2 
0.104469 0.230553 0.0112515 -0.283906 0.814073 0.506639 2 
0.104485 0.230343 0.0108969 -0.509738 0.755593 0.411396 2 
0.104645 0.230417 0.0108037 -0.629654 0.713393 0.30758 2 
0.104743 0.230787 0.0112657 -0.288581 0.802664 0.521968 2 
0.104522 0.23081 0.010904 -0.616596 0.716935 0.325291 2 
0.104935 0.230713 0.0108949 -0.645605 0.706481 0.289962 2 
0.10835 0.234478 0.00689948 0.648918 -0.756345 0.0827479 2 
0.108591 0.234589 0.00675975 0.650966 -0.756837 0.0586585 2 
0.108752 0.234663 0.0066665 0.650262 -0.759338 0.023773 2 
0.10864 0.234774 0.00699077 0.650966 -0.756837 0.0586585 2 
0.108881 0.234885 0.00685097 0.63054 -0.776155 0.00137373 2 
0.108629 0.235057 0.00676687 0.634562 -0.772811 0.00967742 2 
0.1077 0.235108 0.00692181 0.645808 -0.759006 0.0827214 2 
0.10786 0.235182 0.00682861 0.650127 -0.756799 0.0677515 2 
0.108343 0.235404 0.00654905 0.63054 -0.776155 0.00137373 2 
0.108435 0.23543 0.007158 0.639705 -0.767362 0.0439708 2 
0.108726 0.235427 0.00722893 0.632187 -0.774533 0.0209333 2 
0.108563 0.235381 0.00691079 0.63054 -0.776155 0.00137373 2 
0.108231 0.235515 0.00687326 0.634246 -0.773031 0.0124906 2 
0.109212 0.23505 0.0069088 0.619057 -0.785247 -0.0124642 2 
0.109291 0.234816 0.00643051 0.619516 -0.784534 -0.0265707 2 
0.109647 0.234788 0.00637788 0.606005 -0.794415 -0.0407753 2 
0.108943 0.234888 0.00631604 0.634221 -0.773001 -0.0152657 2 
0.109122 0.234996 0.00671116 0.614225 -0.788925 -0.0180247 2 
0.109283 0.23507 0.00661798 0.619516 -0.784534 -0.0265707 2 
0.109396 0.235231 0.00672546 0.595915 -0.800716 -0.0611559 2 
0.109201 0.235333 0.00668489 0.595915 -0.800716 -0.0611559 2 
0.109604 0.235218 0.00643158 0.619048 -0.784689 -0.032286 2 
0.109432 0.235427 0.00630092 0.643581 -0.764692 -0.0323903 2 
0.109318 0.235566 0.00621376 0.646613 -0.76213 -0.0324011 2 
0.109586 0.235185 0.00594325 0.661943 -0.749078 -0.0267026 2 
0.109545 0.235316 0.00597668 0.663518 -0.747685 -0.0266529 2 
0.109737 0.235242 0.00560589 0.663228 -0.747716 -0.0323869 2 
0.109786 0.235427 0.0058369 0.627741 -0.774935 -0.0735972 2 
0.108664 0.235552 0.00636265 0.636224 -0.771473 -0.00690048 2 
0.1088 0.235819 0.00637992 0.636886 -0.770674 -0.0209044 2 
0.109089 0.235844 0.00603953 0.663518 -0.747685 -0.0266529 2 
0.109724 0.235824 0.00540225 0.638944 -0.764113 -0.0887826 2 
0.109089 0.235444 0.00700913 0.625863 -0.779922 -0.00412657 2 
0.109171 0.235181 0.00694221 0.619057 -0.785247 -0.0124642 2 
0.108999 0.23539 0.0068115 0.614225 -0.788925 -0.0180247 2 
0.10916 0.235464 0.00671832 0.595915 -0.800716 -0.0611559 2 
0.111887 0.237307 0.00194053 0.643787 -0.736865 0.206322 2 
0.112128 0.237418 0.00180075 0.673918 -0.696014 0.247787 2 
0.112159 0.23727 0.00152309 0.660343 -0.713672 0.233708 2 
0.11238 0.237246 0.00188483 0.673918 -0.696014 0.247787 2 
0.112234 0.237533 0.00207532 0.687178 -0.677656 0.261858 2 
0.112605 0.237296 0.00166804 0.684433 -0.67161 0.283711 2 
0.112449 0.237566 0.00161432 0.687808 -0.665362 0.290194 2 
0.112659 0.237825 0.00175221 0.685073 -0.649273 0.330332 2 
0.113243 0.237519 0.0018738 0.664607 -0.683917 0.300924 2 
0.113071 0.237728 0.00174312 0.674301 -0.651444 0.347763 2 
0.112747 0.237608 0.00151811 0.677477 -0.664542 0.315293 2 
0.110343 0.23747 -0.000591688 0.408299 -0.699233 0.586827 2 
0.110979 0.238163 0.001056 0.640808 -0.723084 0.257905 2 
0.111681 0.237691 0.00167606 0.668779 -0.703398 0.24076 2 
0.112005 0.237811 0.00190103 0.696373 -0.654558 0.29431 2 
0.111672 0.237945 0.00186354 0.687178 -0.677656 0.261858 2 
0.112438 0.237848 0.00139044 0.689629 -0.640719 0.337478 2 
0.11231 0.237898 0.00163765 0.698239 -0.62988 0.340168 2 
0.110839 0.238224 0.000647657 0.596648 -0.760372 0.256606 2 
0.112249 0.237724 0.0007511 0.657429 -0.654134 0.374026 2 
0.111873 0.238059 0.00315842 0.716296 -0.530159 0.453709 2 
0.112143 0.23805 0.00232966 0.699348 -0.637689 0.322901 2 
0.112306 0.238096 0.00264785 0.699452 -0.614273 0.365288 2 
0.112355 0.238281 0.00287887 0.682681 -0.565841 0.462354 2 
0.112578 0.23863 0.00268233 0.67017 -0.552596 0.495489 2 
0.112576 0.238087 0.00181907 0.677231 -0.66099 0.323187 2 
0.112948 0.238121 0.00184345 0.676445 -0.62352 0.391974 2 
0.112866 0.238383 0.00191031 0.673823 -0.607272 0.420931 2 
0.113258 0.23788 0.00197109 0.662669 -0.659396 0.355059 2 
0.113613 0.237853 0.00191849 0.628674 -0.571369 0.527547 2 
0.113474 0.238184 0.00194175 0.625311 -0.524182 0.578117 2 
0.113247 0.238163 0.00174718 0.659401 -0.612659 0.435706 2 
0.113271 0.238541 0.00208871 0.639689 -0.538419 0.548546 2 
0.113715 0.238295 0.00180198 0.591494 -0.517346 0.618456 2 
0.11199 0.238292 0.00268738 0.703083 -0.608028 0.36875 2 
0.112019 0.238172 0.00199834 0.702401 -0.631026 0.329301 2 
0.112068 0.238357 0.00222941 0.699452 -0.614273 0.365288 2 
0.112358 0.238083 0.00186864 0.695899 -0.633968 0.337356 2 
0.112407 0.238268 0.00209968 0.690358 -0.628045 0.359117 2 
0.112309 0.238468 0.0020896 0.69128 -0.619033 0.372733 2 
0.112502 0.238666 0.00215042 0.680147 -0.600325 0.420726 2 
0.112461 0.238797 0.00218388 0.680666 -0.58747 0.43769 2 
0.111977 0.238874 0.00248373 0.695278 -0.585759 0.416503 2 
0.112071 0.238601 0.00307237 0.687346 -0.526798 0.50004 2 
0.112198 0.238851 0.00284548 0.672332 -0.541554 0.504668 2 
0.112392 0.238478 0.0024543 0.684551 -0.615271 0.390936 2 
0.112283 0.239232 0.00265195 0.66155 -0.533616 0.526883 2 
0.112616 0.238256 0.00180589 0.679803 -0.627131 0.380229 2 
0.112412 0.238612 0.00195286 0.674398 -0.594469 0.437942 2 
0.112711 0.238654 0.00185662 0.669402 -0.589274 0.452389 2 
0.112686 0.238846 0.00196709 0.667845 -0.574113 0.473685 2 
0.112903 0.23858 0.00148581 0.653928 -0.579961 0.485823 2 
0.113024 0.239056 0.00185771 0.615639 -0.504318 0.605519 2 
0.112494 0.23892 0.00233791 0.686533 -0.58347 0.433862 2 
0.112588 0.239047 0.00195693 0.666202 -0.572229 0.478256 2 
0.113259 0.238552 0.00143316 0.630029 -0.562465 0.53544 2 
0.115539 0.240453 0.002156 -0.42568 0.393794 -0.814692 2 
0.115136 0.240568 0.00240923 -0.462612 0.413916 -0.784005 2 
0.115549 0.24047 0.00240017 -0.42568 0.393794 -0.814692 2 
0.115425 0.240864 0.00250052 -0.507831 0.458206 -0.72949 2 
0.115667 0.240975 0.00236075 -0.493971 0.464233 -0.735174 2 
0.115892 0.241296 0.00257556 -0.521059 0.504305 -0.688603 2 
0.11386 0.240792 0.00145977 -0.733295 0.542144 -0.410316 2 
0.11417 0.240823 0.00201909 -0.613832 0.479294 -0.627286 2 
0.113871 0.241352 0.00256727 -0.545085 0.491415 -0.67926 2 
0.113747 0.241745 0.0026676 -0.562344 0.498556 -0.659705 2 
0.114097 0.241102 0.00233015 -0.634681 0.4899 -0.597644 2 
0.114219 0.241008 0.00225016 -0.624495 0.486466 -0.611029 2 
0.114428 0.241267 0.00238798 -0.682299 0.491188 -0.541481 2 
0.114826 0.240537 0.0018499 -0.637485 0.482739 -0.60048 2 
0.114915 0.240591 0.00204753 -0.645985 0.481552 -0.592293 2 
0.11447 0.240565 0.00190259 -0.624495 0.486466 -0.611029 2 
0.114461 0.240819 0.00209001 -0.632904 0.481813 -0.606043 2 
0.11476 0.240861 0.00199385 -0.639958 0.47199 -0.606365 2 
0.115238 0.24044 0.00184084 -0.700216 0.492992 -0.516388 2 
0.115099 0.240771 0.00186418 -0.754409 0.488147 -0.438839 2 
0.114249 0.240588 0.00154082 -0.746315 0.543814 -0.383772 2 
0.114955 0.24103 0.00246602 -0.53431 0.467729 -0.70409 2 
0.114972 0.241092 0.00254303 -0.560672 0.480337 -0.67448 2 
0.114623 0.241165 0.00242855 -0.678017 0.490516 -0.547436 2 
0.114848 0.241486 0.00264336 -0.558157 0.491111 -0.668783 2 
0.115148 0.240957 0.00209522 -0.681335 0.470406 -0.560804 2 
0.115049 0.241157 0.00208503 -0.684929 0.480622 -0.547608 2 
0.115213 0.241203 0.00240325 -0.645985 0.481552 -0.592293 2 
0.115383 0.241294 0.00255424 -0.559075 0.488561 -0.669883 2 
0.114921 0.241206 0.00233228 -0.683672 0.479741 -0.549947 2 
0.115131 0.241466 0.00247014 -0.652858 0.488385 -0.579013 2 
0.11509 0.241597 0.00250354 -0.644475 0.489667 -0.587263 2 
0.114395 0.241143 0.00223396 -0.647709 0.489567 -0.583779 2 
0.114165 0.24172 0.00208 -0.724477 0.485748 -0.489063 2 
0.114901 0.241472 0.00186417 -0.881274 0.407086 -0.240076 2 
0.114643 0.24187 0.00237894 -0.722321 0.459961 -0.516418 2 
0.115462 0.24106 0.00207601 -0.71538 0.459768 -0.526161 2 
0.11564 0.241467 0.00249144 -0.539476 0.509225 -0.670564 2 
0.115045 0.241484 0.00169399 -0.906506 0.382365 -0.17901 2 
0.115061 0.241546 0.00177098 -0.915133 0.366336 -0.168316 2 
0.1152 0.241785 0.00219961 -0.809358 0.402275 -0.427918 2 
0.114862 0.241704 0.000907794 -0.912758 0.403123 0.0660637 2 
0.114307 0.241632 0.00289967 -0.563285 0.496027 -0.660809 2 
0.114209 0.241833 0.00288952 -0.556483 0.499322 -0.664081 2 
0.11423 0.242239 0.00281969 -0.534932 0.49804 -0.682499 2 
0.115202 0.241757 0.00261101 -0.520785 0.514086 -0.681541 2 
0.114468 0.241706 0.00280646 -0.563285 0.496027 -0.660809 2 
0.11437 0.241907 0.00279633 -0.556786 0.502957 -0.661078 2 
0.114766 0.241748 0.00271022 -0.565574 0.495087 -0.659557 2 
0.114434 0.241882 0.00267272 -0.636448 0.485313 -0.599504 2 
0.114602 0.242273 0.00284404 -0.530422 0.500303 -0.684361 2 
0.114635 0.242396 0.00299805 0.532542 0.593404 -0.603548 2 
0.114847 0.241785 0.00266366 -0.570049 0.492697 -0.65749 2 
0.115007 0.241859 0.00257044 -0.661032 0.466906 -0.587398 2 
0.115024 0.241921 0.00264746 -0.532838 0.516029 -0.67067 2 
0.114916 0.242104 0.00239316 -0.910886 0.257963 -0.322089 2 
0.114826 0.24205 0.0021956 -0.888302 0.332174 -0.317143 2 
0.114875 0.241836 0.00339617 -0.623471 0.48903 -0.610027 2 
0.11472 0.242377 0.00377415 -0.630029 0.53544 -0.562465 2 
0.114451 0.242615 0.00221179 -0.990459 -0.134395 0.030493 2 
0.114463 0.242604 0.00286734 0.0181484 0.651948 -0.758047 2 
0.11542 0.241762 0.00256139 -0.47905 0.53914 -0.692704 2 
0.115249 0.24197 0.00243069 -0.0859497 0.668659 -0.738585 2 
0.11502 0.242248 0.00225639 -0.975941 -0.192212 0.102926 2 
0.115142 0.242425 0.00260801 -0.977274 -0.202739 0.0619142 2 
0.115261 0.242359 0.00211658 -0.986788 -0.160852 0.0193935 2 
0.101512 0.230529 0.0157893 -0.873591 0.143425 -0.465046 1 
0.101377 0.232047 0.0165494 -0.878497 -0.362626 0.311039 1 
0.101422 0.232559 0.0163893 -0.862474 -0.385884 0.327463 1 
0.10125 0.232767 0.0162586 -0.870422 -0.371727 0.322775 1 
0.102195 0.232378 0.0171503 -0.858657 -0.379047 0.34501 1 
0.101863 0.232512 0.0171128 -0.862964 -0.373797 0.339955 1 
0.101642 0.232536 0.0167511 -0.870422 -0.371727 0.322775 1 
0.101301 0.233767 0.0177846 -0.86755 -0.357768 0.345484 1 
0.10161 0.233255 0.0174806 -0.857049 -0.373506 0.354908 1 
0.101794 0.233435 0.0172973 -0.857049 -0.373506 0.354908 1 
0.101634 0.233632 0.0178222 -0.86755 -0.357768 0.345484 1 
0.102352 0.233222 0.0185193 -0.86755 -0.357768 0.345484 1 
0.102434 0.233231 0.018884 -0.852284 -0.386555 0.352402 1 
0.102487 0.233489 0.0185366 -0.853305 -0.383909 0.352824 1 
0.102155 0.233623 0.018499 -0.853305 -0.383909 0.352824 1 
0.102299 0.234206 0.0187808 -0.852284 -0.386555 0.352402 1 
0.102049 0.23435 0.019108 -0.864601 -0.391604 0.314819 1 
0.101737 0.234618 0.018569 -0.852284 -0.386555 0.352402 1 
0.101726 0.2349 0.0183451 -0.852284 -0.386555 0.352402 1 
0.101558 0.234782 0.0186055 -0.852284 -0.386555 0.352402 1 
0.10182 0.231259 0.0153993 -0.94144 -0.317385 0.11383 1 
0.10189 0.231578 0.0151289 -0.941322 -0.327817 0.0803086 1 
0.101746 0.231837 0.0157307 -0.916423 -0.332329 0.222992 1 
0.101849 0.231981 0.015594 -0.916423 -0.332329 0.222992 1 
0.10172 0.232601 0.0162931 -0.86412 -0.385247 0.323853 1 
0.101769 0.232786 0.0165241 -0.86692 -0.37899 0.323753 1 
0.101565 0.232871 0.0162394 -0.86692 -0.37899 0.323753 1 
0.101425 0.233202 0.0162628 -0.84176 -0.405989 0.355828 1 
0.101806 0.232982 0.0160996 -0.862474 -0.385884 0.327463 1 
0.101748 0.233051 0.0160561 -0.870422 -0.371727 0.322775 1 
0.10177 0.233457 0.0159862 -0.845425 -0.404741 0.348484 1 
0.101586 0.233276 0.0161696 -0.845425 -0.404741 0.348484 1 
0.101594 0.233593 0.0164341 -0.849703 -0.385095 0.360149 1 
0.101751 0.233866 0.0173511 -0.86755 -0.357768 0.345484 1 
0.102797 0.233248 0.0186642 -0.852284 -0.386555 0.352402 1 
0.102281 0.233873 0.0182721 -0.855076 -0.38331 0.349169 1 
0.102461 0.233981 0.0186673 -0.852284 -0.386555 0.352402 1 
0.102035 0.23466 0.0184727 -0.852284 -0.386555 0.352402 1 
0.100786 0.232707 0.0156254 -0.870651 -0.365704 0.32898 1 
0.100745 0.232839 0.0156588 -0.873846 -0.364484 0.321783 1 
0.101629 0.23453 0.017883 -0.852284 -0.386555 0.352402 1 
0.101029 0.235317 0.0185477 -0.852284 -0.386555 0.352402 1 
0.101313 0.234998 0.0183542 -0.852284 -0.386555 0.352402 1 
0.101393 0.235035 0.0183076 -0.852284 -0.386555 0.352402 1 
0.101222 0.235243 0.0181769 -0.852284 -0.386555 0.352402 1 
0.101442 0.23522 0.0185387 -0.852284 -0.386555 0.352402 1 
0.101157 0.235268 0.0183006 -0.852284 -0.386555 0.352402 1 
0.100986 0.235476 0.0181698 -0.852284 -0.386555 0.352402 1 
0.100814 0.235685 0.0180391 -0.846313 -0.403674 0.347565 1 
0.100846 0.235808 0.0181931 -0.853359 -0.401125 0.332981 1 
0.101431 0.233547 0.0161159 -0.847624 -0.394933 0.354347 1 
0.101082 0.233619 0.0160014 -0.849703 -0.385095 0.360149 1 
0.101041 0.23375 0.0160348 -0.857049 -0.373506 0.354908 1 
0.101614 0.233727 0.0159325 -0.848598 -0.390822 0.356567 1 
0.101314 0.233985 0.016049 -0.853503 -0.371561 0.365343 1 
0.101362 0.234741 0.0167321 -0.855076 -0.38331 0.349169 1 
0.101085 0.235105 0.0167583 -0.852284 -0.386555 0.352402 1 
0.101358 0.235068 0.016341 -0.852186 -0.389615 0.349256 1 
0.101505 0.234652 0.0175517 -0.852284 -0.386555 0.352402 1 
0.101333 0.234861 0.017421 -0.852284 -0.386555 0.352402 1 
0.10121 0.235254 0.0175213 -0.852284 -0.386555 0.352402 1 
0.101038 0.235463 0.0173907 -0.852284 -0.386555 0.352402 1 
0.10085 0.235609 0.0171829 -0.852284 -0.386555 0.352402 1 
0.100654 0.235882 0.0185639 -0.851539 -0.431179 0.298271 1 
0.100826 0.235674 0.0186946 -0.859383 -0.4074 0.309009 1 
0.104717 0.220201 0.0210503 -0.00352454 0.973948 -0.226745 1 
0.104635 0.220463 0.0211172 0.0210367 0.956552 -0.290802 1 
0.105858 0.219539 0.020561 -0.154478 0.987513 0.0308955 1 
0.105883 0.219617 0.0208821 -0.176909 0.983982 0.021969 1 
0.105134 0.220176 0.0204627 -0.124705 0.99212 0.0121394 1 
0.1056 0.219937 0.0210757 -0.0950242 0.993841 -0.0570145 1 
0.105015 0.220242 0.0209541 -0.010344 0.982676 -0.185042 1 
0.104958 0.220312 0.0209105 -0.00798644 0.984614 -0.174561 1 
0.1053 0.220194 0.0211922 -0.0266126 0.984667 -0.172403 1 
0.105849 0.219079 0.0184635 -0.259411 0.965109 0.0356537 1 
0.105898 0.219265 0.0186946 -0.244984 0.968968 0.0329084 1 
0.105862 0.219611 0.0199825 -0.175811 0.983845 0.0337651 1 
0.10577 0.219585 0.0193735 -0.196983 0.980251 0.0174837 1 
0.105658 0.219696 0.0196977 -0.164518 0.985955 0.0287618 1 
0.105792 0.219991 0.0193036 -0.175811 0.983845 0.0337651 1 
0.105795 0.219792 0.0182934 -0.243312 0.969615 0.0254206 1 
0.105987 0.219718 0.0179226 -0.280326 0.959904 -0.00121353 1 
0.105301 0.219581 0.0179174 -0.233853 0.972213 0.0106837 1 
0.104988 0.220149 0.0173987 -0.230389 0.972887 -0.0202933 1 
0.104832 0.219577 0.0164614 -0.26243 0.962242 0.0722632 1 
0.10533 0.219461 0.0172285 -0.266334 0.963467 0.028229 1 
0.105767 0.219742 0.0175609 -0.280324 0.959898 0.00364058 1 
0.104855 0.220526 0.0172549 -0.208177 0.978085 -0.00348901 1 
0.104055 0.219956 0.0167106 -0.176981 0.983359 0.0410221 1 
0.104853 0.220553 0.0168435 -0.209692 0.974012 0.0856138 1 
0.105208 0.220126 0.0177604 -0.208177 0.978085 0.00348901 1 
0.105447 0.220136 0.0186106 -0.206883 0.978309 0.0105195 1 
0.105255 0.22021 0.0189814 -0.163073 0.986423 0.0193864 1 
0.105275 0.220345 0.0184798 -0.186104 0.982022 0.0316026 1 
0.105909 0.220496 0.0192641 -0.221279 0.974823 0.0275103 1 
0.105575 0.219816 0.0179317 -0.244495 0.969632 0.0059633 1 
0.105476 0.220016 0.0179215 -0.242241 0.970157 0.0107397 1 
0.105685 0.220446 0.0194809 -0.175811 0.983845 0.0337651 1 
0.100728 0.221113 0.0215495 0.238931 0.779259 -0.579369 1 
0.100444 0.221432 0.021743 0.214151 0.796517 -0.56542 1 
0.101403 0.220861 0.0218687 0.463556 0.76495 -0.447176 1 
0.102653 0.221272 0.0247819 0.680734 0.66786 -0.300939 1 
0.103184 0.22168 0.0247333 0.671715 0.706162 -0.223905 1 
0.103361 0.221815 0.0247171 0.671715 0.706162 -0.223905 1 
0.102997 0.221698 0.0259268 0.798352 0.533809 -0.278715 1 
0.102768 0.221976 0.0257526 0.767121 0.562128 -0.309091 1 
0.103005 0.222014 0.0261913 0.786498 0.568459 -0.241401 1 
0.102911 0.221717 0.0251507 0.742137 0.597877 -0.302946 1 
0.103066 0.222017 0.0256563 0.78957 0.54273 -0.286397 1 
0.103421 0.221718 0.0251721 0.725754 0.640372 -0.251405 1 
0.10321 0.221758 0.0250545 0.717664 0.637746 -0.279713 1 
0.103229 0.222063 0.0259745 0.786498 0.568459 -0.241401 1 
0.104053 0.221055 0.0246614 0.612222 0.758656 -0.222768 1 
0.103989 0.221351 0.0252166 0.678618 0.697425 -0.230385 1 
0.101634 0.220556 0.0224543 0.51039 0.761509 -0.399507 1 
0.102546 0.221014 0.0226743 0.471497 0.785828 -0.400205 1 
0.10207 0.221407 0.0232387 0.54765 0.764126 -0.340868 1 
0.101857 0.221747 0.0231414 0.586049 0.741037 -0.327735 1 
0.102182 0.221296 0.0229144 0.531571 0.762406 -0.369011 1 
0.102345 0.221342 0.0232325 0.523821 0.775255 -0.352975 1 
0.10088 0.222284 0.0225274 0.61352 0.630329 -0.475688 1 
0.10066 0.222578 0.0225973 0.547455 0.655262 -0.520504 1 
0.101766 0.221992 0.0229641 0.62914 0.70067 -0.336517 1 
0.101567 0.222421 0.0225325 0.651845 0.684356 -0.326735 1 
0.101049 0.222103 0.0222467 0.56454 0.691103 -0.451299 1 
0.100755 0.222705 0.0222163 0.61751 0.607414 -0.499729 1 
0.102261 0.221504 0.0242894 0.651973 0.703234 -0.283536 1 
0.10231 0.221689 0.0245204 0.709203 0.621567 -0.332693 1 
0.102164 0.221976 0.0247109 0.737693 0.582048 -0.342095 1 
0.102058 0.22186 0.0244363 0.737693 0.582048 -0.342095 1 
0.102307 0.221717 0.024109 0.64953 0.704058 -0.287076 1 
0.102995 0.221283 0.0236623 0.514908 0.787601 -0.33846 1 
0.102582 0.221381 0.0236713 0.537354 0.77796 -0.32562 1 
0.102835 0.221481 0.0241871 0.614302 0.735567 -0.285611 1 
0.103199 0.221198 0.023947 0.551648 0.772308 -0.314999 1 
0.102389 0.222425 0.0235245 0.637746 0.717664 -0.279713 1 
0.102691 0.22174 0.024789 0.706226 0.628297 -0.326325 1 
0.102788 0.221839 0.0248194 0.713393 0.629654 -0.30758 1 
0.102941 0.221596 0.0244617 0.627352 0.732175 -0.265235 1 
0.102256 0.222402 0.0243502 0.737693 0.582048 -0.342095 1 
0.102425 0.222221 0.0240697 0.714597 0.617373 -0.328941 1 
0.10235 0.222528 0.0239693 0.737693 0.582048 -0.342095 1 
0.102546 0.222698 0.0244415 0.737693 0.582048 -0.342095 1 
0.101603 0.222217 0.0230776 0.716186 0.605251 -0.347489 1 
0.101439 0.222742 0.0232114 0.768658 0.525924 -0.364101 1 
0.101128 0.223282 0.023104 0.808818 0.443649 -0.385991 1 
0.101653 0.223073 0.0227707 0.770727 0.517604 -0.371572 1 
0.101587 0.223397 0.0229146 0.779429 0.497474 -0.380802 1 
0.101429 0.223296 0.0234192 0.777862 0.502942 -0.376802 1 
0.101807 0.223374 0.0232764 0.777862 0.502942 -0.376802 1 
0.101434 0.22364 0.0232723 0.809591 0.448708 -0.378448 1 
0.100615 0.223037 0.0222396 0.621608 0.591285 -0.513795 1 
0.100623 0.223353 0.0225041 0.816561 0.383609 -0.431361 1 
0.101277 0.223367 0.0223553 0.79251 0.469695 -0.388992 1 
0.102306 0.221888 0.0255306 0.775871 0.53813 -0.329303 1 
0.102085 0.222482 0.0256209 0.764412 0.565697 -0.309291 1 
0.102513 0.222175 0.0252571 0.775871 0.53813 -0.329303 1 
0.102734 0.222151 0.0256188 0.775797 0.552776 -0.304265 1 
0.102321 0.222249 0.0256279 0.764412 0.565697 -0.309291 1 
0.102011 0.22249 0.0255002 0.764412 0.565697 -0.309291 1 
0.102865 0.222346 0.0262146 0.786498 0.568459 -0.241401 1 
0.102581 0.222665 0.0264081 0.771681 0.590842 -0.235402 1 
0.102847 0.222583 0.0261579 0.786498 0.568459 -0.241401 1 
0.102756 0.221987 0.025097 0.732745 0.610888 -0.299832 1 
0.102846 0.22204 0.0252946 0.732745 0.610888 -0.299832 1 
0.102389 0.222739 0.026779 0.755822 0.611856 -0.233163 1 
0.102736 0.222966 0.0269138 0.766396 0.620705 -0.16542 1 
0.103159 0.218232 0.0208777 -0.0196776 0.982721 -0.184043 1 
0.103681 0.218623 0.020585 -0.0843605 0.990369 -0.109784 1 
0.103739 0.219224 0.0200906 -0.0859891 0.991741 -0.0951613 1 
0.103627 0.219335 0.0204148 -0.0287618 0.985955 -0.164518 1 
0.103868 0.219446 0.020275 -0.0549935 0.99325 -0.102131 1 
0.1044 0.219155 0.0211758 -0.0129262 0.976518 -0.215046 1 
0.10446 0.219057 0.0216307 -0.00122847 0.952066 -0.30589 1 
0.104685 0.219107 0.0214139 -0.0376871 0.971353 -0.234632 1 
0.103859 0.219301 0.0214321 0.0645021 0.935939 -0.346205 1 
0.103848 0.219584 0.0212082 0.104916 0.944241 -0.312091 1 
0.103847 0.219312 0.0207765 -0.0081486 0.978996 -0.203715 1 
0.104137 0.219608 0.0208678 0.0105952 0.975938 -0.217791 1 
0.103953 0.219428 0.0210512 0.0333478 0.962146 -0.270488 1 
0.104194 0.219539 0.0209114 0.00584615 0.976308 -0.216308 1 
0.104567 0.219444 0.022337 0.0386711 0.905437 -0.422715 1 
0.104509 0.219242 0.0218617 0.0215786 0.940571 -0.33891 1 
0.104635 0.219492 0.0216348 0.00615143 0.953472 -0.30142 1 
0.104702 0.21944 0.0219226 0.0114302 0.936007 -0.351796 1 
0.104427 0.219505 0.0219287 0.0406522 0.92451 -0.378984 1 
0.104416 0.219787 0.0217048 0.0622948 0.929121 -0.364491 1 
0.104235 0.219978 0.0213299 0.0834711 0.939381 -0.332559 1 
0.104362 0.219658 0.020651 -0.0342251 0.980726 -0.192369 1 
0.104582 0.220205 0.0214647 0.016588 0.935306 -0.353451 1 
0.101593 0.219973 0.0202029 0.364455 0.797948 -0.480053 1 
0.101846 0.217946 0.0170983 -0.116352 0.988406 -0.0975478 1 
0.101816 0.218637 0.0182392 -0.182201 0.982959 0.0243709 1 
0.101962 0.219193 0.0189323 -0.0545655 0.994428 -0.0902001 1 
0.102282 0.218798 0.0178826 -0.132651 0.990982 0.0189502 1 
0.102519 0.218836 0.0183214 -0.170816 0.985302 0.00113123 1 
0.102326 0.21891 0.0186922 -0.140758 0.989813 -0.0213953 1 
0.101885 0.218957 0.0179687 -0.186703 0.982219 0.019714 1 
0.100945 0.21929 0.0178998 0.233703 0.952373 -0.195878 1 
0.101606 0.21922 0.018985 0.00333224 0.989676 -0.143286 1 
0.101217 0.219424 0.0189039 0.319079 0.891323 -0.322075 1 
0.101377 0.219498 0.0188107 0.319079 0.891323 -0.322075 1 
0.10159 0.219559 0.0179384 -0.186703 0.982219 0.019714 1 
0.101206 0.219707 0.01868 0.333691 0.890341 -0.309749 1 
0.101665 0.21898 0.017607 -0.142654 0.989588 0.0190954 1 
0.102701 0.219188 0.0195596 -0.064267 0.99332 -0.0958368 1 
0.102148 0.219345 0.0191603 -0.0599737 0.992395 -0.1075 1 
0.102236 0.219427 0.0189465 -0.0804022 0.993137 -0.0849319 1 
0.102337 0.21947 0.0197997 -0.00579682 0.979662 -0.20057 1 
0.1023 0.219274 0.0202242 0.0926306 0.933019 -0.3477 1 
0.102558 0.219447 0.0201614 0.0406152 0.966149 -0.254768 1 
0.102973 0.219322 0.0205637 0.0551909 0.948513 -0.311893 1 
0.102037 0.219728 0.0199162 0.124607 0.929761 -0.346435 1 
0.101861 0.219863 0.020364 0.338014 0.810916 -0.477663 1 
0.102929 0.219209 0.0197541 -0.0486385 0.991998 -0.116506 1 
0.103195 0.219127 0.0195039 -0.0966257 0.992402 -0.0761638 1 
0.103358 0.219174 0.0198221 -0.0966257 0.992402 -0.0761638 1 
0.101479 0.219941 0.0186942 -0.0232853 0.992396 -0.120862 1 
0.102609 0.219604 0.0208038 0.188188 0.888421 -0.418681 1 
0.10261 0.219875 0.0212355 0.283182 0.858731 -0.42707 1 
0.102234 0.220169 0.0208201 0.247309 0.834092 -0.493082 1 
0.103595 0.219483 0.0206924 0.0377545 0.970656 -0.237488 1 
0.104272 0.220046 0.0223066 0.150203 0.894067 -0.422 1 
0.119861 0.244861 -0.00384337 0.11119 0.701238 -0.704203 1 
0.119836 0.245053 -0.00373293 0.231894 0.773499 -0.589851 1 
0.119043 0.244929 -0.00541388 -0.592215 -0.0350009 -0.80502 1 
0.119549 0.245129 -0.00438243 -0.599077 -0.0732684 -0.797332 1 
0.119356 0.245203 -0.00401155 -0.59201 -0.0670469 -0.803137 1 
0.118744 0.24573 -0.00443406 -0.494074 -0.0539744 -0.867743 1 
0.119173 0.245694 -0.00436618 -0.573767 -0.0434884 -0.817863 1 
0.117666 0.245824 -0.00493173 -0.478191 -0.0945096 -0.873156 1 
0.120369 0.241793 -0.0073361 -0.902994 -0.387409 0.185784 1 
0.120418 0.241978 -0.0071051 -0.89015 -0.410726 0.197324 1 
0.120515 0.242348 -0.00664301 -0.890841 -0.42152 0.169477 1 
0.120392 0.242741 -0.00654268 -0.887111 -0.432702 0.160635 1 
0.120269 0.243135 -0.00644236 -0.882165 -0.444704 0.154995 1 
0.12026 0.243389 -0.00625493 -0.852238 -0.492305 0.176992 1 
0.120659 0.242089 -0.00724488 -0.89015 -0.410726 0.197324 1 
0.120707 0.242274 -0.00701387 -0.887804 -0.419769 0.188677 1 
0.120789 0.242582 -0.00662881 -0.890841 -0.42152 0.169477 1 
0.120805 0.242644 -0.00655181 -0.890115 -0.425582 0.163019 1 
0.120505 0.242902 -0.00643528 -0.882165 -0.444704 0.154995 1 
0.120289 0.243269 -0.00694387 -0.882165 -0.444704 0.154995 1 
0.12051 0.243246 -0.00658216 -0.882165 -0.444704 0.154995 1 
0.120501 0.2435 -0.0063947 -0.882165 -0.444704 0.154995 1 
0.120169 0.243635 -0.00643222 -0.852238 -0.492305 0.176992 1 
0.120401 0.244443 -0.00453131 0.762325 0.618142 -0.191732 1 
0.12018 0.244466 -0.00489307 0.704065 0.682402 -0.196519 1 
0.120004 0.244602 -0.00444523 -0.421674 0.286739 -0.860216 1 
0.120037 0.244725 -0.0042912 -0.242046 0.422452 -0.873469 1 
0.120225 0.244578 -0.00408345 -0.430697 0.283555 -0.856795 1 
0.120216 0.244833 -0.00389602 -0.369941 0.3331 -0.867288 1 
0.119813 0.243662 -0.00637956 -0.852238 -0.492305 0.176992 1 
0.119862 0.243848 -0.00614852 -0.82621 -0.526046 0.201626 1 
0.119728 0.244523 -0.00627211 -0.754947 -0.617967 0.21948 1 
0.119384 0.24494 -0.00653347 -0.837385 -0.381772 -0.391199 1 
0.119928 0.244366 -0.00540885 0.673576 0.710738 -0.202847 1 
0.120057 0.244588 -0.00522435 0.673576 0.710738 -0.202847 1 
0.119664 0.24482 -0.00571684 -0.203127 0.40187 -0.892883 1 
0.120029 0.244809 -0.00552531 -0.430028 0.25984 -0.864615 1 
0.119825 0.244894 -0.00581001 -0.573733 -0.67075 0.470026 1 
0.1193 0.245102 -0.0054767 -0.729639 -0.216247 -0.648741 1 
0.119289 0.245384 -0.00570061 -0.762204 -0.27097 -0.587895 1 
0.119071 0.24538 -0.00565098 -0.686203 -0.241354 -0.686203 1 
0.119605 0.244917 -0.00617173 -0.838947 -0.362237 -0.406144 1 
0.119294 0.245457 -0.0062791 -0.817363 -0.344403 -0.46185 1 
0.119931 0.244167 -0.00641901 -0.82621 -0.526046 0.201626 1 
0.119808 0.24456 -0.00631868 -0.754947 -0.617967 0.21948 1 
0.119969 0.244634 -0.00641189 -0.871894 -0.485313 0.0653573 1 
0.120049 0.244672 -0.00645848 -0.871894 -0.485313 0.0653573 1 
0.119609 0.244989 -0.00675032 -0.904917 -0.374997 -0.201253 1 
0.119625 0.245051 -0.00667326 -0.892953 -0.38984 -0.225077 1 
0.119674 0.245236 -0.00644229 -0.876674 -0.369206 -0.308431 1 
0.119562 0.245347 -0.00611801 -0.820182 -0.327124 -0.469352 1 
0.118949 0.245602 -0.00697215 -0.861389 -0.42381 -0.27999 1 
0.11917 0.245579 -0.00661045 -0.851332 -0.390648 -0.350182 1 
0.119676 0.244809 -0.00506125 -0.168777 0.468173 -0.867368 1 
0.119833 0.24481 -0.00457595 0.126746 0.6725 -0.729163 1 
0.119489 0.245227 -0.00483733 -0.65443 -0.133282 -0.744283 1 
0.119917 0.24492 -0.00520107 -0.319843 0.331856 -0.887452 1 
0.120097 0.245028 -0.00480588 -0.282427 0.360132 -0.889123 1 
0.119838 0.245425 -0.00429118 -0.654145 -0.107794 -0.748649 1 
0.119791 0.245512 -0.00409053 -0.65347 -0.114098 -0.748304 1 
0.114681 0.251247 -0.0137109 0.797948 -0.364455 -0.480053 1 
0.116009 0.251051 -0.0107178 0.783368 0.0915625 -0.614777 1 
0.11625 0.251162 -0.0108576 0.784189 0.107001 -0.611227 1 
0.115998 0.251334 -0.0109417 0.785247 0.0124642 -0.619057 1 
0.11654 0.251459 -0.0107664 0.78097 0.0854865 -0.61869 1 
0.1164 0.25179 -0.010743 0.785247 0.0124642 -0.619057 1 
0.116798 0.251903 -0.0103975 0.766682 0.0124776 -0.641906 1 
0.115091 0.25162 -0.0122782 0.798144 -0.135253 -0.587089 1 
0.115328 0.251658 -0.0118395 0.79841 -0.015221 -0.601921 1 
0.115429 0.251829 -0.0123876 0.798144 -0.135253 -0.587089 1 
0.11581 0.25188 -0.012119 0.79841 -0.015221 -0.601921 1 
0.115475 0.252042 -0.0125679 0.791785 -0.220712 -0.569529 1 
0.114653 0.252038 -0.0135599 0.797017 -0.299476 -0.524479 1 
0.114861 0.252026 -0.0138537 0.803711 -0.318631 -0.502517 1 
0.115034 0.252089 -0.0132913 0.793466 -0.21724 -0.568523 1 
0.114859 0.251925 -0.0128638 0.791785 -0.220712 -0.569529 1 
0.115254 0.252066 -0.0129296 0.791785 -0.220712 -0.569529 1 
0.115654 0.25175 -0.0112031 0.776961 0.0237134 -0.629102 1 
0.115975 0.251899 -0.0113895 0.776961 0.0237134 -0.629102 1 
0.11587 0.251783 -0.0116641 0.77989 0.0380778 -0.624758 1 
0.116088 0.252059 -0.011282 0.767751 -0.0979797 -0.633212 1 
0.115649 0.251806 -0.0120258 0.79841 -0.015221 -0.601921 1 
0.116029 0.252156 -0.011737 0.772376 -0.0585349 -0.632463 1 
0.115955 0.251764 -0.0108879 0.782802 0.0152404 -0.622085 1 
0.116196 0.251875 -0.0110277 0.782802 0.0152404 -0.622085 1 
0.116405 0.252134 -0.0108899 0.768157 -0.0889138 -0.634058 1 
0.116938 0.251843 -0.0099891 0.765506 0.0152823 -0.643247 1 
0.115668 0.25224 -0.0125071 0.791785 -0.220712 -0.569529 1 
0.115355 0.252237 -0.0134777 0.793466 -0.21724 -0.568523 1 
0.115576 0.252214 -0.013116 0.791785 -0.220712 -0.569529 1 
0.11657 0.252281 -0.0115616 0.768678 -0.110654 -0.629992 1 
0.116511 0.252378 -0.0120166 0.410764 0.826286 -0.385389 1 
0.116775 0.252468 -0.0108453 0.75164 -0.14611 -0.643187 1 
0.117395 0.252258 -0.0101582 0.738223 -0.0953967 -0.667777 1 
0.116835 0.25237 -0.0103903 0.736922 -0.117137 -0.665751 1 
0.11704 0.252285 -0.0101056 0.74108 -0.0920869 -0.665072 1 
0.117248 0.252273 -0.0103994 0.74108 -0.0920869 -0.665072 1 
0.117109 0.252605 -0.0103761 0.733477 -0.126977 -0.667748 1 
0.117228 0.252139 -0.00989785 0.747793 -0.0411499 -0.662655 1 
0.117661 0.252176 -0.0104085 0.747793 -0.0411499 -0.662655 1 
0.117464 0.252577 -0.0104288 0.735965 -0.111061 -0.667848 1 
0.116824 0.252653 -0.0106142 0.751628 -0.162473 -0.639263 1 
0.117065 0.252764 -0.010754 0.744719 -0.175858 -0.643792 1 
0.11726 0.252662 -0.0107134 0.745133 -0.139431 -0.652178 1 
0.116893 0.252972 -0.0108847 0.71938 -0.300949 -0.626037 1 
0.117135 0.253083 -0.0110245 0.71938 -0.300949 -0.626037 1 
0.116885 0.253227 -0.0106972 0.712573 -0.297576 -0.635364 1 
0.116648 0.253188 -0.011136 0.729816 -0.299947 -0.614329 1 
0.116938 0.253484 -0.0110447 0.722984 -0.318631 -0.613 1 
0.116605 0.253619 -0.0110823 0.719771 -0.350909 -0.598993 1 
0.116814 0.253606 -0.0113761 0.719771 -0.350909 -0.598993 1 
0.117012 0.253477 -0.0109241 0.722984 -0.318631 -0.613 1 
0.116528 0.253954 -0.0115939 0.489042 0.731076 -0.47578 1 
0.114298 0.252737 -0.0140452 0.818979 -0.337413 -0.464141 1 
0.126018 0.249687 -0.00355357 0.651264 0.169298 -0.739726 1 
0.12583 0.249834 -0.00376125 0.61192 0.12594 -0.780828 1 
0.126071 0.249945 -0.00390103 0.617473 0.119941 -0.777394 1 
0.126154 0.249954 -0.0035363 0.648154 0.145872 -0.747407 1 
0.122071 0.250826 -0.00688017 0.433862 -0.686533 -0.58347 1 
0.122131 0.250728 -0.00642527 0.397197 -0.707044 -0.585083 1 
0.121723 0.25117 -0.00656306 0.400454 -0.753506 -0.521407 1 
0.122005 0.25115 -0.00673629 0.427752 -0.644125 -0.634138 1 
0.121535 0.251316 -0.00677076 0.420206 -0.692593 -0.586295 1 
0.12185 0.25142 -0.00678996 0.4359 -0.626293 -0.646334 1 
0.12298 0.25064 -0.00653361 0.435164 -0.0528704 -0.898797 1 
0.122959 0.250906 -0.00700167 0.426213 -0.084139 -0.900702 1 
0.125383 0.249265 -0.00476948 0.571848 0.0727288 -0.817129 1 
0.125308 0.249572 -0.00486977 0.547156 0.0517769 -0.835428 1 
0.123689 0.250484 -0.005649 0.498313 0.0510737 -0.865491 1 
0.124106 0.25046 -0.00623664 0.514066 0.0807211 -0.853944 1 
0.12385 0.250558 -0.00574218 0.502705 0.0540096 -0.862769 1 
0.123182 0.250855 -0.00622857 0.460355 0.00131907 -0.887734 1 
0.123403 0.250831 -0.00586683 0.498313 0.0510737 -0.865491 1 
0.123231 0.25104 -0.00599753 0.459341 0.00661874 -0.888235 1 
0.123664 0.251077 -0.00650815 0.494027 0.0654064 -0.866983 1 
0.123735 0.250697 -0.00582932 0.498313 0.0510737 -0.865491 1 
0.123768 0.25082 -0.00567529 0.498313 0.0510737 -0.865491 1 
0.123644 0.250942 -0.00600661 0.498313 0.0510737 -0.865491 1 
0.124371 0.250549 -0.00506535 0.536335 0.117732 -0.835753 1 
0.124036 0.250711 -0.00551417 0.536335 0.117732 -0.835753 1 
0.124204 0.25083 -0.00577459 0.536335 0.117732 -0.835753 1 
0.124317 0.251262 -0.00523547 0.536335 0.117732 -0.835753 1 
0.123451 0.251016 -0.00563576 0.498313 0.0510737 -0.865491 1 
0.123644 0.251214 -0.00557495 0.498313 0.0510737 -0.865491 1 
0.123661 0.251276 -0.00549793 0.498313 0.0510737 -0.865491 1 
0.124089 0.250969 -0.0058617 0.527515 0.0991786 -0.843737 1 
0.124138 0.251154 -0.00563067 0.527515 0.0991786 -0.843737 1 
0.124 0.251186 -0.00562762 0.527515 0.0991786 -0.843737 1 
0.123741 0.251313 -0.00554454 0.498313 0.0510737 -0.865491 1 
0.123774 0.251436 -0.00539055 0.518523 0.083816 -0.850946 1 
0.123974 0.251678 -0.0054969 0.527515 0.0991786 -0.843737 1 
0.123779 0.25178 -0.00553747 0.518523 0.083816 -0.850946 1 
0.125529 0.24982 -0.00407636 0.576315 0.0757933 -0.813705 1 
0.125357 0.250028 -0.00420713 0.565801 0.0787824 -0.820769 1 
0.125014 0.250445 -0.00446851 0.539891 0.114963 -0.833847 1 
0.122674 0.250554 -0.0062702 0.428629 -0.13813 -0.892859 1 
0.122388 0.250901 -0.006488 0.438485 -0.299037 -0.84753 1 
0.122501 0.251062 -0.00638063 0.42787 -0.132199 -0.89412 1 
0.122641 0.251001 -0.00597228 0.428871 -0.0753606 -0.900217 1 
0.122965 0.251121 -0.00574733 0.460355 0.00131907 -0.887734 1 
0.122389 0.251173 -0.0060564 0.427024 -0.110606 -0.89745 1 
0.122566 0.251308 -0.00607252 0.420899 -0.0808894 -0.903494 1 
0.122185 0.251258 -0.00634115 0.40288 -0.497483 -0.768244 1 
0.122013 0.251466 -0.00647182 0.440566 -0.516469 -0.734276 1 
0.121825 0.251613 -0.00667953 0.432801 -0.562144 -0.704753 1 
0.122346 0.251603 -0.00600266 0.424704 -0.144428 -0.893738 1 
0.122409 0.251878 -0.00610599 0.436174 0.00392949 -0.899854 1 
0.12206 0.25195 -0.00622047 0.426347 -0.314722 -0.848044 1 
0.122285 0.252271 -0.00600561 0.436358 0.0499853 -0.898384 1 
0.122261 0.252464 -0.00589518 0.39334 0.390181 -0.832492 1 
0.122767 0.25098 -0.00663081 0.429844 -0.119793 -0.894921 1 
0.123077 0.25101 -0.00607154 0.460355 0.00131907 -0.887734 1 
0.122864 0.25135 -0.00616879 0.451947 0.0119282 -0.891965 1 
0.12292 0.25158 -0.0061049 0.455114 0.0200197 -0.890208 1 
0.12314 0.251557 -0.0057432 0.465761 0.0255028 -0.884543 1 
0.123091 0.251371 -0.00597424 0.459341 0.00661874 -0.888235 1 
0.123415 0.251492 -0.00574923 0.498313 0.0510737 -0.865491 1 
0.122982 0.251854 -0.00620826 0.449683 0.0308738 -0.892654 1 
0.12337 0.25195 -0.00610685 0.479686 0.0769175 -0.874063 1 
0.123203 0.251831 -0.00584649 0.46679 0.0449098 -0.883227 1 
0.123444 0.251942 -0.00598626 0.494027 0.0654064 -0.866983 1 
0.123063 0.252163 -0.00582319 0.459239 0.0419953 -0.88732 1 
0.12265 0.251989 -0.00624574 0.438979 0.0306885 -0.897973 1 
0.122559 0.252506 -0.00599139 0.434578 0.0361034 -0.89991 1 
0.122915 0.252478 -0.00604406 0.439081 0.0670248 -0.895944 1 
0.122768 0.252493 -0.00628522 0.436358 0.0499853 -0.898384 1 
0.122089 0.252672 -0.0060259 0.375722 0.426452 -0.822783 1 
0.123656 0.252174 -0.00543713 0.518523 0.083816 -0.850946 1 
0.12255 0.25276 -0.00580391 0.426595 0.0986588 -0.899046 1 
0.122727 0.252896 -0.00582009 0.433279 0.0989158 -0.895815 1 
0.12228 0.253169 -0.00594478 0.365586 0.425725 -0.827711 1 
0.124572 0.25022 -0.00562363 0.536335 0.117732 -0.835753 1 
0.125624 0.249376 -0.00490925 0.571848 0.0727288 -0.817129 1 
0.125673 0.249561 -0.00467825 0.584031 0.0789231 -0.807886 1 
0.125329 0.249978 -0.00493963 0.551178 0.0665948 -0.831726 1 
0.125701 0.250012 -0.00491528 0.565801 0.0787824 -0.820769 1 
0.124702 0.250714 -0.00500754 0.536335 0.117732 -0.835753 1 
0.12489 0.250567 -0.0047998 0.538763 0.121185 -0.833696 1 
0.124943 0.250825 -0.00514732 0.536335 0.117732 -0.835753 1 
0.125115 0.250616 -0.00501661 0.538763 0.121185 -0.833696 1 
0.125463 0.250544 -0.00490207 0.539891 0.114963 -0.833847 1 
0.125704 0.250655 -0.0050419 0.556416 0.108959 -0.823729 1 
0.125184 0.250936 -0.00528711 0.538763 0.121185 -0.833696 1 
0.125356 0.250728 -0.00515641 0.539891 0.114963 -0.833847 1 
0.124612 0.25066 -0.00520511 0.536335 0.117732 -0.835753 1 
0.124277 0.250822 -0.00565394 0.536335 0.117732 -0.835753 1 
0.124268 0.251076 -0.00546649 0.536335 0.117732 -0.835753 1 
0.124486 0.251081 -0.00551611 0.536335 0.117732 -0.835753 1 
0.124413 0.251089 -0.00563674 0.536335 0.117732 -0.835753 1 
0.124739 0.25091 -0.005432 0.536335 0.117732 -0.835753 1 
0.124347 0.251413 -0.00549284 0.536335 0.117732 -0.835753 1 
0.124031 0.251609 -0.00545333 0.527515 0.0991786 -0.843737 1 
0.125786 0.249993 -0.00413916 0.587273 0.0789732 -0.805527 1 
0.125614 0.250201 -0.00426985 0.584031 0.0789231 -0.807886 1 
0.125282 0.250335 -0.0043074 0.553842 0.0815736 -0.828616 1 
0.125507 0.250385 -0.00452417 0.551178 0.0665948 -0.831726 1 
0.126027 0.250104 -0.00427894 0.587273 0.0789732 -0.805527 1 
0.125856 0.250312 -0.00440969 0.579688 0.0729977 -0.811563 1 
0.125764 0.250558 -0.00458694 0.566867 0.0846713 -0.819446 1 
0.125255 0.250556 -0.0046083 0.54885 0.112099 -0.82837 1 
0.124527 0.251521 -0.00509765 0.536335 0.117732 -0.835753 1 
0.124444 0.251783 -0.00503072 0.536335 0.117732 -0.835753 1 
0.123908 0.252002 -0.00535303 0.527515 0.0991786 -0.843737 1 
0.124273 0.251991 -0.00516147 0.536335 0.117732 -0.835753 1 
0.124545 0.251954 -0.00557888 0.536335 0.117732 -0.835753 1 
0.123401 0.252373 -0.00593256 0.479686 0.0769175 -0.874063 1 
0.124089 0.252211 -0.00594769 0.521766 0.104928 -0.846611 1 
0.12385 0.252072 -0.00539658 0.527515 0.0991786 -0.843737 1 
0.123945 0.25247 -0.00534585 0.536335 0.117732 -0.835753 1 
0.124124 0.252306 -0.00538228 0.536335 0.117732 -0.835753 1 
0.119485 0.250436 -0.00134839 0.950019 0.151842 -0.272778 1 
0.118798 0.251269 -0.00187117 0.948663 0.146258 -0.280439 1 
0.120416 0.249686 -0.000554025 0.938991 0.218402 -0.2657 1 
0.120734 0.250033 0.000269808 0.937485 0.255678 -0.236118 1 
0.120301 0.249825 -0.000641115 0.950019 0.196509 -0.242587 1 
0.119925 0.250118 -0.00105654 0.937914 0.183715 -0.294221 1 
0.120072 0.250102 -0.000815399 0.942348 0.18847 -0.276514 1 
0.119476 0.25069 -0.00116089 0.952995 0.170226 -0.250647 1 
0.119427 0.251076 -0.00094001 0.96112 0.217537 -0.170075 1 
0.119753 0.250326 -0.00118722 0.946031 0.161517 -0.280959 1 
0.119729 0.250519 -0.00107681 0.952995 0.170226 -0.250647 1 
0.120104 0.250797 -0.000209428 0.949438 0.237699 -0.2051 1 
0.119981 0.25119 -0.000109114 0.955907 0.220594 -0.193855 1 
0.120264 0.250599 -0.000734285 0.949438 0.237699 -0.2051 1 
0.120399 0.250595 -0.00114863 0.95322 0.161767 -0.255351 1 
0.120649 0.250723 -0.0010443 0.960203 0.205285 -0.189392 1 
0.120219 0.250487 -0.00154386 0.949659 0.140641 -0.279942 1 
0.120043 0.250622 -0.00109603 0.952995 0.170226 -0.250647 1 
0.120489 0.25132 -0.00148904 0.958055 0.2092 -0.195875 1 
0.120629 0.250588 -0.000542767 0.953858 0.232747 -0.189695 1 
0.12048 0.250903 -0.000763632 0.96112 0.217537 -0.170075 1 
0.120631 0.25056 -0.000131421 0.95374 0.235408 -0.186982 1 
0.120758 0.25081 -0.000358321 0.953858 0.232747 -0.189695 1 
0.120365 0.251042 -0.000850745 0.96112 0.217537 -0.170075 1 
0.120896 0.25065 0.00103994 0.938381 0.276649 -0.207139 1 
0.120885 0.250932 0.000816017 0.955593 0.241231 -0.169261 1 
0.121071 0.251085 0.00104401 0.958349 0.236613 -0.159945 1 
0.120305 0.25131 0.000115894 0.955907 0.220594 -0.193855 1 
0.120585 0.25119 0.000932515 0.949893 0.245265 -0.193773 1 
0.120381 0.251275 0.000647806 0.956804 0.228192 -0.180151 1 
0.120574 0.251472 0.000708625 0.956804 0.228192 -0.180151 1 
0.119793 0.251608 0.000114821 0.955907 0.220594 -0.193855 1 
0.119955 0.251954 0.000453338 0.955907 0.220594 -0.193855 1 
0.120067 0.251843 0.000129119 0.96112 0.217537 -0.170075 1 
0.119811 0.252213 0.00105517 0.958151 0.227245 -0.174088 1 
0.119575 0.252446 0.00104808 0.96112 0.217537 -0.170075 1 
0.120175 0.25193 0.000815012 0.953858 0.232747 -0.189695 1 
0.120336 0.252004 0.000721857 0.96112 0.217537 -0.170075 1 
0.12002 0.2522 0.000761367 0.96112 0.217537 -0.170075 1 
0.11988 0.252532 0.000784688 0.955907 0.220594 -0.193855 1 
0.120905 0.251066 0.000314504 0.956804 0.228192 -0.180151 1 
0.119078 0.251149 -0.00105456 0.956222 0.185895 -0.226016 1 
0.119594 0.251195 -0.00120038 0.952995 0.170226 -0.250647 1 
0.118992 0.251738 -0.00137866 0.956222 0.185895 -0.226016 1 
0.119357 0.251727 -0.00118718 0.96112 0.217537 -0.170075 1 
0.118681 0.252278 -0.00148606 0.96112 0.217537 -0.170075 1 
0.119944 0.251794 -0.00162378 0.958055 0.2092 -0.195875 1 
0.119727 0.25206 -0.0011425 0.96112 0.217537 -0.170075 1 
0.119265 0.251973 -0.00136447 0.96112 0.217537 -0.170075 1 
0.119094 0.252181 -0.00149516 0.96112 0.217537 -0.170075 1 
0.119352 0.252625 -0.00112629 0.96112 0.217537 -0.170075 1 
0.119553 0.252297 -0.00168459 0.96112 0.217537 -0.170075 1 
0.119593 0.252736 -0.00126607 0.96112 0.217537 -0.170075 1 
0.118428 0.252178 -0.0020018 0.961149 0.153417 -0.229469 1 
0.118808 0.252928 -0.00268256 0.976455 0.153782 -0.151282 1 
0.11862 0.253075 -0.0028903 0.97363 0.10651 -0.201743 1 
0.118894 0.253581 -0.00244445 0.983007 0.148721 -0.107611 1 
0.11954 0.252479 -0.000918567 0.96112 0.217537 -0.170075 1 
0.119813 0.252713 -0.000904359 0.96112 0.217537 -0.170075 1 
0.119486 0.253191 -0.00108872 0.96112 0.217537 -0.170075 1 
0.119711 0.253241 -0.00130554 0.96112 0.217537 -0.170075 1 
0.119783 0.253404 0.000236608 0.96112 0.217537 -0.170075 1 
0.119594 0.253279 -0.000402749 0.96112 0.217537 -0.170075 1 
0.119126 0.253546 -0.00142713 0.965867 0.206138 -0.156872 1 
0.119347 0.253523 -0.00106539 0.96112 0.217537 -0.170075 1 
0.119588 0.253634 -0.00120516 0.961866 0.214479 -0.169741 1 
0.120118 0.252528 -0.0015994 0.96112 0.217537 -0.170075 1 
0.119973 0.252516 -0.00142917 0.96112 0.217537 -0.170075 1 
0.119834 0.252847 -0.00140585 0.96112 0.217537 -0.170075 1 
0.119823 0.25313 -0.00162977 0.96112 0.217537 -0.170075 1 
0.120219 0.252699 -0.00214752 0.96112 0.217537 -0.170075 1 
0.120153 0.253023 -0.00200363 0.960227 0.223217 -0.167743 1 
0.119801 0.253695 -0.00207753 0.970487 0.193075 -0.144486 1 
0.11952 0.253544 -0.00332583 0.930561 0.0324463 0.364697 1 
0.119756 0.254153 -0.00243519 0.98411 0.14334 -0.104795 1 
0.120295 0.252935 -0.00118395 0.96112 0.217537 -0.170075 1 
0.119963 0.253069 -0.00122143 0.96112 0.217537 -0.170075 1 
0.120278 0.253173 -0.00124061 0.96112 0.217537 -0.170075 1 
0.120273 0.2535 -0.00163169 0.961866 0.214479 -0.169741 1 
0.1197 0.253523 -0.0015294 0.961866 0.214479 -0.169741 1 
0.119416 0.253843 -0.0013359 0.965867 0.206138 -0.156872 1 
0.119405 0.254125 -0.00155979 0.969904 0.203181 -0.134176 1 
0.119104 0.254111 -0.00187494 0.982118 0.154177 -0.108045 1 
0.119345 0.254222 -0.00201474 0.98411 0.14334 -0.104795 1 
0.119631 0.252676 0.00111193 0.96112 0.217537 -0.170075 1 
0.119677 0.252888 0.000931539 0.96112 0.217537 -0.170075 1 
0.119198 0.25331 0.00108461 0.96112 0.217537 -0.170075 1 
0.119757 0.252926 0.000885002 0.96112 0.217537 -0.170075 1 
0.119918 0.253 0.00079181 0.955907 0.220594 -0.193855 1 
0.11952 0.253458 0.000898197 0.9556 0.223822 -0.191656 1 
0.119746 0.253208 0.000661112 0.955907 0.220594 -0.193855 1 
0.119591 0.253478 0.000607386 0.9556 0.223822 -0.191656 1 
0.11919 0.253564 0.00127203 0.961109 0.234705 -0.145543 1 
0.119431 0.253675 0.00113223 0.958057 0.246433 -0.146278 1 
0.11437 0.242663 0.00790399 0.847259 0.515913 0.126435 1 
0.114719 0.242862 0.00845021 0.771547 0.622887 0.129334 1 
0.114585 0.243538 0.00832659 0.884364 0.428295 0.185643 1 
0.114757 0.243329 0.00845729 0.848939 0.502252 0.164454 1 
0.114906 0.243414 0.00770855 0.950727 0.262223 0.165402 1 
0.114965 0.243317 0.00816349 0.879698 0.444955 0.16777 1 
0.11503 0.243292 0.00803985 0.898355 0.408343 0.161905 1 
0.114826 0.243649 0.0081868 0.896132 0.403911 0.183859 1 
0.115271 0.243404 0.0079001 0.907977 0.389538 0.154399 1 
0.112933 0.244498 0.00881488 0.773061 0.507271 0.380858 1 
0.113473 0.24408 0.00812695 0.898771 0.399614 0.180331 1 
0.113254 0.244646 0.0086285 0.839218 0.463819 0.283876 1 
0.113415 0.24472 0.00853533 0.816415 0.503012 0.28363 1 
0.113243 0.244928 0.00840459 0.804363 0.517878 0.291208 1 
0.113055 0.245075 0.00819694 0.797066 0.550615 0.248011 1 
0.1137 0.243387 0.00603668 0.954619 0.297624 0.0111146 1 
0.113962 0.243633 0.00539536 0.938502 0.34068 -0.0561274 1 
0.113707 0.244274 0.00675307 0.968336 0.213622 0.129197 1 
0.11414 0.244311 0.0062425 0.952868 0.288076 0.0951564 1 
0.113915 0.244262 0.00645931 0.968336 0.213622 0.129197 1 
0.114156 0.244373 0.00631953 0.962294 0.251201 0.104345 1 
0.113535 0.244483 0.00662237 0.968336 0.213622 0.129197 1 
0.114273 0.243806 0.00778759 0.971021 0.17527 0.162477 1 
0.113665 0.244006 0.00775611 0.924864 0.347347 0.154842 1 
0.114241 0.243955 0.00806522 0.89988 0.39433 0.186332 1 
0.114462 0.243931 0.00842692 0.890694 0.412547 0.190967 1 
0.114176 0.244278 0.0082091 0.89988 0.39433 0.186332 1 
0.113607 0.244646 0.00816449 0.986367 0.138541 0.0888085 1 
0.113435 0.244854 0.00803383 0.890112 0.415191 0.187929 1 
0.11366 0.244904 0.00781702 0.895077 0.404743 0.187139 1 
0.114702 0.243771 0.00785547 0.964871 0.197152 0.173651 1 
0.114342 0.244126 0.00751708 0.972314 0.163959 0.166501 1 
0.114422 0.243891 0.00703888 0.968336 0.213622 0.129197 1 
0.114642 0.243868 0.00740059 0.968025 0.20237 0.148233 1 
0.114927 0.24382 0.00763869 0.968238 0.184365 0.168894 1 
0.113927 0.244251 0.00711479 0.968336 0.213622 0.129197 1 
0.113916 0.244533 0.00689092 0.968336 0.213622 0.129197 1 
0.114308 0.244302 0.00738334 0.972314 0.163959 0.166501 1 
0.114168 0.244362 0.00697503 0.968336 0.213622 0.129197 1 
0.114409 0.244473 0.00683524 0.968336 0.213622 0.129197 1 
0.114458 0.244658 0.00706626 0.974183 0.175177 0.14241 1 
0.114671 0.243919 0.00813312 0.896019 0.406755 0.178046 1 
0.114588 0.244181 0.00820003 0.89988 0.39433 0.186332 1 
0.114499 0.244127 0.00800239 0.901446 0.390867 0.186058 1 
0.114368 0.244204 0.00783825 0.916445 0.365731 0.16239 1 
0.114899 0.244612 0.00778972 0.902348 0.394508 0.173584 1 
0.114196 0.244413 0.0077076 0.972314 0.163959 0.166501 1 
0.113342 0.244557 0.0069932 0.975267 0.164852 0.147234 1 
0.11331 0.244433 0.0068391 0.974183 0.175177 0.14241 1 
0.113247 0.245001 0.00782609 0.895077 0.404743 0.187139 1 
0.113793 0.244927 0.00699124 0.975267 0.164852 0.147234 1 
0.113987 0.244553 0.00660015 0.968336 0.213622 0.129197 1 
0.114066 0.24489 0.00657383 0.968336 0.213622 0.129197 1 
0.113653 0.244987 0.00658292 0.974183 0.175177 0.14241 1 
0.114335 0.242925 0.00354621 -0.0953967 0.738223 -0.667777 1 
0.114347 0.242914 0.00420173 0.976505 0.213424 -0.0298078 1 
0.114267 0.243719 0.00513193 0.905936 0.404661 -0.124619 1 
0.114459 0.243645 0.00476113 0.986622 0.162355 0.0147596 1 
0.114475 0.243707 0.00483815 0.874939 0.452858 -0.17147 1 
0.114636 0.243781 0.00474498 0.987206 0.158272 0.019357 1 
0.113921 0.243322 0.00357558 -0.0738381 0.716664 -0.693499 1 
0.113934 0.243582 0.0046628 0.862943 0.463515 -0.201204 1 
0.114322 0.243678 0.00476412 0.866004 0.463349 -0.188004 1 
0.114513 0.243332 0.00396166 0.670102 0.606916 -0.427336 1 
0.114535 0.243738 0.0038918 0.642493 0.625804 -0.442235 1 
0.114259 0.243803 0.00389789 0.713963 0.578755 -0.394081 1 
0.114416 0.243804 0.00438321 0.837804 0.491655 -0.237403 1 
0.114583 0.243923 0.00412285 0.973492 0.224279 -0.0448558 1 
0.114632 0.244108 0.00435387 0.982373 0.186846 -0.00573146 1 
0.11471 0.244173 0.00389596 0.660886 0.614274 -0.431157 1 
0.115243 0.243353 0.00716755 0.965717 0.223056 0.132802 1 
0.114992 0.243353 0.00566193 0.901426 0.417871 -0.113202 1 
0.114648 0.24377 0.00540049 0.928221 0.366786 -0.0622345 1 
0.115038 0.243438 0.00688284 0.956974 0.265753 0.116513 1 
0.114336 0.244039 0.00486147 0.899738 0.415155 -0.134606 1 
0.114497 0.244113 0.00476828 0.989028 0.145811 0.0237367 1 
0.114043 0.244341 0.00481081 0.937467 0.339815 -0.0753676 1 
0.114562 0.244359 0.00507631 0.935084 0.348519 -0.0644432 1 
0.114278 0.244679 0.00526988 0.957327 0.288796 -0.0110603 1 
0.114569 0.244404 0.00490913 0.993156 0.108365 0.0435693 1 
0.114738 0.244224 0.00462846 0.988597 0.148687 0.0238353 1 
0.11481 0.244515 0.00476933 0.989885 0.133892 0.0469194 1 
0.114744 0.244839 0.00491325 0.991887 0.116493 0.050895 1 
0.114572 0.245048 0.00478253 0.99159 0.124651 0.0348123 1 
0.114443 0.244826 0.00459813 0.989638 0.139754 0.0329501 1 
0.114287 0.245096 0.00454441 0.948648 0.307564 -0.0739712 1 
0.114389 0.245538 0.00442795 0.993156 0.108365 0.0435693 1 
0.114446 0.244669 0.00641073 0.968336 0.213622 0.129197 1 
0.114479 0.244793 0.00656479 0.968336 0.213622 0.129197 1 
0.114658 0.2449 0.00695994 0.975267 0.164852 0.147234 1 
0.114768 0.245089 0.006656 0.974183 0.175177 0.14241 1 
0.11475 0.244927 0.0075689 0.916445 0.365731 0.16239 1 
0.114625 0.245348 0.00725786 0.972314 0.163959 0.166501 1 
0.114672 0.245261 0.0070572 0.972314 0.163959 0.166501 1 
0.114301 0.245627 0.00606326 0.974183 0.175177 0.14241 1 
0.114162 0.245959 0.00608658 0.972622 0.174182 0.15384 1 
0.114232 0.245579 0.00676539 0.975267 0.164852 0.147234 1 
0.114616 0.245602 0.00744533 0.902348 0.394508 0.173584 1 
0.114694 0.245667 0.00698736 0.923045 0.353299 0.152212 1 
0.11479 0.245766 0.00701776 0.923045 0.353299 0.152212 1 
0.114038 0.246353 0.00618692 0.923045 0.353299 0.152212 1 
0.114322 0.246033 0.00599338 0.972622 0.174182 0.15384 1 
0.114231 0.246279 0.00581612 0.973487 0.178494 0.143048 1 
0.113887 0.245582 0.00423944 0.994124 0.0905782 0.0592672 1 
0.114282 0.245993 0.00460532 0.993823 0.090755 0.0638646 1 
0.113513 0.246289 0.00608858 0.967901 0.192546 0.161532 1 
0.113818 0.246376 0.00582518 0.968031 0.187402 0.166724 1 
0.113626 0.24645 0.00619601 0.928001 0.333522 0.166063 1 
0.113726 0.24635 0.00521627 0.978903 0.175638 0.1044 1 
0.113999 0.246584 0.00523047 0.983731 0.152544 0.0948898 1 
0.114059 0.246487 0.00568542 0.972162 0.169459 0.161815 1 
0.112601 0.244903 0.00920907 0.708545 0.549247 0.443048 1 
0.112842 0.245014 0.00906926 0.710685 0.534262 0.457701 1 
0.113034 0.24494 0.00869842 0.773679 0.51092 0.374675 1 
0.11238 0.244927 0.00884731 0.710685 0.534262 0.457701 1 
0.112638 0.245099 0.00878455 0.752088 0.522693 0.401441 1 
0.112863 0.245149 0.00856771 0.778172 0.499906 0.380188 1 
0.114146 0.244399 0.00889809 0.829903 0.467309 0.304767 1 
0.117575 0.246955 -0.0112723 -0.697411 -0.510097 0.503407 1 
0.117669 0.247353 -0.0112216 -0.697411 -0.510097 0.503407 1 
0.117143 0.24826 -0.0118375 -0.802107 -0.357026 0.478703 1 
0.118423 0.247709 -0.010497 -0.820794 -0.238692 0.518964 1 
0.117661 0.247608 -0.0110341 -0.751821 -0.383249 0.536549 1 
0.117868 0.247895 -0.0113076 -0.767822 -0.357239 0.531818 1 
0.118521 0.248079 -0.0100349 -0.828462 -0.162707 0.535888 1 
0.118357 0.248033 -0.0103531 -0.792441 -0.262055 0.550786 1 
0.119228 0.248222 -0.00913005 -0.918156 0.0463715 0.393496 1 
0.119103 0.248244 -0.0084715 -0.96288 0.120198 0.241689 1 
0.119541 0.248225 -0.00815935 -0.966093 0.108765 0.234166 1 
0.118102 0.248403 -0.00942701 -0.824541 -0.12787 0.551164 1 
0.118013 0.248621 -0.00919294 -0.852813 -0.0985663 0.51283 1 
0.117904 0.249375 -0.0089953 -0.816697 -0.115419 0.565406 1 
0.118847 0.248172 -0.00939859 -0.905804 0.0197774 0.423236 1 
0.118581 0.248253 -0.00914832 -0.938623 0.0752483 0.336637 1 
0.11901 0.248218 -0.00908038 -0.935043 0.0837948 0.34449 1 
0.118426 0.248523 -0.00920202 -0.877652 -0.0508187 0.476597 1 
0.118091 0.248957 -0.00921926 -0.830069 -0.130754 0.542116 1 
0.118775 0.248722 -0.00865584 -0.942441 0.119313 0.31236 1 
0.118255 0.249003 -0.00890107 -0.848945 -0.0898883 0.520781 1 
0.119778 0.248264 -0.0077206 -0.933438 0.196733 0.299984 1 
0.119308 0.24843 -0.00775508 -0.964431 0.176182 0.197062 1 
0.118973 0.248864 -0.00777228 -0.946701 0.270292 0.175214 1 
0.119022 0.249049 -0.00754128 -0.887834 0.39871 0.22974 1 
0.119343 0.249197 -0.00772766 -0.781702 0.51415 0.352975 1 
0.119296 0.249555 -0.00709539 -0.641747 0.64838 0.40959 1 
0.118749 0.249486 -0.00809345 -0.890628 0.203949 0.406432 1 
0.119 0.249614 -0.00798905 -0.831389 0.383354 0.402285 1 
0.119151 0.249671 -0.00832641 -0.776929 0.0947475 0.622418 1 
0.118582 0.249767 -0.00880273 -0.824078 -0.0999321 0.557592 1 
0.119002 0.249586 -0.00757772 -0.777656 0.533937 0.331907 1 
0.119097 0.249712 -0.00795864 -0.791702 0.395045 0.465991 1 
0.119292 0.249882 -0.00748649 -0.668063 0.570951 0.477187 1 
0.119056 0.250115 -0.00749355 -0.705719 0.478821 0.522199 1 
0.118444 0.25037 -0.00834771 -0.797599 -0.0236635 0.602723 1 
0.119183 0.250365 -0.00772046 -0.688693 0.117509 0.715467 1 
0.11875 0.250999 -0.00774782 -0.69219 0.233869 0.682772 1 
0.118937 0.248625 -0.0101706 -0.804794 -0.147819 0.574853 1 
0.119285 0.249966 -0.00872051 -0.720857 -0.0125488 0.692971 1 
0.119092 0.25004 -0.00834974 -0.760752 0.107418 0.640091 1 
0.119329 0.250078 -0.00791095 -0.65692 -0.0797585 0.74973 1 
0.119382 0.250336 -0.00825845 -0.652662 0.248106 0.715874 1 
0.119236 0.250623 -0.00806797 -0.650715 0.241064 0.720041 1 
0.11972 0.250817 -0.00793618 -0.434016 -0.486426 0.7583 1 
0.119725 0.25049 -0.00754515 0.176952 -0.942371 0.283946 1 
0.120322 0.250845 -0.0073059 0.0979684 -0.864677 0.492682 1 
0.120338 0.250906 -0.00722891 0.226392 -0.945356 0.234624 1 
0.119258 0.2513 -0.00770622 -0.603774 0.340132 0.720949 1 
0.119762 0.250957 -0.007538 0.296099 -0.950907 0.0900036 1 
0.119561 0.251286 -0.00697971 0.196722 -0.911812 0.360417 1 
0.120296 0.251337 -0.00717515 0.18143 -0.952844 0.243251 1 
0.120569 0.251571 -0.00716096 0.179864 -0.974786 0.132068 1 
0.120526 0.25173 -0.00753885 0.25186 -0.967673 0.0132558 1 
0.116893 0.248404 -0.0115103 -0.808817 -0.311814 0.498586 1 
0.117541 0.248373 -0.011492 -0.772885 -0.318435 0.54886 1 
0.117669 0.249037 -0.00945435 -0.794496 -0.154694 0.587236 1 
0.117991 0.249185 -0.00964071 -0.790936 -0.151583 0.592826 1 
0.118318 0.250791 -0.00865876 -0.786088 -0.0495731 0.616123 1 
0.118356 0.251259 -0.00865162 -0.753854 -0.00414966 0.657029 1 
0.118862 0.250888 -0.00807205 -0.691628 0.186385 0.69779 1 
0.118989 0.251138 -0.00829899 -0.672103 0.0985359 0.733872 1 
0.11856 0.251174 -0.00836693 -0.708359 0.0678062 0.702588 1 
0.118817 0.251347 -0.00842966 -0.679183 0.0648901 0.731095 1 
0.119262 0.251373 -0.00828472 -0.628505 0.135853 0.76585 1 
0.118588 0.251624 -0.00860395 -0.699819 0.0649317 0.711363 1 
0.118474 0.251763 -0.00869106 -0.710892 0.0353326 0.702413 1 
0.118277 0.252164 -0.00871129 -0.705752 0.0891322 0.70283 1 
0.118829 0.251735 -0.00874374 -0.671763 0.0647309 0.737932 1 
0.118715 0.251874 -0.00883089 -0.696144 0.0500309 0.716157 1 
0.118518 0.252276 -0.00885108 -0.704203 0.11119 0.701238 1 
0.118882 0.251993 -0.00909121 -0.696904 0.064929 0.714219 1 
0.118871 0.252276 -0.00931514 -0.704203 0.11119 0.701238 1 
0.0925016 0.214259 0.0248784 -0.921753 0.197417 -0.333763 0 
0.0924188 0.214249 0.0245137 -0.915205 0.186457 -0.357257 0 
0.0926343 0.214282 0.0240527 -0.908676 0.136231 -0.394649 0 
0.0928813 0.215009 0.0241976 -0.877771 0.059253 -0.475402 0 
0.0926266 0.215208 0.0237022 -0.873136 0.0340537 -0.486286 0 
0.0917126 0.214249 0.0254416 -0.907456 0.124443 -0.401294 0 
0.0917843 0.214541 0.0255826 -0.923045 0.152212 -0.353299 0 
0.0919536 0.21436 0.0253019 -0.923045 0.152212 -0.353299 0 
0.0923896 0.21437 0.0252026 -0.931707 0.19137 -0.308706 0 
0.0926307 0.214481 0.0250628 -0.91662 0.180482 -0.3567 0 
0.0927914 0.214555 0.0249696 -0.912283 0.168836 -0.373142 0 
0.0925607 0.215132 0.0248157 -0.9004 0.072635 -0.428958 0 
0.0927487 0.214985 0.0250234 -0.90828 0.0920647 -0.408108 0 
0.0923682 0.215206 0.0251865 -0.90828 0.0920647 -0.408108 0 
0.0927974 0.21517 0.0252544 -0.907704 0.0865134 -0.410595 0 
0.0922914 0.215812 0.0251065 -0.895192 0.0501091 -0.442856 0 
0.0930324 0.214666 0.0248299 -0.910759 0.121342 -0.394709 0 
0.093047 0.215027 0.0249271 -0.902379 0.0898233 -0.421479 0 
0.0931342 0.215109 0.0247134 -0.894512 0.0728251 -0.441073 0 
0.0929787 0.215379 0.0246597 -0.873136 0.0340537 -0.486286 0 
0.0927846 0.215752 0.0250508 -0.886352 0.0505316 -0.460247 0 
0.0924914 0.216055 0.0250001 -0.888891 0.0559824 -0.454686 0 
0.0926094 0.216559 0.0249607 -0.86689 0.0369763 -0.497126 0 
0.0930257 0.215863 0.024911 -0.873136 0.0340537 -0.486286 0 
0.0928136 0.216474 0.0252454 -0.873136 0.0340537 -0.486286 0 
0.0927701 0.216633 0.0248675 -0.848095 0.017697 -0.529549 0 
0.0930831 0.216193 0.023985 -0.846941 0.0122351 -0.531547 0 
0.0932146 0.216388 0.0245808 -0.846138 0.0149879 -0.532753 0 
0.0928821 0.216522 0.0245433 -0.846138 0.0149879 -0.532753 0 
0.0933754 0.216462 0.0244876 -0.84371 0.0122277 -0.536659 0 
0.0927676 0.216661 0.0244561 -0.840863 0.0149911 -0.541041 0 
0.0929283 0.216735 0.0243629 -0.846941 0.0122351 -0.531547 0 
0.0931694 0.216846 0.0242231 -0.846941 0.0122351 -0.531547 0 
0.0930709 0.216647 0.0251826 -0.851663 0.0232396 -0.523574 0 
0.09256 0.217344 0.024212 -0.846941 0.0122351 -0.531547 0 
0.0936868 0.216721 0.0226558 -0.82211 -0.0376859 -0.56808 0 
0.0938707 0.216902 0.0224724 -0.81776 -0.0462883 -0.573695 0 
0.0942836 0.216805 0.0224633 -0.821309 -0.0463303 -0.568599 0 
0.09342 0.216132 0.0234439 -0.848133 0.0149751 -0.529572 0 
0.09362 0.216374 0.0233376 -0.846511 0.00948093 -0.532286 0 
0.0934311 0.217091 0.0235819 -0.842882 -0.00134861 -0.538096 0 
0.0936731 0.216632 0.0229901 -0.825971 -0.0262872 -0.563099 0 
0.0935638 0.217115 0.0227561 -0.825202 -0.0375724 -0.563587 0 
0.0936611 0.217485 0.0232182 -0.821016 -0.0433586 -0.569256 0 
0.0931328 0.21705 0.0236781 -0.84494 0.0122455 -0.534721 0 
0.0937587 0.217013 0.0227966 -0.821016 -0.0433586 -0.569256 0 
0.094204 0.217039 0.0229416 -0.81776 -0.0462883 -0.573695 0 
0.0941605 0.217198 0.0225637 -0.804296 -0.064059 -0.590766 0 
0.0943511 0.217423 0.0222131 -0.788769 -0.0584801 -0.611902 0 
0.0949324 0.217716 0.0223754 -0.783925 -0.00967809 -0.62078 0 
0.0951735 0.217827 0.0222356 -0.731734 -0.0238761 -0.681172 0 
0.0935219 0.217817 0.0232415 -0.811444 -0.061107 -0.581227 0 
0.0931483 0.218082 0.0232374 -0.812549 -0.0581405 -0.579987 0 
0.0931945 0.218295 0.0230571 -0.813827 -0.0669875 -0.577233 0 
0.0939887 0.217406 0.022433 -0.797171 -0.0701281 -0.599667 0 
0.0937629 0.217928 0.0231017 -0.799678 -0.0853183 -0.594336 0 
0.0934466 0.218124 0.0231412 -0.799678 -0.0853183 -0.594336 0 
0.0936877 0.218235 0.0230014 -0.805577 -0.0582516 -0.58962 0 
0.0939288 0.218346 0.0228616 -0.811146 0.00136327 -0.584843 0 
0.0934356 0.218406 0.0229173 -0.816857 -0.0234967 -0.576361 0 
0.09312 0.218874 0.0233885 -0.80679 -0.0611851 -0.587662 0 
0.0943315 0.21796 0.0221767 -0.797834 0.00686604 -0.602838 0 
0.0945033 0.217752 0.0223074 -0.797081 -0.0151956 -0.603682 0 
0.0944119 0.217997 0.0221301 -0.791309 0.0180158 -0.611151 0 
0.0943512 0.218665 0.0221272 -0.791404 0.141588 -0.594671 0 
0.0941699 0.218457 0.0227218 -0.818789 0.0433888 -0.572453 0 
0.0941588 0.218739 0.022498 -0.822468 0.121684 -0.555643 0 
0.0939664 0.218813 0.0228688 -0.817921 0.0520879 -0.572967 0 
0.0942119 0.218997 0.0221505 -0.813041 0.20593 -0.54457 0 
0.094894 0.21822 0.0218506 -0.775445 0.152078 -0.612827 0 
0.0946692 0.21817 0.0220674 -0.758285 0.0353019 -0.650967 0 
0.0944035 0.218652 0.021348 -0.750681 0.120406 -0.6496 0 
0.0945923 0.218777 0.0219873 -0.780126 0.174882 -0.600682 0 
0.0949609 0.218567 0.0211687 -0.727973 0.123562 -0.67438 0 
0.0946446 0.218763 0.0212082 -0.744936 0.159304 -0.647837 0 
0.0948334 0.218888 0.0218476 -0.759898 0.162294 -0.629457 0 
0.0944205 0.218985 0.0218567 -0.775516 0.195031 -0.600449 0 
0.0949027 0.219207 0.0215771 -0.714629 0.0862231 -0.694169 0 
0.0945223 0.219428 0.0217402 -0.744936 0.159304 -0.647837 0 
0.0947309 0.219415 0.0214464 -0.721277 0.117486 -0.68261 0 
0.0951431 0.219447 0.020036 -0.605363 -0.0762096 -0.792293 0 
0.0952413 0.218846 0.0210157 -0.721277 0.117486 -0.68261 0 
0.0948053 0.218837 0.021115 -0.714629 0.0862231 -0.694169 0 
0.095402 0.21892 0.0209226 -0.720267 0.110924 -0.684771 0 
0.0949874 0.219317 0.0209519 -0.695769 0.0588176 -0.715853 0 
0.0951481 0.219391 0.0208587 -0.662435 -0.0181298 -0.7489 0 
0.0950044 0.21965 0.0214606 -0.706618 0.073999 -0.703716 0 
0.0955285 0.21917 0.0206956 -0.662435 -0.0181298 -0.7489 0 
0.0956003 0.219462 0.0208365 -0.657622 -0.0238371 -0.752971 0 
0.0958183 0.219466 0.0207869 -0.65655 -0.0153334 -0.754127 0 
0.0960594 0.219577 0.0206471 -0.613004 -0.0793299 -0.786087 0 
0.094913 0.219895 0.0212833 -0.664246 -0.00970715 -0.747451 0 
0.0952542 0.219906 0.0201638 -0.653822 -0.0124934 -0.756545 0 
0.0958304 0.219855 0.0204728 -0.62988 -0.0526085 -0.774909 0 
0.0956277 0.220483 0.0210514 -0.632034 -0.0616269 -0.772486 0 
0.0957132 0.220864 0.0208579 -0.827245 0.55294 -0.0996159 0 
0.0960638 0.21965 0.0200685 -0.535039 -0.149692 -0.83146 0 
0.0961928 0.219872 0.020253 -0.392864 -0.307259 -0.866747 0 
0.0963005 0.219688 0.0205074 -0.572262 -0.112696 -0.81229 0 
0.0961287 0.219897 0.0203766 -0.395132 -0.300544 -0.868069 0 
0.0964501 0.220045 0.0201902 -0.835169 0.540913 -0.0995279 0 
0.0975998 0.219971 0.0203971 -0.300874 0.658061 0.69024 0 
0.0971869 0.220068 0.0204062 -0.290224 0.671845 0.681465 0 
0.0968382 0.22014 0.0202916 -0.869253 0.35414 -0.344942 0 
0.0969006 0.220415 0.0201883 -0.856178 0.250923 -0.451661 0 
0.0974853 0.220109 0.0203099 -0.298008 0.668504 0.681391 0 
0.097128 0.220437 0.0203828 -0.301605 0.67579 0.672564 0 
0.0972221 0.220563 0.0200019 -0.319598 0.670021 0.670021 0 
0.0960373 0.220142 0.0201993 -0.252497 -0.430908 -0.866351 0 
0.0959321 0.220298 0.0203565 -0.252497 -0.430908 -0.866351 0 
0.0963442 0.219929 0.0199156 -0.854583 0.462962 -0.235276 0 
0.0964716 0.220451 0.0201204 -0.865994 0.297829 -0.401687 0 
0.0960262 0.220425 0.0199754 -0.867997 0.387307 -0.310764 0 
0.0959174 0.220779 0.0211427 -0.511982 -0.200866 -0.835181 0 
0.0961833 0.220697 0.0208924 -0.827245 0.55294 -0.0996159 0 
0.0959312 0.220869 0.0208083 -0.846839 0.50573 -0.164622 0 
0.0962278 0.22121 0.0207324 -0.874168 0.296457 -0.384634 0 
0.096356 0.22116 0.0204851 -0.870851 0.232327 -0.433177 0 
0.0957107 0.220892 0.0204466 -0.864793 0.419432 -0.276063 0 
0.0959518 0.221003 0.0203067 -0.873075 0.306262 -0.379399 0 
0.0962415 0.221299 0.020398 -0.870851 0.232327 -0.433177 0 
0.0962134 0.221248 0.0196655 -0.857558 0.173289 -0.48432 0 
0.0965972 0.221271 0.0203453 -0.862261 0.198067 -0.466127 0 
0.096434 0.221225 0.0200272 -0.862261 0.198067 -0.466127 0 
0.0972424 0.22114 0.0213536 -0.419891 0.698712 0.579217 0 
0.0975886 0.221095 0.0210567 -0.483343 0.694074 0.533517 0 
0.0973689 0.22139 0.0211267 -0.51016 0.687461 0.51685 0 
0.0964158 0.221063 0.0209401 -0.861143 0.39591 -0.318885 0 
0.096797 0.221114 0.0212086 -0.326735 0.684356 0.651845 0 
0.0966893 0.221297 0.0209544 -0.333884 0.688941 0.643337 0 
0.0970706 0.221348 0.0212229 -0.304514 0.681532 0.665421 0 
0.0971184 0.221262 0.0210222 -0.311711 0.67349 0.67026 0 
0.0974631 0.220674 0.0198622 -0.319568 0.679691 0.660225 0 
0.0969478 0.221299 0.01947 -0.803547 0.02646 -0.594653 0 
0.0972803 0.221165 0.0195075 -0.380766 0.690653 0.61483 0 
0.0965153 0.221933 0.0194427 -0.802443 -0.00685849 -0.596689 0 
0.0967564 0.222045 0.0193029 -0.788769 -0.0584801 -0.611902 0 
0.0969975 0.222156 0.0191631 -0.732709 -0.152585 -0.663215 0 
0.0967222 0.22222 0.0191692 -0.818815 -0.0151378 -0.573858 0 
0.0969633 0.222332 0.0190294 -0.741246 -0.152476 -0.653686 0 
0.0971241 0.222406 0.0189362 -0.762334 -0.129791 -0.634035 0 
0.0970771 0.223163 0.0185989 -0.761545 0.628313 0.158971 0 
0.0976507 0.22314 0.0184965 -0.782268 0.610731 0.122738 0 
0.0972857 0.223151 0.018305 -0.788757 0.602994 0.119419 0 
0.0973157 0.223302 0.0180477 -0.835535 0.5493 0.0122672 0 
0.0975268 0.223262 0.0181652 -0.84653 0.532298 -0.00677224 0 
0.0977516 0.223311 0.0179485 -0.843574 0.535051 -0.0458615 0 
0.097573 0.223475 0.0179849 -0.84252 0.537159 -0.0402522 0 
0.0971832 0.223679 0.0179039 -0.666913 0.724905 0.172451 0 
0.0974568 0.223913 0.017918 -0.647802 0.739689 0.182242 0 
0.0979927 0.223422 0.0178086 -0.661474 0.731423 0.165749 0 
0.0977893 0.223779 0.0179556 -0.662609 0.729631 0.169079 0 
0.0980552 0.223697 0.0177054 -0.62293 0.758283 0.192262 0 
0.0982962 0.223808 0.0175656 -0.518087 0.809217 0.277043 0 
0.0989015 0.223637 0.0171857 -0.493353 0.814899 0.304208 0 
0.0987042 0.223767 0.0167338 -0.336133 0.839551 0.426811 0 
0.098775 0.223387 0.0174126 -0.59985 0.772557 0.208174 0 
0.0981476 0.224123 0.0173447 -0.493353 0.814899 0.304208 0 
0.0983083 0.224197 0.0172515 -0.493353 0.814899 0.304208 0 
0.0986298 0.224345 0.0170651 -0.336133 0.839551 0.426811 0 
0.0989914 0.224091 0.0164137 -0.337018 0.838625 0.427934 0 
0.0992163 0.22414 0.0161969 -0.333751 0.835162 0.437167 0 
0.0987905 0.224419 0.0169719 -0.336133 0.839551 0.426811 0 
0.0993051 0.224765 0.0168464 0.767362 -0.0439708 0.639705 0 
0.0984579 0.224553 0.0169344 -0.336133 0.839551 0.426811 0 
0.0989725 0.224899 0.0168088 -0.333751 0.835162 0.437167 0 
0.0994574 0.224251 0.016057 0.772502 -0.0556887 0.632566 0 
0.0995608 0.224395 0.0159203 0.743739 0.0295246 0.667818 0 
0.0990565 0.224737 0.0157521 0.743739 0.0295246 0.667818 0 
0.0994242 0.225098 0.0153854 0.748548 0.00137854 0.663079 0 
0.0995429 0.224632 0.0158636 0.755214 -0.00692856 0.655442 0 
0.0997267 0.224813 0.0156803 0.753854 -0.00414966 0.657029 0 
0.099248 0.225234 0.0158332 0.753685 -0.00137785 0.657235 0 
0.0992274 0.2251 0.0163347 0.755214 -0.00692856 0.655442 0 
0.0990881 0.225431 0.016358 0.755214 -0.00692856 0.655442 0 
0.0997567 0.224964 0.0154229 0.755214 -0.00692856 0.655442 0 
0.0996994 0.225034 0.0153793 0.755196 -0.00969977 0.655427 0 
0.100078 0.225112 0.0152365 0.811304 -0.134478 0.568947 0 
0.0999226 0.225382 0.0151828 0.811304 -0.134478 0.568947 0 
0.100003 0.225419 0.0151362 0.837191 -0.240291 0.491295 0 
0.1 0.226289 0.0156085 0.840974 -0.470637 0.266951 0 
0.100448 0.225445 0.0152811 0.851679 -0.372123 0.369009 0 
0.100576 0.225396 0.015034 0.84735 -0.415124 0.331166 0 
0.100161 0.226363 0.0155153 0.831527 -0.472707 0.291737 0 
0.100482 0.226511 0.0153289 0.740578 -0.281898 0.609982 0 
0.100715 0.226035 0.014493 0.75339 -0.31003 0.579901 0 
0.100532 0.226526 0.0141384 0.764109 -0.323339 0.558202 0 
0.100902 0.226859 0.014183 0.753992 -0.277787 0.595257 0 
0.10044 0.226942 0.0153826 0.743267 -0.324071 0.585262 0 
0.101047 0.226871 0.0140128 0.77111 -0.308125 0.557179 0 
0.101545 0.227155 0.0138102 0.787561 -0.282512 0.547663 0 
0.101307 0.227016 0.0143614 0.759546 -0.277496 0.588291 0 
0.101901 0.227127 0.0137576 0.798655 -0.309618 0.51603 0 
0.100894 0.227113 0.0143705 0.747723 -0.239836 0.619184 0 
0.100468 0.227792 0.0141759 0.758419 -0.260165 0.59759 0 
0.101279 0.226965 0.0136288 0.780421 -0.300406 0.548361 0 
0.100768 0.227535 0.0140595 0.764544 -0.25695 0.591142 0 
0.101087 0.227311 0.0144313 0.751187 -0.253545 0.609453 0 
0.101262 0.227746 0.0144354 0.76743 -0.263164 0.584633 0 
0.101389 0.227154 0.0133249 0.803046 -0.322809 0.50091 0 
0.101679 0.22745 0.0134162 0.814634 -0.287241 0.503849 0 
0.103517 0.227885 0.0130699 -0.861397 0.349798 -0.368289 0 
0.103411 0.22834 0.0132472 -0.862245 0.257001 -0.436445 0 
0.103967 0.227983 0.0126363 -0.879042 0.307135 -0.364628 0 
0.104107 0.227923 0.0130446 -0.875286 0.315103 -0.366859 0 
0.103715 0.228155 0.0125522 -0.877979 0.322987 -0.353315 0 
0.102714 0.227914 0.0125662 -0.868192 0.313897 -0.384332 0 
0.102763 0.228099 0.0127973 -0.864005 0.269716 -0.425145 0 
0.102955 0.228025 0.0124264 -0.871331 0.306721 -0.38302 0 
0.1029 0.228067 0.0127943 -0.864005 0.269716 -0.425145 0 
0.103036 0.228062 0.0123798 -0.873075 0.306262 -0.379399 0 
0.102557 0.228484 0.0125329 -0.869789 0.255642 -0.422037 0 
0.103142 0.228449 0.0130861 -0.864625 0.246819 -0.437612 0 
0.103141 0.228178 0.0126545 -0.870677 0.27807 -0.405708 0 
0.103294 0.228507 0.0127487 -0.879074 0.237305 -0.413419 0 
0.103002 0.22851 0.0126778 -0.875092 0.247668 -0.415781 0 
0.1034 0.228622 0.0130233 -0.877154 0.218916 -0.427408 0 
0.102819 0.229 0.0123231 -0.886133 0.198388 -0.418819 0 
0.102884 0.229247 0.0126312 -0.884364 0.185643 -0.428295 0 
0.10232 0.229687 0.0120081 -0.888481 0.166681 -0.427573 0 
0.103164 0.229127 0.0134478 -0.871483 0.177824 -0.457051 0 
0.103105 0.229224 0.0129929 -0.88321 0.192513 -0.427644 0 
0.1026 0.229567 0.0128247 -0.879525 0.180003 -0.440494 0 
0.102821 0.229543 0.0131864 -0.879525 0.180003 -0.440494 0 
0.102477 0.22996 0.012925 -0.887313 0.151001 -0.435747 0 
0.102589 0.229849 0.0126008 -0.887313 0.151001 -0.435747 0 
0.103195 0.228436 0.0123069 -0.889101 0.238974 -0.390373 0 
0.103326 0.22903 0.0119331 -0.289783 -0.734865 -0.613188 0 
0.103211 0.228497 0.012384 -0.889101 0.238974 -0.390373 0 
0.103404 0.228695 0.0124447 -0.887895 0.194547 -0.416886 0 
0.103624 0.228672 0.0128065 -0.887895 0.194547 -0.416886 0 
0.103088 0.228891 0.0124842 -0.883133 0.217455 -0.415679 0 
0.102825 0.229616 0.012608 -0.886074 0.163873 -0.433611 0 
0.102556 0.229454 0.0120152 -0.888481 0.166681 -0.427573 0 
0.102782 0.229775 0.0122301 -0.890007 0.147618 -0.431388 0 
0.10261 0.229983 0.0120993 -0.219925 -0.810494 -0.542893 0 
0.103007 0.229824 0.0120132 -0.32066 -0.752503 -0.575254 0 
0.102835 0.230033 0.0118825 -0.906341 0.0982446 -0.410967 0 
0.103485 0.229803 0.0108906 -0.344751 0.829607 0.439203 0 
0.103215 0.229812 0.0117194 -0.912327 0.0745587 -0.402617 0 
0.103268 0.23007 0.0113719 -0.895525 -0.0417463 -0.443049 0 
0.103043 0.23002 0.0115887 -0.912327 0.0745587 -0.402617 0 
0.103073 0.230172 0.0113314 -0.895525 -0.0417463 -0.443049 0 
0.103305 0.230266 0.0109474 -0.40922 0.838823 0.359048 0 
0.103477 0.230058 0.0110781 -0.893371 -0.0418979 -0.447361 0 
0.103578 0.230229 0.01053 -0.489219 0.764098 0.420499 0 
0.10375 0.230292 0.0110923 -0.878175 -0.0707535 -0.473077 0 
0.103595 0.230562 0.0110386 -0.881909 -0.0478555 -0.468984 0 
0.103949 0.230834 0.0110063 -0.892935 0.0390575 -0.448488 0 
0.103423 0.23077 0.0109079 -0.439107 0.802617 0.403721 0 
0.103745 0.230918 0.0107216 -0.44276 0.783345 0.436273 0 
0.103905 0.230993 0.0106284 -0.53418 0.749813 0.390425 0 
0.104347 0.230775 0.00993028 0.330482 0.556177 0.762527 0 
0.104269 0.23071 0.0103883 -0.601485 0.727942 0.329114 0 
0.103803 0.23152 0.0102272 0.146057 0.664034 0.733298 0 
0.104179 0.231227 0.0106426 -0.515893 0.763262 0.388954 0 
0.103732 0.2315 0.0105179 -0.486404 0.783741 0.386214 0 
0.103973 0.231611 0.0103782 0.146057 0.664034 0.733298 0 
0.104387 0.231215 0.0103488 0.24705 0.60897 0.753738 0 
0.104328 0.231583 0.0103255 0.166044 0.656558 0.735772 0 
0.104285 0.231742 0.00994759 -0.0295733 0.747781 0.663286 0 
0.104455 0.231833 0.0100986 -0.0295733 0.747781 0.663286 0 
0.104778 0.231682 0.00989189 -0.0737868 0.756676 0.649613 0 
0.104767 0.231965 0.00966801 -0.154605 0.788033 0.595903 0 
0.104937 0.232056 0.00981901 -0.177841 0.788886 0.588244 0 
0.10518 0.231867 0.00965894 -0.247201 0.800683 0.545708 0 
0.104928 0.232039 0.00957481 -0.247201 0.800683 0.545708 0 
0.105249 0.232187 0.00938843 -0.223382 0.802634 0.553063 0 
0.103876 0.231641 0.00894652 -0.15494 0.777709 0.609231 0 
0.104289 0.231544 0.00893741 -0.177841 0.788886 0.588244 0 
0.104558 0.231977 0.00996185 -0.0439599 0.75299 0.656562 0 
0.104595 0.232173 0.00953734 -0.187527 0.794323 0.577828 0 
0.104576 0.231868 0.00861729 -0.267257 0.804897 0.529825 0 
0.104714 0.232507 0.00807627 -0.791896 0.602308 -0.100628 0 
0.104836 0.232284 0.00939754 -0.254097 0.805939 0.534694 0 
0.105238 0.232469 0.00916455 -0.307973 0.807047 0.503812 0 
0.106741 0.232923 0.00653648 -0.553248 -0.063673 -0.83058 0 
0.105667 0.232162 0.00880083 -0.311321 0.807539 0.500959 0 
0.105401 0.232644 0.00808145 -0.737124 0.675109 -0.0295977 0 
0.105944 0.232469 0.00823651 -0.486487 0.824369 0.289389 0 
0.10536 0.232775 0.0081149 -0.76041 0.644538 -0.0796621 0 
0.10556 0.232617 0.0089782 -0.349242 0.80852 0.47363 0 
0.105437 0.233011 0.0090785 -0.27697 0.815263 0.508561 0 
0.105849 0.232913 0.00906941 -0.33116 0.816015 0.473764 0 
0.105661 0.23306 0.00886169 -0.473265 0.815156 0.333977 0 
0.105345 0.233256 0.00890117 -0.670288 0.735107 0.101648 0 
0.105586 0.233367 0.00876141 -0.632837 0.763871 0.126567 0 
0.105805 0.232801 0.00825985 -0.628766 0.770128 0.107494 0 
0.105991 0.232682 0.00805622 -0.671632 0.740873 0.00415443 0 
0.105966 0.232875 0.0081667 -0.671059 0.741106 0.0210144 0 
0.106255 0.2329 0.00782625 -0.638603 0.769384 0.0153042 0 
0.106361 0.233015 0.00810082 -0.583408 0.803839 0.116094 0 
0.106 0.233099 0.0073308 -0.637262 0.770546 0.0124953 0 
0.10586 0.233602 0.00877567 -0.654859 0.754296 0.0468771 0 
0.106048 0.233455 0.00898336 -0.627998 0.769852 0.113779 0 
0.106037 0.233737 0.00875948 -0.624449 0.777317 0.0764337 0 
0.106278 0.233848 0.00861968 -0.605493 0.792463 0.0733496 0 
0.106448 0.233097 0.00788707 -0.602389 0.796064 0.0583876 0 
0.106609 0.233171 0.00779389 -0.492044 -0.179871 -0.851786 0 
0.106531 0.233506 0.00728225 -0.541947 -0.0934391 -0.835202 0 
0.106678 0.233491 0.0075234 -0.541947 -0.0934391 -0.835202 0 
0.106635 0.23365 0.00714551 -0.556136 -0.0549096 -0.829276 0 
0.106463 0.233858 0.00701482 -0.553709 -0.0490628 -0.831264 0 
0.10625 0.233798 0.00788713 -0.539069 0.82437 0.172682 0 
0.106887 0.233478 0.00722962 -0.556136 -0.0549096 -0.829276 0 
0.106704 0.233969 0.006875 0.476193 -0.839887 -0.260442 0 
0.106784 0.234006 0.00682842 0.478571 -0.838653 -0.260059 0 
0.107149 0.233995 0.00701996 0.478571 -0.838653 -0.260059 0 
0.107277 0.233946 0.00677276 0.55659 -0.823986 -0.106086 0 
0.106994 0.234265 0.00696625 0.540796 -0.830979 -0.130436 0 
0.107358 0.233983 0.00672614 0.552207 -0.826124 -0.11219 0 
0.10784 0.234205 0.00644656 0.650127 -0.756799 0.0677515 0 
0.107829 0.234488 0.00622267 0.635691 -0.771005 0.0380569 0 
0.10815 0.234636 0.00603624 0.650262 -0.759338 0.023773 0 
0.108483 0.234501 0.00607376 0.652933 -0.756841 0.0294873 0 
0.107201 0.234824 0.00712438 0.539611 -0.830736 -0.136741 0 
0.107442 0.234935 0.00698461 0.648918 -0.756345 0.0827479 0 
0.10772 0.235242 0.00642026 0.640541 -0.767241 0.032379 0 
0.108065 0.235497 0.00614373 0.624185 -0.781265 -0.00413368 0 
0.108145 0.235534 0.00609712 0.623803 -0.781483 -0.0124484 0 
0.10801 0.235538 0.00651149 0.636234 -0.771485 0.00414035 0 
0.108178 0.235657 0.00625116 0.629885 -0.776628 -0.00969054 0 
0.108793 0.234932 0.00566352 0.633858 -0.773167 -0.0208964 0 
0.108568 0.235853 0.00536264 0.663518 -0.747685 -0.0266529 0 
0.108386 0.235645 0.00595738 0.633858 -0.773167 -0.0208964 0 
0.108419 0.235768 0.00611135 0.633858 -0.773167 -0.0208964 0 
0.108685 0.235686 0.00586113 0.654592 -0.755513 -0.0266322 0 
0.108497 0.235833 0.00565346 0.654592 -0.755513 -0.0266322 0 
0.108212 0.235881 0.00541534 0.646613 -0.76213 -0.0324011 0 
0.108809 0.235964 0.00522287 0.664563 -0.746399 -0.0352741 0 
0.109033 0.235742 0.00457439 0.638944 -0.764113 -0.0887826 0 
0.108705 0.235821 0.0053596 0.663518 -0.747685 -0.0266529 0 
0.109055 0.235977 0.00308298 0.627025 -0.773184 -0.0950038 0 
0.109047 0.235261 0.00378811 0.643509 -0.760245 -0.0890115 0 
0.108956 0.235506 0.00361086 0.664001 -0.744661 -0.0676964 0 
0.109369 0.235409 0.00360175 0.631386 -0.770726 -0.0856362 0 
0.109131 0.235941 0.00361493 0.601472 -0.791719 -0.106831 0 
0.109356 0.235991 0.00339816 0.652717 -0.755552 -0.0557023 0 
0.10941 0.235678 0.00259871 0.6939 -0.719338 0.0325045 0 
0.109597 0.236102 0.00325833 0.649267 -0.759601 -0.0381922 0 
0.109668 0.236122 0.0029676 0.700712 -0.712082 0.044061 0 
0.109903 0.23646 0.00342663 0.627778 -0.777316 -0.0409114 0 
0.10961 0.236362 0.00434554 0.687381 -0.726264 -0.00694325 0 
0.110071 0.23645 0.00456746 0.678632 -0.734372 -0.0125415 0 
0.110459 0.236546 0.00466882 0.696771 -0.716557 0.0325065 0 
0.110336 0.236668 0.00433753 0.652485 -0.75777 -0.0069266 0 
0.11027 0.236992 0.00448137 0.677098 -0.735733 0.0153569 0 
0.110634 0.236709 0.00424133 0.596968 -0.798355 -0.0791162 0 
0.110625 0.236964 0.00442883 0.637493 -0.769776 -0.0323672 0 
0.110875 0.23682 0.00410156 0.590642 -0.803331 -0.0761655 0 
0.111116 0.236931 0.00396173 0.619516 -0.784534 -0.0265707 0 
0.111107 0.237186 0.0041492 0.606005 -0.794415 -0.0407753 0 
0.110786 0.237038 0.00433559 0.561217 -0.819114 -0.118691 0 
0.111358 0.237714 0.003284 0.705483 -0.651092 0.279953 0 
0.111268 0.23726 0.00405605 0.660894 -0.749013 0.0469021 0 
0.111321 0.237518 0.00370853 0.738352 -0.613965 0.279075 0 
0.111005 0.237714 0.00374799 0.72571 -0.650798 0.223175 0 
0.111246 0.237825 0.00360822 0.703634 -0.681984 0.199492 0 
0.111356 0.238013 0.00330428 0.6997 -0.617768 0.358863 0 
0.110206 0.237416 0.00363545 0.653294 -0.756814 0.0209837 0 
0.110463 0.237589 0.00357264 0.720786 -0.658515 0.216392 0 
0.11034 0.237982 0.00367297 0.733999 -0.619362 0.278633 0 
0.110704 0.2377 0.00343287 0.738352 -0.613965 0.279075 0 
0.110581 0.238093 0.0035332 0.696305 -0.69323 0.185989 0 
0.110945 0.237811 0.00329307 0.704552 -0.670031 0.233805 0 
0.111015 0.23813 0.00302257 0.651474 -0.73464 0.189436 0 
0.110964 0.238245 0.00281187 0.655806 -0.729873 0.192884 0 
0.111087 0.238251 0.00174194 0.659817 -0.716238 0.227253 0 
0.111597 0.238124 0.00316449 0.715583 -0.566848 0.408196 0 
0.111239 0.23818 0.00280582 0.655806 -0.729873 0.192884 0 
0.11148 0.238291 0.00266597 0.709862 -0.618896 0.33625 0 
0.111242 0.238552 0.00224759 0.709862 -0.618896 0.33625 0 
0.111254 0.238541 0.00290307 0.709862 -0.618896 0.33625 0 
0.111798 0.238366 0.00305817 0.704864 -0.504903 0.498237 0 
0.111798 0.238366 0.00305817 0.704864 -0.504903 0.498237 0 
0.111463 0.238529 0.00260931 0.708245 -0.620325 0.337027 0 
0.111876 0.238703 0.00303183 0.691395 -0.527335 0.493853 0 
0.111311 0.238871 0.00197707 0.71621 -0.588374 0.375314 0 
0.111752 0.238825 0.00270052 0.716412 -0.571482 0.400202 0 
0.111915 0.238871 0.00301869 0.687346 -0.526798 0.50004 0 
0.111581 0.239033 0.00256982 0.716412 -0.571482 0.400202 0 
0.114193 0.241857 -0.00141155 0.801028 0.541826 0.254518 0 
0.115101 0.2418 -0.00246613 0.917215 -0.388419 -0.0885869 0 
0.115263 0.242417 -0.00169607 0.84606 -0.490141 -0.20963 0 
0.11432 0.242378 -0.0012068 0.708068 0.640633 0.297035 0 
0.114357 0.242574 -0.00163132 0.513624 0.719739 0.467082 0 
0.114983 0.242538 -0.00251278 0.869502 -0.478585 -0.122161 0 
0.114806 0.242402 -0.00249657 0.869502 -0.478585 -0.122161 0 
0.114398 0.242843 -0.00263435 0.869502 -0.478585 -0.122161 0 
0.114827 0.242536 -0.00299805 0.685763 -0.0153633 0.727663 0 
0.115034 0.242695 -0.00187036 0.853341 -0.486985 -0.186156 0 
0.114549 0.243471 -0.00251976 0.454185 0.310594 0.835014 0 
0.11469 0.243112 -0.00213175 0.855439 -0.499856 -0.135529 0 
0.114728 0.243579 -0.00212461 0.454185 0.310594 0.835014 0 
0.114547 0.243371 -0.00152992 0.883966 -0.454005 -0.111733 0 
0.114642 0.243769 -0.00147923 0.906152 -0.418537 -0.0609519 0 
0.115161 0.242945 -0.00209723 0.855439 -0.499856 -0.135529 0 
0.114855 0.243829 -0.00235151 0.914405 -0.156393 0.37337 0 
0.115145 0.243554 -0.00271223 0.905337 -0.411769 0.103982 0 
0.114857 0.243801 -0.00194018 0.700453 0.0800934 0.70919 0 
0.114368 0.243663 -0.00289466 0.933019 -0.3477 0.0926306 0 
0.114397 0.243814 -0.00315204 0.249715 0.364968 0.896906 0 
0.114641 0.243897 -0.00288043 0.252085 0.361175 0.897778 0 
0.115863 0.244786 -0.00307073 -0.352023 -0.271815 -0.895654 0 
0.115981 0.24529 -0.00311018 -0.342759 -0.263321 -0.901764 0 
0.116223 0.245401 -0.00324995 -0.34588 -0.257571 -0.902233 0 
0.115694 0.245366 -0.00375963 -0.404739 -0.229797 -0.885088 0 
0.116012 0.245713 -0.00293588 -0.33576 -0.26245 -0.904646 0 
0.116656 0.245438 -0.00376056 -0.416089 -0.244847 -0.87574 0 
0.116446 0.24575 -0.00344649 -0.323919 -0.268223 -0.907267 0 
0.116629 0.24593 -0.00362988 -0.361203 -0.23544 -0.902275 0 
0.116934 0.245745 -0.00432485 -0.4576 -0.152533 -0.875977 0 
0.11674 0.246119 -0.00393374 -0.409376 -0.175033 -0.895419 0 
0.11694 0.246361 -0.00404014 -0.411784 -0.162131 -0.896743 0 
0.116654 0.246708 -0.00425795 -0.386357 -0.139088 -0.911802 0 
0.116253 0.245824 -0.00307567 -0.311525 -0.279349 -0.908249 0 
0.117218 0.246268 -0.00363483 -0.40681 -0.165311 -0.898431 0 
0.117165 0.24641 -0.00425689 -0.438445 -0.14519 -0.886953 0 
0.117154 0.246693 -0.00448078 -0.452031 -0.148752 -0.879512 0 
0.117748 0.246804 -0.00508461 -0.582523 -0.327568 -0.743886 0 
0.118085 0.247014 -0.00519393 -0.594744 -0.37192 -0.71271 0 
0.115365 0.246272 -0.00532502 -0.449859 -0.127103 -0.884009 0 
0.115547 0.246623 -0.00408682 -0.356045 -0.195896 -0.913705 0 
0.115346 0.24668 -0.0039602 -0.416984 -0.204808 -0.885538 0 
0.115227 0.247147 -0.00443841 -0.363757 -0.119422 -0.923807 0 
0.114957 0.247555 -0.00457922 -0.394799 -0.133473 -0.909021 0 
0.115522 0.247387 -0.00352441 -0.356996 -0.130945 -0.924882 0 
0.115496 0.247308 -0.00384559 -0.356996 -0.130945 -0.924882 0 
0.115533 0.247504 -0.00427013 -0.332582 -0.120816 -0.935303 0 
0.115671 0.247743 -0.0038415 -0.332582 -0.120816 -0.935303 0 
0.115908 0.247782 -0.00340274 -0.317128 -0.0968634 -0.943423 0 
0.115775 0.247887 -0.00397822 -0.345002 -0.109589 -0.932182 0 
0.116101 0.247979 -0.00334193 -0.317128 -0.0968634 -0.943423 0 
0.116285 0.24816 -0.00352532 -0.317305 -0.137544 -0.938296 0 
0.115897 0.248064 -0.00362667 -0.317128 -0.0968634 -0.943423 0 
0.116171 0.248299 -0.00361244 -0.345002 -0.109589 -0.932182 0 
0.115999 0.248507 -0.0037431 -0.364626 -0.0874564 -0.927038 0 
0.116998 0.246963 -0.00453451 -0.43733 -0.144821 -0.887564 0 
0.117128 0.247856 -0.00488802 -0.551699 -0.265633 -0.790612 0 
0.117911 0.248092 -0.00485241 -0.582821 -0.364059 -0.726485 0 
0.117912 0.248363 -0.00442078 -0.545264 -0.318204 -0.775522 0 
0.117874 0.248296 -0.00539751 -0.713975 -0.318941 -0.623311 0 
0.118299 0.248188 -0.00475107 -0.5941 -0.361697 -0.718485 0 
0.118508 0.249017 -0.00416129 -0.780111 0.610068 -0.13872 0 
0.118732 0.249067 -0.0043781 -0.840909 0.526114 -0.126792 0 
0.117838 0.249342 -0.00505899 -0.869171 0.360238 -0.338777 0 
0.11912 0.248891 -0.00470832 -0.922545 0.226715 -0.312268 0 
0.118716 0.249405 -0.00542469 -0.825279 0.557388 -0.0907375 0 
0.119032 0.248938 -0.00589588 -0.939945 0.336716 -0.0559027 0 
0.119174 0.24942 -0.00462417 -0.777427 0.625664 -0.0644277 0 
