0.117589 0.237929 0.0134165 -0.703654 0.176297 0.688324 2 
0.117672 0.238076 0.0131307 -0.705197 0.175917 0.686841 2 
0.117411 0.239019 0.0129787 -0.705858 0.126845 0.696904 2 
0.117944 0.238455 0.0128444 -0.718192 0.15271 0.678881 2 
0.117533 0.238231 0.0128201 -0.691228 0.189357 0.697386 2 
0.117858 0.238524 0.0124348 -0.718192 0.15271 0.678881 2 
0.117488 0.238869 0.0126444 -0.705858 0.126845 0.696904 2 
0.11722 0.237539 0.0125493 -0.662894 0.20958 0.718782 2 
0.117585 0.238145 0.0127211 -0.691228 0.189357 0.697386 2 
0.117497 0.237958 0.0126349 -0.683033 0.213156 0.698592 2 
0.117554 0.238642 0.0123722 -0.683471 0.165921 0.710871 2 
0.117436 0.238223 0.0124727 -0.66931 0.209645 0.712792 2 
0.117283 0.238519 0.0123353 -0.670158 0.159561 0.724865 2 
0.117469 0.237981 0.0124983 -0.681385 0.203329 0.703115 2 
0.117352 0.237818 0.0122756 -0.663998 0.202759 0.719719 2 
0.117097 0.238068 0.012225 -0.659689 0.189141 0.727349 2 
0.117421 0.238105 0.012163 -0.673931 0.189688 0.714028 2 
0.117128 0.238301 0.0120382 -0.638374 0.179112 0.748597 2 
0.117214 0.237243 0.0125005 -0.663998 0.202759 0.719719 2 
0.116371 0.237629 0.0125237 -0.633593 0.198865 0.747671 2 
0.117011 0.238137 0.0118154 -0.615156 0.188689 0.765493 2 
0.116157 0.23819 0.0122241 -0.571215 0.150634 0.80686 2 
0.11659 0.237836 0.0118534 -0.603724 0.177924 0.777085 2 
0.115764 0.238854 0.0123458 -0.544893 0.162722 0.822565 2 
0.115921 0.23834 0.0123723 -0.579095 0.154126 0.800558 2 
0.117508 0.239024 0.0125199 -0.705858 0.126845 0.696904 2 
0.11603 0.239928 0.0127642 -0.504623 0.207607 0.838007 2 
0.117391 0.238861 0.012297 -0.664686 0.152923 0.731305 2 
0.117122 0.238994 0.0119368 -0.627839 0.152067 0.763344 2 
0.116916 0.239376 0.0118983 -0.619239 0.14244 0.772175 2 
0.11653 0.239348 0.0121214 -0.583837 0.16444 0.795044 2 
0.116725 0.238888 0.0122222 -0.598461 0.168175 0.783302 2 
0.116405 0.238632 0.0121732 -0.604055 0.165018 0.779671 2 
0.116314 0.238664 0.0121979 -0.590603 0.164644 0.789988 2 
0.116741 0.239003 0.0117256 -0.555273 0.170043 0.814099 2 
0.116491 0.239293 0.0120471 -0.52582 0.185318 0.830163 2 
0.116622 0.238583 0.0118262 -0.610739 0.165187 0.77441 2 
0.115783 0.239742 0.0124918 -0.244303 0.272546 0.93061 2 
0.116089 0.239147 0.0119605 -0.502288 0.187421 0.844144 2 
0.115468 0.239527 0.0128149 -0.413769 0.223939 0.88241 2 
0.115022 0.235329 0.0116868 -0.467099 0.0911754 0.879492 2 
0.115027 0.235367 0.0112526 -0.524841 0.205372 0.826054 2 
0.115163 0.235427 0.010868 -0.524841 0.205372 0.826054 2 
0.114966 0.235631 0.0110905 -0.487607 0.122261 0.86446 2 
0.114888 0.235522 0.010942 -0.410506 0.903674 -0.121891 2 
0.114776 0.235401 0.0118973 -0.467099 0.0911754 0.879492 2 
0.11463 0.235261 0.011538 -0.312906 0.912523 -0.263424 2 
0.114816 0.235712 0.0116483 -0.475495 0.112805 0.872456 2 
0.114699 0.235548 0.0114255 -0.380774 0.900145 -0.211541 2 
0.114613 0.235617 0.0110159 -0.315837 0.906378 -0.280581 2 
0.114534 0.235252 0.0111907 -0.388499 0.920544 -0.0408253 2 
0.114456 0.235143 0.0110422 -0.45315 0.885125 0.105876 2 
0.114517 0.235609 0.0106685 -0.297162 0.914678 -0.273969 2 
0.114212 0.235471 0.0109293 -0.440378 0.89326 0.0902984 2 
0.11437 0.235213 0.0106326 -0.462364 0.87749 0.127401 2 
0.109819 0.232547 0.00689274 0.745297 -0.637283 -0.195968 2 
0.109703 0.232383 0.00666991 0.729873 -0.655806 -0.192884 2 
0.109625 0.232274 0.0065214 0.709306 -0.681731 -0.179242 2 
0.109733 0.232616 0.00648314 0.729873 -0.655806 -0.192884 2 
0.109616 0.232452 0.00626034 0.702174 -0.696134 -0.149495 2 
0.109381 0.232602 0.00640856 0.705958 -0.690776 -0.156373 2 
0.109234 0.233197 0.00712599 0.74711 -0.636199 -0.192554 2 
0.109156 0.233088 0.00697748 0.735681 -0.649312 -0.192789 2 
0.108923 0.232761 0.00653185 0.702174 -0.696134 -0.149495 2 
0.109326 0.233163 0.00629511 0.726382 -0.665213 -0.172802 2 
0.109441 0.233068 0.00603499 0.714909 -0.681516 -0.156339 2 
0.109228 0.232898 0.00627111 0.702174 -0.696134 -0.149495 2 
0.109031 0.233102 0.00649361 0.708615 -0.687372 -0.159325 2 
0.109612 0.232412 0.00588834 0.694745 -0.706749 -0.133547 2 
0.109483 0.231915 0.00605111 0.685999 -0.71589 -0.130026 2 
0.10955 0.231688 0.00577898 0.681736 -0.723143 -0.110911 2 
0.109276 0.232042 0.00633585 0.691521 -0.706653 -0.149804 2 
0.1095 0.232289 0.00603753 0.693895 -0.708817 -0.126841 2 
0.109422 0.23218 0.00588898 0.685999 -0.71589 -0.130026 2 
0.109403 0.23228 0.0056902 0.669398 -0.736778 -0.0952098 2 
0.109259 0.232398 0.00581375 0.669398 -0.736778 -0.0952098 2 
0.109266 0.231962 0.00559193 0.683205 -0.719085 -0.127073 2 
0.108992 0.232057 0.0056659 0.674959 -0.720462 -0.15926 2 
0.108809 0.23212 0.00571521 0.67445 -0.720124 -0.162903 2 
0.108965 0.231606 0.00574175 0.671736 -0.717851 -0.182921 2 
0.108884 0.231715 0.00570409 0.671356 -0.717444 -0.18589 2 
0.108737 0.231319 0.00566806 0.667081 -0.722288 -0.182489 2 
0.108767 0.231551 0.00548133 0.650054 -0.748683 -0.130011 2 
0.108767 0.232542 0.00623482 0.693838 -0.702947 -0.156379 2 
0.108618 0.23262 0.00598636 0.683457 -0.713765 -0.153058 2 
0.108442 0.232247 0.00581385 0.671356 -0.717444 -0.18589 2 
0.108182 0.231469 0.00544406 0.637335 -0.757304 -0.142463 2 
0.109367 0.23274 0.00577553 0.701318 -0.698301 -0.14328 2 
0.10953 0.232522 0.00585076 0.694745 -0.706749 -0.133547 2 
0.109255 0.232617 0.00592473 0.693895 -0.708817 -0.126841 2 
0.109178 0.232508 0.00577621 0.669398 -0.736778 -0.0952098 2 
0.105335 0.228668 0.00373973 0.812851 -0.535217 -0.229819 2 
0.105218 0.228504 0.00351696 0.815686 -0.502563 -0.286508 2 
0.105149 0.228217 0.00362946 0.816191 -0.514589 -0.262736 2 
0.105454 0.228355 0.00336865 0.815686 -0.502563 -0.286508 2 
0.10534 0.228706 0.00330549 0.81643 -0.489229 -0.306751 2 
0.105327 0.228114 0.00320815 0.824523 -0.469586 -0.315675 2 
0.105062 0.228286 0.00321989 0.824283 -0.46494 -0.323094 2 
0.105015 0.22841 0.00288454 0.84067 -0.424249 -0.336581 2 
0.105448 0.228056 0.0025138 0.841875 -0.45117 -0.296129 2 
0.105173 0.228151 0.00258777 0.84931 -0.411457 -0.330719 2 
0.105037 0.228091 0.00297241 0.839314 -0.439194 -0.320408 2 
0.103199 0.227704 0.00556499 0.980967 -0.131041 -0.143287 2 
0.10393 0.228911 0.00429639 0.834722 -0.493454 -0.244421 2 
0.104838 0.228772 0.00378878 0.815263 -0.508561 -0.27697 2 
0.104973 0.228832 0.00340413 0.824127 -0.458549 -0.332487 2 
0.104776 0.229036 0.00362666 0.81643 -0.489229 -0.306751 2 
0.10471 0.228272 0.00314528 0.839269 -0.41885 -0.346689 2 
0.104808 0.228537 0.00316928 0.835862 -0.413996 -0.360475 2 
0.103587 0.228719 0.00448284 0.850742 -0.488915 -0.192875 2 
0.104336 0.227847 0.00351857 0.866765 -0.38199 -0.320626 2 
0.105593 0.229918 0.00309093 0.842645 -0.293296 -0.451583 2 
0.105116 0.229189 0.00306821 0.829084 -0.434282 -0.352163 2 
0.105329 0.229358 0.0028321 0.841231 -0.390068 -0.374403 2 
0.105359 0.229591 0.00264536 0.86618 -0.288727 -0.407884 2 
0.105031 0.229514 0.00233532 0.875526 -0.250794 -0.412984 2 
0.104852 0.228629 0.00280933 0.841675 -0.432549 -0.323241 2 
0.104929 0.228479 0.00247495 0.859696 -0.365795 -0.356535 2 
0.104766 0.228698 0.00239976 0.867288 -0.3331 -0.369941 2 
0.105256 0.228298 0.00230207 0.85741 -0.403214 -0.319791 2 
0.105323 0.228071 0.00202996 0.901005 -0.217585 -0.375297 2 
0.105068 0.228321 0.00197941 0.899723 -0.155914 -0.407664 2 
0.104904 0.228284 0.00222749 0.877087 -0.317697 -0.360259 2 
0.104863 0.228704 0.00194089 0.892919 -0.193733 -0.406402 2 
0.104951 0.228158 0.00175661 0.9128 -0.109094 -0.393567 2 
0.105142 0.22964 0.00299232 0.839343 -0.38751 -0.381234 2 
0.104782 0.229074 0.00319239 0.829655 -0.425099 -0.361888 2 
0.104812 0.229307 0.00300561 0.840311 -0.391098 -0.375391 2 
0.104838 0.228769 0.00298256 0.834614 -0.419665 -0.356793 2 
0.104868 0.229002 0.0027958 0.845797 -0.395539 -0.358018 2 
0.104695 0.229143 0.00278281 0.847921 -0.38258 -0.366964 2 
0.104638 0.229189 0.00250979 0.862751 -0.33372 -0.379857 2 
0.104556 0.229299 0.00247213 0.865373 -0.313985 -0.390567 2 
0.104588 0.22979 0.00276832 0.854582 -0.33656 -0.395496 2 
0.105193 0.230028 0.00268105 0.864118 -0.243648 -0.440382 2 
0.104893 0.229928 0.00250755 0.873469 -0.242046 -0.422452 2 
0.104948 0.229367 0.002621 0.854344 -0.364375 -0.370577 2 
0.104512 0.229937 0.00229649 0.880853 -0.214662 -0.421921 2 
0.104732 0.228683 0.00269748 0.855224 -0.377168 -0.355438 2 
0.104526 0.229066 0.00265895 0.869122 -0.316183 -0.380336 2 
0.104501 0.228871 0.00241145 0.873377 -0.299227 -0.384286 2 
0.10443 0.229057 0.00231159 0.875279 -0.279666 -0.394556 2 
0.104354 0.228474 0.00237547 0.884609 -0.267927 -0.381684 2 
0.104284 0.228917 0.00195231 0.901588 -0.122368 -0.414927 2 
0.104577 0.229454 0.0023476 0.860091 -0.318495 -0.398504 2 
0.104257 0.229198 0.00229867 0.876398 -0.273026 -0.396717 2 
0.104421 0.228247 0.00210334 0.900247 -0.207973 -0.382496 2 
0.104052 0.228582 -0.000911996 -0.91613 -0.174164 0.361071 2 
0.104045 0.229019 -0.000690103 -0.919025 -0.122997 0.37452 2 
0.104203 0.22876 -0.000986919 -0.91613 -0.174164 0.361071 2 
0.103959 0.229088 -0.00109972 -0.925427 -0.0406925 0.376734 2 
0.103842 0.228924 -0.00132255 -0.930216 -0.0511685 0.363427 2 
0.103805 0.229126 -0.00172009 -0.935306 0.016588 0.353451 2 
0.102968 0.229083 0.000499859 -0.826925 0.338646 0.448902 2 
0.103385 0.229344 8.98838e-005 -0.896606 0.095916 0.432317 2 
0.103297 0.230146 -4.91291e-005 -0.924238 0.0326817 0.380415 2 
0.103053 0.230474 -0.000161931 -0.920235 0.0546015 0.387538 2 
0.103372 0.229741 -6.01858e-005 -0.889997 0.129583 0.437166 2 
0.103415 0.229577 -9.68575e-005 -0.893566 0.117166 0.433373 2 
0.103368 0.229701 -0.000432193 -0.864213 0.197832 0.462599 2 
0.103628 0.228758 -0.000280201 -0.887494 0.126785 0.443035 2 
0.10374 0.228881 -0.000429377 -0.881749 0.136205 0.451627 2 
0.103561 0.228985 -8.09133e-006 -0.893333 0.113953 0.434708 2 
0.1035 0.229249 -0.000170186 -0.888502 0.117617 0.443543 2 
0.103475 0.229054 -0.00041768 -0.883907 0.11776 0.452594 2 
0.103786 0.228499 -0.000577003 -0.854146 0.222229 0.470158 2 
0.103532 0.228749 -0.000627518 -0.812061 0.301172 0.499851 2 
0.103256 0.228847 0.000252679 -0.813279 0.364464 0.45359 2 
0.103709 0.229378 -0.000778273 -0.921508 -0.00384496 0.388341 2 
0.103719 0.229456 -0.000840575 -0.916595 0.0328764 0.398462 2 
0.103512 0.229583 -0.000555754 -0.86719 0.188262 0.461019 2 
0.103475 0.229784 -0.000953332 -0.920038 0.0435599 0.389399 2 
0.103562 0.228982 -0.000814334 -0.861549 0.172901 0.477325 2 
0.103389 0.229123 -0.000827268 -0.860614 0.185797 0.474155 2 
0.103602 0.229293 -0.00106335 -0.881749 0.136205 0.451627 2 
0.103675 0.229361 -0.00128677 -0.919193 0.0408823 0.391679 2 
0.103487 0.229387 -0.000803262 -0.861852 0.182457 0.473203 2 
0.103439 0.229511 -0.00113854 -0.880276 0.151772 0.449533 2 
0.103358 0.22962 -0.0011761 -0.885075 0.142014 0.443255 2 
0.103347 0.229545 -0.000307664 -0.883455 0.145561 0.445331 2 
0.102779 0.229836 -0.000358522 -0.835971 0.250945 0.488035 2 
0.102984 0.229195 -0.000802889 -0.652425 0.46458 0.598755 2 
0.102978 0.229888 -0.000904322 -0.834563 0.217382 0.506211 2 
0.103547 0.228864 -0.00112404 -0.840181 0.207396 0.501081 2 
0.103569 0.229275 -0.00157185 -0.93048 0.0404557 0.364101 2 
0.102896 0.229009 -0.000889167 -0.599154 0.51139 0.616031 2 
0.102906 0.229086 -0.000951439 -0.582177 0.514678 0.629426 2 
0.103048 0.229443 -0.00128736 -0.754853 0.295238 0.585689 2 
0.102179 0.228647 -0.000652745 -0.455221 0.698672 0.551934 2 
0.103414 0.230307 -0.000632554 -0.918458 0.0518377 0.392106 2 
0.103241 0.230448 -0.000645474 -0.922634 0.0489777 0.382555 2 
0.102909 0.230589 -0.000844553 -0.928107 0.0245942 0.371502 2 
0.103339 0.229721 -0.00137492 -0.936463 0.0269025 0.349733 2 
0.103337 0.230198 -0.000781074 -0.918458 0.0518377 0.392106 2 
0.103164 0.230339 -0.000794053 -0.922921 0.0544457 0.38112 2 
0.103312 0.230003 -0.00102854 -0.91887 0.0546788 0.390753 2 
0.103115 0.230207 -0.000805974 -0.888097 0.126465 0.441917 2 
0.102986 0.23044 -0.00117898 -0.930106 0.0218697 0.366639 2 
0.103006 0.230595 -0.00130348 -0.700985 -0.3975 -0.592126 2 
0.103273 0.229948 -0.00110279 -0.91749 0.0547556 0.393973 2 
0.103195 0.229839 -0.00125133 -0.871588 0.140206 0.469762 2 
0.103205 0.229917 -0.00131363 -0.933257 0.0402378 0.356948 2 
0.102881 0.22988 -0.00125165 -0.605251 0.347489 0.716186 2 
0.10277 0.229756 -0.00110249 -0.65002 0.376847 0.659894 2 
0.103725 0.230482 -0.00132754 -0.894424 0.114092 0.432422 2 
0.103549 0.231097 -0.00155285 -0.899204 0.174086 0.401405 2 
0.102289 0.230234 -0.00106701 -0.108535 0.444008 0.889425 2 
0.102731 0.23069 -0.00122947 -0.962496 -0.225932 -0.150186 2 
0.103353 0.22958 -0.00154814 -0.952288 0.00864594 0.305078 2 
0.103078 0.229675 -0.00147414 -0.985403 -0.152969 -0.0747057 2 
0.102712 0.229802 -0.0013755 -0.017309 0.459354 0.888085 2 
0.102844 0.230081 -0.00164926 -0.0360539 0.42597 0.904019 2 
0.102595 0.229639 -0.00159833 -0.0985288 0.423257 0.900636 2 
0.11694 0.240304 0.0124162 -0.608211 0.171391 0.775052 1 
0.11632 0.241667 0.0116053 0.263312 0.475809 0.83921 1 
0.115858 0.241785 0.0113567 0.294256 0.46863 0.832946 1 
0.115583 0.241881 0.0114306 0.280838 0.476339 0.833205 1 
0.116665 0.241857 0.0106126 0.30326 0.482388 0.821788 1 
0.116468 0.242061 0.0108352 0.291941 0.482406 0.825866 1 
0.116163 0.241923 0.0110959 0.280838 0.476339 0.833205 1 
0.115881 0.243441 0.0105328 0.286224 0.498938 0.818008 1 
0.116119 0.242817 0.0105969 0.307541 0.490488 0.815377 1 
0.115911 0.242685 0.0103987 0.307541 0.490488 0.815377 1 
0.116078 0.243237 0.0103102 0.286224 0.498938 0.818008 1 
0.116996 0.243176 0.00974038 0.286224 0.498938 0.818008 1 
0.117248 0.2434 0.00957857 0.313059 0.479814 0.819617 1 
0.116846 0.243253 0.00949194 0.313391 0.483473 0.817337 1 
0.116649 0.243458 0.0097145 0.313391 0.483473 0.817337 1 
0.116449 0.243878 0.00924169 0.313059 0.479814 0.819617 1 
0.116505 0.244306 0.00930233 0.290394 0.458108 0.840124 1 
0.115886 0.244209 0.00956282 0.313059 0.479814 0.819617 1 
0.115533 0.244195 0.00948831 0.313059 0.479814 0.819617 1 
0.115752 0.244404 0.00962417 0.313059 0.479814 0.819617 1 
0.11623 0.240236 0.0118951 0.0885869 0.388419 0.917215 1 
0.115839 0.240167 0.0117463 0.0730555 0.357308 0.931125 1 
0.116016 0.240797 0.0115955 0.17762 0.447719 0.876355 1 
0.115847 0.240719 0.0114717 0.17762 0.447719 0.876355 1 
0.115832 0.24159 0.0111092 0.291074 0.465408 0.835866 1 
0.115863 0.241823 0.0109224 0.288129 0.471908 0.833237 1 
0.115568 0.241763 0.0111209 0.288129 0.471908 0.833237 1 
0.115313 0.242013 0.0110703 0.333243 0.465908 0.819682 1 
0.115451 0.241599 0.0108981 0.294256 0.46863 0.832946 1 
0.11536 0.241631 0.0109228 0.280838 0.476339 0.833205 1 
0.115027 0.241772 0.0107236 0.329575 0.465189 0.821571 1 
0.115236 0.241904 0.0109218 0.329575 0.465189 0.821571 1 
0.115184 0.242246 0.0106974 0.317859 0.485485 0.814414 1 
0.115628 0.242959 0.0102116 0.286224 0.498938 0.818008 1 
0.117174 0.243072 0.00931908 0.313059 0.479814 0.819617 1 
0.11635 0.243357 0.009541 0.309417 0.479047 0.821447 1 
0.116573 0.243604 0.00924264 0.313059 0.479814 0.819617 1 
0.115861 0.244013 0.00931536 0.313059 0.479814 0.819617 1 
0.115103 0.241628 0.0120017 0.281451 0.483599 0.828805 1 
0.115022 0.241737 0.0119641 0.274698 0.479558 0.833406 1 
0.115473 0.243729 0.00986187 0.313059 0.479814 0.819617 1 
0.115209 0.24489 0.00982077 0.313059 0.479814 0.819617 1 
0.115375 0.244453 0.00978506 0.313059 0.479814 0.819617 1 
0.115336 0.244399 0.00971076 0.313059 0.479814 0.819617 1 
0.115062 0.244494 0.00978476 0.313059 0.479814 0.819617 1 
0.115367 0.244632 0.00952396 0.313059 0.479814 0.819617 1 
0.115111 0.244626 0.00979677 0.313059 0.479814 0.819617 1 
0.114836 0.244721 0.00987072 0.313059 0.479814 0.819617 1 
0.114561 0.244816 0.00994471 0.323094 0.46494 0.824283 1 
0.114581 0.244971 0.00982018 0.311772 0.459041 0.831913 1 
0.114971 0.242077 0.0109335 0.324168 0.475973 0.817536 1 
0.114764 0.242203 0.0112183 0.317859 0.485485 0.814414 1 
0.114682 0.242313 0.0111807 0.306751 0.489229 0.81643 1 
0.114763 0.241945 0.0107354 0.320848 0.478901 0.817135 1 
0.114586 0.242304 0.0108334 0.311017 0.497311 0.809907 1 
0.114504 0.243144 0.0102601 0.309417 0.479047 0.821447 1 
0.114197 0.24348 0.0103085 0.313059 0.479814 0.819617 1 
0.114011 0.243029 0.0101982 0.312722 0.476154 0.821877 1 
0.115139 0.243614 0.00998606 0.313059 0.479814 0.819617 1 
0.114864 0.24371 0.01006 0.313059 0.479814 0.819617 1 
0.11462 0.244037 0.00994723 0.313059 0.479814 0.819617 1 
0.114345 0.244133 0.0100212 0.313059 0.479814 0.819617 1 
0.11406 0.24415 0.0101574 0.313059 0.479814 0.819617 1 
0.114728 0.245368 0.00985621 0.311098 0.419441 0.852811 1 
0.115003 0.245273 0.00978222 0.299414 0.44214 0.845496 1 
0.128545 0.237342 0.0134986 -0.848852 0.324333 -0.417443 1 
0.128382 0.237561 0.0134234 -0.872048 0.258441 -0.415621 1 
0.128959 0.2361 0.0129818 -0.72302 0.589188 -0.360694 1 
0.12912 0.236356 0.0128447 -0.732125 0.592518 -0.336031 1 
0.128272 0.236704 0.013302 -0.731782 0.564798 -0.381443 1 
0.128953 0.236793 0.0128804 -0.771377 0.501801 -0.391373 1 
0.12852 0.237147 0.0132511 -0.828539 0.361401 -0.427684 1 
0.128429 0.237178 0.0132758 -0.823611 0.369752 -0.430055 1 
0.128776 0.237152 0.0129784 -0.82612 0.378969 -0.417024 1 
0.127907 0.23438 0.0137185 -0.728382 0.633168 -0.261836 1 
0.127937 0.234613 0.0135318 -0.728777 0.626716 -0.275883 1 
0.128527 0.235721 0.013082 -0.72392 0.600284 -0.339998 1 
0.128124 0.235319 0.0133188 -0.736236 0.597689 -0.317371 1 
0.128232 0.235661 0.0132805 -0.725697 0.591973 -0.350617 1 
0.127792 0.235461 0.0131197 -0.72392 0.600284 -0.339998 1 
0.127271 0.234639 0.0134569 -0.733197 0.621865 -0.275148 1 
0.127124 0.234243 0.0134209 -0.753025 0.615257 -0.233265 1 
0.127062 0.23451 0.014065 -0.743447 0.606538 -0.281778 1 
0.126242 0.234577 0.014176 -0.762295 0.584796 -0.277342 1 
0.126 0.233701 0.0148112 -0.703651 0.659176 -0.265259 1 
0.126702 0.233944 0.014265 -0.733995 0.629815 -0.254136 1 
0.126819 0.234105 0.0136816 -0.75021 0.618649 -0.233364 1 
0.125847 0.234727 0.0141381 -0.751368 0.587958 -0.299586 1 
0.125714 0.234451 0.015218 -0.719532 0.605837 -0.339463 1 
0.125555 0.234448 0.0142256 -0.690925 0.648855 -0.318764 1 
0.126547 0.234715 0.0139152 -0.74641 0.592312 -0.303379 1 
0.127153 0.235208 0.0135046 -0.741389 0.596649 -0.30717 1 
0.1273 0.235605 0.0135407 -0.73306 0.583522 -0.349463 1 
0.126878 0.235304 0.0135786 -0.727942 0.601485 -0.329114 1 
0.127431 0.235625 0.0127841 -0.732008 0.613477 -0.296327 1 
0.126966 0.234502 0.0137177 -0.747439 0.60779 -0.268189 1 
0.126793 0.234643 0.0137047 -0.745393 0.608711 -0.271774 1 
0.127558 0.235866 0.0129446 -0.72392 0.600284 -0.339998 1 
0.127308 0.240121 0.0162799 -0.885075 -0.142014 -0.443255 1 
0.127141 0.240558 0.0163156 -0.894424 -0.114092 -0.432422 1 
0.127853 0.239891 0.01576 -0.738257 -0.168962 -0.653015 1 
0.12976 0.241556 0.0138083 -0.52169 -0.218773 -0.824607 1 
0.129557 0.241462 0.0131759 -0.50195 -0.141951 -0.853168 1 
0.129489 0.24143 0.0129651 -0.50195 -0.141951 -0.853168 1 
0.130286 0.242415 0.0130369 -0.382246 -0.326981 -0.864275 1 
0.12992 0.242542 0.0131355 -0.431414 -0.322393 -0.842582 1 
0.130235 0.242757 0.0128125 -0.384804 -0.279171 -0.879767 1 
0.129743 0.241913 0.0132862 -0.456133 -0.286049 -0.842686 1 
0.129895 0.242346 0.012888 -0.397225 -0.326126 -0.85782 1 
0.129872 0.241677 0.0128529 -0.459453 -0.221441 -0.860155 1 
0.129718 0.241717 0.0130388 -0.476964 -0.239244 -0.845735 1 
0.130108 0.242516 0.012652 -0.384804 -0.279171 -0.879767 1 
0.130157 0.240671 0.0127694 -0.550412 -0.0843488 -0.830621 1 
0.130295 0.241246 0.0125444 -0.49691 -0.150979 -0.854568 1 
0.12851 0.240042 0.0155738 -0.693505 -0.159339 -0.70261 1 
0.128534 0.239977 0.0145321 -0.719085 -0.127073 -0.683205 1 
0.128515 0.24081 0.0146039 -0.648068 -0.133206 -0.749843 1 
0.128158 0.241014 0.0146402 -0.612544 -0.155017 -0.775087 1 
0.128407 0.240468 0.0146421 -0.670312 -0.146113 -0.727552 1 
0.12862 0.240638 0.014406 -0.669649 -0.123788 -0.732289 1 
0.127146 0.241326 0.0153457 -0.624222 -0.329135 -0.708532 1 
0.12693 0.24163 0.0153694 -0.687027 -0.315224 -0.654696 1 
0.127845 0.241055 0.01464 -0.580658 -0.200702 -0.789021 1 
0.127208 0.241059 0.0147016 -0.557066 -0.213312 -0.802605 1 
0.127129 0.240952 0.0153593 -0.664384 -0.255288 -0.70244 1 
0.12661 0.241375 0.0153204 -0.624631 -0.35904 -0.693488 1 
0.12918 0.241513 0.014143 -0.542532 -0.172829 -0.822064 1 
0.12921 0.241746 0.0139563 -0.504503 -0.279585 -0.816889 1 
0.129096 0.242097 0.0138931 -0.474 -0.319675 -0.820446 1 
0.128975 0.241896 0.0141045 -0.474 -0.319675 -0.820446 1 
0.128919 0.241468 0.0140438 -0.545705 -0.175889 -0.81931 1 
0.129093 0.240594 0.0137862 -0.670084 -0.104563 -0.734884 1 
0.128935 0.240853 0.014083 -0.649088 -0.110892 -0.752587 1 
0.129261 0.241146 0.0136977 -0.574584 -0.141048 -0.8062 1 
0.129388 0.240654 0.0135878 -0.636181 -0.113657 -0.763122 1 
0.128045 0.241363 0.0137708 -0.554365 -0.156896 -0.817352 1 
0.129438 0.241775 0.013547 -0.503223 -0.269528 -0.821049 1 
0.129409 0.241798 0.0134105 -0.492128 -0.257634 -0.831526 1 
0.129382 0.241347 0.0134863 -0.558837 -0.13418 -0.81835 1 
0.128575 0.242006 0.0136946 -0.474 -0.319675 -0.820446 1 
0.128558 0.241632 0.0137082 -0.497267 -0.279031 -0.821503 1 
0.128255 0.24175 0.0136456 -0.474 -0.319675 -0.820446 1 
0.128488 0.242075 0.013285 -0.474 -0.319675 -0.820446 1 
0.127721 0.241328 0.014639 -0.498574 -0.300402 -0.813131 1 
0.127395 0.241765 0.0144886 -0.441287 -0.377563 -0.814071 1 
0.126866 0.242111 0.014512 -0.38632 -0.453645 -0.803096 1 
0.126916 0.24151 0.0142535 -0.440522 -0.389262 -0.808959 1 
0.126763 0.241806 0.014116 -0.431638 -0.409174 -0.803906 1 
0.127132 0.242194 0.014177 -0.430531 -0.401722 -0.808246 1 
0.127068 0.241944 0.0138553 -0.430531 -0.401722 -0.808246 1 
0.126789 0.242258 0.0140402 -0.385991 -0.443649 -0.808818 1 
0.126356 0.241625 0.0152699 -0.621707 -0.38094 -0.684372 1 
0.126305 0.241968 0.0150455 -0.370947 -0.519974 -0.769432 1 
0.126346 0.241545 0.0145259 -0.413389 -0.435908 -0.799433 1 
0.129732 0.242568 0.0136191 -0.426885 -0.351274 -0.833292 1 
0.129314 0.243037 0.0134933 -0.434378 -0.319166 -0.842288 1 
0.129393 0.242413 0.0133713 -0.426885 -0.351274 -0.833292 1 
0.129698 0.242551 0.0131105 -0.421107 -0.324765 -0.846875 1 
0.12954 0.242809 0.0134073 -0.434378 -0.319166 -0.842288 1 
0.129212 0.242991 0.0135802 -0.434378 -0.319166 -0.842288 1 
0.129981 0.243007 0.0127619 -0.384804 -0.279171 -0.879767 1 
0.129814 0.243444 0.0127977 -0.403781 -0.256678 -0.87811 1 
0.129769 0.243094 0.0126747 -0.384804 -0.279171 -0.879767 1 
0.129478 0.242085 0.013298 -0.467448 -0.273064 -0.84079 1 
0.12959 0.242209 0.0131488 -0.467448 -0.273064 -0.84079 1 
0.129961 0.243841 0.0128337 -0.420842 -0.235132 -0.876131 1 
0.129966 0.243878 0.0123994 -0.378831 -0.188695 -0.906025 1 
0.129488 0.237009 0.0158072 -0.830934 0.367377 -0.417832 1 
0.129135 0.236737 0.0152498 -0.801953 0.454815 -0.387316 1 
0.128391 0.236655 0.0150263 -0.794902 0.465977 -0.388583 1 
0.128499 0.236997 0.0149881 -0.822079 0.386393 -0.418195 1 
0.128382 0.236833 0.0147653 -0.792493 0.447089 -0.414808 1 
0.129306 0.237068 0.0142441 -0.844905 0.338899 -0.413863 1 
0.129689 0.237315 0.0141319 -0.884315 0.255868 -0.390535 1 
0.129562 0.237073 0.0139714 -0.860147 0.335102 -0.384518 1 
0.129246 0.237591 0.0145649 -0.883725 0.186124 -0.429405 1 
0.128894 0.237577 0.0144903 -0.859588 0.195158 -0.472252 1 
0.128804 0.237134 0.0147274 -0.83907 0.34347 -0.421888 1 
0.128718 0.237203 0.0143178 -0.840822 0.326033 -0.432111 1 
0.128926 0.237335 0.0145159 -0.860973 0.269721 -0.431249 1 
0.128809 0.237172 0.0142931 -0.841093 0.329259 -0.429129 1 
0.1299 0.237958 0.0136834 -0.919519 0.131756 -0.370304 1 
0.129719 0.237547 0.0139451 -0.892629 0.216172 -0.39558 1 
0.129419 0.237447 0.0137716 -0.881576 0.255941 -0.396634 1 
0.129662 0.237594 0.013672 -0.900247 0.207973 -0.382496 1 
0.129556 0.237766 0.0138699 -0.90376 0.167575 -0.393873 1 
0.129204 0.237752 0.0137953 -0.892518 0.169246 -0.418052 1 
0.128778 0.237669 0.0139442 -0.873569 0.187088 -0.449306 1 
0.128591 0.236962 0.0141572 -0.838122 0.366383 -0.404123 1 
0.128784 0.237707 0.01351 -0.899782 0.204959 -0.385206 1 
0.127437 0.238167 0.0164351 -0.805735 -0.125206 -0.578892 1 
0.126907 0.234819 0.0179586 -0.800038 0.479382 -0.360739 1 
0.127155 0.235991 0.017372 -0.731508 0.595263 -0.332504 1 
0.127246 0.23669 0.0168117 -0.786531 0.455701 -0.41678 1 
0.126912 0.235587 0.0169887 -0.729345 0.572003 -0.375326 1 
0.127227 0.235802 0.0166657 -0.745659 0.574206 -0.338054 1 
0.127374 0.236198 0.0167017 -0.755688 0.547671 -0.359155 1 
0.126764 0.235923 0.0172232 -0.735285 0.593076 -0.32805 1 
0.126264 0.236504 0.0178661 -0.759051 0.218867 -0.613139 1 
0.127179 0.236917 0.0170839 -0.804262 0.386881 -0.451093 1 
0.126891 0.237153 0.017331 -0.780077 0.0556179 -0.623206 1 
0.126813 0.237044 0.0171825 -0.780077 0.0556179 -0.623206 1 
0.126245 0.236346 0.0171844 -0.735285 0.593076 -0.32805 1 
0.126538 0.237139 0.0172565 -0.767253 0.0585799 -0.638663 1 
0.126459 0.235785 0.017484 -0.729906 0.576414 -0.367402 1 
0.127831 0.23677 0.0160427 -0.790965 0.457757 -0.405996 1 
0.127329 0.236836 0.016526 -0.795796 0.447131 -0.40839 1 
0.12715 0.236681 0.0164644 -0.785639 0.474623 -0.396869 1 
0.127703 0.237261 0.0161527 -0.836115 0.346682 -0.425116 1 
0.128115 0.237485 0.0161771 -0.877453 0.170819 -0.448216 1 
0.128008 0.237399 0.015892 -0.851181 0.278596 -0.444831 1 
0.128458 0.237419 0.0155077 -0.872933 0.222337 -0.434228 1 
0.127526 0.237621 0.0162507 -0.866549 0.153436 -0.474921 1 
0.127683 0.238095 0.0162245 -0.819282 -0.102954 -0.564072 1 
0.127996 0.236807 0.0157947 -0.800553 0.433297 -0.413968 1 
0.12795 0.236457 0.0156717 -0.783741 0.486404 -0.386214 1 
0.128164 0.236626 0.0154356 -0.783741 0.486404 -0.386214 1 
0.126442 0.23713 0.0169091 -0.797199 0.41712 -0.436446 1 
0.12833 0.23791 0.0156177 -0.870403 0.0510379 -0.489688 1 
0.128419 0.238353 0.0153806 -0.832972 -0.0178396 -0.553028 1 
0.127849 0.238388 0.0156531 -0.866783 -0.0596347 -0.495107 1 
0.128568 0.237284 0.0148756 -0.844716 0.292938 -0.447932 1 
0.129381 0.238381 0.0136446 -0.885363 0.0676799 -0.459947 1 
0.0979296 0.224358 -0.00524309 -0.940935 -0.208636 -0.266667 1 
0.0978582 0.224545 -0.00534293 -0.890725 -0.150606 -0.428867 1 
0.0966604 0.223675 -0.0042121 -0.638119 -0.300575 0.708843 1 
0.0973109 0.224261 -0.00498261 -0.60709 -0.307571 0.732695 1 
0.0974579 0.224657 -0.0049466 -0.617643 -0.314466 0.720852 1 
0.0966624 0.22492 -0.00458814 -0.644037 -0.402316 0.65066 1 
0.0968307 0.224738 -0.00494717 -0.637689 -0.322901 0.699348 1 
0.0960209 0.225144 -0.0036093 -0.616087 -0.435769 0.656157 1 
0.0979494 0.22009 -0.00333178 0.19255 0.386548 0.901945 1 
0.0979797 0.220323 -0.00351854 0.223726 0.3758 0.899289 1 
0.0980403 0.220788 -0.00389208 0.211879 0.350249 0.912378 1 
0.0977958 0.221116 -0.0040049 0.213226 0.336296 0.9173 1 
0.0975514 0.221444 -0.00411768 0.218932 0.324821 0.920087 1 
0.0974901 0.221709 -0.00427984 0.275188 0.301396 0.912925 1 
0.097863 0.220159 -0.00374131 0.223726 0.3758 0.899289 1 
0.0978933 0.220392 -0.00392812 0.222688 0.365325 0.903852 1 
0.0979439 0.22078 -0.00423941 0.211879 0.350249 0.912378 1 
0.097954 0.220857 -0.00430164 0.208235 0.3461 0.914797 1 
0.0977772 0.221217 -0.00420365 0.218932 0.324821 0.920087 1 
0.0971298 0.221143 -0.00407977 0.218932 0.324821 0.920087 1 
0.0974348 0.221281 -0.00434053 0.218932 0.324821 0.920087 1 
0.0973735 0.221545 -0.00450264 0.218932 0.324821 0.920087 1 
0.0971765 0.221749 -0.00428009 0.275188 0.301396 0.912925 1 
0.0979004 0.223392 -0.00532687 -0.395677 -0.205869 -0.895018 1 
0.0975953 0.223255 -0.00506611 -0.457961 -0.145912 -0.876916 1 
0.0977524 0.223729 -0.00509234 -0.868793 -0.262306 0.419993 1 
0.0977726 0.223884 -0.00521687 -0.933282 -0.292438 0.208484 1 
0.0980574 0.223866 -0.00535309 -0.866056 -0.256328 0.429236 1 
0.0979962 0.224131 -0.00551517 -0.893172 -0.271964 0.358161 1 
0.09711 0.221976 -0.004008 0.275188 0.301396 0.912925 1 
0.0971403 0.222209 -0.00419475 0.320221 0.290708 0.901636 1 
0.0965433 0.222523 -0.00438213 0.417588 0.221426 0.881244 1 
0.0959939 0.222713 -0.00423422 -0.176237 -0.053226 0.982908 1 
0.0972701 0.222962 -0.00468083 -0.488648 -0.125405 -0.863422 1 
0.0972615 0.22314 -0.00494188 -0.488648 -0.125405 -0.863422 1 
0.0966817 0.223098 -0.00460714 -0.921935 -0.338468 0.188352 1 
0.0968989 0.223049 -0.0049542 -0.853585 -0.274312 0.442883 1 
0.096604 0.222989 -0.00475569 0.657969 0.286561 0.696391 1 
0.0965539 0.223589 -0.0044972 -0.439041 -0.209847 0.873617 1 
0.0962014 0.223575 -0.00457172 -0.366189 -0.178108 0.913336 1 
0.0961876 0.223716 -0.00439854 -0.434862 -0.270072 0.859044 1 
0.096299 0.222851 -0.00449497 -0.198579 -0.0565648 0.978451 1 
0.0957697 0.223196 -0.00447154 -0.244064 -0.0983922 0.964755 1 
0.0967489 0.22214 -0.00434363 0.320221 0.290708 0.901636 1 
0.0965045 0.222468 -0.0044564 0.417588 0.221426 0.881244 1 
0.0964268 0.222359 -0.00460494 0.19266 0.235772 0.95252 1 
0.0963879 0.222305 -0.00467923 0.19266 0.235772 0.95252 1 
0.0958672 0.222472 -0.00439471 -0.0701918 0.116219 0.99074 1 
0.0958773 0.22255 -0.00445701 -0.0708991 0.0866544 0.993712 1 
0.0959075 0.222782 -0.0046438 -0.13945 0.030611 0.989756 1 
0.0960156 0.223124 -0.00468205 -0.260441 -0.093656 0.960937 1 
0.0951308 0.222944 -0.00408654 -0.0776654 0.0138308 0.996884 1 
0.0954359 0.223082 -0.00434729 -0.145811 -0.0237367 0.989028 1 
0.0971236 0.223554 -0.00476962 -0.945056 -0.303434 0.121641 1 
0.0974776 0.223824 -0.00501835 -0.933898 -0.248571 -0.256997 1 
0.0969281 0.224014 -0.00487044 -0.5428 -0.272187 0.794533 1 
0.097007 0.22339 -0.0049924 -0.894818 -0.311176 0.32011 1 
0.0972305 0.223637 -0.00529079 -0.908887 -0.314671 0.273691 1 
0.0972246 0.22433 -0.00539221 -0.564497 -0.265738 0.78149 1 
0.0972838 0.22454 -0.00544247 -0.558334 -0.268944 0.784813 1 
0.0856718 0.223049 -0.00163606 0.129091 -0.917515 -0.376167 1 
0.0880844 0.224432 -0.00337566 -0.29067 -0.779885 -0.554338 1 
0.0879678 0.224268 -0.00359847 -0.301248 -0.769855 -0.562648 1 
0.087732 0.224418 -0.00345026 -0.238469 -0.823101 -0.5154 1 
0.0878814 0.224337 -0.00400807 -0.289521 -0.786295 -0.545818 1 
0.087627 0.224588 -0.00405858 -0.238469 -0.823101 -0.5154 1 
0.0878644 0.224694 -0.00453018 -0.255015 -0.829959 -0.496121 1 
0.0864404 0.224054 -0.00250712 -0.106258 -0.879816 -0.463285 1 
0.0867555 0.224269 -0.00283007 -0.201568 -0.832037 -0.516803 1 
0.086295 0.223913 -0.00286642 -0.106258 -0.879816 -0.463285 1 
0.0865223 0.223942 -0.00327571 -0.201568 -0.832037 -0.516803 1 
0.0860341 0.223868 -0.00296563 -0.0359209 -0.906006 -0.421738 1 
0.0851967 0.223564 -0.00203489 0.0519101 -0.917078 -0.395315 1 
0.0850599 0.223245 -0.00213315 0.0801214 -0.913927 -0.397891 1 
0.085424 0.223592 -0.00244416 -0.0387647 -0.904955 -0.423738 1 
0.0857828 0.223902 -0.00232093 -0.0359209 -0.906006 -0.421738 1 
0.085729 0.22373 -0.0027049 -0.0359209 -0.906006 -0.421738 1 
0.0871825 0.224608 -0.00330228 -0.252088 -0.821219 -0.511909 1 
0.087027 0.22439 -0.00359938 -0.252088 -0.821219 -0.511909 1 
0.0869051 0.224189 -0.00338797 -0.260317 -0.812127 -0.522193 1 
0.0870083 0.224491 -0.0037982 -0.170603 -0.879264 -0.444735 1 
0.0866 0.224051 -0.00312716 -0.201568 -0.832037 -0.516803 1 
0.0866255 0.224244 -0.00368594 -0.198067 -0.862261 -0.466127 1 
0.0874486 0.224691 -0.00363733 -0.242364 -0.822802 -0.514058 1 
0.087332 0.224528 -0.00386015 -0.242364 -0.822802 -0.514058 1 
0.0872846 0.224651 -0.00419544 -0.17762 -0.876355 -0.447719 1 
0.0882083 0.224886 -0.00471665 -0.257902 -0.829301 -0.495728 1 
0.0859765 0.223914 -0.00323869 -0.0359209 -0.906006 -0.421738 1 
0.0852685 0.223374 -0.00274126 -0.0387647 -0.904955 -0.423738 1 
0.0855735 0.223512 -0.00300197 -0.0359209 -0.906006 -0.421738 1 
0.0867751 0.224163 -0.00424378 -0.15782 -0.884661 -0.438711 1 
0.0863923 0.223917 -0.00413156 -0.752722 -0.0676442 -0.654854 1 
0.0871594 0.224666 -0.00467926 -0.146014 -0.903021 -0.40402 1 
0.0879037 0.224746 -0.00526209 -0.200652 -0.889022 -0.411557 1 
0.0875422 0.224913 -0.00479151 -0.186872 -0.896696 -0.401268 1 
0.0878371 0.224973 -0.00499 -0.200932 -0.887327 -0.415064 1 
0.0877003 0.224654 -0.00508828 -0.200932 -0.887327 -0.415064 1 
0.0874458 0.224904 -0.00513883 -0.179808 -0.901917 -0.392701 1 
0.088122 0.224955 -0.00512624 -0.234131 -0.862507 -0.448625 1 
0.0878584 0.224395 -0.00538506 -0.234131 -0.862507 -0.448625 1 
0.0875123 0.224677 -0.00541091 -0.190159 -0.895635 -0.402092 1 
0.0871897 0.224899 -0.00486605 -0.133325 -0.908011 -0.397167 1 
0.0870731 0.224735 -0.00508884 -0.126602 -0.914036 -0.38537 1 
0.0872174 0.224617 -0.00521244 -0.158434 -0.903501 -0.398226 1 
0.0867983 0.22483 -0.0050149 -0.0314533 -0.952405 -0.303209 1 
0.0866817 0.224667 -0.0052377 -0.0314533 -0.952405 -0.303209 1 
0.086737 0.225095 -0.00517704 -0.0416974 -0.953986 -0.296936 1 
0.0864219 0.22488 -0.00485399 -0.0213958 -0.947708 -0.31842 1 
0.0863356 0.224949 -0.00526358 -0.0111506 -0.952753 -0.303543 1 
0.0861386 0.225153 -0.00504106 0.0235272 -0.957185 -0.288518 1 
0.0860018 0.224834 -0.00513935 0.0235272 -0.957185 -0.288518 1 
0.0864373 0.224995 -0.00535055 -0.0111506 -0.952753 -0.303543 1 
0.0855439 0.224993 -0.00501606 -0.726703 -0.216299 -0.65201 1 
0.0842947 0.22374 -0.0019615 0.124966 -0.902845 -0.411405 1 
0.096063 0.223923 -0.0128337 -0.4603 -0.764983 -0.450472 1 
0.0957782 0.223941 -0.0126974 -0.464785 -0.796084 -0.387589 1 
0.0956616 0.223777 -0.0129202 -0.454248 -0.800953 -0.390043 1 
0.0959139 0.224001 -0.0130821 -0.447125 -0.782062 -0.434118 1 
0.0921559 0.224064 -0.0092764 0.208007 -0.971959 0.109676 1 
0.0925386 0.224311 -0.0093886 0.214358 -0.965262 0.149401 1 
0.0920381 0.224633 -0.00922863 0.289423 -0.944361 0.156261 1 
0.092003 0.224361 -0.00941384 0.14061 -0.984271 0.10696 1 
0.0917533 0.224651 -0.00909244 0.207255 -0.970155 0.125879 1 
0.0917384 0.224533 -0.00940214 0.12155 -0.987741 0.097948 1 
0.0927244 0.223771 -0.0100318 -0.453578 -0.882984 -0.120859 1 
0.0922213 0.223579 -0.0100314 -0.435329 -0.894454 -0.102183 1 
0.0954211 0.223159 -0.0118021 -0.45685 -0.830494 -0.318696 1 
0.0951176 0.223277 -0.0118646 -0.460176 -0.841333 -0.283543 1 
0.0935805 0.223974 -0.0107638 -0.490748 -0.839317 -0.233908 1 
0.0933068 0.223337 -0.0109604 -0.501073 -0.823745 -0.265274 1 
0.0935027 0.223865 -0.0109123 -0.491295 -0.837191 -0.240291 1 
0.0928175 0.223995 -0.0103798 -0.479602 -0.860332 -0.172657 1 
0.0931226 0.224133 -0.0106405 -0.490748 -0.839317 -0.233908 1 
0.0928479 0.224228 -0.0105665 -0.48407 -0.857114 -0.17616 1 
0.0925843 0.223668 -0.0108254 -0.504694 -0.829908 -0.237774 1 
0.0933196 0.223929 -0.010863 -0.490748 -0.839317 -0.233908 1 
0.0933398 0.224084 -0.0109875 -0.490748 -0.839317 -0.233908 1 
0.093006 0.223969 -0.0108633 -0.490748 -0.839317 -0.233908 1 
0.094074 0.224086 -0.0115081 -0.511587 -0.803017 -0.305685 1 
0.0935858 0.224012 -0.011198 -0.511587 -0.803017 -0.305685 1 
0.0933674 0.223802 -0.0113339 -0.511587 -0.803017 -0.305685 1 
0.0934382 0.224345 -0.0117697 -0.511587 -0.803017 -0.305685 1 
0.0931529 0.224366 -0.0108273 -0.490748 -0.839317 -0.233908 1 
0.0930954 0.224412 -0.0111003 -0.490748 -0.839317 -0.233908 1 
0.0931055 0.224489 -0.0111626 -0.490748 -0.839317 -0.233908 1 
0.0931843 0.223866 -0.0112846 -0.507018 -0.811543 -0.290397 1 
0.0932146 0.224098 -0.0114714 -0.507018 -0.811543 -0.290397 1 
0.0931619 0.224185 -0.0113724 -0.507018 -0.811543 -0.290397 1 
0.0930666 0.224435 -0.0112369 -0.490748 -0.839317 -0.233908 1 
0.0930868 0.22459 -0.0113613 -0.503223 -0.821049 -0.269528 1 
0.0928887 0.224536 -0.0116218 -0.507018 -0.811543 -0.290397 1 
0.0927444 0.224654 -0.0114982 -0.503223 -0.821049 -0.269528 1 
0.095512 0.223858 -0.0123624 -0.457582 -0.828679 -0.322351 1 
0.0952372 0.223953 -0.0122884 -0.467132 -0.825738 -0.31614 1 
0.0946878 0.224143 -0.0121405 -0.508746 -0.803533 -0.309051 1 
0.09289 0.224067 -0.00979695 -0.391435 -0.916961 -0.0772035 1 
0.0924321 0.224225 -0.00967367 -0.241085 -0.970337 -0.0179914 1 
0.0924135 0.224326 -0.00987242 -0.39462 -0.915355 -0.0800088 1 
0.0927574 0.224518 -0.0100589 -0.441923 -0.890861 -0.10522 1 
0.0928931 0.224578 -0.0104436 -0.479602 -0.860332 -0.172657 1 
0.0925215 0.224668 -0.00991069 -0.413904 -0.906189 -0.0866311 1 
0.0924539 0.224636 -0.0101215 -0.438998 -0.893327 -0.0961616 1 
0.0922265 0.224607 -0.00971217 -0.0567969 -0.994502 0.0879794 1 
0.0919518 0.224703 -0.00963825 -0.0135871 -0.998131 0.0595743 1 
0.091667 0.22472 -0.00950202 0.0402764 -0.996024 0.0794642 1 
0.0922382 0.224941 -0.0100978 -0.386406 -0.919564 -0.0713571 1 
0.0919874 0.224973 -0.0102592 -0.494697 -0.855812 -0.151198 1 
0.0917803 0.2251 -0.00997449 -0.234487 -0.972119 -0.00117833 1 
0.091743 0.225301 -0.0103721 -0.528659 -0.831178 -0.172226 1 
0.0916716 0.225488 -0.0104719 -0.738309 -0.592909 -0.321496 1 
0.0923682 0.223975 -0.00999542 -0.403989 -0.910686 -0.0862756 1 
0.092785 0.224236 -0.0104053 -0.479602 -0.860332 -0.172657 1 
0.0924288 0.224441 -0.010369 -0.492567 -0.853488 -0.170106 1 
0.0923186 0.224573 -0.0105431 -0.495806 -0.850167 -0.17718 1 
0.0926236 0.224711 -0.0108038 -0.49498 -0.847896 -0.189917 1 
0.0925933 0.224478 -0.010617 -0.48407 -0.857114 -0.17616 1 
0.092729 0.224539 -0.0110017 -0.490748 -0.839317 -0.233908 1 
0.0920678 0.224605 -0.0107046 -0.506305 -0.843841 -0.177729 1 
0.0921545 0.224533 -0.0111012 -0.520648 -0.821671 -0.231911 1 
0.0923728 0.224743 -0.0109653 -0.504938 -0.839554 -0.200468 1 
0.0922562 0.224579 -0.0111881 -0.504694 -0.829908 -0.237774 1 
0.0921183 0.224993 -0.0110159 -0.509023 -0.839363 -0.190696 1 
0.0918708 0.224809 -0.0104821 -0.51243 -0.842167 -0.167839 1 
0.0916465 0.225293 -0.0107194 -0.519629 -0.838255 -0.165269 1 
0.0917131 0.225066 -0.0109915 -0.538441 -0.821989 -0.185513 1 
0.0915097 0.224974 -0.0108177 -0.528659 -0.831178 -0.172226 1 
0.0913969 0.225583 -0.0103979 -0.760593 -0.561198 -0.326428 1 
0.0925 0.224981 -0.011611 -0.503223 -0.821049 -0.269528 1 
0.0915853 0.225557 -0.0108815 -0.56406 -0.804279 -0.187006 1 
0.0915177 0.225526 -0.0110923 -0.560283 -0.804548 -0.196939 1 
0.0911375 0.225793 -0.0108205 -0.76564 -0.560185 -0.316208 1 
0.0939883 0.223425 -0.011382 -0.511587 -0.803017 -0.305685 1 
0.0953045 0.222996 -0.0120249 -0.45685 -0.830494 -0.318696 1 
0.0953348 0.223228 -0.0122117 -0.456054 -0.825316 -0.332967 1 
0.0947853 0.223419 -0.0120637 -0.46863 -0.832946 -0.294256 1 
0.0948619 0.223269 -0.0123981 -0.467132 -0.825738 -0.31614 1 
0.0940691 0.224046 -0.01188 -0.511587 -0.803017 -0.305685 1 
0.094354 0.224028 -0.0120163 -0.511885 -0.800315 -0.312202 1 
0.0939525 0.223882 -0.0121028 -0.511587 -0.803017 -0.305685 1 
0.0942272 0.223787 -0.0121768 -0.511885 -0.800315 -0.312202 1 
0.0944344 0.223661 -0.0124616 -0.508746 -0.803533 -0.309051 1 
0.0943177 0.223497 -0.0126844 -0.492319 -0.808922 -0.321353 1 
0.0938359 0.223719 -0.0123257 -0.511885 -0.800315 -0.312202 1 
0.0941106 0.223624 -0.0123996 -0.507452 -0.804652 -0.308265 1 
0.0939573 0.223922 -0.0117309 -0.511587 -0.803017 -0.305685 1 
0.0934692 0.223848 -0.0114208 -0.511587 -0.803017 -0.305685 1 
0.0934079 0.224113 -0.0115829 -0.511587 -0.803017 -0.305685 1 
0.0934217 0.223972 -0.0117561 -0.511587 -0.803017 -0.305685 1 
0.09332 0.223926 -0.0116692 -0.511587 -0.803017 -0.305685 1 
0.0936576 0.223822 -0.0119044 -0.511587 -0.803017 -0.305685 1 
0.0931672 0.224222 -0.0118067 -0.511587 -0.803017 -0.305685 1 
0.0929803 0.224504 -0.0116464 -0.507018 -0.811543 -0.290397 1 
0.0954055 0.223772 -0.0126475 -0.451891 -0.82663 -0.335376 1 
0.0951308 0.223867 -0.0125735 -0.456054 -0.825316 -0.332967 1 
0.0949338 0.224071 -0.012351 -0.478273 -0.823257 -0.305781 1 
0.094807 0.22383 -0.0125116 -0.46863 -0.832946 -0.294256 1 
0.0952889 0.223608 -0.0128703 -0.451891 -0.82663 -0.335376 1 
0.0950141 0.223703 -0.0127963 -0.454158 -0.828171 -0.32844 1 
0.0947005 0.223744 -0.0127966 -0.470333 -0.82269 -0.319323 1 
0.0945712 0.223979 -0.0123633 -0.501741 -0.805635 -0.314973 1 
0.0933907 0.224469 -0.012105 -0.511587 -0.803017 -0.305685 1 
0.0932278 0.224688 -0.0121803 -0.511587 -0.803017 -0.305685 1 
0.0927358 0.224832 -0.0117592 -0.507018 -0.811543 -0.290397 1 
0.092953 0.224783 -0.0121063 -0.511587 -0.803017 -0.305685 1 
0.0927672 0.224332 -0.0122165 -0.511587 -0.803017 -0.305685 1 
0.0919729 0.224853 -0.0113752 -0.520648 -0.821671 -0.231911 1 
0.0922364 0.224422 -0.0118699 -0.513885 -0.809329 -0.284444 1 
0.0926442 0.224864 -0.0117346 -0.507018 -0.811543 -0.290397 1 
0.0924137 0.225051 -0.0120206 -0.511587 -0.803017 -0.305685 1 
0.0925479 0.224855 -0.0120819 -0.511587 -0.803017 -0.305685 1 
0.0954844 0.229095 -0.00824873 -0.0729696 -0.588049 -0.805527 1 
0.0943855 0.229475 -0.00795287 -0.0732261 -0.595859 -0.799744 1 
0.0967579 0.228829 -0.00885496 -0.11822 -0.544394 -0.830457 1 
0.0971236 0.229432 -0.00948925 -0.126246 -0.503534 -0.854702 1 
0.0965748 0.228893 -0.00880566 -0.0842112 -0.543805 -0.834976 1 
0.0960051 0.228928 -0.00853318 -0.109582 -0.582978 -0.805064 1 
0.0962084 0.229019 -0.008707 -0.103103 -0.570698 -0.814661 1 
0.0954231 0.229359 -0.00841087 -0.0696279 -0.564128 -0.822746 1 
0.0952804 0.229733 -0.00861059 -0.0509156 -0.488514 -0.871069 1 
0.0957304 0.229023 -0.00845923 -0.0852143 -0.587834 -0.804481 1 
0.095659 0.22921 -0.00855909 -0.0696279 -0.564128 -0.822746 1 
0.0961162 0.229781 -0.00921802 -0.0892696 -0.497359 -0.86294 1 
0.0958718 0.230109 -0.00933085 -0.0685775 -0.499636 -0.863517 1 
0.0959491 0.22923 -0.00912954 -0.0892696 -0.497359 -0.86294 1 
0.0957106 0.228865 -0.00914091 -0.0668952 -0.570744 -0.818399 1 
0.0957446 0.228879 -0.00943863 -0.0540632 -0.505976 -0.860852 1 
0.095487 0.228618 -0.00884259 -0.067279 -0.599785 -0.797328 1 
0.095644 0.229092 -0.00886878 -0.0696279 -0.564128 -0.822746 1 
0.0949869 0.228938 -0.00948885 -0.0629497 -0.510592 -0.857515 1 
0.0961662 0.229181 -0.00947654 -0.0742752 -0.491898 -0.867479 1 
0.0957611 0.229253 -0.00945224 -0.0509156 -0.488514 -0.871069 1 
0.0964575 0.229459 -0.00956415 -0.0740164 -0.487391 -0.870041 1 
0.0961577 0.229359 -0.0097376 -0.0742752 -0.491898 -0.867479 1 
0.0955779 0.229316 -0.00940289 -0.0509156 -0.488514 -0.871069 1 
0.0972246 0.230208 -0.0101118 -0.118896 -0.47415 -0.872379 1 
0.0968722 0.230194 -0.0101864 -0.0650701 -0.472104 -0.879138 1 
0.0969551 0.230341 -0.0104721 -0.0563794 -0.468912 -0.881444 1 
0.0960075 0.230169 -0.00971544 -0.0685775 -0.499636 -0.863517 1 
0.0966953 0.230554 -0.0100884 -0.0859722 -0.486236 -0.869588 1 
0.0964004 0.230494 -0.00988993 -0.065269 -0.487435 -0.870717 1 
0.0963428 0.23054 -0.010163 -0.065269 -0.487435 -0.870717 1 
0.0956763 0.230569 -0.00943166 -0.0685775 -0.499636 -0.863517 1 
0.095688 0.230903 -0.00981721 -0.0685775 -0.499636 -0.863517 1 
0.0955799 0.230561 -0.00977896 -0.0509156 -0.488514 -0.871069 1 
0.0958652 0.231532 -0.00996798 -0.0595907 -0.486426 -0.871687 1 
0.0956394 0.231759 -0.009882 -0.0509156 -0.488514 -0.871069 1 
0.095993 0.23104 -0.0100779 -0.0742752 -0.491898 -0.867479 1 
0.0959153 0.230931 -0.0102265 -0.0509156 -0.488514 -0.871069 1 
0.0957284 0.231213 -0.0100662 -0.0509156 -0.488514 -0.871069 1 
0.0954739 0.231463 -0.0101168 -0.0685775 -0.499636 -0.863517 1 
0.0964505 0.229893 -0.0101485 -0.065269 -0.487435 -0.870717 1 
0.0950733 0.22986 -0.0083258 -0.063466 -0.540166 -0.839162 1 
0.0950621 0.229524 -0.00874642 -0.0696279 -0.564128 -0.822746 1 
0.0944173 0.229964 -0.00846295 -0.063466 -0.540166 -0.839162 1 
0.0946344 0.229915 -0.00880998 -0.0509156 -0.488514 -0.871069 1 
0.093888 0.230309 -0.00843951 -0.0509156 -0.488514 -0.871069 1 
0.0944338 0.229346 -0.00922996 -0.0629497 -0.510592 -0.857515 1 
0.0945093 0.22993 -0.00929381 -0.0509156 -0.488514 -0.871069 1 
0.0943208 0.229955 -0.00881025 -0.0509156 -0.488514 -0.871069 1 
0.0940461 0.230051 -0.0087363 -0.0509156 -0.488514 -0.871069 1 
0.094029 0.230407 -0.00925839 -0.0509156 -0.488514 -0.871069 1 
0.0939433 0.229746 -0.00913225 -0.0509156 -0.488514 -0.871069 1 
0.0939123 0.230244 -0.00948119 -0.0509156 -0.488514 -0.871069 1 
0.0935627 0.230016 -0.00805426 -0.0404145 -0.561622 -0.826406 1 
0.0926634 0.229716 -0.00857472 0.0121694 -0.512468 -0.85862 1 
0.0923786 0.229733 -0.00843848 0.012358 -0.572589 -0.81975 1 
0.0923715 0.230168 -0.00902283 0.0481699 -0.488581 -0.871188 1 
0.0943138 0.23039 -0.00939462 -0.0509156 -0.488514 -0.871069 1 
0.0942174 0.230381 -0.00974189 -0.0509156 -0.488514 -0.871069 1 
0.0936781 0.230649 -0.00965625 -0.0509156 -0.488514 -0.871069 1 
0.0935513 0.230408 -0.00981677 -0.0509156 -0.488514 -0.871069 1 
0.0944653 0.231554 -0.0103285 -0.0509156 -0.488514 -0.871069 1 
0.0940912 0.231129 -0.00995524 -0.0509156 -0.488514 -0.871069 1 
0.0931185 0.230762 -0.00944602 -0.0285043 -0.487288 -0.872776 1 
0.0934235 0.230899 -0.0097068 -0.0509156 -0.488514 -0.871069 1 
0.0933069 0.230736 -0.0099296 -0.0452538 -0.489564 -0.870792 1 
0.0939624 0.229643 -0.00973971 -0.0509156 -0.488514 -0.871069 1 
0.0940503 0.22983 -0.00965343 -0.0509156 -0.488514 -0.871069 1 
0.0937958 0.23008 -0.00970393 -0.0509156 -0.488514 -0.871069 1 
0.0934433 0.230066 -0.00977856 -0.0509156 -0.488514 -0.871069 1 
0.0935019 0.229287 -0.00977603 -0.0509156 -0.488514 -0.871069 1 
0.093349 0.229583 -0.0099135 -0.0508617 -0.485248 -0.872896 1 
0.0927383 0.230038 -0.00992768 -0.0147563 -0.486956 -0.873302 1 
0.0919611 0.229211 -0.0093177 0.428526 -0.182818 -0.884841 1 
0.0921638 0.230033 -0.0100272 0.0510379 -0.489688 -0.870403 1 
0.0939842 0.230054 -0.0101875 -0.0509156 -0.488514 -0.871069 1 
0.0937872 0.230258 -0.00996503 -0.0509156 -0.488514 -0.871069 1 
0.0937723 0.230141 -0.0102748 -0.0509156 -0.488514 -0.871069 1 
0.0932792 0.230026 -0.0103367 -0.0452538 -0.489564 -0.870792 1 
0.0931988 0.230394 -0.00989136 -0.0452538 -0.489564 -0.870792 1 
0.0930321 0.230831 -0.00985561 -0.0285043 -0.487288 -0.872776 1 
0.0926797 0.230817 -0.00993018 -0.0120226 -0.474225 -0.880322 1 
0.0924135 0.230734 -0.00959516 0.0452062 -0.486309 -0.872617 1 
0.0922969 0.23057 -0.00981797 0.0509156 -0.488514 -0.871069 1 
0.0955292 0.231891 -0.0100562 -0.0509156 -0.488514 -0.871069 1 
0.0952682 0.231846 -0.0101553 -0.0509156 -0.488514 -0.871069 1 
0.0949574 0.232401 -0.00999604 -0.0509156 -0.488514 -0.871069 1 
0.0952294 0.231791 -0.0102296 -0.0509156 -0.488514 -0.871069 1 
0.0951517 0.231682 -0.0103781 -0.0685775 -0.499636 -0.863517 1 
0.0948018 0.232183 -0.0102931 -0.0685072 -0.496328 -0.865428 1 
0.0948769 0.231777 -0.0103042 -0.0685775 -0.499636 -0.863517 1 
0.0946123 0.23195 -0.0102924 -0.0685072 -0.496328 -0.865428 1 
0.094896 0.232665 -0.0101581 -0.0477464 -0.462458 -0.885355 1 
0.0947794 0.232502 -0.010381 -0.0532595 -0.454754 -0.889023 1 
0.105981 0.234359 -0.00239295 -0.0939798 -0.071334 -0.993015 1 
0.106278 0.234675 -0.00291477 -0.186703 0.019714 -0.982219 1 
0.105681 0.234989 -0.00310211 0.0183411 -0.0895477 -0.995814 1 
0.105956 0.234894 -0.00317609 -0.0595276 -0.0530337 -0.996817 1 
0.105436 0.234329 -0.00316216 0.138286 -0.221 -0.96542 1 
0.105819 0.234575 -0.00327441 -0.00747153 -0.0907257 -0.995848 1 
0.10577 0.234443 -0.00328639 0.0188777 -0.127702 -0.991633 1 
0.105564 0.234826 -0.00332494 0.0345503 -0.112567 -0.993043 1 
0.105653 0.23428 -0.00350921 0.0283272 -0.143902 -0.989186 1 
0.104936 0.236631 -0.00230153 0.0616842 0.140826 -0.988111 1 
0.104907 0.235665 -0.00238529 0.0369209 -0.117476 -0.992389 1 
0.10478 0.236413 -0.00259858 0.0468631 0.0197867 -0.998705 1 
0.104703 0.236303 -0.00274716 0.0134808 0.0508123 -0.998617 1 
0.104428 0.236399 -0.00267313 0.00312758 0.0677641 -0.997696 1 
0.104143 0.236416 -0.00253694 -0.0507652 0.0594061 -0.996942 1 
0.10408 0.233718 -0.00173455 0.0112219 -0.31546 -0.948873 1 
0.103542 0.233253 -0.0019194 -0.0668675 -0.334337 -0.940078 1 
0.103916 0.234666 -0.00234543 0.152668 -0.282368 -0.94708 1 
0.103653 0.234106 -0.00260429 0.0748344 -0.260018 -0.9627 1 
0.10378 0.234348 -0.00244373 0.152668 -0.282368 -0.94708 1 
0.103663 0.234184 -0.00266653 0.108253 -0.27259 -0.956021 1 
0.103642 0.234761 -0.00227147 0.152668 -0.282368 -0.94708 1 
0.105062 0.234892 -0.00284168 0.203413 -0.275368 -0.939572 1 
0.10476 0.235269 -0.00242132 0.0629987 -0.172355 -0.983018 1 
0.105131 0.23518 -0.00295416 0.043926 -0.11601 -0.992276 1 
0.105436 0.235317 -0.00321493 0.0341371 -0.100209 -0.994381 1 
0.104978 0.235476 -0.00309163 0.043926 -0.11601 -0.992276 1 
0.104556 0.235907 -0.00278316 0.183414 -0.354032 -0.917072 1 
0.104281 0.236002 -0.0027092 0.0296715 -0.100004 -0.994545 1 
0.104154 0.235761 -0.00286974 0.0366322 -0.107677 -0.993511 1 
0.10523 0.234711 -0.00320068 0.19176 -0.25432 -0.947919 1 
0.104671 0.234824 -0.0029905 0.213397 -0.280345 -0.935878 1 
0.104543 0.234327 -0.00282776 0.152668 -0.282368 -0.94708 1 
0.104848 0.234464 -0.00308849 0.172579 -0.27042 -0.947148 1 
0.105104 0.23447 -0.00336124 0.199644 -0.265734 -0.943148 1 
0.104221 0.234804 -0.00260615 0.152668 -0.282368 -0.94708 1 
0.103869 0.23479 -0.00268075 0.152668 -0.282368 -0.94708 1 
0.104449 0.234833 -0.00301546 0.213397 -0.280345 -0.935878 1 
0.104105 0.23464 -0.00282896 0.152668 -0.282368 -0.94708 1 
0.103988 0.234477 -0.00305174 0.152668 -0.282368 -0.94708 1 
0.104019 0.23471 -0.00323859 0.18969 -0.29215 -0.937372 1 
0.1053 0.234998 -0.0033132 0.0299639 -0.112087 -0.993247 1 
0.105137 0.235217 -0.00338845 0.043926 -0.11601 -0.992276 1 
0.105025 0.235094 -0.00323923 0.0487348 -0.119004 -0.991697 1 
0.104832 0.235079 -0.00312766 0.0548819 -0.152969 -0.986706 1 
0.104629 0.234985 -0.00376008 0.03489 -0.124929 -0.991552 1 
0.104557 0.235174 -0.00305369 0.213397 -0.280345 -0.935878 1 
0.103789 0.235158 -0.00223541 0.202425 -0.294563 -0.933947 1 
0.103768 0.235003 -0.00211088 0.18969 -0.29215 -0.937372 1 
0.103996 0.23602 -0.00257297 0.0366322 -0.107677 -0.993511 1 
0.103625 0.235118 -0.00279355 0.202425 -0.294563 -0.933947 1 
0.103679 0.234557 -0.00268012 0.152668 -0.282368 -0.94708 1 
0.103439 0.234667 -0.00290383 0.152668 -0.282368 -0.94708 1 
0.103281 0.234926 -0.00260706 0.18969 -0.29215 -0.937372 1 
0.102918 0.231397 -0.00144251 -0.990923 -0.0605755 -0.120008 1 
0.10336 0.231853 -0.00160497 0.0493229 -0.398582 -0.915805 1 
0.103376 0.232957 -0.00215428 -0.165908 -0.335999 -0.927135 1 
0.103229 0.232561 -0.00219025 0.118461 -0.397192 -0.910058 1 
0.103239 0.232638 -0.00225252 -0.238926 -0.328704 -0.913711 1 
0.103162 0.232529 -0.00240104 0.124088 -0.394574 -0.910447 1 
0.102559 0.23182 -0.00129519 -0.986909 -0.105444 -0.122031 1 
0.10309 0.232719 -0.00169471 -0.266589 -0.337286 -0.902867 1 
0.103176 0.232647 -0.00209136 -0.259281 -0.332525 -0.906753 1 
0.10294 0.231808 -0.0018903 -0.564123 -0.334595 -0.754858 1 
0.102608 0.231949 -0.00208941 -0.592909 -0.321496 -0.738309 1 
0.102503 0.232122 -0.0018916 -0.512714 -0.34556 -0.785947 1 
0.102857 0.232391 -0.0021403 -0.31735 -0.338406 -0.885873 1 
0.102638 0.232182 -0.00227618 0.0329211 -0.401638 -0.915207 1 
0.102669 0.232415 -0.002463 0.0859128 -0.394108 -0.91504 1 
0.102338 0.232082 -0.00244969 -0.575445 -0.327214 -0.749529 1 
0.105201 0.233746 -0.00328445 0.148456 -0.2715 -0.95092 1 
0.104153 0.232795 -0.00271146 -0.167647 -0.320053 -0.932449 1 
0.103603 0.232986 -0.00256352 -0.0912958 -0.318874 -0.94339 1 
0.104906 0.233686 -0.00308599 0.104467 -0.256654 -0.960841 1 
0.102985 0.232889 -0.00230305 -0.181454 -0.336183 -0.924151 1 
0.102907 0.23278 -0.00245158 0.136776 -0.399048 -0.906671 1 
0.102667 0.233148 -0.00219242 -0.0810778 -0.346907 -0.934389 1 
0.102947 0.23309 -0.00270064 -0.0777488 -0.333398 -0.939575 1 
0.102781 0.233527 -0.00266492 0.00376068 -0.337207 -0.941423 1 
0.102807 0.232989 -0.00268799 0.177585 -0.405702 -0.896588 1 
0.10279 0.232616 -0.00267443 0.133325 -0.397167 -0.908011 1 
0.10269 0.232826 -0.00291079 0.160926 -0.388785 -0.907165 1 
0.102537 0.233122 -0.00304823 0.177281 -0.396359 -0.900817 1 
0.102263 0.233217 -0.00297429 0.158662 -0.401657 -0.901941 1 
0.102271 0.233039 -0.00271326 0.148912 -0.39568 -0.906235 1 
0.102007 0.233212 -0.00270152 -0.0512444 -0.366594 -0.928969 1 
0.101635 0.233298 -0.00297488 0.177585 -0.405702 -0.896588 1 
0.103577 0.234253 -0.00307614 0.152668 -0.282368 -0.94708 1 
0.103597 0.234408 -0.00320065 0.152668 -0.282368 -0.94708 1 
0.10382 0.234655 -0.00349896 0.202425 -0.294563 -0.933947 1 
0.103511 0.234478 -0.00361024 0.18969 -0.29215 -0.937372 1 
0.104223 0.235057 -0.00373572 0.0525341 -0.155268 -0.986475 1 
0.103688 0.235107 -0.00376096 0.213397 -0.280345 -0.935878 1 
0.103629 0.234897 -0.00371069 0.213397 -0.280345 -0.935878 1 
0.102627 0.234553 -0.00333802 0.18969 -0.29215 -0.937372 1 
0.102373 0.234803 -0.00338858 0.198152 -0.284065 -0.938106 1 
0.103108 0.235064 -0.00342625 0.202425 -0.294563 -0.933947 1 
0.103627 0.235371 -0.00392309 0.03489 -0.124929 -0.991552 1 
0.103296 0.235038 -0.00390978 0.0579897 -0.171602 -0.983458 1 
0.103268 0.235061 -0.00404631 0.0579897 -0.171602 -0.983458 1 
0.102128 0.235131 -0.0035014 0.0579897 -0.171602 -0.983458 1 
0.102295 0.234694 -0.00353713 0.198152 -0.284065 -0.938106 1 
0.101981 0.234735 -0.00353742 0.189843 -0.289614 -0.938128 1 
0.101366 0.233434 -0.00252895 0.200323 -0.402107 -0.893409 1 
0.101401 0.233704 -0.00314997 0.203127 -0.40187 -0.892883 1 
0.101989 0.235289 -0.00300582 0.190068 -0.266642 -0.944869 1 
0.101823 0.234994 -0.00324063 0.195979 -0.264503 -0.944262 1 
0.10197 0.23539 -0.00320463 0.083495 -0.17304 -0.981369 1 
0.10142 0.234592 -0.00300394 0.165231 -0.32352 -0.931683 1 
0.101324 0.234583 -0.00335124 0.179321 -0.34311 -0.922019 1 
0.101707 0.23483 -0.00346349 0.207519 -0.279942 -0.93732 1 
0.104828 0.237277 -0.00231604 0.0606494 0.238884 -0.969152 1 
0.104712 0.237114 -0.00253887 0.0794036 0.243252 -0.966707 1 
0.104565 0.236717 -0.00257486 0.0566534 0.139899 -0.988544 1 
0.104523 0.23714 -0.0020553 0.0794036 0.243252 -0.966707 1 
0.104417 0.237054 -0.00234036 0.0607217 0.177403 -0.982263 1 
0.10429 0.236812 -0.00250092 0.0687019 0.133911 -0.988609 1 
0.105339 0.236042 -0.00329171 0.054422 0.0394826 -0.997737 1 
0.0910169 0.221227 -0.00255768 0.536984 0.450535 0.713208 1 
0.0907863 0.221414 -0.00284365 0.536984 0.450535 0.713208 1 
0.0896097 0.221685 -0.00269629 0.389376 0.560241 0.731106 1 
0.0911797 0.221736 -0.00382434 0.323167 0.657701 0.680436 1 
0.0907251 0.221678 -0.00300582 0.455845 0.562709 0.689611 1 
0.0903864 0.221524 -0.00325356 0.431004 0.580774 0.690606 1 
0.0912403 0.222201 -0.00419791 0.279902 0.708552 0.647773 1 
0.0910268 0.222032 -0.00396179 0.370381 0.653517 0.660101 1 
0.0918945 0.222569 -0.0050794 0.0181154 0.756667 0.653549 1 
0.0922837 0.223111 -0.00514293 -0.146537 0.70549 0.693405 1 
0.0926026 0.223108 -0.00557686 -0.146233 0.697996 0.701011 1 
0.0913121 0.223003 -0.00415082 0.267995 0.737383 0.620036 1 
0.0912897 0.223322 -0.00423867 0.213098 0.738844 0.639295 1 
0.0908536 0.223892 -0.0045632 0.268068 0.750273 0.604343 1 
0.0916672 0.22254 -0.00467007 0.0556855 0.758179 0.649664 1 
0.0917125 0.222891 -0.00454715 -0.046934 0.740988 0.669876 1 
0.0918807 0.22271 -0.00490618 -0.0469021 0.749013 0.660894 1 
0.0914478 0.223063 -0.00453547 0.149104 0.748532 0.646117 1 
0.091049 0.223432 -0.00446239 0.261148 0.732798 0.628338 1 
0.0917444 0.223379 -0.00505726 -0.0953302 0.746508 0.658511 1 
0.0912625 0.223601 -0.00469851 0.212466 0.745957 0.631194 1 
0.0929177 0.223324 -0.00589986 -0.155092 0.772448 0.61585 1 
0.092668 0.223614 -0.00557844 -0.217026 0.704162 0.676058 1 
0.0922692 0.223982 -0.0055054 -0.29654 0.726123 0.62033 1 
0.0922995 0.224215 -0.00569215 -0.336903 0.799945 0.496573 1 
0.092144 0.223997 -0.00598927 -0.314699 0.893386 0.320665 1 
0.0922925 0.224649 -0.0062765 -0.342275 0.931369 0.124092 1 
0.0915605 0.224173 -0.00554359 -0.0813156 0.831701 0.549237 1 
0.0915946 0.224187 -0.00584131 -0.201456 0.8867 0.416146 1 
0.0913661 0.2239 -0.00591497 0.164908 0.87416 0.456781 1 
0.090854 0.223889 -0.0053694 0.249885 0.755943 0.605068 1 
0.0918857 0.224466 -0.00592884 -0.341711 0.886643 0.311605 1 
0.0915658 0.22421 -0.00597785 -0.158727 0.920057 0.35819 1 
0.0917994 0.224535 -0.00633846 -0.247611 0.954305 0.167305 1 
0.0915737 0.224762 -0.00625247 -0.162621 0.958536 0.234015 1 
0.0906889 0.224582 -0.00565699 0.233322 0.811218 0.536177 1 
0.0912739 0.224662 -0.00642598 0.227824 0.909844 0.346815 1 
0.090702 0.225171 -0.00636584 0.124689 0.945225 0.301667 1 
0.0908542 0.22217 -0.00478099 0.30042 0.734181 0.608872 1 
0.0909258 0.2237 -0.00607578 0.299003 0.844334 0.444631 1 
0.0910727 0.224096 -0.00603974 0.169946 0.884589 0.434305 1 
0.0913879 0.224311 -0.00636277 0.399737 0.820177 0.409292 1 
0.0909864 0.224165 -0.00644936 0.144505 0.955851 0.255866 1 
0.0908724 0.224516 -0.00651254 0.15007 0.954872 0.256315 1 
0.0909304 0.224467 -0.0070457 0.749439 0.513292 0.418177 1 
0.0914234 0.224582 -0.0069838 0.90438 -0.352109 0.241071 1 
0.0914628 0.224634 -0.00771573 0.966705 -0.127097 0.222098 1 
0.0914729 0.224711 -0.00777799 0.885425 -0.41241 0.214335 1 
0.0906295 0.2251 -0.00694862 0.0933947 0.981251 0.168596 1 
0.0911013 0.2248 -0.00724511 0.808053 -0.555441 0.196307 1 
0.0911869 0.225461 -0.00737119 0.936537 -0.292754 0.192857 1 
0.0911895 0.224985 -0.00796509 0.884965 -0.389504 0.255192 1 
0.0910931 0.224976 -0.00831239 0.827109 -0.480005 0.292381 1 
0.0907204 0.224807 -0.00826243 0.760372 -0.596648 0.256606 1 
0.089665 0.222113 -0.00263564 0.36923 0.598973 0.710563 1 
0.0898471 0.221792 -0.00316787 0.412902 0.615208 0.671588 1 
0.0907402 0.223512 -0.0040907 0.314607 0.734082 0.601786 1 
0.0905848 0.223294 -0.00438781 0.317226 0.739121 0.594195 1 
0.0901532 0.224631 -0.00568224 0.260568 0.803548 0.535178 1 
0.089831 0.22485 -0.0059436 0.263994 0.838295 0.477041 1 
0.0905939 0.224829 -0.00632763 0.168081 0.932086 0.320882 1 
0.0902941 0.224729 -0.00650111 0.25946 0.904444 0.338617 1 
0.0901259 0.22491 -0.00614206 0.249307 0.885265 0.392622 1 
0.0900194 0.224824 -0.00642717 0.279371 0.888909 0.363033 1 
0.0901977 0.224721 -0.00684844 0.261603 0.924902 0.275898 1 
0.0896531 0.224951 -0.00632852 0.261362 0.885644 0.383829 1 
0.08947 0.225015 -0.00627922 0.274921 0.870331 0.408585 1 
0.0891239 0.225297 -0.00630507 0.234489 0.895188 0.379017 1 
0.0895365 0.224788 -0.00655133 0.285024 0.890887 0.353669 1 
0.0893533 0.224851 -0.006502 0.275332 0.880159 0.386668 1 
0.0890073 0.225133 -0.00652789 0.220263 0.902932 0.36905 1 
0.0891351 0.224641 -0.0066379 0.264443 0.88596 0.380978 1 
0.0887826 0.224628 -0.00671245 0.220263 0.902932 0.36905 1 
0.132538 0.243152 0.0257246 -0.573636 0.31333 0.756813 0 
0.132286 0.242928 0.0258864 -0.577795 0.291285 0.762434 0 
0.132008 0.242509 0.0258007 -0.564403 0.234779 0.791409 0 
0.131639 0.242851 0.0252041 -0.555442 0.124571 0.822172 0 
0.131112 0.242722 0.0254399 -0.545407 0.102716 0.831854 0 
0.132735 0.243939 0.0262555 -0.561447 0.224269 0.796543 0 
0.132635 0.244149 0.0260191 -0.553915 0.279325 0.784319 0 
0.132618 0.243775 0.0260327 -0.553915 0.279325 0.784319 0 
0.132646 0.243494 0.0256863 -0.55335 0.333946 0.763075 0 
0.132529 0.24333 0.0254635 -0.573398 0.287493 0.767178 0 
0.132452 0.243221 0.025315 -0.573859 0.27033 0.77305 0 
0.131883 0.243512 0.0252641 -0.540122 0.176029 0.822972 0 
0.132168 0.243494 0.0251279 -0.541408 0.202837 0.815925 0 
0.13203 0.243908 0.0253002 -0.541408 0.202837 0.815925 0 
0.132199 0.243727 0.0249411 -0.539051 0.198918 0.818447 0 
0.131525 0.244191 0.0250881 -0.531366 0.152453 0.833312 0 
0.132335 0.243057 0.0250922 -0.557554 0.227037 0.798491 0 
0.132143 0.243299 0.0248804 -0.546426 0.189206 0.815855 0 
0.131964 0.243144 0.0248188 -0.544893 0.162722 0.822565 0 
0.131699 0.243317 0.0248305 -0.545407 0.102716 0.831854 0 
0.131644 0.243877 0.0247171 -0.540932 0.137075 0.829821 0 
0.131327 0.244136 0.0248277 -0.542035 0.140309 0.82856 0 
0.130966 0.244301 0.0244921 -0.551929 0.0936694 0.828614 0 
0.131528 0.243714 0.0244943 -0.545407 0.102716 0.831854 0 
0.131261 0.244361 0.0242936 -0.545407 0.102716 0.831854 0 
0.130888 0.244192 0.0243436 -0.554923 0.0519801 0.830276 0 
0.130694 0.243189 0.0245079 -0.552494 0.0461577 0.832238 0 
0.130977 0.243646 0.0241593 -0.554433 0.0460864 0.830951 0 
0.13078 0.24385 0.0243818 -0.554433 0.0460864 0.830951 0 
0.130899 0.243536 0.0240107 -0.555272 0.0375748 0.83082 0 
0.130597 0.243913 0.0244312 -0.557192 0.0375167 0.829536 0 
0.130519 0.243804 0.0242826 -0.552494 0.0461577 0.832238 0 
0.130403 0.24364 0.0240598 -0.552494 0.0461577 0.832238 0 
0.131154 0.244275 0.0240086 -0.557348 0.0578513 0.828261 0 
0.129898 0.244181 0.0243307 -0.552494 0.0461577 0.832238 0 
0.129579 0.242205 0.0240639 -0.53396 -0.0177532 0.845323 0 
0.129371 0.242073 0.0238657 -0.531135 -0.0288213 0.846797 0 
0.129529 0.241814 0.023569 -0.527969 -0.0260556 0.848864 0 
0.13046 0.242606 0.0243856 -0.553709 0.0490628 0.831264 0 
0.130262 0.242552 0.0241252 -0.549999 0.0431645 0.834049 0 
0.129864 0.243176 0.0238749 -0.548349 0.0317683 0.835646 0 
0.12986 0.242405 0.0240386 -0.538618 -0.0067836 0.842523 0 
0.129335 0.242533 0.0239511 -0.531547 -0.0122351 0.846941 0 
0.129395 0.242998 0.0235775 -0.529978 -0.0232807 0.847692 0 
0.129889 0.243371 0.0241224 -0.553217 0.0431983 0.831916 0 
0.129479 0.242415 0.0238275 -0.529978 -0.0232807 0.847692 0 
0.129657 0.242311 0.0234062 -0.531135 -0.0288213 0.846797 0 
0.129285 0.242142 0.0234562 -0.527991 -0.0574208 0.847307 0 
0.128936 0.24191 0.0232707 -0.541589 -0.0753392 0.83726 0 
0.128965 0.241884 0.0226009 -0.581227 -0.061107 0.811444 0 
0.128848 0.24172 0.0223781 -0.598247 -0.138746 0.789209 0 
0.129141 0.243248 0.023527 -0.523315 -0.0458074 0.850907 0 
0.128862 0.243562 0.0237119 -0.525391 -0.0429739 0.849775 0 
0.128601 0.243516 0.0236127 -0.517674 -0.0427944 0.854507 0 
0.12901 0.242237 0.0235301 -0.526067 -0.069108 0.847631 0 
0.129024 0.243085 0.0233042 -0.51276 -0.071646 0.855537 0 
0.128837 0.243367 0.0234644 -0.51276 -0.071646 0.855537 0 
0.128721 0.243203 0.0232416 -0.530921 -0.0515593 0.845851 0 
0.128604 0.243039 0.0230188 -0.570717 -0.0151274 0.821007 0 
0.128485 0.243353 0.0233899 -0.549828 -0.0205671 0.835025 0 
0.128387 0.244077 0.0233131 -0.526823 -0.0544989 0.848226 0 
0.128522 0.24216 0.023034 -0.583308 -0.0320193 0.81162 0 
0.128797 0.242065 0.02296 -0.568599 -0.0463303 0.821309 0 
0.128483 0.242106 0.0229597 -0.595365 -0.0350215 0.802692 0 
0.127988 0.242466 0.0226855 -0.673447 0.035296 0.738392 0 
0.128487 0.242876 0.022796 -0.5944 0.0151703 0.804026 0 
0.128135 0.242862 0.0227215 -0.640711 0.0705502 0.764534 0 
0.128282 0.243258 0.0227575 -0.600092 0.0207884 0.799661 0 
0.127733 0.242716 0.0226349 -0.692039 0.114105 0.712785 0 
0.12825 0.241779 0.0225141 -0.688487 0.0210332 0.724944 0 
0.128377 0.24202 0.0226746 -0.626469 -0.0705678 0.776245 0 
0.127497 0.241877 0.0228359 -0.685223 -0.0324951 0.727608 0 
0.127871 0.242302 0.0224626 -0.697841 0.0440592 0.714896 0 
0.127567 0.241432 0.0224528 -0.698512 -0.0619299 0.712914 0 
0.12738 0.241713 0.0226131 -0.711203 -0.0153698 0.702819 0 
0.127755 0.242138 0.0222397 -0.70429 0.00972392 0.709846 0 
0.127597 0.242397 0.0225366 -0.713333 0.0500334 0.699037 0 
0.127363 0.24207 0.022091 -0.682818 -0.0983845 0.723934 0 
0.127225 0.242484 0.0222632 -0.711203 -0.0153698 0.702819 0 
0.127089 0.242165 0.022165 -0.697877 -0.0739952 0.712385 0 
0.126232 0.240971 0.0221435 -0.604823 -0.303214 0.736376 0 
0.12733 0.241323 0.0221182 -0.697877 -0.0739952 0.712385 0 
0.127303 0.241604 0.0224645 -0.682818 -0.0983845 0.723934 0 
0.127253 0.241214 0.0219696 -0.693282 -0.0770314 0.716537 0 
0.126893 0.241637 0.0221169 -0.671354 -0.136674 0.728426 0 
0.126815 0.241527 0.0219684 -0.632235 -0.215923 0.74408 0 
0.126992 0.242157 0.0218176 -0.678323 -0.114291 0.725821 0 
0.126953 0.241114 0.0217961 -0.632235 -0.215923 0.74408 0 
0.126853 0.241324 0.0215597 -0.629083 -0.223223 0.744597 0 
0.126867 0.241183 0.0213865 -0.634734 -0.219895 0.740783 0 
0.12675 0.241019 0.0211637 -0.600509 -0.299454 0.741429 0 
0.126679 0.242197 0.0218173 -0.636779 -0.209161 0.742135 0 
0.126012 0.241235 0.0217952 -0.637617 -0.222932 0.737391 0 
0.126384 0.241146 0.0212623 -0.618078 -0.268522 0.738834 0 
0.126267 0.241971 0.0209868 -0.60779 -0.268189 0.747439 0 
0.125886 0.24198 0.0207757 -0.650779 0.613974 0.446679 0 
0.126318 0.24064 0.0212639 -0.562676 -0.404269 0.721084 0 
0.12631 0.240819 0.0210029 -0.438244 -0.578215 0.688193 0 
0.126633 0.240856 0.0209409 -0.584245 -0.353151 0.730713 0 
0.126359 0.240951 0.0210149 -0.444455 -0.574296 0.687491 0 
0.126203 0.240733 0.0207178 -0.644289 0.61082 0.460207 0 
0.126655 0.240276 0.0197396 -0.0870688 0.967852 -0.235969 0 
0.126497 0.240534 0.0200364 -0.0985107 0.963358 -0.249475 0 
0.12629 0.240661 0.0203212 -0.680871 0.359303 0.638214 0 
0.126039 0.240693 0.0201597 -0.671715 0.223905 0.706162 0 
0.126472 0.240339 0.0197889 -0.100798 0.965873 -0.238597 0 
0.126203 0.24073 0.0199116 -0.111778 0.964888 -0.237689 0 
0.125884 0.240475 0.0198626 -0.113307 0.96884 -0.220249 0 
0.126045 0.240991 0.0210146 -0.319115 -0.707885 0.630131 0 
0.126012 0.241233 0.020989 -0.319115 -0.707885 0.630131 0 
0.126081 0.240532 0.0209292 -0.680786 0.483408 0.550316 0 
0.125871 0.240874 0.0205187 -0.675065 0.29023 0.678272 0 
0.125692 0.240977 0.02094 -0.682397 0.398202 0.613 0 
0.126181 0.24204 0.0205772 -0.5238 -0.441181 0.728693 0 
0.126136 0.24169 0.0204543 -0.650779 0.613974 0.446679 0 
0.1259 0.241839 0.0206025 -0.664201 0.553221 0.502775 0 
0.125673 0.241808 0.0202056 -0.665421 0.304514 0.681532 0 
0.125575 0.241544 0.0201816 -0.651541 0.237067 0.72062 0 
0.125595 0.241702 0.0208632 -0.680666 0.43769 0.58747 0 
0.125478 0.241538 0.0206404 -0.668475 0.312386 0.674949 0 
0.125392 0.241607 0.0202309 -0.651541 0.237067 0.72062 0 
0.12494 0.241073 0.0204556 -0.639263 0.162473 0.751628 0 
0.125459 0.24138 0.0199588 -0.646049 0.192735 0.738562 0 
0.125245 0.241211 0.0201948 -0.646049 0.192735 0.738562 0 
0.126364 0.241716 0.0192387 -0.217136 0.967477 -0.129768 0 
0.12628 0.241311 0.0190416 -0.256477 0.964604 -0.0613043 0 
0.126064 0.241616 0.0190653 -0.270488 0.962146 -0.0333478 0 
0.125958 0.241791 0.0200694 -0.691292 0.394317 0.605499 0 
0.126185 0.241819 0.01966 -0.138097 0.966682 -0.215535 0 
0.125862 0.241782 0.019722 -0.148737 0.966143 -0.210818 0 
0.126089 0.241811 0.0193127 -0.120048 0.964255 -0.236223 0 
0.12603 0.241601 0.019363 -0.113954 0.966689 -0.229188 0 
0.125767 0.240311 0.0196398 -0.127097 0.966705 -0.222098 0 
0.124943 0.240597 0.0198617 -0.595721 -0.015204 0.803048 0 
0.12514 0.240392 0.0196392 -0.178483 0.969458 -0.168211 0 
0.124371 0.241106 0.0199218 -0.570651 -0.0319343 0.820571 0 
0.124254 0.240942 0.019699 -0.540303 -0.0751602 0.838107 0 
0.124138 0.240779 0.0194762 -0.494277 -0.183674 0.849679 0 
0.124032 0.240951 0.0196741 -0.553711 -0.0123047 0.832618 0 
0.123915 0.240788 0.0194512 -0.492305 -0.176992 0.852238 0 
0.123838 0.240678 0.0193027 -0.497263 -0.14145 0.855992 0 
0.123061 0.240838 0.0190537 -0.518711 0.802505 0.29483 0 
0.123142 0.24047 0.0186084 -0.536791 0.777145 0.328484 0 
0.122925 0.240519 0.0189554 -0.533148 0.774756 0.339862 0 
0.122654 0.240396 0.0189185 -0.577229 0.693673 0.430842 0 
0.122808 0.240355 0.0187327 -0.580048 0.677001 0.453006 0 
0.122681 0.240114 0.0185721 -0.607011 0.650488 0.456512 0 
0.122547 0.24031 0.0186334 -0.603572 0.65373 0.456441 0 
0.122259 0.240545 0.0188806 -0.559975 0.812189 0.163639 0 
0.122162 0.240537 0.0185333 -0.559053 0.817077 0.140875 0 
0.122565 0.23995 0.0183493 -0.568026 0.807825 0.157369 0 
0.122359 0.240333 0.0183108 -0.564349 0.809848 0.160173 0 
0.122314 0.239982 0.0181878 -0.559927 0.821711 0.106168 0 
0.122197 0.239819 0.017965 -0.5183 0.854716 -0.0287185 0 
0.122208 0.239164 0.0176322 -0.497276 0.865732 -0.056792 0 
0.121773 0.239003 0.0178433 -0.398437 0.887226 -0.232545 0 
0.122508 0.239264 0.0178057 -0.554636 0.82839 0.078419 0 
0.121792 0.239891 0.0179894 -0.497276 0.865732 -0.056792 0 
0.121714 0.239782 0.0178408 -0.497276 0.865732 -0.056792 0 
0.121559 0.239564 0.0175437 -0.398437 0.887226 -0.232545 0 
0.121395 0.238794 0.0175213 -0.39871 0.887834 -0.22974 0 
0.121269 0.238553 0.0173607 -0.388861 0.891572 -0.232134 0 
0.121481 0.239455 0.0173952 -0.398437 0.887226 -0.232545 0 
0.121268 0.239283 0.0168251 0.628063 0.055543 -0.776178 0 
0.121284 0.239659 0.0176177 -0.398437 0.887226 -0.232545 0 
0.121071 0.239487 0.0170476 -0.388861 0.891572 -0.232134 0 
0.121152 0.238389 0.0171379 0.632167 0.0438415 -0.773591 0 
0.120983 0.238312 0.017014 0.587694 0.122252 -0.799794 0 
0.120511 0.238611 0.0173106 0.587694 0.122252 -0.799794 0 
0.120095 0.238347 0.0169142 0.60817 0.104048 -0.786958 0 
0.120771 0.238398 0.0169268 0.609742 0.0916796 -0.78728 0 
0.120563 0.238267 0.0167287 0.607743 0.0947322 -0.788463 0 
0.120252 0.238821 0.016888 0.60573 0.0977925 -0.789638 0 
0.120673 0.239123 0.0168501 0.609742 0.0916796 -0.78728 0 
0.120419 0.239373 0.0167995 0.609742 0.0916796 -0.78728 0 
0.120292 0.238143 0.0166917 0.609742 0.0916796 -0.78728 0 
0.1202 0.238175 0.0167164 0.61033 0.0884326 -0.787196 0 
0.120136 0.237925 0.0163947 0.656737 -0.0617937 -0.751583 0 
0.119871 0.238098 0.0164064 0.656737 -0.0617937 -0.751583 0 
0.119833 0.238043 0.0163321 0.687433 -0.183008 -0.702812 0 
0.119518 0.238814 0.0157961 0.706496 -0.457144 -0.540262 0 
0.120011 0.23794 0.0159108 0.705835 -0.340691 -0.621069 0 
0.119913 0.237676 0.0158868 0.710063 -0.387157 -0.58815 0 
0.119441 0.238705 0.0156476 0.720987 -0.435907 -0.538668 0 
0.119285 0.238487 0.0153505 0.772443 -0.0676067 -0.631476 0 
0.11913 0.237539 0.0155891 0.776261 -0.11342 -0.620125 0 
0.118503 0.23762 0.0155885 0.774904 -0.138856 -0.616638 0 
0.118378 0.237635 0.0151047 0.762886 -0.0857338 -0.640824 0 
0.119002 0.23876 0.0151635 0.787865 -0.110037 -0.605937 0 
0.11829 0.237448 0.0150184 0.764296 -0.139099 -0.629685 0 
0.118067 0.237198 0.0145105 0.743794 -0.139743 -0.653637 0 
0.118475 0.23764 0.0146458 0.760031 -0.0951869 -0.642878 0 
0.118133 0.236971 0.0142384 0.74578 -0.179171 -0.641646 0 
0.118317 0.237899 0.0149426 0.750421 -0.0469903 -0.659288 0 
0.117604 0.238308 0.0150153 0.752592 -0.0768543 -0.653987 0 
0.118023 0.237106 0.0148705 0.75602 -0.142787 -0.638784 0 
0.117781 0.237949 0.0149173 0.748279 -0.0828192 -0.658195 0 
0.118259 0.237945 0.0146695 0.754246 -0.0617763 -0.65368 0 
0.11799 0.238078 0.0143092 0.749293 -0.0920185 -0.655814 0 
0.117713 0.236928 0.0147592 0.744469 -0.202756 -0.636126 0 
0.117627 0.236998 0.0143497 0.724836 -0.18621 -0.663279 0 
0.117507 0.236059 0.0126781 -0.688189 0.336773 0.642635 0 
0.117272 0.236464 0.0125031 -0.668005 0.244777 0.702747 0 
0.117253 0.235577 0.012357 -0.660294 0.326091 0.676518 0 
0.117597 0.235769 0.0121706 -0.666826 0.326112 0.670071 0 
0.117017 0.235726 0.0125053 -0.664647 0.341305 0.664647 0 
0.11697 0.236111 0.0134591 -0.676706 0.311705 0.667015 0 
0.117001 0.236344 0.0132723 -0.670862 0.25534 0.696237 0 
0.116854 0.235947 0.0132363 -0.674165 0.30879 0.670932 0 
0.117054 0.236257 0.0131734 -0.670862 0.25534 0.696237 0 
0.116815 0.235893 0.013162 -0.668475 0.312386 0.674949 0 
0.116504 0.236448 0.0133213 -0.661126 0.255255 0.705519 0 
0.117026 0.236536 0.0127136 -0.662813 0.237731 0.710044 0 
0.116937 0.236094 0.0129506 -0.666026 0.279507 0.691581 0 
0.116798 0.236249 0.0126399 -0.643187 0.25443 0.722202 0 
0.116682 0.236344 0.0129 -0.650751 0.258084 0.714084 0 
0.11692 0.23645 0.0124285 -0.638327 0.236824 0.732429 0 
0.116055 0.236425 0.0128995 -0.618194 0.236322 0.749658 0 
0.116096 0.236736 0.0126504 -0.615612 0.222867 0.755878 0 
0.115241 0.236788 0.0130591 -0.60336 0.215597 0.767772 0 
0.116783 0.23712 0.0122774 -0.628126 0.19197 0.754059 0 
0.116401 0.236873 0.0123897 -0.620014 0.226453 0.7512 0 
0.115929 0.237173 0.0126861 -0.620126 0.208771 0.756213 0 
0.116234 0.23731 0.0124254 -0.620126 0.208771 0.756213 0 
0.115684 0.237501 0.0125733 -0.59775 0.201299 0.775999 0 
0.115576 0.237159 0.0126116 -0.59775 0.201299 0.775999 0 
0.116535 0.235948 0.012864 -0.632921 0.278995 0.7222 0 
0.115893 0.235911 0.0125537 0.0557332 -0.658795 0.750255 0 
0.116546 0.236025 0.0128018 -0.632921 0.278995 0.7222 0 
0.116488 0.236072 0.0125287 -0.616255 0.23678 0.751109 0 
0.116793 0.236209 0.012268 -0.616255 0.23678 0.751109 0 
0.116301 0.236353 0.012689 -0.629351 0.247639 0.736609 0 
0.115802 0.236932 0.0125256 -0.604292 0.211734 0.768115 0 
0.115467 0.236561 0.0129731 -0.60336 0.215597 0.767772 0 
0.115429 0.236762 0.0125755 -0.593405 0.204994 0.778362 0 
0.115155 0.236858 0.0126495 0.172924 -0.680983 0.711589 0 
0.115303 0.236521 0.012415 0.085757 -0.626462 0.77472 0 
0.115028 0.236616 0.0124889 -0.547051 0.202668 0.812195 0 
0.114689 0.235473 0.0122939 -0.385561 0.895734 -0.221368 0 
0.115166 0.236202 0.0123167 -0.527366 0.202132 0.825244 0 
0.114764 0.236056 0.0122301 -0.465506 0.106118 0.87866 0 
0.114891 0.236298 0.0123907 -0.527366 0.202132 0.825244 0 
0.11462 0.236174 0.0123537 -0.465506 0.106118 0.87866 0 
0.114353 0.235833 0.0122058 -0.459892 0.874811 -0.15233 0 
0.114628 0.235738 0.0121318 -0.467991 0.100385 0.878013 0 
0.114167 0.235382 0.0120955 -0.38376 0.921292 -0.0628457 0 
0.114531 0.235729 0.0117845 -0.46116 0.0619469 0.885152 0 
0.114267 0.235902 0.0117963 -0.475196 0.0766446 0.876535 0 
0.114131 0.235839 0.0113746 -0.52706 0.139473 0.838305 0 
0.113992 0.235997 0.0118702 -0.410506 0.903674 -0.121891 0 
0.113836 0.235779 0.0115731 -0.375356 0.919829 -0.114119 0 
0.113759 0.23567 0.0114246 -0.404541 0.914445 -0.011707 0 
0.113556 0.234845 0.0113279 0.179013 0.656382 -0.732883 0 
0.113886 0.235178 0.0113146 -0.444459 0.893046 0.0701777 0 
0.113093 0.235697 0.0113497 0.0380608 0.782362 -0.62166 0 
0.113662 0.235662 0.0110773 -0.411185 0.910953 -0.0330534 0 
0.113282 0.235929 0.0113491 -0.419421 0.905352 -0.0665101 0 
0.113165 0.235766 0.0111263 0.0380608 0.782362 -0.62166 0 
0.113525 0.235343 0.010979 0.114087 0.718599 -0.686003 0 
0.113232 0.235539 0.0108542 0.0497214 0.76855 -0.637854 0 
0.112859 0.235369 0.0109041 -0.104464 0.860037 -0.499423 0 
0.112932 0.235438 0.0106807 -0.104464 0.860037 -0.499423 0 
0.112979 0.235056 0.0105331 -0.136702 0.87633 -0.461908 0 
0.112626 0.235042 0.0104585 -0.209757 0.893301 -0.397512 0 
0.112699 0.235111 0.0102351 -0.220945 0.899874 -0.376045 0 
0.112784 0.234784 0.0101617 -0.272964 0.909394 -0.313836 0 
0.112548 0.234933 0.01031 -0.272964 0.909394 -0.313836 0 
0.112393 0.234715 0.0100129 -0.263148 0.904112 -0.336653 0 
0.11218 0.234807 0.0115381 -0.193403 0.897217 -0.396986 0 
0.112338 0.234548 0.0112414 -0.220945 0.899874 -0.376045 0 
0.112763 0.235361 0.0105568 -0.119426 0.864761 -0.487777 0 
0.112351 0.235137 0.0105325 -0.233154 0.89889 -0.370994 0 
0.111961 0.234339 0.0109193 -0.287922 0.910536 -0.296691 0 
0.111178 0.234202 0.0106217 -0.680133 0.617249 0.395503 0 
0.112235 0.234974 0.0103097 -0.28305 0.907813 -0.309448 0 
0.11204 0.234701 0.00993833 -0.318625 0.912229 -0.257519 0 
0.110329 0.23231 0.00908916 -0.625234 -0.35098 0.697062 0 
0.112119 0.234078 0.0098163 -0.320624 0.912546 -0.253888 0 
0.11124 0.233935 0.00997752 -0.671747 0.67819 0.298017 0 
0.111591 0.23369 0.0095692 -0.511727 0.856617 -0.0658936 0 
0.111158 0.234044 0.00993992 -0.686383 0.640733 0.344007 0 
0.111885 0.234483 0.00964126 -0.347502 0.912734 -0.214846 0 
0.11164 0.234811 0.00952844 -0.3135 0.905177 -0.287007 0 
0.111799 0.234552 0.00923166 -0.347265 0.90812 -0.233932 0 
0.111514 0.23457 0.00936791 -0.474092 0.87686 -0.0797145 0 
0.111327 0.234852 0.00952817 -0.611864 0.770552 0.178524 0 
0.11121 0.234688 0.00930536 -0.609831 0.781948 0.129088 0 
0.111336 0.233941 0.00951867 -0.624938 0.770411 0.126175 0 
0.11133 0.233645 0.00946993 -0.681385 0.703115 0.203329 0 
0.111259 0.233832 0.00937009 -0.671441 0.71466 0.19603 0 
0.111083 0.233458 0.00919752 -0.687701 0.708955 0.156365 0 
0.111205 0.233659 0.00898613 -0.632755 0.771125 0.0706264 0 
0.110556 0.233329 0.00943334 -0.690776 0.705958 0.156373 0 
0.111114 0.23468 0.00895798 -0.659422 0.732521 0.169043 0 
0.111399 0.234662 0.00882183 -0.6205 0.774514 0.122915 0 
0.111046 0.234648 0.00874722 -0.650572 0.748828 0.126541 0 
0.110929 0.234485 0.00852443 -0.657709 0.745992 0.104468 0 
0.111026 0.233504 0.0089245 -0.670288 0.735107 0.101648 0 
0.110948 0.233395 0.00877596 -0.544707 -0.454756 0.704621 0 
0.110353 0.233235 0.00880092 -0.60587 -0.376001 0.701102 0 
0.110556 0.233327 0.00862712 -0.60587 -0.376001 0.701102 0 
0.110184 0.233158 0.00867707 -0.63204 -0.344601 0.694101 0 
0.109909 0.233253 0.00875102 -0.63737 -0.343952 0.689533 0 
0.110478 0.233951 0.00874914 -0.599766 0.800146 0.00686231 0 
0.11042 0.233008 0.00852881 -0.63204 -0.344601 0.694101 0 
0.109792 0.233089 0.00852822 0.540303 -0.838107 0.0751602 0 
0.109753 0.233035 0.00845398 0.539133 -0.839123 0.0721674 0 
0.109971 0.232986 0.00810696 0.539133 -0.839123 0.0721674 0 
0.109873 0.232722 0.0080829 0.649195 -0.759515 -0.0410167 0 
0.109706 0.233159 0.00811863 0.633892 -0.773209 -0.0181112 0 
0.109834 0.232667 0.00800864 0.645226 -0.763307 -0.0323316 0 
0.109601 0.23234 0.00756305 0.735681 -0.649312 -0.192789 0 
0.109248 0.232326 0.00748849 0.7227 -0.67097 -0.165841 0 
0.109093 0.232108 0.00719142 0.709306 -0.681731 -0.179242 0 
0.10929 0.231904 0.0069689 0.711474 -0.677667 -0.185936 0 
0.109457 0.233446 0.00763388 0.629524 -0.77683 -0.0152865 0 
0.10934 0.233283 0.00741108 0.745297 -0.637283 -0.195968 0 
0.108812 0.232896 0.00716394 0.717549 -0.67471 -0.172885 0 
0.108526 0.232655 0.00681727 0.699842 -0.699842 -0.142978 0 
0.108487 0.2326 0.00674301 0.694092 -0.706137 -0.140023 0 
0.108726 0.232965 0.00675437 0.70261 -0.693505 -0.159339 0 
0.108507 0.232755 0.00661847 0.694969 -0.704014 -0.14623 0 
0.108782 0.231672 0.00659724 0.68698 -0.711137 -0.149475 0 
0.107871 0.232026 0.00640959 0.671356 -0.717444 -0.18589 0 
0.10837 0.232437 0.00652018 0.68698 -0.711137 -0.149475 0 
0.108391 0.232592 0.00639567 0.68698 -0.711137 -0.149475 0 
0.108345 0.232241 0.00627273 0.67471 -0.717549 -0.172885 0 
0.108061 0.232259 0.00640894 0.67471 -0.717549 -0.172885 0 
0.107805 0.232253 0.0066817 0.67445 -0.720124 -0.162903 0 
0.107754 0.231863 0.00618675 0.664997 -0.723357 -0.185831 0 
0.107538 0.231179 0.00626327 0.637335 -0.757304 -0.142463 0 
0.107924 0.23194 0.00631067 0.671356 -0.717444 -0.18589 0 
0.106394 0.23022 0.00648896 0.636057 -0.761183 -0.126616 0 
0.10737 0.230371 0.00667508 0.633196 -0.759534 -0.148899 0 
0.107056 0.230412 0.00667475 0.641646 -0.74578 -0.179171 0 
0.107214 0.230153 0.00637798 0.640219 -0.756623 -0.132819 0 
0.106787 0.230545 0.0063145 0.635138 -0.766546 -0.0949057 0 
0.10666 0.230303 0.00615394 0.655089 -0.737165 -0.165672 0 
0.106371 0.229551 0.00645386 0.695605 -0.676677 -0.241332 0 
0.106543 0.23014 0.00593115 0.667816 -0.725622 -0.165813 0 
0.106354 0.229907 0.00593178 0.700043 -0.668438 -0.251257 0 
0.106467 0.230287 0.00545931 0.674187 -0.725239 -0.139642 0 
0.107075 0.231039 0.00553162 0.672411 -0.706734 -0.219977 0 
0.107263 0.231013 0.0050481 0.672501 -0.709775 -0.209671 0 
0.10735 0.230941 0.00465149 0.695073 -0.676159 -0.2443 0 
0.107016 0.230827 0.00477564 0.686841 -0.705197 -0.175917 0 
0.106863 0.231123 0.0046382 0.692409 -0.689297 -0.213168 0 
0.106991 0.230631 0.00452821 0.657252 -0.748008 -0.0922201 0 
0.10693 0.230896 0.00436608 0.677246 -0.719668 -0.153024 0 
0.106874 0.230468 0.00430538 0.660901 -0.74552 -0.0860777 0 
0.106758 0.230304 0.00408261 0.685999 -0.71589 -0.130026 0 
0.106696 0.230569 0.00392051 0.681736 -0.723143 -0.110911 0 
0.106852 0.230787 0.00421752 0.638314 -0.768525 -0.0438753 0 
0.105806 0.23009 0.00366104 0.812489 -0.472229 -0.34185 0 
0.106619 0.23046 0.00377193 0.718686 -0.666137 -0.199377 0 
0.106217 0.230314 0.00368536 0.793706 -0.468496 -0.387998 0 
0.10603 0.230595 0.00384565 0.77955 -0.522379 -0.345574 0 
0.105914 0.230432 0.00362283 0.781622 -0.542837 -0.307236 0 
0.105604 0.230254 0.00351159 0.838288 -0.397911 -0.372747 0 
0.105987 0.230762 0.0046885 0.707386 -0.682834 -0.182601 0 
0.105881 0.230676 0.00440344 0.779478 -0.528759 -0.335899 0 
0.105636 0.231004 0.00429067 0.795656 -0.470964 -0.380951 0 
0.105764 0.230512 0.00418061 0.793706 -0.468496 -0.387998 0 
0.10552 0.23084 0.00406787 0.778511 -0.556533 -0.290158 0 
0.105647 0.230349 0.00395784 0.796412 -0.513455 -0.319519 0 
0.105256 0.23028 0.00380903 0.801464 -0.550328 -0.234083 0 
0.105024 0.230211 0.00384629 0.79917 -0.550884 -0.240527 0 
0.104344 0.22939 0.00399742 0.8145 -0.518602 -0.260079 0 
0.105487 0.23009 0.00328879 0.838164 -0.346232 -0.421432 0 
0.105129 0.230039 0.00364845 0.79917 -0.550884 -0.240527 0 
0.105013 0.229875 0.00342566 0.827015 -0.419042 -0.374766 0 
0.104496 0.229824 0.0035992 0.827015 -0.419042 -0.374766 0 
0.104938 0.230281 0.00343673 0.827015 -0.419042 -0.374766 0 
0.105289 0.230036 0.00302836 0.851056 -0.245116 -0.464351 0 
0.105289 0.230036 0.00302836 0.851056 -0.245116 -0.464351 0 
0.104801 0.229962 0.00333844 0.828109 -0.41643 -0.375262 0 
0.105048 0.230146 0.00280462 0.861274 -0.250635 -0.442029 0 
0.104104 0.229756 0.00345029 0.832392 -0.380657 -0.40277 0 
0.104714 0.230031 0.00292887 0.837592 -0.35358 -0.416439 0 
0.104928 0.2302 0.00269277 0.864118 -0.243648 -0.440382 0 
0.10444 0.230126 0.00300284 0.837592 -0.35358 -0.416439 0 
0.10039 0.227399 0.000392154 -0.0373471 0.0565542 -0.997701 0 
0.0999449 0.22617 -8.79019e-005 0.428881 -0.710387 -0.558043 0 
0.100046 0.226946 -0.000710487 0.407678 -0.810559 -0.420468 0 
0.10018 0.227741 -1.83433e-005 -0.102125 0.180873 -0.97819 0 
0.0997685 0.227518 -4.26471e-005 -0.0904088 0.438135 -0.894351 0 
0.099358 0.226561 -0.000337481 0.460984 -0.756275 -0.464265 0 
0.0994257 0.226593 -0.000126705 0.460984 -0.756275 -0.464265 0 
0.0989252 0.226915 3.31998e-005 0.460984 -0.756275 -0.464265 0 
0.099004 0.226292 -8.88109e-005 0.64592 0.172551 -0.743648 0 
0.0996796 0.227073 -0.000611827 0.421444 -0.796062 -0.434362 0 
0.0985843 0.227235 -0.000426963 0.4303 0.525922 -0.733653 0 
0.0991301 0.227263 -0.000463948 0.466307 -0.767362 -0.440129 0 
0.0988079 0.227482 -0.000725269 0.4303 0.525922 -0.733653 0 
0.0993073 0.227892 -0.000614643 0.453061 -0.743021 -0.492601 0 
0.0990767 0.228079 -0.000900671 0.468238 -0.698191 -0.541556 0 
0.0993798 0.226972 -0.000785396 0.466307 -0.767362 -0.440129 0 
0.0985081 0.227382 -0.000898749 0.564966 -0.262812 -0.78214 0 
0.0985342 0.226844 -0.000921816 0.569436 -0.579575 -0.582954 0 
0.0987993 0.22766 -0.000986293 0.568258 0.200652 -0.798011 0 
0.0981589 0.227152 -0.000278056 0.523879 -0.567676 -0.635056 0 
0.0978879 0.227029 -0.000314966 0.384138 0.697383 -0.605058 0 
0.0980625 0.227143 -0.000625327 0.39063 0.693905 -0.6049 0 
0.0975789 0.226846 -0.00203867 -0.475495 -0.599829 0.643514 0 
0.0972178 0.22701 -0.00237425 -0.482794 -0.603913 0.634192 0 
0.0971012 0.226846 -0.00259709 -0.488914 -0.599802 0.633404 0 
0.0966706 0.226726 -0.002014 -0.509651 -0.546656 0.664397 0 
0.0970362 0.227329 -0.00264826 -0.48287 -0.610738 0.627563 0 
0.0968377 0.226286 -0.00285588 -0.493953 -0.544186 0.678139 0 
0.0967727 0.226769 -0.00290707 -0.479315 -0.620587 0.620587 0 
0.0965645 0.226637 -0.00310525 -0.506517 -0.583924 0.634408 0 
0.0963096 0.225899 -0.00310306 -0.57058 -0.473531 0.670975 0 
0.0962546 0.22646 -0.00321646 -0.557132 -0.523469 0.644658 0 
0.0960565 0.226405 -0.0034769 -0.56845 -0.517846 0.639296 0 
0.0955986 0.226564 -0.00335358 -0.586414 -0.528956 0.613453 0 
0.0969196 0.227166 -0.00287104 -0.468488 -0.633047 0.616255 0 
0.0964531 0.226511 -0.00376226 -0.565167 -0.521303 0.639398 0 
0.0959298 0.226164 -0.00363739 -0.579013 -0.488385 0.652858 0 
0.0955773 0.22615 -0.00371203 -0.57576 -0.478401 0.663048 0 
0.095236 0.225481 -0.00411935 -0.387571 -0.406554 0.827346 0 
0.0950906 0.225341 -0.00447869 -0.339786 -0.398744 0.851792 0 
0.0949152 0.226222 -0.00180244 -0.592553 -0.471692 0.652983 0 
0.0955194 0.22719 -0.00242537 -0.542798 -0.573235 0.613818 0 
0.0955156 0.227408 -0.00231442 -0.530256 -0.530256 0.661557 0 
0.0948394 0.227358 -0.00232705 -0.605912 -0.538401 0.585658 0 
0.0943916 0.227594 -0.00226603 -0.591689 -0.520888 0.615289 0 
0.0953356 0.227984 -0.00291173 -0.596132 -0.548846 0.585999 0 
0.0951748 0.227728 -0.00277457 -0.596132 -0.548846 0.585999 0 
0.0947632 0.227504 -0.00279887 -0.604108 -0.563495 0.563495 0 
0.0949053 0.227861 -0.00313486 -0.604108 -0.563495 0.563495 0 
0.0952204 0.228076 -0.00345784 -0.622456 -0.565103 0.541486 0 
0.094736 0.227783 -0.00325875 -0.613916 -0.54965 0.566562 0 
0.0951629 0.228122 -0.00373091 -0.622456 -0.565103 0.541486 0 
0.0949547 0.22799 -0.00392903 -0.590753 -0.580597 0.560284 0 
0.0948679 0.228062 -0.00353244 -0.622456 -0.565103 0.541486 0 
0.0947715 0.228054 -0.00387976 -0.613916 -0.54965 0.566562 0 
0.0944968 0.228149 -0.00380576 -0.631823 -0.523992 0.571168 0 
0.0953127 0.226323 -0.00370029 -0.580283 -0.489456 0.650926 0 
0.0944687 0.226451 -0.00416009 -0.45562 -0.423191 0.783147 0 
0.0945016 0.226207 -0.00494073 -0.349434 -0.412113 0.841462 0 
0.094591 0.226649 -0.00517771 -0.406879 -0.44226 0.799284 0 
0.0939884 0.225937 -0.0048781 -0.343651 -0.250061 0.905192 0 
0.0945883 0.226135 -0.00533734 -0.347083 -0.400002 0.848252 0 
0.0944284 0.226865 -0.00605915 -0.707513 0.58877 0.390864 0 
0.0943017 0.226624 -0.0062197 -0.652432 0.585344 0.481357 0 
0.0934521 0.226717 -0.00543909 -0.680673 0.365759 0.634748 0 
0.0942991 0.22611 -0.00637934 -0.57925 0.345603 0.73826 0 
0.0933668 0.226053 -0.00611919 -0.649067 0.619033 0.442166 0 
0.0934643 0.225329 -0.00604239 -0.493367 0.591031 0.638178 0 
0.0939871 0.226406 -0.00670294 -0.667214 0.65082 0.362296 0 
