0.1059 0.2356 -0.0035 0.872437 -0.359059 -0.331557 2 
0.1058 0.2359 -0.0034 0.871477 -0.361717 -0.331192 2 
0.1063 0.2367 -0.0037 0.859383 -0.4074 -0.309009 2 
0.1056 0.2364 -0.0035 0.873262 -0.376432 -0.309375 2 
0.1059 0.2362 -0.0032 0.864927 -0.357954 -0.351809 2 
0.1056 0.2367 -0.0032 0.873982 -0.375432 -0.308554 2 
0.1061 0.2368 -0.0034 0.859383 -0.4074 -0.309009 2 
0.1059 0.2358 -0.0025 0.851431 -0.353336 -0.38758 2 
0.1058 0.2362 -0.0031 0.864927 -0.357954 -0.351809 2 
0.1058 0.2361 -0.0029 0.864027 -0.343455 -0.368097 2 
0.1059 0.2368 -0.0031 0.854056 -0.385953 -0.348753 2 
0.1059 0.2364 -0.0029 0.854147 -0.35189 -0.382893 2 
0.1061 0.2367 -0.0029 0.844033 -0.393047 -0.36486 2 
0.1058 0.2362 -0.0028 0.860598 -0.350729 -0.369269 2 
0.1058 0.2362 -0.0025 0.850492 -0.356056 -0.387153 2 
0.1061 0.2364 -0.0025 0.841231 -0.374403 -0.390068 2 
0.1058 0.2365 -0.0026 0.853478 -0.362223 -0.37466 2 
0.1061 0.2367 -0.0025 0.828408 -0.388069 -0.403908 2 
0.1058 0.2356 -0.0023 0.848598 -0.356567 -0.390822 2 
0.1067 0.2358 -0.0022 0.827123 -0.377978 -0.415934 2 
0.1061 0.2367 -0.0022 0.812404 -0.391039 -0.432537 2 
0.107 0.2364 -0.0022 0.769917 -0.442989 -0.459335 2 
0.1064 0.2364 -0.0019 0.801573 -0.406409 -0.438536 2 
0.1076 0.2368 -0.0025 0.754523 -0.442193 -0.484933 2 
0.1073 0.2364 -0.0023 0.774818 -0.438792 -0.455104 2 
0.1061 0.237 -0.0034 0.859383 -0.4074 -0.309009 2 
0.1078 0.2374 -0.0035 0.733606 -0.413787 -0.539077 2 
0.1061 0.237 -0.0031 0.837154 -0.403656 -0.369102 2 
0.1063 0.2373 -0.0028 0.811647 -0.41783 -0.408225 2 
0.1066 0.2376 -0.0029 0.800553 -0.433297 -0.413968 2 
0.107 0.2374 -0.0029 0.783221 -0.426475 -0.45242 2 
0.1067 0.237 -0.0028 0.794894 -0.417601 -0.440174 2 
0.1069 0.2368 -0.0025 0.79602 -0.418193 -0.437569 2 
0.107 0.2368 -0.0025 0.787928 -0.422278 -0.448164 2 
0.1066 0.2374 -0.0025 0.76346 -0.433227 -0.479002 2 
0.107 0.2374 -0.0028 0.745725 -0.426364 -0.511966 2 
0.1066 0.237 -0.0023 0.800594 -0.417211 -0.430098 2 
0.1079 0.2374 -0.0031 0.542076 -0.394684 -0.741875 2 
0.1073 0.2373 -0.0025 0.726468 -0.431909 -0.534508 2 
0.1082 0.237 -0.0031 0.666998 -0.417497 -0.617098 2 
0.107 0.2344 0.0002 0.673735 -0.525883 -0.519162 2 
0.1069 0.2347 0.0005 0.749665 -0.40518 -0.523289 2 
0.1067 0.235 0.0007 0.749665 -0.40518 -0.523289 2 
0.107 0.235 0.0005 0.699006 -0.492141 -0.518833 2 
0.107 0.235 0.0007 0.628376 0.738617 -0.244106 2 
0.1073 0.2343 0.0001 0.673735 -0.525883 -0.519162 2 
0.1073 0.2344 0.0005 0.509801 0.841696 -0.177907 2 
0.1073 0.2347 0.0001 0.685629 -0.504583 -0.524699 2 
0.1073 0.2347 0.0004 0.582197 0.79197 -0.183932 2 
0.1073 0.235 0.0007 0.510371 0.844701 -0.161248 2 
0.1073 0.2346 0.0008 0.63431 0.702446 -0.322833 2 
0.1073 0.2346 0.001 0.720596 0.576148 -0.38574 2 
0.1073 0.2352 0.001 0.495543 0.849715 -0.180062 2 
0.1076 0.2349 0.001 0.709585 0.591047 -0.383604 2 
0.1073 0.2349 0.0013 0.733032 0.555924 -0.391934 2 
0.1097 0.2347 0.0073 -0.932814 -0.297885 0.202786 2 
0.1097 0.2347 0.0076 -0.92431 -0.313783 0.217234 2 
0.1097 0.2347 0.0078 -0.910342 -0.345901 0.227224 2 
0.1097 0.235 0.0076 -0.92431 -0.313783 0.217234 2 
0.1097 0.235 0.0079 -0.901132 -0.377049 0.214001 2 
0.11 0.235 0.0078 -0.904573 -0.367347 0.216343 2 
0.1105 0.235 0.007 -0.933589 -0.295333 0.202954 2 
0.1105 0.235 0.0072 -0.92746 -0.309153 0.210337 2 
0.1105 0.235 0.0078 -0.900582 -0.37804 0.214563 2 
0.1102 0.2355 0.0076 -0.918306 -0.335617 0.209939 2 
0.11 0.2356 0.0078 -0.909646 -0.358957 0.209031 2 
0.1102 0.2353 0.0078 -0.901132 -0.377049 0.214001 2 
0.1105 0.2353 0.0076 -0.908086 -0.360628 0.212901 2 
0.1096 0.2352 0.0082 -0.895982 -0.390256 0.211937 2 
0.1096 0.2347 0.0084 -0.885851 -0.406693 0.223311 2 
0.1094 0.2347 0.0087 -0.880187 -0.423024 0.215223 2 
0.1099 0.2346 0.0082 -0.893975 -0.38734 0.225335 2 
0.1097 0.235 0.0082 -0.891657 -0.401026 0.210061 2 
0.1097 0.235 0.0084 -0.887544 -0.403161 0.222994 2 
0.1097 0.2352 0.0085 -0.872474 -0.441439 0.209572 2 
0.1099 0.2352 0.0084 -0.872474 -0.441439 0.209572 2 
0.1097 0.235 0.0088 -0.882242 -0.41211 0.227627 2 
0.11 0.235 0.0088 -0.885908 -0.391586 0.24865 2 
0.1102 0.235 0.0088 -0.885636 -0.389799 0.252399 2 
0.1099 0.2346 0.009 -0.888599 -0.374855 0.26434 2 
0.11 0.2347 0.009 -0.887895 -0.374557 0.267114 2 
0.11 0.2344 0.0093 -0.884609 -0.381684 0.267927 2 
0.11 0.2347 0.0093 -0.865117 -0.434831 0.24999 2 
0.1105 0.235 0.0082 -0.896384 -0.378277 0.231088 2 
0.1106 0.2352 0.0084 -0.889101 -0.390373 0.238974 2 
0.1106 0.235 0.0088 -0.887895 -0.374557 0.267114 2 
0.1105 0.2346 0.0096 -0.859044 -0.434862 0.270072 2 
0.1099 0.2355 0.0082 -0.898023 -0.384032 0.214649 2 
0.1097 0.2353 0.0082 -0.895982 -0.390256 0.211937 2 
0.11 0.2353 0.0082 -0.891657 -0.401026 0.210061 2 
0.11 0.2353 0.0084 -0.872474 -0.441439 0.209572 2 
0.1118 0.2332 0.0135 -0.97111 -0.190138 0.144199 2 
0.1118 0.2332 0.0138 -0.976983 -0.12819 0.170505 2 
0.1118 0.2329 0.0139 -0.975329 -0.152277 0.159828 2 
0.1115 0.2332 0.0139 -0.976983 -0.12819 0.170505 2 
0.1117 0.2335 0.0138 -0.978903 -0.1044 0.175638 2 
0.1115 0.2331 0.0142 -0.981369 -0.0883353 0.17062 2 
0.1118 0.2332 0.0142 -0.982281 -0.07556 0.171509 2 
0.1118 0.2335 0.0144 -0.986685 -0.0310134 0.159661 2 
0.1112 0.2335 0.0147 -0.987087 -0.0813727 0.13798 2 
0.1115 0.2335 0.0147 -0.990368 -0.0258553 0.136021 2 
0.1117 0.2332 0.0145 -0.986316 -0.0598122 0.153635 2 
0.1139 0.2311 0.0135 -0.974641 0.0854514 -0.206817 2 
0.1133 0.2329 0.0135 -0.980389 -0.148842 0.12916 2 
0.1123 0.2332 0.0136 -0.976199 -0.136243 0.168741 2 
0.1121 0.2335 0.0138 -0.981948 -0.0633901 0.17821 2 
0.1124 0.2335 0.0136 -0.978903 -0.1044 0.175638 2 
0.1121 0.2332 0.0144 -0.986991 -0.0240172 0.158971 2 
0.1121 0.2334 0.0142 -0.985435 -0.0102531 0.169745 2 
0.1136 0.2326 0.0136 -0.982418 -0.169548 0.0781605 2 
0.1124 0.2326 0.0145 -0.99415 -0.00977853 0.107564 2 
0.1118 0.2346 0.0132 -0.975279 0.141836 0.16945 2 
0.112 0.234 0.0138 -0.984318 -0.0337015 0.173156 2 
0.1118 0.2343 0.0138 -0.986131 0.0148205 0.165305 2 
0.1118 0.2346 0.0138 -0.985271 0.120914 0.120914 2 
0.112 0.2347 0.0142 -0.983345 0.153233 0.0977313 2 
0.112 0.2337 0.0144 -0.987068 -0.0499929 0.152304 2 
0.1118 0.2338 0.0147 -0.991045 0.025756 0.13102 2 
0.112 0.234 0.0147 -0.990882 0.060713 0.12028 2 
0.1114 0.2338 0.0148 -0.992181 -0.0279016 0.121651 2 
0.1112 0.2338 0.0151 -0.986889 0.154238 0.0475469 2 
0.1115 0.234 0.0151 -0.974033 0.223291 0.0374164 2 
0.1117 0.2338 0.015 -0.992925 0.0666468 0.0982759 2 
0.1118 0.2343 0.015 -0.979098 0.193893 0.0614194 2 
0.1115 0.234 0.0154 -0.967776 0.251789 -0.00357993 2 
0.1121 0.2344 0.0136 -0.985437 0.0217966 0.168637 2 
0.1123 0.2338 0.0139 -0.983852 -0.0149591 0.178359 2 
0.1123 0.2341 0.0139 -0.985656 0.0171319 0.167893 2 
0.1121 0.2337 0.0142 -0.984985 -0.0218375 0.171252 2 
0.1121 0.234 0.0142 -0.987889 0.00111626 0.15516 2 
0.1123 0.2341 0.0142 -0.988164 0.01694 0.15246 2 
0.1123 0.2343 0.0144 -0.989315 0.0684286 0.128739 2 
0.1124 0.2344 0.0144 -0.988487 0.0879437 0.123121 2 
0.1126 0.2346 0.0139 -0.986761 0.0692258 0.146665 2 
0.1121 0.2349 0.0136 -0.976983 0.170505 0.12819 2 
0.1123 0.2349 0.0139 -0.980485 0.16525 0.106495 2 
0.1121 0.2344 0.0141 -0.98895 0.0330029 0.14453 2 
0.1126 0.235 0.0142 -0.978774 0.184513 0.0892016 2 
0.1121 0.2338 0.0145 -0.990801 0.0144561 0.134553 2 
0.1124 0.2341 0.0144 -0.989367 0.0825441 0.119747 2 
0.1123 0.2341 0.0147 -0.989344 0.0969487 0.108629 2 
0.1124 0.2343 0.0147 -0.987252 0.119416 0.105228 2 
0.1123 0.2338 0.015 -0.989318 0.120023 0.0827345 2 
0.1124 0.2344 0.0151 -0.967037 0.253589 0.0230536 2 
0.1124 0.2346 0.0144 -0.987433 0.0884796 0.13095 2 
0.1126 0.2344 0.0147 -0.986803 0.124686 0.103312 2 
0.1121 0.2338 0.0153 -0.985543 0.162504 0.0479327 2 
0.1118 0.2359 0.0175 0.872887 -0.451899 0.183998 2 
0.112 0.2361 0.0171 0.895242 -0.422714 0.140905 2 
0.1117 0.2361 0.0174 0.872887 -0.451899 0.183998 2 
0.112 0.2364 0.0174 0.927439 -0.359841 0.101842 2 
0.112 0.2364 0.0177 0.925815 -0.359659 0.11624 2 
0.112 0.2368 0.0179 0.948421 -0.303023 0.0931368 2 
0.1133 0.2353 0.0166 0.975449 -0.105892 -0.193097 2 
0.1129 0.2358 0.0166 0.958485 -0.28395 -0.0260391 2 
0.1132 0.2365 0.0163 0.95052 -0.305753 0.0550099 2 
0.1135 0.2368 0.0163 0.955853 -0.291892 0.0338244 2 
0.113 0.2362 0.0165 0.964656 -0.259476 -0.045936 2 
0.1129 0.2361 0.0166 0.963072 -0.266487 -0.0384237 2 
0.1129 0.2364 0.0168 0.968996 -0.219707 -0.113028 2 
0.1124 0.2356 0.0171 0.962319 -0.266546 -0.0538098 2 
0.1123 0.2358 0.0171 0.962601 -0.261838 -0.0695704 2 
0.1126 0.2356 0.0168 0.961604 -0.271731 -0.0384642 2 
0.1127 0.2359 0.0168 0.961386 -0.271288 -0.0462565 2 
0.1126 0.2359 0.0171 0.958576 -0.279111 -0.0568325 2 
0.1121 0.2356 0.0174 0.969415 -0.203616 -0.137024 2 
0.1124 0.2358 0.0174 0.962818 -0.158505 -0.218763 2 
0.1129 0.2353 0.0168 0.972207 -0.0807069 -0.219771 2 
0.1124 0.2364 0.0171 0.937787 -0.338975 0.0751812 2 
0.1124 0.2365 0.0171 0.948097 -0.315182 0.0421093 2 
0.1127 0.2364 0.0169 0.968153 -0.227129 -0.105317 2 
0.1127 0.2368 0.0171 0.952237 -0.301309 0.0495824 2 
0.1124 0.2361 0.0174 0.96225 -0.246698 -0.114953 2 
0.1126 0.2362 0.0174 0.963664 -0.238658 -0.119974 2 
0.1124 0.2365 0.0174 0.96129 -0.267236 -0.0671257 2 
0.1123 0.2367 0.0175 0.952354 -0.301346 0.0470455 2 
0.1126 0.2364 0.0172 0.964429 -0.23821 -0.114598 2 
0.1126 0.2367 0.0174 0.964845 -0.252847 -0.071703 2 
0.1127 0.2368 0.0174 0.964278 -0.257057 -0.0639508 2 
0.1129 0.2362 0.0168 0.965189 -0.25228 -0.0690317 2 
0.1135 0.2364 0.0169 0.965051 -0.196657 -0.173214 2 
0.113 0.2362 0.0175 0.891562 -0.0760247 -0.446472 2 
0.1132 0.2368 0.0172 0.959449 -0.226298 -0.168069 2 
0.1123 0.2362 0.0177 0.958321 -0.23461 -0.163034 2 
0.1123 0.2368 0.0178 0.953974 -0.291456 0.0706172 2 
0.113 0.2361 0.0177 0.86252 -0.0483011 -0.503712 2 
0.113 0.2362 0.0177 0.851912 -0.0514205 -0.521154 2 
0.1129 0.2367 0.0177 0.930072 -0.212467 -0.299706 2 
0.1136 0.2356 0.018 0.775087 0.155017 -0.612544 2 
0.113 0.237 0.0166 0.954625 -0.295569 0.0364745 2 
0.1132 0.2371 0.0166 0.954486 -0.294563 0.0467762 2 
0.1135 0.2373 0.0168 0.949256 -0.306922 0.0686366 2 
0.1127 0.237 0.0175 0.952383 -0.290535 0.0925023 2 
0.113 0.237 0.0168 0.954625 -0.295569 0.0364745 2 
0.1132 0.2371 0.0168 0.955195 -0.292252 0.0468109 2 
0.1129 0.237 0.0171 0.954847 -0.294861 0.0363871 2 
0.1132 0.237 0.0169 0.963446 -0.262985 -0.0511013 2 
0.1133 0.2374 0.0171 0.948959 -0.305906 0.0768019 2 
0.1133 0.2376 0.0171 0.369382 -0.0115032 0.929206 2 
0.1129 0.237 0.0172 0.954524 -0.29649 0.0312753 2 
0.1129 0.237 0.0174 0.958781 -0.27082 -0.0859951 2 
0.1129 0.2371 0.0174 0.95544 -0.285991 0.0731008 2 
0.1132 0.237 0.0175 0.840867 -0.236541 -0.486818 2 
0.1133 0.2368 0.0175 0.87724 -0.186616 -0.442294 2 
0.1126 0.2376 0.0169 0.962222 -0.270509 -0.03088 2 
0.1129 0.2382 0.0168 0.977026 -0.207903 -0.0468684 2 
0.1139 0.2371 0.0174 0.459453 -0.221441 -0.860155 2 
0.1136 0.2376 0.0171 0.771788 -0.178105 0.610428 2 
0.1126 0.237 0.0177 0.950877 -0.278728 0.134696 2 
0.1129 0.237 0.0177 0.835193 -0.174808 0.521435 2 
0.1133 0.237 0.0177 0.3777 -0.198256 -0.904454 2 
0.1132 0.2374 0.0177 0.389618 -0.235549 -0.890345 2 
0.1133 0.237 0.018 0.446403 -0.24363 -0.861028 2 
0.107 0.238 -0.0038 0.801705 -0.412902 -0.432182 1 
0.1078 0.2395 -0.0037 0.116362 -0.128358 -0.984878 1 
0.1082 0.2397 -0.0034 0.0877403 -0.122836 -0.988541 1 
0.1085 0.2397 -0.0034 0.0977202 -0.121267 -0.987798 1 
0.1073 0.2403 -0.0032 0.0771168 -0.109345 -0.991008 1 
0.1076 0.2403 -0.0034 0.0891737 -0.107703 -0.990176 1 
0.1079 0.24 -0.0034 0.0977202 -0.121267 -0.987798 1 
0.1085 0.2415 -0.0037 0.0907644 -0.0930622 -0.991515 1 
0.1081 0.241 -0.0035 0.0761803 -0.0943726 -0.992618 1 
0.1082 0.241 -0.0032 0.0761803 -0.0943726 -0.992618 1 
0.1082 0.2415 -0.0035 0.0907644 -0.0930622 -0.991515 1 
0.1072 0.2419 -0.0034 0.0907644 -0.0930622 -0.991515 1 
0.107 0.2422 -0.0035 0.0696277 -0.106154 -0.991909 1 
0.1073 0.2421 -0.0032 0.0694869 -0.103661 -0.992182 1 
0.1076 0.2421 -0.0034 0.0694869 -0.103661 -0.992182 1 
0.1078 0.2427 -0.0032 0.0696277 -0.106154 -0.991909 1 
0.1079 0.243 -0.0035 0.0888085 -0.138541 -0.986367 1 
0.1085 0.2427 -0.0034 0.0694704 -0.105914 -0.991946 1 
0.1088 0.2427 -0.0032 0.0694704 -0.105914 -0.991946 1 
0.1087 0.2428 -0.0035 0.0694704 -0.105914 -0.991946 1 
0.1075 0.2382 -0.0031 0.269174 -0.260629 -0.927156 1 
0.1078 0.2382 -0.0028 0.277119 -0.291628 -0.91551 1 
0.1078 0.2388 -0.0031 0.191948 -0.17889 -0.964963 1 
0.1079 0.2388 -0.0029 0.191948 -0.17889 -0.964963 1 
0.1081 0.2397 -0.0031 0.0906365 -0.128304 -0.987585 1 
0.1081 0.24 -0.0031 0.0928098 -0.123355 -0.988013 1 
0.1084 0.2398 -0.0031 0.0928098 -0.123355 -0.988013 1 
0.1087 0.24 -0.0031 0.0437417 -0.11328 -0.9926 1 
0.1084 0.2398 -0.0028 0.0877403 -0.122836 -0.988541 1 
0.1085 0.2398 -0.0028 0.100313 -0.119196 -0.98779 1 
0.1088 0.24 -0.0026 0.0462651 -0.118484 -0.991878 1 
0.1087 0.24 -0.0029 0.0462651 -0.118484 -0.991878 1 
0.1088 0.2404 -0.0029 0.0621325 -0.100542 -0.992991 1 
0.1085 0.2413 -0.0031 0.0907644 -0.0930622 -0.991515 1 
0.1069 0.2421 -0.0031 0.0696277 -0.106154 -0.991909 1 
0.1078 0.2421 -0.0031 0.0696106 -0.10841 -0.991666 1 
0.1076 0.2425 -0.0031 0.0696277 -0.106154 -0.991909 1 
0.1084 0.2427 -0.0031 0.0694704 -0.105914 -0.991946 1 
0.109 0.2391 -0.0035 0.102678 -0.11684 -0.987829 1 
0.1091 0.2392 -0.0035 0.105012 -0.116811 -0.987587 1 
0.1088 0.2421 -0.0032 0.0696277 -0.106154 -0.991909 1 
0.1094 0.243 -0.0037 0.0694704 -0.105914 -0.991946 1 
0.1091 0.2427 -0.0035 0.0694704 -0.105914 -0.991946 1 
0.1091 0.2427 -0.0034 0.0694704 -0.105914 -0.991946 1 
0.1094 0.2427 -0.0034 0.0694704 -0.105914 -0.991946 1 
0.1091 0.243 -0.0034 0.0694704 -0.105914 -0.991946 1 
0.1094 0.2428 -0.0035 0.0694704 -0.105914 -0.991946 1 
0.1097 0.2428 -0.0035 0.0694704 -0.105914 -0.991946 1 
0.11 0.2428 -0.0035 0.0557809 -0.117254 -0.991534 1 
0.11 0.243 -0.0035 0.0637701 -0.133338 -0.989017 1 
0.109 0.2401 -0.0029 0.0529665 -0.10706 -0.992841 1 
0.1093 0.24 -0.0031 0.0621325 -0.100542 -0.992991 1 
0.1094 0.2401 -0.0031 0.0737364 -0.0964245 -0.992605 1 
0.1091 0.2401 -0.0026 0.0576026 -0.10504 -0.992798 1 
0.1094 0.2403 -0.0028 0.0732873 -0.0890723 -0.993325 1 
0.1096 0.2413 -0.0028 0.0696106 -0.10841 -0.991666 1 
0.11 0.2415 -0.0029 0.0696277 -0.106154 -0.991909 1 
0.11 0.2412 -0.0025 0.067322 -0.110682 -0.991573 1 
0.1091 0.2419 -0.0031 0.0696277 -0.106154 -0.991909 1 
0.1094 0.2419 -0.0031 0.0696277 -0.106154 -0.991909 1 
0.1097 0.2422 -0.0031 0.0696277 -0.106154 -0.991909 1 
0.11 0.2422 -0.0031 0.0694704 -0.105914 -0.991946 1 
0.1103 0.2421 -0.0031 0.0694704 -0.105914 -0.991946 1 
0.11 0.2433 -0.0038 0.0603725 -0.16928 -0.983717 1 
0.1097 0.2433 -0.0038 0.0748532 -0.155647 -0.984973 1 
0.0957 0.2362 -0.0075 0.77592 0.427813 0.4636 1 
0.0959 0.2364 -0.0075 0.777537 0.373412 0.505965 1 
0.0948 0.2356 -0.0066 0.759032 0.609408 0.229112 1 
0.0947 0.2359 -0.0067 0.774912 0.595491 0.211902 1 
0.0957 0.2358 -0.0069 0.755642 0.601043 0.260294 1 
0.095 0.2362 -0.0069 0.771716 0.554421 0.311562 1 
0.0956 0.2362 -0.0072 0.76876 0.461909 0.442322 1 
0.0957 0.2362 -0.0072 0.763656 0.472584 0.439879 1 
0.0953 0.2364 -0.0071 0.774521 0.467974 0.425579 1 
0.0954 0.2337 -0.0058 0.803053 0.580395 0.135079 1 
0.0954 0.234 -0.0058 0.79885 0.583833 0.144838 1 
0.0951 0.2352 -0.0063 0.77305 0.600232 0.205221 1 
0.0954 0.2347 -0.0061 0.784345 0.587875 0.198005 1 
0.0954 0.235 -0.0063 0.765976 0.604391 0.219072 1 
0.0957 0.2349 -0.0059 0.77305 0.600232 0.205221 1 
0.096 0.234 -0.0055 0.800924 0.57936 0.151203 1 
0.096 0.2337 -0.0052 0.827824 0.545511 0.130864 1 
0.0963 0.2335 -0.0058 0.803565 0.572259 0.163717 1 
0.0971 0.2334 -0.0056 0.814067 0.55127 0.18275 1 
0.0972 0.2323 -0.0055 0.785365 0.608547 0.113458 1 
0.0965 0.2329 -0.0055 0.811577 0.570019 0.128144 1 
0.0963 0.2334 -0.0052 0.823205 0.553205 0.127663 1 
0.0975 0.2335 -0.0055 0.798695 0.569624 0.193947 1 
0.0978 0.2326 -0.0061 0.76845 0.608292 0.198657 1 
0.0977 0.2332 -0.0053 0.757913 0.634356 0.152185 1 
0.0968 0.2337 -0.0056 0.794796 0.575121 0.193741 1 
0.0963 0.2344 -0.0058 0.790188 0.582324 0.191051 1 
0.0963 0.2347 -0.0061 0.770491 0.596157 0.225699 1 
0.0966 0.2344 -0.0058 0.775999 0.59775 0.201299 1 
0.096 0.2352 -0.0056 0.790594 0.588033 0.170817 1 
0.0963 0.2337 -0.0055 0.811217 0.562304 0.160444 1 
0.0965 0.2338 -0.0055 0.807378 0.566819 0.163881 1 
0.096 0.2353 -0.0059 0.77305 0.600232 0.205221 1 
0.0984 0.2365 -0.0106 0.65436 0.0736697 0.752586 1 
0.0987 0.2368 -0.0108 0.675687 0.0923389 0.731383 1 
0.0977 0.2367 -0.0103 0.460256 0.198104 0.865401 1 
0.096 0.2394 -0.0105 0.205435 0.289286 0.934939 1 
0.096 0.2397 -0.0099 0.203716 0.371312 0.905885 1 
0.096 0.2398 -0.0097 0.203716 0.371312 0.905885 1 
0.0956 0.2406 -0.0106 0.0329084 0.244984 0.968968 1 
0.096 0.2406 -0.0106 0.0839969 0.231932 0.969099 1 
0.0957 0.241 -0.0106 0.0494547 0.292924 0.954856 1 
0.096 0.24 -0.0103 0.11896 0.260143 0.958214 1 
0.0959 0.2406 -0.0103 0.0529909 0.237843 0.969857 1 
0.0957 0.2401 -0.0099 0.140215 0.317185 0.937941 1 
0.0959 0.24 -0.01 0.150446 0.291405 0.944695 1 
0.0957 0.2409 -0.0103 0.0493352 0.292216 0.955079 1 
0.0951 0.2394 -0.0094 0.273026 0.396717 0.876398 1 
0.0951 0.24 -0.0096 0.196825 0.366354 0.90942 1 
0.0971 0.237 -0.0105 0.411428 0.243865 0.878212 1 
0.0968 0.2376 -0.0097 0.446106 0.25731 0.857194 1 
0.0971 0.2382 -0.0102 0.363687 0.297288 0.882809 1 
0.0975 0.2383 -0.0102 0.317863 0.297165 0.900365 1 
0.0971 0.2379 -0.01 0.393128 0.272629 0.878137 1 
0.0969 0.2382 -0.01 0.394106 0.290634 0.871902 1 
0.0987 0.238 -0.0105 0.292096 0.124041 0.948311 1 
0.099 0.2382 -0.0106 0.367098 0.0961771 0.925197 1 
0.0978 0.2383 -0.0101 0.27171 0.277461 0.921515 1 
0.0984 0.2382 -0.0099 0.245401 0.276609 0.929121 1 
0.0986 0.2377 -0.0103 0.353538 0.170431 0.919763 1 
0.0992 0.238 -0.0103 0.290604 0.089918 0.952609 1 
0.0966 0.2391 -0.0105 0.237891 0.324396 0.915519 1 
0.0966 0.2394 -0.0105 0.166988 0.24447 0.95517 1 
0.0968 0.2397 -0.0106 0.132293 0.217063 0.967152 1 
0.0969 0.2394 -0.0106 0.132366 0.214613 0.967688 1 
0.0968 0.2391 -0.0103 0.240832 0.32159 0.91574 1 
0.0963 0.2386 -0.0097 0.400125 0.308142 0.863104 1 
0.0966 0.2386 -0.01 0.373457 0.312484 0.873432 1 
0.0963 0.2391 -0.01 0.282985 0.333359 0.899328 1 
0.096 0.2388 -0.0097 0.360516 0.324008 0.87467 1 
0.0975 0.2391 -0.0097 0.255616 0.334491 0.90707 1 
0.0963 0.2397 -0.0103 0.170661 0.251289 0.952748 1 
0.0963 0.2398 -0.0102 0.163687 0.271909 0.9483 1 
0.0962 0.2394 -0.01 0.26791 0.347839 0.898461 1 
0.0972 0.2397 -0.0102 0.132293 0.217063 0.967152 1 
0.0971 0.2394 -0.01 0.163553 0.243335 0.956054 1 
0.0974 0.2395 -0.0099 0.132366 0.214613 0.967688 1 
0.0972 0.24 -0.0099 0.132293 0.217063 0.967152 1 
0.098 0.2385 -0.0102 0.162407 0.228426 0.959919 1 
0.0984 0.2389 -0.0102 0.0833317 0.170287 0.981865 1 
0.099 0.2391 -0.0102 0.00977622 0.109711 0.993915 1 
0.0987 0.2388 -0.0097 0.0796058 0.153271 0.984973 1 
0.0989 0.2391 -0.0097 0.0688166 0.1388 0.987927 1 
0.0987 0.2394 -0.0101 0.0693623 0.149305 0.986355 1 
0.0986 0.2394 -0.0097 0.0693623 0.149305 0.986355 1 
0.099 0.2395 -0.0099 0.0142912 0.119827 0.992692 1 
0.0995 0.2382 -0.0103 0.282299 0.0702554 0.956751 1 
0.0996 0.2386 -0.0103 -0.0132701 0.0336858 0.999344 1 
0.0993 0.2386 -0.0097 0.043828 0.115751 0.992311 1 
0.0963 0.2403 -0.0109 0.0747009 0.204509 0.97601 1 
0.0968 0.2407 -0.0109 0.0866963 0.232447 0.968737 1 
0.0965 0.2403 -0.0105 0.0747009 0.204509 0.97601 1 
0.0962 0.2406 -0.0105 0.070799 0.232271 0.970071 1 
0.0965 0.2406 -0.0108 0.0866963 0.232447 0.968737 1 
0.0969 0.2406 -0.0109 0.0866963 0.232447 0.968737 1 
0.096 0.2412 -0.0106 0.0493352 0.292216 0.955079 1 
0.0963 0.2415 -0.0108 0.0712137 0.306866 0.949085 1 
0.0962 0.2413 -0.0105 0.0493352 0.292216 0.955079 1 
0.0963 0.2401 -0.0103 0.130464 0.264881 0.955415 1 
0.0962 0.2403 -0.0103 0.130464 0.264881 0.955415 1 
0.0963 0.2418 -0.0111 0.0941539 0.319593 0.942865 1 
0.0962 0.2421 -0.0108 0.0655088 0.383694 0.921134 1 
0.0953 0.2346 -0.0094 0.776067 0.45718 0.434403 1 
0.0954 0.2347 -0.0087 0.781702 0.51415 0.352975 1 
0.096 0.2347 -0.0082 0.778284 0.52369 0.346441 1 
0.096 0.235 -0.0084 0.773075 0.476866 0.418275 1 
0.096 0.235 -0.0081 0.768105 0.521272 0.371873 1 
0.0951 0.2356 -0.0082 0.779652 0.434587 0.450863 1 
0.0948 0.2359 -0.0084 0.796635 0.351032 0.492086 1 
0.0948 0.2358 -0.0081 0.798268 0.414454 0.437031 1 
0.0954 0.2358 -0.0087 0.764109 0.323339 0.558202 1 
0.0957 0.2358 -0.0085 0.732641 0.357346 0.579259 1 
0.0957 0.2353 -0.0084 0.776166 0.444221 0.447475 1 
0.0957 0.2356 -0.0081 0.76619 0.439456 0.468862 1 
0.0956 0.2356 -0.0084 0.767167 0.389284 0.509816 1 
0.0956 0.2356 -0.0081 0.769802 0.436385 0.465804 1 
0.0947 0.2367 -0.0085 0.791623 0.241064 0.561446 1 
0.0948 0.2362 -0.0084 0.78944 0.32375 0.521509 1 
0.095 0.2362 -0.0081 0.7912 0.357886 0.495904 1 
0.0948 0.2364 -0.0082 0.794871 0.309381 0.521981 1 
0.095 0.2364 -0.0084 0.783068 0.286334 0.552103 1 
0.0953 0.2364 -0.0082 0.768552 0.301988 0.564031 1 
0.0957 0.2362 -0.0081 0.747044 0.338682 0.572031 1 
0.0957 0.2355 -0.0078 0.783279 0.44921 0.429749 1 
0.0956 0.2365 -0.0078 0.792376 0.309646 0.525604 1 
0.0977 0.2349 -0.0097 0.554726 0.182893 0.811683 1 
0.0975 0.2313 -0.0088 0.793939 0.517095 0.319803 1 
0.0975 0.2326 -0.0091 0.773986 0.59787 0.208559 1 
0.0975 0.2335 -0.0091 0.761995 0.534534 0.365563 1 
0.0975 0.2325 -0.0085 0.755943 0.605068 0.249885 1 
0.0972 0.2329 -0.0085 0.781989 0.579884 0.228534 1 
0.0972 0.2332 -0.0088 0.778122 0.570623 0.262518 1 
0.0978 0.2326 -0.0088 0.780496 0.589606 0.207824 1 
0.0986 0.2326 -0.0094 0.613194 0.472076 0.633354 1 
0.0977 0.2335 -0.0094 0.748968 0.498764 0.436212 1 
0.0981 0.2335 -0.0096 0.577876 0.356493 0.734147 1 
0.0981 0.2335 -0.0094 0.577876 0.356493 0.734147 1 
0.0984 0.2329 -0.0088 0.779289 0.591025 0.208325 1 
0.0984 0.2335 -0.0094 0.566387 0.363989 0.739404 1 
0.0981 0.2323 -0.0088 0.762537 0.599696 0.242697 1 
0.0968 0.2341 -0.0088 0.768247 0.528878 0.360672 1 
0.0974 0.2338 -0.009 0.770354 0.520597 0.368148 1 
0.0975 0.2337 -0.0088 0.771279 0.536192 0.342969 1 
0.0971 0.2344 -0.0091 0.769967 0.449556 0.452825 1 
0.0968 0.2346 -0.0094 0.746104 0.323903 0.581735 1 
0.0968 0.2347 -0.0091 0.758008 0.407654 0.509158 1 
0.0963 0.235 -0.009 0.763369 0.354942 0.539707 1 
0.0974 0.2346 -0.0093 0.726523 0.328472 0.603548 1 
0.0974 0.235 -0.0096 0.579854 0.187197 0.792923 1 
0.0966 0.2343 -0.0087 0.768819 0.515255 0.378721 1 
0.0965 0.2341 -0.0084 0.775343 0.540974 0.325869 1 
0.0963 0.2344 -0.0084 0.775343 0.540974 0.325869 1 
0.0984 0.2337 -0.0091 0.754071 0.515254 0.407296 1 
0.0966 0.2353 -0.0093 0.692188 0.251849 0.676349 1 
0.0966 0.2358 -0.0094 0.62162 0.243927 0.744371 1 
0.0972 0.2356 -0.0094 0.653517 0.176006 0.736164 1 
0.096 0.2353 -0.0085 0.755009 0.420905 0.502793 1 
0.0953 0.237 -0.0085 0.721878 0.247997 0.646057 1 
0.115 0.2347 0.0254 0.732742 -0.0921412 0.67424 1 
0.1151 0.2349 0.0254 0.662825 0.0618253 0.746217 1 
0.1162 0.2334 0.0255 0.66264 -0.739725 -0.117111 1 
0.1156 0.2344 0.0255 0.637335 -0.757304 -0.142463 1 
0.1156 0.2347 0.0252 0.645666 -0.753028 -0.126747 1 
0.1165 0.2346 0.0251 0.623407 -0.781689 -0.0180497 1 
0.1162 0.2347 0.0254 0.653965 -0.750524 -0.0950956 1 
0.1174 0.2341 0.0245 0.585072 -0.81084 -0.015143 1 
0.1141 0.2302 0.0263 0.16937 -0.238718 -0.956205 1 
0.1141 0.2305 0.0263 0.13783 -0.245468 -0.959556 1 
0.1141 0.2311 0.0263 0.139527 -0.269752 -0.952768 1 
0.1144 0.2314 0.0263 0.141144 -0.286321 -0.947681 1 
0.1147 0.2317 0.0263 0.130068 -0.299022 -0.94534 1 
0.1148 0.232 0.0263 0.0712137 -0.306866 -0.949085 1 
0.1141 0.2305 0.0266 0.13783 -0.245468 -0.959556 1 
0.1141 0.2308 0.0266 0.132658 -0.256121 -0.957499 1 
0.1141 0.2313 0.0266 0.139881 -0.270436 -0.952522 1 
0.1141 0.2314 0.0266 0.146258 -0.280439 -0.948663 1 
0.1144 0.2316 0.0264 0.130068 -0.299022 -0.94534 1 
0.115 0.2314 0.0266 0.130068 -0.299022 -0.94534 1 
0.1147 0.2317 0.0266 0.130068 -0.299022 -0.94534 1 
0.1148 0.232 0.0266 0.130068 -0.299022 -0.94534 1 
0.1151 0.232 0.0264 0.0712137 -0.306866 -0.949085 1 
0.1147 0.234 0.026 0.0788013 0.356609 0.930924 1 
0.115 0.2337 0.026 0.160687 0.385365 0.908666 1 
0.115 0.2341 0.0257 0.815522 -0.554195 0.166709 1 
0.115 0.2343 0.0257 0.813501 -0.45053 0.367747 1 
0.1147 0.2344 0.0257 0.816965 -0.554102 0.159809 1 
0.1148 0.2347 0.0257 0.820669 -0.521964 0.232497 1 
0.1153 0.232 0.0261 0.0712137 -0.306866 -0.949085 1 
0.1153 0.2323 0.0261 0.0161816 -0.304962 -0.952227 1 
0.1159 0.2326 0.0263 -0.0976611 -0.333118 -0.937814 1 
0.1165 0.2326 0.0263 0.388475 -0.6695 -0.633132 1 
0.1153 0.2332 0.026 0.192334 0.389007 0.900934 1 
0.1153 0.2335 0.0261 0.192334 0.389007 0.900934 1 
0.1159 0.2332 0.0261 0.784626 -0.474011 0.399593 1 
0.1156 0.2334 0.0263 0.805815 -0.572592 0.150997 1 
0.1159 0.2332 0.0263 -0.341781 -0.145291 -0.928481 1 
0.1162 0.2335 0.0258 0.554247 -0.74929 -0.362455 1 
0.1165 0.2335 0.026 0.50174 -0.745208 -0.439229 1 
0.1166 0.2335 0.0258 0.525683 -0.787726 -0.321162 1 
0.1162 0.2329 0.0263 0.402864 -0.674756 -0.618388 1 
0.1168 0.2331 0.0263 0.4303 -0.702767 -0.566534 1 
0.1156 0.2323 0.0264 0.0161816 -0.304962 -0.952227 1 
0.1159 0.2326 0.0264 -0.0976611 -0.333118 -0.937814 1 
0.1159 0.2326 0.0266 0.13294 -0.390423 -0.910987 1 
0.1159 0.2326 0.0267 0.13294 -0.390423 -0.910987 1 
0.1165 0.2325 0.0266 0.343561 -0.533891 -0.77261 1 
0.1165 0.2326 0.0266 0.337859 -0.55771 -0.758163 1 
0.1165 0.2329 0.0266 0.383372 -0.607142 -0.695992 1 
0.1165 0.2332 0.0264 0.447408 -0.696892 -0.560507 1 
0.1174 0.2326 0.0264 0.322392 -0.617243 -0.717687 1 
0.1171 0.2329 0.0264 0.369537 -0.645458 -0.668451 1 
0.1156 0.2337 0.0258 0.799284 -0.406879 0.44226 1 
0.1153 0.2341 0.0257 0.711764 -0.126834 0.690873 1 
0.1159 0.2341 0.0257 0.604025 -0.763225 -0.229436 1 
0.1156 0.2337 0.0261 0.801951 -0.528879 0.277779 1 
0.1154 0.2341 0.0261 0.800157 -0.507456 0.319745 1 
0.1156 0.2347 0.0258 0.624523 -0.751597 -0.212307 1 
0.1156 0.2349 0.0257 0.618853 -0.755342 -0.21559 1 
0.1267 0.2302 0.0282 -0.502569 -0.466079 0.728145 1 
0.1245 0.2326 0.0278 -0.117977 -0.287651 0.950441 1 
0.1245 0.2326 0.0281 -0.109103 -0.282616 0.953008 1 
0.1248 0.2326 0.028 -0.169609 -0.343423 0.923739 1 
0.1245 0.2329 0.0284 -0.121222 -0.297061 0.947132 1 
0.1248 0.2331 0.0284 -0.170049 -0.344315 0.923326 1 
0.1245 0.2335 0.0286 -0.152301 -0.359094 0.920791 1 
0.1261 0.2316 0.028 -0.295041 -0.402051 0.866779 1 
0.1258 0.232 0.028 -0.204945 -0.345397 0.915805 1 
0.1261 0.2317 0.0284 -0.295041 -0.402051 0.866779 1 
0.1258 0.232 0.0286 -0.204945 -0.345397 0.915805 1 
0.1263 0.2317 0.0286 -0.356726 -0.442341 0.822849 1 
0.1272 0.2308 0.0284 -0.438139 -0.457684 0.773666 1 
0.1272 0.2306 0.0287 -0.457496 -0.457496 0.762493 1 
0.1269 0.2311 0.0286 -0.353031 -0.441684 0.824794 1 
0.1267 0.2313 0.0282 -0.356726 -0.442341 0.822849 1 
0.1266 0.2314 0.0286 -0.356726 -0.442341 0.822849 1 
0.1254 0.2326 0.028 -0.157053 -0.340513 0.92703 1 
0.1254 0.2326 0.0284 -0.154194 -0.343115 0.926551 1 
0.1255 0.2323 0.0284 -0.147408 -0.329256 0.932664 1 
0.1254 0.2328 0.0285 -0.235452 -0.424413 0.87432 1 
0.1258 0.232 0.0284 -0.204945 -0.345397 0.915805 1 
0.1257 0.2325 0.0287 -0.210061 -0.401026 0.891657 1 
0.1251 0.2329 0.0281 -0.166884 -0.343585 0.924175 1 
0.1251 0.2329 0.0284 -0.166884 -0.343585 0.924175 1 
0.1251 0.2332 0.0286 -0.224556 -0.420858 0.878893 1 
0.1242 0.2338 0.0285 -0.152694 -0.360021 0.920364 1 
0.1263 0.2319 0.0288 -0.356726 -0.442341 0.822849 1 
0.1269 0.2311 0.029 -0.353031 -0.441684 0.824794 1 
0.1266 0.2314 0.029 -0.356726 -0.442341 0.822849 1 
0.1254 0.2328 0.0291 -0.242696 -0.429617 0.869786 1 
0.1257 0.2325 0.0293 0.505793 0.2803 0.815846 1 
0.1251 0.2335 0.029 -0.252488 -0.463659 0.849276 1 
0.1243 0.234 0.0291 -0.20072 -0.456452 0.866812 1 
0.1248 0.2338 0.0288 -0.214288 -0.460046 0.861649 1 
0.1245 0.234 0.0288 -0.200474 -0.452922 0.868719 1 
0.1245 0.2338 0.0291 -0.200474 -0.452922 0.868719 1 
0.1248 0.234 0.0291 -0.221913 -0.472508 0.852931 1 
0.1242 0.2341 0.0288 -0.172261 -0.415454 0.893154 1 
0.1242 0.2338 0.0294 -0.171578 -0.410923 0.895379 1 
0.1246 0.234 0.0294 -0.21193 -0.467448 0.858241 1 
0.1251 0.2338 0.029 -0.259475 -0.471354 0.84291 1 
0.1251 0.2338 0.0293 -0.267449 -0.483881 0.833265 1 
0.1249 0.2338 0.0294 -0.2361 -0.473723 0.848436 1 
0.1254 0.2338 0.0293 -0.347649 -0.551388 0.758361 1 
0.1254 0.2338 0.0296 -0.347649 -0.551388 0.758361 1 
0.1255 0.2341 0.0293 -0.340936 -0.560685 0.754582 1 
0.1258 0.2337 0.0293 -0.362111 -0.537483 0.761569 1 
0.1258 0.234 0.0296 -0.366824 -0.552681 0.748321 1 
0.1261 0.234 0.0294 -0.396822 -0.561479 0.726136 1 
0.1261 0.2338 0.0297 -0.396822 -0.561479 0.726136 1 
0.1257 0.2341 0.0296 -0.366824 -0.552681 0.748321 1 
0.1266 0.2338 0.0297 0.437081 0.164087 0.884328 1 
0.1281 0.2308 0.0286 -0.502464 -0.436567 0.746283 1 
0.1147 0.2389 0.032 0.0703453 -0.35969 0.930416 1 
0.115 0.2388 0.032 0.0725408 -0.425664 0.901969 1 
0.115 0.2388 0.0323 0.0668484 -0.427011 0.901772 1 
0.1148 0.2391 0.0322 0.0570931 -0.381063 0.922784 1 
0.1192 0.2364 0.0308 -0.469603 -0.802972 0.367027 1 
0.1189 0.2367 0.0306 -0.465189 -0.821571 0.329575 1 
0.1195 0.2368 0.0305 -0.525583 -0.800211 0.288834 1 
0.1194 0.2367 0.0308 -0.413027 -0.814891 0.406648 1 
0.1198 0.2367 0.0305 -0.463901 -0.811429 0.355498 1 
0.1197 0.2368 0.0308 -0.400771 -0.815912 0.416738 1 
0.1184 0.2367 0.0313 0.107823 -0.657276 0.745897 1 
0.1188 0.2365 0.0316 0.0892398 -0.674419 0.732936 1 
0.1153 0.2376 0.0319 0.0770617 -0.491794 0.867295 1 
0.1156 0.2377 0.032 0.0838946 -0.521853 0.8489 1 
0.1175 0.2374 0.0314 0.127663 -0.553205 0.823205 1 
0.1175 0.237 0.032 0.136338 -0.52043 0.84295 1 
0.1175 0.2374 0.0316 0.12787 -0.551164 0.824541 1 
0.1183 0.2371 0.0314 0.12581 -0.605367 0.785941 1 
0.118 0.2374 0.0314 0.127663 -0.553205 0.823205 1 
0.1183 0.2374 0.0314 0.129253 -0.604668 0.78592 1 
0.1183 0.2371 0.032 0.143791 -0.549962 0.822719 1 
0.1177 0.2374 0.0316 0.127663 -0.553205 0.823205 1 
0.1177 0.2376 0.0316 0.127663 -0.553205 0.823205 1 
0.118 0.2374 0.0317 0.127663 -0.553205 0.823205 1 
0.1169 0.238 0.0317 0.140843 -0.483512 0.863933 1 
0.1174 0.2377 0.0317 0.140843 -0.483512 0.863933 1 
0.1175 0.2376 0.032 0.140843 -0.483512 0.863933 1 
0.1175 0.2383 0.032 0.140843 -0.483512 0.863933 1 
0.118 0.2377 0.0314 0.127663 -0.553205 0.823205 1 
0.118 0.2379 0.0316 0.127663 -0.553205 0.823205 1 
0.118 0.238 0.0316 0.127663 -0.553205 0.823205 1 
0.1177 0.2376 0.032 0.13859 -0.497466 0.856341 1 
0.1177 0.2379 0.032 0.13859 -0.497466 0.856341 1 
0.1178 0.2379 0.0319 0.13859 -0.497466 0.856341 1 
0.118 0.238 0.0317 0.127663 -0.553205 0.823205 1 
0.118 0.2382 0.0317 0.136002 -0.519146 0.843795 1 
0.1181 0.2383 0.032 0.13859 -0.497466 0.856341 1 
0.1183 0.2383 0.0319 0.136002 -0.519146 0.843795 1 
0.1153 0.2385 0.0319 0.0741966 -0.488578 0.86936 1 
0.1156 0.2385 0.0319 0.0859456 -0.491722 0.866501 1 
0.1162 0.2385 0.0319 0.128459 -0.480639 0.867459 1 
0.1184 0.2368 0.0309 0.050035 -0.701919 0.710497 1 
0.1189 0.2368 0.0309 -0.0920106 -0.766755 0.635311 1 
0.1189 0.237 0.031 0.0529926 -0.700361 0.711819 1 
0.1186 0.2373 0.0309 0.0952278 -0.672455 0.733987 1 
0.1184 0.2376 0.0311 0.12581 -0.605367 0.785941 1 
0.1189 0.2373 0.0308 0.0677927 -0.690909 0.719757 1 
0.1189 0.2374 0.031 0.0923389 -0.675687 0.731383 1 
0.1192 0.2371 0.0308 -0.240792 -0.832803 0.498455 1 
0.1195 0.2371 0.0308 -0.290117 -0.813897 0.503393 1 
0.1198 0.237 0.0308 -0.333612 -0.817429 0.469587 1 
0.1192 0.2376 0.0309 0.0470878 -0.70917 0.703463 1 
0.1194 0.2377 0.0311 0.145376 -0.618972 0.771842 1 
0.1197 0.2376 0.0309 -0.0949194 -0.778339 0.620627 1 
0.1197 0.238 0.0311 0.180891 -0.591317 0.785889 1 
0.1198 0.2382 0.0311 0.409749 -0.341198 0.845984 1 
0.1188 0.2368 0.0313 0.0649203 -0.691041 0.719894 1 
0.1184 0.2373 0.0313 0.12581 -0.605367 0.785941 1 
0.1188 0.2374 0.0313 0.138972 -0.60819 0.781532 1 
0.1189 0.2376 0.0314 0.142004 -0.599406 0.787748 1 
0.1186 0.2379 0.0314 0.135337 -0.590427 0.795663 1 
0.1186 0.2376 0.0314 0.129253 -0.604668 0.78592 1 
0.1184 0.2379 0.0316 0.127663 -0.553205 0.823205 1 
0.1191 0.2377 0.0316 0.151672 -0.596177 0.788396 1 
0.1189 0.2379 0.0319 0.159944 -0.548593 0.820648 1 
0.1188 0.238 0.0316 0.147566 -0.576847 0.803412 1 
0.1188 0.238 0.0319 0.143791 -0.549962 0.822719 1 
0.1191 0.2382 0.0316 0.151398 -0.586105 0.795964 1 
0.1194 0.2377 0.0314 0.161688 -0.602929 0.781239 1 
0.1197 0.2382 0.0314 0.171117 -0.598153 0.782899 1 
0.1195 0.2382 0.0317 0.183691 -0.575362 0.797005 1 
0.1197 0.238 0.0317 0.177841 -0.588244 0.788886 1 
0.1201 0.2382 0.0311 0.439545 -0.30908 0.843368 1 
0.1186 0.2386 0.0319 0.136002 -0.519146 0.843795 1 
0.1198 0.2385 0.0314 0.217088 -0.565044 0.795989 1 
0.1198 0.2386 0.0316 0.210379 -0.557429 0.803127 1 
0.1203 0.2386 0.0314 0.445098 -0.313911 0.838658 1 
0.1168 0.2374 0.032 0.140843 -0.483512 0.863933 1 
0.1153 0.2376 0.0322 0.0770617 -0.491794 0.867295 1 
0.1153 0.2379 0.0322 0.0768142 -0.481835 0.872889 1 
0.1159 0.2379 0.0322 0.0924517 -0.510618 0.854823 1 
0.1157 0.238 0.0325 0.0859456 -0.491722 0.866501 1 
0.1168 0.2382 0.032 0.140843 -0.483512 0.863933 1 
0.1165 0.2383 0.032 0.140882 -0.477837 0.867078 1 
0.1168 0.2382 0.0323 0.140843 -0.483512 0.863933 1 
0.1165 0.2382 0.0323 0.140882 -0.477837 0.867078 1 
0.1162 0.2383 0.0325 0.128459 -0.480639 0.867459 1 
0.1162 0.2383 0.0328 0.116042 -0.479927 0.8696 1 
0.1168 0.2382 0.0326 0.140882 -0.477837 0.867078 1 
0.1165 0.2382 0.0326 0.134615 -0.484905 0.864145 1 
0.1169 0.238 0.032 0.140843 -0.483512 0.863933 1 
0.1174 0.2377 0.032 0.140843 -0.483512 0.863933 1 
0.1175 0.238 0.032 0.140843 -0.483512 0.863933 1 
0.1174 0.238 0.0322 0.140843 -0.483512 0.863933 1 
0.1175 0.2379 0.0322 0.140843 -0.483512 0.863933 1 
0.1171 0.238 0.0323 0.140843 -0.483512 0.863933 1 
0.1177 0.2382 0.0322 0.140843 -0.483512 0.863933 1 
0.118 0.2383 0.032 0.13859 -0.497466 0.856341 1 
0.1153 0.2386 0.0322 0.073873 -0.475296 0.876719 1 
0.1156 0.2386 0.0322 0.0768142 -0.481835 0.872889 1 
0.1159 0.2386 0.032 0.101382 -0.498342 0.861032 1 
0.1159 0.2385 0.0323 0.0924517 -0.510618 0.854823 1 
0.1153 0.2386 0.0325 0.073873 -0.475296 0.876719 1 
0.1156 0.2386 0.0325 0.0740366 -0.481936 0.873073 1 
0.1159 0.2386 0.0326 0.0890824 -0.49066 0.866786 1 
0.1162 0.2385 0.0322 0.128138 -0.479438 0.868171 1 
0.1175 0.2386 0.0322 0.140843 -0.483512 0.863933 1 
0.1177 0.2388 0.0322 0.140843 -0.483512 0.863933 1 
0.1183 0.2386 0.032 0.13859 -0.497466 0.856341 1 
0.118 0.2388 0.0322 0.140843 -0.483512 0.863933 1 
0.118 0.2385 0.0326 0.140843 -0.483512 0.863933 1 
0.1191 0.2383 0.032 0.159944 -0.548593 0.820648 1 
0.1186 0.2383 0.0325 0.148112 -0.497128 0.854943 1 
0.1184 0.2386 0.032 0.13859 -0.497466 0.856341 1 
0.1186 0.2389 0.0322 0.140843 -0.483512 0.863933 1 
0.1184 0.2388 0.0323 0.140843 -0.483512 0.863933 1 
0.118 0.24 0.026 -0.322895 0.0370116 0.945711 1 
0.1192 0.24 0.026 -0.313825 0.0289879 0.949038 1 
0.1166 0.2403 0.0261 -0.267837 0.0832986 0.959857 1 
0.1163 0.2412 0.0261 -0.25875 0.127405 0.957505 1 
0.1168 0.2403 0.0261 -0.301663 0.0874955 0.949391 1 
0.1174 0.2401 0.0261 -0.285899 0.0362056 0.957575 1 
0.1172 0.2403 0.0261 -0.287502 0.0544608 0.95623 1 
0.1181 0.2403 0.026 -0.320985 0.0662763 0.944762 1 
0.1183 0.2407 0.026 -0.318153 0.155633 0.935177 1 
0.1177 0.2401 0.0261 -0.304617 0.0366551 0.951769 1 
0.1178 0.2403 0.0261 -0.320985 0.0662763 0.944762 1 
0.1174 0.2412 0.0261 -0.289411 0.144032 0.946306 1 
0.1177 0.2415 0.0261 -0.309568 0.14592 0.939614 1 
0.1174 0.2407 0.0264 -0.289411 0.144032 0.946306 1 
0.1175 0.2404 0.0267 -0.322629 0.0608978 0.944564 1 
0.1174 0.2406 0.0269 -0.319751 0.137425 0.937483 1 
0.1177 0.24 0.0267 -0.324457 0.0239871 0.945596 1 
0.1177 0.2404 0.0264 -0.320985 0.0662763 0.944762 1 
0.1181 0.2406 0.0272 -0.318358 0.131407 0.938818 1 
0.1171 0.2409 0.0266 -0.301122 0.151242 0.941516 1 
0.1175 0.2409 0.0267 -0.318153 0.155633 0.935177 1 
0.1169 0.2412 0.0264 -0.302418 0.157367 0.940095 1 
0.1171 0.2412 0.0267 -0.301122 0.151242 0.941516 1 
0.1177 0.2409 0.0267 -0.318153 0.155633 0.935177 1 
0.1163 0.2422 0.0261 -0.255891 0.164788 0.952557 1 
0.1166 0.2422 0.0263 -0.308156 0.172733 0.935523 1 
0.1165 0.2425 0.0264 -0.31277 0.179321 0.932748 1 
0.1175 0.2418 0.0263 -0.309568 0.14592 0.939614 1 
0.1169 0.2424 0.0261 -0.288682 0.155861 0.944653 1 
0.1172 0.2422 0.0261 -0.308962 0.157914 0.937873 1 
0.1172 0.2424 0.0263 -0.308962 0.157914 0.937873 1 
0.118 0.2419 0.026 -0.309568 0.14592 0.939614 1 
0.118 0.2424 0.0261 -0.309568 0.14592 0.939614 1 
0.118 0.2421 0.0263 -0.318153 0.155633 0.935177 1 
0.118 0.243 0.0258 -0.311443 0.15778 0.937074 1 
0.1183 0.2431 0.0257 -0.317336 0.155233 0.935522 1 
0.1177 0.2427 0.0261 -0.303596 0.151118 0.940741 1 
0.1177 0.2427 0.0263 -0.317336 0.155233 0.935522 1 
0.118 0.2428 0.0261 -0.317336 0.155233 0.935522 1 
0.1183 0.243 0.0261 -0.309568 0.14592 0.939614 1 
0.1169 0.2419 0.0266 -0.308962 0.157914 0.937873 1 
0.1186 0.2406 0.0258 -0.319512 0.0967817 0.942627 1 
0.1184 0.2406 0.0263 -0.320985 0.0662763 0.944762 1 
0.1192 0.2407 0.0261 -0.319512 0.0967817 0.942627 1 
0.1189 0.2409 0.0263 -0.318153 0.155633 0.935177 1 
0.1198 0.2409 0.0261 -0.318153 0.155633 0.935177 1 
0.1188 0.2407 0.027 -0.318358 0.131407 0.938818 1 
0.1189 0.2412 0.0267 -0.318153 0.155633 0.935177 1 
0.1192 0.2409 0.0264 -0.318153 0.155633 0.935177 1 
0.1195 0.2409 0.0264 -0.318153 0.155633 0.935177 1 
0.1195 0.2415 0.0266 -0.318153 0.155633 0.935177 1 
0.1194 0.2409 0.0269 -0.318153 0.155633 0.935177 1 
0.1195 0.2415 0.0269 -0.318153 0.155633 0.935177 1 
0.1201 0.2404 0.0261 -0.345334 0.0754177 0.935445 1 
0.1207 0.2404 0.027 -0.385369 0.138733 0.912274 1 
0.121 0.2403 0.027 -0.395724 0.0630476 0.916203 1 
0.121 0.241 0.0272 -0.413518 0.168577 0.894754 1 
0.1192 0.2416 0.0266 -0.318153 0.155633 0.935177 1 
0.1192 0.2418 0.0269 -0.318153 0.155633 0.935177 1 
0.1198 0.2419 0.0269 -0.318153 0.155633 0.935177 1 
0.1198 0.2418 0.0272 -0.318153 0.155633 0.935177 1 
0.1192 0.2431 0.0266 -0.318153 0.155633 0.935177 1 
0.1195 0.2425 0.0267 -0.318153 0.155633 0.935177 1 
0.1204 0.2418 0.0269 -0.34197 0.163308 0.925412 1 
0.1201 0.2421 0.0269 -0.323923 0.155759 0.933174 1 
0.1201 0.2421 0.0272 -0.330539 0.15628 0.930764 1 
0.1192 0.2412 0.0274 -0.318153 0.155633 0.935177 1 
0.1192 0.2413 0.0272 -0.318153 0.155633 0.935177 1 
0.1195 0.2415 0.0272 -0.318153 0.155633 0.935177 1 
0.1198 0.2415 0.0274 -0.318153 0.155633 0.935177 1 
0.1195 0.2409 0.0278 -0.318153 0.155633 0.935177 1 
0.1197 0.2412 0.0278 -0.324617 0.158855 0.93241 1 
0.1204 0.2415 0.0278 -0.356169 0.167526 0.919282 1 
0.121 0.2404 0.0281 -0.669402 0.452389 0.589274 1 
0.1209 0.2415 0.0281 -0.418052 0.169246 0.892518 1 
0.1192 0.2418 0.0275 -0.318153 0.155633 0.935177 1 
0.1195 0.2418 0.0273 -0.318153 0.155633 0.935177 1 
0.1194 0.2419 0.0276 -0.318153 0.155633 0.935177 1 
0.1198 0.2418 0.0279 -0.330539 0.15628 0.930764 1 
0.1201 0.2418 0.0274 -0.330539 0.15628 0.930764 1 
0.1204 0.2421 0.0272 -0.34197 0.163308 0.925412 1 
0.1207 0.2421 0.0274 -0.358426 0.177088 0.916608 1 
0.121 0.2418 0.0273 -0.410923 0.171578 0.895379 1 
0.121 0.2418 0.0276 -0.414586 0.169013 0.894177 1 
0.1184 0.2433 0.0258 -0.317336 0.155233 0.935522 1 
0.1186 0.2433 0.026 -0.317336 0.155233 0.935522 1 
0.1191 0.2436 0.0257 -0.317336 0.155233 0.935522 1 
0.1186 0.2433 0.0261 -0.317336 0.155233 0.935522 1 
0.1186 0.2433 0.0263 -0.309568 0.14592 0.939614 1 
0.1191 0.2436 0.0261 -0.309444 0.148588 0.939237 1 
0.1189 0.2433 0.0263 -0.309568 0.14592 0.939614 1 
0.1192 0.2434 0.0263 -0.309444 0.148588 0.939237 1 
0.1192 0.2439 0.0257 -0.320759 0.186292 0.92866 1 
0.1192 0.2439 0.026 -0.316035 0.19524 0.928441 1 
0.1115 0.2415 0.0147 -0.179827 0.551572 0.814513 1 
0.1112 0.2421 0.0148 -0.067236 0.607985 0.791096 1 
0.1118 0.2424 0.015 -0.287045 0.553473 0.78184 1 
0.1115 0.2424 0.015 -0.207168 0.572396 0.793375 1 
0.1118 0.2419 0.0155 -0.433016 0.44599 0.78332 1 
0.1115 0.2422 0.0153 -0.264974 0.55033 0.791786 1 
0.1115 0.2421 0.0154 -0.302093 0.520359 0.798728 1 
0.1118 0.2424 0.0153 -0.314347 0.531359 0.786666 1 
0.1115 0.2421 0.0157 -0.315568 0.509032 0.800814 1 
0.1132 0.2431 0.0138 -0.257761 0.729004 0.634123 1 
0.1129 0.2424 0.0144 -0.314601 0.534981 0.784106 1 
0.1132 0.2431 0.0142 -0.283304 0.638634 0.715462 1 
0.1132 0.2431 0.0144 -0.244203 0.663287 0.707401 1 
0.1135 0.2431 0.0144 -0.227378 0.672725 0.704088 1 
0.1138 0.243 0.0144 -0.179454 0.661065 0.728552 1 
0.1132 0.2404 0.0153 -0.34329 0.34329 0.874245 1 
0.1135 0.2401 0.0159 -0.277611 0.318739 0.906277 1 
0.1135 0.2415 0.0153 -0.462257 0.388167 0.797273 1 
0.1135 0.2412 0.0159 -0.388069 0.403908 0.828408 1 
0.1135 0.2413 0.0156 -0.462257 0.388167 0.797273 1 
0.1135 0.2413 0.0159 -0.421964 0.393303 0.816859 1 
0.1138 0.2415 0.0153 -0.462257 0.388167 0.797273 1 
0.1124 0.2421 0.0151 -0.502416 0.395104 0.769071 1 
0.1129 0.2421 0.0147 -0.353491 0.487849 0.798153 1 
0.1124 0.2424 0.015 -0.320884 0.531613 0.78385 1 
0.1121 0.2427 0.015 -0.307467 0.546431 0.779023 1 
0.1126 0.2427 0.015 -0.320884 0.531613 0.78385 1 
0.1132 0.2428 0.0147 -0.50954 0.312708 0.801613 1 
0.1135 0.2428 0.0147 -0.304349 0.543366 0.782384 1 
0.1135 0.2427 0.015 -0.311184 0.537791 0.783547 1 
0.1121 0.2422 0.0154 -0.491241 0.409639 0.768686 1 
0.1127 0.2421 0.0154 -0.515261 0.385226 0.765576 1 
0.1127 0.2416 0.0156 -0.462257 0.388167 0.797273 1 
0.1124 0.2419 0.0156 -0.480835 0.396648 0.781964 1 
0.1121 0.2421 0.0157 -0.500585 0.39949 0.767999 1 
0.1132 0.2418 0.0153 -0.462257 0.388167 0.797273 1 
0.1135 0.2418 0.0155 -0.462257 0.388167 0.797273 1 
0.1129 0.2421 0.0155 -0.515261 0.385226 0.765576 1 
0.1132 0.2418 0.0156 -0.462257 0.388167 0.797273 1 
0.1132 0.2418 0.0159 -0.462257 0.388167 0.797273 1 
0.1132 0.2421 0.0159 -0.495572 0.376118 0.782907 1 
0.1121 0.2425 0.0153 -0.310159 0.532838 0.787328 1 
0.1123 0.2427 0.0153 -0.320884 0.531613 0.78385 1 
0.1124 0.2425 0.0153 -0.327697 0.525914 0.784875 1 
0.1126 0.2424 0.0153 -0.344621 0.501704 0.793429 1 
0.1126 0.2427 0.0159 -0.32089 0.522045 0.790252 1 
0.1129 0.2424 0.0153 -0.515261 0.385226 0.765576 1 
0.1138 0.2418 0.015 -0.50964 0.373736 0.774976 1 
0.1138 0.2416 0.015 -0.495572 0.376118 0.782907 1 
0.1138 0.2427 0.0147 -0.311184 0.537791 0.783547 1 
0.1138 0.2421 0.0155 -0.50964 0.373736 0.774976 1 
0.1136 0.2416 0.0157 -0.462257 0.388167 0.797273 1 
0.1138 0.2418 0.0159 -0.462257 0.388167 0.797273 1 
0.1141 0.2418 0.0156 -0.495572 0.376118 0.782907 1 
0.1136 0.2383 0.0168 0.856593 -0.0745475 0.51058 1 
0.1133 0.2388 0.0165 -0.399167 0.263601 0.878168 1 
0.1135 0.24 0.0163 -0.184366 0.300808 0.935694 1 
0.1135 0.2397 0.0166 -0.461401 0.273137 0.844101 1 
0.1135 0.2398 0.0166 -0.109295 0.285747 0.952052 1 
0.1135 0.2398 0.0168 -0.46101 0.275989 0.843386 1 
0.1141 0.2385 0.0166 0.840282 -0.105215 0.531842 1 
0.1138 0.2395 0.0162 -0.0834462 0.270879 0.95899 1 
0.1136 0.2397 0.0165 -0.0894507 0.281316 0.955437 1 
0.1136 0.2389 0.0169 0.226411 0.153122 0.961921 1 
0.1139 0.2391 0.0171 0.258341 0.144406 0.9552 1 
0.1141 0.2391 0.0169 0.164702 0.169809 0.971616 1 
0.1138 0.2395 0.0168 -0.03314 0.256528 0.965969 1 
0.1139 0.2394 0.0171 -0.387394 0.261752 0.883975 1 
0.1139 0.2397 0.0171 -0.428408 0.2729 0.86139 1 
0.1141 0.2394 0.0174 0.23362 0.157067 0.959558 1 
0.1118 0.2415 0.016 -0.455432 0.397497 0.796604 1 
0.1126 0.2403 0.0165 -0.182483 0.313424 0.931915 1 
0.1132 0.2403 0.0165 -0.251363 0.326918 0.911011 1 
0.1121 0.2413 0.016 -0.414102 0.407707 0.813815 1 
0.1138 0.24 0.0166 -0.168861 0.295164 0.940406 1 
0.1138 0.24 0.0168 -0.475096 0.27082 0.837222 1 
0.1142 0.2401 0.0165 -0.26836 0.300273 0.915325 1 
0.1138 0.2404 0.0168 -0.263183 0.315529 0.911689 1 
0.1141 0.2407 0.0166 -0.343136 0.324996 0.881269 1 
0.1139 0.2403 0.0169 -0.514589 0.262736 0.816191 1 
0.1138 0.24 0.0171 -0.471468 0.270515 0.839368 1 
0.1139 0.2403 0.0172 -0.490445 0.275584 0.826751 1 
0.1141 0.2406 0.0172 -0.509149 0.269366 0.817441 1 
0.1144 0.2406 0.0172 -0.49513 0.265414 0.827286 1 
0.1144 0.2403 0.0171 -0.488343 0.271302 0.829408 1 
0.1147 0.2404 0.0171 -0.299354 0.287672 0.909743 1 
0.115 0.2406 0.0174 -0.510996 0.262487 0.818525 1 
0.1135 0.2416 0.0162 -0.462257 0.388167 0.797273 1 
0.1135 0.2418 0.0162 -0.462257 0.388167 0.797273 1 
0.1133 0.2422 0.0162 -0.50964 0.373736 0.774976 1 
0.1135 0.2421 0.0165 -0.495572 0.376118 0.782907 1 
0.113 0.2427 0.016 -0.340055 0.499705 0.796654 1 
0.1135 0.2427 0.0162 -0.515261 0.385226 0.765576 1 
0.1135 0.2425 0.0163 -0.515261 0.385226 0.765576 1 
0.1144 0.2419 0.0166 -0.495572 0.376118 0.782907 1 
0.1147 0.2421 0.0166 -0.501807 0.384881 0.774633 1 
0.1141 0.2424 0.0162 -0.50964 0.373736 0.774976 1 
0.1136 0.243 0.0162 -0.32089 0.522045 0.790252 1 
0.1138 0.2427 0.0165 -0.353137 0.484165 0.800549 1 
0.1138 0.2428 0.0166 -0.353137 0.484165 0.800549 1 
0.115 0.2424 0.0166 -0.350335 0.484709 0.80145 1 
0.1147 0.2421 0.0168 -0.501807 0.384881 0.774633 1 
0.115 0.2421 0.0169 -0.493776 0.380451 0.781948 1 
0.1154 0.2404 0.0171 -0.528033 0.260122 0.808404 1 
0.1153 0.241 0.0174 -0.533405 0.267484 0.802453 1 
0.1153 0.2422 0.0162 -0.490661 0.405896 0.771039 1 
0.1153 0.2421 0.0166 -0.497483 0.40288 0.768244 1 
0.1153 0.2424 0.0163 -0.371687 0.487537 0.790036 1 
0.1156 0.2416 0.0168 -0.482766 0.345744 0.80461 1 
0.1156 0.2418 0.0171 -0.498007 0.326171 0.803494 1 
0.1153 0.2421 0.0169 -0.508544 0.388313 0.768502 1 
0.1135 0.2436 0.0135 -0.217621 0.794856 0.566432 1 
0.1135 0.2436 0.0138 -0.233684 0.800096 0.552484 1 
0.1135 0.2433 0.0141 -0.251335 0.728713 0.637031 1 
0.1138 0.2433 0.0135 -0.233684 0.800096 0.552484 1 
0.1138 0.2434 0.0138 -0.243623 0.752874 0.611415 1 
0.1138 0.2433 0.0141 -0.258356 0.727517 0.635587 1 
0.1124 0.2433 0.0147 -0.283618 0.65857 0.697027 1 
0.121 0.2299 0.0278 -0.171279 -0.03612 -0.98456 1 
0.1212 0.2302 0.028 -0.171279 -0.03612 -0.98456 1 
0.1224 0.2302 0.0282 0.00298463 0.0169129 -0.999852 1 
0.1207 0.2311 0.0284 0.0800499 0.119495 -0.989602 1 
0.1213 0.2305 0.028 -0.0687411 0.0534653 -0.996201 1 
0.1215 0.2305 0.0284 -0.039796 0.0656096 -0.997052 1 
0.1207 0.2317 0.0284 0.131539 0.174133 -0.975897 1 
0.1209 0.2314 0.0284 0.030425 0.134095 -0.990501 1 
0.12 0.2326 0.0286 0.383161 0.182253 -0.905523 1 
0.1198 0.2331 0.0282 0.528643 0.102272 -0.84266 1 
0.1194 0.2334 0.0284 0.531794 0.0960383 -0.84141 1 
0.1209 0.2323 0.0279 0.140628 0.215458 -0.966334 1 
0.121 0.2326 0.0278 0.197351 0.197351 -0.960263 1 
0.1215 0.2332 0.0279 0.142527 0.236674 -0.961078 1 
0.1203 0.2323 0.0284 0.351169 0.189091 -0.91702 1 
0.1204 0.2325 0.0281 0.442636 0.15139 -0.88383 1 
0.1201 0.2326 0.0284 0.442894 0.164088 -0.881431 1 
0.1207 0.2326 0.0281 0.260201 0.189361 -0.946804 1 
0.1212 0.2328 0.028 0.145634 0.204918 -0.967884 1 
0.1204 0.2332 0.0282 0.486326 0.157211 -0.859518 1 
0.121 0.2331 0.028 0.198943 0.209624 -0.957329 1 
0.1191 0.2338 0.0284 0.540063 0.202334 -0.816941 1 
0.1195 0.2338 0.0281 0.589259 0.100392 -0.801683 1 
0.12 0.234 0.028 0.657713 0.145991 -0.738986 1 
0.12 0.2343 0.028 0.682709 0.276601 -0.676314 1 
0.12 0.2343 0.0284 0.651115 0.463647 -0.6009 1 
0.12 0.235 0.0282 0.638354 0.611546 -0.467456 1 
0.1207 0.2341 0.0282 0.4735 0.295352 -0.829798 1 
0.1206 0.2343 0.0284 0.569085 0.407432 -0.714242 1 
0.1207 0.2341 0.0287 0.240076 0.407086 -0.881274 1 
0.1213 0.2337 0.0285 0.159945 0.236613 -0.958349 1 
0.1204 0.2346 0.0282 0.673124 0.459328 -0.579588 1 
0.1206 0.2344 0.0285 0.525852 0.479109 -0.702805 1 
0.1204 0.2349 0.0285 0.572306 0.609447 -0.548671 1 
0.1207 0.235 0.0284 0.510009 0.580704 -0.634566 1 
0.1216 0.2344 0.0284 0.17378 0.315584 -0.932849 1 
0.1209 0.235 0.0287 0.15852 0.514077 -0.842969 1 
0.1216 0.2353 0.0286 0.262443 0.557887 -0.787328 1 
0.1209 0.232 0.029 0.10492 0.221217 -0.969564 1 
0.121 0.234 0.0291 0.100984 0.410854 -0.906091 1 
0.121 0.2343 0.0288 0.232327 0.433177 -0.870851 1 
0.1207 0.2347 0.0288 -0.00390518 0.420458 -0.907304 1 
0.121 0.2346 0.0291 0.232707 0.598167 -0.76684 1 
0.1212 0.2349 0.029 0.228772 0.599166 -0.767244 1 
0.121 0.2352 0.0294 -0.418652 0.211545 -0.883164 1 
0.1206 0.2353 0.0291 -0.879751 -0.33161 -0.340695 1 
0.1204 0.2358 0.0296 -0.868993 -0.140722 -0.474392 1 
0.1204 0.2359 0.0296 -0.888279 -0.364 -0.280115 1 
0.1215 0.2356 0.0291 0.265912 0.667168 -0.695829 1 
0.1209 0.2356 0.0293 -0.869271 -0.468968 -0.156323 1 
0.121 0.2362 0.029 -0.903206 -0.251135 -0.348065 1 
0.1207 0.2362 0.0297 -0.871161 -0.370739 -0.321918 1 
0.1207 0.2364 0.03 -0.837029 -0.471893 -0.276947 1 
0.121 0.2362 0.0302 -0.822565 -0.544893 -0.162722 1 
0.1225 0.2305 0.0279 0.0264011 0.0580825 -0.997963 1 
0.1221 0.2306 0.0284 -0.0185168 0.103476 -0.99446 1 
0.1216 0.2326 0.0278 0.0890755 0.22708 -0.969794 1 
0.1216 0.2326 0.0282 0.0922999 0.236439 -0.967252 1 
0.1221 0.2344 0.0286 0.146419 0.316102 -0.937358 1 
0.1224 0.2347 0.0288 0.141421 0.379457 -0.914337 1 
0.1216 0.235 0.0288 0.215916 0.540555 -0.81313 1 
0.1218 0.235 0.0291 0.133129 0.519351 -0.844128 1 
0.1221 0.2349 0.0288 0.146632 0.466029 -0.872534 1 
0.1221 0.235 0.0291 0.116424 0.490131 -0.863838 1 
0.1218 0.2352 0.0294 0.125245 0.570232 -0.81188 1 
0.1225 0.235 0.0291 0.13734 0.475631 -0.868857 1 
0.1227 0.235 0.0291 0.120711 0.450181 -0.884741 1 
0.1231 0.2352 0.0291 0.166684 0.482352 -0.859973 1 
0.1225 0.235 0.0294 0.107293 0.499271 -0.859777 1 
0.1227 0.235 0.0294 0.12485 0.475005 -0.871081 1 
0.1231 0.2352 0.0294 0.170354 0.490322 -0.85473 1 
0.1228 0.2349 0.0297 0.128315 0.477215 -0.869368 1 
0.1231 0.2349 0.0299 0.170354 0.490322 -0.85473 1 
0.0969 0.2335 -0.0213 0.808603 -0.287329 -0.513424 0 
0.0971 0.2332 -0.0212 0.811287 -0.304036 -0.499375 0 
0.0972 0.2329 -0.0208 0.78571 -0.366234 -0.49853 0 
0.0975 0.2335 -0.0204 0.748539 -0.472155 -0.465575 0 
0.098 0.2332 -0.0203 0.740425 -0.493067 -0.456788 0 
0.0971 0.2338 -0.0222 0.784159 -0.376719 -0.493131 0 
0.0972 0.2341 -0.0221 0.792428 -0.326856 -0.514998 0 
0.0971 0.2338 -0.0219 0.792428 -0.326856 -0.514998 0 
0.0969 0.2338 -0.0215 0.800658 -0.271064 -0.534294 0 
0.0969 0.2338 -0.0212 0.80452 -0.315778 -0.503023 0 
0.0969 0.2338 -0.021 0.805047 -0.328688 -0.493826 0 
0.0975 0.234 -0.0209 0.752905 -0.431403 -0.497016 0 
0.0972 0.2341 -0.0209 0.762028 -0.406306 -0.504211 0 
0.0975 0.2343 -0.0212 0.762028 -0.406306 -0.504211 0 
0.0972 0.2344 -0.0209 0.759639 -0.410041 -0.504792 0 
0.098 0.2346 -0.021 0.740329 -0.453431 -0.4963 0 
0.0969 0.2338 -0.0207 0.778172 -0.380188 -0.499906 0 
0.0971 0.2341 -0.0206 0.761315 -0.417495 -0.496082 0 
0.0972 0.234 -0.0204 0.753319 -0.441488 -0.487442 0 
0.0975 0.2341 -0.0204 0.740425 -0.493067 -0.456788 0 
0.0977 0.2346 -0.0206 0.743238 -0.463082 -0.482858 0 
0.0981 0.2347 -0.0207 0.74442 -0.463818 -0.480324 0 
0.0984 0.235 -0.0204 0.740216 -0.499522 -0.450064 0 
0.0977 0.2346 -0.0203 0.740425 -0.493067 -0.456788 0 
0.0981 0.2352 -0.0204 0.740425 -0.493067 -0.456788 0 
0.0984 0.235 -0.0202 0.729306 -0.530856 -0.43163 0 
0.0983 0.2341 -0.0197 0.726213 -0.537629 -0.428449 0 
0.0981 0.2347 -0.0198 0.727502 -0.53944 -0.423964 0 
0.0984 0.2347 -0.02 0.727502 -0.53944 -0.423964 0 
0.0981 0.2347 -0.0196 0.725658 -0.54383 -0.42151 0 
0.0986 0.2347 -0.02 0.725943 -0.540737 -0.424983 0 
0.0986 0.2347 -0.0198 0.726213 -0.537629 -0.428449 0 
0.0986 0.2347 -0.0195 0.725182 -0.536866 -0.431145 0 
0.0981 0.2353 -0.0201 0.732125 -0.527196 -0.431343 0 
0.0993 0.2349 -0.0198 0.725182 -0.536866 -0.431145 0 
0.0989 0.2335 -0.0184 0.691799 -0.59226 -0.413089 0 
0.099 0.2335 -0.0181 0.68691 -0.600839 -0.408836 0 
0.0987 0.2335 -0.0178 0.684711 -0.605132 -0.406185 0 
0.0983 0.2337 -0.0192 0.726468 -0.534508 -0.431909 0 
0.0984 0.2338 -0.0189 0.723348 -0.54127 -0.428712 0 
0.0989 0.2344 -0.0189 0.721768 -0.546694 -0.424472 0 
0.0987 0.2337 -0.0186 0.697944 -0.585212 -0.412798 0 
0.0992 0.2338 -0.0184 0.693926 -0.587933 -0.415693 0 
0.0992 0.2344 -0.0184 0.690016 -0.597352 -0.408715 0 
0.099 0.2344 -0.0192 0.724921 -0.539975 -0.427687 0 
0.099 0.2338 -0.0183 0.690016 -0.597352 -0.408715 0 
0.0987 0.234 -0.018 0.68691 -0.600839 -0.408836 0 
0.099 0.2338 -0.0178 0.672373 -0.626116 -0.394833 0 
0.0992 0.2337 -0.0174 0.678086 -0.635398 -0.369417 0 
0.099 0.2341 -0.0169 0.711139 -0.6135 -0.343365 0 
0.099 0.2341 -0.0166 0.697828 -0.659503 -0.27945 0 
0.0995 0.2346 -0.0184 0.670659 -0.620981 -0.405708 0 
0.0999 0.2347 -0.0186 0.673853 -0.617561 -0.405636 0 
0.1001 0.2347 -0.0184 0.669303 -0.619479 -0.410218 0 
0.0993 0.2338 -0.0178 0.668952 -0.635917 -0.384854 0 
0.0995 0.2346 -0.0181 0.65757 -0.641007 -0.395867 0 
0.0998 0.2347 -0.0183 0.658098 -0.638206 -0.3995 0 
0.0998 0.2347 -0.018 0.6814 -0.618705 -0.391021 0 
0.0998 0.2347 -0.0177 0.72261 -0.578416 -0.37851 0 
0.1001 0.2347 -0.0181 0.702355 -0.589978 -0.398276 0 
0.1004 0.2353 -0.0184 0.678744 -0.619292 -0.394695 0 
0.0996 0.234 -0.0172 0.725419 -0.588486 -0.357004 0 
0.0993 0.234 -0.0172 0.709463 -0.6046 -0.362105 0 
0.0996 0.234 -0.0171 0.730984 -0.587718 -0.34677 0 
0.1001 0.2344 -0.0169 0.808924 -0.503015 -0.304332 0 
0.0998 0.2347 -0.0174 0.746418 -0.550422 -0.374026 0 
0.1001 0.2347 -0.0172 0.796987 -0.489097 -0.354395 0 
0.1001 0.235 -0.0175 0.75337 -0.54184 -0.372617 0 
0.1004 0.2346 -0.0169 0.846613 -0.424083 -0.321558 0 
0.0996 0.234 -0.0165 0.816415 -0.503012 -0.28363 0 
0.0996 0.2341 -0.0168 0.741406 -0.603693 -0.293039 0 
0.1004 0.2338 -0.0165 0.796041 -0.54894 -0.254921 0 
0.1001 0.2344 -0.0166 0.831015 -0.479969 -0.281147 0 
0.1001 0.2337 -0.016 0.796835 -0.562563 -0.220401 0 
0.1004 0.2338 -0.0162 0.819785 -0.520278 -0.239297 0 
0.1001 0.2344 -0.0163 0.823801 -0.504209 -0.259086 0 
0.1004 0.2344 -0.0166 0.839882 -0.468664 -0.273774 0 
0.1004 0.2344 -0.016 0.7744 -0.595098 -0.214854 0 
0.1007 0.2346 -0.0163 0.819785 -0.520278 -0.239297 0 
0.1007 0.2344 -0.016 0.791785 -0.569529 -0.220712 0 
0.1011 0.2334 -0.015 0.637602 -0.755174 -0.152241 0 
0.1002 0.2338 -0.0156 0.791785 -0.569529 -0.220712 0 
0.1004 0.2338 -0.016 0.7744 -0.595098 -0.214854 0 
0.1002 0.2338 -0.0154 0.785791 -0.578922 -0.217675 0 
0.1007 0.234 -0.0156 0.747815 -0.630146 -0.209017 0 
0.1007 0.234 -0.0154 0.696305 -0.69323 -0.185989 0 
0.1007 0.2346 -0.0157 0.765053 -0.606766 -0.215705 0 
0.1004 0.2338 -0.0151 0.696305 -0.69323 -0.185989 0 
0.1005 0.2341 -0.015 0.690143 -0.699365 -0.185985 0 
0.1004 0.2341 -0.0148 0.691628 -0.69779 -0.186385 0 
0.1004 0.2341 -0.0145 0.635807 -0.756626 -0.152533 0 
0.101 0.2346 -0.0156 0.700445 -0.68813 -0.189351 0 
0.1013 0.2338 -0.0148 0.694117 -0.697182 -0.179275 0 
0.1008 0.2341 -0.0145 0.664983 -0.728894 -0.162822 0 
0.1011 0.2349 -0.0147 0.654144 -0.736483 -0.172304 0 
0.1014 0.235 -0.0144 0.902194 0.131305 -0.410858 0 
0.1007 0.2337 -0.0142 0.561724 -0.821648 -0.0967494 0 
0.1007 0.234 -0.0141 0.390329 -0.920341 -0.0248035 0 
0.1004 0.2341 -0.0142 0.602301 -0.788763 -0.122828 0 
0.1007 0.2341 -0.0142 0.396639 -0.917638 -0.0248718 0 
0.1007 0.2341 -0.0138 0.898939 0.122391 -0.42063 0 
0.0999 0.2344 -0.013 0.32918 0.888334 -0.320161 0 
0.1002 0.2344 -0.0133 0.336067 0.891698 -0.303207 0 
0.1005 0.2343 -0.0135 0.895077 -0.187139 -0.404743 0 
0.1007 0.2344 -0.0133 0.861831 -0.331473 -0.383892 0 
0.1001 0.2344 -0.013 0.34021 0.888742 -0.307238 0 
0.1005 0.2346 -0.0132 0.350299 0.88552 -0.305196 0 
0.1007 0.2344 -0.0129 0.356656 0.87874 -0.317196 0 
0.101 0.2341 -0.0141 0.220953 -0.974368 0.0422589 0 
0.1011 0.2343 -0.0142 0.220953 -0.974368 0.0422589 0 
0.1008 0.2338 -0.0138 0.913367 -0.0330451 -0.405794 0 
0.101 0.2343 -0.0136 0.876773 -0.267106 -0.399905 0 
0.1013 0.2341 -0.0139 0.900243 -0.143641 -0.411011 0 
0.1011 0.2352 -0.0144 0.519682 -0.848958 -0.0959194 0 
0.101 0.235 -0.0141 0.902194 0.131305 -0.410858 0 
0.1013 0.235 -0.0142 0.908474 0.0523346 -0.414651 0 
0.1014 0.2352 -0.0138 0.874965 -0.260532 -0.408116 0 
0.1014 0.235 -0.0136 0.850393 -0.33114 -0.408873 0 
0.1016 0.2347 -0.0142 0.906047 -0.0951556 -0.412341 0 
0.1016 0.2347 -0.0139 0.878645 -0.246979 -0.408637 0 
0.1016 0.235 -0.0136 0.850393 -0.33114 -0.408873 0 
0.1019 0.2344 -0.0133 0.821215 -0.408225 -0.398695 0 
0.1014 0.235 -0.0133 0.836293 -0.373261 -0.40161 0 
0.1016 0.2347 -0.0133 0.836293 -0.373261 -0.40161 0 
0.1005 0.2358 -0.0133 0.478377 0.808949 -0.341698 0 
0.1004 0.2356 -0.0129 0.525608 0.759934 -0.382408 0 
0.1007 0.2358 -0.013 0.545703 0.739075 -0.394938 0 
0.1011 0.2353 -0.0138 0.906974 -0.142464 -0.39636 0 
0.1008 0.2356 -0.0136 0.380702 0.869958 -0.31343 0 
0.1011 0.2355 -0.0135 0.389905 0.866965 -0.310395 0 
0.1008 0.2358 -0.0133 0.356829 0.883793 -0.302627 0 
0.1008 0.2356 -0.0132 0.354487 0.882447 -0.309234 0 
0.1007 0.2344 -0.0126 0.365883 0.875995 -0.314265 0 
0.1016 0.2344 -0.0126 0.734669 -0.575029 -0.360004 0 
0.1013 0.2344 -0.0124 0.429812 0.839305 -0.332909 0 
0.1023 0.2347 -0.0127 0.716572 -0.59195 -0.368944 0 
0.1023 0.2347 -0.0124 0.678672 -0.63266 -0.373023 0 
0.1023 0.2347 -0.0121 0.606502 -0.720323 -0.336584 0 
0.1025 0.2347 -0.0123 0.707044 -0.585083 -0.397197 0 
0.1025 0.2347 -0.012 0.604518 -0.718578 -0.343809 0 
0.1025 0.2347 -0.0118 0.621145 -0.693257 -0.365476 0 
0.1032 0.2349 -0.0114 0.80078 0.386749 -0.457359 0 
0.1029 0.2349 -0.0109 0.819604 0.344012 -0.458154 0 
0.1032 0.2347 -0.0111 0.818642 0.334107 -0.467117 0 
0.1034 0.2346 -0.0109 0.85556 0.209003 -0.47364 0 
0.1032 0.2347 -0.0108 0.858621 0.18601 -0.477673 0 
0.1032 0.2346 -0.0105 0.872645 0.158795 -0.461817 0 
0.1034 0.2347 -0.0106 0.871947 0.1592 -0.462994 0 
0.1038 0.2347 -0.0108 0.810835 0.469934 -0.348866 0 
0.1038 0.2349 -0.0105 0.806717 0.488485 -0.332552 0 
0.1032 0.2346 -0.0102 0.813222 0.473983 -0.337654 0 
0.1035 0.2349 -0.0103 0.812489 0.472229 -0.34185 0 
0.1034 0.2347 -0.01 0.799171 0.513185 -0.312995 0 
0.1034 0.2347 -0.0097 0.735716 0.631739 -0.244188 0 
0.1031 0.2344 -0.0091 0.716101 0.656294 -0.237651 0 
0.1035 0.2341 -0.009 0.587236 0.794496 -0.154694 0 
0.1029 0.2344 -0.0094 0.790822 0.537252 -0.293191 0 
0.1038 0.2347 -0.0096 0.716101 0.656294 -0.237651 0 
0.1038 0.2347 -0.0094 0.716101 0.656294 -0.237651 0 
0.1038 0.2347 -0.009 0.587236 0.794496 -0.154694 0 
0.1037 0.2341 -0.0085 0.592554 0.790572 -0.154514 0 
0.1037 0.234 -0.0082 0.584707 0.795142 -0.160832 0 
0.1038 0.2347 -0.0088 0.587236 0.794496 -0.154694 0 
0.1038 0.2349 -0.0082 -0.747826 0.590895 0.302653 0 
0.1041 0.2347 -0.009 0.587236 0.794496 -0.154694 0 
0.1041 0.2349 -0.0084 0.584707 0.795142 -0.160832 0 
0.1037 0.234 -0.0079 -0.758988 0.576831 0.301997 0 
0.1038 0.234 -0.0077 -0.698823 0.650629 0.297201 0 
0.1044 0.234 -0.0079 -0.698823 0.650629 0.297201 0 
0.1046 0.234 -0.0073 -0.717849 0.631129 0.293885 0 
0.104 0.2341 -0.0076 -0.72162 0.625189 0.297327 0 
0.1041 0.2341 -0.0073 -0.72017 0.627142 0.296729 0 
0.1046 0.2344 -0.0076 -0.717169 0.630531 0.296815 0 
0.1043 0.2347 -0.0079 -0.72162 0.625189 0.297327 0 
0.1046 0.2349 -0.0079 -0.72162 0.625189 0.297327 0 
0.1043 0.234 -0.0071 -0.72162 0.625189 0.297327 0 
0.1044 0.234 -0.0071 -0.723907 0.62118 0.300157 0 
0.1043 0.234 -0.0067 -0.80859 0.481341 0.338369 0 
0.1046 0.2341 -0.0067 -0.80859 0.481341 0.338369 0 
0.1046 0.2341 -0.0066 -0.862405 0.362549 0.353293 0 
0.105 0.235 -0.0065 -0.926429 0.0513951 0.372944 0 
0.1043 0.2343 -0.0063 -0.907499 0.194156 0.372491 0 
0.1043 0.2341 -0.0061 -0.916566 0.138113 0.375276 0 
0.105 0.235 -0.0063 -0.929881 0.0731666 0.360512 0 
0.105 0.235 -0.0059 -0.885538 0.416984 0.204808 0 
0.1049 0.2341 -0.0055 -0.898882 0.378553 0.220701 0 
0.1055 0.2341 -0.0053 -0.90491 0.35701 0.231692 0 
0.1055 0.2344 -0.0049 -0.882242 0.41211 0.227627 0 
0.1053 0.2353 -0.0058 -0.902781 0.376522 0.207887 0 
0.1055 0.2343 -0.0047 -0.899351 0.363568 0.242869 0 
0.1055 0.2344 -0.0041 -0.886174 0.373363 0.274399 0 
0.1053 0.2347 -0.0046 -0.883628 0.403817 0.236926 0 
0.1053 0.2344 -0.0038 -0.897864 0.336885 0.283458 0 
0.1056 0.2347 -0.0049 -0.865416 0.448456 0.223478 0 
0.1064 0.2349 -0.0049 -0.87432 0.424413 0.235452 0 
0.1056 0.2341 -0.0043 -0.895265 0.362545 0.258961 0 
0.1061 0.2347 -0.0047 -0.873469 0.422452 0.242046 0 
0.1056 0.2349 -0.0047 -0.870319 0.435909 0.229189 0 
0.1058 0.2352 -0.0044 -0.877304 0.409409 0.250444 0 
0.1058 0.234 -0.004 -0.905239 0.310578 0.289971 0 
0.1058 0.2343 -0.0037 -0.884242 0.34496 0.314832 0 
0.1052 0.2346 -0.0019 0.893891 -0.209209 -0.396472 0 
0.1055 0.235 -0.0019 0.863559 -0.31444 -0.3942 0 
0.1052 0.2344 -0.0013 0.876331 -0.231399 -0.42249 0 
0.1049 0.2347 -0.0014 0.87989 -0.230766 -0.41538 0 
0.1055 0.2344 -0.0014 0.879622 -0.218051 -0.422752 0 
0.1059 0.2341 -0.0023 0.88406 -0.240023 -0.401032 0 
0.1059 0.2344 -0.0023 0.869114 -0.300906 -0.392552 0 
0.1059 0.2341 -0.002 0.879718 -0.24728 -0.406139 0 
0.1058 0.2344 -0.0022 0.869114 -0.300906 -0.392552 0 
0.1059 0.2341 -0.0019 0.878645 -0.246979 -0.408637 0 
0.1064 0.2344 -0.0022 0.858307 -0.306648 -0.411432 0 
0.1058 0.2349 -0.002 0.856764 -0.325725 -0.399823 0 
0.1058 0.2344 -0.0019 0.869938 -0.28087 -0.405364 0 
0.1059 0.2347 -0.0017 0.846613 -0.321558 -0.424083 0 
0.1061 0.2346 -0.0019 0.853652 -0.310279 -0.418336 0 
0.1058 0.235 -0.0017 0.840893 -0.339802 -0.421229 0 
0.1067 0.2346 -0.0017 0.827468 -0.345172 -0.442892 0 
0.1067 0.235 -0.0017 0.821916 -0.359489 -0.441839 0 
0.1076 0.2347 -0.0017 0.809195 -0.371879 -0.454873 0 
0.1061 0.2356 -0.0019 0.821987 -0.38317 -0.421328 0 
0.1064 0.2353 -0.0017 0.825017 -0.356293 -0.438637 0 
0.107 0.2353 -0.0019 0.818311 -0.373404 -0.436962 0 
0.1067 0.2356 -0.0019 0.818311 -0.373404 -0.436962 0 
0.1073 0.2356 -0.0019 0.800953 -0.390043 -0.454248 0 
0.1073 0.2353 -0.0017 0.800953 -0.390043 -0.454248 0 
0.1061 0.2343 -0.0016 0.846377 -0.29863 -0.440983 0 
0.1066 0.2344 -0.0011 -0.0730824 -0.972367 -0.221724 0 
0.1061 0.2344 -0.0016 0.846377 -0.29863 -0.440983 0 
0.1061 0.2346 -0.0014 0.824298 -0.34649 -0.447747 0 
0.1058 0.2349 -0.0014 0.824298 -0.34649 -0.447747 0 
0.1064 0.2347 -0.0016 0.837835 -0.327304 -0.436927 0 
0.107 0.2352 -0.0016 0.808296 -0.376138 -0.452966 0 
0.1073 0.2346 -0.0016 0.809195 -0.371879 -0.454873 0 
0.1073 0.235 -0.0014 0.798442 -0.387172 -0.461072 0 
0.1076 0.235 -0.0014 -0.197703 -0.953547 -0.227291 0 
0.1073 0.2349 -0.0011 -0.0912754 -0.96032 -0.263542 0 
0.1076 0.2349 -0.0011 0.764396 -0.402571 -0.503621 0 
0.1075 0.2341 -0.0002 0.582348 0.794111 -0.173948 0 
0.1073 0.2347 -0.0008 0.751378 -0.407611 -0.518926 0 
0.1076 0.2346 -0.0005 0.675503 -0.511236 -0.531351 0 
0.1076 0.2347 -0.0008 0.748666 -0.407917 -0.522592 0 
0.1078 0.2346 -0.0006 0.675503 -0.511236 -0.531351 0 
0.1079 0.2344 -0.0002 0.66007 0.727769 -0.186173 0 
0.1076 0.2344 -0.0002 0.676736 -0.515528 -0.525604 0 
0.1079 0.2341 0.0002 0.627704 0.714841 -0.308204 0 
0.1076 0.2346 0.0001 0.661287 -0.550231 -0.509847 0 
0.1079 0.2347 0.0001 0.675381 -0.537959 -0.504441 0 
0.1079 0.2349 0.0005 0.735174 -0.464233 -0.493971 0 
0.1082 0.2347 0.0001 0.630276 0.737156 -0.243623 0 
0.1082 0.2347 0.0005 0.607271 0.7468 -0.271131 0 
0.1082 0.2347 0.0007 0.659204 0.675481 -0.330416 0 
0.1081 0.2341 0.0013 -0.133425 0.984458 0.114192 0 
0.1079 0.2344 0.001 0.709167 0.601072 -0.368505 0 
0.1088 0.2347 0.001 0.0578445 0.998081 0.0220861 0 
0.1082 0.2349 0.001 0.65866 0.684553 -0.312337 0 
0.1087 0.2349 0.0008 0.654398 0.702398 -0.279999 0 
0.1087 0.2349 0.0011 0.0578445 0.998081 0.0220861 0 
0.1082 0.2347 0.0013 -0.0471087 0.995857 0.0777842 0 
0.1085 0.2349 0.0014 0.0431371 0.998466 0.0347201 0 
0.1088 0.2347 0.0016 0.246528 0.967531 -0.0557476 0 
0.1087 0.2349 0.0017 0.246528 0.967531 -0.0557476 0 
0.1085 0.2347 0.002 0.288584 0.953752 -0.0841165 0 
0.1088 0.2347 0.0022 0.376993 0.919863 -0.1083 0 
0.1087 0.2349 0.0023 0.39706 0.909754 -0.121208 0 
0.1085 0.2347 0.0025 0.463348 0.872954 -0.152513 0 
0.1088 0.2347 0.0024 0.463348 0.872954 -0.152513 0 
0.1088 0.2347 0.0028 0.442309 0.88605 -0.138848 0 
0.1094 0.2338 0.0017 0.367998 0.922062 -0.119909 0 
0.1091 0.2338 0.002 0.39706 0.909754 -0.121208 0 
0.1088 0.2349 0.0019 0.260613 0.963135 -0.066727 0 
0.1091 0.2347 0.0022 0.408172 0.904712 -0.122031 0 
0.1093 0.2338 0.0025 0.480146 0.861914 -0.162985 0 
0.1099 0.2338 0.0031 0.915037 0.162642 -0.369126 0 
0.1091 0.2347 0.0025 0.472221 0.866956 -0.159356 0 
0.1091 0.2347 0.003 0.514311 0.838192 -0.181433 0 
0.1097 0.2332 0.0056 0.633281 -0.769501 -0.0826018 0 
0.1088 0.2343 0.0034 0.518824 0.83463 -0.184972 0 
0.1096 0.234 0.0037 0.901935 0.276042 -0.332136 0 
0.1091 0.2341 0.004 0.72523 0.653486 -0.216789 0 
0.1097 0.2341 0.0037 0.916845 0.213787 -0.337181 0 
0.1091 0.2347 0.0034 0.550538 0.809795 -0.20283 0 
0.1094 0.235 0.0034 0.502252 0.848939 -0.164454 0 
0.1091 0.235 0.0037 0.55368 0.811558 -0.186582 0 
0.1094 0.2349 0.0037 0.69055 0.684258 -0.234378 0 
0.1097 0.235 0.0035 0.848044 0.426347 -0.314722 0 
0.1097 0.235 0.0038 0.836341 0.467047 -0.287056 0 
0.1094 0.2343 0.004 0.847052 0.456578 -0.272102 0 
0.1093 0.2341 0.0042 0.895654 0.352023 -0.271815 0 
0.1094 0.2343 0.0042 0.890031 0.365256 -0.272824 0 
0.1094 0.2341 0.0046 0.893789 0.384315 -0.231178 0 
0.1093 0.2344 0.0046 0.841703 0.488583 -0.229832 0 
0.1099 0.2338 0.0047 0.894799 0.3818 -0.231439 0 
0.1097 0.2352 0.0041 0.877468 0.398849 -0.266401 0 
0.1094 0.2353 0.0041 0.84569 0.460585 -0.269573 0 
0.1097 0.2353 0.0043 0.865386 0.436469 -0.246174 0 
0.1097 0.2353 0.0046 0.865239 0.446915 -0.227219 0 
0.1094 0.2343 0.0048 0.871082 0.440771 -0.21665 0 
0.1094 0.2343 0.005 0.529067 -0.846227 -0.0631513 0 
0.1099 0.2341 0.0053 0.607994 -0.789959 -0.0794291 0 
0.1097 0.2343 0.0053 0.607994 -0.789959 -0.0794291 0 
0.11 0.2341 0.0055 0.642247 -0.761667 -0.0859242 0 
0.1103 0.2341 0.0055 0.643266 -0.7618 -0.0766137 0 
0.11 0.2347 0.0049 0.804727 0.556412 -0.20693 0 
0.1097 0.2341 0.0056 0.642247 -0.761667 -0.0859242 0 
0.1103 0.2341 0.0058 -0.746084 -0.638402 0.189213 0 
0.1103 0.2341 0.0059 -0.742811 -0.641309 0.192239 0 
0.11 0.2343 0.0061 -0.742811 -0.641309 0.192239 0 
0.11 0.2341 0.0063 -0.844448 -0.499469 0.193488 0 
0.1103 0.2344 0.0061 -0.828279 -0.526538 0.191605 0 
0.11 0.2341 0.0064 -0.840645 -0.506793 0.190987 0 
0.11 0.2341 0.007 -0.928008 -0.309336 0.207636 0 
0.1103 0.2341 0.0072 -0.914246 -0.345892 0.21098 0 
0.1103 0.2341 0.0076 -0.910342 -0.345901 0.227224 0 
0.11 0.2341 0.0078 -0.912037 -0.339665 0.229816 0 
0.1105 0.2349 0.0064 -0.827435 -0.529016 0.188396 0 
0.1105 0.2349 0.0067 -0.933055 -0.295164 0.205636 0 
0.1108 0.2347 0.0073 -0.913554 -0.343841 0.217239 0 
0.1109 0.2347 0.0078 -0.896312 -0.38581 0.218577 0 
0.1109 0.2347 0.0079 -0.894711 -0.389324 0.218903 0 
0.1108 0.235 0.0076 -0.903469 -0.36808 0.219684 0 
0.1109 0.2349 0.0079 -0.895152 -0.386576 0.221951 0 
0.1103 0.2341 0.0084 -0.891572 -0.388861 0.232134 0 
0.1112 0.2344 0.0087 -0.887895 -0.374557 0.267114 0 
0.1109 0.2347 0.0082 -0.890345 -0.389618 0.235549 0 
0.1109 0.2349 0.0082 -0.890345 -0.389618 0.235549 0 
0.1108 0.2347 0.0085 -0.886971 -0.383112 0.257892 0 
0.1111 0.2346 0.0085 -0.886971 -0.383112 0.257892 0 
0.1114 0.2344 0.0084 -0.885636 -0.389799 0.252399 0 
0.1112 0.2344 0.009 -0.884529 -0.376938 0.27482 0 
0.1112 0.2338 0.0094 -0.858241 -0.436005 0.270782 0 
0.1111 0.2344 0.0088 -0.887895 -0.374557 0.267114 0 
0.112 0.2328 0.0102 -0.85687 -0.444473 0.261185 0 
0.1112 0.2329 0.0096 -0.857133 -0.433933 0.277533 0 
0.1115 0.2329 0.0097 -0.868312 -0.401346 0.291472 0 
0.1112 0.2329 0.01 -0.858836 -0.440859 0.260854 0 
0.1117 0.2332 0.01 -0.84842 -0.470668 0.242188 0 
0.1117 0.2331 0.0103 -0.873582 -0.40424 0.271007 0 
0.1118 0.2323 0.0106 -0.910816 -0.307492 0.275431 0 
0.1117 0.2331 0.0106 -0.88262 -0.394107 0.256245 0 
0.1118 0.2329 0.0108 -0.91551 -0.291628 0.277119 0 
0.1117 0.2335 0.0109 -0.882563 -0.406306 0.23664 0 
0.1114 0.2341 0.0102 -0.893665 -0.341651 0.290926 0 
0.1111 0.2344 0.0105 -0.892252 -0.353028 0.281528 0 
0.1109 0.2346 0.0108 -0.910956 -0.301709 0.281303 0 
0.1112 0.2344 0.0109 -0.895936 -0.367526 0.249445 0 
0.1114 0.2347 0.0109 -0.904299 -0.333782 0.266143 0 
0.1111 0.2344 0.0112 -0.860155 -0.459453 0.221441 0 
0.1112 0.2347 0.0112 -0.887439 -0.393922 0.239326 0 
0.1111 0.2344 0.0115 -0.862835 -0.457678 0.214583 0 
0.1111 0.2344 0.0118 -0.887544 -0.403161 0.222994 0 
0.1112 0.2347 0.0118 -0.880187 -0.423024 0.215223 0 
0.1112 0.2347 0.0114 -0.840831 -0.502687 0.200773 0 
0.1118 0.2344 0.0126 -0.977651 -0.0693974 0.198452 0 
0.1112 0.2347 0.012 -0.919813 -0.317127 0.231029 0 
0.1115 0.2346 0.0123 -0.971813 -0.0401375 0.232311 0 
0.1118 0.2347 0.0121 -0.965065 -0.111502 0.237101 0 
0.1118 0.2347 0.0124 -0.963807 -0.149984 0.220411 0 
0.112 0.2346 0.0127 -0.986102 0.00564778 0.166045 0 
0.1121 0.2343 0.0114 -0.909239 -0.346584 0.230573 0 
0.1121 0.2344 0.0117 -0.963769 -0.122897 0.236738 0 
0.1124 0.2347 0.0117 -0.971914 -0.0475592 0.230479 0 
0.1121 0.2344 0.012 -0.971813 -0.0401375 0.232311 0 
0.1124 0.2347 0.012 -0.961434 -0.172295 0.214383 0 
0.1121 0.2344 0.0123 -0.970249 -0.120804 0.209818 0 
0.1124 0.2344 0.0126 -0.965588 -0.198836 0.167646 0 
0.1126 0.2343 0.0127 -0.966084 -0.196337 0.167732 0 
0.113 0.2335 0.0133 -0.974827 -0.155115 0.160159 0 
0.112 0.2346 0.013 -0.981928 0.0783133 0.172289 0 
0.1124 0.2343 0.0129 -0.966084 -0.196337 0.167732 0 
0.1124 0.2343 0.0132 -0.982776 -0.00802734 0.184629 0 
0.1129 0.2341 0.0133 -0.982676 -0.010344 0.185042 0 
0.1126 0.2346 0.013 -0.982697 -0.00804547 0.185046 0 
0.1121 0.2347 0.0133 -0.971362 0.187143 0.146404 0 
0.1121 0.2347 0.0133 -0.971362 0.187143 0.146404 0 
0.1126 0.2344 0.0133 -0.982791 -0.0057339 0.184632 0 
0.1123 0.2349 0.0135 -0.976113 0.171226 0.133731 0 
0.1132 0.2341 0.0136 -0.982462 0.0388279 0.182373 0 
0.1126 0.2347 0.0136 -0.982787 0.0655192 0.172732 0 
0.1124 0.235 0.0136 -0.976334 0.175815 0.125938 0 
0.1129 0.2347 0.0136 -0.982218 0.0707581 0.173897 0 
0.1151 0.2338 0.0186 -0.193 0.665464 0.721047 0 
0.115 0.2331 0.0198 -0.754401 -0.162416 0.636004 0 
0.115 0.2341 0.0198 -0.735416 -0.321643 0.596414 0 
0.1153 0.2343 0.0188 -0.0921065 0.738314 0.668138 0 
0.1156 0.2341 0.0191 -0.00131747 0.886654 0.462431 0 
0.1156 0.2335 0.02 -0.777208 -0.252789 0.576233 0 
0.1156 0.2334 0.0198 -0.777208 -0.252789 0.576233 0 
0.1162 0.2335 0.0197 -0.777208 -0.252789 0.576233 0 
0.1159 0.2331 0.0201 -0.721199 0.662262 0.203176 0 
0.1154 0.2341 0.0198 -0.74499 -0.302803 0.59439 0 
0.1165 0.234 0.02 -0.412448 0.906281 0.0924214 0 
0.116 0.2341 0.0198 -0.779086 -0.273391 0.564166 0 
0.1163 0.2344 0.02 -0.412448 0.906281 0.0924214 0 
0.116 0.2347 0.0195 -0.770491 -0.225699 0.596157 0 
0.1162 0.235 0.0197 -0.785477 -0.154692 0.599246 0 
0.1156 0.2341 0.0201 -0.779086 -0.273391 0.564166 0 
0.1165 0.2344 0.0203 -0.794206 0.340374 0.50337 0 
0.1163 0.234 0.0206 -0.8488 -0.0287961 0.527929 0 
0.1163 0.2347 0.0201 -0.65645 0.707313 0.262262 0 
0.1169 0.2338 0.0201 -0.815008 0.00684881 0.579409 0 
0.1171 0.2337 0.0203 -0.280054 0.956312 -0.083887 0 
0.1169 0.234 0.0204 -0.284861 0.955123 -0.0812048 0 
0.1169 0.2346 0.0218 0.405794 -0.913367 0.0330451 0 
0.1172 0.2349 0.0221 0.406364 -0.912653 0.0439672 0 
0.1172 0.2349 0.0224 0.410526 -0.910647 0.0468027 0 
0.1177 0.2344 0.0222 0.458269 -0.888805 0.00396198 0 
0.1174 0.2353 0.0222 0.405898 -0.912266 0.0549235 0 
0.1172 0.2346 0.023 0.445579 -0.895124 -0.0145441 0 
0.1174 0.235 0.0228 0.392491 -0.917598 0.0629593 0 
0.1175 0.235 0.0231 0.434409 -0.89975 0.0416925 0 
0.1175 0.2344 0.0236 0.535167 -0.844497 -0.0205307 0 
0.1177 0.2349 0.0234 0.501999 -0.86463 0.0202965 0 
0.1178 0.235 0.0237 0.516295 -0.855928 0.0287592 0 
0.1183 0.235 0.0237 0.519315 -0.852461 0.0601902 0 
0.1174 0.2353 0.0225 0.382285 -0.921509 0.0684089 0 
0.1174 0.2353 0.0237 0.511873 -0.858582 0.0286649 0 
0.1178 0.2349 0.024 0.539322 -0.842099 0.00135168 0 
0.1181 0.2349 0.0242 0.541774 -0.840497 -0.00678915 0 
0.1181 0.2346 0.025 0.431254 -0.870022 -0.238918 0 
0.1181 0.2347 0.0254 0.393407 -0.873393 -0.287081 0 
0.1192 0.2337 0.023 0.551876 -0.833916 0.00406788 0 
0.1188 0.2349 0.0227 0.466555 -0.881887 0.0678374 0 
0.1189 0.235 0.0225 0.482479 -0.875906 0.00132914 0 
0.1195 0.2349 0.0228 0.528597 -0.84375 0.0931134 0 
0.12 0.235 0.0228 0.527991 -0.847307 0.0574208 0 
0.1191 0.2358 0.0227 0.517443 -0.849983 0.0989019 0 
0.1192 0.2355 0.0228 0.517443 -0.849983 0.0989019 0 
0.1195 0.2353 0.0231 0.5161 -0.847567 0.123573 0 
0.1194 0.2358 0.0231 0.5161 -0.847567 0.123573 0 
0.1191 0.2362 0.0231 0.52579 -0.838024 0.145807 0 
0.1195 0.2358 0.0233 0.52749 -0.841368 0.117704 0 
0.1191 0.2364 0.0233 0.52579 -0.838024 0.145807 0 
0.1192 0.2364 0.0236 0.496423 -0.857458 0.135388 0 
0.1194 0.2362 0.0233 0.52579 -0.838024 0.145807 0 
0.1194 0.2364 0.0236 0.52749 -0.841368 0.117704 0 
0.1197 0.2364 0.0236 0.549905 -0.828484 0.105918 0 
0.1184 0.235 0.0242 0.537892 -0.842925 0.0122558 0 
0.1191 0.2353 0.0248 0.478043 -0.859886 -0.179081 0 
0.1188 0.2356 0.0255 0.395266 -0.879204 -0.266016 0 
0.1188 0.2361 0.0254 0.430041 -0.882098 -0.192271 0 
0.1192 0.2353 0.0258 0.457183 -0.793205 -0.402256 0 
0.1186 0.2358 0.0258 0.398491 -0.874255 -0.277277 0 
0.1188 0.2368 0.026 0.929605 0.141851 -0.340167 0 
0.1188 0.2367 0.0263 0.903935 0.0897035 -0.418156 0 
0.1198 0.2362 0.026 0.896019 -0.178046 -0.406755 0 
0.1186 0.2364 0.0267 0.820552 -0.248793 -0.514584 0 
0.1195 0.2361 0.0269 0.898642 0.14384 -0.414429 0 
0.1192 0.2355 0.0272 0.796832 0.00688111 -0.604161 0 
0.1189 0.2368 0.0269 0.906621 0.213237 -0.364099 0 
