0.119464 0.241127 0.00338074 -0.537574 0.554426 -0.635315 2 
0.119581 0.240817 0.00337153 -0.538726 0.555614 -0.633299 2 
0.119701 0.240373 0.00249512 -0.560259 0.577185 -0.594111 2 
0.119963 0.240449 0.00323389 -0.55972 0.552956 -0.617214 2 
0.119496 0.240466 0.00327559 -0.520038 0.560429 -0.644578 2 
0.119886 0.240033 0.00326338 -0.55972 0.552956 -0.617214 2 
0.119694 0.240104 0.00275571 -0.560259 0.577185 -0.594111 2 
0.118922 0.240394 0.00383778 -0.485696 0.576449 -0.657119 2 
0.119505 0.240401 0.00340098 -0.520038 0.560429 -0.644578 2 
0.119346 0.240369 0.00355519 -0.502957 0.556786 -0.661078 2 
0.11965 0.239918 0.00306112 -0.521808 0.582602 -0.62313 2 
0.119384 0.240131 0.0033499 -0.491753 0.572313 -0.65623 2 
0.119351 0.239901 0.00307395 -0.511355 0.595738 -0.619365 2 
0.119321 0.24023 0.00356498 -0.505795 0.562928 -0.653669 2 
0.119136 0.240059 0.00372901 -0.488385 0.579013 -0.652858 2 
0.118998 0.239919 0.00342722 -0.488782 0.592921 -0.639951 2 
0.119306 0.23987 0.00353976 -0.502724 0.576704 -0.643958 2 
0.119105 0.239673 0.00329264 -0.472102 0.616589 -0.63003 2 
0.118798 0.240436 0.00410756 -0.488385 0.579013 -0.652858 2 
0.118176 0.240286 0.00343622 -0.461148 0.608715 -0.645607 2 
0.118921 0.239503 0.00345671 -0.446829 0.630916 -0.634263 2 
0.118181 0.239819 0.00295499 -0.416916 0.686002 -0.596307 2 
0.118418 0.239601 0.00354325 -0.439515 0.646739 -0.623342 2 
0.118087 0.23971 0.00218738 -0.390512 0.696989 -0.601421 2 
0.118031 0.239899 0.00268826 -0.423458 0.679193 -0.599483 2 
0.119766 0.239941 0.002666 -0.560259 0.577185 -0.594111 2 
0.118776 0.239804 0.00123003 -0.333629 0.701435 -0.629826 2 
0.119582 0.23977 0.00283005 -0.507876 0.605739 -0.612488 2 
0.119365 0.239369 0.00271809 -0.471029 0.638655 -0.608483 2 
0.119323 0.239204 0.00231675 -0.467204 0.651407 -0.597821 2 
0.11897 0.239399 0.00212369 -0.424696 0.667856 -0.61123 2 
0.118976 0.239646 0.00256987 -0.438468 0.655201 -0.615189 2 
0.118579 0.239655 0.00268226 -0.443026 0.653672 -0.613549 2 
0.118509 0.239662 0.00261156 -0.431086 0.664105 -0.610843 2 
0.119006 0.23914 0.00262517 -0.395321 0.686436 -0.610349 2 
0.118909 0.239342 0.00217833 -0.362444 0.700287 -0.615006 2 
0.118739 0.239354 0.00291398 -0.450327 0.647869 -0.614387 2 
0.11846 0.239584 0.00137803 -0.0644203 0.788791 -0.611277 2 
0.118478 0.239277 0.00217523 -0.3397 0.713533 -0.61276 2 
0.118106 0.239935 0.00134542 -0.23993 0.744881 -0.622564 2 
0.115989 0.240088 0.00516451 -0.342161 0.7791 -0.52529 2 
0.115983 0.239664 0.00526464 -0.351923 0.689114 -0.633461 2 
0.116108 0.239289 0.00538084 -0.351923 0.689114 -0.633461 2 
0.11602 0.239427 0.00505938 -0.348101 0.75287 -0.558581 2 
0.115898 0.239313 0.00516872 -0.0304518 -0.414409 -0.909581 2 
0.115803 0.240251 0.00494257 -0.342161 0.7791 -0.52529 2 
0.115594 0.239941 0.00511646 0.0547794 -0.54639 -0.835738 2 
0.115947 0.239923 0.00476313 -0.340868 0.764126 -0.54765 2 
0.115763 0.239753 0.00492717 -0.00939772 -0.495394 -0.868618 2 
0.115687 0.239336 0.00495663 0.0462287 -0.558947 -0.827914 2 
0.115482 0.239607 0.00519076 0.00125144 -0.341642 -0.939829 2 
0.115359 0.239493 0.00530011 -0.0639692 -0.194322 -0.97885 2 
0.115575 0.239002 0.00503097 0.0694699 -0.554341 -0.829385 2 
0.115256 0.239271 0.00495345 -0.052003 -0.21164 -0.975963 2 
0.115283 0.239076 0.00532957 -0.0757385 -0.171914 -0.982196 2 
0.109842 0.236011 0.00700337 0.422152 0.0526005 0.904998 2 
0.109657 0.23584 0.00716742 0.40227 0.0605424 0.913517 2 
0.109535 0.235727 0.00727678 0.375935 0.0821936 0.922994 2 
0.109765 0.235595 0.00703283 0.40227 0.0605424 0.913517 2 
0.109581 0.235424 0.00719687 0.363875 0.116715 0.924106 2 
0.109432 0.235505 0.00693012 0.370505 0.105273 0.922845 2 
0.109571 0.236 0.00613917 0.425339 0.0553616 0.903339 2 
0.109449 0.235886 0.00624855 0.41195 0.0634809 0.908992 2 
0.10908 0.235544 0.00657663 0.363875 0.116715 0.924106 2 
0.109594 0.235225 0.00645506 0.396499 0.083115 0.914265 2 
0.109648 0.235014 0.00666095 0.381903 0.102662 0.918483 2 
0.109399 0.235275 0.00665411 0.363875 0.116715 0.924106 2 
0.109311 0.235412 0.0063327 0.375315 0.102359 0.921228 2 
0.109539 0.235082 0.00734188 0.357124 0.128234 0.925213 2 
0.109237 0.235377 0.00767556 0.342861 0.136318 0.929443 2 
0.109193 0.23519 0.00798097 0.337327 0.154088 0.928691 2 
0.109113 0.235596 0.00739894 0.349809 0.115696 0.929649 2 
0.109397 0.235253 0.00736089 0.352813 0.136974 0.925614 2 
0.109274 0.235139 0.00747029 0.342861 0.136318 0.929443 2 
0.109285 0.234919 0.00743523 0.32474 0.174217 0.92962 2 
0.109206 0.234991 0.00723917 0.32474 0.174217 0.92962 2 
0.109029 0.234912 0.00768899 0.336132 0.138569 0.931565 2 
0.108818 0.234935 0.00747689 0.328811 0.108709 0.938118 2 
0.108677 0.234951 0.00733548 0.328079 0.105789 0.938708 2 
0.108622 0.235141 0.00783639 0.326203 0.0832016 0.941631 2 
0.108587 0.235067 0.00772081 0.325394 0.0829952 0.941929 2 
0.108295 0.235141 0.00801946 0.320525 0.0883752 0.943108 2 
0.108403 0.234896 0.00788485 0.296591 0.14491 0.943946 2 
0.108835 0.235316 0.00679533 0.351626 0.107253 0.929976 2 
0.108714 0.235046 0.00674432 0.340119 0.11247 0.933633 2 
0.108396 0.234982 0.00705272 0.325394 0.0829952 0.941929 2 
0.107832 0.234846 0.00774028 0.281186 0.134596 0.950168 2 
0.109436 0.23486 0.00699525 0.361372 0.119541 0.924727 2 
0.109505 0.235008 0.00722634 0.357124 0.128234 0.925213 2 
0.109294 0.235031 0.00701425 0.352813 0.136974 0.925614 2 
0.109171 0.234917 0.00712363 0.32474 0.174217 0.92962 2 
0.104021 0.233872 0.00958177 0.523571 -0.00134594 0.851981 2 
0.103837 0.233702 0.00974578 0.53478 -0.0663184 0.842385 2 
0.103668 0.23389 0.00993505 0.533864 -0.0429865 0.844477 2 
0.103987 0.233621 0.0100126 0.53478 -0.0663184 0.842385 2 
0.104015 0.233448 0.0096819 0.542816 -0.0902306 0.834991 2 
0.103766 0.233532 0.0102215 0.555428 -0.102964 0.825166 2 
0.103592 0.233474 0.00996452 0.555375 -0.115157 0.823588 2 
0.103577 0.233114 0.00993934 0.584897 -0.138411 0.799211 2 
0.103814 0.232896 0.0105275 0.581165 -0.087968 0.809017 2 
0.103603 0.23292 0.0103154 0.600403 -0.135575 0.788122 2 
0.103478 0.233295 0.0101993 0.578717 -0.115743 0.807273 2 
0.10179 0.235756 0.00903917 0.841873 -0.0316908 0.538744 2 
0.102859 0.234236 0.00865589 0.557975 -0.0290756 0.829348 2 
0.103608 0.233855 0.00928298 0.533271 -0.0573861 0.843996 2 
0.103734 0.23348 0.00939916 0.558805 -0.124668 0.819875 2 
0.103646 0.233617 0.00907771 0.542816 -0.0902306 0.834991 2 
0.103258 0.233383 0.00986181 0.586934 -0.147854 0.79602 2 
0.103453 0.233334 0.0096627 0.58582 -0.16415 0.793643 2 
0.102479 0.234448 0.00863309 0.580102 0.0179129 0.814347 2 
0.10277 0.233841 0.00997352 0.62732 -0.132616 0.767387 2 
0.104709 0.232898 0.00878968 0.63132 -0.286092 0.720824 2 
0.103984 0.233063 0.00924554 0.571469 -0.147717 0.807219 2 
0.104233 0.232802 0.0092524 0.598083 -0.181099 0.780704 2 
0.104341 0.232556 0.0091178 0.658254 -0.244675 0.711924 2 
0.10399 0.232262 0.00915024 0.683103 -0.258343 0.683103 2 
0.103508 0.232966 0.0097082 0.582434 -0.122385 0.803612 2 
0.103501 0.232698 0.00996877 0.626266 -0.172185 0.760357 2 
0.103432 0.23255 0.00973765 0.645662 -0.195702 0.73812 2 
0.10372 0.23261 0.0103062 0.61192 -0.12594 0.780828 2 
0.103677 0.232423 0.0106116 0.719677 -0.233621 0.653824 2 
0.103538 0.232283 0.0103099 0.74124 -0.278961 0.610527 2 
0.103387 0.232519 0.0102035 0.659689 -0.189141 0.727349 2 
0.103496 0.232118 0.0099085 0.721167 -0.269045 0.638384 2 
0.103354 0.232112 0.0104739 0.77255 -0.280783 0.569498 2 
0.104181 0.232857 0.00888603 0.595979 -0.19151 0.779829 2 
0.10364 0.233193 0.00917785 0.575657 -0.163829 0.801111 2 
0.103748 0.232948 0.00904325 0.597212 -0.184815 0.7805 2 
0.10356 0.233088 0.00952814 0.580214 -0.157422 0.799106 2 
0.103668 0.232843 0.00939357 0.6004 -0.16787 0.781882 2 
0.103564 0.232777 0.00920733 0.60708 -0.178016 0.774445 2 
0.103513 0.232499 0.00922697 0.639026 -0.205788 0.741146 2 
0.103479 0.232425 0.00911141 0.649773 -0.219707 0.727684 2 
0.103717 0.232562 0.00860688 0.628056 -0.219742 0.746498 2 
0.10436 0.232448 0.00866181 0.672467 -0.287283 0.682097 2 
0.104036 0.232293 0.0086844 0.681831 -0.273052 0.678638 2 
0.103874 0.232572 0.00915945 0.620393 -0.188416 0.761322 2 
0.103677 0.232064 0.0085915 0.700928 -0.279413 0.656222 2 
0.103412 0.232836 0.0096473 0.617391 -0.165345 0.769084 2 
0.103371 0.232671 0.00924598 0.653183 -0.209453 0.727655 2 
0.103257 0.232492 0.00948072 0.66278 -0.219887 0.715802 2 
0.103259 0.232336 0.00932031 0.671514 -0.234322 0.702967 2 
0.102965 0.232567 0.00977929 0.686089 -0.223487 0.69234 2 
0.103049 0.232027 0.00949417 0.755546 -0.298704 0.583032 2 
0.103551 0.232262 0.00902168 0.645247 -0.22654 0.729614 2 
0.103154 0.23227 0.00913405 0.674219 -0.237313 0.699365 2 
0.102921 0.23238 0.0100847 0.724525 -0.240461 0.645943 2 
0.102537 0.229385 0.0105578 -0.888254 0.335162 -0.31412 2 
0.102714 0.229465 0.010108 -0.869024 0.332589 -0.366308 2 
0.102741 0.229271 0.0104841 -0.888254 0.335162 -0.31412 2 
0.102638 0.229049 0.0101374 -0.843368 0.30908 -0.439545 2 
0.102454 0.228878 0.0103014 -0.852726 0.30069 -0.427134 2 
0.102475 0.228437 0.0102314 -0.832316 0.268139 -0.48513 2 
0.10182 0.230507 0.00927435 -0.601806 0.271527 -0.751067 2 
0.102281 0.230066 0.00933284 -0.761388 0.32355 -0.561786 2 
0.102506 0.229688 0.00864272 -0.812834 0.290859 -0.50468 2 
0.102403 0.229466 0.00829607 -0.800802 0.292206 -0.522812 2 
0.102416 0.229804 0.00902803 -0.741988 0.317075 -0.590693 2 
0.102389 0.229821 0.00919829 -0.750479 0.316583 -0.580135 2 
0.102374 0.229461 0.0091731 -0.689961 0.323064 -0.647752 2 
0.102253 0.229906 0.0100495 -0.738949 0.325008 -0.590189 2 
0.102396 0.229734 0.0100304 -0.730096 0.331862 -0.597351 2 
0.102297 0.230092 0.00974398 -0.751108 0.320065 -0.577404 2 
0.102334 0.229855 0.00953874 -0.743886 0.327568 -0.582523 2 
0.102221 0.229676 0.00977347 -0.737918 0.335712 -0.585469 2 
0.10228 0.229711 0.0104256 -0.669324 0.322507 -0.669324 2 
0.102141 0.229571 0.0101238 -0.597351 0.331862 -0.730096 2 
0.101978 0.230361 0.0096665 -0.578566 0.266424 -0.770896 2 
0.102541 0.229251 0.00969062 -0.825922 0.308741 -0.471732 2 
0.102577 0.229169 0.00964574 -0.805942 0.30876 -0.505099 2 
0.102453 0.229389 0.00936915 -0.696235 0.322962 -0.641056 2 
0.102474 0.228947 0.00929909 -0.806235 0.295041 -0.512772 2 
0.102249 0.229326 0.00998919 -0.695788 0.34382 -0.630609 2 
0.102144 0.22926 0.00980292 -0.688868 0.340362 -0.640012 2 
0.102393 0.228998 0.00980972 -0.730096 0.331862 -0.597351 2 
0.102474 0.22877 0.00984544 -0.805482 0.297918 -0.512293 2 
0.102339 0.22921 0.00960387 -0.692772 0.337421 -0.63735 2 
0.102324 0.22885 0.00957862 -0.723666 0.322169 -0.61034 2 
0.10229 0.228777 0.0094631 -0.731084 0.32116 -0.601974 2 
0.102302 0.229625 0.00926277 -0.726629 0.322047 -0.606873 2 
0.101891 0.229451 0.00880358 -0.639978 0.333831 -0.692088 2 
0.101802 0.229234 0.00957482 -0.381234 0.38751 -0.839343 2 
0.102061 0.22893 0.00900025 -0.653474 0.358674 -0.666577 2 
0.102171 0.229065 0.0101791 -0.660054 0.358689 -0.660054 2 
0.102326 0.228517 0.0099646 -0.818044 0.272681 -0.506408 2 
0.101643 0.229202 0.00972908 -0.31444 0.3942 -0.863559 2 
0.101679 0.22912 0.00968421 -0.295459 0.405681 -0.864943 2 
0.101929 0.228703 0.00953057 -0.5456 0.417029 -0.726917 2 
0.100858 0.229487 0.00969324 -0.112177 0.286382 -0.951526 2 
0.102642 0.229092 0.00872387 -0.801378 0.295577 -0.520026 2 
0.102537 0.229026 0.0085376 -0.805098 0.288323 -0.518351 2 
0.102276 0.228772 0.00834519 -0.82031 0.285936 -0.495311 2 
0.1023 0.228556 0.00942806 -0.829903 0.26118 -0.492997 2 
0.102519 0.228978 0.00883321 -0.801378 0.295577 -0.520026 2 
0.102415 0.228912 0.00864697 -0.804507 0.284962 -0.521119 2 
0.102405 0.228799 0.00906799 -0.80006 0.295091 -0.522327 2 
0.102317 0.228937 0.00874652 -0.741184 0.321341 -0.589395 2 
0.102268 0.228504 0.00860573 -0.825046 0.279174 -0.491285 2 
0.10234 0.22834 0.00851604 -0.834714 -0.490375 0.250568 2 
0.102344 0.228743 0.00912267 -0.797017 0.299476 -0.524479 2 
0.102221 0.228629 0.00923201 -0.71777 0.346678 -0.603838 2 
0.102257 0.228547 0.00918713 -0.820443 0.266216 -0.505966 2 
0.101949 0.228595 0.0090746 -0.376074 0.538877 -0.753777 2 
0.101807 0.228767 0.00909361 -0.411433 0.47323 -0.778959 2 
0.102955 0.228399 0.00890154 -0.751878 0.317174 -0.577996 2 
0.103021 0.227989 0.00836565 -0.733836 0.272204 -0.622407 2 
0.101554 0.228625 0.00848016 0.126845 0.705858 -0.696904 2 
0.102129 0.228364 0.00830395 -0.980991 -0.140841 -0.133493 2 
0.102248 0.228434 0.0096081 -0.852746 0.225682 -0.471055 2 
0.102037 0.228458 0.00939602 -0.969423 -0.0917872 -0.227582 2 
0.101756 0.228489 0.00911326 0.217005 0.707216 -0.67287 2 
0.10197 0.228154 0.0090045 0.186133 0.730687 -0.656849 2 
0.101572 0.228318 0.00927728 0.127041 0.724883 -0.677056 2 
0.119738 0.239421 0.00136241 -0.445806 0.646169 -0.619454 1 
0.119654 0.2382 0.00017868 0.476856 0.674291 -0.563861 1 
0.119261 0.237897 -2.98023e-005 0.501247 0.672241 -0.544834 1 
0.11905 0.23792 -0.000241876 0.494569 0.668926 -0.554923 1 
0.119986 0.237221 0.000446677 0.515942 0.657111 -0.549553 1 
0.119898 0.237359 0.000125229 0.505464 0.659958 -0.555843 1 
0.119579 0.237628 4.76912e-005 0.494569 0.668926 -0.554923 1 
0.119881 0.236618 -0.00121339 0.507051 0.648554 -0.567695 1 
0.11986 0.236882 -0.000596955 0.523309 0.647826 -0.553597 1 
0.119605 0.236719 -0.0005036 0.523309 0.647826 -0.553597 1 
0.119969 0.236481 -0.000891939 0.507051 0.648554 -0.567695 1 
0.120755 0.236018 -0.000309721 0.507051 0.648554 -0.567695 1 
0.121065 0.235814 -0.000357591 0.522758 0.65723 -0.542929 1 
0.120634 0.235748 -0.000360765 0.522954 0.654112 -0.546495 1 
0.120546 0.235886 -0.000682227 0.522954 0.654112 -0.546495 1 
0.120498 0.235297 -0.000983402 0.522758 0.65723 -0.542929 1 
0.12072 0.23523 -0.00135273 0.494619 0.682407 -0.538213 1 
0.120129 0.235466 -0.00158764 0.522758 0.65723 -0.542929 1 
0.119795 0.235375 -0.00169035 0.522758 0.65723 -0.542929 1 
0.120086 0.235457 -0.00182857 0.522758 0.65723 -0.542929 1 
0.119029 0.238898 0.00130198 0.287836 0.761732 -0.580443 1 
0.118634 0.238751 0.00125393 0.259238 0.783999 -0.56404 1 
0.119034 0.238431 0.000820763 0.389793 0.712153 -0.583867 1 
0.118841 0.238325 0.00085938 0.389793 0.712153 -0.583867 1 
0.119147 0.237718 0.000204943 0.497603 0.675199 -0.544515 1 
0.119255 0.237473 7.03633e-005 0.497816 0.672135 -0.5481 1 
0.118972 0.23766 -5.202e-005 0.497816 0.672135 -0.5481 1 
0.118833 0.23752 -0.000353828 0.53577 0.663414 -0.522334 1 
0.118788 0.237489 0.000112034 0.501247 0.672241 -0.544834 1 
0.118718 0.237497 4.12986e-005 0.49203 0.670034 -0.555843 1 
0.118456 0.237243 -0.000151142 0.533369 0.664608 -0.523273 1 
0.11871 0.237406 -0.000244483 0.533369 0.664608 -0.523273 1 
0.118784 0.237086 -0.000494584 0.529937 0.651066 -0.543396 1 
0.119441 0.23644 -0.000795595 0.507051 0.648554 -0.567695 1 
0.120854 0.23566 -2.33203e-005 0.522758 0.65723 -0.542929 1 
0.120221 0.235731 -0.000659592 0.519156 0.660286 -0.542678 1 
0.120505 0.235388 -0.000697643 0.522758 0.65723 -0.542929 1 
0.120015 0.235287 -0.00135291 0.522758 0.65723 -0.542929 1 
0.118544 0.238507 -0.000380896 0.494925 0.662697 -0.562034 1 
0.11851 0.238434 -0.000496455 0.488738 0.666766 -0.562636 1 
0.119579 0.235866 -0.00142123 0.522758 0.65723 -0.542929 1 
0.119788 0.235462 -0.00252251 0.522758 0.65723 -0.542929 1 
0.119768 0.23557 -0.00206655 0.522758 0.65723 -0.542929 1 
0.119707 0.235513 -0.00201184 0.522758 0.65723 -0.542929 1 
0.119496 0.235537 -0.00222392 0.522758 0.65723 -0.542929 1 
0.119815 0.235267 -0.00214639 0.522758 0.65723 -0.542929 1 
0.119594 0.235512 -0.00232345 0.522758 0.65723 -0.542929 1 
0.119383 0.235535 -0.00253554 0.522758 0.65723 -0.542929 1 
0.119172 0.235559 -0.00274763 0.525473 0.666495 -0.528831 1 
0.119244 0.235395 -0.00283735 0.515528 0.676736 -0.525604 1 
0.118535 0.237348 -0.000501409 0.532898 0.657297 -0.532898 1 
0.118411 0.237567 -0.000778012 0.529937 0.651066 -0.543396 1 
0.118377 0.237493 -0.00089357 0.520687 0.652123 -0.551018 1 
0.118281 0.237185 -0.000408076 0.530701 0.655374 -0.53744 1 
0.118265 0.237158 -0.000819251 0.528033 0.64275 -0.555026 1 
0.118484 0.236356 -0.00140923 0.519156 0.660286 -0.542678 1 
0.118336 0.236281 -0.00183636 0.522758 0.65723 -0.542929 1 
0.117983 0.236298 -0.00148309 0.522552 0.660331 -0.539354 1 
0.119235 0.235997 -0.0014889 0.522758 0.65723 -0.542929 1 
0.119024 0.23602 -0.001701 0.522758 0.65723 -0.542929 1 
0.118921 0.235798 -0.00204764 0.522758 0.65723 -0.542929 1 
0.118711 0.235822 -0.00225978 0.522758 0.65723 -0.542929 1 
0.118464 0.235927 -0.00242698 0.522758 0.65723 -0.542929 1 
0.119536 0.235321 -0.00313593 0.499075 0.706049 -0.502413 1 
0.119747 0.235297 -0.00292384 0.496102 0.693206 -0.522828 1 
0.129304 0.242113 0.00813533 -0.676065 -0.551924 -0.488176 1 
0.129235 0.241965 0.00790424 -0.724087 -0.531881 -0.439092 1 
0.129168 0.24202 0.00953286 -0.45517 -0.568546 -0.685256 1 
0.129408 0.241824 0.00941433 -0.462168 -0.545592 -0.699092 1 
0.128792 0.242098 0.00864287 -0.473961 -0.581147 -0.661536 1 
0.129428 0.241716 0.00895828 -0.535752 -0.572934 -0.620255 1 
0.12919 0.241934 0.00837006 -0.644249 -0.570236 -0.50968 1 
0.12912 0.241942 0.00829937 -0.63471 -0.577468 -0.513492 1 
0.129411 0.24169 0.00854712 -0.63627 -0.565386 -0.524881 1 
0.127572 0.243166 0.0103985 -0.438839 -0.488147 -0.754409 1 
0.12768 0.242921 0.0102639 -0.439953 -0.499273 -0.746437 1 
0.12863 0.2422 0.00966424 -0.451514 -0.551481 -0.70143 1 
0.128116 0.242519 0.00978582 -0.461142 -0.531063 -0.710859 1 
0.128347 0.242387 0.0095419 -0.455647 -0.559127 -0.69265 1 
0.127854 0.242265 0.00959338 -0.451514 -0.551481 -0.70143 1 
0.127074 0.242797 0.0100037 -0.447069 -0.49656 -0.744015 1 
0.126782 0.242872 0.0103023 -0.46381 -0.457255 -0.758814 1 
0.126868 0.243401 0.00985188 -0.462 -0.49843 -0.733569 1 
0.126147 0.243431 0.00944053 -0.486916 -0.49024 -0.722896 1 
0.12562 0.244282 0.00991797 -0.405607 -0.496828 -0.767232 1 
0.126327 0.243736 0.0101436 -0.441392 -0.477491 -0.75972 1 
0.126464 0.243141 0.0102248 -0.461232 -0.457949 -0.759966 1 
0.12584 0.243324 0.00916754 -0.477896 -0.511199 -0.714347 1 
0.125674 0.244426 0.00903117 -0.443278 -0.552852 -0.705592 1 
0.125469 0.243471 0.00927013 -0.399376 -0.544006 -0.737941 1 
0.126466 0.243162 0.00951807 -0.469991 -0.516492 -0.715782 1 
0.127192 0.242664 0.00944816 -0.463185 -0.522951 -0.715529 1 
0.127484 0.24259 0.00914957 -0.466525 -0.55682 -0.687246 1 
0.126981 0.242688 0.0092361 -0.454509 -0.541082 -0.707568 1 
0.127567 0.241872 0.00941078 -0.448782 -0.515023 -0.730306 1 
0.126756 0.243066 0.0099262 -0.464609 -0.487757 -0.739075 1 
0.126651 0.243 0.00973999 -0.463859 -0.490271 -0.737882 1 
0.127787 0.241961 0.00920185 -0.451514 -0.551481 -0.70143 1 
0.129416 0.243845 0.0043969 -0.894039 -0.439396 -0.0873247 1 
0.129436 0.243737 0.00394089 -0.891596 -0.436614 -0.120104 1 
0.129796 0.243456 0.00496609 -0.782573 -0.620072 0.0555926 1 
0.132085 0.241227 0.0048474 -0.612853 -0.753919 0.236677 1 
0.131825 0.240639 0.00504092 -0.566128 -0.8029 0.186686 1 
0.131738 0.240444 0.00510544 -0.566128 -0.8029 0.186686 1 
0.132859 0.24027 0.00453723 -0.52812 -0.750486 0.397316 1 
0.132578 0.240302 0.00425444 -0.572855 -0.732797 0.367214 1 
0.132933 0.239951 0.00428713 -0.514857 -0.779549 0.356688 1 
0.132178 0.240622 0.00468763 -0.5782 -0.748922 0.323728 1 
0.132464 0.240123 0.0044892 -0.544453 -0.743922 0.387493 1 
0.132179 0.240289 0.00507356 -0.559237 -0.782932 0.27253 1 
0.132064 0.240443 0.00492236 -0.579191 -0.766436 0.277694 1 
0.132713 0.239862 0.00449599 -0.514857 -0.779549 0.356688 1 
0.132043 0.240529 0.00608515 -0.588375 -0.801533 0.106579 1 
0.132381 0.240152 0.00570665 -0.566168 -0.801181 0.19381 1 
0.130449 0.243277 0.00514635 -0.740261 -0.667544 0.0799889 1 
0.130384 0.242307 0.00552674 -0.749124 -0.661325 0.0382351 1 
0.130696 0.242124 0.00477208 -0.691022 -0.717319 0.089117 1 
0.130451 0.242074 0.00444445 -0.668956 -0.73181 0.130199 1 
0.130466 0.242256 0.00501604 -0.714785 -0.694404 0.0829791 1 
0.130714 0.241995 0.00502284 -0.706917 -0.704026 0.067945 1 
0.129684 0.242584 0.00356661 -0.744119 -0.617729 0.254359 1 
0.129606 0.242501 0.00321016 -0.79248 -0.574816 0.203868 1 
0.130179 0.24204 0.00428706 -0.656849 -0.730687 0.186133 1 
0.129598 0.242056 0.00401707 -0.643372 -0.73639 0.20929 1 
0.129523 0.242708 0.00388128 -0.751676 -0.635799 0.17534 1 
0.12921 0.24251 0.00332249 -0.756778 -0.591778 0.277644 1 
0.131555 0.241519 0.00455783 -0.614064 -0.767198 0.185291 1 
0.131663 0.241274 0.0044232 -0.619471 -0.728319 0.292928 1 
0.131692 0.241101 0.0040926 -0.609304 -0.716541 0.339585 1 
0.131514 0.241354 0.00415645 -0.609304 -0.716541 0.339585 1 
0.131292 0.241421 0.0045258 -0.617058 -0.764049 0.188333 1 
0.131095 0.241449 0.00543162 -0.699037 -0.713333 0.0500334 1 
0.131069 0.241644 0.00505551 -0.684766 -0.725302 0.0709377 1 
0.131459 0.241211 0.00504328 -0.63086 -0.762726 0.142356 1 
0.131378 0.241262 0.00555399 -0.672185 -0.736065 0.0798492 1 
0.130432 0.241134 0.00435898 -0.619263 -0.767644 0.165036 1 
0.131859 0.240891 0.00461011 -0.615746 -0.734097 0.286282 1 
0.131834 0.240752 0.00461993 -0.601054 -0.747731 0.282193 1 
0.131638 0.240958 0.00497945 -0.613822 -0.775906 0.145576 1 
0.131165 0.240905 0.00402857 -0.609304 -0.716541 0.339585 1 
0.131005 0.241028 0.00434316 -0.614918 -0.730516 0.297023 1 
0.130769 0.240913 0.00414089 -0.609304 -0.716541 0.339585 1 
0.131089 0.240488 0.004058 -0.609304 -0.716541 0.339585 1 
0.130172 0.241949 0.00400124 -0.621697 -0.718585 0.311656 1 
0.130034 0.241654 0.00353906 -0.59971 -0.692227 0.401459 1 
0.129684 0.241537 0.00302516 -0.579961 -0.653928 0.485823 1 
0.129481 0.241474 0.00364521 -0.605685 -0.682018 0.409875 1 
0.129448 0.241245 0.00336922 -0.604809 -0.671455 0.428198 1 
0.129942 0.241211 0.0031573 -0.600837 -0.677398 0.424414 1 
0.129767 0.240975 0.00344677 -0.600837 -0.677398 0.424414 1 
0.129644 0.241039 0.00300975 -0.57576 -0.663048 0.478401 1 
0.129071 0.24237 0.00302074 -0.760385 -0.578658 0.294908 1 
0.129144 0.24205 0.00277063 -0.590266 -0.600414 0.539527 1 
0.128987 0.241685 0.00331078 -0.597058 -0.657265 0.459918 1 
0.132443 0.240742 0.00401284 -0.578139 -0.716497 0.390367 1 
0.132236 0.240454 0.00347997 -0.572166 -0.735176 0.363513 1 
0.132057 0.24053 0.00409022 -0.578139 -0.716497 0.390367 1 
0.132376 0.240261 0.00416773 -0.561247 -0.737966 0.37471 1 
0.132349 0.240455 0.00379159 -0.572166 -0.735176 0.363513 1 
0.132129 0.240543 0.00345413 -0.572166 -0.735176 0.363513 1 
0.132794 0.239811 0.00398532 -0.514857 -0.779549 0.356688 1 
0.132814 0.239703 0.00352928 -0.520714 -0.786678 0.331655 1 
0.132628 0.239688 0.00385372 -0.514857 -0.779549 0.356688 1 
0.132003 0.240564 0.00443069 -0.583433 -0.750588 0.3102 1 
0.132145 0.240392 0.00441164 -0.583433 -0.750588 0.3102 1 
0.133106 0.239628 0.00323062 -0.528924 -0.792592 0.303377 1 
0.1331 0.239204 0.0033308 -0.474324 -0.832011 0.287705 1 
0.130176 0.244472 0.00809699 -0.644483 -0.563712 -0.516596 1 
0.129712 0.244 0.00836417 -0.580597 -0.560284 -0.590753 1 
0.128983 0.243762 0.00821339 -0.572672 -0.562536 -0.596322 1 
0.129214 0.243631 0.00796946 -0.629964 -0.565786 -0.532007 1 
0.12903 0.24346 0.00813349 -0.579595 -0.579595 -0.572835 1 
0.129939 0.242955 0.00844593 -0.667195 -0.552915 -0.499136 1 
0.130381 0.2428 0.00841406 -0.734757 -0.5069 -0.450761 1 
0.130161 0.242711 0.00862297 -0.681518 -0.524116 -0.51072 1 
0.130107 0.2431 0.00787072 -0.763545 -0.522597 -0.37933 1 
0.129774 0.243009 0.00776798 -0.741752 -0.565688 -0.36028 1 
0.129532 0.243362 0.00804695 -0.660951 -0.560042 -0.499497 1 
0.129456 0.242945 0.00807642 -0.669536 -0.565498 -0.481596 1 
0.129711 0.243108 0.00798308 -0.71123 -0.548758 -0.439338 1 
0.129527 0.242937 0.00814709 -0.669717 -0.562293 -0.485083 1 
0.1308 0.242194 0.00807123 -0.81422 -0.454115 -0.361698 1 
0.130489 0.242554 0.00827947 -0.758691 -0.499786 -0.417854 1 
0.130164 0.242399 0.00830214 -0.731846 -0.513779 -0.447698 1 
0.130438 0.242277 0.0082991 -0.767844 -0.487442 -0.415712 1 
0.13042 0.242407 0.00804839 -0.788149 -0.485139 -0.378763 1 
0.130087 0.242316 0.00794564 -0.777196 -0.508974 -0.370016 1 
0.129672 0.242454 0.00780728 -0.75568 -0.541164 -0.368902 1 
0.129236 0.242856 0.00828534 -0.652123 -0.551018 -0.520687 1 
0.129666 0.24203 0.00790742 -0.768883 -0.488102 -0.413009 1 
0.128781 0.244587 0.00610166 -0.822771 -0.567476 -0.0319119 1 
0.127074 0.247004 0.00835007 -0.56858 -0.541585 -0.619195 1 
0.127726 0.246111 0.00760283 -0.458464 -0.545155 -0.701867 1 
0.12805 0.245375 0.00719911 -0.569423 -0.58632 -0.576182 1 
0.127322 0.245851 0.00797578 -0.467561 -0.578167 -0.668663 1 
0.127676 0.2455 0.00800843 -0.480396 -0.544003 -0.687954 1 
0.127968 0.245425 0.00770982 -0.50184 -0.555548 -0.662965 1 
0.127331 0.245964 0.00755484 -0.461675 -0.538343 -0.705013 1 
0.127137 0.246368 0.00666115 -0.648145 -0.699611 -0.300752 1 
0.128093 0.245561 0.00689371 -0.614967 -0.598119 -0.513877 1 
0.127935 0.245706 0.00650154 -0.731423 -0.661474 -0.165749 1 
0.127812 0.245593 0.00661092 -0.731423 -0.661474 -0.165749 1 
0.127017 0.245765 0.00699607 -0.461675 -0.538343 -0.705013 1 
0.127601 0.245616 0.00639883 -0.718999 -0.676436 -0.159609 1 
0.127012 0.246233 0.00747731 -0.466201 -0.569802 -0.676744 1 
0.128573 0.244658 0.00758889 -0.570552 -0.577324 -0.584096 1 
0.128166 0.245064 0.00718995 -0.579601 -0.576222 -0.576222 1 
0.127937 0.24504 0.00727344 -0.559087 -0.5726 -0.599625 1 
0.128654 0.244607 0.0070782 -0.657803 -0.563591 -0.499661 1 
0.129121 0.24459 0.00703651 -0.764717 -0.538373 -0.354065 1 
0.128973 0.244338 0.00715569 -0.699352 -0.563136 -0.44021 1 
0.129371 0.243996 0.00742928 -0.741084 -0.537327 -0.402584 1 
0.128638 0.244581 0.006667 -0.763872 -0.554812 -0.329671 1 
0.128966 0.244424 0.00632357 -0.827233 -0.558559 -0.0608052 1 
0.128724 0.244421 0.00769524 -0.589659 -0.576143 -0.566005 1 
0.128539 0.244406 0.00801965 -0.552004 -0.565508 -0.612775 1 
0.128787 0.244145 0.0080265 -0.552004 -0.565508 -0.612775 1 
0.127489 0.245282 0.00647318 -0.593771 -0.593771 -0.543021 1 
0.129452 0.243945 0.00691861 -0.808221 -0.539329 -0.236439 1 
0.129693 0.243593 0.00663963 -0.805157 -0.575962 -0.141386 1 
0.1292 0.243804 0.00630516 -0.848114 -0.511212 -0.139155 1 
0.129383 0.243442 0.00778022 -0.686019 -0.572517 -0.449 1 
0.130486 0.241996 0.00751245 -0.813424 -0.516782 -0.266978 1 
0.0950085 0.226119 0.0131535 -0.961474 -0.254242 -0.104536 1 
0.0950101 0.225963 0.0129931 -0.902061 -0.422798 -0.0867631 1 
0.0936361 0.22722 0.0129429 -0.661194 0.723133 -0.199752 1 
0.0944175 0.226355 0.0129186 -0.634737 0.748467 -0.192112 1 
0.0947095 0.22628 0.01262 -0.645655 0.740739 -0.185568 1 
0.0941024 0.22649 0.0119739 -0.709525 0.697773 -0.0984227 1 
0.0941651 0.226213 0.0123051 -0.670628 0.719736 -0.17955 1 
0.0936581 0.227311 0.0112338 -0.6972 0.71445 -0.0589385 1 
0.0934703 0.229217 0.0163005 0.38019 0.755485 -0.533571 1 
0.0935782 0.228972 0.0161659 0.404241 0.757748 -0.512257 1 
0.093794 0.228481 0.0158967 0.387296 0.776213 -0.497489 1 
0.093691 0.228259 0.0155501 0.379727 0.786923 -0.486374 1 
0.0935881 0.228037 0.0152034 0.38232 0.792064 -0.475884 1 
0.0936256 0.2278 0.0149982 0.423597 0.797265 -0.43004 1 
0.0933941 0.228801 0.0163299 0.404241 0.757748 -0.512257 1 
0.093502 0.228556 0.0161953 0.399834 0.765397 -0.504281 1 
0.0936818 0.228147 0.0159711 0.387296 0.776213 -0.497489 1 
0.0937177 0.228065 0.0159262 0.379842 0.780696 -0.496219 1 
0.0937016 0.228039 0.015515 0.38232 0.792064 -0.475884 1 
0.0930852 0.228136 0.0152899 0.38232 0.792064 -0.475884 1 
0.0934039 0.227867 0.0153675 0.38232 0.792064 -0.475884 1 
0.0934416 0.227629 0.0151622 0.38232 0.792064 -0.475884 1 
0.0933534 0.227767 0.0148407 0.423597 0.797265 -0.43004 1 
0.0945994 0.226326 0.0140077 -0.496954 -0.81676 0.293156 1 
0.0942806 0.226596 0.0139302 -0.529016 -0.821728 0.211911 1 
0.0946086 0.226439 0.0135867 -0.87551 0.420544 -0.237959 1 
0.0946805 0.226276 0.013497 -0.959799 0.223117 -0.170308 1 
0.0949274 0.22617 0.0136642 -0.871637 0.426033 -0.242372 1 
0.094965 0.225933 0.0134589 -0.906438 0.361125 -0.218995 1 
0.093397 0.227953 0.0145353 0.423597 0.797265 -0.43004 1 
0.0935049 0.227708 0.0144008 0.462868 0.791875 -0.398356 1 
0.0930683 0.227395 0.0139513 0.522327 0.80006 -0.295091 1 
0.0926466 0.227443 0.0135272 -0.122987 0.939296 -0.320307 1 
0.0938899 0.227028 0.0139424 -0.548109 -0.816879 0.179683 1 
0.0939365 0.226726 0.0138624 -0.548109 -0.816879 0.179683 1 
0.0934068 0.227018 0.0135728 -0.968356 0.218167 -0.121204 1 
0.0935669 0.226717 0.0138046 -0.865239 0.446915 -0.227219 1 
0.0932841 0.226905 0.0136822 0.757043 0.621361 -0.201981 1 
0.093488 0.226967 0.0130622 -0.4345 0.864458 -0.252828 1 
0.0931544 0.226877 0.0129594 -0.35358 0.898005 -0.261856 1 
0.0932068 0.226999 0.0127794 -0.454638 0.869292 -0.193999 1 
0.0929654 0.227174 0.0136047 -0.146539 0.935386 -0.321838 1 
0.0926156 0.227057 0.0130908 -0.206542 0.931545 -0.299275 1 
0.0931099 0.22756 0.0143527 0.462868 0.791875 -0.398356 1 
0.0930069 0.227338 0.014006 0.522327 0.80006 -0.295091 1 
0.0928842 0.227225 0.0141154 0.324752 0.84995 -0.414875 1 
0.0928228 0.227168 0.0141701 0.324752 0.84995 -0.414875 1 
0.0924265 0.227354 0.0137361 0.0387207 0.903928 -0.425928 1 
0.0924625 0.227272 0.0136912 0.0275625 0.914812 -0.402937 1 
0.0925703 0.227026 0.0135566 -0.0597997 0.923573 -0.378731 1 
0.092801 0.226895 0.0133127 -0.220326 0.925371 -0.308457 1 
0.0919526 0.227456 0.0129456 -0.00630151 0.938926 -0.344063 1 
0.0922714 0.227187 0.0130231 -0.0833973 0.938551 -0.334913 1 
0.0939816 0.226757 0.0133966 -0.979604 0.144532 -0.139591 1 
0.0943977 0.226463 0.0133746 -0.970071 -0.232271 -0.070799 1 
0.093976 0.22651 0.0129504 -0.558441 0.801509 -0.213838 1 
0.0937975 0.226586 0.0135606 -0.924202 0.339015 -0.175838 1 
0.0940819 0.226243 0.0135226 -0.942608 0.293286 -0.159602 1 
0.0943413 0.225938 0.012948 -0.577877 0.785478 -0.221545 1 
0.0944746 0.225832 0.0128036 -0.573004 0.789232 -0.220861 1 
0.0834481 0.229126 0.00843173 -0.262381 -0.0747848 0.962062 1 
0.0861031 0.227217 0.00869171 -0.603838 -0.313996 0.732657 1 
0.085919 0.227046 0.00885575 -0.609701 -0.325066 0.722908 1 
0.0857695 0.227127 0.00858901 -0.571092 -0.259587 0.778761 1 
0.0858427 0.22663 0.00888519 -0.606254 -0.303931 0.734902 1 
0.0857038 0.22649 0.0085834 -0.571092 -0.259587 0.778761 1 
0.0859358 0.226025 0.00872544 -0.587302 -0.242751 0.772106 1 
0.0844961 0.228047 0.00811851 -0.469435 -0.185108 0.863346 1 
0.0848508 0.227697 0.00815117 -0.541826 -0.254518 0.801028 1 
0.0842866 0.227738 0.0082924 -0.469435 -0.185108 0.863346 1 
0.0844826 0.227355 0.00847925 -0.541826 -0.254518 0.801028 1 
0.0840233 0.22764 0.00826036 -0.410704 -0.134079 0.901856 1 
0.0831897 0.228561 0.00791845 -0.333118 -0.0976611 0.937814 1 
0.0829337 0.228553 0.00817222 -0.307538 -0.0989929 0.946372 1 
0.0833857 0.228178 0.00810532 -0.415155 -0.134606 0.899738 1 
0.0838437 0.228226 0.00793829 -0.410704 -0.134079 0.901856 1 
0.0837045 0.227909 0.00818283 -0.410704 -0.134079 0.901856 1 
0.0853478 0.227174 0.00816482 -0.58162 -0.260074 0.770765 1 
0.0851023 0.226946 0.00838355 -0.58162 -0.260074 0.770765 1 
0.0849241 0.2272 0.00844742 -0.587388 -0.273903 0.761546 1 
0.0851129 0.226726 0.0083485 -0.527346 -0.171798 0.832101 1 
0.0846053 0.227469 0.00836989 -0.541826 -0.254518 0.801028 1 
0.0846713 0.226881 0.00838033 -0.546361 -0.196325 0.814215 1 
0.0856052 0.226848 0.00829699 -0.574608 -0.259754 0.776114 1 
0.085421 0.226677 0.00846103 -0.574608 -0.259754 0.776114 1 
0.0854062 0.226318 0.00843581 -0.533178 -0.175723 0.827552 1 
0.086316 0.225813 0.00874825 -0.589348 -0.242305 0.770686 1 
0.0839724 0.227362 0.00827997 -0.410704 -0.134079 0.901856 1 
0.0831403 0.22795 0.00832401 -0.415155 -0.134606 0.899738 1 
0.083459 0.227681 0.00840154 -0.410704 -0.134079 0.901856 1 
0.0847446 0.226384 0.00867659 -0.516157 -0.165111 0.840429 1 
0.0843031 0.226539 0.0087084 -0.756892 -0.65259 -0.035237 1 
0.0852686 0.225845 0.00851995 -0.509287 -0.123332 0.851714 1 
0.0859494 0.225316 0.00891589 -0.556581 -0.1373 0.81937 1 
0.0857101 0.22569 0.0084881 -0.544392 -0.127661 0.82906 1 
0.0859929 0.225502 0.00861051 -0.555423 -0.143669 0.819063 1 
0.0857368 0.225495 0.00886425 -0.555423 -0.143669 0.819063 1 
0.0855979 0.225355 0.00856244 -0.539891 -0.114963 0.833847 1 
0.0862397 0.225397 0.00877772 -0.578782 -0.183813 0.794496 1 
0.0857636 0.225301 0.00924039 -0.576431 -0.187074 0.795444 1 
0.0855544 0.225168 0.00886786 -0.546654 -0.124573 0.828041 1 
0.0853765 0.225599 0.00838537 -0.502657 -0.113782 0.856965 1 
0.0851924 0.225428 0.00854941 -0.498342 -0.101382 0.861032 1 
0.0852716 0.225356 0.00874551 -0.52282 -0.117309 0.844333 1 
0.0849815 0.225452 0.00833733 -0.418305 -0.00651566 0.908283 1 
0.0847974 0.225281 0.00850138 -0.418305 -0.00651566 0.908283 1 
0.0850191 0.225214 0.00813203 -0.427862 -0.00130049 0.903843 1 
0.0846644 0.225565 0.00809943 -0.409578 -0.0196283 0.912064 1 
0.0845882 0.225149 0.00812887 -0.400748 -0.00386574 0.91618 1 
0.0845001 0.225286 0.00780743 -0.368035 0.0141059 0.929705 1 
0.084244 0.225279 0.00806118 -0.368035 0.0141059 0.929705 1 
0.0846945 0.225059 0.00815472 -0.400748 -0.00386574 0.91618 1 
0.0838926 0.225319 0.00770773 -0.790568 -0.603521 0.103753 1 
0.0824344 0.228518 0.00739153 -0.260853 -0.110311 0.959055 1 
0.0926795 0.2189 0.0150904 -0.749299 -0.229952 0.621026 1 
0.0924327 0.219005 0.0149231 -0.759898 -0.162294 0.629457 1 
0.0922486 0.218835 0.0150872 -0.752945 -0.162103 0.637806 1 
0.0925584 0.21863 0.0150393 -0.742135 -0.209161 0.636779 1 
0.0893539 0.221983 0.0123743 -0.181102 0.410014 0.893918 1 
0.0897954 0.221828 0.0123425 -0.171042 0.445878 0.8786 1 
0.089471 0.22185 0.0118188 -0.0938641 0.452509 0.886806 1 
0.0893212 0.221753 0.0120984 -0.250395 0.40333 0.880129 1 
0.0892242 0.221955 0.0116516 -0.182573 0.42503 0.886576 1 
0.0891464 0.221695 0.0118415 -0.267106 0.399905 0.876773 1 
0.0897172 0.22139 0.0130787 -0.769543 0.120102 0.6272 1 
0.0891801 0.221414 0.0130497 -0.75602 0.142787 0.638784 1 
0.0918516 0.220068 0.0151947 -0.761667 -0.0859242 0.642247 1 
0.0916154 0.219953 0.0149924 -0.76855 -0.0497214 0.637854 1 
0.0905402 0.220689 0.0134557 -0.793167 -0.0068732 0.608965 1 
0.0900281 0.220675 0.0139632 -0.798149 -0.0408224 0.601075 1 
0.0904175 0.220575 0.013565 -0.793458 -0.00965949 0.608548 1 
0.08987 0.220998 0.0130247 -0.787552 0.0614605 0.613176 1 
0.0901888 0.220729 0.0131022 -0.793167 -0.0068732 0.608965 1 
0.0899779 0.220752 0.0128901 -0.789971 0.0555115 0.610626 1 
0.0895018 0.220656 0.0133527 -0.802763 -0.00963866 0.59622 1 
0.0902769 0.220591 0.0134236 -0.793167 -0.0068732 0.608965 1 
0.0903488 0.220427 0.0133339 -0.793167 -0.0068732 0.608965 1 
0.0900047 0.220558 0.0132662 -0.793167 -0.0068732 0.608965 1 
0.0909936 0.21998 0.0137747 -0.802088 -0.085267 0.591088 1 
0.0905343 0.220265 0.0135558 -0.802088 -0.085267 0.591088 1 
0.0902439 0.220184 0.013694 -0.802088 -0.085267 0.591088 1 
0.0904957 0.219611 0.01338 -0.802088 -0.085267 0.591088 1 
0.0902967 0.220483 0.0129676 -0.793167 -0.0068732 0.608965 1 
0.0902459 0.220206 0.0129873 -0.793167 -0.0068732 0.608965 1 
0.0902819 0.220124 0.0129424 -0.793167 -0.0068732 0.608965 1 
0.0901033 0.2202 0.0135527 -0.80076 -0.0670868 0.595217 1 
0.0902112 0.219954 0.0134181 -0.80076 -0.0670868 0.595217 1 
0.0902024 0.220019 0.0132927 -0.80076 -0.0670868 0.595217 1 
0.0902205 0.220067 0.0129971 -0.793167 -0.0068732 0.608965 1 
0.0902924 0.219903 0.0129074 -0.799303 -0.0465203 0.599125 1 
0.090074 0.219658 0.0129559 -0.80076 -0.0670868 0.595217 1 
0.0899948 0.219731 0.0127598 -0.799303 -0.0465203 0.599125 1 
0.0921753 0.219331 0.0147909 -0.762897 -0.0889804 0.640367 1 
0.0919644 0.219355 0.0145789 -0.770726 -0.0856362 0.631386 1 
0.0915427 0.219402 0.0141547 -0.798431 -0.0883925 0.595563 1 
0.0899987 0.221536 0.0128152 -0.723452 0.172833 0.66839 1 
0.0896473 0.221575 0.0124617 -0.601534 0.257349 0.756259 1 
0.0896578 0.221354 0.0124267 -0.725284 0.169487 0.667261 1 
0.0900379 0.221142 0.0124495 -0.758898 0.139206 0.636157 1 
0.0901637 0.220767 0.0125657 -0.787552 0.0614605 0.613176 1 
0.0898884 0.221223 0.0121827 -0.738915 0.162349 0.653947 1 
0.0898017 0.221027 0.0122472 -0.758423 0.145677 0.635273 1 
0.0896056 0.22141 0.0120604 -0.434999 0.377636 0.817415 1 
0.0893948 0.221434 0.0118483 -0.398615 0.354846 0.845689 1 
0.089148 0.221539 0.011681 -0.348137 0.375988 0.858739 1 
0.0897241 0.220944 0.0118907 -0.719336 0.182518 0.670256 1 
0.0894968 0.220764 0.0118138 -0.797308 0.0792982 0.598341 1 
0.0893727 0.220983 0.0115373 -0.594353 0.274195 0.756017 1 
0.0893938 0.220542 0.0114672 -0.820282 0.0492451 0.569836 1 
0.0893955 0.220386 0.0113068 -0.92924 -0.174669 0.325583 1 
0.0894721 0.221339 0.0127511 -0.733197 0.162427 0.660333 1 
0.089933 0.220899 0.0128096 -0.787552 0.0614605 0.613176 1 
0.0896879 0.220848 0.0124819 -0.795929 0.0612253 0.602286 1 
0.0896281 0.220636 0.0123762 -0.798387 0.0524695 0.599854 1 
0.0899469 0.220367 0.0124537 -0.795769 0.0408448 0.604221 1 
0.089839 0.220612 0.0125883 -0.789971 0.0555115 0.610626 1 
0.0899647 0.220237 0.0127045 -0.793167 -0.0068732 0.608965 1 
0.0894008 0.220456 0.0122994 -0.804248 0.0494704 0.592232 1 
0.0894292 0.220105 0.012515 -0.812769 -0.00959424 0.582507 1 
0.0897196 0.220187 0.0123768 -0.803547 0.02646 0.594653 1 
0.0895354 0.220016 0.0125409 -0.802763 -0.00963866 0.59622 1 
0.0895806 0.220047 0.0120751 -0.804938 0.0377971 0.592154 1 
0.0893127 0.220593 0.0119779 -0.810103 0.061006 0.583104 1 
0.0892816 0.220208 0.0115415 -0.814841 0.0581017 0.576766 1 
0.0892381 0.220021 0.0118469 -0.826246 0.0319389 0.562403 1 
0.0890256 0.2202 0.0117952 -0.820282 0.0492451 0.569836 1 
0.0891846 0.22041 0.0110947 -0.937631 -0.192512 0.289461 1 
0.0898918 0.219509 0.0124131 -0.799303 -0.0465203 0.599125 1 
0.0893192 0.21997 0.0113362 -0.843658 0.0233206 0.536374 1 
0.0892325 0.219774 0.0114007 -0.840863 0.0149911 0.541041 1 
0.0890037 0.219928 0.0109379 -0.940337 -0.185865 0.284992 1 
0.090664 0.220292 0.0142786 -0.802088 -0.085267 0.591088 1 
0.0916675 0.219897 0.0153587 -0.761667 -0.0859242 0.642247 1 
0.0917754 0.219652 0.0152241 -0.761024 -0.101177 0.640785 1 
0.0913537 0.219699 0.0147999 -0.772486 -0.0616269 0.632034 1 
0.0913461 0.21943 0.0150605 -0.770726 -0.0856362 0.631386 1 
0.0909517 0.219638 0.0139197 -0.802088 -0.085267 0.591088 1 
0.0911986 0.219533 0.014087 -0.803048 -0.0911568 0.588902 1 
0.0907676 0.219467 0.0140838 -0.802088 -0.085267 0.591088 1 
0.0909785 0.219443 0.0142959 -0.803048 -0.0911568 0.588902 1 
0.0911026 0.219224 0.0145725 -0.798431 -0.0883925 0.595563 1 
0.0909184 0.219053 0.0147365 -0.787067 -0.0945644 0.609577 1 
0.0905835 0.219296 0.0142478 -0.803048 -0.0911568 0.588902 1 
0.0907944 0.219273 0.0144599 -0.798304 -0.0851717 0.596202 1 
0.0908095 0.219809 0.0139388 -0.802088 -0.085267 0.591088 1 
0.0903502 0.220094 0.0137199 -0.802088 -0.085267 0.591088 1 
0.0903878 0.219857 0.0135146 -0.802088 -0.085267 0.591088 1 
0.0903353 0.219735 0.0136946 -0.802088 -0.085267 0.591088 1 
0.0902291 0.219825 0.0136688 -0.802088 -0.085267 0.591088 1 
0.0904849 0.219654 0.0139614 -0.802088 -0.085267 0.591088 1 
0.0901964 0.219595 0.0133929 -0.802088 -0.085267 0.591088 1 
0.0901442 0.21965 0.0130266 -0.80076 -0.0670868 0.595217 1 
0.0920271 0.219079 0.0149101 -0.759786 -0.101403 0.642217 1 
0.0918163 0.219102 0.0146981 -0.761024 -0.101177 0.640785 1 
0.0917282 0.21924 0.0143766 -0.780019 -0.0735323 0.62142 1 
0.0915081 0.219151 0.0145855 -0.772486 -0.0616269 0.632034 1 
0.0918431 0.218908 0.0150742 -0.759786 -0.101403 0.642217 1 
0.0916322 0.218932 0.0148621 -0.760031 -0.0951869 0.642878 1 
0.09136 0.218898 0.0147047 -0.771943 -0.088679 0.629475 1 
0.0913586 0.219231 0.0143188 -0.795787 -0.0913198 0.598652 1 
0.0904808 0.219252 0.0133548 -0.802088 -0.085267 0.591088 1 
0.0904122 0.219104 0.0131237 -0.802088 -0.085267 0.591088 1 
0.0900413 0.219429 0.0126799 -0.80076 -0.0670868 0.595217 1 
0.0902013 0.219127 0.0129116 -0.802088 -0.085267 0.591088 1 
0.089848 0.219145 0.0132649 -0.802088 -0.085267 0.591088 1 
0.0893711 0.219737 0.0122489 -0.812769 -0.00959424 0.582507 1 
0.0894157 0.219413 0.0128758 -0.806646 -0.0640195 0.587557 1 
0.089971 0.219436 0.0126092 -0.80076 -0.0670868 0.595217 1 
0.0898156 0.219093 0.0124426 -0.802088 -0.085267 0.591088 1 
0.0898589 0.219102 0.0126835 -0.802088 -0.085267 0.591088 1 
0.0944378 0.221677 0.00898321 -0.34273 -0.596123 0.726068 1 
0.0935944 0.221771 0.00813486 -0.34677 -0.587718 0.730984 1 
0.0954684 0.221264 0.00989304 -0.370241 -0.636814 0.676306 1 
0.0960029 0.220504 0.00970141 -0.362272 -0.670449 0.6475 1 
0.0953278 0.22128 0.00975163 -0.337421 -0.63735 0.692772 1 
0.0948342 0.221491 0.00941715 -0.37575 -0.598903 0.707197 1 
0.0950466 0.221312 0.00946884 -0.365182 -0.61082 0.702525 1 
0.0944755 0.221439 0.00877791 -0.332595 -0.618139 0.712239 1 
0.0944787 0.221128 0.00845712 -0.290212 -0.684644 0.66861 1 
0.0946233 0.221515 0.00920511 -0.357308 -0.595513 0.71951 1 
0.0946249 0.221359 0.00904471 -0.332595 -0.618139 0.712239 1 
0.0952298 0.220591 0.00892374 -0.326071 -0.679719 0.657008 1 
0.0951268 0.220369 0.00857709 -0.308784 -0.677385 0.667684 1 
0.0948658 0.220829 0.00931206 -0.326071 -0.679719 0.657008 1 
0.0945036 0.220912 0.00953998 -0.332378 -0.611251 0.71826 1 
0.094523 0.220626 0.00963035 -0.298017 -0.671747 0.67819 1 
0.0942191 0.221255 0.00957805 -0.342914 -0.583442 0.73621 1 
0.0945471 0.221098 0.00923455 -0.332595 -0.618139 0.712239 1 
0.0938469 0.22051 0.00929949 -0.308108 -0.666223 0.679129 1 
0.0950259 0.220528 0.00954378 -0.311672 -0.683095 0.660486 1 
0.0946833 0.220503 0.00931571 -0.290212 -0.684644 0.66861 1 
0.0953971 0.220381 0.00944126 -0.308041 -0.688657 0.656401 1 
0.0950724 0.220226 0.00946391 -0.311672 -0.683095 0.660486 1 
0.0945428 0.220518 0.00917432 -0.290212 -0.684644 0.66861 1 
0.0963626 0.219686 0.00925279 -0.344527 -0.697218 0.62864 1 
0.096029 0.219596 0.00915014 -0.297201 -0.698823 0.650629 1 
0.0961458 0.219286 0.00914089 -0.286478 -0.702592 0.651378 1 
0.0952526 0.219994 0.00869325 -0.308784 -0.677385 0.667684 1 
0.0960128 0.21957 0.00873892 -0.319477 -0.689228 0.650307 1 
0.09573 0.219757 0.00861658 -0.301568 -0.685381 0.662804 1 
0.0956792 0.219479 0.00863621 -0.301568 -0.685381 0.662804 1 
0.0951212 0.220122 0.00813091 -0.308784 -0.677385 0.667684 1 
0.0952397 0.219656 0.00796128 -0.308784 -0.677385 0.667684 1 
0.095009 0.219788 0.00820522 -0.290212 -0.684644 0.66861 1 
0.0956395 0.219336 0.00752812 -0.297971 -0.687749 0.661978 1 
0.095526 0.219335 0.00721646 -0.290212 -0.684644 0.66861 1 
0.0955584 0.219387 0.00803875 -0.311672 -0.683095 0.660486 1 
0.0954357 0.219273 0.00814811 -0.290212 -0.684644 0.66861 1 
0.0953835 0.219329 0.00778186 -0.290212 -0.684644 0.66861 1 
0.0952446 0.219189 0.00748005 -0.308784 -0.677385 0.667684 1 
0.0955261 0.219694 0.00923664 -0.301568 -0.685381 0.662804 1 
0.0943546 0.221347 0.00818052 -0.319326 -0.640274 0.698628 1 
0.0941884 0.221047 0.00859531 -0.332595 -0.618139 0.712239 1 
0.0937848 0.221142 0.00787549 -0.319326 -0.640274 0.698628 1 
0.0939448 0.22084 0.00810725 -0.290212 -0.684644 0.66861 1 
0.093435 0.221025 0.00736164 -0.290212 -0.684644 0.66861 1 
0.0935136 0.220598 0.00865044 -0.308108 -0.666223 0.679129 1 
0.0938073 0.220367 0.00819138 -0.290212 -0.684644 0.66861 1 
0.0936726 0.220807 0.00794981 -0.290212 -0.684644 0.66861 1 
0.0934617 0.220831 0.00773776 -0.290212 -0.684644 0.66861 1 
0.0935548 0.220226 0.00757799 -0.290212 -0.684644 0.66861 1 
0.0932252 0.220538 0.00808186 -0.290212 -0.684644 0.66861 1 
0.0933707 0.220055 0.00774197 -0.290212 -0.684644 0.66861 1 
0.0930443 0.221458 0.00737381 -0.304385 -0.620043 0.723116 1 
0.0920702 0.220992 0.00744175 -0.237731 -0.662813 0.710044 1 
0.0918234 0.221098 0.00727452 -0.261038 -0.605925 0.751474 1 
0.0919524 0.220411 0.0070699 -0.196504 -0.679255 0.707106 1 
0.0938016 0.22012 0.0077452 -0.290212 -0.684644 0.66861 1 
0.0936894 0.219786 0.00781949 -0.290212 -0.684644 0.66861 1 
0.0933037 0.219751 0.0073505 -0.290212 -0.684644 0.66861 1 
0.0930836 0.219662 0.00755936 -0.290212 -0.684644 0.66861 1 
0.0943411 0.218893 0.00707231 -0.290212 -0.684644 0.66861 1 
0.0938531 0.219351 0.00718407 -0.290212 -0.684644 0.66861 1 
0.092846 0.21988 0.00697116 -0.269496 -0.687294 0.674536 1 
0.0931648 0.219611 0.00704867 -0.287271 -0.685279 0.66923 1 
0.0929807 0.21944 0.00721268 -0.283711 -0.684433 0.67161 1 
0.0931668 0.219992 0.00836204 -0.290212 -0.684644 0.66861 1 
0.0933255 0.220024 0.00820784 -0.290212 -0.684644 0.66861 1 
0.0931866 0.219884 0.00790603 -0.290212 -0.684644 0.66861 1 
0.092853 0.219794 0.00780331 -0.290212 -0.684644 0.66861 1 
0.0926026 0.220033 0.00850327 -0.290212 -0.684644 0.66861 1 
0.0925699 0.219804 0.00822728 -0.287254 -0.688446 0.665979 1 
0.0921858 0.219613 0.00759787 -0.255378 -0.686825 0.68048 1 
0.0911843 0.220389 0.00783116 0.270609 -0.758022 0.593441 1 
0.0916502 0.219482 0.00740845 -0.196075 -0.67777 0.708648 1 
0.0933212 0.219444 0.0081476 -0.290212 -0.684644 0.66861 1 
0.0932331 0.219582 0.00782616 -0.290212 -0.684644 0.66861 1 
0.0931553 0.219321 0.00801603 -0.290212 -0.684644 0.66861 1 
0.092654 0.219264 0.00794215 -0.283711 -0.684433 0.67161 1 
0.09275 0.219572 0.00745664 -0.283711 -0.684433 0.67161 1 
0.0927698 0.219464 0.00700062 -0.269496 -0.687294 0.674536 1 
0.0924362 0.219374 0.0068979 -0.248315 -0.697496 0.67219 1 
0.0921788 0.2197 0.00676569 -0.199492 -0.681984 0.703634 1 
0.0919947 0.219529 0.00692975 -0.196092 -0.680916 0.705621 1 
0.0954663 0.219122 0.00711075 -0.290212 -0.684644 0.66861 1 
0.0952029 0.219024 0.00707869 -0.290212 -0.684644 0.66861 1 
0.0951436 0.218989 0.00642665 -0.290212 -0.684644 0.66861 1 
0.0951416 0.218967 0.00713337 -0.290212 -0.684644 0.66861 1 
0.0950189 0.218853 0.00724273 -0.308784 -0.677385 0.667684 1 
0.0948981 0.218761 0.00664533 -0.308108 -0.679129 0.666223 1 
0.094808 0.218877 0.00703064 -0.308784 -0.677385 0.667684 1 
0.0946331 0.218819 0.00677368 -0.308108 -0.679129 0.666223 1 
0.0951811 0.218751 0.00622134 -0.275801 -0.706243 0.652039 1 
0.094997 0.21858 0.00638538 -0.279782 -0.714642 0.6411 1 
0.106481 0.226374 0.00672678 -0.171512 -0.930068 0.324896 1 
0.106846 0.225803 0.0067244 -0.219824 -0.953469 0.206338 1 
0.106409 0.225491 0.00627499 -0.0769824 -0.919737 0.384912 1 
0.10662 0.225467 0.00648709 -0.13498 -0.936678 0.323133 1 
0.105923 0.225615 0.00677267 -0.0150007 -0.844128 0.535932 1 
0.106364 0.22546 0.00674088 -0.102359 -0.921228 0.375315 1 
0.106267 0.225485 0.00684039 -0.0894802 -0.904438 0.417115 1 
0.106225 0.22532 0.00643902 -0.0719788 -0.908562 0.411501 1 
0.106083 0.225314 0.00700443 -0.0871028 -0.897297 0.432749 1 
0.106414 0.225712 0.00431508 0.054165 -0.978582 0.198605 1 
0.106004 0.225919 0.00516924 -0.0691983 -0.907719 0.413833 1 
0.106168 0.225484 0.00453383 -0.00865243 -0.953004 0.302835 1 
0.106045 0.22537 0.00464318 -0.0256712 -0.964502 0.262824 1 
0.105835 0.225394 0.00443111 -0.0303297 -0.969338 0.243851 1 
0.105588 0.225499 0.00426384 -0.0813556 -0.97001 0.229047 1 
0.104522 0.227066 0.00634647 -0.170428 -0.806892 0.565579 1 
0.103835 0.226994 0.006597 -0.247395 -0.798199 0.549248 1 
0.104707 0.22619 0.00564095 -0.0263851 -0.80683 0.590194 1 
0.104231 0.226094 0.00610359 -0.0903054 -0.832817 0.546133 1 
0.104451 0.226183 0.00589468 -0.0263851 -0.80683 0.590194 1 
0.104267 0.226012 0.00605872 -0.063763 -0.820417 0.568199 1 
0.104496 0.226214 0.00542883 -0.0263851 -0.80683 0.590194 1 
0.105818 0.225727 0.00604008 0.023611 -0.798609 0.601387 1 
0.105713 0.225994 0.0054679 -0.0677497 -0.880746 0.468717 1 
0.105988 0.225538 0.00585078 -0.0636502 -0.905999 0.418466 1 
0.106306 0.225269 0.00592833 -0.0659726 -0.914192 0.399875 1 
0.105955 0.225308 0.00557484 -0.0636502 -0.905999 0.418466 1 
0.105753 0.225445 0.00494177 -0.0237868 -0.754181 0.656236 1 
0.105543 0.225468 0.0047297 -0.0688966 -0.914568 0.39852 1 
0.105322 0.225379 0.00493857 -0.0663174 -0.910849 0.407378 1 
0.105881 0.22545 0.00637134 0.0207607 -0.812434 0.582683 1 
0.105423 0.225579 0.00599204 0.0321673 -0.792993 0.608381 1 
0.105121 0.225874 0.00632567 -0.0263851 -0.80683 0.590194 1 
0.10544 0.225605 0.00640319 -0.0013641 -0.808912 0.587928 1 
0.105661 0.225361 0.00658023 0.0264008 -0.804531 0.593324 1 
0.105026 0.225921 0.00571846 -0.0263851 -0.80683 0.590194 1 
0.104692 0.225831 0.00561575 -0.0263851 -0.80683 0.590194 1 
0.105222 0.225538 0.00590532 0.0321673 -0.792993 0.608381 1 
0.104841 0.22575 0.00588249 -0.0263851 -0.80683 0.590194 1 
0.104657 0.225579 0.0060465 -0.0263851 -0.80683 0.590194 1 
0.104765 0.225334 0.00591195 0.00411708 -0.791851 0.6107 1 
0.10605 0.225262 0.00618208 -0.0749486 -0.908923 0.410174 1 
0.105982 0.225114 0.00595094 -0.0636502 -0.905999 0.418466 1 
0.10584 0.225285 0.00597001 -0.0610322 -0.904632 0.4218 1 
0.105663 0.225383 0.00587348 -0.0673543 -0.889351 0.452236 1 
0.105403 0.224796 0.00606695 -0.0722673 -0.904023 0.421332 1 
0.105452 0.225406 0.00566141 0.0321673 -0.792993 0.608381 1 
0.104788 0.226139 0.00513022 0.0152523 -0.788962 0.614253 1 
0.104716 0.226303 0.00521994 0.00411708 -0.791851 0.6107 1 
0.105296 0.225574 0.00456246 -0.0663174 -0.910849 0.407378 1 
0.104589 0.225609 0.00526907 0.0152523 -0.788962 0.614253 1 
0.104427 0.225888 0.00574411 -0.0263851 -0.80683 0.590194 1 
0.104236 0.225626 0.00562235 -0.0263851 -0.80683 0.590194 1 
0.104209 0.225821 0.00524625 0.00411708 -0.791851 0.6107 1 
0.102565 0.227962 0.00782589 -0.941128 -0.162546 -0.296407 1 
0.10314 0.2277 0.00764966 -0.165483 -0.748467 0.642194 1 
0.103554 0.226848 0.00686058 -0.336999 -0.793785 0.506297 1 
0.103262 0.226922 0.00715923 -0.0984967 -0.73946 0.665955 1 
0.103298 0.226841 0.00711434 -0.403535 -0.786002 0.46836 1 
0.103175 0.226727 0.0072237 -0.0922866 -0.739758 0.666515 1 
0.102408 0.227951 0.00727331 -0.954872 -0.15007 -0.256315 1 
0.103224 0.227337 0.00681812 -0.431112 -0.776002 0.460395 1 
0.103253 0.226987 0.00703385 -0.420968 -0.781798 0.459977 1 
0.102719 0.227414 0.00761146 -0.694047 -0.6554 0.297909 1 
0.102458 0.22716 0.00741896 -0.712968 -0.645977 0.272746 1 
0.10244 0.22729 0.0071682 -0.652625 -0.678665 0.336891 1 
0.102856 0.226996 0.00714622 -0.475798 -0.763566 0.436557 1 
0.102566 0.226914 0.0072844 -0.179112 -0.748597 0.638374 1 
0.102674 0.226669 0.00714981 -0.129758 -0.74723 0.651775 1 
0.102241 0.226759 0.00730703 -0.699499 -0.65468 0.286523 1 
0.105472 0.225658 0.00722551 -0.0263358 -0.813639 0.580774 1 
0.104171 0.226418 0.00747164 -0.333214 -0.801945 0.495835 1 
0.10375 0.226465 0.00704748 -0.264121 -0.807991 0.526679 1 
0.105189 0.225845 0.00710311 -0.0606164 -0.830303 0.554005 1 
0.103159 0.2267 0.00681254 -0.351705 -0.791738 0.499454 1 
0.103036 0.226587 0.0069219 -0.0829103 -0.734556 0.673464 1 
0.102975 0.226707 0.00643021 -0.265633 -0.790612 0.551699 1 
0.10318 0.226259 0.00674247 -0.258079 -0.799262 0.542748 1 
0.1032 0.226151 0.00628642 -0.184257 -0.793372 0.580182 1 
0.103012 0.226292 0.00677134 -0.0470786 -0.720445 0.691912 1 
0.102852 0.226416 0.00708593 -0.0859665 -0.735815 0.671704 1 
0.102828 0.226121 0.00693533 -0.058884 -0.736769 0.673576 1 
0.102795 0.225891 0.00665938 -0.046972 -0.727354 0.684653 1 
0.102584 0.225915 0.0064473 -0.0647717 -0.726882 0.683701 1 
0.102538 0.226217 0.00652721 -0.0709074 -0.733675 0.675791 1 
0.102363 0.226159 0.00627024 -0.245403 -0.776848 0.579901 1 
0.10204 0.225848 0.00613247 -0.0470786 -0.720445 0.691912 1 
0.10419 0.225596 0.0060882 -0.0263851 -0.80683 0.590194 1 
0.104262 0.225432 0.00599846 -0.0263851 -0.80683 0.590194 1 
0.104547 0.225089 0.00596043 0.0152523 -0.788962 0.614253 1 
0.104186 0.225016 0.00602794 0.00411708 -0.791851 0.6107 1 
0.10506 0.22477 0.00583886 -0.0702619 -0.888606 0.453258 1 
0.104586 0.224696 0.00559472 0.0321673 -0.792993 0.608381 1 
0.104453 0.224802 0.00573916 0.0321673 -0.792993 0.608381 1 
0.10342 0.225193 0.00553607 0.00411708 -0.791851 0.6107 1 
0.103281 0.225053 0.00523426 0.0152037 -0.794737 0.606764 1 
0.104056 0.224988 0.00530515 0.0152523 -0.788962 0.614253 1 
0.104624 0.224458 0.00538944 -0.0722673 -0.904023 0.421332 1 
0.104191 0.224548 0.0055467 -0.0707655 -0.881099 0.467607 1 
0.104166 0.22441 0.00555653 -0.0707655 -0.881099 0.467607 1 
0.103178 0.224831 0.00488762 -0.0707655 -0.881099 0.467607 1 
0.103159 0.224939 0.00534365 0.0152037 -0.794737 0.606764 1 
0.102886 0.224906 0.00518623 0.004115 -0.794195 0.607649 1 
0.101871 0.226214 0.00577537 -0.0267508 -0.716641 0.696929 1 
0.101973 0.225545 0.00574095 -0.0238417 -0.716655 0.69702 1 
0.103141 0.225246 0.00454649 0.0151861 -0.807627 0.589498 1 
0.10286 0.2251 0.0048101 0.0207526 -0.806583 0.590756 1 
0.103152 0.225026 0.0045115 -0.0480152 -0.876621 0.47878 1 
0.102346 0.225419 0.00493164 -0.0293915 -0.779575 0.625619 1 
0.102234 0.225085 0.00500597 -0.0237656 -0.761897 0.647263 1 
0.102675 0.224929 0.00497415 0.0265184 -0.794158 0.607133 1 
0.106567 0.225497 0.00371466 0.091681 -0.989922 0.107928 1 
0.106383 0.225326 0.0038787 0.112095 -0.98762 0.109736 1 
0.106091 0.225401 0.00417731 0.0467175 -0.978672 0.200047 1 
0.106248 0.225766 0.00363718 0.112095 -0.98762 0.109736 1 
0.1061 0.225513 0.00375637 0.065292 -0.984128 0.165011 1 
0.10588 0.225424 0.00396525 0.0568831 -0.976695 0.206958 1 
0.106496 0.224973 0.00528304 0.00856233 -0.957757 0.28745 1 
0.087592 0.229151 0.0123772 0.711408 0.57936 -0.397794 1 
0.0874366 0.228808 0.0122106 0.711408 0.57936 -0.397794 1 
0.0864704 0.228788 0.0114716 0.619308 0.555184 -0.555184 1 
0.0878663 0.227804 0.0123791 0.594725 0.470754 -0.651685 1 
0.0874742 0.22857 0.0120054 0.679749 0.518624 -0.518624 1 
0.0870882 0.228358 0.0120827 0.663257 0.512135 -0.545718 1 
0.0880821 0.227313 0.01211 0.571302 0.422267 -0.703778 1 
0.0878336 0.227574 0.0121032 0.635374 0.457671 -0.621963 1 
0.088775 0.226408 0.0123105 0.351177 0.398001 -0.847508 1 
0.0893409 0.226211 0.0120089 0.180234 0.438131 -0.880657 1 
0.0896072 0.22582 0.0122664 0.180461 0.447484 -0.875895 1 
0.0884641 0.227123 0.011426 0.570376 0.386278 -0.724887 1 
0.0885631 0.226942 0.011166 0.521407 0.400454 -0.753506 1 
0.0883661 0.226434 0.0105981 0.574227 0.368094 -0.73128 1 
0.088579 0.226791 0.0121236 0.383312 0.395931 -0.834452 1 
0.0887648 0.226806 0.0117991 0.285206 0.41332 -0.864769 1 
0.0888275 0.22653 0.0121304 0.287911 0.400638 -0.869826 1 
0.0885899 0.226748 0.0115422 0.467169 0.402509 -0.787236 1 
0.0883717 0.22668 0.0110443 0.563728 0.396089 -0.724793 1 
0.0889552 0.226176 0.0115398 0.243119 0.398238 -0.884477 1 
0.0886202 0.226419 0.0110511 0.523224 0.389566 -0.757941 1 
0.089962 0.225469 0.0122991 0.195143 0.34328 -0.918737 1 
0.0898649 0.225671 0.0118522 0.113488 0.418926 -0.9009 1 
0.0896468 0.225604 0.0113544 0.0455034 0.352327 -0.93477 1 
0.0897547 0.225359 0.0112198 0.0322064 0.211131 -0.976927 1 
0.0895092 0.225131 0.0114385 0.077828 0.0159921 -0.996839 1 
0.0898837 0.224672 0.0110151 0.0585724 -0.182889 -0.981387 1 
0.089068 0.225463 0.010924 0.283725 0.269323 -0.920307 1 
0.0890875 0.225178 0.0110143 0.186532 0.11893 -0.975224 1 
0.0887612 0.225179 0.0111974 0.518824 0.184972 -0.83463 1 
0.0883183 0.225667 0.0108433 0.559893 0.367277 -0.742716 1 
0.0894587 0.225031 0.0109118 0.0505018 0.00721454 -0.998698 1 
0.0890621 0.225039 0.0110242 0.234394 0.0527692 -0.970708 1 
0.0893824 0.224614 0.0109413 0.155634 -0.143183 -0.977383 1 
0.0892689 0.224613 0.0106296 0.238641 -0.0737162 -0.968306 1 
0.0884206 0.225175 0.0102625 0.563288 0.284024 -0.77591 1 
0.0889443 0.224458 0.0106523 0.588049 0.0729696 -0.805527 1 
0.0886215 0.224325 0.00996815 0.499725 0.0121227 -0.866099 1 
0.0876811 0.226742 0.0121621 0.599549 0.37944 -0.704675 1 
0.0882688 0.225056 0.0112489 0.631806 0.189081 -0.751711 1 
0.0885608 0.224982 0.0109503 0.526609 0.158725 -0.835158 1 
0.0889156 0.224631 0.0109829 0.711589 0.172924 -0.680983 1 
0.0884846 0.224565 0.0109797 0.520642 -0.0343432 -0.853084 1 
0.0885133 0.224393 0.0106491 0.525093 -0.0344549 -0.850347 1 
0.0885163 0.223904 0.0108746 0.913033 0.295607 -0.281045 1 
0.0890175 0.223961 0.0109485 0.707968 0.394416 0.585848 1 
0.0890311 0.223252 0.011139 0.851136 0.314719 0.420142 1 
0.0890671 0.22317 0.0110941 0.665714 0.384892 0.639284 1 
0.0884928 0.223787 0.0101777 0.480639 -0.128459 -0.867459 1 
0.0887918 0.223625 0.0107112 0.53792 0.406319 0.738612 1 
0.0891215 0.223313 0.0102073 0.756244 0.333779 0.562749 1 
0.0889027 0.222891 0.0108021 0.676574 0.417248 0.606755 1 
0.0887905 0.222556 0.0108765 0.588486 0.477831 0.652197 1 
0.088385 0.22263 0.0108635 0.481617 0.474997 0.736494 1 
0.0866922 0.228721 0.0111023 0.615289 0.520888 -0.591689 1 
0.0867024 0.228323 0.0116136 0.660092 0.482052 -0.576111 1 
0.0881414 0.226989 0.0107419 0.612148 0.37254 -0.697487 1 
0.087896 0.226761 0.0109606 0.614273 0.365288 -0.699452 1 
0.0879464 0.2251 0.0100184 0.584488 0.285077 -0.759675 1 
0.0877207 0.224764 0.0097811 0.598575 0.222328 -0.769596 1 
0.0883909 0.224456 0.0102121 0.537932 0.0373372 -0.842161 1 
0.0880662 0.224301 0.0102347 0.611162 0.0672707 -0.788642 1 
0.0880034 0.224577 0.00990349 0.598786 0.125671 -0.790988 1 
0.0878553 0.224325 0.0100226 0.625069 0.0980788 -0.774383 1 
0.087954 0.223966 0.010309 0.616784 0.00412105 -0.787121 1 
0.0875741 0.224356 0.00973982 0.608341 0.116365 -0.785099 1 
0.0874336 0.224372 0.00959848 0.616845 0.148583 -0.772933 1 
0.0872244 0.22424 0.00922596 0.586275 0.109653 -0.802656 1 
0.0873901 0.224185 0.00990391 0.63089 0.0888783 -0.770765 1 
0.0872495 0.224201 0.00976255 0.6193 0.119722 -0.775973 1 
0.0870403 0.224069 0.00939001 0.579578 0.0973226 -0.809085 1 
0.0869592 0.22412 0.00990073 0.613648 0.113311 -0.781407 1 
0.0866255 0.224029 0.00979799 0.579578 0.0973226 -0.809085 1 
0.135958 0.252276 0.000952393 -0.360694 0.589188 -0.72302 0 
0.135649 0.25248 0.00100026 -0.372926 0.599639 -0.708067 0 
0.135225 0.252506 0.00128286 -0.381288 0.645384 -0.66189 0 
0.134984 0.25181 0.00102035 -0.41211 0.710021 -0.570996 0 
0.134464 0.252038 0.000856139 -0.413791 0.723722 -0.552271 0 
0.136478 0.252559 0.000184357 -0.381313 0.652029 -0.655331 0 
0.136454 0.252264 3.37213e-005 -0.354642 0.625935 -0.694575 0 
0.136294 0.252388 0.000348389 -0.354642 0.625935 -0.694575 0 
0.136189 0.252144 0.000708461 -0.331563 0.590344 -0.735908 0 
0.136005 0.251974 0.000872537 -0.36875 0.608028 -0.703083 0 
0.135882 0.25186 0.00098189 -0.377174 0.617643 -0.690113 0 
0.135471 0.251686 0.000522666 -0.380667 0.693769 -0.611374 0 
0.135718 0.251581 0.000689887 -0.370189 0.679502 -0.633434 0 
0.135763 0.251612 0.000224046 -0.370189 0.679502 -0.633434 0 
0.135826 0.251335 0.000555322 -0.370128 0.682681 -0.630041 0 
0.135397 0.251292 -0.000154629 -0.3799 0.712107 -0.590407 0 
0.135698 0.251689 0.00114591 -0.37767 0.654738 -0.654738 0 
0.135604 0.251402 0.000924654 -0.38094 0.684372 -0.621707 0 
0.135375 0.251378 0.00100816 -0.390512 0.696989 -0.601421 0 
0.1352 0.25132 0.000751197 -0.413791 0.723722 -0.552271 0 
0.135362 0.25104 0.000276171 -0.393329 0.7126 -0.580942 0 
0.135178 0.251047 -0.000106208 -0.394253 0.710974 -0.582306 0 
0.134891 0.250654 -0.000288755 -0.421758 0.722778 -0.547459 0 
0.135178 0.250869 0.000440195 -0.413791 0.723722 -0.552271 0 
0.135174 0.250467 -0.000166394 -0.413791 0.723722 -0.552271 0 
0.134768 0.25054 -0.000179447 -0.440245 0.737039 -0.512794 0 
0.134208 0.250984 0.000568375 -0.440652 0.741022 -0.506668 0 
0.134626 0.250534 0.000385948 -0.443306 0.739942 -0.50593 0 
0.134538 0.250672 6.44997e-005 -0.443306 0.739942 -0.50593 0 
0.134503 0.25042 0.000495307 -0.446336 0.742795 -0.49904 0 
0.134397 0.250687 -7.69272e-005 -0.447429 0.741313 -0.500262 0 
0.134275 0.250573 3.24771e-005 -0.440652 0.741022 -0.506668 0 
0.13409 0.250403 0.000196524 -0.440652 0.741022 -0.506668 0 
0.135026 0.250214 -4.72516e-005 -0.440566 0.734276 -0.516469 0 
0.133854 0.250465 -0.000552118 -0.440652 0.741022 -0.506668 0 
0.132773 0.250781 0.00112414 -0.447955 0.77374 -0.447955 0 
0.132519 0.250618 0.00121755 -0.450224 0.778547 -0.437222 0 
0.132545 0.250424 0.00159366 -0.446493 0.780956 -0.436751 0 
0.133757 0.251026 0.0010212 -0.439915 0.739782 -0.509115 0 
0.133539 0.250782 0.00106969 -0.439229 0.745208 -0.50174 0 
0.133403 0.25033 0.000447057 -0.44296 0.749245 -0.492361 0 
0.133108 0.250716 0.00106651 -0.450018 0.767485 -0.456564 0 
0.13267 0.25056 0.000777535 -0.444692 0.773732 -0.451208 0 
0.132886 0.250069 0.000508383 -0.448121 0.777286 -0.441603 0 
0.133517 0.250509 0.000212297 -0.44296 0.742658 -0.502241 0 
0.132749 0.250487 0.00097356 -0.448121 0.777286 -0.441603 0 
0.132848 0.250129 0.00126003 -0.450224 0.778547 -0.437222 0 
0.132442 0.250202 0.001247 -0.458323 0.788705 -0.409738 0 
0.13202 0.250072 0.00136918 -0.477127 0.784429 -0.396258 0 
0.131998 0.249444 0.00160452 -0.510309 0.753157 -0.415139 0 
0.131814 0.249273 0.00176858 -0.556347 0.754231 -0.348731 0 
0.132747 0.249929 0.000206605 -0.44763 0.790221 -0.418542 0 
0.132624 0.249992 -0.000230409 -0.449309 0.786696 -0.423356 0 
0.132361 0.249894 -0.000262454 -0.440706 0.792625 -0.421335 0 
0.132231 0.250226 0.00103491 -0.460328 0.793055 -0.398951 0 
0.132563 0.249758 0.000370614 -0.448563 0.802268 -0.393899 0 
0.132511 0.249813 4.31389e-006 -0.448563 0.802268 -0.393899 0 
0.132326 0.249643 0.000168353 -0.458265 0.785367 -0.416163 0 
0.132142 0.249472 0.000332408 -0.483136 0.746965 -0.456753 0 
0.132177 0.249723 -9.84147e-005 -0.463556 0.76495 -0.447176 0 
0.132366 0.249427 -0.000743702 -0.454541 0.787763 -0.415719 0 
0.131724 0.249744 0.00106116 -0.499772 0.743885 -0.443692 0 
0.131935 0.24972 0.00127328 -0.494012 0.756609 -0.428362 0 
0.131663 0.249687 0.00111584 -0.514043 0.735527 -0.441316 0 
0.131333 0.249285 0.000692286 -0.561161 0.648789 -0.513976 0 
0.131958 0.249301 0.000496432 -0.492758 0.721717 -0.486122 0 
0.131625 0.249211 0.000393681 -0.516485 0.664532 -0.540038 0 
0.131917 0.249136 9.50769e-005 -0.494685 0.714545 -0.494685 0 
0.131194 0.249145 0.000390515 -0.549933 0.597312 -0.583775 0 
0.131295 0.249345 0.00144392 -0.580454 0.637658 -0.506425 0 
0.131515 0.249434 0.00123506 -0.559474 0.717909 -0.414242 0 
0.130661 0.249572 0.000968091 -0.597975 0.658275 -0.457275 0 
0.131148 0.249114 0.000856325 -0.582794 0.619958 -0.52536 0 
0.130529 0.249345 0.00149842 -0.625846 0.649211 -0.432251 0 
0.130476 0.249401 0.00113215 -0.61691 0.626995 -0.47571 0 
0.130964 0.248943 0.00102038 -0.601625 0.625218 -0.497141 0 
0.130938 0.249138 0.000644259 -0.593404 0.603548 -0.532542 0 
0.130569 0.248796 0.000972353 -0.623282 0.67288 -0.398437 0 
0.130615 0.248827 0.000506535 -0.61691 0.626995 -0.47571 0 
0.130359 0.24882 0.00076025 -0.626939 0.653547 -0.424057 0 
0.129104 0.2491 0.00147282 -0.629583 0.752729 -0.192415 0 
0.130249 0.249043 0.00160162 -0.626939 0.653547 -0.424057 0 
0.130354 0.249287 0.00124151 -0.623282 0.67288 -0.398437 0 
0.130126 0.24893 0.00171094 -0.625957 0.659164 -0.416751 0 
0.129969 0.248919 0.00115842 -0.627304 0.689543 -0.361969 0 
0.129846 0.248805 0.00126779 -0.621705 0.730383 -0.282884 0 
0.130246 0.248485 0.000834584 -0.625741 0.678574 -0.38469 0 
0.129801 0.248774 0.00173361 -0.621705 0.730383 -0.282884 0 
0.129778 0.24848 0.00158303 -0.621865 0.733197 -0.275148 0 
0.129725 0.248358 0.00176307 -0.626162 0.728133 -0.278825 0 
0.129541 0.248187 0.00192713 -0.624012 0.756518 -0.195678 0 
0.129974 0.248452 0.000677183 -0.623465 0.726041 -0.290096 0 
0.128985 0.248674 0.00126139 -0.628647 0.727321 -0.275331 0 
0.12926 0.248219 0.00164433 -0.629654 0.742149 -0.229675 0 
0.129459 0.247702 0.000964031 -0.620014 0.7512 -0.226453 0 
0.1291 0.247473 0.000871092 -0.333763 0.197417 -0.921753 0 
0.129002 0.248367 0.00205851 -0.631386 0.770726 -0.0856362 0 
0.129049 0.248065 0.00197862 -0.588865 0.798436 0.125447 0 
0.129357 0.248016 0.00209114 -0.631126 0.763048 -0.139417 0 
0.129146 0.24804 0.00187908 -0.593128 0.796233 0.119214 0 
0.128901 0.247812 0.00209775 -0.326063 0.212155 -0.921235 0 
0.12908 0.247048 0.0029662 0.284242 -0.519801 -0.805614 0 
0.129053 0.247243 0.00259005 0.271518 -0.53205 -0.801998 0 
0.128929 0.247462 0.0023135 -0.448889 0.455419 -0.768825 0 
0.128702 0.247282 0.0022366 -0.488561 0.559075 -0.669883 0 
0.128939 0.247064 0.00282481 0.270364 -0.523538 -0.807967 0 
0.128853 0.247046 0.00234297 0.260317 -0.522193 -0.812127 0 
0.128456 0.247054 0.00245534 0.262234 -0.5074 -0.82084 0 
0.128874 0.248007 0.00172164 -0.532542 0.790069 0.303628 0 
0.128937 0.247908 0.00150655 -0.532542 0.790069 0.303628 0 
0.128722 0.248065 0.00216164 -0.405858 0.334327 -0.850591 0 
0.128639 0.247558 0.00190536 -0.467082 0.513624 -0.719739 0 
0.12854 0.247916 0.00161892 -0.433248 0.420363 -0.79724 0 
0.129383 0.247285 0.00099346 -0.610495 0.790964 -0.0408876 0 
0.129197 0.24727 0.00131793 -0.333763 0.197417 -0.921753 0 
0.129048 0.247351 0.00105118 -0.363906 0.265874 -0.892683 0 
0.128804 0.246967 0.00110946 -0.452511 0.515498 -0.727664 0 
0.128609 0.247017 0.00130852 -0.46358 0.570688 -0.677797 0 
0.128729 0.24762 0.000973612 -0.420229 0.382171 -0.823015 0 
0.128545 0.247449 0.0011377 -0.454142 0.503685 -0.734885 0 
0.128469 0.247033 0.00116713 -0.46358 0.570688 -0.677797 0 
0.127858 0.247376 0.00138824 -0.47931 0.623944 -0.617217 0 
0.128425 0.246846 0.00147258 -0.474536 0.601974 -0.642217 0 
0.128177 0.247107 0.00146577 -0.474536 0.601974 -0.642217 0 
0.129346 0.246121 0.00175001 0.169934 -0.428466 -0.887434 0 
0.129099 0.246049 0.00212913 0.137482 -0.365229 -0.92071 0 
0.129021 0.245966 0.00177259 0.127011 -0.33733 -0.932779 0 
0.129051 0.246862 0.00127671 -0.443953 0.411666 -0.795887 0 
0.129247 0.246479 0.00146356 0.237774 -0.504694 -0.829908 0 
0.128939 0.246527 0.001351 0.230557 -0.499287 -0.835198 0 
0.129135 0.246144 0.00153791 0.252793 -0.522645 -0.81421 0 
0.129001 0.246251 0.00168228 0.259421 -0.517288 -0.815545 0 
0.128272 0.246883 0.00261934 0.248947 -0.508718 -0.824155 0 
0.127639 0.246954 0.00198311 -0.505369 0.730715 -0.458975 0 
0.127728 0.246816 0.00230452 0.204871 -0.462081 -0.86285 0 
0.127317 0.246821 0.00129896 -0.488649 0.751894 -0.442581 0 
0.127133 0.24665 0.00146302 -0.474623 0.785639 -0.396869 0 
0.126948 0.246479 0.00162707 -0.477962 0.829817 -0.288023 0 
0.126931 0.246608 0.00137629 -0.464505 0.759949 -0.454657 0 
0.126747 0.246438 0.00154031 -0.472275 0.830768 -0.294587 0 
0.126624 0.246324 0.0016497 -0.461989 0.824643 -0.326388 0 
0.125958 0.245987 0.0012838 -0.143601 0.00556592 -0.98962 0 
0.125862 0.245679 0.00176933 -0.169747 0.0433149 -0.984535 0 
0.125702 0.24598 0.00153755 -0.166249 0.0554164 -0.984525 0 
0.125403 0.245964 0.00155038 -0.235104 0.166034 -0.957684 0 
0.125518 0.245809 0.00170162 -0.241595 0.190307 -0.951533 0 
0.125298 0.24572 0.00191047 -0.274807 0.200236 -0.940418 0 
0.125255 0.245711 0.00166958 -0.271544 0.199867 -0.941444 0 
0.125096 0.245856 0.00127743 -0.186874 -0.124165 -0.974506 0 
0.124984 0.245522 0.00135179 -0.187607 -0.146767 -0.971217 0 
0.125114 0.245549 0.00207455 -0.19395 -0.130567 -0.972284 0 
0.125072 0.245384 0.00167322 -0.193536 -0.127759 -0.972739 0 
0.124887 0.245369 0.00199765 -0.185884 -0.180684 -0.965816 0 
0.124702 0.245198 0.00216167 -0.143248 -0.317874 -0.937249 0 
0.124437 0.245079 0.00283645 -0.121291 -0.344795 -0.930809 0 
0.123987 0.245298 0.00274292 -0.031466 -0.513033 -0.857792 0 
0.124762 0.245234 0.0028138 -0.180593 -0.209594 -0.960967 0 
0.12436 0.245173 0.00193364 -0.121291 -0.344795 -0.930809 0 
0.124237 0.245059 0.00204298 -0.121291 -0.344795 -0.930809 0 
0.123992 0.244831 0.00226169 -0.031466 -0.513033 -0.857792 0 
0.123539 0.245029 0.00287492 -0.0343279 -0.512172 -0.858197 0 
0.123319 0.24494 0.0030838 -0.0231217 -0.512757 -0.858222 0 
0.123869 0.244717 0.00237107 -0.031466 -0.513033 -0.857792 0 
0.123573 0.244212 0.00260939 0.552146 -0.71464 0.429447 0 
0.123781 0.244855 0.00204959 -0.031466 -0.513033 -0.857792 0 
0.123485 0.244349 0.00228798 -0.0231217 -0.512757 -0.858222 0 
0.123135 0.244769 0.00324786 0.552852 -0.705592 0.443278 0 
0.122942 0.244663 0.00328653 0.541119 -0.758866 0.362371 0 
0.122643 0.244825 0.00275299 0.541119 -0.758866 0.362371 0 
0.122134 0.244499 0.00293969 0.552388 -0.73925 0.385197 0 
0.122776 0.24454 0.00315497 0.549323 -0.736257 0.395184 0 
0.122522 0.244377 0.00324826 0.548703 -0.738702 0.391463 0 
0.122462 0.244342 0.0025962 0.548075 -0.741128 0.387742 0 
0.122965 0.244244 0.00250968 0.549323 -0.736257 0.395184 0 
0.122826 0.244104 0.00220792 0.549323 -0.736257 0.395184 0 
0.122222 0.244361 0.00326115 0.549323 -0.736257 0.395184 0 
0.122152 0.244369 0.00319042 0.549932 -0.73379 0.398906 0 
0.121977 0.244133 0.00347985 0.534289 -0.652271 0.53766 0 
0.121802 0.244075 0.0032229 0.534289 -0.652271 0.53766 0 
0.121741 0.244018 0.00327758 0.517846 -0.56845 0.639296 0 
0.121722 0.243256 0.00264569 0.440154 -0.330507 0.834883 0 
0.121839 0.24366 0.00356399 0.477491 -0.441392 0.75972 0 
0.121645 0.24371 0.00376303 0.464052 -0.399376 0.790667 0 
0.121599 0.243142 0.00275509 0.459256 -0.336157 0.822242 0 
0.121354 0.242914 0.00297385 0.645925 -0.527871 0.551482 0 
0.120855 0.243415 0.00366695 0.632218 -0.504088 0.588384 0 
0.12031 0.243348 0.00335209 0.620622 -0.496161 0.607167 0 
0.120173 0.242875 0.00343629 0.628832 -0.534423 0.564768 0 
0.121189 0.242636 0.00268183 0.64468 -0.493188 0.584083 0 
0.120014 0.242843 0.00359049 0.611237 -0.506838 0.607869 0 
0.119682 0.242419 0.00387372 0.588786 -0.531426 0.609031 0 
0.120237 0.242443 0.00360715 0.62345 -0.532214 0.572763 0 
0.119638 0.242233 0.00417915 0.578216 -0.507414 0.638903 0 
0.12021 0.242637 0.00323096 0.633198 -0.562279 0.531886 0 
0.11972 0.242537 0.00257572 0.6237 -0.549329 0.55609 0 
0.119626 0.242787 0.00382825 0.601516 -0.5139 0.611625 0 
0.119736 0.242563 0.00298689 0.616045 -0.551909 0.562036 0 
0.12016 0.24236 0.00325064 0.62896 -0.554767 0.544649 0 
0.119943 0.241959 0.00313872 0.61274 -0.548596 0.568852 0 
0.119266 0.242713 0.00389575 0.56879 -0.491609 0.659393 0 
0.11919 0.242297 0.0039252 0.553823 -0.526889 0.644724 0 
0.118615 0.240979 0.00519903 -0.461421 0.467989 -0.753709 0 
0.118547 0.240676 0.00480751 -0.477161 0.550828 -0.684767 0 
0.118174 0.240801 0.00561684 -0.439229 0.50174 -0.745208 0 
0.118554 0.240589 0.00563964 -0.445973 0.495343 -0.745482 0 
0.118025 0.240882 0.00535005 -0.437753 0.486938 -0.75582 0 
0.118188 0.241671 0.00470973 -0.460879 0.497221 -0.735093 0 
0.118296 0.241426 0.00457515 -0.476472 0.540002 -0.69381 0 
0.118004 0.2415 0.00487374 -0.458627 0.501676 -0.733473 0 
0.118305 0.241361 0.00470053 -0.476472 0.540002 -0.69381 0 
0.117943 0.241443 0.00492848 -0.454142 0.503685 -0.734885 0 
0.117883 0.241408 0.00427634 -0.465241 0.551953 -0.692025 0 
0.118362 0.240838 0.00458556 -0.474083 0.561194 -0.678459 0 
0.118121 0.24119 0.00486456 -0.463758 0.530246 -0.709766 0 
0.118036 0.240839 0.00476868 -0.448825 0.568957 -0.689089 0 
0.117982 0.24105 0.00456276 -0.455647 0.559127 -0.69265 0 
0.118214 0.240585 0.0047048 -0.453147 0.583574 -0.673869 0 
0.117437 0.240983 0.004248 -0.434487 0.600957 -0.670874 0 
0.117581 0.240656 0.00406853 -0.434747 0.611311 -0.661282 0 
0.116841 0.240972 0.00356683 -0.424057 0.626939 -0.653547 0 
0.118342 0.240232 0.00411422 -0.457645 0.618575 -0.638691 0 
0.1179 0.240387 0.00414602 -0.438249 0.604883 -0.664872 0 
0.117601 0.240548 0.00361253 -0.44308 0.616968 -0.650408 0 
0.11792 0.240279 0.00369003 -0.44308 0.616968 -0.650408 0 
0.117498 0.240326 0.00326586 -0.425036 0.638387 -0.641721 0 
0.117268 0.240458 0.00350979 -0.425036 0.638387 -0.641721 0 
0.11769 0.241125 0.00486138 -0.4301 0.56295 -0.705763 0 
0.117068 0.240797 0.00473644 -0.162222 0.915496 0.368173 0 
0.117726 0.241043 0.00481649 -0.4301 0.56295 -0.705763 0 
0.117675 0.240765 0.00483617 -0.427241 0.603457 -0.673279 0 
0.117994 0.240496 0.00491368 -0.427241 0.603457 -0.673279 0 
0.117623 0.240821 0.00446986 -0.438546 0.585284 -0.681997 0 
0.117381 0.240459 0.00382138 -0.427705 0.627411 -0.65071 0 
0.116954 0.240973 0.00387847 -0.424057 0.626939 -0.653547 0 
0.116975 0.240532 0.00380835 -0.417756 0.640782 -0.64411 0 
0.116765 0.240556 0.00359628 -0.0644601 0.892841 0.445735 0 
0.116755 0.240443 0.00401732 -0.121485 0.929562 0.348074 0 
0.116545 0.240467 0.0038052 -0.373856 0.676893 -0.634072 0 
0.115775 0.240601 0.00472688 -0.0176083 -0.505224 -0.862809 0 
0.116499 0.240436 0.00427106 -0.35552 0.689742 -0.630762 0 
0.116068 0.240371 0.00426786 -0.332991 0.773761 -0.538898 0 
0.116289 0.24046 0.00405894 -0.35552 0.689742 -0.630762 0 
0.115989 0.240443 0.00407178 -0.332991 0.773761 -0.538898 0 
0.115602 0.240387 0.00430948 -0.0901843 -0.437047 -0.894906 0 
0.115812 0.240363 0.0045216 -0.339278 0.773425 -0.535448 0 
0.115248 0.240405 0.0046628 0.00380553 -0.361525 -0.932355 0 
0.1157 0.240029 0.00459589 -0.347441 0.79255 -0.501148 0 
0.115525 0.239971 0.00433896 -0.355792 0.78081 -0.513564 0 
0.115352 0.239579 0.00446799 -0.379408 0.721039 -0.579787 0 
0.115314 0.239994 0.00412686 -0.0303786 -0.413413 -0.910037 0 
0.115069 0.239766 0.00434559 0.00908644 -0.40889 -0.912538 0 
0.114946 0.239652 0.00445494 -0.0162595 -0.313934 -0.949306 0 
0.114433 0.239794 0.00512285 0.378313 -0.881725 -0.281851 0 
0.114865 0.239703 0.00496566 -0.0551476 -0.229169 -0.971823 0 
0.11434 0.239529 0.00419485 0.302934 -0.824044 -0.47873 0 
0.114834 0.239318 0.00452928 -0.0241197 -0.331328 -0.943207 0 
0.114605 0.239471 0.00406648 -0.0350721 -0.362411 -0.931358 0 
0.114421 0.2393 0.00423047 0.302934 -0.824044 -0.47873 0 
0.114578 0.239311 0.00478301 0.343582 -0.861266 -0.374396 0 
0.114378 0.239114 0.00453591 0.308134 -0.833681 -0.45829 0 
0.113972 0.239187 0.00452293 0.209643 -0.740738 -0.638246 0 
0.114053 0.238959 0.00455856 0.209643 -0.740738 -0.638246 0 
0.113938 0.238936 0.00495373 0.189709 -0.711024 -0.677093 0 
0.113604 0.238845 0.00485099 0.133349 -0.660752 -0.738664 0 
0.113685 0.238617 0.00488666 0.126421 -0.641026 -0.757036 0 
0.113631 0.238651 0.00522714 0.0850696 -0.58972 -0.803115 0 
0.113481 0.238731 0.00496032 0.0850696 -0.58972 -0.803115 0 
0.113236 0.238504 0.00517906 0.0916796 -0.609742 -0.78728 0 
0.113165 0.239914 0.00455715 0.149267 -0.658884 -0.737287 0 
0.113192 0.239719 0.00493326 0.126421 -0.641026 -0.757036 0 
0.11386 0.238853 0.00459724 0.19962 -0.731939 -0.651473 0 
0.113393 0.238869 0.00463888 0.116832 -0.637399 -0.761625 0 
0.112745 0.23945 0.00506529 0.0727791 -0.575098 -0.814841 0 
0.111955 0.239156 0.00496919 -0.360898 0.14631 -0.921057 0 
0.113209 0.238698 0.00480293 0.0760701 -0.584161 -0.808065 0 
0.112902 0.238413 0.00507635 0.0487901 -0.539479 -0.840584 0 
0.110345 0.238207 0.00674672 -0.671483 0.725806 -0.149386 0 
0.112724 0.238489 0.0056866 0.0487488 -0.536237 -0.842658 0 
0.111869 0.238627 0.00541962 -0.333625 0.0345129 -0.942074 0 
0.112073 0.238335 0.00589227 -0.140046 -0.353582 -0.92486 0 
0.111835 0.238553 0.00530405 -0.358961 0.0900763 -0.928996 0 
0.112657 0.238185 0.00529506 0.0258011 -0.501084 -0.865014 0 
0.112554 0.237964 0.00494837 0.0491742 -0.563396 -0.824722 0 
0.11258 0.237769 0.00532452 0.0204217 -0.515989 -0.856352 0 
0.112334 0.237875 0.00515731 -0.0965642 -0.371296 -0.92348 0 
0.112281 0.23793 0.00479097 -0.250646 -0.101544 -0.962738 0 
0.112097 0.237759 0.004955 -0.245 -0.152297 -0.957487 0 
0.111934 0.238195 0.00559048 -0.266427 -0.151288 -0.951908 0 
0.111809 0.238236 0.00586025 -0.339097 -0.061535 -0.938737 0 
0.111811 0.238081 0.00569984 -0.326332 -0.0747024 -0.942299 0 
0.111494 0.238016 0.00600825 -0.345874 -0.109866 -0.931826 0 
0.111672 0.237763 0.00594442 -0.276086 -0.203943 -0.939247 0 
0.110973 0.238244 0.00584404 -0.348362 -0.107084 -0.931223 0 
0.111985 0.237425 0.00502933 -0.308999 -0.102116 -0.945564 0 
0.112232 0.237319 0.00519658 -0.26056 -0.156336 -0.952716 0 
0.111898 0.237229 0.00509385 -0.296474 -0.14756 -0.943573 0 
0.111714 0.237058 0.00525787 -0.307649 -0.166931 -0.936742 0 
0.111443 0.237739 0.00602794 -0.320882 -0.168081 -0.932086 0 
0.11132 0.237625 0.0061373 -0.637836 0.769609 -0.0294386 0 
0.110713 0.237657 0.00603754 -0.66386 0.738118 -0.120297 0 
0.110925 0.237478 0.00608923 -0.66386 0.738118 -0.120297 0 
0.11052 0.237551 0.00607622 -0.675283 0.720807 -0.156301 0 
0.110309 0.237575 0.00586412 -0.678405 0.717865 -0.156322 0 
0.111104 0.237402 0.00547897 -0.238352 -0.272201 -0.932253 0 
0.110669 0.23747 0.00634298 -0.675283 0.720807 -0.156301 0 
0.110125 0.237404 0.00602817 0.174342 0.358605 0.917065 0 
0.110063 0.237347 0.00608285 0.170702 0.356922 0.918405 0 
0.110223 0.237046 0.00631455 0.170702 0.356922 0.918405 0 
0.110029 0.237095 0.00651361 0.296563 0.231291 0.926582 0 
0.110048 0.236987 0.00605761 0.277479 0.254711 0.926352 0 
0.109967 0.237038 0.0065683 0.291555 0.240355 0.925865 0 
0.109599 0.236697 0.00689639 0.41202 0.0607898 0.909145 0 
0.109265 0.236606 0.00679365 0.391707 0.0887142 0.915803 0 
0.10902 0.236379 0.0070124 0.375935 0.0821936 0.922994 0 
0.109108 0.236241 0.00733384 0.377545 0.0738968 0.923038 0 
0.109904 0.236423 0.00585598 0.27517 0.260913 0.925314 0 
0.109719 0.236252 0.00602002 0.422152 0.0526005 0.904998 0 
0.109068 0.236098 0.00622571 0.386577 0.0854538 0.91829 0 
0.108691 0.235821 0.00642844 0.35886 0.12237 0.925335 0 
0.10863 0.235764 0.00648309 0.352253 0.121987 0.927921 0 
0.108992 0.235681 0.00625518 0.366393 0.102154 0.924836 0 
0.108702 0.2356 0.00639339 0.354768 0.119169 0.927329 0 
0.108529 0.235923 0.00744984 0.343273 0.115329 0.932128 0 
0.10782 0.235577 0.00684302 0.325394 0.0829952 0.941929 0 
0.108446 0.235593 0.00664715 0.343273 0.115329 0.932128 0 
0.108518 0.235429 0.00655745 0.343273 0.115329 0.932128 0 
0.108332 0.235414 0.00688186 0.329165 0.0946183 0.93952 0 
0.108085 0.23552 0.00671466 0.329165 0.0946183 0.93952 0 
0.107864 0.235764 0.00653759 0.328079 0.105789 0.938708 0 
0.107636 0.235406 0.00700704 0.315934 0.0825885 0.94518 0 
0.107175 0.23567 0.00749492 0.281186 0.134596 0.950168 0 
0.107829 0.235513 0.00696841 0.325394 0.0829952 0.941929 0 
0.105762 0.236095 0.00781537 0.281043 0.149262 0.948017 0 
0.106728 0.236292 0.00800799 0.273675 0.128244 0.953234 0 
0.106456 0.236259 0.00785058 0.288076 0.0951564 0.952868 0 
0.106483 0.236064 0.0082267 0.286211 0.143777 0.947318 0 
0.106239 0.235858 0.00773868 0.277895 0.182069 0.9432 0 
0.106019 0.235769 0.00794758 0.303258 0.107266 0.946852 0 
0.105477 0.236261 0.00839978 0.359599 0.0191957 0.932909 0 
0.105835 0.235598 0.0081116 0.319267 0.105532 0.94177 0 
0.10557 0.235656 0.00823998 0.366309 0.00893437 0.93045 0 
0.105795 0.2351 0.00809623 0.327406 0.12906 0.936028 0 
0.106651 0.234984 0.0076564 0.328198 0.0476209 0.943408 0 
0.106786 0.234544 0.00789796 0.328916 0.0585028 0.942545 0 
0.106814 0.234194 0.00811368 0.359615 0.016637 0.932952 0 
0.10647 0.234324 0.00804598 0.34605 0.0895188 0.933935 0 
0.106437 0.234095 0.00777002 0.353958 0.0509385 0.933873 0 
0.106356 0.234146 0.00828068 0.306787 0.181851 0.934244 0 
0.106394 0.233908 0.00807541 0.333515 0.114772 0.935732 0 
0.106172 0.233975 0.00844474 0.310749 0.185335 0.932248 0 
0.105988 0.233804 0.0086088 0.342861 0.136318 0.929443 0 
0.106026 0.233566 0.00840349 0.337327 0.154088 0.928691 0 
0.106271 0.233794 0.00818478 0.283716 0.232902 0.930194 0 
0.105005 0.233403 0.00855134 0.540796 -0.130436 0.830979 0 
0.105903 0.233452 0.00851285 0.388431 0.0573971 0.919688 0 
0.105472 0.233387 0.00850968 0.524911 -0.17497 0.832979 0 
0.10542 0.233443 0.00814337 0.491184 -0.119555 0.862812 0 
0.105236 0.233272 0.00830741 0.488474 -0.0769802 0.869176 0 
0.104875 0.233198 0.00837491 0.593612 -0.177628 0.784903 0 
0.105495 0.234192 0.00772797 0.372769 0.0793985 0.924521 0 
0.105346 0.233939 0.00784713 0.488023 -0.110199 0.865847 0 
0.105244 0.233718 0.00750048 0.524143 -0.168741 0.834746 0 
0.105162 0.233769 0.00801118 0.524911 -0.17497 0.832979 0 
0.105059 0.233547 0.00766452 0.480885 -0.0564936 0.874962 0 
0.104978 0.233598 0.00817519 0.51283 -0.0985663 0.852813 0 
0.104583 0.23345 0.0081272 0.505777 -0.00670792 0.862638 0 
0.104345 0.233491 0.0080853 0.504937 -0.00942548 0.863105 0 
0.103408 0.233835 0.00848945 0.530691 -0.0401829 0.846612 0 
0.104691 0.233028 0.00853895 0.610433 -0.240093 0.754803 0 
0.104363 0.233361 0.0083361 0.504937 -0.00942548 0.863105 0 
0.104179 0.233191 0.00850012 0.573514 -0.174021 0.800499 0 
0.103694 0.233336 0.008291 0.572127 -0.173601 0.801582 0 
0.104269 0.233075 0.00811476 0.572127 -0.173601 0.801582 0 
0.104472 0.232783 0.00858746 0.65866 -0.312337 0.684553 0 
0.104472 0.232783 0.00858746 0.65866 -0.312337 0.684553 0 
0.104013 0.233067 0.00836852 0.574599 -0.177383 0.798981 0 
0.104281 0.232521 0.00846572 0.666831 -0.290835 0.686113 0 
0.103299 0.233189 0.00824297 0.591673 -0.214733 0.777054 0 
0.103937 0.232651 0.00839798 0.607005 -0.232503 0.759926 0 
0.104185 0.23239 0.00840482 0.672467 -0.287283 0.682097 0 
0.103726 0.232675 0.00818595 0.608446 -0.233055 0.758603 0 
0.0987876 0.230736 0.00976832 -0.0709287 -0.969359 0.235185 0 
0.0978698 0.230618 0.0108092 0.0813449 -0.287935 0.954189 0 
0.0982294 0.2298 0.0103606 0.0327593 -0.132167 0.990686 0 
0.0987042 0.230229 0.00951199 -0.0810475 -0.991976 0.0970287 0 
0.0982373 0.230245 0.00955366 0.0354239 -0.988441 -0.147409 0 
0.0974691 0.230224 0.0103149 0.0996447 -0.183297 0.977994 0 
0.0975559 0.230419 0.0102504 0.0996447 -0.183297 0.977994 0 
0.0972315 0.230442 0.00972672 0.0996447 -0.183297 0.977994 0 
0.0970531 0.230518 0.0103369 0.616596 -0.716935 0.325291 0 
0.0979482 0.229831 0.0100778 0.0522284 -0.1474 0.987697 0 
0.0970164 0.229885 0.00945438 0.557715 -0.827348 -0.0666988 0 
0.0975265 0.229878 0.00965363 0.103164 -0.158993 0.981875 0 
0.0973008 0.229542 0.00941633 0.557715 -0.827348 -0.0666988 0 
0.0979264 0.229558 0.00922044 0.0965678 -0.214456 0.971948 0 
0.097771 0.229214 0.00905387 0.128568 -0.274366 0.952992 0 
0.0976236 0.229676 0.0101005 0.103164 -0.158993 0.981875 0 
0.0969762 0.229387 0.00943895 0.37006 -0.626635 0.685845 0 
0.0967887 0.229528 0.00992382 0.263321 -0.342759 0.901764 0 
0.0973473 0.22924 0.00933642 0.553473 -0.78184 0.287045 0 
0.0966019 0.230024 0.00931598 0.222673 -0.399632 0.889219 0 
0.0963026 0.230007 0.00932879 0.592297 -0.757442 -0.274712 0 
0.0964897 0.229689 0.00939029 0.593947 -0.758669 -0.267672 0 
0.0958463 0.228401 0.00988663 -0.634102 0.760023 0.142411 0 
0.0955593 0.228008 0.00970403 -0.643187 0.75164 0.14611 0 
0.0953752 0.227837 0.00986806 -0.646979 0.749054 0.142606 0 
0.0949667 0.228399 0.0096295 -0.641566 0.763218 0.0767562 0 
0.0955012 0.227639 0.00943788 -0.646683 0.746638 0.155991 0 
0.0948991 0.227741 0.0103307 -0.625851 0.776171 0.0766053 0 
0.0950251 0.227543 0.00990052 -0.646567 0.743932 0.168868 0 
0.0947707 0.22738 0.0099939 -0.655917 0.745157 0.120475 0 
0.0942481 0.227586 0.0105365 -0.668528 0.743581 -0.0125088 0 
0.0944101 0.227307 0.0100614 -0.677445 0.734254 0.0440269 0 
0.0941916 0.227062 0.0101099 -0.68806 0.724794 0.0353213 0 
0.0938402 0.227101 0.0097564 -0.710585 0.702041 0.0469926 0 
0.0953171 0.227469 0.00960191 -0.642757 0.744002 0.182549 0 
0.0945806 0.226785 0.010258 -0.684918 0.727459 0.0411234 0 
0.0939716 0.226973 0.0103188 -0.68463 0.728889 0.00138309 0 
0.093638 0.226883 0.010216 -0.678782 0.734307 -0.00694052 0 
0.0930391 0.226673 0.0107881 -0.46679 0.883227 -0.0449098 0 
0.0928296 0.226363 0.0109619 -0.417262 0.907846 -0.0413263 0 
0.0931696 0.228634 0.00932051 -0.689995 0.723585 -0.0181946 0 
0.0940665 0.227792 0.00890102 -0.68854 0.718027 0.101733 0 
0.0941549 0.227832 0.00867606 -0.65576 0.75291 0.0557182 0 
0.0935131 0.22779 0.00846078 -0.732718 0.678231 0.0559218 0 
0.0931976 0.227748 0.00806248 -0.712231 0.700903 0.0382311 0 
0.0941793 0.227079 0.00828518 -0.729462 0.68035 0.0707795 0 
0.0939398 0.227276 0.00840371 -0.729462 0.68035 0.0707795 0 
0.0934729 0.227292 0.00844539 -0.742831 0.664332 0.0828598 0 
0.093723 0.226875 0.00829178 -0.742831 0.664332 0.0828598 0 
0.0940777 0.226524 0.00832442 -0.760243 0.643953 0.0857635 0 
0.09353 0.226769 0.00833046 -0.746086 0.662386 0.067826 0 
0.0940269 0.226247 0.00834411 -0.760243 0.643953 0.0857635 0 
0.0937725 0.226084 0.00843744 -0.7389 0.665158 0.107664 0 
0.0937441 0.226434 0.00822171 -0.760243 0.643953 0.0857635 0 
0.0936319 0.226099 0.00829604 -0.746086 0.662386 0.067826 0 
0.0934211 0.226123 0.00808394 -0.750363 0.659924 0.0381541 0 
0.093463 0.226824 0.00995909 -0.68747 0.726201 0.00414972 0 
0.0927107 0.226292 0.00965773 -0.536308 0.84277 -0.0459693 0 
0.0925999 0.225625 0.010118 -0.432572 0.90108 -0.0306128 0 
0.0928411 0.225272 0.00983902 -0.500875 0.865392 -0.0148507 0 
0.0920267 0.225731 0.0101338 -0.361616 0.913332 -0.18724 0 
0.0926283 0.225274 0.0103337 -0.42472 0.904372 -0.0415341 0 
0.0927246 0.224358 0.00985308 -0.394665 0.14853 -0.90674 0 
0.0925045 0.224269 0.010062 -0.341904 0.23715 -0.909319 0 
0.091806 0.224928 0.00941529 -0.444221 0.447475 -0.776166 0 
0.0922918 0.224271 0.0105567 -0.351797 0.559309 -0.750608 0 
0.0914285 0.224473 0.0101643 -0.325632 0.190304 -0.926147 0 
0.0912395 0.22477 0.0108096 -0.183808 0.39801 -0.898778 0 
0.092102 0.223853 0.0102745 -0.337848 0.103643 -0.935477 0 
