0.115571 0.241694 -0.0011905 0.114171 -0.845444 -0.521718 2 
0.115705 0.24181 -0.000909671 0.111317 -0.845719 -0.521888 2 
0.116574 0.241446 -0.000604734 0.0604609 -0.842234 -0.535711 2 
0.116099 0.242073 -0.000635892 0.0865539 -0.852769 -0.515067 2 
0.115808 0.241713 -0.00056304 0.127332 -0.835708 -0.534209 2 
0.116118 0.242061 -0.000212222 0.0865539 -0.852769 -0.515067 2 
0.116412 0.241609 -0.00030949 0.0604609 -0.842234 -0.535711 2 
0.115052 0.241568 -0.000321694 0.153723 -0.816375 -0.556687 2 
0.115723 0.241797 -0.000486016 0.127332 -0.835708 -0.534209 2 
0.115518 0.241757 -0.00040736 0.149692 -0.83146 -0.535039 2 
0.116177 0.241762 -8.21576e-005 0.102637 -0.828323 -0.55077 2 
0.115754 0.24169 -0.000207298 0.149955 -0.82104 -0.550824 2 
0.116007 0.241525 -1.09524e-005 0.106074 -0.818076 -0.565243 2 
0.115524 0.241753 -0.000266127 0.143432 -0.829538 -0.539717 2 
0.115325 0.241708 -4.62607e-005 0.150191 -0.816383 -0.557639 2 
0.115523 0.241434 7.84397e-005 0.134802 -0.81029 -0.570314 2 
0.115609 0.241755 8.42437e-005 0.137416 -0.823019 -0.551142 2 
0.115741 0.241466 0.000282228 0.132183 -0.794581 -0.592594 2 
0.114756 0.241616 -0.000307247 0.150556 -0.815388 -0.558995 2 
0.114995 0.240737 -0.000131577 0.148296 -0.792411 -0.591687 2 
0.115542 0.241422 0.000502102 0.145576 -0.775906 -0.613822 2 
0.115484 0.240505 0.000264838 0.120322 -0.735303 -0.666972 2 
0.115178 0.241051 0.000507034 0.139361 -0.765737 -0.627874 2 
0.11608 0.240001 0.000294343 0.136748 -0.716799 -0.683739 2 
0.115603 0.240225 0.000180379 0.120269 -0.740918 -0.660739 2 
0.116557 0.24163 -0.000173643 0.0604609 -0.842234 -0.535711 2 
0.117215 0.240015 -3.8445e-005 0.189753 -0.686504 -0.701931 2 
0.116358 0.241586 4.62383e-005 0.100299 -0.812566 -0.574175 2 
0.116412 0.241376 0.000462458 0.110151 -0.782806 -0.612439 2 
0.116749 0.241128 0.000581801 0.101206 -0.772981 -0.626305 2 
0.116675 0.240713 0.000431061 0.130011 -0.748683 -0.650054 2 
0.116265 0.240952 0.000243798 0.129545 -0.760893 -0.635815 2 
0.115956 0.24069 0.00032039 0.126567 -0.763871 -0.632837 2 
0.115973 0.240591 0.000316665 0.12968 -0.75274 -0.645419 2 
0.116338 0.241048 0.000739127 0.139642 -0.725239 -0.674187 2 
0.116608 0.240699 0.00050436 0.162985 -0.702206 -0.693067 2 
0.115915 0.240976 0.00061398 0.123304 -0.768051 -0.628406 2 
0.116967 0.239858 0.000250995 0.301582 -0.464092 -0.832866 2 
0.11639 0.240349 0.000645131 0.16923 -0.681495 -0.711987 2 
0.11673 0.239521 -3.19034e-005 0.225621 -0.608398 -0.760886 2 
0.112437 0.239941 0.000665292 0.0828479 -0.640981 -0.763073 2 
0.112438 0.240027 0.00109265 0.185978 -0.702413 -0.687043 2 
0.112487 0.240226 0.00145049 0.185978 -0.702413 -0.687043 2 
0.112673 0.23996 0.00129272 0.111012 -0.661634 -0.741563 2 
0.112541 0.239931 0.00143931 0.809173 -0.506325 0.298117 2 
0.112484 0.239651 0.000512898 0.0828479 -0.640981 -0.763073 2 
0.112291 0.239602 0.000874013 0.820984 -0.385878 0.420814 2 
0.112774 0.239693 0.000784613 0.104611 -0.649765 -0.752902 2 
0.112575 0.239648 0.00100449 0.800384 -0.463549 0.380142 2 
0.112594 0.239636 0.00142816 0.811198 -0.388799 0.436799 2 
0.112237 0.239579 0.00122973 0.836761 -0.502664 0.217163 2 
0.112104 0.23955 0.00137632 0.801942 -0.591738 0.0820659 2 
0.11254 0.239613 0.00178389 0.823761 -0.372994 0.426959 2 
0.112375 0.239286 0.00156894 0.80895 -0.580303 0.094064 2 
0.112123 0.239537 0.00179998 0.793512 -0.605463 0.0612586 2 
0.108417 0.236272 0.00597239 -0.516807 0.85592 -0.0176339 2 
0.108218 0.236227 0.00619227 -0.535167 0.844497 -0.0205307 2 
0.108085 0.236198 0.00633886 -0.562351 0.82617 -0.034713 2 
0.108436 0.236259 0.00639606 -0.535167 0.844497 -0.0205307 2 
0.108237 0.236215 0.00661594 -0.575896 0.814786 -0.0668324 2 
0.108356 0.235934 0.00653148 -0.57031 0.819378 -0.0580216 2 
0.108976 0.235561 0.00592653 -0.513619 0.857838 -0.0176175 2 
0.108843 0.235531 0.00607312 -0.52875 0.84846 -0.0232268 2 
0.108445 0.235443 0.00651288 -0.575896 0.814786 -0.0668324 2 
0.108888 0.23582 0.00671711 -0.545571 0.837097 -0.0402584 2 
0.108792 0.235997 0.00693905 -0.560594 0.826064 -0.0578951 2 
0.10861 0.235769 0.00672782 -0.575896 0.814786 -0.0668324 2 
0.108795 0.235504 0.00657009 -0.564539 0.823579 -0.0549052 2 
0.108165 0.23629 0.0069754 -0.582808 0.809058 -0.0758939 2 
0.107669 0.236208 0.00678235 -0.600188 0.795932 -0.0791614 2 
0.107434 0.23636 0.00700967 -0.604336 0.790733 -0.0975674 2 
0.107782 0.235932 0.00655666 -0.588908 0.805649 -0.0641667 2 
0.108037 0.236171 0.00683582 -0.587834 0.804481 -0.0852143 2 
0.107905 0.236141 0.00698239 -0.600188 0.795932 -0.0791614 2 
0.107983 0.236147 0.00719156 -0.615061 0.780257 -0.113572 2 
0.108085 0.235965 0.00711082 -0.615061 0.780257 -0.113572 2 
0.107639 0.236082 0.00727557 -0.604783 0.792424 -0.0793867 2 
0.107692 0.235787 0.00726442 -0.606705 0.793384 -0.0494981 2 
0.107727 0.23559 0.00725698 -0.606788 0.793492 -0.046676 2 
0.107251 0.235814 0.00714301 -0.605789 0.795185 -0.0264598 2 
0.107341 0.235726 0.00720721 -0.605831 0.795241 -0.0236762 2 
0.106924 0.23565 0.00722332 -0.611542 0.790666 -0.0293876 2 
0.107142 0.235682 0.0074271 -0.635161 0.76827 -0.079576 2 
0.108179 0.235384 0.00680605 -0.587024 0.807688 -0.0551661 2 
0.108209 0.235277 0.00708477 -0.599205 0.798466 -0.0583549 2 
0.107798 0.235197 0.00724208 -0.605831 0.795241 -0.0236762 2 
0.106959 0.235136 0.00756045 -0.64742 0.759391 -0.0645985 2 
0.108436 0.236026 0.00716803 -0.580357 0.811359 -0.069871 2 
0.108255 0.236202 0.00703959 -0.582808 0.809058 -0.0758939 2 
0.108308 0.235907 0.00702844 -0.587834 0.804481 -0.0852143 2 
0.108176 0.235878 0.00717501 -0.615061 0.780257 -0.113572 2 
0.103582 0.233135 0.00941949 -0.406713 0.913481 0.0116946 2 
0.103383 0.233091 0.00963937 -0.379846 0.922099 0.0738216 2 
0.103098 0.233045 0.00950889 -0.388953 0.919947 0.049117 2 
0.103263 0.233372 0.00972383 -0.379846 0.922099 0.0738216 2 
0.103583 0.233221 0.00984689 -0.366274 0.925822 0.093258 2 
0.102991 0.233317 0.00987577 -0.350055 0.931228 0.101367 2 
0.103117 0.233032 0.00993254 -0.342512 0.93277 0.112366 2 
0.103202 0.233034 0.0102829 -0.302995 0.943998 0.130624 2 
0.102897 0.23358 0.0105251 -0.325464 0.942132 0.0803777 2 
0.10295 0.233285 0.010514 -0.28756 0.950141 0.12059 2 
0.1029 0.233086 0.0101561 -0.319176 0.941502 0.108173 2 
0.102428 0.230849 0.00791487 0.0264043 0.998083 -0.0559771 2 
0.10363 0.231629 0.00915991 -0.366091 0.930103 0.029753 2 
0.103604 0.232629 0.00947418 -0.384641 0.920727 0.0656705 2 
0.103654 0.232828 0.00983201 -0.339001 0.932593 0.123892 2 
0.10384 0.232562 0.00967425 -0.366274 0.925822 0.093258 2 
0.103037 0.232708 0.010068 -0.297119 0.945136 0.135788 2 
0.103315 0.232758 0.0100572 -0.29527 0.94296 0.153758 2 
0.103398 0.231287 0.00901824 -0.351181 0.936056 -0.0217093 2 
0.102588 0.232335 0.00972254 -0.254733 0.960745 0.10991 2 
0.104798 0.233327 0.0101506 -0.182809 0.949252 0.255932 2 
0.103999 0.232979 0.0101754 -0.314733 0.938749 0.140335 2 
0.104182 0.233207 0.0103866 -0.274993 0.946898 0.166622 2 
0.104399 0.233238 0.0105904 -0.168647 0.963509 0.207867 2 
0.104242 0.232993 0.010944 -0.129197 0.968336 0.213622 2 
0.103383 0.232859 0.0104113 -0.311766 0.943327 0.113734 2 
0.103221 0.233022 0.0107066 -0.241378 0.958917 0.149048 2 
0.103401 0.232846 0.010835 -0.210459 0.963404 0.166014 2 
0.103083 0.2334 0.0107948 -0.278795 0.954186 0.108638 2 
0.102849 0.233553 0.0110221 -0.0939469 0.979732 0.176913 2 
0.103047 0.233279 0.0111468 -0.0371257 0.976047 0.214371 2 
0.103004 0.233076 0.0109302 -0.194298 0.968918 0.153122 2 
0.103385 0.23303 0.0112661 -0.0751631 0.974656 0.210703 2 
0.102848 0.233235 0.0113666 0.0128629 0.978753 0.204638 2 
0.10444 0.232952 0.0102968 -0.270292 0.946701 0.175214 2 
0.10384 0.232648 0.0101016 -0.304901 0.939315 0.157236 2 
0.104058 0.232679 0.0103054 -0.273063 0.946889 0.169815 2 
0.103533 0.23279 0.010261 -0.302944 0.941434 0.148076 2 
0.103751 0.232821 0.0104648 -0.278451 0.948346 0.152004 2 
0.103859 0.232635 0.0105253 -0.264281 0.951142 0.159642 2 
0.103872 0.232627 0.0108077 -0.212212 0.960886 0.177942 2 
0.103962 0.232539 0.010872 -0.192736 0.963679 0.184869 2 
0.104475 0.232437 0.0106339 -0.220708 0.9564 0.19128 2 
0.104803 0.233004 0.0106364 -0.132007 0.960645 0.244409 2 
0.104639 0.232763 0.0108488 -0.124735 0.96573 0.227609 2 
0.104108 0.232878 0.0106632 -0.247089 0.954965 0.164281 2 
0.104566 0.232435 0.0111255 -0.0973002 0.969211 0.226191 2 
0.103407 0.232756 0.0105488 -0.255866 0.955851 0.144505 2 
0.103744 0.232507 0.0106682 -0.194952 0.964294 0.179251 2 
0.103527 0.232561 0.0108918 -0.177361 0.967069 0.182539 2 
0.10369 0.232484 0.0110239 -0.158537 0.96798 0.194627 2 
0.10311 0.232486 0.0109079 -0.143048 0.973487 0.178494 2 
0.103497 0.232436 0.011385 -0.00351835 0.974582 0.224001 2 
0.104107 0.23256 0.0110078 -0.196952 0.960965 0.194308 2 
0.103798 0.232298 0.0110844 -0.153045 0.968431 0.196773 2 
0.102875 0.232638 0.0111352 -0.0866078 0.979523 0.181754 2 
0.102886 0.23283 0.0141853 -0.295937 -0.932692 -0.206174 2 
0.103333 0.232713 0.0140205 -0.242968 -0.945791 -0.215514 2 
0.10308 0.232964 0.0142516 -0.295937 -0.932692 -0.206174 2 
0.103351 0.2327 0.0144442 -0.16536 -0.964815 -0.204421 2 
0.103152 0.232656 0.0146641 -0.175475 -0.965764 -0.191073 2 
0.10331 0.232669 0.0150824 -0.11503 -0.978371 -0.171926 2 
0.103314 0.231424 0.0130622 0.225371 -0.941583 -0.250259 2 
0.103606 0.23187 0.0134168 -0.0205084 -0.96872 -0.247307 2 
0.104367 0.231693 0.0136613 -0.0904572 -0.975203 -0.20198 2 
0.104638 0.231429 0.0138539 -0.0671598 -0.975648 -0.208806 2 
0.103981 0.231828 0.0136115 0.0131793 -0.969278 -0.245614 2 
0.103824 0.231902 0.0136206 0.00118923 -0.969226 -0.246171 2 
0.103909 0.231904 0.013971 0.0860547 -0.959445 -0.268439 2 
0.10304 0.232267 0.013666 0.0132704 -0.96633 -0.256964 2 
0.103168 0.232387 0.0138056 0.0257152 -0.963706 -0.265723 2 
0.103275 0.232115 0.0134387 -0.00118853 -0.968656 -0.248404 2 
0.103511 0.232048 0.0136387 0.00359436 -0.966882 -0.255199 2 
0.103294 0.232102 0.0138624 0.0060453 -0.963621 -0.267202 2 
0.102788 0.232518 0.013897 0.114258 -0.95478 -0.274483 2 
0.102986 0.232244 0.0140217 0.200287 -0.931403 -0.303931 2 
0.10311 0.231788 0.0132237 0.258169 -0.932512 -0.252526 2 
0.103621 0.232351 0.0142094 -0.128947 -0.969018 -0.210656 2 
0.103694 0.232362 0.0142774 -0.0885767 -0.971848 -0.218323 2 
0.103807 0.232086 0.0140517 0.0777685 -0.959995 -0.269002 2 
0.103965 0.232098 0.01447 -0.0826345 -0.975581 -0.203503 2 
0.103204 0.232275 0.0142255 0.0677794 -0.955306 -0.287743 2 
0.103312 0.232089 0.014286 0.075837 -0.955033 -0.286638 2 
0.103495 0.232318 0.0144973 0.0207569 -0.963363 -0.267397 2 
0.103556 0.232422 0.0147101 -0.0827919 -0.974967 -0.206362 2 
0.10359 0.23214 0.0142753 0.0755758 -0.956866 -0.280527 2 
0.103675 0.232142 0.0146257 0.0356537 -0.965109 -0.259411 2 
0.103766 0.232054 0.0146899 0.0255829 -0.96606 -0.257048 2 
0.103764 0.231883 0.0138351 0.03314 -0.965969 -0.256528 2 
0.103949 0.231299 0.0140219 0.14454 -0.94424 -0.295835 2 
0.103317 0.231681 0.0143444 0.399215 -0.819106 -0.411939 2 
0.103987 0.231592 0.0145247 0.116669 -0.94274 -0.312459 2 
0.10306 0.23234 0.0145171 0.107812 -0.943685 -0.312787 2 
0.103429 0.232388 0.0149979 -0.0890284 -0.979313 -0.181716 2 
0.103111 0.231641 0.0144231 0.450863 -0.779652 -0.434587 2 
0.103184 0.231652 0.014491 0.4603 -0.764983 -0.450472 2 
0.103529 0.231803 0.0148344 0.209757 -0.893301 -0.397512 2 
0.102655 0.230954 0.014281 0.656013 -0.656013 -0.373221 2 
0.104495 0.231898 0.0142282 -0.0699234 -0.975247 -0.20977 2 
0.104603 0.231712 0.0142887 -0.0747381 -0.976497 -0.202161 2 
0.104669 0.231408 0.01456 -0.100472 -0.976187 -0.19226 2 
0.103845 0.23206 0.014899 -0.103782 -0.980433 -0.167272 2 
0.104363 0.231868 0.0143748 -0.0699234 -0.975247 -0.20977 2 
0.104471 0.231682 0.0144353 -0.0745963 -0.977089 -0.199331 2 
0.104146 0.231923 0.0145984 -0.0697565 -0.975367 -0.209269 2 
0.104332 0.231657 0.0144406 0.0132558 -0.967673 -0.25186 2 
0.104507 0.231571 0.0148553 -0.105272 -0.977172 -0.184536 2 
0.104652 0.231592 0.0149911 -0.5591 -0.502015 0.659839 2 
0.104079 0.231908 0.0146717 -0.0674111 -0.974397 -0.21449 2 
0.103946 0.231878 0.0148183 0.0310902 -0.958822 -0.282299 2 
0.104019 0.231889 0.0148862 -0.0862706 -0.980569 -0.176187 2 
0.103933 0.231569 0.0148804 0.300406 -0.780421 -0.548361 2 
0.103806 0.231449 0.0147408 0.313391 -0.817337 -0.483473 2 
0.104661 0.23231 0.0148706 -0.00356154 -0.969926 -0.243372 2 
0.105216 0.232093 0.0151937 0.052126 -0.975848 -0.212141 2 
0.104196 0.230905 0.014849 0.493802 -0.34678 -0.797435 2 
0.104705 0.231297 0.0149799 -0.398064 -0.867811 0.297404 2 
0.103694 0.232129 0.0150493 -0.124371 -0.984102 -0.126786 2 
0.103747 0.231834 0.0150381 -0.323762 -0.916606 0.234547 2 
0.103818 0.231441 0.0150233 0.522193 -0.260317 -0.812127 2 
0.104091 0.231581 0.0152987 0.490445 -0.275584 -0.826751 2 
0.103619 0.231397 0.0152431 0.473983 -0.337654 -0.813222 2 
0.117708 0.240909 0.000179008 0.129687 -0.767687 -0.627565 1 
0.118873 0.240265 0.00124145 0.581406 0.0179531 -0.813416 1 
0.11889 0.239848 0.00158231 0.581409 0.0464564 -0.812284 1 
0.118943 0.239553 0.00157115 0.585839 0.0377509 -0.809548 1 
0.119033 0.240767 0.00216997 0.592821 0.0582869 -0.803222 1 
0.119219 0.240502 0.00201221 0.594143 0.0465718 -0.80301 1 
0.119055 0.240175 0.00179725 0.585839 0.0377509 -0.809548 1 
0.12045 0.239787 0.00257398 0.608648 0.0437775 -0.792231 1 
0.119883 0.240098 0.00239581 0.603545 0.0642069 -0.794739 1 
0.119701 0.239956 0.00261197 0.603545 0.0642069 -0.794739 1 
0.120264 0.240052 0.00273173 0.608648 0.0437775 -0.792231 1 
0.120311 0.241063 0.00311394 0.608648 0.0437775 -0.792231 1 
0.12056 0.241306 0.00325188 0.593369 0.0672008 -0.802121 1 
0.120341 0.240956 0.00339267 0.59658 0.0672404 -0.799732 1 
0.120527 0.240691 0.00323492 0.59658 0.0672404 -0.799732 1 
0.120865 0.240528 0.00378164 0.593369 0.0672008 -0.802121 1 
0.1213 0.240505 0.00376184 0.569256 0.0433586 -0.821016 1 
0.121122 0.239869 0.00360901 0.593369 0.0672008 -0.802121 1 
0.121042 0.239544 0.00374443 0.593369 0.0672008 -0.802121 1 
0.121296 0.239697 0.00359619 0.593369 0.0672008 -0.802121 1 
0.117477 0.240335 0.00080929 0.474921 -0.153436 -0.866549 1 
0.117331 0.239996 0.00101801 0.443815 -0.16734 -0.880355 1 
0.117966 0.240103 0.00120573 0.544627 -0.066487 -0.836039 1 
0.117851 0.239975 0.00134858 0.544627 -0.066487 -0.836039 1 
0.118673 0.239903 0.00180592 0.576963 0.0435179 -0.81561 1 
0.118891 0.239934 0.0020097 0.582083 0.0406757 -0.812111 1 
0.118799 0.239618 0.00186267 0.582083 0.0406757 -0.812111 1 
0.118997 0.239344 0.00198738 0.583735 0.0912539 -0.8068 1 
0.118599 0.239574 0.00208256 0.581409 0.0464564 -0.812284 1 
0.118617 0.239475 0.00207883 0.585898 0.0349581 -0.80963 1 
0.118683 0.239172 0.00235012 0.581165 0.087968 -0.809017 1 
0.118864 0.239314 0.00213397 0.581165 0.087968 -0.809017 1 
0.119172 0.239258 0.00240195 0.597706 0.0731008 -0.798375 1 
0.119906 0.239677 0.0028779 0.608648 0.0437775 -0.792231 1 
0.120204 0.241335 0.00348084 0.593369 0.0672008 -0.802121 1 
0.120363 0.24045 0.00344737 0.59201 0.0670469 -0.803137 1 
0.120618 0.240688 0.0037265 0.593369 0.0672008 -0.802121 1 
0.120905 0.239923 0.00383262 0.593369 0.0672008 -0.802121 1 
0.118662 0.239013 0.00107168 0.590882 0.0349221 -0.806002 1 
0.118752 0.238925 0.00113589 0.589659 0.0292738 -0.807122 1 
0.120606 0.239481 0.00333685 0.593369 0.0672008 -0.802121 1 
0.121698 0.239059 0.00355944 0.593369 0.0672008 -0.802121 1 
0.121295 0.239293 0.0035134 0.593369 0.0672008 -0.802121 1 
0.121228 0.239278 0.00358669 0.593369 0.0672008 -0.802121 1 
0.121281 0.238983 0.00357553 0.593369 0.0672008 -0.802121 1 
0.121446 0.23931 0.00379048 0.593369 0.0672008 -0.802121 1 
0.12142 0.239009 0.00357016 0.593369 0.0672008 -0.802121 1 
0.121473 0.238714 0.00355899 0.593369 0.0672008 -0.802121 1 
0.121527 0.238419 0.00354782 0.584031 0.0789231 -0.807886 1 
0.121672 0.23844 0.0036837 0.570633 0.0697282 -0.818239 1 
0.11899 0.23903 0.00219073 0.589862 0.0822057 -0.803309 1 
0.119103 0.238754 0.00196505 0.597706 0.0731008 -0.798375 1 
0.119194 0.238666 0.00202926 0.601726 0.0643176 -0.796108 1 
0.118808 0.238887 0.00240688 0.593875 0.0762115 -0.80094 1 
0.11914 0.238643 0.00238499 0.607985 0.067236 -0.791096 1 
0.119901 0.238551 0.00305685 0.59201 0.0670469 -0.803137 1 
0.120184 0.238194 0.00310451 0.593369 0.0672008 -0.802121 1 
0.1197 0.238103 0.00319389 0.590037 0.0700044 -0.804336 1 
0.120448 0.23915 0.00326312 0.593369 0.0672008 -0.802121 1 
0.120501 0.238855 0.00325196 0.593369 0.0672008 -0.802121 1 
0.120772 0.238592 0.00344459 0.593369 0.0672008 -0.802121 1 
0.120825 0.238297 0.00343342 0.593369 0.0672008 -0.802121 1 
0.120806 0.237991 0.00335434 0.593369 0.0672008 -0.802121 1 
0.122089 0.238515 0.00366761 0.541348 0.0664317 -0.83817 1 
0.122036 0.23881 0.00367876 0.554839 0.0547816 -0.830152 1 
0.116857 0.252378 -0.0033351 0.14175 -0.786337 0.601316 1 
0.117038 0.252203 -0.00320668 0.0730582 -0.800775 0.594493 1 
0.115665 0.253068 -0.00304956 0.424946 -0.715959 0.553917 1 
0.115931 0.253212 -0.00291535 0.427897 -0.731886 0.530328 1 
0.116168 0.252248 -0.00316706 0.396492 -0.718949 0.570882 1 
0.116335 0.252978 -0.00286931 0.330885 -0.747316 0.576224 1 
0.11664 0.252432 -0.0031115 0.178105 -0.771788 0.610428 1 
0.116658 0.252334 -0.00311522 0.185291 -0.767198 0.614064 1 
0.116666 0.252734 -0.00289121 0.195031 -0.775516 0.600449 1 
0.113859 0.25216 -0.00377619 0.472877 -0.749684 0.462992 1 
0.114077 0.252192 -0.0035724 0.470451 -0.744469 0.473753 1 
0.115228 0.252687 -0.00311256 0.435362 -0.726707 0.531373 1 
0.114785 0.25231 -0.00331677 0.433108 -0.739413 0.515448 1 
0.115136 0.25237 -0.00325958 0.427944 -0.722052 0.543604 1 
0.114851 0.252006 -0.00304551 0.435362 -0.726707 0.531373 1 
0.113984 0.251557 -0.00337485 0.462269 -0.748514 0.47543 1 
0.113567 0.251482 -0.00335876 0.458337 -0.774768 0.435501 1 
0.113874 0.251254 -0.00394552 0.448875 -0.754703 0.478472 1 
0.11381 0.250427 -0.00389664 0.423074 -0.769375 0.478613 1 
0.112962 0.250199 -0.00457428 0.505042 -0.72693 0.465301 1 
0.113274 0.25095 -0.00414066 0.474046 -0.756178 0.451082 1 
0.113402 0.251155 -0.00357369 0.461412 -0.771194 0.438586 1 
0.113887 0.25003 -0.00377029 0.424984 -0.756438 0.497182 1 
0.113685 0.249729 -0.00483257 0.44548 -0.720385 0.531595 1 
0.113571 0.249772 -0.00383495 0.492684 -0.703118 0.512725 1 
0.113974 0.250754 -0.0036817 0.429084 -0.751308 0.50142 1 
0.114527 0.251349 -0.00333416 0.435844 -0.745047 0.504921 1 
0.114944 0.251424 -0.00335027 0.417779 -0.728224 0.543278 1 
0.11458 0.251054 -0.00334532 0.438514 -0.729753 0.524562 1 
0.114922 0.251698 -0.00263301 0.454172 -0.741539 0.493809 1 
0.11382 0.251231 -0.0035898 0.446927 -0.761249 0.469846 1 
0.113928 0.251045 -0.0035293 0.447349 -0.758691 0.473568 1 
0.115194 0.251753 -0.00278495 0.435362 -0.726707 0.531373 1 
0.119612 0.250211 -0.00550386 -0.328184 -0.745285 0.580384 1 
0.120016 0.249977 -0.00545782 -0.298184 -0.763798 0.57245 1 
0.119434 0.250876 -0.00512207 -0.348951 -0.559945 0.751462 1 
0.121227 0.252861 -0.00337133 -0.372816 -0.308905 0.874977 1 
0.121047 0.252805 -0.00272781 -0.297767 -0.294833 0.907969 1 
0.120986 0.252786 -0.00251329 -0.297767 -0.294833 0.907969 1 
0.122094 0.253396 -0.00261462 -0.458928 -0.149115 0.875871 1 
0.122165 0.253002 -0.00262949 -0.46117 -0.201482 0.864134 1 
0.122403 0.253339 -0.0023466 -0.411974 -0.159335 0.897156 1 
0.12153 0.252895 -0.00281718 -0.42605 -0.231711 0.874523 1 
0.121948 0.253056 -0.0024059 -0.462387 -0.168808 0.870461 1 
0.121284 0.253142 -0.00244491 -0.367088 -0.243251 0.897817 1 
0.121313 0.252949 -0.00259358 -0.386968 -0.255488 0.885992 1 
0.122131 0.253285 -0.00219466 -0.411974 -0.159335 0.897156 1 
0.120337 0.253585 -0.00253163 -0.245507 -0.357234 0.901171 1 
0.120906 0.253677 -0.00227065 -0.303619 -0.288951 0.907922 1 
0.119679 0.251527 -0.00504257 -0.333621 -0.509211 0.793348 1 
0.11953 0.251768 -0.00403749 -0.303355 -0.538416 0.786183 1 
0.120351 0.251609 -0.00400754 -0.304502 -0.457534 0.835429 1 
0.120495 0.251226 -0.00395449 -0.324752 -0.414875 0.84995 1 
0.12 0.251548 -0.00406474 -0.317041 -0.484237 0.815475 1 
0.120183 0.251776 -0.00385352 -0.299946 -0.485253 0.821317 1 
0.120689 0.250059 -0.0044228 -0.487442 -0.415712 0.767844 1 
0.120953 0.2498 -0.0043714 -0.478339 -0.488269 0.729921 1 
0.120481 0.250917 -0.00389236 -0.362223 -0.37466 0.853478 1 
0.120382 0.250287 -0.00383604 -0.371934 -0.350327 0.859614 1 
0.12032 0.250096 -0.00447628 -0.42515 -0.464244 0.776998 1 
0.120644 0.249538 -0.0042948 -0.517676 -0.415784 0.747754 1 
0.121116 0.25224 -0.00359745 -0.331403 -0.33443 0.882229 1 
0.121334 0.252271 -0.00339366 -0.427438 -0.280363 0.859473 1 
0.121653 0.252121 -0.00327061 -0.46161 -0.248325 0.851617 1 
0.121453 0.251991 -0.00347812 -0.462456 -0.251833 0.850126 1 
0.121018 0.252014 -0.0034583 -0.331951 -0.338014 0.880656 1 
0.120168 0.252364 -0.00333959 -0.278881 -0.487653 0.827296 1 
0.12042 0.252114 -0.00357062 -0.286725 -0.463409 0.838476 1 
0.12073 0.252461 -0.00321981 -0.305799 -0.375783 0.874799 1 
0.12026 0.252681 -0.00319257 -0.282519 -0.449252 0.847558 1 
0.120744 0.251237 -0.00304459 -0.315849 -0.352118 0.881052 1 
0.121365 0.252568 -0.00303213 -0.419823 -0.282426 0.862545 1 
0.121372 0.252564 -0.00289091 -0.40424 -0.271007 0.873582 1 
0.120931 0.252591 -0.00301231 -0.296031 -0.359144 0.885088 1 
0.121458 0.251669 -0.00299233 -0.46161 -0.248325 0.851617 1 
0.12109 0.251706 -0.00304578 -0.429175 -0.276444 0.859877 1 
0.121149 0.251407 -0.00291574 -0.462456 -0.251833 0.850126 1 
0.121477 0.251656 -0.00256865 -0.46161 -0.248325 0.851617 1 
0.120728 0.250756 -0.00383724 -0.443668 -0.277868 0.852026 1 
0.12109 0.250404 -0.00358041 -0.5117 -0.208021 0.833601 1 
0.121341 0.249835 -0.00346687 -0.579083 -0.144398 0.802379 1 
0.120738 0.250025 -0.00329302 -0.52803 -0.208473 0.82324 1 
0.120992 0.24986 -0.00309668 -0.543892 -0.199579 0.815076 1 
0.12144 0.250147 -0.00317861 -0.535555 -0.198747 0.82078 1 
0.121156 0.250186 -0.00288173 -0.535555 -0.198747 0.82078 1 
0.121433 0.249833 -0.00297529 -0.570095 -0.147361 0.808255 1 
0.120843 0.249264 -0.00417013 -0.534856 -0.409782 0.738924 1 
0.121151 0.249207 -0.00390213 -0.64047 -0.129886 0.75692 1 
0.120699 0.249414 -0.00345121 -0.567742 -0.177136 0.803923 1 
0.1222 0.25272 -0.00306431 -0.487593 -0.196537 0.850662 1 
0.122579 0.25227 -0.0028112 -0.458536 -0.204624 0.864797 1 
0.121969 0.252464 -0.00277857 -0.487593 -0.196537 0.850662 1 
0.122134 0.252791 -0.00256366 -0.463349 -0.188004 0.866004 1 
0.122387 0.25254 -0.0027947 -0.458536 -0.204624 0.864797 1 
0.122524 0.252161 -0.00288287 -0.458536 -0.204624 0.864797 1 
0.122601 0.253065 -0.00222192 -0.411974 -0.159335 0.897156 1 
0.123005 0.252831 -0.00217588 -0.395332 -0.176821 0.901358 1 
0.122643 0.252864 -0.00208812 -0.411974 -0.159335 0.897156 1 
0.121656 0.25261 -0.00276041 -0.417776 -0.241082 0.875981 1 
0.121784 0.25273 -0.00262083 -0.417776 -0.241082 0.875981 1 
0.123422 0.252907 -0.00219198 -0.376714 -0.197739 0.904979 1 
0.123423 0.252993 -0.00176459 -0.322142 -0.158997 0.933244 1 
0.116886 0.252883 -0.00579965 0.181198 -0.778086 0.601456 1 
0.116512 0.252692 -0.0052224 0.277694 -0.766436 0.579191 1 
0.116286 0.252029 -0.00487825 0.287836 -0.761732 0.580443 1 
0.116637 0.25209 -0.00482105 0.204841 -0.771618 0.602201 1 
0.116437 0.252046 -0.00460118 0.267302 -0.754457 0.599453 1 
0.11678 0.253008 -0.00423342 0.154692 -0.785477 0.599246 1 
0.117078 0.253365 -0.00416504 0.0668952 -0.818399 0.570744 1 
0.116806 0.25331 -0.00401309 0.150634 -0.80686 0.571215 1 
0.117311 0.252808 -0.00447517 -0.00136724 -0.799835 0.600218 1 
0.117231 0.252484 -0.00433975 0.00414186 -0.769006 0.639228 1 
0.116801 0.252416 -0.00460611 0.161688 -0.781239 0.602929 1 
0.11682 0.252404 -0.00418244 0.142043 -0.776005 0.614524 1 
0.117002 0.252546 -0.00439859 0.0792897 -0.788572 0.60981 1 
0.116802 0.252502 -0.00417873 0.145165 -0.7797 0.609094 1 
0.117708 0.253562 -0.00369117 -0.0575796 -0.835606 0.546304 1 
0.117296 0.253396 -0.00396125 0.0291136 -0.81934 0.572568 1 
0.117132 0.253155 -0.00374882 0.0698244 -0.813669 0.57712 1 
0.117308 0.253388 -0.00367881 0.0178796 -0.82659 0.562521 1 
0.117476 0.25322 -0.00383285 -0.0207055 -0.82132 0.570092 1 
0.117397 0.252896 -0.00369741 -0.0207526 -0.806583 0.590756 1 
0.117256 0.252467 -0.00377486 -0.00137433 -0.784741 0.619822 1 
0.116548 0.252349 -0.00403048 0.177948 -0.786318 0.59164 1 
0.117257 0.252552 -0.00334747 0.0150828 -0.824068 0.56629 1 
0.117729 0.250599 -0.00590506 -0.307916 -0.646462 0.69805 1 
0.114481 0.250285 -0.0076834 0.305019 -0.774524 0.554144 1 
0.115624 0.250465 -0.0070202 0.43163 -0.729306 0.530856 1 
0.116278 0.25056 -0.00640884 0.278718 -0.746964 0.603623 1 
0.115153 0.250367 -0.00664837 0.407232 -0.71719 0.565509 1 
0.11539 0.250704 -0.00636549 0.409502 -0.741709 0.531202 1 
0.115807 0.250779 -0.00638159 0.377748 -0.744049 0.551087 1 
0.115478 0.250126 -0.00681148 0.430001 -0.736439 0.522262 1 
0.116018 0.249428 -0.00728101 0.0324011 -0.646613 0.76213 1 
0.116512 0.250408 -0.00663617 0.206053 -0.748296 0.630552 1 
0.116716 0.250044 -0.00679763 -0.126421 -0.641026 0.757036 1 
0.116583 0.250014 -0.00665104 -0.126421 -0.641026 0.757036 1 
0.115802 0.249568 -0.00663001 0.430001 -0.736439 0.522262 1 
0.116636 0.249719 -0.00666221 -0.126464 -0.62637 0.7692 1 
0.115313 0.2498 -0.00702644 0.411282 -0.721807 0.556634 1 
0.11639 0.251267 -0.00575534 0.281918 -0.753373 0.594097 1 
0.116412 0.250675 -0.00612804 0.271259 -0.756671 0.594867 1 
0.116224 0.250537 -0.00605312 0.298866 -0.752758 0.586544 1 
0.116861 0.251048 -0.00578258 0.161477 -0.777202 0.608179 1 
0.117152 0.251408 -0.00585547 -0.0208519 -0.785423 0.618608 1 
0.117025 0.251375 -0.00556766 0.0916493 -0.778292 0.621179 1 
0.117088 0.251883 -0.00527198 0.0321673 -0.792993 0.608381 1 
0.117192 0.250803 -0.00580449 -0.0351784 -0.769703 0.637432 1 
0.117682 0.25089 -0.00575266 -0.28664 -0.667759 0.686975 1 
0.116434 0.25147 -0.00553875 0.257221 -0.759039 0.598078 1 
0.116072 0.251503 -0.005451 0.313512 -0.754036 0.577183 1 
0.116254 0.251732 -0.00523976 0.313512 -0.754036 0.577183 1 
0.116582 0.249696 -0.00630648 0.236878 -0.748282 0.619647 1 
0.117559 0.251664 -0.00529923 -0.142836 -0.753273 0.642011 1 
0.117988 0.251731 -0.00503287 -0.206768 -0.694928 0.68871 1 
0.117949 0.25112 -0.00519107 -0.244266 -0.732798 0.635092 1 
0.116921 0.252136 -0.00469057 0.107251 -0.771323 0.627343 1 
0.118032 0.253003 -0.00350973 -0.119941 -0.777394 0.617473 1 
0.0973344 0.228393 0.0190412 -0.384878 -0.828359 0.407052 1 
0.0974973 0.228316 0.0191733 -0.334595 -0.754858 0.564123 1 
0.0965362 0.227061 0.0181868 -0.343365 -0.711139 -0.6135 1 
0.0971563 0.227757 0.0188884 -0.341127 -0.68715 -0.641449 1 
0.0975734 0.227832 0.0188723 -0.34819 -0.694746 -0.629358 1 
0.0977266 0.226951 0.0186976 -0.447794 -0.690835 -0.56765 1 
0.0975468 0.227213 0.0189966 -0.364947 -0.708619 -0.603881 1 
0.0979213 0.226102 0.0178847 -0.475012 -0.659646 -0.582435 1 
0.0933089 0.228673 0.0166776 0.489688 -0.0510379 -0.870403 1 
0.0935267 0.228704 0.0168813 0.482801 -0.0201728 -0.875498 1 
0.0939625 0.228767 0.0172889 0.460442 -0.0255055 -0.887323 1 
0.0942335 0.228504 0.0174815 0.445431 -0.0280903 -0.894875 1 
0.0945045 0.22824 0.0176741 0.434922 -0.0198293 -0.90025 1 
0.0947401 0.228173 0.0178742 0.420521 0.0387146 -0.906456 1 
0.0933275 0.22866 0.0171012 0.482801 -0.0201728 -0.875498 1 
0.0935454 0.228691 0.017305 0.472113 -0.0173866 -0.881367 1 
0.0939085 0.228744 0.0176446 0.460442 -0.0255055 -0.887323 1 
0.0939812 0.228755 0.0177126 0.452864 -0.0335953 -0.890946 1 
0.0943124 0.22851 0.0176907 0.434922 -0.0198293 -0.90025 1 
0.0941405 0.227869 0.0176791 0.434922 -0.0198293 -0.90025 1 
0.0943053 0.228196 0.017894 0.434922 -0.0198293 -0.90025 1 
0.0945409 0.228129 0.0180941 0.434922 -0.0198293 -0.90025 1 
0.0947269 0.227864 0.0179363 0.420521 0.0387146 -0.906456 1 
0.0963743 0.228526 0.0190166 -0.345771 -0.176414 0.921586 1 
0.0962095 0.228199 0.0188017 -0.29403 -0.251001 0.92225 1 
0.0966993 0.228286 0.0188535 -0.368237 -0.885272 -0.284069 1 
0.0968446 0.228307 0.0189894 -0.427011 -0.901772 -0.0668484 1 
0.0968641 0.228612 0.0190685 -0.365004 -0.884721 -0.2899 1 
0.0970997 0.228545 0.0192685 -0.387532 -0.896441 -0.21497 1 
0.0949615 0.227711 0.017709 0.420521 0.0387146 -0.906456 1 
0.0951794 0.227743 0.0179128 0.414837 0.0895828 -0.905475 1 
0.0953707 0.227155 0.0182409 0.363655 0.199795 -0.909856 1 
0.0954769 0.226564 0.0182185 0.00126369 -0.357624 -0.933865 1 
0.0958995 0.227852 0.0184509 -0.281671 -0.281671 0.917237 1 
0.096051 0.227869 0.018728 -0.281671 -0.281671 0.917237 1 
0.0959393 0.227247 0.0185018 -0.472194 -0.879686 -0.0564431 1 
0.0958987 0.227534 0.0187955 -0.375432 -0.873982 -0.308554 1 
0.0958065 0.227218 0.0186484 0.450018 0.456564 -0.767485 1 
0.0964096 0.227028 0.0184746 -0.204087 -0.569295 -0.796399 1 
0.0963299 0.226703 0.01861 -0.161087 -0.506907 -0.846815 1 
0.0964804 0.226634 0.0184597 -0.265633 -0.551699 -0.790612 1 
0.0956417 0.226891 0.0184335 -0.00638785 -0.376883 -0.926239 1 
0.0958933 0.226322 0.018547 -0.0578906 -0.413312 -0.908747 1 
0.0950333 0.227403 0.0181215 0.414837 0.0895828 -0.905475 1 
0.0953043 0.22714 0.0183142 0.363655 0.199795 -0.909856 1 
0.0951715 0.22711 0.0184607 0.344506 -0.0374183 -0.938038 1 
0.095105 0.227096 0.018534 0.344506 -0.0374183 -0.938038 1 
0.0952051 0.22651 0.0183705 0.185529 -0.281729 -0.941386 1 
0.0952777 0.22652 0.0184384 0.161104 -0.280239 -0.946315 1 
0.0954956 0.226552 0.0186422 0.0893169 -0.337271 -0.937161 1 
0.0958463 0.226613 0.0186994 -0.0555683 -0.429638 -0.90129 1 
0.0955699 0.225665 0.0182583 0.0862982 -0.276927 -0.957008 1 
0.0957347 0.225991 0.0184733 0.0397479 -0.332088 -0.942411 1 
0.0964486 0.227639 0.0186328 -0.449799 -0.892963 0.0172489 1 
0.0967524 0.227991 0.0188424 -0.423064 -0.815796 0.394328 1 
0.0968587 0.2274 0.01882 -0.294103 -0.641241 -0.70874 1 
0.0962494 0.227595 0.0188526 -0.428295 -0.884364 -0.185643 1 
0.0965045 0.227833 0.0191318 -0.440002 -0.88717 -0.139023 1 
0.0971749 0.227744 0.0193121 -0.294377 -0.661142 -0.690097 1 
0.0973866 0.22778 0.0193746 -0.293691 -0.656391 -0.694908 1 
0.094278 0.216001 0.0176013 -0.911212 0.33754 0.236133 1 
0.0958973 0.218476 0.0190203 -0.862059 -0.0541389 0.503909 1 
0.095698 0.218431 0.0192402 -0.85629 -0.0628598 0.512656 1 
0.0958176 0.218151 0.0191557 -0.893085 -0.0065959 0.44984 1 
0.0957167 0.218419 0.0196638 -0.866555 -0.0539006 0.496162 1 
0.0959151 0.218145 0.0197885 -0.893085 -0.0065959 0.44984 1 
0.0960196 0.218452 0.020218 -0.899132 -0.0252341 0.436949 1 
0.0953214 0.216767 0.018428 -0.920706 0.120092 0.371319 1 
0.0955588 0.217104 0.0187109 -0.89587 0.0307997 0.443248 1 
0.0951284 0.216719 0.0187891 -0.920706 0.120092 0.371319 1 
0.0951603 0.217016 0.0191507 -0.89587 0.0307997 0.443248 1 
0.095031 0.216493 0.0189283 -0.931068 0.185655 0.314078 1 
0.0946695 0.215543 0.0181369 -0.924948 0.267334 0.270193 1 
0.094325 0.215477 0.0182209 -0.919052 0.289999 0.266915 1 
0.0947014 0.21584 0.0184984 -0.931198 0.180097 0.316915 1 
0.0950769 0.216116 0.0183485 -0.931068 0.185655 0.314078 1 
0.0948662 0.216166 0.0187133 -0.931068 0.185655 0.314078 1 
0.0959238 0.217561 0.0191334 -0.891352 -0.0172691 0.452982 1 
0.0956581 0.217502 0.0194265 -0.89076 -0.0199722 0.454035 1 
0.0954579 0.217372 0.019219 -0.883893 -0.0282523 0.466835 1 
0.095737 0.217508 0.0196357 -0.930486 0.0565925 0.361929 1 
0.0952932 0.217046 0.0190041 -0.89587 0.0307997 0.443248 1 
0.0954394 0.217152 0.0195673 -0.920272 0.03282 0.389901 1 
0.0960222 0.217873 0.0194216 -0.89253 -0.00925587 0.450893 1 
0.0958229 0.217829 0.0196415 -0.89253 -0.00925587 0.450893 1 
0.095908 0.217831 0.0199919 -0.92867 0.0458441 0.368062 1 
0.0962508 0.218794 0.0203596 -0.900174 -0.0252634 0.434796 1 
0.0950434 0.216484 0.0192107 -0.931068 0.185655 0.314078 1 
0.0944358 0.215781 0.0187916 -0.931198 0.180097 0.316915 1 
0.0946006 0.216107 0.0190065 -0.931068 0.185655 0.314078 1 
0.0953385 0.21742 0.0200755 -0.932172 0.0674337 0.35568 1 
0.0950409 0.217064 0.0200071 -0.249836 -0.589236 0.768364 1 
0.0958602 0.217803 0.0204888 -0.945716 0.0717439 0.316978 1 
0.0960153 0.218628 0.0209315 -0.942749 0.0215124 0.332809 1 
0.0961578 0.218159 0.0205572 -0.945015 0.0344338 0.325208 1 
0.0962499 0.218475 0.0207042 -0.941378 0.0215971 0.33666 1 
0.0959054 0.21841 0.0207882 -0.941378 0.0215971 0.33666 1 
0.0961038 0.218136 0.0209129 -0.949363 0.0419397 0.311371 1 
0.0962695 0.218781 0.0207833 -0.925874 -0.006403 0.377777 1 
0.0956531 0.218661 0.0210193 -0.923701 -0.00640569 0.383061 1 
0.0958691 0.218289 0.0211402 -0.946675 0.0316826 0.320628 1 
0.0960781 0.217835 0.0206926 -0.948505 0.0795857 0.306601 1 
0.0958788 0.217791 0.0209125 -0.95164 0.0900729 0.293716 1 
0.095777 0.217973 0.0209932 -0.948877 0.0579368 0.310284 1 
0.095932 0.217495 0.0209013 -0.965542 0.173302 0.194151 1 
0.0957327 0.217451 0.0211212 -0.965542 0.173302 0.194151 1 
0.0961676 0.217429 0.0211014 -0.968193 0.166307 0.186935 1 
0.0959301 0.217092 0.0208185 -0.960362 0.18626 0.207396 1 
0.0959488 0.217079 0.0212422 -0.963679 0.192736 0.184869 1 
0.0961347 0.216813 0.0210844 -0.960286 0.225252 0.164658 1 
0.0957902 0.216748 0.0211684 -0.960286 0.225252 0.164658 1 
0.0960037 0.217188 0.0213138 -0.963679 0.192736 0.184869 1 
0.0958788 0.216256 0.0211498 -0.391913 -0.542775 0.742832 1 
0.094696 0.214628 0.01825 -0.902155 0.33702 0.269322 1 
0.0959482 0.228157 0.0267427 -0.867916 -0.243016 0.433203 1 
0.0959287 0.227851 0.0266636 -0.894373 -0.249833 0.371054 1 
0.0957295 0.227807 0.0268835 -0.896843 -0.242987 0.369635 1 
0.0959784 0.22805 0.0270214 -0.87989 -0.230766 0.41538 1 
0.0957263 0.223645 0.0239975 -0.909526 0.325561 -0.258405 1 
0.0960239 0.224001 0.0240659 -0.898379 0.322228 -0.29847 1 
0.0962692 0.223437 0.0240382 -0.865373 0.390567 -0.313985 1 
0.0959796 0.22348 0.0241939 -0.934813 0.262084 -0.23966 1 
0.0962497 0.223131 0.0239591 -0.907407 0.321037 -0.271196 1 
0.0961054 0.223196 0.0242507 -0.940442 0.245876 -0.234763 1 
0.0954705 0.22439 0.0245976 -0.953341 -0.285611 0.097812 1 
0.0951968 0.223931 0.0246667 -0.96038 -0.268398 0.0750496 1 
0.0951767 0.227445 0.025764 -0.919926 -0.254815 0.298004 1 
0.095236 0.227146 0.0258941 -0.927569 -0.262788 0.265628 1 
0.0957531 0.225334 0.0251798 -0.926001 -0.304885 0.222637 1 
0.0950641 0.225204 0.0253479 -0.914863 -0.31172 0.256626 1 
0.0956203 0.225305 0.0253264 -0.925805 -0.302913 0.226118 1 
0.0956768 0.224516 0.0249463 -0.940095 -0.302418 0.157367 1 
0.0958416 0.224842 0.0251613 -0.926001 -0.304885 0.222637 1 
0.0958947 0.224547 0.0251501 -0.938255 -0.306341 0.160726 1 
0.0952783 0.224427 0.0253861 -0.92105 -0.318441 0.224194 1 
0.0956557 0.225108 0.025319 -0.926001 -0.304885 0.222637 1 
0.0958009 0.225129 0.0254548 -0.926001 -0.304885 0.222637 1 
0.0956424 0.224798 0.0253811 -0.926001 -0.304885 0.222637 1 
0.0958834 0.225943 0.0258296 -0.89985 -0.315763 0.300938 1 
0.095754 0.22542 0.0256072 -0.89985 -0.315763 0.300938 1 
0.0954998 0.225267 0.0257555 -0.89985 -0.315763 0.300938 1 
0.0960083 0.22534 0.026231 -0.89985 -0.315763 0.300938 1 
0.0960595 0.224874 0.025365 -0.926001 -0.304885 0.222637 1 
0.096072 0.224865 0.0256475 -0.926001 -0.304885 0.222637 1 
0.0961446 0.224876 0.0257154 -0.926001 -0.304885 0.222637 1 
0.0955353 0.22507 0.025748 -0.906464 -0.312929 0.283546 1 
0.0957531 0.225101 0.0259518 -0.906464 -0.312929 0.283546 1 
0.0958373 0.225018 0.0258748 -0.906464 -0.312929 0.283546 1 
0.0960781 0.224861 0.0257887 -0.926001 -0.304885 0.222637 1 
0.0962234 0.224882 0.0259245 -0.913008 -0.312077 0.262726 1 
0.0961145 0.22475 0.0262086 -0.906464 -0.312929 0.283546 1 
0.0962163 0.224568 0.0261279 -0.913008 -0.312077 0.262726 1 
0.0958304 0.22754 0.0263754 -0.918555 -0.25235 0.304262 1 
0.0958835 0.227245 0.0263642 -0.916961 -0.264258 0.298915 1 
0.0959897 0.226654 0.0263419 -0.902643 -0.305805 0.302851 1 
0.0958087 0.224459 0.0243723 -0.973063 -0.226604 0.0424125 1 
0.0958973 0.223968 0.0243537 -0.995137 -0.085045 -0.0497016 1 
0.0959761 0.223974 0.0245629 -0.972158 -0.22996 0.0450186 1 
0.0962073 0.224315 0.0247045 -0.95913 -0.27203 0.0779054 1 
0.0962569 0.224514 0.0250623 -0.940095 -0.302418 0.157367 1 
0.0963268 0.224035 0.0246201 -0.967531 -0.246528 0.0557476 1 
0.0962666 0.224016 0.0248346 -0.959902 -0.270807 0.0724694 1 
0.0962347 0.223719 0.024473 -0.978521 0.0767707 -0.191317 1 
0.0962878 0.223424 0.0244619 -0.97676 0.125993 -0.173397 1 
0.0962683 0.223118 0.0243828 -0.964372 0.173561 -0.19966 1 
0.0965314 0.223757 0.024886 -0.973919 -0.224566 0.0324239 1 
0.0965067 0.223541 0.0250931 -0.937152 -0.320569 0.137776 1 
0.09662 0.223265 0.0248674 -0.994373 -0.0792374 -0.0703092 1 
0.0967777 0.223278 0.0252857 -0.920201 -0.353707 0.167694 1 
0.0969406 0.2232 0.0254178 -0.736611 -0.563483 0.374022 1 
0.0956139 0.224007 0.0246506 -0.968855 -0.241286 0.0556813 1 
0.0959062 0.224453 0.0250051 -0.940095 -0.302418 0.157367 1 
0.0960497 0.22407 0.0250582 -0.936335 -0.314861 0.155368 1 
0.0961462 0.223978 0.0252636 -0.933237 -0.319374 0.164526 1 
0.096311 0.224305 0.0254786 -0.933568 -0.312114 0.176171 1 
0.0960931 0.224273 0.0252748 -0.938255 -0.306341 0.160726 1 
0.0961428 0.224472 0.0256326 -0.926001 -0.304885 0.222637 1 
0.0961215 0.223762 0.0254707 -0.929663 -0.327542 0.16865 1 
0.0960321 0.223936 0.0258339 -0.915078 -0.335769 0.223365 1 
0.0962862 0.224089 0.0256856 -0.92739 -0.322265 0.189981 1 
0.096087 0.224045 0.0259055 -0.92105 -0.318441 0.224194 1 
0.0964846 0.223815 0.0258103 -0.927541 -0.326955 0.181018 1 
0.0963074 0.223497 0.0253129 -0.927905 -0.338052 0.157201 1 
0.0967237 0.223254 0.0256414 -0.924539 -0.345478 0.16085 1 
0.096489 0.223407 0.0258687 -0.913804 -0.360675 0.186752 1 
0.0963792 0.223189 0.0257255 -0.919763 -0.353538 0.170431 1 
0.0969938 0.222905 0.0254066 -0.707513 -0.58877 0.390864 1 
0.0964873 0.224305 0.0263205 -0.913008 -0.312077 0.262726 1 
0.0969593 0.223188 0.0258415 -0.900387 -0.390023 0.192836 1 
0.0968991 0.223169 0.026056 -0.901867 -0.38195 0.201867 1 
0.0971204 0.222706 0.0258908 -0.705666 -0.593812 0.386553 1 
0.0952306 0.225934 0.0256457 -0.89985 -0.315763 0.300938 1 
0.0949774 0.227401 0.0259839 -0.919926 -0.254815 0.298004 1 
0.0951953 0.227432 0.0261877 -0.915334 -0.255946 0.310895 1 
0.0953016 0.226842 0.0261654 -0.921946 -0.270992 0.276727 1 
0.0951396 0.227005 0.0264606 -0.916961 -0.264258 0.298915 1 
0.0958117 0.226018 0.0261891 -0.89985 -0.315763 0.300938 1 
0.0958312 0.226324 0.0262682 -0.898474 -0.316322 0.304442 1 
0.0956124 0.225974 0.0264089 -0.89985 -0.315763 0.300938 1 
0.0955593 0.226269 0.0264201 -0.898474 -0.316322 0.304442 1 
0.095446 0.226545 0.0266458 -0.902643 -0.305805 0.302851 1 
0.0952467 0.226501 0.0268657 -0.905815 -0.292151 0.306832 1 
0.0954132 0.22593 0.0266288 -0.898474 -0.316322 0.304442 1 
0.09536 0.226225 0.02664 -0.902596 -0.311698 0.296926 1 
0.0956841 0.225899 0.0260495 -0.89985 -0.315763 0.300938 1 
0.0955548 0.225375 0.0258271 -0.89985 -0.315763 0.300938 1 
0.0957904 0.225309 0.0260272 -0.89985 -0.315763 0.300938 1 
0.0956398 0.225378 0.0261775 -0.89985 -0.315763 0.300938 1 
0.0955849 0.225269 0.0261058 -0.89985 -0.315763 0.300938 1 
0.0955203 0.225658 0.0262619 -0.89985 -0.315763 0.300938 1 
0.0958382 0.225103 0.0263022 -0.89985 -0.315763 0.300938 1 
0.0960968 0.224848 0.0262124 -0.906464 -0.312929 0.283546 1 
0.0957037 0.227506 0.0266632 -0.91454 -0.250738 0.317408 1 
0.0957569 0.227211 0.026652 -0.915334 -0.255946 0.310895 1 
0.0959428 0.226945 0.0264943 -0.91554 -0.280031 0.288736 1 
0.095671 0.226891 0.0266462 -0.921946 -0.270992 0.276727 1 
0.0955045 0.227462 0.0268831 -0.91454 -0.250738 0.317408 1 
0.0955576 0.227167 0.0268719 -0.917137 -0.249866 0.310527 1 
0.0955444 0.226857 0.026934 -0.915793 -0.267649 0.299477 1 
0.0957905 0.22661 0.0265618 -0.901279 -0.306346 0.306346 1 
0.0960933 0.225342 0.0265813 -0.89985 -0.315763 0.300938 1 
0.096274 0.225167 0.0267098 -0.89985 -0.315763 0.300938 1 
0.0963678 0.224585 0.026405 -0.906464 -0.312929 0.283546 1 
0.0963271 0.224872 0.0266986 -0.89985 -0.315763 0.300938 1 
0.0958436 0.224781 0.026788 -0.89985 -0.315763 0.300938 1 
0.0962916 0.223767 0.0261714 -0.915078 -0.335769 0.223365 1 
0.095871 0.224185 0.0265565 -0.903612 -0.322824 0.28155 1 
0.0963855 0.224487 0.0264013 -0.906464 -0.312929 0.283546 1 
0.096506 0.224292 0.0267442 -0.89985 -0.315763 0.300938 1 
0.0963315 0.224463 0.026757 -0.89985 -0.315763 0.300938 1 
0.101317 0.225911 0.0229696 -0.657856 0.179415 0.731462 1 
0.101529 0.224731 0.0229249 -0.665213 0.172802 0.726382 1 
0.10122 0.227305 0.0232987 -0.624074 0.13256 0.770039 1 
0.101821 0.227694 0.0239213 -0.588865 0.125447 0.798436 1 
0.101256 0.227108 0.0232913 -0.620705 0.16542 0.766396 1 
0.101217 0.226497 0.0231331 -0.657999 0.143043 0.739308 1 
0.101326 0.226714 0.0232764 -0.646405 0.146157 0.748865 1 
0.101552 0.225844 0.0231697 -0.635843 0.18539 0.749222 1 
0.101878 0.225689 0.0234339 -0.564786 0.193336 0.80227 1 
0.10127 0.226202 0.023122 -0.658287 0.165712 0.734301 1 
0.101433 0.226124 0.0232541 -0.635843 0.18539 0.749222 1 
0.102015 0.226612 0.0238803 -0.574553 0.160515 0.802574 1 
0.102286 0.226349 0.0240729 -0.574288 0.180317 0.798548 1 
0.101453 0.226516 0.0237606 -0.574553 0.160515 0.802574 1 
0.101054 0.226342 0.0237729 -0.640588 0.185878 0.745048 1 
0.101048 0.226431 0.0240591 -0.578554 0.193869 0.792269 1 
0.100798 0.226103 0.0234938 -0.667081 0.182489 0.722288 1 
0.101288 0.226189 0.0235456 -0.635843 0.18539 0.749222 1 
0.100973 0.225699 0.0242529 -0.584677 0.187768 0.789237 1 
0.101412 0.226802 0.0240542 -0.568709 0.173479 0.804037 1 
0.101417 0.226394 0.0241126 -0.564786 0.193336 0.80227 1 
0.101728 0.22706 0.0241188 -0.562931 0.176576 0.807421 1 
0.101564 0.226819 0.0243312 -0.568709 0.173479 0.804037 1 
0.101452 0.226197 0.0241051 -0.564786 0.193336 0.80227 1 
0.102547 0.227799 0.0246005 -0.557921 0.128072 0.819952 1 
0.102467 0.227475 0.024736 -0.549162 0.183054 0.815422 1 
0.102601 0.22759 0.0250168 -0.544297 0.189519 0.817204 1 
0.102336 0.226548 0.0244308 -0.574288 0.180317 0.798548 1 
0.102798 0.22723 0.0247141 -0.56572 0.160562 0.808814 1 
0.102706 0.226914 0.0245671 -0.565067 0.183306 0.804424 1 
0.102719 0.226906 0.0248495 -0.565067 0.183306 0.804424 1 
0.102697 0.226111 0.0242602 -0.574288 0.180317 0.798548 1 
0.102993 0.226148 0.0246731 -0.574288 0.180317 0.798548 1 
0.102643 0.226087 0.024616 -0.564786 0.193336 0.80227 1 
0.103628 0.226256 0.0248609 -0.562683 0.18655 0.805349 1 
0.10382 0.225986 0.0248443 -0.564786 0.193336 0.80227 1 
0.103158 0.226475 0.0248881 -0.570091 0.1739 0.802966 1 
0.103025 0.226445 0.0250347 -0.564786 0.193336 0.80227 1 
0.103284 0.22619 0.0249449 -0.564786 0.193336 0.80227 1 
0.103482 0.225916 0.0250696 -0.574288 0.180317 0.798548 1 
0.102103 0.227104 0.0247409 -0.565067 0.183306 0.804424 1 
0.101991 0.225413 0.0232082 -0.612624 0.184857 0.768453 1 
0.101624 0.225536 0.0235821 -0.635843 0.18539 0.749222 1 
0.101971 0.224789 0.0234737 -0.612624 0.184857 0.768453 1 
0.10193 0.225076 0.0237673 -0.564786 0.193336 0.80227 1 
0.102223 0.22422 0.0235872 -0.564786 0.193336 0.80227 1 
0.101302 0.22505 0.0241482 -0.584677 0.187768 0.789237 1 
0.101883 0.225049 0.0242643 -0.564786 0.193336 0.80227 1 
0.101917 0.224766 0.0238294 -0.564786 0.193336 0.80227 1 
0.10197 0.224471 0.0238183 -0.564786 0.193336 0.80227 1 
0.102273 0.224505 0.0243725 -0.564786 0.193336 0.80227 1 
0.10162 0.224496 0.0241885 -0.564786 0.193336 0.80227 1 
0.102074 0.224461 0.0245923 -0.564786 0.193336 0.80227 1 
0.101912 0.223873 0.0232365 -0.628274 0.209425 0.749275 1 
0.101421 0.22315 0.0238738 -0.573206 0.259121 0.777362 1 
0.101401 0.222845 0.0237947 -0.631706 0.261232 0.729866 1 
0.101777 0.222889 0.0244168 -0.546673 0.293143 0.784357 1 
0.102293 0.22481 0.0244515 -0.564786 0.193336 0.80227 1 
0.102239 0.224787 0.0248073 -0.564786 0.193336 0.80227 1 
0.102417 0.224208 0.0248529 -0.564786 0.193336 0.80227 1 
0.102146 0.224153 0.0250048 -0.564786 0.193336 0.80227 1 
0.103382 0.224968 0.0254705 -0.564786 0.193336 0.80227 1 
0.102933 0.224595 0.025125 -0.564786 0.193336 0.80227 1 
0.102451 0.223607 0.0247626 -0.555949 0.217143 0.802353 1 
0.102616 0.223934 0.0249776 -0.563752 0.197084 0.802086 1 
0.102417 0.223889 0.0251975 -0.562353 0.203795 0.801391 1 
0.101471 0.224651 0.0247662 -0.564786 0.193336 0.80227 1 
0.101676 0.22469 0.0246875 -0.564786 0.193336 0.80227 1 
0.101875 0.224416 0.0248122 -0.564786 0.193336 0.80227 1 
0.101795 0.224092 0.0249476 -0.564786 0.193336 0.80227 1 
0.10104 0.224265 0.0248444 -0.564786 0.193336 0.80227 1 
0.101294 0.2241 0.0250407 -0.560283 0.196939 0.804548 1 
0.101635 0.223443 0.0252185 -0.552881 0.230754 0.800671 1 
0.100744 0.222693 0.0246688 -0.181645 0.618204 0.764741 1 
0.101525 0.222907 0.0254198 -0.543936 0.296548 0.78498 1 
0.10184 0.224699 0.025247 -0.564786 0.193336 0.80227 1 
0.102026 0.224433 0.0250893 -0.564786 0.193336 0.80227 1 
0.101882 0.224498 0.0253808 -0.564786 0.193336 0.80227 1 
0.101681 0.22405 0.0255179 -0.562353 0.203795 0.801391 1 
0.102066 0.223828 0.0251403 -0.562353 0.203795 0.801391 1 
0.10247 0.223594 0.0251863 -0.555949 0.217143 0.802353 1 
0.10239 0.22327 0.0253217 -0.543261 0.233711 0.806379 1 
0.102292 0.222958 0.0250335 -0.543591 0.290021 0.787653 1 
0.102092 0.222914 0.0252533 -0.544445 0.293651 0.785715 1 
0.103917 0.225894 0.0250498 -0.564786 0.193336 0.80227 1 
0.10382 0.225667 0.0251889 -0.564786 0.193336 0.80227 1 
0.104325 0.225251 0.0251542 -0.564786 0.193336 0.80227 1 
0.103753 0.225653 0.0252622 -0.564786 0.193336 0.80227 1 
0.10362 0.225623 0.0254088 -0.574288 0.180317 0.798548 1 
0.10406 0.225193 0.0254474 -0.570864 0.180193 0.801027 1 
0.103673 0.225328 0.0253976 -0.574288 0.180317 0.798548 1 
0.103799 0.225044 0.0254544 -0.570864 0.180193 0.801027 1 
0.104561 0.225185 0.0253542 -0.539051 0.198918 0.818447 1 
0.104362 0.22514 0.0255741 -0.531358 0.192258 0.825043 1 
0.10876 0.234126 0.0159483 -0.171511 0.114752 0.978476 1 
0.109076 0.234469 0.0164403 -0.0961734 0.016209 0.995233 1 
0.109268 0.233881 0.0167683 -0.170639 0.226196 0.959019 1 
0.109215 0.234176 0.0167795 -0.147864 0.147864 0.977892 1 
0.108572 0.233755 0.0167951 -0.272688 0.359114 0.892569 1 
0.10887 0.234111 0.0168635 -0.173907 0.202674 0.96368 1 
0.108731 0.234086 0.0168689 -0.205232 0.235134 0.950048 1 
0.109068 0.233837 0.0169882 -0.191527 0.248578 0.949487 1 
0.108532 0.234041 0.0170888 -0.215929 0.246187 0.944863 1 
0.110821 0.232754 0.0163122 0.0631523 0.236512 0.969574 1 
0.109861 0.232888 0.0162876 -0.188295 0.250608 0.9496 1 
0.110555 0.232696 0.0166054 -0.0607952 0.239459 0.969001 1 
0.110422 0.232666 0.016752 -0.0320142 0.205128 0.978211 1 
0.110476 0.232371 0.0167408 -0.0197503 0.189371 0.981707 1 
0.110456 0.232065 0.0166617 -0.0352991 0.140058 0.989514 1 
0.107864 0.23225 0.0155775 -0.390842 0.245205 0.887196 1 
0.1073 0.231835 0.0158024 -0.421311 0.172289 0.890401 1 
0.108716 0.23207 0.0163136 -0.330105 0.379236 0.864413 1 
0.108099 0.23195 0.0165496 -0.325463 0.301684 0.896137 1 
0.108371 0.232005 0.0163976 -0.330105 0.379236 0.864413 1 
0.108172 0.231961 0.0166175 -0.331403 0.33443 0.882229 1 
0.108769 0.231775 0.0163024 -0.330105 0.379236 0.864413 1 
0.10909 0.233245 0.0166155 -0.314308 0.42269 0.850025 1 
0.109444 0.232812 0.0163037 -0.239047 0.281482 0.929314 1 
0.109374 0.233291 0.016746 -0.192121 0.257524 0.94698 1 
0.109539 0.233618 0.016961 -0.175658 0.245384 0.953379 1 
0.109627 0.233126 0.0169424 -0.192121 0.257524 0.94698 1 
0.110005 0.23259 0.0167681 -0.396014 0.415099 0.819064 1 
0.110058 0.232295 0.0167569 -0.178487 0.24022 0.954168 1 
0.109787 0.232241 0.0169089 -0.185327 0.247554 0.950984 1 
0.10891 0.233506 0.0169145 -0.29987 0.413667 0.859627 1 
0.108943 0.232905 0.0168242 -0.319166 0.434378 0.842288 1 
0.108447 0.232823 0.0166312 -0.330105 0.379236 0.864413 1 
0.108612 0.23315 0.0168461 -0.315726 0.398893 0.860931 1 
0.108638 0.233451 0.0170664 -0.307086 0.421279 0.85336 1 
0.108881 0.232397 0.0165285 -0.330105 0.379236 0.864413 1 
0.108801 0.232072 0.016664 -0.330105 0.379236 0.864413 1 
0.108912 0.232694 0.0168901 -0.319166 0.434378 0.842288 1 
0.108681 0.232353 0.0167484 -0.330105 0.379236 0.864413 1 
0.108482 0.232309 0.0169683 -0.330105 0.379236 0.864413 1 
0.1087 0.23234 0.0171721 -0.33436 0.412118 0.847563 1 
0.109194 0.233552 0.017045 -0.191162 0.245393 0.950389 1 
0.109375 0.233377 0.0171734 -0.192121 0.257524 0.94698 1 
0.109247 0.233257 0.0170338 -0.19612 0.261951 0.944944 1 
0.10921 0.23305 0.0169584 -0.225113 0.272652 0.935406 1 
0.109029 0.232993 0.017602 -0.201292 0.253326 0.946207 1 
0.109263 0.232755 0.0169473 -0.319166 0.434378 0.842288 1 
0.109186 0.231851 0.0162863 -0.33248 0.426137 0.841347 1 
0.109041 0.23183 0.0161505 -0.33436 0.412118 0.847563 1 
0.110039 0.23199 0.0166778 -0.185327 0.247554 0.950984 1 
0.109072 0.231809 0.0168566 -0.33248 0.426137 0.841347 1 
0.10854 0.231924 0.016671 -0.330105 0.379236 0.864413 1 
0.108588 0.231718 0.016946 -0.330105 0.379236 0.864413 1 
0.108841 0.231468 0.0167149 -0.33436 0.412118 0.847563 1 
0.105413 0.231415 0.0152356 -0.240355 -0.925865 0.291555 1 
0.105922 0.231807 0.0153665 -0.461758 0.290736 0.838005 1 
0.106962 0.231765 0.0160276 -0.43654 0.0757404 0.896491 1 
0.106545 0.23169 0.0160437 -0.446046 0.357154 0.820661 1 
0.106618 0.2317 0.0161116 -0.444585 -0.00393438 0.895728 1 
0.106485 0.231671 0.0162582 -0.441839 0.359489 0.821916 1 
0.10578 0.230974 0.0152062 -0.27952 -0.916769 0.285313 1 
0.106718 0.231433 0.0156035 -0.455036 -0.0308727 0.889938 1 
0.106629 0.231606 0.0159667 -0.446565 -0.0226615 0.894464 1 
0.105782 0.231463 0.0157164 -0.487151 -0.349791 0.800206 1 
0.105848 0.23116 0.0159877 -0.482668 -0.379355 0.78938 1 
0.106016 0.230992 0.0158337 -0.492503 -0.289248 0.820839 1 
0.10632 0.231344 0.0160433 -0.460671 -0.0821135 0.883765 1 
0.106066 0.231191 0.0161915 -0.465847 0.277032 0.840381 1 
0.106284 0.231223 0.0163953 -0.450224 0.321589 0.832994 1 
0.105902 0.23095 0.0164039 -0.481165 -0.356478 0.800877 1 
0.10795 0.233639 0.0168899 -0.322775 0.371727 0.870422 1 
0.106888 0.232653 0.0164115 -0.423333 0.0753505 0.902835 1 
0.106994 0.232063 0.0163891 -0.411895 0.1468 0.899329 1 
0.107858 0.233323 0.0167429 -0.316612 0.328616 0.889814 1 
0.106816 0.231426 0.0162363 -0.440434 0.0586337 0.895868 1 
0.106683 0.231397 0.0163829 -0.444907 0.371553 0.814866 1 
0.107026 0.231058 0.0162161 -0.436166 0.160845 0.885374 1 
0.106974 0.231439 0.0166546 -0.421432 0.156778 0.893205 1 
0.107378 0.231205 0.0167006 -0.411727 0.241047 0.87885 1 
0.106852 0.231315 0.0166563 -0.442815 0.41061 0.797066 1 
0.106484 0.231353 0.0166028 -0.444275 0.36784 0.816893 1 
0.106653 0.231271 0.0168761 -0.433661 0.392055 0.811314 1 
0.106906 0.231106 0.0170725 -0.435363 0.409659 0.801647 1 
0.106959 0.230811 0.0170613 -0.444837 0.393448 0.804561 1 
0.106808 0.230794 0.0167843 -0.439927 0.385536 0.811065 1 
0.106934 0.230509 0.016841 -0.447855 0.190671 0.873539 1 
0.106933 0.230191 0.0171856 -0.442815 0.41061 0.797066 1 
0.108191 0.231948 0.0170412 -0.330105 0.379236 0.864413 1 
0.108336 0.231969 0.017177 -0.330105 0.379236 0.864413 1 
0.108591 0.232208 0.0174562 -0.33248 0.426137 0.841347 1 
0.108355 0.231957 0.0176007 -0.33436 0.412118 0.847563 1 
0.109034 0.232585 0.0176604 -0.225284 0.270061 0.936117 1 
0.10899 0.232064 0.0177884 -0.319166 0.434378 0.842288 1 
0.108778 0.232028 0.0177258 -0.319166 0.434378 0.842288 1 
0.108302 0.231036 0.0175046 -0.33436 0.412118 0.847563 1 
0.108501 0.230762 0.0176293 -0.324765 0.421107 0.846875 1 
0.108878 0.231442 0.0175623 -0.33248 0.426137 0.841347 1 
0.109225 0.231997 0.0179885 -0.201292 0.253326 0.946207 1 
0.108843 0.231725 0.0179971 -0.242541 0.279419 0.929031 1 
0.10885 0.23172 0.0181383 -0.242541 0.279419 0.929031 1 
0.108772 0.230498 0.017822 -0.241903 0.278684 0.929418 1 
0.108368 0.230732 0.0177759 -0.324765 0.421107 0.846875 1 
0.108354 0.230422 0.017838 -0.330719 0.411457 0.84931 1 
0.107058 0.229821 0.016815 -0.439138 0.429415 0.789152 1 
0.107277 0.229938 0.0174461 -0.434793 0.431561 0.790386 1 
0.108945 0.230241 0.0173818 -0.306648 0.411432 0.858307 1 
0.108607 0.230172 0.017607 -0.306674 0.417632 0.855298 1 
0.109024 0.230247 0.0175909 -0.238324 0.301116 0.923326 1 
0.108164 0.229795 0.0174028 -0.368542 0.393634 0.842157 1 
0.10811 0.229771 0.0177585 -0.384878 0.407052 0.828359 1 
0.108408 0.230127 0.0178269 -0.319185 0.428175 0.845451 1 
0.111437 0.232556 0.0164208 0.160834 0.213137 0.963693 1 
0.111237 0.232512 0.0166407 0.1713 0.232384 0.957421 1 
0.11082 0.232436 0.0166568 0.0603198 0.2302 0.971272 1 
0.111272 0.23223 0.0162059 0.1713 0.232384 0.957421 1 
0.111145 0.232196 0.0164937 0.0973002 0.226191 0.969211 1 
0.110873 0.232141 0.0166456 0.0606494 0.238884 0.969152 1 
0.110227 0.23343 0.0171375 -0.0353431 0.244964 0.968888 1 
0.0933165 0.221634 0.0173164 0.596057 0.310078 -0.740653 1 
0.093437 0.221439 0.0176594 0.596057 0.310078 -0.740653 1 
0.0935166 0.22023 0.0177613 0.67802 0.146476 -0.720301 1 
0.0937364 0.221967 0.0185825 0.759185 0.0798378 -0.64596 1 
0.0936726 0.221373 0.0178594 0.688214 0.220041 -0.691335 1 
0.0934423 0.221117 0.0181452 0.701517 0.192724 -0.686099 1 
0.0941722 0.22203 0.01899 0.797739 0.0321331 -0.602146 1 
0.0939897 0.221802 0.0187788 0.759635 0.129839 -0.637257 1 
0.0945691 0.222783 0.019774 0.801534 -0.223935 -0.554433 1 
0.0951625 0.223092 0.019828 0.727797 -0.386077 -0.566794 1 
0.0951767 0.223487 0.0201932 0.721958 -0.38647 -0.573949 1 
0.0949755 0.22197 0.0190237 0.823797 0.0263061 -0.566274 1 
0.0952775 0.221918 0.0191505 0.815194 -0.0320504 -0.5783 1 
0.0957354 0.221474 0.0196128 0.834449 0.0289644 -0.550323 1 
0.0945372 0.222486 0.0194125 0.807634 -0.190121 -0.558195 1 
0.0948994 0.222453 0.0193248 0.775879 -0.29036 -0.560092 1 
0.0947197 0.222715 0.0196237 0.78372 -0.289739 -0.549395 1 
0.0950252 0.222169 0.0193815 0.813783 -0.0971898 -0.572985 1 
0.0953254 0.221713 0.0194255 0.816907 0.0207337 -0.576396 1 
0.0953414 0.222512 0.0198736 0.770289 -0.336097 -0.541936 1 
0.0955079 0.221941 0.0196367 0.822771 -0.0319119 -0.567476 1 
0.0954142 0.223824 0.0204761 0.783986 -0.389569 -0.483324 1 
0.0956842 0.223475 0.0202413 0.710292 -0.450794 -0.54062 1 
0.0959845 0.223019 0.0202853 0.712799 -0.523384 -0.466891 1 
0.0962024 0.22305 0.0204891 0.769771 -0.544786 -0.332657 1 
0.0959367 0.222991 0.0207823 0.850461 -0.503813 -0.151291 1 
0.0965779 0.223094 0.0211112 0.867486 -0.495115 0.0482703 1 
0.0960482 0.222311 0.0204738 0.849732 -0.311104 -0.42564 1 
0.0960429 0.222401 0.0207599 0.871417 -0.410703 -0.268245 1 
0.0957161 0.222238 0.0208402 0.923961 -0.062664 -0.377318 1 
0.0956647 0.221635 0.0203996 0.83556 0.00954147 -0.549316 1 
0.0963582 0.222659 0.0208246 0.838645 -0.527274 -0.136592 1 
0.0960491 0.222397 0.0209012 0.908198 -0.362413 -0.209362 1 
0.0963769 0.222646 0.0212482 0.909253 -0.416143 -0.00913167 1 
0.0965691 0.222377 0.0212317 0.933593 -0.346916 -0.0897428 1 
0.0962927 0.221428 0.0207907 0.87996 -0.00132325 -0.475046 1 
0.0964052 0.222136 0.0214441 0.961546 0.0208765 -0.27385 1 
0.0968135 0.221493 0.0215486 0.974342 -0.0829491 -0.20923 1 
0.094027 0.221776 0.0196261 0.822802 0.0608958 -0.565057 1 
0.095431 0.221873 0.0210543 0.917391 0.0770122 -0.390465 1 
0.0958481 0.221949 0.0210382 0.934275 -0.0537241 -0.352482 1 
0.0960855 0.222286 0.0213211 0.906517 0.182453 -0.380708 1 
0.0958667 0.221936 0.0214619 0.984598 -0.055288 -0.165864 1 
0.0961865 0.221786 0.0215849 0.984984 -0.0503618 -0.16514 1 
0.0961033 0.221955 0.0220893 0.665505 0.564925 -0.487814 1 
0.0963043 0.222403 0.0219522 -0.170386 0.881057 -0.441257 1 
0.0963 0.222579 0.0226658 0.0578131 0.91022 -0.41007 1 
0.0963726 0.222589 0.0227337 -0.234517 0.876824 -0.41974 1 
0.0966816 0.22155 0.0221226 0.993851 -0.0887166 -0.0662567 1 
0.0964425 0.22211 0.0222915 -0.391253 0.828442 -0.400757 1 
0.0970953 0.222119 0.0224755 -0.112226 0.913052 -0.3921 1 
0.0965772 0.222311 0.0229997 -0.210625 0.864905 -0.455606 1 
0.0965232 0.222288 0.0233554 -0.307065 0.814115 -0.492878 1 
0.0962983 0.221942 0.023355 -0.434849 0.773609 -0.460908 1 
0.0939515 0.220207 0.0177415 0.710286 0.127104 -0.692342 1 
0.0936212 0.220537 0.0181907 0.731808 0.175695 -0.658474 1 
0.0953837 0.221328 0.0191282 0.823947 0.0785391 -0.561198 1 
0.0951181 0.221269 0.0194213 0.830586 0.0783572 -0.55135 1 
0.0962484 0.220907 0.0209187 0.878791 0.0256483 -0.476518 1 
0.0963865 0.220614 0.0212578 0.907021 0.0359612 -0.419547 1 
0.0964627 0.221432 0.0214914 0.970797 -0.0376655 -0.236928 1 
0.0962989 0.221192 0.0217038 0.961386 0.0462565 -0.271288 1 
0.0964786 0.22093 0.0214048 0.944309 0.0318593 -0.327513 1 
0.096352 0.220897 0.0216927 0.950337 0.0630129 -0.304777 1 
0.0962449 0.221168 0.0220596 0.975354 0.0572305 -0.213092 1 
0.0964229 0.220503 0.0216778 0.947332 0.0420753 -0.317477 1 
0.0964583 0.220306 0.0216703 0.936041 0.0589117 -0.346924 1 
0.0966744 0.219934 0.0217913 0.951537 0.0136822 -0.307228 1 
0.0962236 0.220459 0.0218976 0.953331 0.0735316 -0.292836 1 
0.096259 0.220262 0.0218902 0.945127 0.0555957 -0.321938 1 
0.0964751 0.21989 0.0220112 0.953938 0.00863851 -0.29988 1 
0.0960049 0.220109 0.0220384 0.946976 0.0501114 -0.317372 1 
0.0959251 0.219785 0.0221739 0.953938 0.00863851 -0.29988 1 
0.124274 0.252947 -0.0153283 0.274989 -0.751849 -0.599254 0 
0.124025 0.252704 -0.0154662 0.253913 -0.755431 -0.60403 0 
0.12356 0.252515 -0.0153805 0.202884 -0.738745 -0.642724 0 
0.123783 0.252225 -0.0146909 0.0984049 -0.718209 -0.688834 0 
0.123587 0.251687 -0.0148401 0.0770392 -0.710796 -0.699167 0 
0.125125 0.252915 -0.0157915 0.192352 -0.737091 -0.64784 0 
0.125295 0.252833 -0.0155182 0.243623 -0.737156 -0.630276 0 
0.124926 0.25287 -0.0155717 0.243623 -0.737156 -0.630276 0 
0.124625 0.253008 -0.0152711 0.300296 -0.73709 -0.605409 0 
0.124426 0.252964 -0.0150512 0.24716 -0.750926 -0.61239 0 
0.124293 0.252935 -0.0149046 0.232816 -0.751574 -0.617197 0 
0.124478 0.252351 -0.0147178 0.149462 -0.714098 -0.683904 0 
0.124498 0.252656 -0.0146387 0.176214 -0.718647 -0.672678 0 
0.124895 0.252426 -0.0147339 0.176214 -0.718647 -0.672678 0 
0.124715 0.252688 -0.0144349 0.172528 -0.716069 -0.676372 0 
0.125069 0.251937 -0.0144021 0.130328 -0.702572 -0.699576 0 
0.124094 0.25289 -0.0146847 0.192838 -0.732785 -0.652564 0 
0.124281 0.25271 -0.0144151 0.162569 -0.718647 -0.676105 0 
0.124093 0.252572 -0.0143401 0.136748 -0.716799 -0.683739 0 
0.124219 0.252288 -0.0142834 0.0770392 -0.710796 -0.699167 0 
0.12475 0.252173 -0.0140978 0.117281 -0.70814 -0.696263 0 
0.12496 0.251805 -0.014118 0.114111 -0.709859 -0.695039 0 
0.125032 0.251497 -0.0137055 0.0678017 -0.714082 -0.696771 0 
0.124551 0.252129 -0.0138779 0.0770392 -0.710796 -0.699167 0 
0.125124 0.251813 -0.0135585 0.0770392 -0.710796 -0.699167 0 
0.124899 0.251468 -0.0135589 0.029626 -0.709612 -0.703969 0 
0.123895 0.251398 -0.0138001 0.023844 -0.708307 -0.705502 0 
0.124362 0.251672 -0.0134584 0.0181996 -0.709784 -0.704184 0 
0.124548 0.251407 -0.0136161 0.0181996 -0.709784 -0.704184 0 
0.124229 0.251643 -0.0133118 0.0125265 -0.708442 -0.705658 0 
0.124584 0.25121 -0.0136236 0.01537 -0.708419 -0.705625 0 
0.124451 0.25118 -0.013477 0.023844 -0.708307 -0.705502 0 
0.124251 0.251136 -0.0132571 0.023844 -0.705502 -0.708307 0 
0.124997 0.251779 -0.0132707 0.0325091 -0.710961 -0.70248 0 
0.12472 0.250513 -0.0133672 0.023844 -0.705502 -0.708307 0 
0.122702 0.250553 -0.0132772 -0.032491 -0.68231 -0.73034 0 
0.122521 0.250411 -0.013061 -0.0441188 -0.67886 -0.732941 0 
0.122269 0.250661 -0.01283 -0.0470499 -0.677233 -0.734263 0 
0.123273 0.251282 -0.0137053 0.0267534 -0.70826 -0.705444 0 
0.123164 0.25115 -0.0134212 0.0181996 -0.704184 -0.709784 0 
0.123688 0.250721 -0.0130323 0.0125263 -0.702864 -0.711214 0 
0.122945 0.2508 -0.0132805 -0.0295573 -0.688264 -0.724858 0 
0.122973 0.25029 -0.0130845 -0.0295503 -0.682471 -0.730315 0 
0.123409 0.250353 -0.012677 -0.0411122 -0.67906 -0.732931 0 
0.123905 0.250667 -0.0132559 0.0181997 -0.70699 -0.70699 0 
0.122872 0.250471 -0.0130038 -0.0411122 -0.67906 -0.732931 0 
0.122764 0.250743 -0.0126369 -0.0441188 -0.67886 -0.732941 0 
0.122539 0.250398 -0.0126374 -0.073759 -0.669616 -0.739036 0 
0.122237 0.250132 -0.0124196 -0.0983718 -0.679793 -0.726777 0 
0.12216 0.250297 -0.0117739 -0.092213 -0.712821 -0.695257 0 
0.12196 0.250253 -0.011554 -0.169582 -0.713468 -0.679857 0 
0.123608 0.250079 -0.0125523 -0.0647041 -0.665734 -0.743379 0 
0.123884 0.249725 -0.0126458 -0.058748 -0.669154 -0.740798 0 
0.123786 0.249499 -0.0125067 -0.058722 -0.663128 -0.746199 0 
0.122593 0.250103 -0.0126485 -0.0861173 -0.667044 -0.740025 0 
0.123408 0.250034 -0.0123324 -0.0860323 -0.65472 -0.75096 0 
0.123667 0.249779 -0.0124222 -0.0829777 -0.656543 -0.749711 0 
0.123468 0.249735 -0.0122024 -0.0677504 -0.676063 -0.733723 0 
0.123268 0.249691 -0.0119825 -0.041138 -0.716368 -0.696509 0 
0.123587 0.249455 -0.0122868 -0.0411353 -0.693627 -0.719159 0 
0.124275 0.249267 -0.0121103 -0.0677386 -0.673062 -0.736477 0 
0.122392 0.24974 -0.0120841 -0.0619176 -0.721412 -0.689733 0 
0.122339 0.250035 -0.0120729 -0.0709663 -0.708215 -0.702421 0 
0.122326 0.249726 -0.0120108 -0.0677611 -0.730955 -0.679053 0 
0.122572 0.249246 -0.0116111 -0.0179971 -0.804334 -0.593906 0 
0.123069 0.249647 -0.0117626 -0.0209787 -0.73705 -0.675513 0 
0.122989 0.249322 -0.0116272 0.0236931 -0.781872 -0.622989 0 
0.123407 0.249398 -0.0116433 -0.0125347 -0.742335 -0.669912 0 
0.122771 0.248972 -0.0114864 0.0549096 -0.829276 -0.556136 0 
0.121928 0.249637 -0.011571 -0.0319987 -0.81388 -0.580151 0 
0.122199 0.249692 -0.011723 -0.113845 -0.749604 -0.652022 0 
0.121924 0.248829 -0.0117366 -0.0882858 -0.803256 -0.589055 0 
0.122373 0.249202 -0.0113912 -0.015072 -0.82622 -0.563145 0 
0.121466 0.24904 -0.0114269 -0.119035 -0.809731 -0.574601 0 
0.121725 0.248785 -0.0115167 -0.0726874 -0.825216 -0.560121 0 
0.122174 0.249158 -0.0111713 -0.0490605 -0.825618 -0.562093 0 
0.122426 0.248907 -0.0114023 -0.0122672 -0.835535 -0.5493 0 
0.122028 0.248819 -0.0109626 -0.151583 -0.790936 -0.592826 0 
0.122425 0.248589 -0.0110578 -0.0726874 -0.825216 -0.560121 0 
0.122081 0.248524 -0.0109738 -0.128322 -0.806807 -0.576712 0 
0.120761 0.247878 -0.010935 -0.33682 -0.685029 -0.645978 0 
0.121291 0.248894 -0.0110696 -0.128322 -0.806807 -0.576712 0 
0.121592 0.248756 -0.0113702 -0.151583 -0.790936 -0.592826 0 
0.121158 0.248864 -0.010923 -0.134846 -0.80167 -0.582359 0 
0.121525 0.248423 -0.0109523 -0.185111 -0.77257 -0.607347 0 
0.121392 0.248393 -0.0108057 -0.254805 -0.729596 -0.634637 0 
0.122027 0.248501 -0.010618 -0.164539 -0.783446 -0.599283 0 
0.120994 0.248623 -0.0107105 -0.254805 -0.729596 -0.634637 0 
0.121163 0.248542 -0.0104372 -0.261913 -0.72542 -0.636528 0 
0.121013 0.248611 -0.0102869 -0.261311 -0.726919 -0.635064 0 
0.120814 0.248566 -0.010067 -0.333969 -0.6826 -0.650017 0 
0.122014 0.248191 -0.0105559 -0.250679 -0.733118 -0.632216 0 
0.120954 0.247694 -0.0105241 -0.26532 -0.729234 -0.630732 0 
0.120884 0.248173 -0.0100819 -0.304879 -0.704931 -0.640407 0 
0.121651 0.247991 -0.00969619 -0.305041 -0.695622 -0.650431 0 
0.121578 0.247663 -0.00941955 0.527945 -0.812819 -0.246168 0 
0.120377 0.248185 -0.01013 -0.432251 -0.625846 -0.649211 0 
0.120528 0.248202 -0.00985291 -0.584647 -0.474083 -0.658356 0 
0.120614 0.248522 -0.0098471 -0.384121 -0.657787 -0.647895 0 
0.120667 0.248227 -0.00985827 -0.579627 -0.482183 -0.656911 0 
0.120402 0.248168 -0.00956509 0.528033 -0.808404 -0.260122 0 
0.119947 0.248869 -0.00874518 0.916146 -0.183229 0.356516 0 
0.120199 0.248618 -0.00897623 0.908002 -0.191386 0.372698 0 
0.120312 0.248342 -0.00920193 0.290394 -0.840124 -0.458108 0 
0.120288 0.248126 -0.00899485 0.169073 -0.824419 -0.540137 0 
0.119982 0.248672 -0.00875263 0.910375 -0.197032 0.363862 0 
0.120331 0.248329 -0.00877826 0.90779 -0.206381 0.365136 0 
0.120022 0.248067 -0.00870167 0.912378 -0.211879 0.350249 0 
0.120654 0.247917 -0.00979614 -0.696948 -0.326542 -0.638463 0 
0.120884 0.247855 -0.0097373 -0.696948 -0.326542 -0.638463 0 
0.120202 0.248038 -0.00977261 0.405989 -0.84176 -0.355828 0 
0.120467 0.247865 -0.00929382 0.227544 -0.832292 -0.505484 0 
0.120574 0.247593 -0.00966071 0.326472 -0.841954 -0.429568 0 
0.12167 0.247979 -0.00927253 -0.459594 -0.58661 -0.66683 0 
0.121308 0.248012 -0.00918479 0.527945 -0.812819 -0.246168 0 
0.121427 0.247732 -0.00926924 0.473843 -0.827271 -0.301821 0 
0.121325 0.247595 -0.00884393 0.238615 -0.826687 -0.50956 0 
0.121047 0.247545 -0.00883321 0.182893 -0.811683 -0.554726 0 
0.121263 0.247405 -0.00948419 0.364917 -0.841033 -0.399373 0 
0.121063 0.247361 -0.00926432 0.247819 -0.829656 -0.500256 0 
0.121082 0.247348 -0.00884065 0.182893 -0.811683 -0.554726 0 
0.1205 0.246946 -0.00903948 0.113272 -0.792905 -0.598724 0 
0.120847 0.247501 -0.00861333 0.144398 -0.802379 -0.579083 0 
0.120665 0.247272 -0.00882456 0.144398 -0.802379 -0.579083 0 
0.121269 0.24847 -0.0080364 0.90064 -0.332749 0.279509 0 
0.12084 0.248488 -0.00787538 0.89846 -0.381297 0.217676 0 
0.121105 0.248229 -0.00782397 0.895605 -0.400474 0.193684 0 
0.121344 0.247901 -0.00876485 0.321133 -0.848599 -0.420421 0 
0.121376 0.248198 -0.00840332 0.906986 -0.237301 0.347945 0 
0.12129 0.247878 -0.0084091 0.904405 -0.247722 0.347397 0 
0.121322 0.248175 -0.00804757 0.906621 -0.213237 0.364099 0 
0.12111 0.248139 -0.00811014 0.909147 -0.209581 0.359901 0 
0.119823 0.248023 -0.00848179 0.909686 -0.221275 0.351437 0 
0.119982 0.247138 -0.00851528 -0.0469659 -0.730107 -0.681717 0 
0.119796 0.247403 -0.00835752 0.907813 -0.28305 0.309448 0 
0.12039 0.246496 -0.00841084 -0.0559604 -0.713137 -0.698788 0 
0.120191 0.246451 -0.00819096 -0.0921562 -0.677275 -0.729936 0 
0.119992 0.246407 -0.00797108 -0.192262 -0.62293 -0.758283 0 
0.12016 0.24624 -0.00812512 -0.0354014 -0.698116 -0.715109 0 
0.119961 0.246196 -0.00790524 -0.185458 -0.620749 -0.761759 0 
0.119828 0.246166 -0.00775865 -0.152417 -0.629284 -0.762083 0 
0.119831 0.24544 -0.00735568 0.726627 -0.679463 -0.101698 0 
0.119446 0.245661 -0.00697803 0.6993 -0.702295 -0.133271 0 
0.119487 0.245375 -0.00727165 0.697996 -0.701011 -0.146233 0 
0.119317 0.245138 -0.00720043 0.618194 -0.749658 -0.236322 0 
0.119288 0.245331 -0.00705177 0.603543 -0.754823 -0.25686 0 
0.119016 0.245276 -0.00689981 0.575539 -0.774218 -0.263329 0 
0.11919 0.245104 -0.00691262 0.579049 -0.77154 -0.263491 0 
0.119394 0.24474 -0.00707409 0.716488 -0.696704 0.0353298 0 
0.11934 0.244717 -0.00671836 0.718675 -0.692854 0.0588137 0 
0.118817 0.245232 -0.00667994 0.712082 -0.700712 0.044061 0 
0.119154 0.244983 -0.00656061 0.713566 -0.699379 0.04114 0 
0.118792 0.245016 -0.00647286 0.721628 -0.686498 0.0892887 0 
0.118593 0.244972 -0.00625299 0.750271 -0.622366 0.223054 0 
0.117923 0.245147 -0.00600584 0.761222 -0.60113 0.243277 0 
0.11771 0.244707 -0.00615121 0.784807 -0.470884 0.402922 0 
0.118087 0.245388 -0.00621828 0.725368 -0.677706 0.120647 0 
0.118597 0.244564 -0.00619458 0.761222 -0.60113 0.243277 0 
0.118464 0.244534 -0.00604799 0.761222 -0.60113 0.243277 0 
0.118198 0.244475 -0.00575481 0.784807 -0.470884 0.402922 0 
0.117413 0.244437 -0.00579219 0.783378 -0.475217 0.400609 0 
0.117141 0.244382 -0.00564025 0.788258 -0.467775 0.399794 0 
0.118066 0.244446 -0.00560824 0.784807 -0.470884 0.402922 0 
0.117812 0.244379 -0.00503262 0.095068 0.753231 0.65085 0 
0.118252 0.24418 -0.00576599 0.784807 -0.470884 0.402922 0 
0.117998 0.244113 -0.00519037 0.788258 -0.467775 0.399794 0 
0.116942 0.244338 -0.00542038 0.0826936 0.761651 0.642689 0 
0.116827 0.24421 -0.0052775 0.152741 0.712288 0.685067 0 
0.117066 0.24365 -0.00544642 0.152741 0.712288 0.685067 0 
0.116703 0.243365 -0.00501411 0.136375 0.729832 0.669886 0 
0.116868 0.244009 -0.00514372 0.127001 0.730627 0.670862 0 
0.116687 0.243867 -0.00492757 0.129939 0.730346 0.670604 0 
0.117192 0.243451 -0.00496225 0.133455 0.727252 0.673271 0 
0.117556 0.243822 -0.00496721 0.127001 0.730627 0.670862 0 
0.117755 0.243548 -0.00484251 0.127001 0.730627 0.670862 0 
0.116517 0.24363 -0.00485636 0.127001 0.730627 0.670862 0 
0.116534 0.243532 -0.00486007 0.123518 0.733668 0.668188 0 
0.116251 0.243571 -0.00456319 -0.0179973 0.796033 0.604985 0 
0.116377 0.243287 -0.00450642 -0.0179973 0.796033 0.604985 0 
0.11631 0.243272 -0.00443311 -0.124061 0.833397 0.53857 0 
0.116968 0.242958 -0.00376336 -0.374396 0.861266 0.343582 0 
0.116203 0.243544 -0.00406623 -0.267584 0.857799 0.438838 0 
0.115925 0.243493 -0.00405549 -0.309395 0.860457 0.404831 0 
0.116836 0.242929 -0.00361677 -0.35108 0.869269 0.348014 0 
0.11657 0.24287 -0.00332361 0.00930875 0.884331 0.466767 0 
0.115633 0.242815 -0.00363805 -0.0308364 0.891576 0.451821 0 
0.115606 0.242195 -0.0035138 -0.0559165 0.8933 0.445968 0 
0.115559 0.242168 -0.00301683 -0.0066626 0.878131 0.478375 0 
0.116775 0.242592 -0.0030577 -0.025265 0.897572 0.440143 0 
0.115353 0.242128 -0.00293819 -0.0589161 0.886482 0.458998 0 
0.115027 0.24205 -0.00243048 -0.0681986 0.869881 0.488525 0 
0.115542 0.242352 -0.00258575 -0.0201989 0.876634 0.480734 0 
0.114793 0.242203 -0.00220317 -0.103302 0.875942 0.471226 0 
0.115794 0.242101 -0.00281678 0.0258011 0.865014 0.501084 0 
0.116081 0.241335 -0.00271069 -0.00400902 0.869958 0.49311 0 
0.11496 0.24195 -0.00278458 -0.0679151 0.880124 0.469861 0 
0.11575 0.24158 -0.0026888 -0.00939772 0.868618 0.495394 0 
0.115807 0.242093 -0.00253435 0.00939772 0.868618 0.495394 0 
0.115861 0.241883 -0.00211812 -0.0230405 0.868762 0.494693 0 
0.114723 0.241698 -0.00264008 -0.127415 0.880454 0.456691 0 
0.114742 0.241686 -0.00221641 -0.116383 0.860658 0.495704 0 
0.113658 0.242042 -0.000671037 0.269504 -0.842393 -0.466627 0 
0.114002 0.241789 -0.000410482 0.185353 -0.824294 -0.534962 0 
0.113114 0.241933 -0.000367127 0.269259 -0.823342 -0.499608 0 
0.113346 0.242274 -0.000225484 0.264734 -0.828262 -0.493861 0 
0.113234 0.241652 -0.00045158 0.278457 -0.826038 -0.490023 0 
0.113685 0.24136 -0.00132988 0.247683 -0.835354 -0.490751 0 
0.113903 0.241392 -0.0011261 0.195307 -0.828162 -0.52536 0 
0.113485 0.241316 -0.00111001 0.244676 -0.832514 -0.497046 0 
0.113818 0.241475 -0.00104908 0.195307 -0.828162 -0.52536 0 
0.113419 0.241301 -0.00103672 0.247819 -0.829656 -0.500256 0 
0.113925 0.240885 -0.00107141 0.202334 -0.816941 -0.540063 0 
0.114049 0.241498 -0.000562876 0.182905 -0.817782 -0.545692 0 
0.113619 0.241431 -0.000829197 0.218773 -0.824607 -0.52169 0 
0.113722 0.241335 -0.000482574 0.199871 -0.804061 -0.559944 0 
0.113818 0.241157 -0.000704527 0.20317 -0.811154 -0.548407 0 
0.113922 0.241465 -0.000275061 0.183565 -0.799496 -0.571935 0 
0.113791 0.240537 -0.000580259 0.187996 -0.784082 -0.5915 0 
0.114081 0.240579 -0.000308551 0.178153 -0.781131 -0.598411 0 
0.114023 0.239663 -0.00054583 0.174911 -0.768089 -0.615992 0 
0.114544 0.241262 -2.52426e-005 0.145273 -0.786271 -0.600561 0 
0.114246 0.240906 -9.36091e-005 0.181324 -0.784723 -0.592732 0 
0.114485 0.240345 -0.000262521 0.164629 -0.780854 -0.602632 0 
0.11465 0.240672 -4.7572e-005 0.164629 -0.780854 -0.602632 0 
0.114756 0.240082 -6.98939e-005 0.162228 -0.762623 -0.62617 0 
0.114406 0.240021 -0.000127099 0.162228 -0.762623 -0.62617 0 
0.1134 0.241081 -0.000688434 0.227037 -0.798491 -0.557554 0 
0.113229 0.240526 -0.000272632 -0.573732 0.00408835 -0.819033 0 
0.113473 0.241092 -0.000620492 0.227037 -0.798491 -0.557554 0 
0.113485 0.241083 -0.000338063 0.194459 -0.779368 -0.595627 0 
0.11365 0.24141 -0.000123121 0.194459 -0.779368 -0.595627 0 
0.113744 0.240828 -0.000427887 0.200439 -0.794106 -0.573776 0 
0.114213 0.240291 -0.000110559 0.17196 -0.768494 -0.616317 0 
0.113831 0.239933 -0.000529289 0.174911 -0.768089 -0.615992 0 
0.113988 0.239945 -0.000110999 0.16858 -0.757849 -0.630275 0 
0.114042 0.23965 -0.00012216 -0.576712 0.128322 -0.806807 0 
0.113717 0.23989 4.09484e-005 -0.537582 0.0261229 -0.842807 0 
0.11377 0.239595 2.97874e-005 0.179181 -0.718256 -0.672312 0 
0.112573 0.239477 0.000149734 0.796274 -0.461678 0.390898 0 
0.113372 0.239825 0.000124976 0.182613 -0.704363 -0.685948 0 
0.113153 0.239475 0.000265762 0.101177 -0.640785 -0.761024 0 
0.113425 0.23953 0.000113815 0.183008 -0.702812 -0.687433 0 
0.113255 0.239293 0.000185028 0.101177 -0.640785 -0.761024 0 
0.112862 0.239115 0.000338636 0.768457 -0.546136 0.333481 0 
0.112809 0.23941 0.000349805 0.0951869 -0.642878 -0.760031 0 
0.112378 0.239025 0.000428014 0.835619 -0.495239 0.237653 0 
0.112755 0.239387 0.000705518 0.0585349 -0.632463 -0.772376 0 
0.112881 0.239103 0.000762291 0.0647186 -0.645748 -0.760803 0 
0.11276 0.239065 0.0011913 0.120714 -0.698949 -0.70491 0 
0.112934 0.238807 0.000751123 0.80788 -0.508665 0.29764 0 
0.112668 0.238749 0.0010443 0.830558 -0.478389 0.285163 0 
0.112535 0.238719 0.00119088 0.827328 -0.527856 0.192085 0 
0.111683 0.238666 0.0012268 0.614586 0.219384 0.75773 0 
0.112065 0.238938 0.00121815 0.807544 -0.578911 0.112851 0 
0.112442 0.238085 0.00138843 0.721813 0.0469819 0.690492 0 
0.112481 0.238696 0.00154661 0.820734 -0.530344 0.212443 0 
0.112703 0.238234 0.00138141 0.811764 -0.529277 0.246789 0 
0.112503 0.238189 0.00160129 0.721813 0.0469819 0.690492 0 
0.112137 0.238631 0.00163063 0.664818 0.139567 0.733851 0 
0.112269 0.238342 0.00182862 0.710173 0.0588224 0.701565 0 
0.112044 0.237996 0.00182819 0.784474 -0.132482 0.605846 0 
0.112105 0.238101 0.00204106 0.784474 -0.132482 0.605846 0 
0.111725 0.238233 0.00213252 0.799525 -0.170787 0.57584 0 
0.111645 0.237908 0.00226794 0.807723 -0.25679 0.5307 0 
0.111706 0.238013 0.00248081 0.812906 -0.277234 0.512178 0 
0.111393 0.238159 0.00249898 0.8181 -0.340216 0.463643 0 
0.111512 0.237879 0.00241453 0.8181 -0.340216 0.463643 0 
0.111247 0.23782 0.0027077 0.814838 -0.321188 0.482574 0 
0.11143 0.237297 0.00126781 0.814147 -0.24657 0.525707 0 
0.111177 0.237548 0.00149885 0.812906 -0.277234 0.512178 0 
0.11199 0.237973 0.00218391 0.789947 -0.144849 0.59582 0 
0.111698 0.237613 0.00225679 0.810984 -0.28706 0.509806 0 
0.110881 0.237278 0.00185787 0.819497 -0.356648 0.448583 0 
0.110589 0.236599 0.00227531 0.524352 -0.829594 -0.19191 0 
0.111499 0.237569 0.00247666 0.818987 -0.350089 0.454641 0 
0.111167 0.237495 0.00284313 0.820094 -0.393327 0.41562 0 
0.108457 0.236364 0.00370749 -0.390741 -0.690803 -0.608369 0 
0.110558 0.237689 0.00287575 0.821182 -0.395502 0.411385 0 
0.110282 0.236827 0.00286208 0.579251 -0.810373 -0.0881154 0 
0.110067 0.237285 0.0031685 0.747816 -0.611849 0.257704 0 
0.110372 0.236739 0.0029263 0.540932 -0.829821 -0.137075 0 
0.110901 0.237436 0.0031363 0.820768 -0.427054 0.379427 0 
0.111172 0.237173 0.00332893 0.814228 -0.380823 0.438185 0 
0.11092 0.237424 0.00355997 0.812503 -0.429398 0.39428 0 
0.1109 0.237118 0.00348087 0.774973 -0.572944 0.266742 0 
0.111159 0.236863 0.00339106 0.667871 -0.743797 0.0267148 0 
0.11096 0.236819 0.00361093 0.676937 -0.73202 0.0768259 0 
0.110265 0.237011 0.00329317 0.661425 -0.745738 0.0799524 0 
0.10997 0.237059 0.00330765 0.593606 -0.804727 0.00685457 0 
0.110133 0.236981 0.00343976 0.603682 -0.797081 0.0151956 0 
0.109722 0.236901 0.0035971 0.591469 -0.804228 0.058154 0 
0.109922 0.237031 0.0038046 0.656137 -0.742825 0.133021 0 
0.109526 0.236363 0.00344799 0.588367 -0.806701 0.0552923 0 
0.110906 0.236796 0.00396667 0.622964 -0.781177 0.0409659 0 
0.110925 0.237101 0.00404575 0.664332 -0.742831 0.0828598 0 
0.110846 0.236777 0.00418118 0.634695 -0.768315 0.0827863 0 
0.110646 0.236732 0.00440105 0.629314 -0.77014 0.104152 0 
0.109734 0.236893 0.00387952 0.617696 -0.779089 0.107106 0 
0.109601 0.236863 0.00402611 -0.47912 -0.600161 -0.640508 0 
0.109345 0.236307 0.00409154 -0.413823 -0.669761 -0.616579 0 
0.109455 0.236524 0.00423483 -0.413823 -0.669761 -0.616579 0 
0.10923 0.236179 0.0042344 -0.383255 -0.699071 -0.603668 0 
0.109283 0.235884 0.00422323 -0.387587 -0.700955 -0.598698 0 
0.110064 0.23633 0.00420221 0.68405 -0.70258 0.196105 0 
0.109111 0.236459 0.00431886 -0.383255 -0.699071 -0.603668 0 
0.109084 0.235839 0.00444312 -0.722689 0.63692 -0.268427 0 
0.109018 0.235825 0.00451641 -0.725661 0.633564 -0.268352 0 
0.108977 0.236111 0.00481001 -0.725661 0.633564 -0.268352 0 
0.108699 0.236061 0.00482075 -0.640404 0.749927 -0.165805 0 
0.109103 0.235827 0.00486679 -0.656849 0.730687 -0.186133 0 
0.108632 0.236046 0.00489404 -0.642669 0.746473 -0.172498 0 
0.108234 0.235958 0.0053338 -0.526777 0.849685 -0.0232603 0 
0.108154 0.235633 0.00546921 -0.552494 0.832238 -0.0461577 0 
0.107888 0.235574 0.00576238 -0.562351 0.82617 -0.034713 0 
0.107703 0.23584 0.00592014 -0.559921 0.82813 -0.0262679 0 
0.109302 0.235638 0.00541884 -0.657946 0.728826 -0.189525 0 
0.109103 0.235594 0.00563872 -0.515632 0.856681 -0.014887 0 
0.108612 0.23519 0.00593147 -0.555211 0.83073 -0.0403537 0 
0.108298 0.235018 0.00629421 -0.583589 0.809034 -0.0699165 0 
0.108231 0.235003 0.0063675 -0.586815 0.806693 -0.069961 0 
0.108631 0.235177 0.00635514 -0.574202 0.816863 -0.0550218 0 
0.108377 0.235024 0.00650337 -0.58558 0.807844 -0.0669641 0 
0.107357 0.235456 0.00634873 -0.594076 0.802073 -0.0612596 0 
0.107535 0.234559 0.00673892 -0.605831 0.795241 -0.0236762 0 
0.108032 0.234959 0.00658739 -0.596016 0.800852 -0.0583214 0 
0.108177 0.23498 0.00672323 -0.596016 0.800852 -0.0583214 0 
0.107815 0.235013 0.00681098 -0.606072 0.794503 -0.0379674 0 
0.107796 0.234707 0.0067319 -0.606072 0.794503 -0.0379674 0 
0.10777 0.234406 0.0065116 -0.606788 0.793492 -0.046676 0 
0.107336 0.234514 0.0069588 -0.613769 0.789131 -0.02366 0 
0.106634 0.234392 0.00684439 -0.64742 0.759391 -0.0645985 0 
0.107451 0.234642 0.00681593 -0.605831 0.795241 -0.0236762 0 
0.105518 0.233383 0.00672168 -0.647647 0.757762 -0.0796881 0 
0.105848 0.234268 0.00637962 -0.650966 0.756837 -0.0586585 0 
0.105835 0.233959 0.00644174 -0.639545 0.768294 -0.0265894 0 
0.105582 0.23421 0.00667278 -0.644685 0.760583 -0.0767827 0 
0.105889 0.233749 0.00685795 -0.652239 0.749853 -0.110925 0 
0.105617 0.233695 0.00700991 -0.629082 0.776103 -0.0438237 0 
0.104854 0.233468 0.00668263 -0.566231 0.823734 0.029073 0 
0.105418 0.23365 0.0072298 -0.613074 0.788643 -0.0467239 0 
0.105157 0.233502 0.00723681 -0.558418 0.828576 0.0403844 0 
0.105509 0.233648 0.00772138 -0.609243 0.789866 -0.0702422 0 
0.106356 0.234109 0.00762708 -0.600616 0.799441 0.0124265 0 
0.106322 0.234392 0.00806191 -0.600218 0.799835 -0.00136724 0 
0.106233 0.234565 0.00842507 -0.568721 0.821795 0.0347629 0 
0.106074 0.234235 0.00835136 -0.590882 0.806002 -0.0349221 0 
0.106327 0.234069 0.00854769 -0.578659 0.815569 0.00136155 0 
0.105857 0.234289 0.00857496 -0.63243 0.765729 -0.117007 0 
0.106093 0.234222 0.00877501 -0.602389 0.796064 -0.0583876 0 
0.105658 0.234245 0.00879484 -0.6272 0.769543 -0.120102 0 
0.105459 0.2342 0.00901472 -0.600188 0.795932 -0.0791614 0 
0.105694 0.234134 0.00921477 -0.604336 0.790733 -0.0975674 0 
0.10596 0.234192 0.0089216 -0.648985 0.743217 -0.162626 0 
0.105051 0.233394 0.00957502 -0.355365 0.925055 0.134126 0 
0.105561 0.234104 0.00936136 -0.547392 0.836786 -0.0122856 0 
0.105343 0.233754 0.00950214 -0.355953 0.917537 0.177268 0 
0.105601 0.233499 0.00941233 -0.410704 0.901856 0.134079 0 
0.105402 0.233455 0.00963219 -0.42671 0.899289 0.0959056 0 
0.105165 0.233204 0.0097767 -0.280959 0.946031 0.161517 0 
0.105829 0.233265 0.0086164 -0.56559 0.824067 -0.0319621 0 
0.105702 0.233232 0.00890422 -0.418164 0.899687 0.125308 0 
0.105973 0.232968 0.00909682 -0.361071 0.91613 0.174164 0 
0.105503 0.233187 0.0091241 -0.355953 0.917537 0.177268 0 
0.105774 0.232924 0.0093167 -0.43654 0.896491 0.0757404 0 
0.105304 0.233143 0.00934397 -0.397014 0.911611 0.106516 0 
0.105157 0.232804 0.00955269 -0.426389 0.904262 0.0224415 0 
0.105054 0.232582 0.0095506 -0.427382 0.903721 0.0251401 0 
0.104145 0.232016 0.00943205 -0.391203 0.918995 0.0490661 0 
0.104966 0.233159 0.00999659 -0.233232 0.947931 0.216865 0 
0.104886 0.232749 0.00970463 -0.427382 0.903721 0.0251401 0 
0.104686 0.232705 0.0099245 -0.301078 0.938978 0.166349 0 
0.104563 0.232178 0.00984336 -0.303575 0.938198 0.166211 0 
0.105072 0.232569 0.00997427 -0.303575 0.938198 0.166211 0 
0.104857 0.233027 0.0102807 -0.136821 0.952431 0.272313 0 
0.104857 0.233027 0.0102807 -0.136821 0.952431 0.272313 0 
0.104728 0.232504 0.0100583 -0.300939 0.938545 0.169021 0 
0.104905 0.232822 0.0105557 -0.138088 0.958723 0.248558 0 
0.104417 0.231838 0.0100521 -0.267741 0.943273 0.196344 0 
0.104747 0.232491 0.0104819 -0.241367 0.94774 0.208639 0 
0.104929 0.23272 0.0106932 -0.12903 0.960558 0.24633 0 
0.1048 0.232196 0.0104708 -0.238659 0.947818 0.211384 0 
0.101215 0.229202 0.0134422 -0.0308366 0.151899 0.987915 0 
0.0998916 0.22905 0.01385 -0.673979 0.631135 0.383954 0 
0.100618 0.229155 0.0145293 -0.760638 0.600668 0.246227 0 
0.10148 0.229028 0.013921 0.07686 0.0679487 0.994724 0 
0.101189 0.228668 0.0139939 0.337448 0.0241944 0.941033 0 
0.100156 0.228472 0.0142459 -0.705483 0.651092 0.279953 0 
0.100216 0.228491 0.0140314 -0.705483 0.651092 0.279953 0 
0.100461 0.227926 0.0140037 -0.705483 0.651092 0.279953 0 
0.0998517 0.22812 0.0140364 0.216268 0.74838 0.627021 0 
0.100689 0.228761 0.0145144 -0.74637 0.613822 0.257206 0 
0.100678 0.22764 0.0145521 0.525389 0.485359 0.698851 0 
0.100795 0.228171 0.014492 -0.711632 0.654574 0.255173 0 
0.100933 0.227878 0.0148313 0.525389 0.485359 0.698851 0 
0.10143 0.228278 0.0146797 -0.695694 0.64727 0.311529 0 
0.10155 0.228084 0.0150227 -0.65082 0.667214 0.362296 0 
0.100525 0.22852 0.0147268 -0.711632 0.654574 0.255173 0 
0.100769 0.227637 0.0150437 -0.229675 0.742149 0.629654 0 
0.100244 0.227748 0.0149993 -0.522088 0.754491 0.397703 0 
0.101085 0.227895 0.0151083 0.223958 0.68127 0.696932 0 
0.100537 0.22721 0.0144746 -0.522507 0.71824 0.459475 0 
0.100367 0.226974 0.0145458 0.700955 0.387587 0.598698 0 
0.100483 0.227187 0.0148304 0.695767 0.394984 0.599913 0 
0.0999892 0.227044 0.016264 -0.612056 -0.500773 -0.612056 0 
0.100061 0.226736 0.0166765 -0.621058 -0.503242 -0.600861 0 
0.0998617 0.226692 0.0168964 -0.619181 -0.50783 -0.598935 0 
0.0997199 0.226177 0.0163916 -0.565251 -0.545003 -0.619245 0 
0.10032 0.226567 0.0170141 -0.628739 -0.500631 -0.595026 0 
0.0992453 0.226572 0.0171324 -0.561078 -0.530749 -0.635214 0 
0.099704 0.226447 0.0172501 -0.640168 -0.492308 -0.589761 0 
0.0995225 0.226304 0.0174662 -0.60556 -0.527967 -0.595439 0 
0.0987546 0.226168 0.0174252 -0.504329 -0.612279 -0.608906 0 
0.099286 0.226053 0.0176107 -0.552312 -0.589471 -0.589471 0 
0.0991771 0.225921 0.0178948 -0.548784 -0.602818 -0.579178 0 
0.0992657 0.225429 0.0178762 -0.566679 -0.61066 -0.553146 0 
0.100121 0.226523 0.017234 -0.647269 -0.48251 -0.590108 0 
0.0993242 0.226346 0.0181135 -0.553374 -0.597373 -0.58045 0 
0.0989052 0.225866 0.0180468 -0.518378 -0.619689 -0.589296 0 
0.0988255 0.225542 0.0181822 -0.511355 -0.619365 -0.595738 0 
0.0980763 0.225392 0.0185648 -0.397265 -0.47834 -0.78318 0 
0.0978833 0.225344 0.0189259 -0.373404 -0.436962 -0.818311 0 
0.0989457 0.224511 0.0164466 -0.510096 -0.631307 -0.584169 0 
0.0999457 0.225074 0.0170568 -0.602955 -0.562421 -0.565798 0 
0.100169 0.225016 0.0169744 -0.553146 -0.566679 -0.61066 0 
0.100003 0.224371 0.017104 -0.581574 -0.622032 -0.52426 0 
0.100164 0.22389 0.0171534 -0.55972 -0.617214 -0.552956 0 
0.100653 0.224874 0.017657 -0.59187 -0.612105 -0.524421 0 
0.100386 0.224729 0.0175228 -0.59187 -0.612105 -0.524421 0 
0.100095 0.224369 0.0175956 -0.605519 -0.615639 -0.504318 0 
0.10044 0.22452 0.017939 -0.605519 -0.615639 -0.504318 0 
0.100677 0.224857 0.0182219 -0.612842 -0.626274 -0.481878 0 
0.100325 0.224392 0.0180819 -0.595277 -0.625631 -0.504214 0 
0.10069 0.224849 0.0185043 -0.612842 -0.626274 -0.481878 0 
0.100508 0.224706 0.0187205 -0.624375 -0.597448 -0.503202 0 
0.100598 0.224532 0.0183573 -0.612842 -0.626274 -0.481878 0 
0.100544 0.224509 0.018713 -0.595277 -0.625631 -0.504214 0 
0.100597 0.224214 0.0187019 -0.573477 -0.644111 -0.506207 0 
0.0989513 0.225257 0.018239 -0.524325 -0.618737 -0.585019 0 
0.0988946 0.224512 0.0188565 -0.42071 -0.5329 -0.734181 0 
0.0985945 0.224735 0.0195845 -0.39299 -0.441111 -0.806833 0 
0.0990241 0.224803 0.0198508 -0.435096 -0.487636 -0.756903 0 
0.0982482 0.224266 0.0195857 -0.228817 -0.474302 -0.850106 0 
0.0985051 0.224909 0.0199477 -0.378545 -0.442434 -0.812992 0 
0.099134 0.224788 0.0207661 0.494004 -0.849209 -0.186557 0 
0.0988621 0.224733 0.020918 0.504503 -0.816889 -0.279585 0 
0.0988752 0.223741 0.0203213 0.299735 -0.840189 -0.451931 0 
0.0983431 0.224839 0.0210149 0.306202 -0.75829 -0.575531 0 
0.0981518 0.223893 0.0209242 0.538081 -0.807898 -0.240353 0 
0.0974636 0.224081 0.0207476 0.549627 -0.693299 -0.466097 0 
0.0985539 0.224557 0.021422 0.55643 -0.815997 -0.156636 0 
