0.118115 0.241046 0.000871308 -0.516492 -0.155392 -0.842074 2 
0.118314 0.240856 0.00105572 -0.518893 -0.152268 -0.841169 2 
0.11875 0.24007 0.00064072 -0.554305 -0.121391 -0.823414 2 
0.118806 0.240645 0.00117479 -0.539556 -0.153097 -0.827914 2 
0.118357 0.240512 0.00119722 -0.499331 -0.147896 -0.853695 2 
0.118847 0.240329 0.00145497 -0.539556 -0.153097 -0.827914 2 
0.118761 0.24002 0.00101141 -0.554305 -0.121391 -0.823414 2 
0.117717 0.240575 0.00168326 -0.470195 -0.130849 -0.872809 2 
0.118356 0.24054 0.0013359 -0.499331 -0.147896 -0.853695 2 
0.118182 0.240547 0.00147693 -0.480639 -0.153396 -0.863398 2 
0.118705 0.240043 0.00136685 -0.513747 -0.120116 -0.849492 2 
0.118331 0.240269 0.00146215 -0.473389 -0.137529 -0.870051 2 
0.118428 0.23993 0.00138689 -0.506176 -0.104677 -0.856054 2 
0.118196 0.240442 0.00157031 -0.485539 -0.147266 -0.861722 2 
0.118036 0.240344 0.00180474 -0.472606 -0.127848 -0.871951 2 
0.118015 0.240017 0.00165374 -0.481242 -0.109957 -0.869664 2 
0.11829 0.240159 0.00177234 -0.487302 -0.131586 -0.863262 2 
0.118215 0.239799 0.00169947 -0.473984 -0.0824928 -0.876661 2 
0.117528 0.240715 0.00186957 -0.472606 -0.127848 -0.871951 2 
0.117142 0.239993 0.00143365 -0.460409 -0.0909623 -0.883034 2 
0.118056 0.239702 0.00193392 -0.454501 -0.0645364 -0.888405 2 
0.117388 0.239376 0.00134365 -0.449831 0.00923407 -0.893066 2 
0.11754 0.239641 0.00194112 -0.454893 -0.0448104 -0.889418 2 
0.117504 0.23882 0.000807181 -0.427409 0.0224952 -0.903778 2 
0.117286 0.239227 0.001084 -0.452981 -0.00131299 -0.891519 2 
0.118895 0.239874 0.00104192 -0.554305 -0.121391 -0.823414 2 
0.118334 0.238589 -3.80725e-006 -0.370105 0.0298681 -0.92851 2 
0.118735 0.239777 0.00127634 -0.50851 -0.0925859 -0.856064 2 
0.118673 0.23934 0.00143551 -0.484237 -0.0538041 -0.873281 2 
0.118771 0.238973 0.0012216 -0.486286 -0.0340537 -0.873136 2 
0.11843 0.238877 0.000949092 -0.449799 -0.0172489 -0.892963 2 
0.118265 0.239316 0.00114775 -0.456086 -0.0336346 -0.8893 2 
0.117867 0.239243 0.00123071 -0.461471 -0.0365387 -0.886403 2 
0.117816 0.239183 0.0011702 -0.454035 -0.0199722 -0.89076 2 
0.118425 0.238988 0.0015037 -0.428745 0.00917802 -0.903379 2 
0.118377 0.238844 0.00102723 -0.399773 0.0275253 -0.916201 2 
0.11805 0.239214 0.00159899 -0.465725 -0.0420918 -0.883928 2 
0.11807 0.238398 0.000248253 -0.148233 0.20237 -0.968025 2 
0.117995 0.238638 0.00106494 -0.382555 0.0489777 -0.922634 2 
0.117646 0.238508 5.7593e-006 -0.295622 0.101169 -0.949933 2 
0.114773 0.240048 0.00291423 -0.423621 0.14406 -0.894311 2 
0.114866 0.239793 0.00325488 -0.382655 0.0141724 -0.923783 2 
0.115064 0.23963 0.00357795 -0.382655 0.0141724 -0.923783 2 
0.115015 0.239514 0.00324012 -0.415107 0.104124 -0.903795 2 
0.114908 0.239449 0.00339641 0.293999 -0.838443 -0.458888 2 
0.114603 0.239972 0.0026393 -0.423621 0.14406 -0.894311 2 
0.114457 0.239769 0.00296716 0.39552 -0.860294 -0.321648 2 
0.114871 0.239681 0.00270028 -0.411548 0.1222 -0.903158 2 
0.114711 0.239584 0.00293473 0.326496 -0.866056 -0.378612 2 
0.114753 0.239268 0.0032149 0.389239 -0.868538 -0.306812 2 
0.114432 0.239526 0.00323207 0.309905 -0.789862 -0.529223 2 
0.114325 0.239461 0.00338835 0.216738 -0.728179 -0.650215 2 
0.114727 0.239025 0.00347986 0.408479 -0.858576 -0.309827 2 
0.114371 0.239061 0.0032526 0.230358 -0.734952 -0.637794 2 
0.114366 0.239145 0.00366853 0.199377 -0.718686 -0.666137 2 
0.109795 0.235885 0.00687471 0.176257 0.712692 0.678973 2 
0.109636 0.235787 0.00710918 0.153042 0.716723 0.680357 2 
0.109529 0.235722 0.00726547 0.120386 0.726775 0.676243 2 
0.109837 0.235569 0.0071549 0.153042 0.716723 0.680357 2 
0.109677 0.235471 0.00738935 0.0982093 0.749029 0.655217 2 
0.109575 0.235323 0.00712971 0.10785 0.743131 0.660397 2 
0.109741 0.235281 0.00620199 0.179598 0.713786 0.676945 2 
0.109635 0.235216 0.0063583 0.162569 0.718647 0.676105 2 
0.109315 0.235021 0.00682717 0.0982093 0.749029 0.655217 2 
0.109912 0.234904 0.00692864 0.139594 0.730995 0.667952 2 
0.109976 0.234886 0.00722118 0.120505 0.742373 0.659061 2 
0.109672 0.234984 0.0070544 0.0982093 0.749029 0.655217 2 
0.109623 0.234868 0.00671663 0.113935 0.741316 0.661414 2 
0.109703 0.235289 0.00771479 0.088873 0.756149 0.648336 2 
0.109262 0.235587 0.00779487 0.0705982 0.759291 0.64691 2 
0.109206 0.23561 0.0081503 0.0616512 0.769924 0.635151 2 
0.109146 0.235544 0.0074418 0.0829995 0.746996 0.659628 2 
0.109517 0.235374 0.00762378 0.0826936 0.761651 0.642689 2 
0.109411 0.235308 0.00778009 0.0705982 0.759291 0.64691 2 
0.109492 0.23513 0.00788873 0.0438826 0.779978 0.624266 2 
0.109441 0.235042 0.00768958 0.0438826 0.779978 0.624266 2 
0.109198 0.235178 0.00809266 0.0645985 0.759391 0.64742 2 
0.109043 0.234997 0.00791116 0.0647309 0.737932 0.671763 2 
0.108939 0.234876 0.00779013 0.0648685 0.736618 0.673191 2 
0.10872 0.235283 0.00806697 0.0679279 0.721192 0.689396 2 
0.108735 0.23515 0.0080217 0.0677927 0.719757 0.690909 2 
0.108375 0.23527 0.00821043 0.0617891 0.722788 0.688302 2 
0.108576 0.235052 0.00825614 0.0237801 0.756766 0.653253 2 
0.109102 0.23489 0.00713975 0.0891871 0.741276 0.665248 2 
0.109078 0.234619 0.00726607 0.0738858 0.743204 0.664972 2 
0.108731 0.234634 0.00754813 0.0677927 0.719757 0.690909 2 
0.10809 0.234725 0.00817282 0.0097273 0.746223 0.665625 2 
0.109748 0.234889 0.00757904 0.0950956 0.750524 0.653965 2 
0.109718 0.235156 0.00766952 0.088873 0.756149 0.648336 2 
0.109563 0.234974 0.00748802 0.0826936 0.761651 0.642689 2 
0.109456 0.234909 0.00764431 0.0438826 0.779978 0.624266 2 
0.104404 0.233687 0.0102205 0.298017 0.67819 0.671747 2 
0.104244 0.233589 0.010455 0.329976 0.629067 0.70384 2 
0.10399 0.233775 0.0104874 0.318764 0.648855 0.690925 2 
0.104346 0.233738 0.0107146 0.329976 0.629067 0.70384 2 
0.104497 0.233431 0.0105612 0.34405 0.611464 0.712559 2 
0.10412 0.233713 0.0109338 0.361133 0.599709 0.714095 2 
0.104031 0.233459 0.0107675 0.365245 0.59127 0.719024 2 
0.104125 0.233175 0.0109696 0.404675 0.569848 0.7152 2 
0.104277 0.23344 0.011567 0.384355 0.611999 0.691179 2 
0.104121 0.233259 0.0113855 0.422267 0.571302 0.703778 2 
0.103923 0.233421 0.0110625 0.390864 0.58877 0.707513 2 
0.101909 0.233945 0.00862975 0.672921 0.592772 0.442492 2 
0.103425 0.232999 0.00926723 0.341291 0.658087 0.67115 2 
0.104091 0.233352 0.00999617 0.322901 0.637689 0.699348 2 
0.104289 0.23319 0.0103192 0.372164 0.582018 0.723014 2 
0.10424 0.233074 0.00998139 0.34405 0.611464 0.712559 2 
0.103769 0.233212 0.0107423 0.41074 0.562499 0.717557 2 
0.104009 0.233132 0.0106165 0.413553 0.548658 0.726601 2 
0.103015 0.233003 0.00911814 0.351855 0.692254 0.630066 2 
0.103159 0.233435 0.0105475 0.449 0.572517 0.686019 2 
0.1055 0.232766 0.0101995 0.50809 0.432452 0.744869 2 
0.104676 0.232886 0.0104559 0.392374 0.563114 0.727287 2 
0.10498 0.232789 0.0106227 0.431909 0.534508 0.726468 2 
0.105181 0.232571 0.0106684 0.524625 0.467999 0.711158 2 
0.104931 0.232247 0.0108752 0.557384 0.450899 0.697146 2 
0.104156 0.232909 0.0108791 0.397197 0.585083 0.707044 2 
0.104167 0.232859 0.0112498 0.461675 0.538343 0.705013 2 
0.104197 0.232593 0.0111592 0.49184 0.515181 0.701913 2 
0.104321 0.233068 0.0115699 0.430015 0.579441 0.692341 2 
0.104265 0.233092 0.0119254 0.590884 0.467016 0.657839 2 
0.104243 0.232765 0.0117744 0.63271 0.416825 0.652638 2 
0.104059 0.232822 0.0115447 0.506797 0.520178 0.687438 2 
0.104342 0.232398 0.0115604 0.603945 0.430914 0.670495 2 
0.104084 0.232667 0.0120088 0.671559 0.402935 0.621814 2 
0.104998 0.2326 0.0103001 0.434781 0.524051 0.732349 2 
0.104333 0.232818 0.0103221 0.403356 0.548235 0.732627 2 
0.104534 0.2326 0.0103678 0.434316 0.530096 0.728263 2 
0.10421 0.232914 0.0106623 0.406583 0.55473 0.725923 2 
0.104411 0.232696 0.010708 0.431663 0.544127 0.719439 2 
0.104374 0.232502 0.0106023 0.442037 0.534748 0.720172 2 
0.104402 0.232291 0.010789 0.487519 0.507486 0.710481 2 
0.104417 0.232158 0.0107438 0.50455 0.494559 0.707702 2 
0.104713 0.232055 0.0102625 0.480237 0.496854 0.722848 2 
0.105333 0.232237 0.0103764 0.55523 0.425953 0.714341 2 
0.105069 0.232018 0.0104898 0.560371 0.437322 0.703373 2 
0.104732 0.232437 0.0106908 0.459768 0.526161 0.71538 2 
0.104821 0.231666 0.0105579 0.585992 0.426628 0.688914 2 
0.104117 0.232743 0.0109119 0.451044 0.544248 0.707356 2 
0.104216 0.232376 0.0106981 0.505245 0.50191 0.702007 2 
0.104108 0.232339 0.010993 0.518833 0.492141 0.699006 2 
0.10419 0.232133 0.010963 0.535129 0.475114 0.698501 2 
0.103748 0.232459 0.0111817 0.547977 0.484298 0.682039 2 
0.104044 0.23193 0.0112908 0.65703 0.392232 0.64379 2 
0.104551 0.232013 0.0107743 0.501325 0.488001 0.714513 2 
0.104153 0.23194 0.0108572 0.539604 0.47278 0.69664 2 
0.103692 0.232483 0.0115371 0.597058 0.459918 0.657265 2 
0.104082 0.23042 0.0137581 -0.852377 -0.258621 -0.454499 2 
0.104325 0.230284 0.013355 -0.822055 -0.282338 -0.494481 2 
0.104321 0.230367 0.0137709 -0.852377 -0.258621 -0.454499 2 
0.104366 0.229968 0.0136351 -0.776384 -0.332736 -0.535271 2 
0.104207 0.22987 0.0138696 -0.784611 -0.335345 -0.521469 2 
0.104368 0.229514 0.0140868 -0.743533 -0.384022 -0.547436 2 
0.103382 0.230243 0.0120557 -0.470326 -0.45066 -0.758748 2 
0.103924 0.230121 0.0123739 -0.675093 -0.363006 -0.642242 2 
0.104396 0.229529 0.0120647 -0.72595 -0.371988 -0.578465 2 
0.104442 0.229129 0.011929 -0.711606 -0.376346 -0.593279 2 
0.104193 0.229803 0.0122963 -0.65002 -0.376847 -0.659894 2 
0.104125 0.229903 0.0124197 -0.659294 -0.373216 -0.652718 2 
0.104219 0.22962 0.0126217 -0.590298 -0.386407 -0.708687 2 
0.103783 0.230406 0.0130367 -0.648784 -0.369561 -0.665209 2 
0.103969 0.230321 0.0131277 -0.639537 -0.366624 -0.675706 2 
0.103839 0.230383 0.0126812 -0.661953 -0.369577 -0.652098 2 
0.103988 0.230104 0.0126665 -0.654768 -0.365948 -0.661332 2 
0.10388 0.230067 0.0129614 -0.651591 -0.359442 -0.668004 2 
0.103779 0.230489 0.0134526 -0.566697 -0.392581 -0.724386 2 
0.103757 0.230163 0.0133016 -0.488872 -0.39467 -0.777972 2 
0.103483 0.23042 0.012454 -0.441875 -0.458181 -0.771244 2 
0.104319 0.229824 0.0131587 -0.752349 -0.344625 -0.561431 2 
0.104386 0.229751 0.0131739 -0.725419 -0.357004 -0.588486 2 
0.104269 0.229708 0.0128209 -0.598073 -0.383887 -0.703519 2 
0.104431 0.229352 0.0130382 -0.72006 -0.372332 -0.585562 2 
0.103958 0.229944 0.0133474 -0.6046 -0.362105 -0.709463 2 
0.103921 0.229751 0.0132416 -0.595467 -0.369091 -0.713576 2 
0.104226 0.229654 0.0134083 -0.641474 -0.365854 -0.674286 2 
0.104358 0.229536 0.0135775 -0.721125 -0.367921 -0.587038 2 
0.104162 0.229671 0.0131158 -0.598246 -0.37206 -0.7097 2 
0.104256 0.229387 0.0133178 -0.629904 -0.376627 -0.679244 2 
0.104271 0.229254 0.0132726 -0.636662 -0.376733 -0.672855 2 
0.104085 0.229765 0.0125912 -0.63329 -0.376684 -0.676057 2 
0.103855 0.229225 0.0123369 -0.537867 -0.384191 -0.750398 2 
0.103661 0.229477 0.0130777 -0.27623 -0.338271 -0.899594 2 
0.104118 0.229017 0.0128138 -0.560737 -0.359197 -0.746024 2 
0.103917 0.229834 0.0136576 -0.568562 -0.356776 -0.741248 2 
0.104266 0.229365 0.0138272 -0.726871 -0.388868 -0.566074 2 
0.103487 0.229484 0.0132188 -0.211794 -0.322666 -0.922513 2 
0.103554 0.229411 0.013234 -0.197427 -0.306641 -0.931125 2 
0.103941 0.229108 0.0133707 -0.465171 -0.31168 -0.828536 2 
0.102682 0.229388 0.013014 0.0273248 -0.378643 -0.925139 2 
0.104675 0.229188 0.0124964 -0.714099 -0.372645 -0.59262 2 
0.104638 0.228995 0.0123906 -0.716703 -0.378852 -0.585499 2 
0.10451 0.228603 0.0123959 -0.733751 -0.374229 -0.567064 2 
0.104352 0.229076 0.0133812 -0.737209 -0.392412 -0.550033 2 
0.104569 0.229123 0.0126527 -0.714099 -0.372645 -0.59262 2 
0.104532 0.228929 0.0125469 -0.714207 -0.382552 -0.586142 2 
0.104461 0.229086 0.0129477 -0.713223 -0.375467 -0.591893 2 
0.104412 0.22897 0.0126098 -0.649408 -0.373204 -0.662561 2 
0.104521 0.228553 0.0127666 -0.737059 -0.377518 -0.560557 2 
0.104655 0.228408 0.0127971 -0.694463 -0.517082 0.500348 2 
0.104408 0.229053 0.0130258 -0.7097 -0.37206 -0.598246 2 
0.104301 0.228988 0.0131821 -0.632729 -0.354786 -0.688317 2 
0.104368 0.228915 0.0131973 -0.725734 -0.393312 -0.56446 2 
0.104092 0.228774 0.0130787 -0.335647 -0.175547 -0.925486 2 
0.103907 0.228859 0.0129877 -0.344563 -0.250725 -0.904662 2 
0.105124 0.228896 0.0130643 -0.66071 -0.374018 -0.650824 2 
0.105424 0.228311 0.0128962 -0.62015 -0.423963 -0.660052 2 
0.10385 0.228311 0.0125923 0.0727473 0.163383 -0.983877 2 
0.104499 0.228226 0.0126156 -0.84409 -0.535908 -0.0177273 2 
0.104297 0.229071 0.013598 -0.753157 -0.415139 -0.510309 2 
0.104142 0.22889 0.0134165 -0.825784 -0.550034 -0.124674 2 
0.103934 0.228649 0.0131745 0.151644 0.211264 -0.965594 2 
0.104254 0.228418 0.013296 0.113739 0.226199 -0.967418 2 
0.103775 0.228551 0.0134089 0.0638774 0.189222 -0.979855 2 
0.11931 0.238734 0.000337251 -0.460345 -0.0420965 -0.886741 1 
0.119846 0.237127 0.000160091 0.378042 0.344095 -0.859467 1 
0.119613 0.236642 0.000182994 0.398775 0.361243 -0.842901 1 
0.119458 0.236461 1.50502e-006 0.394323 0.350682 -0.84943 1 
0.120375 0.236685 0.000975318 0.416439 0.35358 -0.837592 1 
0.120326 0.236568 0.000637509 0.40735 0.348042 -0.844353 1 
0.11997 0.236605 0.000410244 0.394323 0.350682 -0.84943 1 
0.120822 0.23525 4.14923e-005 0.41622 0.33204 -0.846469 1 
0.120588 0.23579 0.000363559 0.426234 0.347593 -0.835167 1 
0.120377 0.235632 0.0005375 0.426234 0.347593 -0.835167 1 
0.120871 0.235366 0.000379287 0.41622 0.33204 -0.846469 1 
0.121604 0.235647 0.00112347 0.41622 0.33204 -0.846469 1 
0.121962 0.235582 0.00121208 0.420292 0.360475 -0.832714 1 
0.12158 0.235376 0.00124977 0.423831 0.354506 -0.833482 1 
0.121531 0.23526 0.000911944 0.423831 0.354506 -0.833482 1 
0.121722 0.234637 0.00103872 0.420292 0.360475 -0.832714 1 
0.122031 0.234456 0.000789516 0.385816 0.370195 -0.845045 1 
0.121465 0.234279 0.000458896 0.420292 0.360475 -0.832714 1 
0.121203 0.234033 0.000433683 0.420292 0.360475 -0.832714 1 
0.121482 0.234119 0.000274986 0.420292 0.360475 -0.832714 1 
0.118813 0.238058 0.000612244 0.180851 0.329458 -0.926688 1 
0.118497 0.237779 0.000665188 0.145527 0.345106 -0.927213 1 
0.119059 0.237441 0.000522248 0.292478 0.32811 -0.89822 1 
0.1189 0.237315 0.000618003 0.292478 0.32811 -0.89822 1 
0.119505 0.236605 0.000477947 0.39201 0.363898 -0.84493 1 
0.119706 0.236387 0.000523686 0.394495 0.357073 -0.846683 1 
0.119417 0.236351 0.000311673 0.394495 0.357073 -0.846683 1 
0.119395 0.236024 0.000160664 0.428169 0.380417 -0.819728 1 
0.119257 0.236253 0.00054612 0.398775 0.361243 -0.842901 1 
0.119205 0.236193 0.000485592 0.393281 0.349756 -0.850295 1 
0.119077 0.235801 0.000490882 0.424452 0.37994 -0.821879 1 
0.119289 0.235959 0.00031694 0.424452 0.37994 -0.821879 1 
0.119504 0.235608 0.000317439 0.42817 0.358652 -0.829481 1 
0.120369 0.2352 0.000479899 0.41622 0.33204 -0.846469 1 
0.121734 0.235585 0.0015699 0.420292 0.360475 -0.832714 1 
0.121267 0.235041 0.00102538 0.417695 0.360951 -0.833814 1 
0.121639 0.234871 0.00120736 0.420292 0.360475 -0.832714 1 
0.121358 0.234242 0.000753842 0.420292 0.360475 -0.832714 1 
0.11885 0.236628 -0.000470646 0.396758 0.343857 -0.851085 1 
0.118865 0.236495 -0.000515908 0.392047 0.34246 -0.853827 1 
0.120802 0.234469 0.000342175 0.420292 0.360475 -0.832714 1 
0.121359 0.233615 -0.000274323 0.420292 0.360475 -0.832714 1 
0.121207 0.23395 1.76951e-005 0.420292 0.360475 -0.832714 1 
0.121154 0.233917 9.58592e-005 0.420292 0.360475 -0.832714 1 
0.120999 0.233736 -8.5637e-005 0.420292 0.360475 -0.832714 1 
0.121355 0.233699 0.000141636 0.420292 0.360475 -0.832714 1 
0.121119 0.233696 -0.000148527 0.420292 0.360475 -0.832714 1 
0.120963 0.233514 -0.000330053 0.420292 0.360475 -0.832714 1 
0.120808 0.233333 -0.000511572 0.42014 0.375748 -0.826012 1 
0.120942 0.233188 -0.000481062 0.405412 0.380172 -0.831331 1 
0.1192 0.235705 0.000150695 0.430055 0.369752 -0.823611 1 
0.119084 0.235662 -0.00020238 0.42817 0.358652 -0.829481 1 
0.119099 0.235529 -0.00024762 0.423189 0.350822 -0.835365 1 
0.118988 0.235547 0.000324622 0.428311 0.365092 -0.826594 1 
0.119073 0.235285 1.73077e-005 0.432962 0.344796 -0.832862 1 
0.119639 0.234437 4.87641e-005 0.417695 0.360951 -0.833814 1 
0.119618 0.234083 -0.000240885 0.420292 0.360475 -0.832714 1 
0.119205 0.234171 2.59504e-005 0.420914 0.364162 -0.830793 1 
0.120459 0.234401 0.000208333 0.420292 0.360475 -0.832714 1 
0.120304 0.23422 2.68221e-005 0.420292 0.360475 -0.832714 1 
0.120349 0.23382 -0.000108927 0.420292 0.360475 -0.832714 1 
0.120193 0.233639 -0.000290476 0.420292 0.360475 -0.832714 1 
0.119971 0.233531 -0.000487216 0.420292 0.360475 -0.832714 1 
0.121302 0.233067 -0.000669748 0.376983 0.40853 -0.831256 1 
0.121458 0.233249 -0.000488237 0.38224 0.388532 -0.838412 1 
0.125934 0.248075 0.00400832 -0.361794 -0.931261 -0.0431018 1 
0.125965 0.247809 0.00391782 -0.424406 -0.905311 -0.0170813 1 
0.125521 0.248762 0.00516468 -0.107932 -0.976349 -0.18733 1 
0.125827 0.248637 0.00519278 -0.118233 -0.970023 -0.212312 1 
0.125347 0.248171 0.00441622 -0.127727 -0.978415 -0.162449 1 
0.125978 0.248303 0.0049007 -0.197714 -0.970711 -0.136486 1 
0.125827 0.248038 0.00430324 -0.322806 -0.945268 -0.0475849 1 
0.125775 0.247978 0.00424276 -0.313568 -0.948384 -0.0473552 1 
0.126063 0.248041 0.00459339 -0.314813 -0.947029 -0.0634807 1 
0.123512 0.249521 0.00513715 -0.100994 -0.95092 -0.29249 1 
0.123713 0.249303 0.00518288 -0.100293 -0.954736 -0.280038 1 
0.124938 0.248774 0.00515662 -0.107333 -0.97105 -0.213404 1 
0.124341 0.248891 0.00505516 -0.1193 -0.965941 -0.229619 1 
0.124648 0.248738 0.00494462 -0.108776 -0.973985 -0.198798 1 
0.124213 0.248499 0.00506044 -0.107333 -0.97105 -0.213404 1 
0.123242 0.248842 0.00505429 -0.108638 -0.954186 -0.278795 1 
0.122882 0.248963 0.00524299 -0.13152 -0.939626 -0.31592 1 
0.122912 0.249122 0.00456212 -0.122506 -0.955024 -0.270041 1 
0.122324 0.248647 0.00421911 -0.150903 -0.952158 -0.26575 1 
0.121482 0.249354 0.00406905 -0.0626976 -0.95326 -0.295575 1 
0.122247 0.24934 0.00458403 -0.104647 -0.947118 -0.303343 1 
0.122526 0.249 0.00501574 -0.1282 -0.940585 -0.314428 1 
0.12213 0.2483 0.00407048 -0.140404 -0.959206 -0.245378 1 
0.121691 0.248968 0.00328291 -0.0965678 -0.971948 -0.214456 1 
0.121719 0.248332 0.00406004 -0.0505631 -0.968098 -0.245416 1 
0.12268 0.24861 0.00444638 -0.132007 -0.960645 -0.244409 1 
0.123514 0.248468 0.00469934 -0.120498 -0.962691 -0.242292 1 
0.123874 0.248348 0.00451064 -0.122354 -0.972528 -0.198037 1 
0.123358 0.248287 0.00451784 -0.110458 -0.968727 -0.222185 1 
0.124099 0.248002 0.00515912 -0.107283 -0.960379 -0.257221 1 
0.122886 0.248879 0.00482703 -0.129029 -0.951091 -0.280672 1 
0.122849 0.248686 0.00472129 -0.125867 -0.952617 -0.276908 1 
0.124325 0.248027 0.00493991 -0.107333 -0.97105 -0.213404 1 
0.126385 0.247236 -2.08616e-006 -0.68766 -0.696974 0.203349 1 
0.126536 0.246902 -0.000294141 -0.678973 -0.712692 0.176257 1 
0.126722 0.247416 0.000686377 -0.566015 -0.705444 0.426586 1 
0.129517 0.246545 0.00197033 -0.409577 -0.638409 0.651675 1 
0.129398 0.246131 0.00248494 -0.340413 -0.685712 0.643364 1 
0.129359 0.245993 0.00265648 -0.340413 -0.685712 0.643364 1 
0.130581 0.245947 0.00231715 -0.367538 -0.513258 0.775553 1 
0.130373 0.245705 0.00207515 -0.406046 -0.534271 0.741404 1 
0.130797 0.245595 0.00231767 -0.337637 -0.554112 0.760895 1 
0.129812 0.246043 0.00221811 -0.397431 -0.572234 0.717354 1 
0.130265 0.245668 0.0023701 -0.382761 -0.519578 0.763893 1 
0.129822 0.246022 0.00272744 -0.358955 -0.621206 0.696602 1 
0.129704 0.246006 0.00251304 -0.384355 -0.611999 0.691179 1 
0.13057 0.24557 0.00253684 -0.337637 -0.554112 0.760895 1 
0.129398 0.24673 0.00337446 -0.341919 -0.740554 0.578507 1 
0.129906 0.246359 0.00330966 -0.341214 -0.680796 0.648144 1 
0.12734 0.247626 0.000938848 -0.518135 -0.711395 0.474819 1 
0.127472 0.24711 0.00183701 -0.517218 -0.735342 0.4379 1 
0.127984 0.246655 0.00135625 -0.459642 -0.725139 0.512741 1 
0.127843 0.246341 0.00112949 -0.444317 -0.703919 0.554149 1 
0.127676 0.246808 0.00146681 -0.486122 -0.721717 0.492758 1 
0.127981 0.246711 0.00163354 -0.474628 -0.732614 0.487858 1 
0.12718 0.245932 0.00012324 -0.572829 -0.576208 0.582967 1 
0.127211 0.245638 -0.000105903 -0.619534 -0.592524 0.514872 1 
0.127634 0.246127 0.00102612 -0.446279 -0.666912 0.596711 1 
0.12715 0.245772 0.000804126 -0.435822 -0.652898 0.619502 1 
0.126924 0.246145 0.000294335 -0.557562 -0.638417 0.530611 1 
0.126814 0.245564 -2.29627e-005 -0.597312 -0.549933 0.583775 1 
0.129005 0.246401 0.00156157 -0.394695 -0.678744 0.619292 1 
0.129206 0.246182 0.00160727 -0.43414 -0.590497 0.68032 1 
0.129356 0.245876 0.00145389 -0.43957 -0.552365 0.708288 1 
0.129103 0.246034 0.00134763 -0.43957 -0.552365 0.708288 1 
0.128795 0.246215 0.00159686 -0.398368 -0.676068 0.619867 1 
0.1284 0.246685 0.00229201 -0.460086 -0.747021 0.479875 1 
0.128404 0.246601 0.00187608 -0.447781 -0.738591 0.50396 1 
0.128895 0.246419 0.0021338 -0.401674 -0.705822 0.583501 1 
0.12869 0.24672 0.002504 -0.434164 -0.737914 0.516705 1 
0.128113 0.245596 0.0016422 -0.395105 -0.692674 0.603403 1 
0.129456 0.24608 0.00199085 -0.427989 -0.597853 0.677788 1 
0.129469 0.245975 0.00208424 -0.408948 -0.604315 0.683787 1 
0.129147 0.246261 0.00224007 -0.382858 -0.708205 0.593183 1 
0.128936 0.245504 0.00152448 -0.43957 -0.552365 0.708288 1 
0.12868 0.245717 0.00169553 -0.431301 -0.587835 0.684419 1 
0.128539 0.245431 0.0016074 -0.43957 -0.552365 0.708288 1 
0.128977 0.245188 0.00180465 -0.43957 -0.552365 0.708288 1 
0.127718 0.245893 0.000857458 -0.444455 -0.574296 0.687491 1 
0.127778 0.245361 0.000676438 -0.449703 -0.495826 0.742916 1 
0.127601 0.244853 0.000343919 -0.462052 -0.410173 0.786299 1 
0.12729 0.245089 0.000870414 -0.463082 -0.482858 0.743238 1 
0.127387 0.24475 0.000795119 -0.468434 -0.465147 0.751138 1 
0.127904 0.244783 0.000649288 -0.461849 -0.471711 0.751122 1 
0.127743 0.244713 0.00102241 -0.461849 -0.471711 0.751122 1 
0.127709 0.244464 0.000639334 -0.455084 -0.419455 0.785466 1 
0.126792 0.245238 -0.000173971 -0.609031 -0.531426 0.588786 1 
0.127008 0.244887 -0.000173464 -0.50043 -0.343746 0.794612 1 
0.126844 0.244872 0.000476912 -0.472751 -0.433491 0.767198 1 
0.130177 0.245839 0.00161342 -0.422623 -0.511423 0.748223 1 
0.130185 0.245247 0.00137193 -0.405333 -0.536615 0.740101 1 
0.12986 0.245588 0.00180503 -0.422623 -0.511423 0.748223 1 
0.130216 0.245551 0.00203227 -0.397316 -0.52812 0.750486 1 
0.13022 0.245468 0.00161631 -0.405333 -0.536615 0.740101 1 
0.130066 0.245259 0.00129614 -0.405333 -0.536615 0.740101 1 
0.130775 0.245269 0.00216663 -0.337637 -0.554112 0.760895 1 
0.130926 0.244934 0.00187456 -0.335184 -0.574832 0.746472 1 
0.130685 0.245042 0.00213903 -0.337637 -0.554112 0.760895 1 
0.129723 0.245789 0.00205184 -0.397963 -0.582909 0.708408 1 
0.129909 0.245704 0.00214282 -0.397963 -0.582909 0.708408 1 
0.131287 0.244814 0.00168584 -0.335529 -0.598116 0.727789 1 
0.13138 0.244558 0.00202655 -0.267893 -0.616629 0.740272 1 
0.126082 0.2501 0.00252163 -0.325794 -0.943635 -0.0584093 1 
0.125725 0.249739 0.00302337 -0.247855 -0.961573 -0.118088 1 
0.125147 0.249213 0.00305109 -0.239178 -0.963176 -0.122821 1 
0.125455 0.24906 0.00294054 -0.306169 -0.949512 -0.0684682 1 
0.125295 0.248962 0.00317496 -0.245979 -0.964799 -0.0930388 1 
0.126217 0.249102 0.00373284 -0.351669 -0.934735 -0.0509855 1 
0.126679 0.249131 0.00380379 -0.439817 -0.897119 -0.0416952 1 
0.126453 0.249106 0.00402297 -0.371844 -0.924911 -0.0792013 1 
0.126461 0.248939 0.0031911 -0.477501 -0.878333 0.0228663 1 
0.126199 0.248692 0.00316587 -0.449025 -0.891185 0.0645388 1 
0.125811 0.249023 0.00316776 -0.343744 -0.937836 -0.0479944 1 
0.125852 0.248707 0.00344795 -0.353646 -0.934912 -0.0295777 1 
0.126064 0.248866 0.00327404 -0.407932 -0.91299 -0.0064751 1 
0.125904 0.248768 0.00350845 -0.353034 -0.934959 -0.0349155 1 
0.12732 0.248642 0.00390813 -0.546843 -0.837225 -0.00407079 1 
0.12688 0.248912 0.00384952 -0.47112 -0.881839 -0.0201333 1 
0.126617 0.248694 0.00396298 -0.434578 -0.89991 -0.0361034 1 
0.126908 0.248702 0.00403631 -0.482953 -0.875269 -0.0257034 1 
0.12691 0.248646 0.00375901 -0.510941 -0.859615 0.00134105 1 
0.126648 0.2484 0.00373381 -0.496736 -0.867597 0.0230096 1 
0.126254 0.248271 0.00353944 -0.46679 -0.883227 0.0449098 1 
0.125626 0.248682 0.00366715 -0.334278 -0.93991 -0.0694773 1 
0.126347 0.248015 0.00388012 -0.483912 -0.874816 -0.0229151 1 
0.125198 0.248529 0.000880815 -0.597207 -0.733157 0.325308 1 
0.122413 0.250975 0.00115626 -0.235614 -0.959567 -0.154005 1 
0.123443 0.250127 0.00112002 -0.115378 -0.969936 -0.214273 1 
0.124045 0.249473 0.00125724 -0.23405 -0.967828 -0.0923548 1 
0.123057 0.250004 0.00157364 -0.120249 -0.978108 -0.169836 1 
0.12348 0.249895 0.00181615 -0.137293 -0.968749 -0.206581 1 
0.12384 0.249774 0.00162745 -0.159912 -0.970983 -0.177822 1 
0.123128 0.249848 0.00117297 -0.118848 -0.967399 -0.223639 1 
0.123032 0.24956 0.000220045 -0.33647 -0.921389 0.1945 1 
0.124101 0.24945 0.000901811 -0.285899 -0.957575 -0.0362056 1 
0.124 0.249273 0.000503488 -0.454553 -0.845931 0.278895 1 
0.123894 0.249208 0.000659794 -0.454553 -0.845931 0.278895 1 
0.123017 0.249268 0.000855677 -0.118848 -0.967399 -0.223639 1 
0.123738 0.249027 0.000478268 -0.440633 -0.848797 0.292209 1 
0.122771 0.249885 0.000945702 -0.121213 -0.975949 -0.181194 1 
0.12465 0.249362 0.00200669 -0.236127 -0.966207 -0.103385 1 
0.124245 0.249283 0.00144164 -0.246465 -0.96415 -0.0983306 1 
0.12402 0.24923 0.00152216 -0.223639 -0.967399 -0.118848 1 
0.124855 0.24906 0.00163652 -0.339837 -0.939396 -0.0452254 1 
0.125304 0.249194 0.00161405 -0.480958 -0.875095 0.053746 1 
0.125211 0.249023 0.00186372 -0.393609 -0.919277 0.00128212 1 
0.125618 0.249074 0.00229013 -0.446636 -0.894597 0.0145786 1 
0.12494 0.248798 0.00132917 -0.480645 -0.873009 0.0826766 1 
0.125367 0.248605 0.00115573 -0.597601 -0.744998 0.296397 1 
0.124835 0.249304 0.00223634 -0.257472 -0.961996 -0.0909477 1 
0.124593 0.249413 0.00250077 -0.214081 -0.967851 -0.132038 1 
0.124897 0.249315 0.00266755 -0.214081 -0.967851 -0.132038 1 
0.123712 0.248784 0.000743203 -0.263043 -0.962811 -0.0616703 1 
0.125823 0.248773 0.00191994 -0.547652 -0.823704 0.146931 1 
0.126211 0.248442 0.00191804 -0.553207 -0.796307 0.244658 1 
0.125766 0.248225 0.00152451 -0.612349 -0.763508 0.205145 1 
0.125709 0.248875 0.00290813 -0.375114 -0.926978 0.00127157 1 
0.127209 0.248061 0.00359083 -0.549733 -0.828226 0.108786 1 
0.0974161 0.226785 0.0178125 -0.799744 -0.595859 0.0732261 1 
0.0974981 0.226579 0.0177825 -0.701517 -0.686099 0.192724 1 
0.0958706 0.226972 0.0169664 -0.777502 0.174976 -0.604048 1 
0.096851 0.226608 0.0174819 -0.761729 0.208587 -0.613401 1 
0.0972114 0.226487 0.0172932 -0.770668 0.201512 -0.604536 1 
0.096731 0.226049 0.0166553 -0.83788 0.19777 -0.508767 1 
0.0967938 0.22606 0.0170865 -0.789865 0.181106 -0.58593 1 
0.0962488 0.226064 0.0155656 -0.839969 0.23715 -0.488069 1 
0.0943922 0.230307 0.0183743 0.258576 0.384127 -0.886332 1 
0.094593 0.230089 0.01842 0.274196 0.407507 -0.871065 1 
0.0949945 0.229653 0.0185115 0.251825 0.42373 -0.870079 1 
0.0950397 0.229254 0.0183757 0.239231 0.434829 -0.868154 1 
0.0950849 0.228854 0.0182399 0.237303 0.445889 -0.863059 1 
0.0952339 0.228576 0.0182252 0.264458 0.490252 -0.830491 1 
0.0944333 0.229992 0.0186544 0.274196 0.407507 -0.871065 1 
0.0946341 0.229773 0.0187002 0.268279 0.416818 -0.868498 1 
0.0949687 0.22941 0.0187764 0.251825 0.42373 -0.870079 1 
0.0950357 0.229337 0.0187916 0.241738 0.424918 -0.872358 1 
0.0951204 0.229076 0.0184843 0.237303 0.445889 -0.863059 1 
0.094569 0.228793 0.0182471 0.237303 0.445889 -0.863059 1 
0.0949253 0.228756 0.0184744 0.237303 0.445889 -0.863059 1 
0.0950742 0.228478 0.0184596 0.237303 0.445889 -0.863059 1 
0.0950251 0.228362 0.0181218 0.264458 0.490252 -0.830491 1 
0.096784 0.227279 0.0183562 -0.296212 -0.610036 0.734925 1 
0.0964276 0.227316 0.0181289 -0.305197 -0.67337 0.67337 1 
0.0968549 0.227123 0.0179555 -0.88232 -0.145374 -0.447637 1 
0.0969888 0.226978 0.017986 -0.919144 -0.284256 -0.272713 1 
0.0972113 0.227086 0.0181827 -0.879754 -0.142546 -0.453556 1 
0.0973602 0.226808 0.018168 -0.89828 -0.190105 -0.396172 1 
0.095081 0.228339 0.0177664 0.264458 0.490252 -0.830491 1 
0.0952818 0.228121 0.0178121 0.29483 0.518711 -0.802505 1 
0.095065 0.227475 0.0176511 0.324944 0.606238 -0.72587 1 
0.0947539 0.227112 0.0172881 -0.311772 0.459041 -0.831913 1 
0.0959373 0.227499 0.0178712 -0.318717 -0.694059 0.645524 1 
0.096085 0.227248 0.0179951 -0.318717 -0.694059 0.645524 1 
0.095573 0.227104 0.0175863 -0.937353 -0.26123 -0.230497 1 
0.095756 0.227074 0.0179546 -0.882142 -0.117903 -0.455987 1 
0.0954666 0.227038 0.0177426 0.573235 0.613818 -0.542798 1 
0.0957778 0.226802 0.0172161 -0.593852 0.331716 -0.733011 1 
0.0955159 0.226556 0.0171909 -0.52626 0.379624 -0.760878 1 
0.0955704 0.22656 0.0169741 -0.627304 0.361969 -0.689543 1 
0.0951102 0.227075 0.0175154 -0.331315 0.44751 -0.830642 1 
0.094933 0.226567 0.0171828 -0.39151 0.436254 -0.810186 1 
0.0949666 0.227842 0.017865 0.29483 0.518711 -0.802505 1 
0.0950118 0.227442 0.0177293 0.324944 0.606238 -0.72587 1 
0.0949054 0.227377 0.0178856 0.154387 0.501391 -0.851335 1 
0.0948522 0.227344 0.0179637 0.154387 0.501391 -0.851335 1 
0.0945273 0.227087 0.0175073 -0.125978 0.431721 -0.893167 1 
0.0945942 0.227014 0.0175225 -0.145374 0.447637 -0.88232 1 
0.094795 0.226796 0.0175683 -0.233238 0.437886 -0.868249 1 
0.0951022 0.226643 0.0174577 -0.401279 0.420463 -0.813748 1 
0.0942339 0.226536 0.0168217 -0.196537 0.487593 -0.850662 1 
0.0945903 0.226499 0.017049 -0.269504 0.466627 -0.842393 1 
0.0962228 0.227019 0.0176096 -0.922527 -0.330182 -0.19981 1 
0.0966993 0.226942 0.017774 -0.821908 -0.562813 0.0878045 1 
0.0963882 0.226579 0.0174109 -0.701154 0.262336 -0.662996 1 
0.0960632 0.226921 0.017844 -0.918379 -0.188786 -0.347763 1 
0.0964346 0.226751 0.018026 -0.925777 -0.219748 -0.307647 1 
0.0968921 0.226292 0.0177621 -0.71308 0.237693 -0.65956 1 
0.0970792 0.226179 0.0177144 -0.70888 0.244714 -0.661516 1 
0.0868471 0.222076 0.0122356 -0.439107 0.403721 0.802617 1 
0.0898071 0.22179 0.01362 -0.637886 -0.026637 0.76967 1 
0.0896474 0.221692 0.0138544 -0.638314 -0.0438753 0.768525 1 
0.0895451 0.221544 0.0135948 -0.633072 0.0497922 0.77249 1 
0.0896886 0.221377 0.0141346 -0.64292 -0.0209193 0.765647 1 
0.0896669 0.22105 0.0139836 -0.633072 0.0497922 0.77249 1 
0.0899838 0.220875 0.0143824 -0.65141 0.05274 0.75689 1 
0.0882016 0.221486 0.0126557 -0.578895 0.190928 0.792734 1 
0.0886249 0.221376 0.0128982 -0.611753 0.0762892 0.787362 1 
0.0880557 0.221283 0.0129836 -0.578895 0.190928 0.792734 1 
0.0883056 0.22118 0.0133671 -0.611753 0.0762892 0.787362 1 
0.0878456 0.221097 0.0130189 -0.546374 0.2724 0.792006 1 
0.0868829 0.221272 0.0121808 -0.493802 0.34678 0.797435 1 
0.0865894 0.22132 0.0123848 -0.471979 0.359984 0.804765 1 
0.0871328 0.22117 0.0125644 -0.551236 0.268551 0.789949 1 
0.0875833 0.221276 0.0124033 -0.546374 0.2724 0.792006 1 
0.0874892 0.221133 0.0127916 -0.546374 0.2724 0.792006 1 
0.0892339 0.221181 0.0132318 -0.640064 0.0409754 0.767229 1 
0.0890211 0.221051 0.0135444 -0.640064 0.0409754 0.767229 1 
0.0887684 0.221209 0.0134381 -0.64124 0.0237496 0.766973 1 
0.0891018 0.220873 0.013653 -0.629457 0.162294 0.759898 1 
0.0884121 0.221246 0.0132108 -0.611753 0.0762892 0.787362 1 
0.0886389 0.220845 0.013582 -0.634617 0.126329 0.762432 1 
0.0895371 0.221112 0.0135372 -0.634859 0.0468688 0.771205 1 
0.0893775 0.221014 0.0137716 -0.634859 0.0468688 0.771205 1 
0.0894718 0.220731 0.0139736 -0.63255 0.152476 0.759362 1 
0.0903933 0.220871 0.0145315 -0.652818 0.052854 0.755669 1 
0.087873 0.220886 0.0132056 -0.546374 0.2724 0.792006 1 
0.08692 0.22104 0.0128769 -0.551236 0.268551 0.789949 1 
0.0872764 0.221003 0.0131042 -0.546374 0.2724 0.792006 1 
0.0887825 0.220677 0.0141219 -0.622629 0.175067 0.762683 1 
0.0883197 0.220649 0.0140509 -0.51092 -0.773679 0.374675 1 
0.0894598 0.220382 0.0143319 -0.631194 0.212466 0.745957 1 
0.0901561 0.220469 0.0149703 -0.662609 0.169079 0.729631 1 
0.0899226 0.22041 0.0144029 -0.656849 0.186133 0.730687 1 
0.090212 0.220446 0.0146149 -0.659758 0.166082 0.732895 1 
0.0899185 0.220494 0.0148189 -0.659758 0.166082 0.732895 1 
0.0898968 0.220167 0.0146678 -0.656487 0.199263 0.727543 1 
0.0904345 0.220555 0.0148117 -0.664525 0.113961 0.738525 1 
0.0899144 0.220577 0.0152348 -0.661634 0.111012 0.741563 1 
0.0898408 0.22019 0.0150233 -0.66007 0.186173 0.727769 1 
0.0896605 0.220164 0.0143777 -0.628642 0.226186 0.744076 1 
0.0895009 0.220066 0.0146121 -0.629295 0.240105 0.739147 1 
0.0895515 0.220155 0.0148113 -0.644843 0.209768 0.734966 1 
0.0893454 0.219885 0.0144306 -0.59127 0.365245 0.719024 1 
0.0891857 0.219787 0.0146651 -0.59127 0.365245 0.719024 1 
0.0894943 0.219606 0.0144158 -0.600396 0.364818 0.711641 1 
0.089071 0.219716 0.0141734 -0.579964 0.361048 0.730264 1 
0.0891121 0.2194 0.0144535 -0.578416 0.37851 0.72261 1 
0.089063 0.219284 0.0141157 -0.556634 0.411282 0.721807 1 
0.0887695 0.219332 0.0143197 -0.556634 0.411282 0.721807 1 
0.0892309 0.219388 0.0145293 -0.578416 0.37851 0.72261 1 
0.0885102 0.21903 0.0140171 -0.587089 -0.67072 0.453279 1 
0.0863098 0.220663 0.0117926 -0.427567 0.376704 0.821755 1 
0.0968709 0.221761 0.0237921 -0.772088 -0.0825686 0.630128 1 
0.0966484 0.221652 0.0235953 -0.802426 -0.032097 0.595888 1 
0.0964888 0.221555 0.0238297 -0.798609 -0.023611 0.601387 1 
0.0968465 0.22149 0.0239184 -0.775042 -0.055666 0.629454 1 
0.0935026 0.221251 0.0197504 -0.485911 0.749456 0.449674 1 
0.0939654 0.22128 0.0198214 -0.483735 0.770392 0.415328 1 
0.0937744 0.220877 0.0193955 -0.415686 0.807298 0.418896 1 
0.0935997 0.220912 0.0196752 -0.546923 0.709836 0.443855 1 
0.0935519 0.220768 0.0191987 -0.491349 0.754278 0.435477 1 
0.093511 0.220658 0.0195089 -0.560036 0.69963 0.443708 1 
0.0938522 0.221354 0.020671 -0.892518 0.169246 0.418052 1 
0.0933513 0.22116 0.0206329 -0.888465 0.197599 0.414227 1 
0.0957429 0.222376 0.0231527 -0.829348 0.0290756 0.557975 1 
0.0956011 0.22209 0.0230646 -0.845055 0.0516811 0.532175 1 
0.0947342 0.221356 0.0214004 -0.874314 0.0566301 0.482047 1 
0.0941472 0.221451 0.0218083 -0.866867 0.0257754 0.497872 1 
0.0946278 0.22129 0.0215566 -0.873281 0.0538041 0.484237 1 
0.0941186 0.22109 0.0208706 -0.88915 0.11132 0.44387 1 
0.0944749 0.221054 0.0210979 -0.874314 0.0566301 0.482047 1 
0.0943194 0.220872 0.0209164 -0.889169 0.105352 0.445287 1 
0.0937993 0.220895 0.0213395 -0.879135 0.0451189 0.474432 1 
0.0945241 0.22117 0.0214356 -0.874314 0.0566301 0.482047 1 
0.094658 0.221024 0.0214662 -0.874314 0.0566301 0.482047 1 
0.0943153 0.220956 0.0213323 -0.874314 0.0566301 0.482047 1 
0.0952873 0.221184 0.0220893 -0.855958 -0.0149216 0.51683 1 
0.0948273 0.2211 0.021741 -0.855958 -0.0149216 0.51683 1 
0.0945488 0.221015 0.0218997 -0.855958 -0.0149216 0.51683 1 
0.0950173 0.220506 0.0220065 -0.855958 -0.0149216 0.51683 1 
0.0946757 0.220835 0.0211436 -0.874314 0.0566301 0.482047 1 
0.0947032 0.220625 0.0213304 -0.874314 0.0566301 0.482047 1 
0.0947701 0.220552 0.0213456 -0.874314 0.0566301 0.482047 1 
0.0944451 0.220894 0.0217787 -0.860313 0.00133797 0.509765 1 
0.0946459 0.220676 0.0218245 -0.860313 0.00133797 0.509765 1 
0.0946473 0.220648 0.0216858 -0.860313 0.00133797 0.509765 1 
0.0947169 0.220519 0.0214238 -0.874314 0.0566301 0.482047 1 
0.0948507 0.220374 0.0214543 -0.86648 0.0202764 0.4988 1 
0.0947062 0.220143 0.0216435 -0.860313 0.00133797 0.509765 1 
0.0946557 0.220055 0.0214443 -0.86648 0.0202764 0.4988 1 
0.0963453 0.221722 0.0232899 -0.82813 0.0262679 0.559921 1 
0.0961897 0.221541 0.0231084 -0.836284 0.0205981 0.54791 1 
0.0958785 0.221178 0.0227454 -0.851642 -0.0121857 0.523983 1 
0.0941319 0.221411 0.0203736 -0.873287 0.248008 0.419358 1 
0.0938727 0.221109 0.0200711 -0.80384 0.405931 0.434812 1 
0.0939533 0.220931 0.0201797 -0.873935 0.245183 0.419669 1 
0.0943629 0.220927 0.0203288 -0.890089 0.191464 0.413621 1 
0.094561 0.220764 0.0206519 -0.88915 0.11132 0.44387 1 
0.0942605 0.220778 0.0200692 -0.881158 0.227348 0.414575 1 
0.0942211 0.22064 0.0202407 -0.89015 0.197324 0.410726 1 
0.0939711 0.220742 0.0198572 -0.697537 0.588185 0.409244 1 
0.0938155 0.220561 0.0196757 -0.662386 0.60232 0.445483 1 
0.093593 0.220452 0.0194789 -0.623768 0.643835 0.443159 1 
0.0942525 0.220346 0.0200116 -0.872769 0.257761 0.414528 1 
0.0941093 0.220087 0.0200621 -0.899841 0.113355 0.421232 1 
0.0939932 0.220044 0.0197091 -0.800619 0.420446 0.426889 1 
0.0941546 0.219688 0.0199263 -0.906865 0.0664221 0.416155 1 
0.0942365 0.219482 0.0198963 -0.888909 -0.279371 0.363033 1 
0.0937117 0.221039 0.0204442 -0.87812 0.231084 0.418933 1 
0.0942538 0.220917 0.0207624 -0.88915 0.11132 0.44387 1 
0.0941133 0.220603 0.0205357 -0.894454 0.102183 0.435329 1 
0.0941421 0.220364 0.0205838 -0.894123 0.0931668 0.438023 1 
0.0944984 0.220327 0.0208111 -0.888443 0.087868 0.450498 1 
0.0942976 0.220546 0.0207653 -0.889169 0.105352 0.445287 1 
0.0944957 0.220383 0.0210884 -0.874314 0.0566301 0.482047 1 
0.0939988 0.220106 0.0206344 -0.896434 0.0842565 0.435095 1 
0.0940768 0.219983 0.0210203 -0.885379 0.0337931 0.463641 1 
0.0943552 0.220069 0.0208616 -0.890287 0.0701772 0.44996 1 
0.0941956 0.219971 0.021096 -0.879135 0.0451189 0.474432 1 
0.0943335 0.219742 0.0207106 -0.893221 0.0759307 0.443159 1 
0.0939497 0.21999 0.0202965 -0.903616 0.0866482 0.419487 1 
0.0941288 0.219445 0.0201913 -0.905229 0.0780606 0.417693 1 
0.0940728 0.219468 0.0205467 -0.905185 0.0469355 0.422419 1 
0.0938353 0.219492 0.0203952 -0.906865 0.0664221 0.416155 1 
0.094081 0.219301 0.0197148 -0.884242 -0.314832 0.34496 1 
0.0947009 0.219656 0.0213085 -0.86648 0.0202764 0.4988 1 
0.0942777 0.219166 0.0201765 -0.913474 0.0196025 0.406424 1 
0.0942382 0.219028 0.020348 -0.909243 0.0170565 0.415916 1 
0.0940853 0.218791 0.0198892 -0.887356 -0.313803 0.337826 1 
0.094778 0.221583 0.0222928 -0.855958 -0.0149216 0.51683 1 
0.0955833 0.222279 0.0233871 -0.829348 0.0290756 0.557975 1 
0.0957841 0.222061 0.0234328 -0.82531 0.017852 0.564397 1 
0.0954729 0.221698 0.0230698 -0.84421 0.0373055 0.534712 1 
0.0954839 0.221648 0.0234405 -0.836284 0.0205981 0.54791 1 
0.0953134 0.221001 0.0224147 -0.855958 -0.0149216 0.51683 1 
0.0955359 0.22111 0.0226115 -0.855148 -0.020393 0.517983 1 
0.0951538 0.220904 0.0226492 -0.855958 -0.0149216 0.51683 1 
0.0953093 0.221085 0.0228307 -0.855148 -0.020393 0.517983 1 
0.0954254 0.221128 0.0231837 -0.851642 -0.0121857 0.523983 1 
0.0952658 0.22103 0.0234182 -0.844099 -0.00405168 0.536172 1 
0.0949941 0.220806 0.0228836 -0.855148 -0.020393 0.517983 1 
0.0951497 0.220987 0.0230651 -0.854343 -0.00944771 0.519624 1 
0.0951277 0.221086 0.0223238 -0.855958 -0.0149216 0.51683 1 
0.0946676 0.221002 0.0219755 -0.855958 -0.0149216 0.51683 1 
0.0948166 0.220724 0.0219607 -0.855958 -0.0149216 0.51683 1 
0.094762 0.220719 0.0221775 -0.855958 -0.0149216 0.51683 1 
0.0946432 0.220731 0.0221018 -0.855958 -0.0149216 0.51683 1 
0.0948644 0.220868 0.0224372 -0.855958 -0.0149216 0.51683 1 
0.0947402 0.220392 0.0220265 -0.855958 -0.0149216 0.51683 1 
0.094758 0.220204 0.021704 -0.860313 0.00133797 0.509765 1 
0.0962526 0.221551 0.0235396 -0.823148 0.0178646 0.567546 1 
0.096097 0.22137 0.0233581 -0.82531 0.017852 0.564397 1 
0.0960478 0.221254 0.0230203 -0.845279 0.0204833 0.533932 1 
0.0958213 0.221229 0.0232394 -0.84421 0.0373055 0.534712 1 
0.096093 0.221454 0.023774 -0.823148 0.0178646 0.567546 1 
0.0959374 0.221272 0.0235925 -0.824741 0.0234851 0.565023 1 
0.0957286 0.221059 0.0234891 -0.835069 0.0178258 0.549857 1 
0.0957189 0.22108 0.0229798 -0.849682 -0.0121964 0.527155 1 
0.0951117 0.220222 0.0222085 -0.855958 -0.0149216 0.51683 1 
0.0951419 0.219956 0.022118 -0.855958 -0.0149216 0.51683 1 
0.0948032 0.219804 0.0215682 -0.860313 0.00133797 0.509765 1 
0.0949863 0.219775 0.0219365 -0.855958 -0.0149216 0.51683 1 
0.0945726 0.219863 0.0222033 -0.855958 -0.0149216 0.51683 1 
0.0941876 0.219539 0.0210384 -0.885379 0.0337931 0.463641 1 
0.0941808 0.219678 0.0217317 -0.865181 -0.00133722 0.501457 1 
0.0947514 0.219744 0.0215077 -0.860313 0.00133797 0.509765 1 
0.094742 0.21934 0.0215887 -0.855958 -0.0149216 0.51683 1 
0.0947256 0.219501 0.0217726 -0.855958 -0.0149216 0.51683 1 
0.0990884 0.220923 0.0172744 -0.311357 -0.142762 0.939508 1 
0.0984661 0.220198 0.0165483 -0.320569 -0.137776 0.937152 1 
0.099962 0.221518 0.0182453 -0.315895 -0.211069 0.925019 1 
0.10072 0.221044 0.018564 -0.290636 -0.250548 0.923448 1 
0.0998583 0.221397 0.0181243 -0.289614 -0.189843 0.938128 1 
0.0994133 0.22118 0.0177308 -0.336712 -0.169055 0.926307 1 
0.0996508 0.221155 0.0178823 -0.322922 -0.177537 0.929624 1 
0.0992373 0.220644 0.0172596 -0.293157 -0.162259 0.942195 1 
0.0994013 0.220232 0.0171996 -0.225201 -0.222471 0.948573 1 
0.0992577 0.220999 0.0175493 -0.323228 -0.152674 0.933924 1 
0.0993397 0.220793 0.0175193 -0.293157 -0.162259 0.942195 1 
0.100149 0.22038 0.0178985 -0.258791 -0.239207 0.935846 1 
0.100195 0.219981 0.0177627 -0.243791 -0.224508 0.943484 1 
0.0996552 0.220646 0.0180567 -0.258791 -0.239207 0.935846 1 
0.0992429 0.220706 0.0181849 -0.295146 -0.156414 0.942562 1 
0.0993222 0.220556 0.0184322 -0.239278 -0.211932 0.94754 1 
0.0988714 0.220876 0.0180029 -0.318471 -0.128743 0.939149 1 
0.0992988 0.220683 0.0178294 -0.293157 -0.162259 0.942195 1 
0.0987996 0.220035 0.0182431 -0.248414 -0.209985 0.94562 1 
0.0998382 0.220616 0.018425 -0.245235 -0.234151 0.940762 1 
0.0995775 0.220342 0.0182611 -0.225201 -0.222471 0.948573 1 
0.100249 0.220584 0.0184355 -0.236469 -0.239235 0.941727 1 
0.0999858 0.220366 0.0185489 -0.245235 -0.234151 0.940762 1 
0.0994738 0.220221 0.0181401 -0.225201 -0.222471 0.948573 1 
0.101389 0.220317 0.0187165 -0.264263 -0.275691 0.924207 1 
0.101127 0.220071 0.0186913 -0.222317 -0.247173 0.943123 1 
0.101327 0.219881 0.0188757 -0.2122 -0.245057 0.946001 1 
0.100393 0.219818 0.0180857 -0.243791 -0.224508 0.943484 1 
0.101212 0.219809 0.018384 -0.247148 -0.247148 0.936929 1 
0.100922 0.219774 0.018172 -0.235086 -0.229587 0.94447 1 
0.10095 0.219563 0.0183588 -0.235086 -0.229587 0.94447 1 
0.10036 0.219541 0.0175641 -0.243791 -0.224508 0.943484 1 
0.100641 0.219145 0.0177184 -0.243791 -0.224508 0.943484 1 
0.100334 0.219298 0.017829 -0.225201 -0.222471 0.948573 1 
0.101203 0.218806 0.0175755 -0.229735 -0.232486 0.945078 1 
0.101167 0.218585 0.0173311 -0.225201 -0.222471 0.948573 1 
0.100998 0.219108 0.0179457 -0.245235 -0.234151 0.940762 1 
0.100891 0.219043 0.018102 -0.225201 -0.222471 0.948573 1 
0.100909 0.218854 0.0177794 -0.225201 -0.222471 0.948573 1 
0.100887 0.218527 0.0176284 -0.243791 -0.224508 0.943484 1 
0.100611 0.22001 0.0186985 -0.235086 -0.229587 0.94447 1 
0.0992852 0.220189 0.0168465 -0.272693 -0.184993 0.944148 1 
0.0991229 0.220147 0.0173583 -0.293157 -0.162259 0.942195 1 
0.0988814 0.219656 0.0167332 -0.272693 -0.184993 0.944148 1 
0.0990644 0.219627 0.0171015 -0.225201 -0.222471 0.948573 1 
0.0987041 0.219148 0.0164007 -0.225201 -0.222471 0.948573 1 
0.0986099 0.219604 0.0176785 -0.248414 -0.209985 0.94562 1 
0.0990523 0.219278 0.0174598 -0.225201 -0.222471 0.948573 1 
0.0988556 0.219413 0.0169981 -0.225201 -0.222471 0.948573 1 
0.0987 0.219232 0.0168166 -0.225201 -0.222471 0.948573 1 
0.0989952 0.21873 0.0170644 -0.225201 -0.222471 0.948573 1 
0.0984858 0.219129 0.0172679 -0.225201 -0.222471 0.948573 1 
0.0988356 0.218632 0.0172988 -0.225201 -0.222471 0.948573 1 
0.0982139 0.21933 0.0161429 -0.269598 -0.151565 0.950971 1 
0.0974238 0.218675 0.0164832 -0.192948 -0.164459 0.967329 1 
0.0972013 0.218566 0.0162865 -0.23906 -0.106107 0.96519 1 
0.0975634 0.217992 0.0165495 -0.149756 -0.162341 0.975304 1 
0.0992177 0.218839 0.0172612 -0.225201 -0.222471 0.948573 1 
0.0991919 0.218595 0.0175261 -0.225201 -0.222471 0.948573 1 
0.0989477 0.21816 0.0171783 -0.225201 -0.222471 0.948573 1 
0.0987211 0.218135 0.0173975 -0.225201 -0.222471 0.948573 1 
0.100222 0.217748 0.0174899 -0.225201 -0.222471 0.948573 1 
0.0996113 0.21797 0.017295 -0.225201 -0.222471 0.948573 1 
0.0985696 0.21787 0.0168 -0.20552 -0.213579 0.955063 1 
0.098926 0.217833 0.0170273 -0.222031 -0.222031 0.949423 1 
0.0987664 0.217736 0.0172617 -0.22102 -0.218308 0.950522 1 
0.0985243 0.218869 0.0178253 -0.225201 -0.222471 0.948573 1 
0.0986977 0.218861 0.0176843 -0.225201 -0.222471 0.948573 1 
0.0986759 0.218535 0.0175333 -0.225201 -0.222471 0.948573 1 
0.0984139 0.218288 0.017508 -0.225201 -0.222471 0.948573 1 
0.0979551 0.218775 0.0179107 -0.225201 -0.222471 0.948573 1 
0.0980522 0.218436 0.0178354 -0.221896 -0.224619 0.948846 1 
0.09789 0.217795 0.0174576 -0.194986 -0.205598 0.959015 1 
0.0966829 0.218135 0.0171613 0.33436 -0.115063 0.935395 1 
0.097471 0.217395 0.0173896 -0.146574 -0.161608 0.975909 1 
0.0988726 0.2184 0.017995 -0.225201 -0.222471 0.948573 1 
0.0988235 0.218284 0.0176572 -0.225201 -0.222471 0.948573 1 
0.0987827 0.218174 0.0179673 -0.225201 -0.222471 0.948573 1 
0.0983487 0.217907 0.0179445 -0.22102 -0.218308 0.950522 1 
0.0984591 0.217889 0.0173723 -0.22102 -0.218308 0.950522 1 
0.0986108 0.217554 0.0170802 -0.20552 -0.213579 0.955063 1 
0.0983488 0.217308 0.017055 -0.184439 -0.21363 0.959346 1 
0.0980456 0.217378 0.0167496 -0.15 -0.167647 0.974369 1 
0.097886 0.21728 0.016984 -0.146873 -0.164448 0.97539 1 
0.101196 0.218346 0.0173792 -0.225201 -0.222471 0.948573 1 
0.100986 0.21816 0.0174145 -0.225201 -0.222471 0.948573 1 
0.101087 0.217738 0.0169233 -0.225201 -0.222471 0.948573 1 
0.100933 0.218128 0.0174927 -0.225201 -0.222471 0.948573 1 
0.100826 0.218063 0.0176489 -0.243791 -0.224508 0.943484 1 
0.100874 0.217608 0.0172359 -0.241675 -0.227865 0.943224 1 
0.100671 0.217881 0.0174674 -0.243791 -0.224508 0.943484 1 
0.100582 0.217627 0.0173011 -0.241675 -0.227865 0.943224 1 
0.101236 0.217459 0.0169085 -0.202754 -0.243577 0.948452 1 
0.101076 0.217362 0.017143 -0.201151 -0.255886 0.945548 1 
0.109476 0.227441 0.0126053 0.0318421 -0.557928 0.829278 1 
0.10998 0.227154 0.0129564 0.0209952 -0.659251 0.75163 1 
0.109763 0.226508 0.0127954 0.103651 -0.481338 0.870385 1 
0.109918 0.226689 0.012977 0.0695236 -0.549094 0.832864 1 
0.109162 0.226708 0.0131099 0.105356 -0.316068 0.942869 1 
0.109625 0.226737 0.0131809 0.0831185 -0.497302 0.863587 1 
0.109505 0.226777 0.0132438 0.0821205 -0.455143 0.886624 1 
0.109603 0.22641 0.0130299 0.0999098 -0.454519 0.885116 1 
0.109345 0.226679 0.0134782 0.0787711 -0.440842 0.894122 1 
0.110144 0.225544 0.0111174 0.284388 -0.583075 0.761017 1 
0.109512 0.226039 0.011661 0.102826 -0.452153 0.885994 1 
0.109931 0.225414 0.01143 0.194996 -0.527547 0.826844 1 
0.109825 0.225348 0.0115863 0.193336 -0.564786 0.80227 1 
0.109669 0.225167 0.0114047 0.193994 -0.581982 0.789724 1 
0.109447 0.225059 0.011208 0.148711 -0.608361 0.779604 1 
0.107539 0.227019 0.0118779 -0.0557743 -0.32816 0.942974 1 
0.106863 0.22686 0.0121195 -0.125396 -0.359652 0.924622 1 
0.108119 0.226037 0.0118641 0.0747848 -0.262381 0.962062 1 
0.107599 0.22606 0.0122872 0.0318326 -0.329786 0.943519 1 
0.107826 0.226085 0.012068 0.0747848 -0.262381 0.962062 1 
0.107666 0.225987 0.0123025 0.0469675 -0.298307 0.953314 1 
0.107964 0.225856 0.0116826 0.0747848 -0.262381 0.962062 1 
0.109198 0.226331 0.0124648 0.114169 -0.232187 0.965948 1 
0.109151 0.226159 0.0118497 0.0832319 -0.399786 0.912822 1 
0.109452 0.226145 0.0124324 0.105615 -0.446401 0.888578 1 
0.109808 0.226108 0.0126597 0.109331 -0.4643 0.878904 1 
0.109549 0.225806 0.0123571 0.105615 -0.446401 0.888578 1 
0.109464 0.225469 0.0117749 0.0460867 -0.183165 0.982001 1 
0.109309 0.225288 0.0115934 0.106383 -0.466666 0.878012 1 
0.109082 0.225263 0.0118126 0.105868 -0.45876 0.882231 1 
0.109261 0.226342 0.012896 0.120869 -0.250836 0.960454 1 
0.108883 0.226052 0.0125178 0.118622 -0.220663 0.96811 1 
0.108441 0.22635 0.0125978 0.0747848 -0.262381 0.962062 1 
0.108798 0.226313 0.0128251 0.0988699 -0.255521 0.961735 1 
0.109034 0.226317 0.0131152 0.119974 -0.238658 0.963664 1 
0.108476 0.226001 0.0120914 0.0747848 -0.262381 0.962062 1 
0.108214 0.225754 0.0120661 0.0747848 -0.262381 0.962062 1 
0.108726 0.225898 0.0124749 0.118622 -0.220663 0.96811 1 
0.108316 0.225903 0.0123258 0.0747848 -0.262381 0.962062 1 
0.108156 0.225805 0.0125602 0.0747848 -0.262381 0.962062 1 
0.108357 0.225587 0.012606 0.0920115 -0.228138 0.969271 1 
0.109515 0.226156 0.0128636 0.0969979 -0.456874 0.884227 1 
0.109545 0.22589 0.0127731 0.105615 -0.446401 0.888578 1 
0.109359 0.225975 0.0126821 0.10522 -0.441923 0.890861 1 
0.109188 0.225927 0.0125458 0.0894802 -0.417115 0.904438 1 
0.10907 0.225513 0.0130605 0.096403 -0.445689 0.889982 1 
0.109033 0.225745 0.0123644 0.118622 -0.220663 0.96811 1 
0.108324 0.225736 0.0114939 0.102225 -0.218332 0.970506 1 
0.10819 0.225881 0.0114634 0.0920115 -0.228138 0.969271 1 
0.109086 0.225179 0.0113967 0.105868 -0.45876 0.882231 1 
0.108259 0.225355 0.0119304 0.102225 -0.218332 0.970506 1 
0.107922 0.225774 0.0121314 0.0747848 -0.262381 0.962062 1 
0.107845 0.225442 0.0121972 0.0747848 -0.262381 0.962062 1 
0.107849 0.225359 0.0117813 0.0920115 -0.228138 0.969271 1 
0.105128 0.227815 0.0124879 -0.764719 -0.630558 -0.132671 1 
0.105777 0.227731 0.0125112 -0.084307 -0.237821 0.967643 1 
0.106583 0.226802 0.0124169 -0.200652 -0.411557 0.889022 1 
0.106223 0.226923 0.0126056 -0.0294273 -0.19422 0.980516 1 
0.10629 0.22685 0.0126208 -0.257947 -0.453316 0.85321 1 
0.106183 0.226785 0.0127771 -0.0246084 -0.193352 0.980821 1 
0.105109 0.227433 0.0120595 -0.789266 -0.604075 -0.110233 1 
0.106146 0.227017 0.012081 -0.283543 -0.460176 0.841333 1 
0.106224 0.226895 0.0124669 -0.272427 -0.460201 0.844984 1 
0.105476 0.227346 0.0126575 -0.527188 -0.560874 0.638352 1 
0.105348 0.226954 0.0126628 -0.541745 -0.575499 0.612628 1 
0.105351 0.226899 0.0123855 -0.490066 -0.540243 0.684085 1 
0.105827 0.226822 0.0125498 -0.324022 -0.482082 0.814007 1 
0.105549 0.226736 0.0127085 -0.0955648 -0.24592 0.964568 1 
0.105749 0.226518 0.0127543 -0.0524152 -0.220631 0.973948 1 
0.105285 0.226518 0.012822 -0.528563 -0.569092 0.629885 1 
0.108628 0.226836 0.0134397 0.0780967 -0.272698 0.958925 1 
0.107144 0.227063 0.0131634 -0.191756 -0.423034 0.885591 1 
0.106833 0.2267 0.0128004 -0.135635 -0.384533 0.913092 1 
0.108339 0.226801 0.0132277 0.0553256 -0.312654 0.948255 1 
0.106268 0.226523 0.0124698 -0.214929 -0.419483 0.881952 1 
0.106162 0.226458 0.0126261 -0.0196412 -0.181392 0.983215 1 
0.106181 0.226241 0.0121649 -0.146081 -0.357551 0.922398 1 
0.106429 0.226167 0.0126871 -0.134963 -0.368712 0.919694 1 
0.106581 0.225833 0.012395 -0.0743999 -0.314568 0.946315 1 
0.106257 0.226147 0.0126895 0.00558689 -0.148611 0.98888 1 
0.106002 0.22636 0.0128605 -0.0220417 -0.184454 0.982594 1 
0.106098 0.226049 0.0129239 0.00339993 -0.173396 0.984846 1 
0.106195 0.22571 0.0128486 0.0101352 -0.156533 0.987621 1 
0.106039 0.225529 0.0126671 -0.00563732 -0.163482 0.98653 1 
0.105892 0.22578 0.0125432 -0.00798644 -0.174561 0.984614 1 
0.105803 0.225526 0.012377 -0.135205 -0.326404 0.93551 1 
0.105622 0.225101 0.0124604 0.00558689 -0.148611 0.98888 1 
0.107707 0.225671 0.0125827 0.0747848 -0.262381 0.962062 1 
0.107841 0.225526 0.0126132 0.0747848 -0.262381 0.962062 1 
0.108213 0.225356 0.0127951 0.102225 -0.218332 0.970506 1 
0.107882 0.22521 0.0128933 0.0920115 -0.228138 0.969271 1 
0.108809 0.225239 0.0128966 0.086748 -0.417216 0.904657 1 
0.108444 0.224871 0.0127504 0.118622 -0.220663 0.96811 1 
0.108256 0.224984 0.012798 0.118622 -0.220663 0.96811 1 
0.107229 0.224779 0.0123964 0.0920115 -0.228138 0.969271 1 
0.107207 0.224452 0.0122454 0.105576 -0.227688 0.967994 1 
0.107932 0.224727 0.0123416 0.102225 -0.218332 0.970506 1 
0.108593 0.224593 0.0127356 0.096403 -0.445689 0.889982 1 
0.108128 0.224593 0.0128033 0.0804329 -0.402165 0.912027 1 
0.108142 0.224487 0.0128967 0.0804329 -0.402165 0.912027 1 
0.107252 0.224053 0.0121097 0.0804329 -0.402165 0.912027 1 
0.1071 0.224387 0.0124017 0.105576 -0.227688 0.967994 1 
0.106892 0.224173 0.0122984 0.0946865 -0.231035 0.968327 1 
0.10544 0.225103 0.0119534 0.0212726 -0.133234 0.990856 1 
0.105734 0.224629 0.0123399 0.0258631 -0.133813 0.990669 1 
0.107175 0.224148 0.0115851 0.112403 -0.24677 0.962533 1 
0.106896 0.22409 0.0118824 0.117576 -0.244196 0.962572 1 
0.107256 0.22397 0.0116937 0.0971379 -0.384447 0.918022 1 
0.106299 0.224207 0.0117809 0.0549765 -0.221128 0.973694 1 
0.106273 0.223964 0.0120459 0.0515458 -0.195394 0.979369 1 
0.106736 0.223992 0.0121169 0.11604 -0.223154 0.967852 1 
0.110483 0.225097 0.0107776 0.34382 -0.630609 0.695788 1 
0.110323 0.224999 0.0110121 0.361806 -0.620472 0.695781 1 
0.109963 0.22512 0.0112008 0.277342 -0.584796 0.762295 1 
0.110126 0.225134 0.0105504 0.361806 -0.620472 0.695781 1 
0.110034 0.224963 0.0108001 0.303802 -0.602782 0.737806 1 
0.109807 0.224938 0.0110193 0.284748 -0.57745 0.765161 1 
0.110214 0.225589 0.0123352 0.216088 -0.534857 0.816844 1 
0.089815 0.225868 0.0153259 0.587089 0.453279 -0.67072 1 
0.0898057 0.225464 0.015407 0.587089 0.453279 -0.67072 1 
0.0890769 0.224674 0.0148372 0.543654 0.310887 -0.779609 1 
0.0904545 0.224981 0.0161593 0.566128 0.186686 -0.8029 1 
0.0899546 0.225185 0.0153922 0.600067 0.328338 -0.729461 1 
0.089638 0.224934 0.0155838 0.59439 0.302803 -0.74499 1 
0.090856 0.224545 0.0162508 0.568931 0.112616 -0.814638 1 
0.0905515 0.224642 0.016084 0.59985 0.208174 -0.772557 1 
0.091715 0.224248 0.0169678 0.405042 -0.0690875 -0.911684 1 
0.0923662 0.224136 0.0168525 0.242292 -0.120498 -0.962691 1 
0.092668 0.224094 0.0172965 0.237101 -0.111502 -0.965065 1 
0.09142 0.224151 0.0158305 0.584819 0.0729236 -0.807879 1 
0.0916221 0.223905 0.0157376 0.540746 0.0489047 -0.839763 1 
0.0917112 0.223134 0.0156047 0.59466 0.0581887 -0.801869 1 
0.0914651 0.22435 0.0165843 0.430916 -0.0499809 -0.901007 1 
0.0917067 0.224242 0.0163198 0.34125 -0.0923382 -0.935426 1 
0.0917696 0.224253 0.016751 0.349176 -0.101113 -0.931586 1 
0.0916181 0.223988 0.0161536 0.496537 0.0121107 -0.867931 1 
0.0915458 0.223573 0.0158034 0.575616 0.0789498 -0.8139 1 
0.092122 0.223701 0.0165047 0.311201 -0.127983 -0.941687 1 
0.0918503 0.223476 0.0159702 0.546841 0.0403521 -0.836263 1 
0.0930913 0.223985 0.017539 0.289286 -0.205435 -0.934939 1 
0.0930435 0.223841 0.0170626 0.187791 -0.169659 -0.967445 1 
0.0929713 0.223426 0.0167124 0.15101 -0.263265 -0.952831 1 
0.0931721 0.223208 0.0167581 0.18961 -0.395142 -0.898839 1 
0.0929592 0.223077 0.0170707 0.292218 -0.53231 -0.794516 1 
0.0935341 0.222633 0.0170212 0.32679 -0.677968 -0.658458 1 
0.0925688 0.222865 0.0164604 0.39517 -0.229406 -0.889502 1 
0.0926481 0.222715 0.0167077 0.358561 -0.405534 -0.840818 1 
0.0923027 0.222702 0.0168512 0.617285 -0.155453 -0.771229 1 
0.0918303 0.222695 0.0162708 0.583269 0.0463804 -0.810954 1 
0.093059 0.222683 0.0167182 0.268551 -0.551236 -0.789949 1 
0.0926618 0.222609 0.0168011 0.421444 -0.434362 -0.796062 1 
0.0931001 0.222367 0.0169984 0.405467 -0.610684 -0.680192 1 
0.0930647 0.222145 0.0167539 0.460571 -0.523754 -0.716628 1 
0.0921964 0.222038 0.0161179 0.617686 -0.0322149 -0.785764 1 
0.0928014 0.221927 0.0168674 0.708648 -0.196075 -0.67777 1 
0.0926924 0.221318 0.0164114 0.656401 -0.308041 -0.688657 1 
0.0906338 0.22401 0.0166444 0.608347 0.0914698 -0.788383 1 
0.0918674 0.222463 0.016967 0.704179 -0.0648018 -0.707059 1 
0.0922278 0.222343 0.0167783 0.632855 -0.17232 -0.754851 1 
0.0926511 0.222233 0.0170208 0.766502 -0.00690543 -0.642205 1 
0.092269 0.222027 0.0170584 0.686078 -0.326009 -0.650396 1 
0.0924192 0.22172 0.016905 0.689961 -0.323064 -0.647752 1 
0.0925109 0.221493 0.0173844 0.829398 0.387053 -0.402851 1 
0.0929449 0.221759 0.0174072 0.415679 0.883133 0.217455 1 
0.0931172 0.221354 0.0179952 0.608899 0.781594 0.135476 1 
0.0931842 0.221281 0.0180104 0.367741 0.891809 0.263523 1 
0.0926789 0.220997 0.0169084 0.678789 -0.419886 -0.602446 1 
0.0928837 0.221295 0.0174277 0.219097 0.917917 0.330794 1 
0.093393 0.220896 0.0172243 0.483239 0.843001 0.236284 1 
0.0931761 0.220849 0.0179528 0.375057 0.900429 0.220364 1 
0.0931504 0.220606 0.0182177 0.265007 0.939319 0.217833 1 
0.0927545 0.220505 0.018162 0.146781 0.94667 0.286829 1 
0.0893855 0.224493 0.014588 0.557425 0.265366 -0.786676 1 
0.0893938 0.224499 0.015236 0.607922 0.260538 -0.750034 1 
0.0913109 0.223542 0.0153746 0.620627 0.0949194 -0.778339 1 
0.0910981 0.223412 0.0156872 0.626303 0.0886415 -0.774524 1 
0.0918307 0.221671 0.0159717 0.632558 -0.0152926 -0.774362 1 
0.0917695 0.221206 0.0159922 0.667451 -0.0617213 -0.742091 1 
0.0923852 0.221471 0.016522 0.680843 -0.261863 -0.684018 1 
0.0921218 0.221253 0.0166354 0.726703 -0.182828 -0.662176 1 
0.0920589 0.221242 0.0162042 0.699473 -0.146542 -0.699473 1 
0.0919662 0.221071 0.0164539 0.727552 -0.146113 -0.670312 1 
0.092096 0.221009 0.0169003 0.749746 -0.226015 -0.621931 1 
0.0917588 0.22083 0.0162119 0.709979 -0.146217 -0.688876 1 
0.0916551 0.220709 0.0160909 0.707156 -0.111188 -0.698261 1 
0.0915815 0.220322 0.0158794 0.695329 -0.16963 -0.698386 1 
0.0915992 0.220732 0.0164463 0.735906 -0.149599 -0.660351 1 
0.0914954 0.220611 0.0163253 0.717076 -0.133235 -0.684142 1 
0.0914219 0.220224 0.0161138 0.693624 -0.183018 -0.6967 1 
0.091217 0.220526 0.016484 0.71473 -0.142946 -0.684636 1 
0.090955 0.220279 0.0164588 0.693624 -0.183018 -0.6967 1 
0.130848 0.253811 -0.00791359 -0.340876 -0.115436 -0.932994 0 
0.13049 0.253876 -0.00800218 -0.35974 -0.104528 -0.927179 0 
0.130025 0.253903 -0.00779583 -0.391253 -0.0464198 -0.919112 0 
0.130058 0.253155 -0.00757328 -0.459239 0.0419953 -0.88732 0 
0.129545 0.253039 -0.00784339 -0.469897 0.0620099 -0.88054 0 
0.131424 0.253765 -0.00869215 -0.394905 -0.0383018 -0.917923 0 
0.13152 0.253454 -0.00862878 -0.354177 -0.0703047 -0.932532 0 
0.131264 0.253668 -0.00845771 -0.354177 -0.0703047 -0.932532 0 
0.131155 0.253658 -0.00802414 -0.311074 -0.110812 -0.943903 0 
0.130995 0.25356 -0.00778967 -0.360673 -0.0932076 -0.928023 0 
0.130889 0.253495 -0.00763338 -0.372688 -0.0820721 -0.92432 0 
0.130659 0.252955 -0.00788777 -0.415916 0.0170565 -0.909243 0 
0.130881 0.253063 -0.00769101 -0.397643 -0.00128687 -0.917539 0 
0.131019 0.252834 -0.00807647 -0.397643 -0.00128687 -0.917539 0 
0.131082 0.252845 -0.00764526 -0.397641 0.00386059 -0.917533 0 
0.130854 0.252249 -0.00817695 -0.424671 0.0442086 -0.904268 0 
0.130729 0.253397 -0.00739896 -0.393072 -0.0328655 -0.91892 0 
0.130773 0.253026 -0.00739606 -0.408898 0.00649045 -0.912557 0 
0.130548 0.252973 -0.00731552 -0.427409 0.0224952 -0.903778 0 
0.130459 0.252719 -0.00748179 -0.469897 0.0620099 -0.88054 0 
0.130797 0.2523 -0.00768286 -0.437593 0.0444325 -0.898075 0 
0.13071 0.252018 -0.0079878 -0.440829 0.0444874 -0.896488 0 
0.130595 0.251521 -0.00788908 -0.477631 0.0622997 -0.876349 0 
0.130637 0.252202 -0.00744841 -0.469897 0.0620099 -0.88054 0 
0.130885 0.251557 -0.0076771 -0.469897 0.0620099 -0.88054 0 
0.130489 0.251456 -0.00773281 -0.505067 0.0862999 -0.858755 0 
0.129672 0.252007 -0.00741881 -0.507273 0.0923606 -0.856822 0 
0.130231 0.251725 -0.00728448 -0.51075 0.0896303 -0.855044 0 
0.130181 0.251609 -0.00762227 -0.51075 0.0896303 -0.855044 0 
0.130124 0.251659 -0.00712818 -0.516328 0.0958283 -0.851012 0 
0.130078 0.251488 -0.0077433 -0.515212 0.0927668 -0.852027 0 
0.129971 0.251423 -0.00758698 -0.507273 0.0923606 -0.856822 0 
0.129812 0.251325 -0.00735255 -0.507273 0.0923606 -0.856822 0 
0.130792 0.251386 -0.00742745 -0.504079 0.0804832 -0.859899 0 
0.129742 0.250854 -0.00798003 -0.507273 0.0923606 -0.856822 0 
0.128268 0.251658 -0.00685745 -0.536066 0.1462 -0.83142 0 
0.128056 0.2515 -0.00668347 -0.54274 0.156131 -0.825262 0 
0.128052 0.251583 -0.00626752 -0.541714 0.159679 -0.825256 0 
0.129138 0.252135 -0.00708908 -0.50617 0.0893241 -0.857795 0 
0.128994 0.251905 -0.00689989 -0.509475 0.0984699 -0.854833 0 
0.129136 0.251166 -0.00711092 -0.515038 0.104729 -0.850745 0 
0.128612 0.251698 -0.0068622 -0.536207 0.136623 -0.832957 0 
0.128313 0.251258 -0.00699317 -0.532644 0.146071 -0.833639 0 
0.128715 0.250822 -0.00690169 -0.539556 0.153097 -0.827914 0 
0.129244 0.251203 -0.00740587 -0.511725 0.095503 -0.853825 0 
0.128363 0.251346 -0.00679404 -0.539556 0.153097 -0.827914 0 
0.128493 0.251285 -0.00634757 -0.54274 0.156131 -0.825262 0 
0.128097 0.251184 -0.00640329 -0.559495 0.176445 -0.809835 0 
0.127714 0.251005 -0.00622697 -0.580344 0.174255 -0.79551 0 
0.127819 0.250672 -0.00565425 -0.596659 0.128807 -0.79209 0 
0.12766 0.250574 -0.00541979 -0.655707 0.14923 -0.74012 0 
0.128693 0.250495 -0.00705269 -0.549159 0.176032 -0.816968 0 
0.128659 0.250246 -0.00743577 -0.54838 0.169772 -0.818814 0 
0.128449 0.25006 -0.00740049 -0.543298 0.179093 -0.820215 0 
0.127942 0.251002 -0.00658479 -0.566446 0.183753 -0.803351 0 
0.128533 0.250398 -0.00681827 -0.558909 0.196456 -0.805621 0 
0.128551 0.250209 -0.00714083 -0.558909 0.196456 -0.805621 0 
0.128391 0.250111 -0.0069064 -0.557349 0.169759 -0.812738 0 
0.128232 0.250013 -0.00667195 -0.561092 0.109304 -0.820505 0 
0.128289 0.249962 -0.00716606 -0.550024 0.134188 -0.824298 0 
0.128695 0.249442 -0.00749052 -0.554986 0.172963 -0.813679 0 
0.127601 0.25048 -0.00626697 -0.579674 0.10951 -0.807456 0 
0.127756 0.250661 -0.00608543 -0.580051 0.128408 -0.804396 0 
0.127548 0.250448 -0.00618882 -0.589428 0.0975104 -0.801914 0 
0.12745 0.249789 -0.00627405 -0.593365 -0.0236234 -0.804587 0 
0.128072 0.249915 -0.00643751 -0.555535 0.0724611 -0.82833 0 
0.12781 0.249669 -0.00646273 -0.551215 -0.00952718 -0.834309 0 
0.12817 0.249549 -0.00665145 -0.555305 0.0607585 -0.829425 0 
0.127428 0.249463 -0.00642505 -0.551778 -0.0965251 -0.828387 0 
0.127228 0.250252 -0.00571993 -0.607909 -0.0350987 -0.79323 0 
0.127455 0.250277 -0.0059391 -0.6328 0.0858281 -0.769543 0 
0.12668 0.249914 -0.00623444 -0.642481 0.00137576 -0.7663 0 
0.12729 0.249692 -0.0060396 -0.602286 -0.0612253 -0.795929 0 
0.126502 0.250005 -0.00567746 -0.671779 -0.00137942 -0.74075 0 
0.12652 0.249816 -0.00599999 -0.646232 -0.03818 -0.762186 0 
0.12713 0.249594 -0.00580516 -0.627288 -0.046728 -0.777384 0 
0.127134 0.24951 -0.00622109 -0.604783 -0.0793867 -0.792424 0 
0.126815 0.249315 -0.00575221 -0.683583 0.0382127 -0.728872 0 
0.126953 0.249086 -0.00613766 -0.646232 -0.03818 -0.762186 0 
0.12666 0.249134 -0.00593375 -0.675897 0.00693939 -0.736964 0 
0.125251 0.249293 -0.00554678 -0.758619 0.212538 -0.615893 0 
0.126304 0.249742 -0.00541011 -0.675897 0.00693939 -0.736964 0 
0.126414 0.249751 -0.0058437 -0.683583 0.0382127 -0.728872 0 
0.126198 0.249676 -0.00525383 -0.678605 0.0153278 -0.734343 0 
0.126179 0.249294 -0.00568214 -0.699507 0.0709645 -0.711093 0 
0.126073 0.249229 -0.00552584 -0.724658 0.146137 -0.673435 0 
0.126634 0.24889 -0.0056688 -0.688902 0.0499204 -0.723133 0 
0.125935 0.249458 -0.00514041 -0.724658 0.146137 -0.673435 0 
0.12603 0.249147 -0.00507699 -0.726945 0.152643 -0.669515 0 
0.125976 0.249142 -0.00486021 -0.729023 0.146408 -0.668648 0 
0.125816 0.249044 -0.00462576 -0.754005 0.216096 -0.620305 0 
0.126425 0.248677 -0.00577217 -0.723811 0.139947 -0.675657 0 
0.125308 0.248816 -0.00545049 -0.731901 0.14638 -0.665502 0 
0.125609 0.248803 -0.00486779 -0.746831 0.182491 -0.639484 0 
0.126095 0.248105 -0.00508361 -0.740984 0.195644 -0.642391 0 
0.125847 0.247753 -0.00501545 -0.161087 -0.506907 -0.846815 0 
0.125233 0.249056 -0.00463382 -0.78957 0.286397 -0.54273 0 
0.125381 0.248805 -0.00450994 -0.803542 0.444274 -0.396158 0 
0.125657 0.248946 -0.00439133 -0.773748 0.249545 -0.582273 0 
0.125501 0.248765 -0.00457283 -0.805921 0.437408 -0.398955 0 
0.125288 0.248635 -0.00426027 -0.157552 -0.493269 -0.85549 0 
0.125478 0.248639 -0.00310531 0.593383 -0.741327 -0.313577 0 
0.125482 0.248556 -0.00352127 0.583879 -0.753444 -0.302337 0 
0.125366 0.248512 -0.00387432 -0.376247 -0.271317 -0.885904 0 
0.125223 0.248254 -0.00382379 -0.463348 -0.152513 -0.872954 0 
0.125374 0.248518 -0.00322632 0.582849 -0.749836 -0.313101 0 
0.125407 0.248197 -0.00359413 0.573056 -0.756048 -0.316224 0 
0.12501 0.248123 -0.00351119 0.572674 -0.750122 -0.330699 0 
0.125292 0.248551 -0.00467621 -0.789461 0.561221 -0.248563 0 
0.125428 0.248378 -0.00478438 -0.789461 0.561221 -0.248563 0 
0.125036 0.248793 -0.00436651 -0.282785 -0.391665 -0.875575 0 
0.12516 0.248243 -0.00425497 -0.420252 -0.207914 -0.883267 0 
0.12503 0.248305 -0.00470142 -0.344688 -0.308563 -0.886555 0 
0.126136 0.247789 -0.00480345 -0.785839 0.334502 -0.520158 0 
0.125895 0.247897 -0.00453901 -0.161087 -0.506907 -0.846815 0 
0.125792 0.247748 -0.00479863 -0.214056 -0.450565 -0.866701 0 
0.125661 0.247412 -0.00451608 -0.406432 -0.203949 -0.890628 0 
0.125421 0.247492 -0.00439029 -0.443434 -0.139201 -0.885432 0 
0.125436 0.247785 -0.00502592 -0.314832 -0.34496 -0.884242 0 
0.125276 0.247687 -0.00479146 -0.402368 -0.219608 -0.888748 0 
0.125317 0.247371 -0.0045113 -0.443434 -0.139201 -0.885432 0 
0.124601 0.247529 -0.00454983 -0.48749 -0.0712377 -0.870218 0 
0.125262 0.247395 -0.00415585 -0.470195 -0.100252 -0.87685 0 
0.124957 0.247492 -0.00432259 -0.470195 -0.100252 -0.87685 0 
0.126264 0.247357 -0.00348932 0.479002 -0.76346 -0.433227 0 
0.125969 0.247432 -0.00314672 0.439953 -0.746437 -0.499273 0 
0.126 0.247138 -0.00337591 0.422842 -0.73874 -0.524851 0 
0.125884 0.247521 -0.00431932 -0.353058 -0.316692 -0.880373 0 
0.126134 0.247418 -0.00393578 0.551261 -0.76142 -0.341103 0 
0.125858 0.247277 -0.0040544 0.544169 -0.763775 -0.34717 0 
0.126108 0.247175 -0.00367083 0.567331 -0.760192 -0.316613 0 
0.125921 0.247288 -0.00362319 0.571699 -0.755286 -0.320473 0 
0.124851 0.248026 -0.00327677 0.562749 -0.756244 -0.333779 0 
0.124384 0.247482 -0.0038213 -0.575972 0.0880559 -0.812713 0 
0.124433 0.247598 -0.0034835 0.516518 -0.760926 -0.392684 0 
0.124275 0.246873 -0.00427724 -0.569902 0.118668 -0.813099 0 
0.124115 0.246776 -0.00404279 -0.576932 0.17414 -0.798013 0 
0.123955 0.246678 -0.00380833 -0.618078 0.268522 -0.738834 0 
0.123958 0.246622 -0.00408566 -0.546452 0.127457 -0.827735 0 
0.123799 0.246524 -0.00385123 -0.611229 0.268306 -0.744588 0 
0.123692 0.246459 -0.00369492 -0.591282 0.249373 -0.766941 0 
0.12325 0.245761 -0.0037754 0.0856398 -0.616897 -0.782371 0 
0.12314 0.245779 -0.00320312 0.0494997 -0.595411 -0.801895 0 
0.122957 0.245808 -0.00357147 0.0494097 -0.585857 -0.808907 0 
0.12268 0.245695 -0.00355141 -0.0513246 -0.514633 -0.855873 0 
0.122797 0.245711 -0.003337 -0.0655646 -0.495222 -0.866289 0 
0.122571 0.245685 -0.00311781 -0.101027 -0.493754 -0.863713 0 
0.122587 0.245524 -0.00330171 -0.0979684 -0.492682 -0.864677 0 
0.122486 0.245348 -0.00370001 0.0799139 -0.719225 -0.690166 0 
0.12246 0.245105 -0.00343507 0.086151 -0.734474 -0.673146 0 
0.122411 0.245588 -0.00288337 0.0738177 -0.72515 -0.684623 0 
0.122509 0.245221 -0.00309727 0.0739728 -0.723773 -0.686062 0 
0.122268 0.245329 -0.00283283 0.0952491 -0.754666 -0.649159 0 
0.122108 0.245231 -0.00259841 0.169073 -0.824419 -0.540137 0 
0.121744 0.245435 -0.00199372 0.194637 -0.831357 -0.520541 0 
0.121282 0.245379 -0.00220335 0.309725 -0.880826 -0.358072 0 
0.122007 0.245654 -0.00210716 0.107251 -0.771323 -0.627343 0 
0.121847 0.244957 -0.00276224 0.194637 -0.831357 -0.520541 0 
0.121741 0.244892 -0.00260595 0.194637 -0.831357 -0.520541 0 
0.121528 0.244761 -0.00229336 0.309725 -0.880826 -0.358072 0 
0.120912 0.245095 -0.00193361 0.306989 -0.881648 -0.358406 0 
0.120686 0.24507 -0.00171443 0.316852 -0.877786 -0.359301 0 
0.121422 0.244696 -0.00213707 0.309725 -0.880826 -0.358072 0 
0.121236 0.244355 -0.00163772 0.622685 -0.0765714 0.778717 0 
0.121373 0.24458 -0.0024749 0.309725 -0.880826 -0.358072 0 
0.121187 0.244239 -0.00197551 0.316852 -0.877786 -0.359301 0 
0.120526 0.244972 -0.00147999 0.618106 -0.0613823 0.783695 0 
0.120368 0.244847 -0.00138418 0.639675 -0.149007 0.754064 0 
0.120163 0.24455 -0.00190353 0.639675 -0.149007 0.754064 0 
0.11974 0.244233 -0.00155564 0.640053 -0.120288 0.758856 0 
0.120278 0.244621 -0.00141179 0.632986 -0.113613 0.765781 0 
0.120066 0.244462 -0.0012379 0.634203 -0.116788 0.764296 0 
0.120168 0.24404 -0.00172908 0.634852 -0.123402 0.762715 0 
0.120684 0.244101 -0.0017363 0.632986 -0.113613 0.765781 0 
0.120662 0.243774 -0.00188728 0.632986 -0.113613 0.765781 0 
0.119789 0.244349 -0.00121783 0.632986 -0.113613 0.765781 0 
0.119738 0.244289 -0.00127833 0.631766 -0.110449 0.76725 0 
0.119577 0.244219 -0.000905268 0.563099 0.0262872 0.825971 0 
0.119488 0.243965 -0.00107152 0.563099 0.0262872 0.825971 0 
0.119435 0.243932 -0.000993364 0.500904 0.138734 0.854311 0 
0.119776 0.243004 -0.00102005 0.315726 0.398893 0.860931 0 
0.119564 0.24387 -0.00054694 0.400638 0.287911 0.869826 0 
0.119324 0.243951 -0.000421137 0.369332 0.329487 0.868926 0 
0.11967 0.242938 -0.000863746 0.33972 0.392462 0.85473 0 
0.119457 0.242808 -0.000551134 0.629144 0.165245 0.759521 0 
0.118694 0.243393 -0.000315279 0.600087 0.197983 0.775048 0 
0.118276 0.242965 -0.000522025 0.583774 0.211021 0.784014 0 
0.118264 0.242616 -0.000163689 0.612937 0.161936 0.77336 0 
0.119449 0.242376 -0.000608787 0.610025 0.20849 0.764462 0 
0.118091 0.242624 -2.26423e-005 0.57722 0.200573 0.791573 0 
0.117839 0.242356 0.000461496 0.563229 0.17365 0.807848 0 
0.118409 0.242421 0.000237502 0.602632 0.164629 0.780854 0 
0.117783 0.242379 0.000816941 0.541071 0.205759 0.815417 0 
0.118413 0.242338 -0.000178479 0.631633 0.123354 0.765391 0 
0.118132 0.241709 -0.000631988 0.612658 0.142304 0.777431 0 
0.117692 0.242579 0.000198968 0.569624 0.193947 0.798695 0 
0.118047 0.241971 -0.000324674 0.606046 0.142159 0.782623 0 
0.118441 0.242127 8.3223e-006 0.622001 0.135736 0.771162 0 
0.118378 0.241691 0.000167511 0.598377 0.14847 0.787338 0 
0.117362 0.242433 0.000297137 0.523616 0.225723 0.821508 0 
0.117403 0.242117 0.000577323 0.521017 0.184683 0.833327 0 
0.116957 0.241675 0.00239271 -0.393803 -0.259042 -0.881939 0 
0.11707 0.241202 0.00227218 -0.447507 -0.164718 -0.87898 0 
0.116504 0.241625 0.0028311 -0.383061 -0.221618 -0.896744 0 
0.116914 0.24162 0.00298018 -0.388102 -0.228729 -0.892782 0 
0.116402 0.241476 0.00257144 -0.376224 -0.237538 -0.895562 0 
0.116473 0.241746 0.00158037 -0.405013 -0.226985 -0.885687 0 
0.116673 0.241527 0.00162611 -0.44308 -0.176939 -0.878847 0 
0.116313 0.241648 0.00181478 -0.40696 -0.220498 -0.886433 0 
0.116672 0.241555 0.00176475 -0.44308 -0.176939 -0.878847 0 
0.11626 0.241615 0.00189298 -0.402368 -0.219608 -0.888748 0 
0.116361 0.241193 0.00140172 -0.433611 -0.163873 -0.886074 0 
0.1169 0.241127 0.00199725 -0.449533 -0.151772 -0.880276 0 
0.116512 0.241458 0.0019992 -0.42567 -0.188699 -0.884984 0 
0.116555 0.241114 0.00214072 -0.42613 -0.141093 -0.893591 0 
0.116491 0.241131 0.00184818 -0.427429 -0.15399 -0.890837 0 
0.116808 0.240956 0.00224698 -0.437565 -0.123198 -0.890707 0 
0.116073 0.240703 0.00164147 -0.425264 -0.101784 -0.899328 0 
0.116341 0.240412 0.00170244 -0.431464 -0.0901774 -0.897612 0 
0.115673 0.240087 0.00111215 -0.426932 -0.069564 -0.901604 0 
0.11716 0.240404 0.00200066 -0.460774 -0.0793479 -0.883963 0 
0.116697 0.240375 0.00192967 -0.429936 -0.0987878 -0.897439 0 
0.116492 0.240078 0.00141038 -0.441835 -0.0817188 -0.893366 0 
0.116849 0.240041 0.00163762 -0.441835 -0.0817188 -0.893366 0 
0.116538 0.239679 0.00127459 -0.4351 -0.0555736 -0.898665 0 
0.11623 0.239832 0.00138514 -0.4351 -0.0555736 -0.898665 0 
0.11613 0.241251 0.00203687 -0.402508 -0.14934 -0.903153 0 
0.115672 0.240714 0.00214033 -0.494072 0.824493 -0.27587 0 
0.116197 0.241179 0.00205211 -0.402508 -0.14934 -0.903153 0 
0.116225 0.240968 0.0022389 -0.41752 -0.101259 -0.903008 0 
0.116581 0.240931 0.00246616 -0.41752 -0.101259 -0.903008 0 
0.116242 0.240779 0.00191633 -0.421696 -0.122701 -0.898397 0 
0.116266 0.240053 0.00162955 -0.431274 -0.0698254 -0.899515 0 
0.115709 0.240308 0.00135657 -0.426932 -0.069564 -0.901604 0 
0.11587 0.239952 0.00157382 -0.42761 -0.0526081 -0.902431 0 
0.115714 0.239771 0.00139233 -0.415064 0.887327 -0.200932 0 
0.115643 0.239927 0.00179306 -0.455583 0.838086 -0.300094 0 
0.115488 0.239746 0.00161153 -0.397641 -0.00386059 -0.917533 0 
0.114525 0.240095 0.00225338 0.321424 -0.872872 -0.367124 0 
0.11535 0.239975 0.00199699 -0.385767 0.0141921 -0.922487 0 
0.114968 0.239768 0.00203467 -0.411594 0.137198 -0.900981 0 
0.115194 0.239793 0.00181547 -0.385767 0.0141921 -0.922487 0 
0.114917 0.23968 0.00183551 -0.411594 0.137198 -0.900981 0 
0.114519 0.239635 0.00205709 0.243016 -0.867916 -0.433203 0 
0.114674 0.239816 0.00223862 -0.415155 0.134606 -0.899738 0 
0.114105 0.239723 0.00232394 0.316371 -0.799672 -0.510327 0 
0.114649 0.239573 0.00250352 -0.436871 0.166911 -0.883903 0 
0.11456 0.239319 0.00233725 -0.43938 0.148381 -0.885962 0 
0.114481 0.239043 0.00268035 -0.429638 0.0555683 -0.90129 0 
0.114404 0.239138 0.00215574 0.293579 -0.837244 -0.461339 0 
0.114192 0.239007 0.00246833 0.329575 -0.821571 -0.465189 0 
0.114085 0.238942 0.00262463 0.287045 -0.78184 -0.553473 0 
0.113416 0.239243 0.00306253 0.667529 -0.670777 0.323207 0 
0.11388 0.239244 0.00299486 0.233003 -0.745922 -0.623947 0 
0.113614 0.238482 0.00249607 0.625508 -0.768822 0.132864 0 
0.114059 0.238699 0.00288956 0.282554 -0.793993 -0.538274 0 
0.113906 0.238462 0.00243077 0.279856 -0.814553 -0.508118 0 
0.113747 0.238364 0.00266518 0.625508 -0.768822 0.132864 0 
0.113766 0.238747 0.0030935 0.649729 -0.722095 0.237552 0 
0.113691 0.238387 0.00302064 0.629284 -0.762083 0.152417 0 
0.113295 0.238286 0.00296494 0.55121 -0.833095 -0.0460505 0 
0.113428 0.238169 0.00313407 0.55121 -0.833095 -0.0460505 0 
0.113238 0.238337 0.00345904 0.531939 -0.841639 -0.0931968 0 
0.112976 0.238091 0.00343382 0.479602 -0.860332 -0.172657 0 
0.113108 0.237973 0.00360296 0.469656 -0.860291 -0.198299 0 
0.112972 0.238174 0.00384978 0.426863 -0.864359 -0.26584 0 
0.112869 0.238026 0.0035901 0.426863 -0.864359 -0.26584 0 
0.112657 0.237895 0.00390269 0.435651 -0.866779 -0.242698 0 
0.112328 0.238546 0.00254285 0.491315 -0.853492 -0.173667 0 
0.112324 0.238629 0.0029588 0.469656 -0.860291 -0.198299 0 
0.113269 0.238043 0.00322987 0.542254 -0.838029 -0.0605634 0 
0.11282 0.23791 0.0032523 0.460891 -0.863611 -0.204343 0 
0.111955 0.238345 0.00322853 0.414412 -0.863996 -0.28596 0 
0.111324 0.237787 0.00333438 -0.169627 -0.553915 -0.81511 0 
0.112661 0.237812 0.00348674 0.419432 -0.864793 -0.276063 0 
0.112395 0.237649 0.00387748 0.38691 -0.861683 -0.328334 0 
0.109696 0.23753 0.00531756 -0.798904 0.203943 -0.565826 0 
0.11207 0.237991 0.00431059 0.387544 -0.860007 -0.33196 0 
0.111294 0.237628 0.00401526 -0.10762 -0.638349 -0.762186 0 
0.111461 0.237759 0.00456745 0.177907 -0.841696 -0.509801 0 
0.111309 0.237495 0.00397 -0.151401 -0.598108 -0.786984 0 
0.112182 0.237519 0.00419006 0.360723 -0.856137 -0.370012 0 
0.112227 0.237119 0.00405429 0.392552 -0.869114 -0.300906 0 
0.112223 0.237203 0.00447024 0.358516 -0.863209 -0.355439 0 
0.112 0.237094 0.0042735 0.223617 -0.838185 -0.497435 0 
0.112018 0.236905 0.00395092 0.0125245 -0.719465 -0.694416 0 
0.111859 0.236808 0.00418535 0.0295036 -0.75164 -0.658914 0 
0.111439 0.237433 0.00441643 0.00969977 -0.755196 -0.655427 0 
0.111251 0.237573 0.00460275 -0.0862305 -0.708844 -0.700075 0 
0.111333 0.237367 0.00457273 -0.0708149 -0.715375 -0.695143 0 
0.110986 0.237383 0.00485482 -0.0828598 -0.742831 -0.664332 0 
0.111239 0.237225 0.00496109 0.0124524 -0.790035 -0.612935 0 
0.110473 0.237266 0.00458471 -0.0859315 -0.741341 -0.665605 0 
0.111833 0.236564 0.00445029 -0.0470571 -0.731524 -0.680189 0 
0.112055 0.236673 0.00464706 0.0153292 -0.756703 -0.653579 0 
0.111793 0.236426 0.00462183 -0.0238236 -0.75815 -0.651645 0 
0.111634 0.236329 0.00485625 -0.0294799 -0.773496 -0.633115 0 
0.111014 0.237172 0.00504162 -0.0410012 -0.776196 -0.629157 0 
0.110907 0.237107 0.00519791 -0.806913 0.315473 -0.499367 0 
0.110354 0.236852 0.00509933 -0.803145 0.230575 -0.549357 0 
0.110592 0.236828 0.00525083 -0.803145 0.230575 -0.549357 0 
0.110196 0.236727 0.00519513 -0.798695 0.193947 -0.569624 0 
0.11004 0.236546 0.00501361 -0.801357 0.190075 -0.567184 0 
0.110917 0.236486 0.00481772 0.0637169 -0.822657 -0.564957 0 
0.110298 0.236875 0.00545479 -0.798695 0.193947 -0.569624 0 
0.109881 0.236448 0.00524805 -0.145029 0.854061 0.499545 0 
0.109828 0.236415 0.0053262 -0.148048 0.851643 0.502777 0 
0.110011 0.236386 0.00569446 -0.148048 0.851643 0.502777 0 
0.10977 0.236466 0.00582028 0.00136629 0.81021 0.586138 0 
0.109922 0.236132 0.00552823 -0.0235181 0.820368 0.571352 0 
0.109717 0.236433 0.00589842 -0.00409371 0.814648 0.579942 0 
0.109398 0.236238 0.00636731 0.162925 0.717172 0.677583 0 
0.109136 0.235992 0.00634207 0.133114 0.734369 0.665569 0 
0.108923 0.235861 0.00665469 0.120386 0.726775 0.676243 0 
0.108972 0.235977 0.00699249 0.123597 0.722223 0.680528 0 
0.109993 0.23555 0.00571788 -0.0262649 0.822505 0.568151 0 
0.109834 0.235452 0.00595231 0.176257 0.712692 0.678973 0 
0.109225 0.235221 0.00620919 0.129939 0.730346 0.670604 0 
0.108907 0.234997 0.00653943 0.0919926 0.752003 0.652709 0 
0.108854 0.234965 0.00661755 0.0860323 0.75096 0.65472 0 
0.109266 0.234905 0.00648938 0.104519 0.740466 0.663917 0 
0.108988 0.234819 0.00664807 0.0891208 0.749492 0.655988 0 
0.108497 0.2356 0.00727985 0.0767485 0.745764 0.661775 0 
0.108072 0.234741 0.0070155 0.0677927 0.719757 0.690909 0 
0.108694 0.234867 0.00685202 0.0769145 0.744474 0.663206 0 
0.108828 0.234721 0.00688251 0.0769145 0.744474 0.663206 0 
0.108586 0.234829 0.00714694 0.0679041 0.729608 0.680486 0 
0.108364 0.234721 0.00695021 0.0679041 0.729608 0.680486 0 
0.108128 0.234718 0.00666007 0.0648685 0.736618 0.673191 0 
0.107912 0.234643 0.00724994 0.0588137 0.718675 0.692854 0 
0.107298 0.234949 0.00747102 0.0097273 0.746223 0.665625 0 
0.10807 0.234769 0.00715414 0.0677927 0.719757 0.690909 0 
0.105788 0.234932 0.00745969 0.00691408 0.756401 0.654072 0 
0.106589 0.235538 0.00749009 0.00415443 0.740873 0.671632 0 
0.10638 0.235324 0.00738673 0.026747 0.722169 0.691199 0 
0.106376 0.235408 0.00780267 0.0124969 0.753978 0.65678 0 
0.106318 0.234888 0.0075459 -0.00413714 0.776403 0.630224 0 
0.106091 0.234863 0.0077651 0.0382812 0.733013 0.679136 0 
0.105344 0.235286 0.00781706 0.120663 0.680775 0.722486 0 
0.105931 0.234765 0.00799953 0.0559126 0.735465 0.675252 0 
0.105639 0.234785 0.00806484 0.130244 0.675172 0.726072 0 
0.10604 0.234376 0.00829495 0.0586921 0.751545 0.657065 0 
0.106969 0.234349 0.00802094 0.0799247 0.696072 0.71351 0 
0.107166 0.234215 0.00848264 0.0770418 0.705005 0.705005 0 
0.107244 0.234092 0.00886857 0.120403 0.679312 0.723905 0 
0.106901 0.234024 0.00873472 0.0860081 0.727425 0.680776 0 
0.106998 0.233685 0.00865944 0.104673 0.703222 0.703222 0 
0.106794 0.233986 0.00902965 0.0236931 0.781872 0.622989 0 
0.106942 0.233708 0.00901487 0.0678418 0.743373 0.665427 0 
0.106634 0.233889 0.00926409 0.0265707 0.784534 0.619516 0 
0.106474 0.233791 0.00949855 0.0705982 0.759291 0.64691 0 
0.106623 0.233512 0.00948375 0.0616512 0.769924 0.635151 0 
0.106836 0.233643 0.00917117 -0.00960608 0.808283 0.588716 0 
0.105686 0.233107 0.00970018 0.353646 0.578545 0.734997 0 
0.106517 0.233447 0.00964005 0.140008 0.712082 0.687995 0 
0.106135 0.233241 0.00967774 0.351487 0.542618 0.762904 0 
0.106152 0.233052 0.00935518 0.298866 0.586544 0.752758 0 
0.105993 0.232954 0.00958961 0.282224 0.620255 0.731869 0 
0.105662 0.232809 0.00968778 0.428449 0.537629 0.726213 0 
0.106102 0.23339 0.00856567 0.117219 0.725571 0.67809 0 
0.106009 0.233219 0.00881534 0.29207 0.595313 0.74853 0 
0.106054 0.23282 0.00867955 0.348028 0.545514 0.762424 0 
0.105849 0.233122 0.0090498 0.351487 0.542618 0.762904 0 
0.105894 0.232722 0.008914 0.268427 0.63692 0.722689 0 
0.10569 0.233024 0.00928421 0.314738 0.605265 0.73116 0 
0.105374 0.232745 0.00933716 0.27955 0.675713 0.682103 0 
0.105151 0.232664 0.00927903 0.279542 0.672497 0.685276 0 
0.104088 0.232809 0.00938391 0.315852 0.649522 0.691635 0 
0.105503 0.232711 0.00992224 0.467548 0.480765 0.741798 0 
0.105148 0.23272 0.00955636 0.279542 0.672497 0.685276 0 
0.104988 0.232622 0.00979079 0.405599 0.540252 0.737304 0 
0.104542 0.232433 0.00953592 0.40285 0.54097 0.738284 0 
0.105192 0.232348 0.00955921 0.40285 0.54097 0.738284 0 
0.105358 0.23248 0.0101114 0.548235 0.403356 0.732627 0 
0.105358 0.23248 0.0101114 0.548235 0.403356 0.732627 0 
0.104898 0.232396 0.00976316 0.406319 0.53792 0.738612 0 
0.105282 0.232148 0.0101772 0.55031 0.424713 0.718873 0 
0.104227 0.232154 0.00958885 0.439576 0.50543 0.742505 0 
0.104939 0.23208 0.0100433 0.460879 0.487309 0.741701 0 
0.105244 0.231983 0.0102101 0.553917 0.424946 0.715959 0 
0.104784 0.231899 0.00986186 0.463475 0.486566 0.74057 0 
0.10038 0.229595 0.0123009 0.158368 -0.601798 0.782789 0 
0.099325 0.229773 0.0131924 -0.0568162 0.366002 0.928878 0 
0.0999943 0.229046 0.0133449 -0.153566 0.484099 0.861432 0 
0.100505 0.229045 0.0124124 0.18638 -0.700851 0.688528 0 
0.100056 0.228912 0.0124348 0.347666 -0.796267 0.495063 0 
0.0991751 0.229055 0.0130466 -0.0736211 0.465341 0.882064 0 
0.0992146 0.229192 0.0128751 -0.0736211 0.465341 0.882064 0 
0.0990236 0.22879 0.0124492 -0.0736211 0.465341 0.882064 0 
0.0986986 0.229132 0.0128823 0.70692 -0.114115 0.698028 0 
0.0997868 0.228804 0.0131028 -0.131478 0.478234 0.868335 0 
0.099043 0.228147 0.0125784 0.771244 -0.441875 0.458181 0 
0.0994757 0.228442 0.0127398 -0.0798709 0.486231 0.870172 0 
0.0994145 0.227977 0.0127603 0.771244 -0.441875 0.458181 0 
0.100037 0.228103 0.0125968 -0.0669407 0.435798 0.897552 0 
0.100027 0.227699 0.0126779 -0.0142651 0.39294 0.919454 0 
0.0995235 0.228586 0.0132163 -0.0798709 0.486231 0.870172 0 
0.0991512 0.227759 0.0128738 0.369313 0.0706627 0.926615 0 
0.0988275 0.228073 0.0131682 0.140347 0.362678 0.921286 0 
0.0995621 0.227726 0.0128842 0.674631 -0.206267 0.70875 0 
0.0986486 0.228018 0.012384 0.121529 0.297813 0.946857 0 
0.0983715 0.227905 0.012404 0.829333 -0.498835 0.251734 0 
0.0986228 0.227775 0.0126489 0.83057 -0.493393 0.258296 0 
0.0982794 0.226883 0.0138344 -0.838823 0.40922 -0.359048 0 
0.098165 0.226386 0.0139331 -0.847376 0.40106 -0.348002 0 
0.0980054 0.226288 0.0141675 -0.848384 0.39695 -0.35025 0 
0.0975179 0.226414 0.0136325 -0.83311 0.370096 -0.411043 0 
0.0982758 0.225941 0.0139512 -0.850772 0.402833 -0.337509 0 
0.0974853 0.22631 0.0145907 -0.822079 0.386393 -0.418195 0 
0.0977557 0.225964 0.0143743 -0.85212 0.40821 -0.3275 0 
0.0975442 0.225806 0.0145483 -0.850665 0.3779 -0.365459 0 
0.0968766 0.226079 0.0148476 -0.831989 0.295021 -0.469848 0 
0.097214 0.22566 0.0146465 -0.850303 0.317508 -0.41973 0 
0.0970694 0.225429 0.0148357 -0.855794 0.300684 -0.420958 0 
0.0968101 0.225127 0.0145332 -0.873103 0.283948 -0.396313 0 
0.0981161 0.225843 0.0141856 -0.852256 0.416074 -0.317083 0 
0.0974776 0.225452 0.0151234 -0.855298 0.306674 -0.417632 0 
0.0968429 0.225404 0.0150549 -0.84594 0.286104 -0.450034 0 
0.0965809 0.225157 0.0150296 -0.84059 0.286389 -0.45977 0 
0.0959544 0.225115 0.0156091 -0.677001 0.453006 -0.580048 0 
0.0958085 0.224912 0.0159369 -0.637961 0.489833 -0.594196 0 
0.0958458 0.225757 0.0132434 -0.84569 0.269573 -0.460585 0 
0.097016 0.225223 0.0134339 -0.869106 0.335686 -0.363277 0 
0.0971375 0.225155 0.0132324 -0.838164 0.346232 -0.421432 0 
0.0965998 0.224768 0.0130885 -0.888599 0.26434 -0.374855 0 
0.0964074 0.224393 0.0128013 -0.872476 0.277675 -0.402098 0 
0.0974628 0.224388 0.0133896 -0.890031 0.272824 -0.365256 0 
0.097157 0.224513 0.0133615 -0.890031 0.272824 -0.365256 0 
0.0967079 0.224379 0.013384 -0.900296 0.263753 -0.346268 0 
0.0970944 0.224076 0.0135207 -0.900296 0.263753 -0.346268 0 
0.0975177 0.223966 0.0137632 -0.911458 0.245672 -0.329985 0 
0.0969361 0.22395 0.0136165 -0.899006 0.255383 -0.355764 0 
0.0975451 0.223756 0.01395 -0.911458 0.245672 -0.329985 0 
0.0973336 0.223598 0.0141239 -0.902749 0.281281 -0.325461 0 
0.0972557 0.22372 0.013738 -0.911458 0.245672 -0.329985 0 
0.0972299 0.223477 0.0140029 -0.899006 0.255383 -0.355764 0 
0.0970744 0.223296 0.0138214 -0.895771 0.233871 -0.378018 0 
0.0964922 0.224903 0.0148634 -0.848851 0.285005 -0.445223 0 
0.0960108 0.224067 0.0149545 -0.729026 0.396603 -0.557877 0 
0.0959947 0.223802 0.0157287 -0.653928 0.485823 -0.579961 0 
0.0963825 0.223471 0.0157268 -0.709836 0.443855 -0.546923 0 
0.0954268 0.223681 0.0156754 -0.555756 0.429674 -0.711699 0 
0.0960726 0.223679 0.0161147 -0.642977 0.485171 -0.592613 0 
0.0965318 0.222766 0.0163024 -0.20642 -0.555041 -0.805804 0 
0.0963052 0.222741 0.0165216 -0.182457 -0.473203 -0.861852 0 
0.0956116 0.222598 0.0156059 -0.36757 -0.280553 -0.886669 0 
0.0959953 0.22295 0.0169095 -0.31925 -0.149349 -0.935828 0 
0.0952214 0.222559 0.0164755 -0.151595 -0.510712 -0.846281 0 
0.0948157 0.223079 0.0168 -0.0842612 -0.291673 -0.952799 0 
0.096001 0.222413 0.0169452 -0.135167 -0.583745 -0.800607 0 
