0.121696 0.243398 -0.0240958 -0.544627 0.836039 0.066487 2 
0.12239 0.244514 -0.0233122 -0.600158 0.7878 -0.138498 2 
0.123036 0.243748 -0.0247458 -0.646218 0.485083 -0.589149 2 
0.122775 0.244362 -0.024815 -0.616874 0.689254 -0.379994 2 
0.123581 0.244578 -0.0250695 -0.811342 -0.0552222 -0.581957 2 
0.123318 0.244626 -0.0245227 -0.704526 0.268769 -0.656815 2 
0.123809 0.244628 -0.0246166 -0.811342 -0.0552222 -0.581957 2 
0.12367 0.244694 -0.025238 -0.811342 -0.0552222 -0.581957 2 
0.122711 0.245102 -0.0232094 -0.551761 0.817922 -0.162986 2 
0.122303 0.245063 -0.0237494 -0.542248 0.821634 -0.175742 2 
0.122397 0.245355 -0.0236751 -0.516157 0.840429 -0.165111 2 
0.123017 0.244841 -0.0236436 -0.561331 0.804726 -0.193195 2 
0.12274 0.244827 -0.0244519 -0.498772 0.851021 -0.164284 2 
0.122567 0.245459 -0.0247 -0.541377 0.790757 -0.285683 2 
0.122836 0.245441 -0.0245692 -0.70262 0.443498 -0.556448 2 
0.12292 0.245283 -0.0249909 -0.747743 0.159256 -0.644606 2 
0.123012 0.245132 -0.0245128 -0.516492 0.842074 -0.155392 2 
0.123011 0.24491 -0.0243109 -0.561999 0.800887 -0.20673 2 
0.123275 0.244961 -0.0248474 -0.747743 0.159256 -0.644606 2 
0.123193 0.245564 -0.0248294 -0.769506 -0.426414 -0.475427 2 
0.122876 0.245618 -0.0253156 -0.769506 -0.426414 -0.475427 2 
0.12301 0.245499 -0.0251493 -0.717683 -0.255071 -0.647974 2 
0.123273 0.244984 -0.0250698 -0.747743 0.159256 -0.644606 2 
0.123535 0.244936 -0.0256165 -0.769506 -0.426414 -0.475427 2 
0.123494 0.245004 -0.0252944 -0.769506 -0.426414 -0.475427 2 
0.123146 0.245823 -0.0253868 -0.769506 -0.426414 -0.475427 2 
0.123543 0.244845 -0.0247269 -0.811342 -0.0552222 -0.581957 2 
0.123856 0.244958 -0.0248977 -0.769506 -0.426414 -0.475427 2 
0.123943 0.244976 -0.0250765 -0.769506 -0.426414 -0.475427 2 
0.123802 0.245065 -0.0259204 -0.740248 -0.427003 -0.519328 2 
0.121308 0.246233 -0.0174154 -0.874111 0.392365 -0.286321 2 
0.121398 0.246228 -0.0173718 -0.867997 0.387307 -0.310764 2 
0.120521 0.246844 -0.0164014 -0.865413 0.407522 -0.291524 2 
0.12109 0.246634 -0.0173721 -0.863762 0.391224 -0.317582 2 
0.121494 0.246842 -0.0174891 -0.867997 0.387307 -0.310764 2 
0.121931 0.245918 -0.0173634 -0.874111 0.392365 -0.286321 2 
0.12211 0.245906 -0.0172763 -0.874111 0.392365 -0.286321 2 
0.122206 0.246176 -0.0169795 -0.851217 0.393707 -0.347023 2 
0.121412 0.246756 -0.016643 -0.838288 0.397911 -0.372747 2 
0.121677 0.246562 -0.0167552 -0.838288 0.397911 -0.372747 2 
0.121501 0.246872 -0.0168116 -0.838288 0.397911 -0.372747 2 
0.121903 0.246881 -0.0169491 -0.85741 0.403214 -0.319791 2 
0.121946 0.246545 -0.0166244 -0.838288 0.397911 -0.372747 2 
0.122084 0.246846 -0.0166395 -0.838288 0.397911 -0.372747 2 
0.121076 0.246106 -0.0181009 -0.859635 0.404444 -0.312175 2 
0.120992 0.246387 -0.0178913 -0.865994 0.401687 -0.297829 2 
0.121337 0.245492 -0.0180316 -0.82718 0.455343 -0.329296 2 
0.121292 0.245728 -0.0183666 -0.835671 0.431162 -0.340226 2 
0.121917 0.24539 -0.0180922 -0.771426 0.511577 -0.378405 2 
0.122036 0.244987 -0.019079 -0.54252 0.771119 -0.333239 2 
0.12196 0.245521 -0.0183938 -0.712371 0.563616 -0.418167 2 
0.122145 0.24544 -0.0176394 -0.75479 0.51902 -0.401136 2 
0.121436 0.245961 -0.0177144 -0.862067 0.404142 -0.305795 2 
0.121529 0.246376 -0.0178522 -0.862067 0.404142 -0.305795 2 
0.121567 0.246453 -0.0186089 -0.791085 0.475295 -0.38507 2 
0.121887 0.24672 -0.0183143 -0.679085 0.575638 -0.455505 2 
0.121884 0.246054 -0.0177086 -0.786874 0.473417 -0.395861 2 
0.122154 0.246037 -0.0175778 -0.684192 0.560402 -0.466723 2 
0.122288 0.246729 -0.0184518 -0.532339 0.702554 -0.472263 2 
0.122471 0.246916 -0.0183441 -0.453791 0.737617 -0.499995 2 
0.12252 0.246978 -0.0179784 -0.460846 0.703747 -0.540704 2 
0.121686 0.247725 -0.0173096 -0.85741 0.403214 -0.319791 2 
0.121864 0.247392 -0.0170308 -0.838288 0.397911 -0.372747 2 
0.121956 0.247708 -0.0171789 -0.838288 0.397911 -0.372747 2 
0.122001 0.247472 -0.0168439 -0.838288 0.397911 -0.372747 2 
0.122407 0.247656 -0.0167385 -0.84176 0.405989 -0.355828 2 
0.12182 0.247851 -0.0175676 -0.85741 0.403214 -0.319791 2 
0.121998 0.248084 -0.0179048 -0.842288 0.434378 -0.319166 2 
0.122088 0.247734 -0.0174471 -0.85594 0.400883 -0.326588 2 
0.12222 0.24776 -0.0177153 -0.758691 0.499786 -0.417854 2 
0.122177 0.247506 -0.0172016 -0.85741 0.403214 -0.319791 2 
0.122536 0.247483 -0.0170273 -0.576776 0.411511 -0.705683 2 
0.122624 0.2475 -0.0172061 -0.572939 0.462694 -0.676502 2 
0.122795 0.247236 -0.0175945 -0.358501 0.636789 -0.682625 2 
0.122267 0.247722 -0.0173599 -0.85741 0.403214 -0.319791 2 
0.122489 0.247742 -0.0175846 -0.641692 0.544006 -0.540638 2 
0.122351 0.247785 -0.0179836 -0.653536 0.566174 -0.502332 2 
0.122528 0.247575 -0.0179169 -0.513649 0.655113 -0.554068 2 
0.122045 0.248169 -0.0177615 -0.836574 0.485306 -0.254208 2 
0.122482 0.246778 -0.0170096 -0.60818 0.493619 -0.621657 2 
0.122754 0.247427 -0.0174846 -0.441989 0.608777 -0.658814 2 
0.131016 0.250147 -0.00891283 0.779986 0.348983 0.519454 2 
0.130845 0.250289 -0.00831226 0.842409 0.105121 0.528486 2 
0.130843 0.250312 -0.00853467 0.849984 0.0928553 0.518561 2 
0.130799 0.250647 -0.00885935 0.844462 0.255944 0.470508 2 
0.131069 0.25063 -0.00872856 0.844462 0.255944 0.470508 2 
0.131329 0.249794 -0.00845742 0.776405 0.307692 0.55002 2 
0.131026 0.250377 -0.00821485 0.842409 0.105121 0.528486 2 
0.131205 0.250365 -0.00812764 0.843623 0.145757 0.516774 2 
0.131563 0.250243 -0.00796355 0.848934 0.13881 0.509945 2 
0.13152 0.250578 -0.00828822 0.845994 0.252421 0.469657 2 
0.131568 0.250541 -0.00793278 0.848934 0.13881 0.509945 2 
0.131791 0.250883 -0.00834909 0.851858 0.255405 0.457281 2 
0.132057 0.250567 -0.0082491 0.851858 0.255405 0.457281 2 
0.131311 0.24919 -0.00941889 0.570727 0.63807 0.516853 2 
0.132561 0.249545 -0.0101124 0.665582 0.598857 0.445389 2 
0.131146 0.250074 -0.00919135 0.651029 0.54673 0.526543 2 
0.131017 0.250713 -0.0095288 0.748723 0.532461 0.394841 2 
0.131244 0.250665 -0.00908624 0.834928 0.284528 0.471104 2 
0.131466 0.250807 -0.00952305 0.690173 0.529746 0.492981 2 
0.131502 0.250441 -0.00987589 0.564083 0.693872 0.447606 2 
0.13098 0.251669 -0.0100144 0.182253 0.905523 0.383161 2 
0.130846 0.251322 -0.00955446 0.752947 0.544789 0.369155 2 
0.130934 0.251339 -0.0097333 0.731916 0.589103 0.342426 2 
0.131115 0.251304 -0.00942372 0.837498 0.43049 0.336565 2 
0.131295 0.251293 -0.00933652 0.8292 0.377483 0.412231 2 
0.131422 0.251487 -0.0102618 -0.262357 0.921833 0.285295 2 
0.13107 0.251663 -0.00997077 0.548768 0.742066 0.384957 2 
0.131248 0.25143 -0.00968172 0.679085 0.575638 0.455505 2 
0.131335 0.251347 -0.0098708 0.523036 0.66767 0.529764 2 
0.131604 0.25133 -0.00974002 0.367493 0.739885 0.563489 2 
0.131516 0.251313 -0.00956118 0.6796 0.462529 0.569395 2 
0.131646 0.251362 -0.0100518 -0.445192 0.8679 0.220348 2 
0.131777 0.251166 -0.0101182 -0.445192 0.8679 0.220348 2 
0.131467 0.25044 -0.00888656 0.791274 0.372269 0.485078 2 
0.131641 0.250497 -0.00946665 0.562293 0.669717 0.485083 2 
0.131604 0.250642 -0.00891186 0.834928 0.284528 0.471104 2 
0.13156 0.250977 -0.00923653 0.730594 0.5086 0.455586 2 
0.131606 0.250963 -0.00910354 0.823433 0.336643 0.45676 2 
0.132091 0.250346 -0.00903651 0.726253 0.521116 0.448325 2 
0.131827 0.250761 -0.00912628 0.721597 0.476088 0.50263 2 
0.131917 0.250977 -0.00928459 0.6796 0.462529 0.569395 2 
0.13178 0.25102 -0.00968361 0.367493 0.739885 0.563489 2 
0.132001 0.25104 -0.00990827 -0.483621 0.859934 0.163167 2 
0.132227 0.25067 -0.00927401 0.610296 0.492608 0.620384 2 
0.132267 0.250725 -0.00980829 -0.483621 0.859934 0.163167 2 
0.132488 0.250523 -0.009831 -0.340742 0.894263 0.290152 2 
0.132049 0.251003 -0.00955284 -0.681736 0.723143 -0.110911 2 
0.13236 0.250796 -0.009532 0.100392 0.801683 0.589259 2 
0.132263 0.249837 -0.00900064 0.586865 0.637312 0.499424 2 
0.132521 0.249491 -0.00957814 0.625695 0.62905 0.461304 2 
0.132398 0.250062 -0.00924839 0.562279 0.633198 0.531886 2 
0.132753 0.249741 -0.00910476 0.63771 0.617624 0.460289 2 
0.131696 0.251301 -0.00947404 0.680546 0.424301 0.597349 2 
0.129877 0.252847 -0.0144691 0.790847 0.381733 0.478374 2 
0.129442 0.253871 -0.0145845 0.857011 -0.00403616 0.515283 2 
0.129406 0.254115 -0.0140195 0.840913 0.05177 0.538688 2 
0.129585 0.254226 -0.0141445 0.840913 0.05177 0.538688 2 
0.129188 0.254515 -0.0139763 0.840913 0.05177 0.538688 2 
0.129593 0.254822 -0.014083 0.840913 0.05177 0.538688 2 
0.129452 0.254567 -0.0145127 0.840913 0.05177 0.538688 2 
0.129721 0.25455 -0.014382 0.840913 0.05177 0.538688 2 
0.129636 0.253798 -0.0129301 0.818239 0.0697282 0.570633 2 
0.129724 0.253815 -0.013109 0.835081 0.0375161 0.548847 2 
0.130036 0.25383 -0.0132901 0.840913 0.05177 0.538688 2 
0.129581 0.253927 -0.0141753 0.857011 -0.00403616 0.515283 2 
0.129458 0.254031 -0.0132193 0.840913 0.05177 0.538688 2 
0.129501 0.254162 -0.0135208 0.840913 0.05177 0.538688 2 
0.129503 0.254139 -0.0132984 0.840913 0.05177 0.538688 2 
0.129859 0.25404 -0.0133567 0.840913 0.05177 0.538688 2 
0.12977 0.254145 -0.0133901 0.840913 0.05177 0.538688 2 
0.129913 0.254745 -0.0133743 0.840913 0.05177 0.538688 2 
0.129675 0.254097 -0.0138888 0.840913 0.05177 0.538688 2 
0.129769 0.254512 -0.0140265 0.840913 0.05177 0.538688 2 
0.12964 0.254686 -0.0137378 0.840913 0.05177 0.538688 2 
0.129901 0.254538 -0.0142948 0.840913 0.05177 0.538688 2 
0.129945 0.25408 -0.013758 0.840913 0.05177 0.538688 2 
0.129902 0.254171 -0.0136583 0.840913 0.05177 0.538688 2 
0.129992 0.254165 -0.0136147 0.840913 0.05177 0.538688 2 
0.130037 0.254396 -0.013906 0.840913 0.05177 0.538688 2 
0.130166 0.254223 -0.0141948 0.840913 0.05177 0.538688 2 
0.130128 0.254489 -0.0138522 0.840913 0.05177 0.538688 2 
0.130442 0.254703 -0.0140128 0.840913 0.05177 0.538688 2 
0.129763 0.254581 -0.0146938 0.840913 0.05177 0.538688 2 
0.130557 0.254002 -0.0150303 0.857011 -0.00403616 0.515283 2 
0.130601 0.25401 -0.0151197 0.857011 -0.00403616 0.515283 2 
0.129853 0.254576 -0.0146502 0.840913 0.05177 0.538688 2 
0.130125 0.254757 -0.0144989 0.840913 0.05177 0.538688 2 
0.130125 0.254757 -0.0144989 0.840913 0.05177 0.538688 2 
0.130302 0.254891 -0.0148463 0.840913 0.05177 0.538688 2 
0.13039 0.254442 -0.0143989 0.840913 0.05177 0.538688 2 
0.130431 0.25484 -0.0153473 0.835545 0.0489851 0.547233 2 
0.130831 0.254627 -0.0152828 0.835545 0.0489851 0.547233 2 
0.130919 0.254644 -0.0154617 0.829767 0.0432316 0.556432 2 
0.130089 0.255468 -0.0145601 0.840913 0.05177 0.538688 2 
0.130219 0.255394 -0.0148387 0.840913 0.05177 0.538688 2 
0.130306 0.254845 -0.0144015 0.840913 0.05177 0.538688 2 
0.130528 0.254865 -0.0146262 0.840913 0.05177 0.538688 2 
0.130572 0.254874 -0.0147156 0.840913 0.05177 0.538688 2 
0.130347 0.255122 -0.0151377 0.835545 0.0489851 0.547233 2 
0.130526 0.255233 -0.0152627 0.8277 0.0404777 0.559709 2 
0.130748 0.25513 -0.0152752 0.8277 0.0404777 0.559709 2 
0.130363 0.255749 -0.0143986 0.649818 0.420471 0.633199 2 
0.130163 0.253557 -0.013589 0.846774 0.391418 0.36023 2 
0.130212 0.253864 -0.0136477 0.74851 0.306136 0.588229 2 
0.130517 0.253603 -0.014082 0.905129 0.338873 0.256722 2 
0.130044 0.254426 -0.0132286 0.840913 0.05177 0.538688 2 
0.130617 0.254171 -0.0137545 0.840913 0.05177 0.538688 2 
0.130223 0.25466 -0.0135657 0.840913 0.05177 0.538688 2 
0.131011 0.254149 -0.0145694 0.857011 -0.00403616 0.515283 2 
0.130571 0.25453 -0.0143015 0.840913 0.05177 0.538688 2 
0.130841 0.254512 -0.0141708 0.840913 0.05177 0.538688 2 
0.130967 0.254607 -0.0151062 0.835545 0.0489851 0.547233 2 
0.130714 0.255129 -0.0142858 0.840913 0.05177 0.538688 2 
0.130754 0.255061 -0.0146079 0.840913 0.05177 0.538688 2 
0.130977 0.254836 -0.0144083 0.840913 0.05177 0.538688 2 
0.130848 0.255476 -0.0147457 0.64838 0.40959 0.641747 2 
0.131148 0.243819 -0.0187392 0.596336 -0.569306 0.565928 2 
0.130416 0.245356 -0.0179447 0.845972 -0.49436 0.199848 2 
0.130728 0.245248 -0.0179136 0.845972 -0.49436 0.199848 2 
0.130813 0.2446 -0.0174867 0.845972 -0.49436 0.199848 2 
0.131028 0.244122 -0.0177626 0.845972 -0.49436 0.199848 2 
0.131612 0.244318 -0.0177924 0.845972 -0.49436 0.199848 2 
0.131256 0.244418 -0.0177341 0.845972 -0.49436 0.199848 2 
0.130817 0.244898 -0.0174559 0.845972 -0.49436 0.199848 2 
0.131181 0.245173 -0.0172508 0.630041 -0.682681 0.370128 2 
0.130953 0.245222 -0.0176935 0.630041 -0.682681 0.370128 2 
0.130999 0.24533 -0.0177726 0.630041 -0.682681 0.370128 2 
0.131131 0.245356 -0.0180409 0.630041 -0.682681 0.370128 2 
0.131224 0.245304 -0.0175524 0.630041 -0.682681 0.370128 2 
0.131271 0.245512 -0.0176213 0.630041 -0.682681 0.370128 2 
0.1314 0.245339 -0.0179101 0.630041 -0.682681 0.370128 2 
0.131624 0.245213 -0.0177002 0.630041 -0.682681 0.370128 2 
0.131217 0.245274 -0.0182299 0.630041 -0.682681 0.370128 2 
0.131439 0.245294 -0.0184546 0.630041 -0.682681 0.370128 2 
0.131528 0.245066 -0.0182091 0.630041 -0.682681 0.370128 2 
0.132017 0.245092 -0.0185254 0.630041 -0.682681 0.370128 2 
0.13162 0.245259 -0.018145 0.630041 -0.682681 0.370128 2 
0.131362 0.245606 -0.0175675 0.630041 -0.682681 0.370128 2 
0.131674 0.24562 -0.0177485 0.630041 -0.682681 0.370128 2 
0.13166 0.244625 -0.0178511 0.630041 -0.682681 0.370128 2 
0.131885 0.244599 -0.0176309 0.630041 -0.682681 0.370128 2 
0.13132 0.24523 -0.0168416 0.630041 -0.682681 0.370128 2 
0.131589 0.245212 -0.0167108 0.630041 -0.682681 0.370128 2 
0.131759 0.245316 -0.0177357 0.630041 -0.682681 0.370128 2 
0.132149 0.244995 -0.0185815 0.630041 -0.682681 0.370128 2 
0.131847 0.245333 -0.0179146 0.630041 -0.682681 0.370128 2 
0.132161 0.245324 -0.0178732 0.630041 -0.682681 0.370128 2 
0.131634 0.245787 -0.0174162 0.630041 -0.682681 0.370128 2 
0.131776 0.246165 -0.0171986 0.563489 -0.739885 0.367493 2 
0.131904 0.24577 -0.0172855 0.630041 -0.682681 0.370128 2 
0.1324 0.245826 -0.0169242 0.563489 -0.739885 0.367493 2 
0.132992 0.246619 -0.0168925 0.189519 -0.817204 0.544297 2 
0.136917 0.258701 -0.00686722 0.72565 0.486534 0.486534 2 
0.137154 0.258538 -0.00531252 0.749813 0.53418 0.390425 2 
0.135472 0.260215 -0.00575419 0.179242 0.681731 0.709306 2 
0.135507 0.258816 -0.00486486 0.303677 0.618601 0.724647 2 
0.135464 0.259152 -0.00518948 0.251004 0.623563 0.740382 2 
0.136004 0.259217 -0.00491773 0.809358 0.427918 0.402275 2 
0.135557 0.259567 -0.0053273 0.219388 0.633269 0.742185 2 
0.135648 0.259439 -0.00507157 0.465656 0.559121 0.685966 2 
0.135736 0.2598 -0.00566444 0.428289 0.60827 0.668264 2 
0.135784 0.259763 -0.00530903 0.82318 0.413969 0.388592 2 
0.136143 0.25974 -0.00513466 0.85656 0.402815 0.32256 2 
0.136279 0.260064 -0.00537217 0.67968 0.508502 0.52864 2 
0.136182 0.259106 -0.00484079 0.764409 0.482871 0.427218 2 
0.136989 0.259421 -0.00508501 0.833608 0.451994 0.31749 2 
0.136276 0.259521 -0.00497861 0.867811 0.398064 0.297404 2 
0.136588 0.259413 -0.00494748 0.799923 0.469694 0.373511 2 
0.136725 0.259836 -0.00517474 0.933124 0.326662 0.150237 2 
0.136456 0.259854 -0.00530553 0.858576 0.408479 0.309827 2 
0.137332 0.258893 -0.00586185 0.913529 0.392694 0.106096 2 
0.137074 0.25924 -0.00528434 0.87222 0.435362 0.222917 2 
0.13725 0.259274 -0.00564198 0.866889 0.438721 0.236699 2 
0.136975 0.25936 -0.00644 0.744307 0.457146 0.486852 2 
0.137334 0.259337 -0.00626564 0.722848 0.480237 0.496854 2 
0.136812 0.259754 -0.00536382 0.891752 0.402679 0.206465 2 
0.136809 0.259899 -0.0057984 0.783378 0.475217 0.400609 2 
0.136811 0.260221 -0.00599007 0.783147 0.423191 0.45562 2 
0.137029 0.259476 -0.00561923 0.899597 0.403169 0.167867 2 
0.137162 0.259601 -0.00587724 0.743885 0.499772 0.443692 2 
0.136851 0.259931 -0.00611024 0.779536 0.428012 0.457306 2 
0.137206 0.25961 -0.00596665 0.737617 0.499995 0.453791 2 
0.136015 0.260479 -0.00546192 0.783986 0.389569 0.483324 2 
0.136504 0.260505 -0.00577822 0.810559 0.407678 0.420468 2 
0.136551 0.260368 -0.00543305 0.813815 0.414102 0.407707 2 
0.138582 0.255264 -0.00593261 0.818356 0.573822 0.0319562 2 
0.138763 0.255352 -0.00583519 0.818356 0.573822 0.0319562 2 
0.138627 0.255372 -0.00601178 0.823734 0.566231 0.029073 2 
0.138759 0.255398 -0.00628003 0.783674 0.61869 -0.0554688 2 
0.138893 0.255278 -0.00611368 0.778601 0.625989 -0.0438051 2 
0.138961 0.254492 -0.00727448 0.554195 0.815522 -0.166709 2 
0.139321 0.254568 -0.00708988 0.531774 0.827037 -0.18228 2 
0.138834 0.254864 -0.00696521 0.65433 0.73131 -0.19245 2 
0.139156 0.255108 -0.00644825 0.691132 0.71203 -0.123896 2 
0.139014 0.254852 -0.00687805 0.65433 0.73131 -0.19245 2 
0.139283 0.254835 -0.00674731 0.65433 0.73131 -0.19245 2 
0.139066 0.255114 -0.00649187 0.691132 0.71203 -0.123896 2 
0.139115 0.255298 -0.00633834 0.757379 0.646472 -0.0919361 2 
0.139377 0.254317 -0.00563262 0.651073 0.756961 -0.0558062 2 
0.139031 0.255235 -0.00571468 0.810433 0.585236 0.0264121 2 
0.139076 0.255343 -0.00579385 0.809589 0.586918 0.00962161 2 
0.139341 0.255027 -0.00569384 0.775689 0.630856 -0.018104 2 
0.139591 0.254551 -0.00695913 0.531774 0.827037 -0.18228 2 
0.139553 0.254818 -0.00661652 0.65433 0.73131 -0.19245 2 
0.139685 0.254844 -0.00688475 0.566517 0.790019 -0.234367 2 
0.139384 0.255281 -0.0062076 0.711484 0.690514 -0.130314 2 
0.139513 0.255108 -0.00649633 0.669276 0.71851 -0.189244 2 
0.139649 0.254965 -0.00610758 0.670256 0.719336 -0.182518 2 
0.139826 0.254755 -0.00604095 0.573499 0.784871 -0.234684 2 
0.139874 0.255062 -0.00609958 0.662176 0.726703 -0.182828 2 
0.140006 0.255088 -0.00636785 0.628126 0.754059 -0.19197 2 
0.139698 0.255272 -0.00616625 0.677491 0.714195 -0.175872 2 
0.139827 0.255099 -0.00645502 0.662932 0.721653 -0.199343 2 
0.139954 0.254826 -0.00675401 0.545576 0.811487 -0.209367 2 
0.136909 0.25926 -0.00838311 0.580191 0.502832 0.640733 1 
0.136529 0.260276 -0.00746559 0.756438 0.424984 0.497182 1 
0.136563 0.260056 -0.00825302 0.710683 0.432373 0.554962 1 
0.13619 0.261103 -0.00665797 0.809129 0.355889 0.467603 1 
0.135489 0.261409 -0.00563113 0.537483 -0.362111 -0.761569 1 
0.13579 0.261194 -0.00651023 0.722656 0.470142 0.50669 1 
0.135926 0.261518 -0.00674772 0.859456 0.28955 0.421302 1 
0.136404 0.261215 -0.00777227 0.775551 0.33559 0.534696 1 
0.136713 0.260908 -0.0077617 0.76649 0.358127 0.53314 1 
0.136408 0.261857 -0.00815558 0.798675 0.336368 0.498973 1 
0.136454 0.261621 -0.00782068 0.793152 0.30677 0.526119 1 
0.137503 0.26143 -0.0100076 0.397034 -0.565073 -0.723227 1 
0.134208 0.264717 -0.0082909 0.896328 0.423384 0.131688 1 
0.134036 0.264981 -0.00790244 0.913133 0.400259 0.0773382 1 
0.134709 0.265416 -0.00831297 0.864217 0.478171 0.156466 1 
0.135152 0.265456 -0.0087623 0.8248 0.518752 0.224946 1 
0.135592 0.264953 -0.00881806 0.842362 0.493275 0.217041 1 
0.135333 0.2652 -0.0082508 0.871483 0.457051 0.177824 1 
0.13563 0.262253 -0.00603977 0.907024 0.243918 0.343238 1 
0.136069 0.262339 -0.00693388 0.844716 0.292938 0.447932 1 
0.135549 0.2632 -0.00643592 0.919552 0.269102 0.286371 1 
0.136547 0.262503 -0.00858469 0.778415 0.401396 0.48265 1 
0.136211 0.263061 -0.00713035 0.872872 0.321424 0.367124 1 
0.136341 0.262988 -0.00740886 0.817742 0.363617 0.446185 1 
0.135156 0.263788 -0.00623688 0.858739 0.348137 0.375988 1 
0.134989 0.264695 -0.00623176 0.884344 0.414859 0.214073 1 
0.134855 0.265037 -0.00660002 0.873617 0.439041 0.209847 1 
0.134984 0.264863 -0.00688876 0.809416 0.424743 0.40551 1 
0.135429 0.264536 -0.00670157 0.92808 0.372004 0.0167338 1 
0.1353 0.264709 -0.00641283 0.892802 0.400221 0.206708 1 
0.135122 0.26482 -0.00648974 0.880306 0.424618 0.211569 1 
0.135254 0.264846 -0.00675799 0.811314 0.433661 0.392055 1 
0.135912 0.263942 -0.00685701 0.89586 0.349133 0.274849 1 
0.135694 0.264221 -0.00660159 0.88885 0.387295 0.244842 1 
0.135649 0.264457 -0.00693648 0.886172 0.415898 0.204275 1 
0.135683 0.264358 -0.00793608 0.848425 0.448079 0.281782 1 
0.135771 0.264253 -0.00790274 0.843946 0.447523 0.295768 1 
0.135763 0.264345 -0.0087924 0.820208 0.510111 0.258932 1 
0.135244 0.264839 -0.00765792 0.874513 0.451219 0.177842 1 
0.135514 0.264821 -0.00752714 0.879167 0.429979 0.205385 1 
0.135511 0.264967 -0.00796171 0.854193 0.46716 0.228289 1 
0.135653 0.265344 -0.0077441 0.884179 0.432622 0.176253 1 
0.135691 0.264488 -0.00724831 0.881158 0.414575 0.227348 1 
0.13573 0.26491 -0.00841907 0.852238 0.492305 0.176992 1 
0.135424 0.265171 -0.00798479 0.877893 0.439682 0.189695 1 
0.135512 0.265189 -0.00816362 0.874891 0.444085 0.193273 1 
0.135779 0.264972 -0.00805338 0.849004 0.467943 0.245403 1 
0.135641 0.265015 -0.00845239 0.848809 0.488253 0.202813 1 
0.136044 0.263968 -0.00712521 0.881852 0.383087 0.274921 1 
0.13604 0.263892 -0.00735793 0.872629 0.393062 0.289864 1 
0.136084 0.2639 -0.00744733 0.859635 0.404444 0.312175 1 
0.135777 0.264184 -0.00723551 0.86962 0.426521 0.248678 1 
0.135865 0.264201 -0.00741434 0.860973 0.431249 0.269721 1 
0.135781 0.264483 -0.00720474 0.881158 0.414575 0.227348 1 
0.135388 0.263519 -0.00950389 0.788725 0.519951 0.327969 1 
0.135617 0.263569 -0.00905104 0.807417 0.490161 0.32836 1 
0.135879 0.26421 -0.010426 0.756872 0.521474 0.393966 1 
0.135501 0.265326 -0.00949815 0.80555 0.527127 0.270602 1 
0.135806 0.264721 -0.00951831 0.790679 0.533986 0.299476 1 
0.135853 0.264806 -0.00937507 0.797703 0.536522 0.275341 1 
0.13585 0.265074 -0.0100218 0.773905 0.532563 0.342706 1 
0.136428 0.265216 -0.0105067 0.758191 0.529919 0.379911 1 
0.13656 0.265242 -0.0107749 0.747495 0.520782 0.412355 1 
0.136421 0.265308 -0.0113963 0.74764 0.541507 0.384454 1 
0.136467 0.265516 -0.0114653 0.732797 0.572855 0.367214 1 
0.136557 0.265165 -0.0110076 0.751121 0.531839 0.391107 1 
0.13669 0.265291 -0.0112656 0.674654 0.483809 0.557468 1 
0.136648 0.265259 -0.0109538 0.751121 0.531839 0.391107 1 
0.136872 0.265723 -0.0115822 0.734749 0.550651 0.39614 1 
0.136915 0.26551 -0.0114697 0.762499 0.511054 0.396761 1 
0.136547 0.262847 -0.0089988 0.809765 0.44561 0.381723 1 
0.13708 0.262537 -0.00899047 0.770556 0.480579 0.418674 1 
0.137218 0.262839 -0.00900555 0.775903 0.486363 0.401778 1 
0.13735 0.262864 -0.00927375 0.824922 0.472955 0.309542 1 
0.137439 0.262981 -0.00944234 0.857679 0.443312 0.260503 1 
0.137569 0.262907 -0.00972083 0.91784 0.376301 0.126359 1 
0.136821 0.263128 -0.00883727 0.800162 0.466627 0.37683 1 
0.137132 0.263143 -0.00901835 0.811462 0.451166 0.371455 1 
0.136967 0.263682 -0.00837673 0.781889 0.456779 0.424268 1 
0.13704 0.263171 -0.00928435 0.793418 0.48442 0.368545 1 
0.137305 0.263322 -0.0098106 0.969334 0.210725 -0.126435 1 
0.137468 0.263051 -0.0110989 -0.417867 0.473149 0.775575 1 
0.136939 0.263659 -0.0110765 0.628932 0.558114 0.541252 1 
0.137612 0.263283 -0.0104468 0.953193 0.294576 0.0681771 1 
0.137572 0.263573 -0.0103266 0.978085 0.208177 -0.00348901 1 
0.137617 0.263337 -0.00999163 0.940513 0.329378 0.0833366 1 
0.137747 0.263263 -0.0102701 0.910509 0.391421 0.133279 1 
0.136161 0.264399 -0.00937471 0.788731 0.534814 0.303114 1 
0.136163 0.264721 -0.0095664 0.794744 0.517619 0.316942 1 
0.136786 0.264749 -0.00992857 0.797324 0.486095 0.357753 1 
0.136299 0.265045 -0.00980388 0.786299 0.51726 0.3379 1 
0.13652 0.264032 -0.00878634 0.811779 0.496525 0.307373 1 
0.136946 0.264279 -0.0112374 0.628189 0.584401 0.513667 1 
0.136832 0.265079 -0.0102096 0.777756 0.512575 0.363815 1 
0.13696 0.264807 -0.0105086 0.712996 0.540148 0.447076 1 
0.13674 0.265231 -0.0106878 0.752347 0.506482 0.421249 1 
0.137087 0.265001 -0.0114338 0.732889 0.535256 0.41997 1 
0.136579 0.260216 -0.00688773 0.749197 0.414764 0.516405 1 
0.136808 0.260267 -0.00643489 0.754572 0.414114 0.509049 1 
0.13652 0.259458 -0.0073252 0.740466 0.430427 0.516182 1 
0.13679 0.259662 -0.00739631 0.73898 0.426271 0.52173 1 
0.136708 0.260043 -0.00717649 0.741733 0.425962 0.518062 1 
0.136747 0.259998 -0.00772098 0.753969 0.428728 0.497718 1 
0.136966 0.259697 -0.00775398 0.734757 0.450761 0.5069 1 
0.137241 0.260077 -0.0075822 0.752542 0.390146 0.530534 1 
0.137144 0.259708 -0.00788926 0.702687 0.475691 0.529102 1 
0.137467 0.260396 -0.00777611 0.752879 0.393588 0.527505 1 
0.138312 0.259978 -0.0077367 0.647856 0.431349 0.62787 1 
0.138136 0.260288 -0.00779307 0.70964 0.40858 0.573998 1 
0.13575 0.260795 -0.0055619 0.821182 0.411385 0.395502 1 
0.136555 0.261011 -0.00581636 0.829813 0.365118 0.422019 1 
0.136273 0.2606 -0.00666563 0.784779 0.369023 0.49794 1 
0.136405 0.260625 -0.00693387 0.774013 0.378082 0.507895 1 
0.136542 0.260582 -0.00653489 0.781653 0.377071 0.496827 1 
0.136683 0.260738 -0.00611536 0.771646 0.394758 0.498727 1 
0.136417 0.261054 -0.00621538 0.800334 0.36408 0.476351 1 
0.13602 0.261344 -0.0060471 0.845689 0.354846 0.398615 1 
0.135982 0.261733 -0.00591668 0.882206 0.288037 0.372487 1 
0.13616 0.261622 -0.00583977 0.868046 0.332215 0.368958 1 
0.136426 0.261306 -0.00573976 0.820768 0.379427 0.427054 1 
0.13629 0.261326 -0.00591637 0.820768 0.379427 0.427054 1 
0.136333 0.261458 -0.00621794 0.833292 0.351274 0.426885 1 
0.137114 0.260916 -0.00789917 0.756096 0.372357 0.53821 1 
0.136939 0.261226 -0.0079556 0.765165 0.357508 0.535454 1 
0.137381 0.2607 -0.00778894 0.758861 0.39983 0.514067 1 
0.137426 0.260586 -0.00766619 0.768819 0.378721 0.515255 1 
0.137603 0.26072 -0.00801361 0.732213 0.384944 0.561855 1 
0.137072 0.261351 -0.00821358 0.764126 0.340868 0.54765 1 
0.137782 0.260709 -0.00792642 0.738523 0.366816 0.565712 1 
0.138665 0.260146 -0.00844175 0.378442 0.34137 0.860377 1 
0.138268 0.260314 -0.00806133 0.61331 0.423832 0.666497 1 
0.137653 0.261348 -0.00826389 0.690135 0.365559 0.624564 1 
0.137744 0.261564 -0.00842223 0.700459 0.384017 0.601571 1 
0.137965 0.261585 -0.00864689 0.72199 0.365088 0.587742 1 
0.138148 0.262239 -0.00916542 0.993516 0.0888876 -0.0708851 1 
0.137917 0.260933 -0.00817415 0.62787 0.431349 0.647856 1 
0.138184 0.260717 -0.0080639 0.61311 0.439368 0.656546 1 
0.138092 0.260746 -0.00832993 0.532073 0.449196 0.717719 1 
0.138009 0.261249 -0.00832221 0.652029 0.381313 0.655331 1 
0.138227 0.260971 -0.00857763 0.551259 0.399869 0.732269 1 
0.138361 0.260729 -0.00819914 0.47308 0.443615 0.761184 1 
0.138492 0.260655 -0.00847764 0.392788 0.386478 0.834477 1 
0.138282 0.261997 -0.00878692 0.986889 0.154238 0.0475469 1 
0.138326 0.262005 -0.00887634 0.988721 0.149262 0.012345 1 
0.138921 0.259234 -0.00840327 0.735007 -0.674358 -0.070757 1 
0.138617 0.259717 -0.00817089 0.443902 0.418075 0.792568 1 
0.138106 0.262207 -0.00885358 0.985676 0.168617 0.00339498 1 
0.134304 0.266265 -0.00966066 0.793466 0.568523 0.21724 1 
0.133908 0.267121 -0.0101084 0.790835 0.575851 0.207306 1 
0.134316 0.26716 -0.0095683 0.803957 0.572538 0.160791 1 
0.134354 0.266893 -0.00991093 0.808814 0.56572 0.160562 1 
0.134399 0.267124 -0.0102023 0.784072 0.579935 0.221149 1 
0.134876 0.267409 -0.0120653 0.684125 0.677746 0.269504 1 
0.133865 0.267556 -0.0104228 0.641449 0.68715 0.341127 1 
0.133643 0.267781 -0.0106224 0.65205 0.690882 0.312272 1 
0.134045 0.267889 -0.0107497 0.632729 0.688317 0.354786 1 
0.133778 0.268227 -0.0110721 0.444741 0.697927 0.56134 1 
0.134092 0.267408 -0.00999042 0.789724 0.581982 0.193994 1 
0.134312 0.267206 -0.0100132 0.798878 0.570627 0.190209 1 
0.133955 0.26755 -0.0103792 0.701551 0.656805 0.276465 1 
0.134225 0.267533 -0.0102484 0.746336 0.620637 0.240399 1 
0.134357 0.267559 -0.0105167 0.634154 0.686591 0.355585 1 
0.134092 0.267752 -0.0104045 0.641449 0.68715 0.341127 1 
0.134181 0.267869 -0.0105731 0.62914 0.70067 0.336517 1 
0.134403 0.267766 -0.0105856 0.641449 0.68715 0.341127 1 
0.134447 0.26743 -0.0102609 0.751998 0.613844 0.2402 1 
0.134448 0.26753 -0.0102507 0.74525 0.619203 0.247366 1 
0.134538 0.267524 -0.0102071 0.759032 0.609408 0.229112 1 
0.134626 0.267541 -0.0103859 0.74348 0.62402 0.240491 1 
0.134005 0.268423 -0.0110538 0.444741 0.697927 0.56134 1 
0.13445 0.268096 -0.0108666 0.541972 0.702062 0.461927 1 
0.134537 0.268113 -0.0110455 0.966514 0.212917 -0.143235 1 
0.134892 0.26757 -0.0107 0.731074 0.622767 0.278732 1 
0.13498 0.267587 -0.0108788 0.715535 0.672449 0.18927 1 
0.134804 0.267897 -0.0109352 0.888992 0.455997 0.0419464 1 
0.135114 0.267812 -0.0111265 0.71328 0.666457 0.21695 1 
0.134271 0.268207 -0.0109436 0.519313 0.702993 0.485917 1 
0.134334 0.266831 -0.00735444 0.922679 0.378981 0.0709753 1 
0.134601 0.266615 -0.00724417 0.914054 0.396408 0.0858203 1 
0.134629 0.266118 -0.00828479 0.828162 0.52536 0.195307 1 
0.1345 0.266291 -0.00799604 0.852667 0.495049 0.166987 1 
0.134453 0.266428 -0.00834122 0.833844 0.522463 0.178146 1 
0.134373 0.266663 -0.00768678 0.877978 0.465314 0.112415 1 
0.134332 0.266854 -0.00757685 0.889336 0.448158 0.0907486 1 
0.134457 0.266727 -0.00831044 0.81974 0.545992 0.172973 1 
0.134894 0.265803 -0.00818481 0.838472 0.510309 0.191178 1 
0.134855 0.26597 -0.00785244 0.840645 0.506793 0.190987 1 
0.135163 0.265785 -0.00805405 0.851285 0.490495 0.186358 1 
0.135126 0.266052 -0.00771143 0.84915 0.492717 0.190198 1 
0.134846 0.26584 -0.0085402 0.829119 0.51877 0.208421 1 
0.134898 0.266101 -0.00815405 0.82621 0.526046 0.201626 1 
0.13498 0.265498 -0.00817196 0.857399 0.479965 0.185745 1 
0.135381 0.265507 -0.00830947 0.870761 0.459609 0.17474 1 
0.134984 0.265797 -0.00814119 0.83984 0.509313 0.1878 1 
0.135253 0.26578 -0.00801043 0.840922 0.498492 0.210609 1 
0.134591 0.266385 -0.00794218 0.856277 0.492029 0.157155 1 
0.13477 0.266374 -0.00785501 0.857448 0.491017 0.153901 1 
0.134463 0.266658 -0.00764321 0.879816 0.463285 0.106258 1 
0.134422 0.266848 -0.00753328 0.890796 0.444701 0.0934011 1 
0.134466 0.266857 -0.00762267 0.886849 0.451155 0.0997881 1 
0.134646 0.266845 -0.00753553 0.884199 0.452744 0.11496 1 
0.134908 0.266331 -0.007456 0.895015 0.432801 0.10785 1 
0.135001 0.266524 -0.0073919 0.89826 0.427544 0.101664 1 
0.13486 0.266368 -0.00781143 0.859449 0.487558 0.153735 1 
0.13513 0.266351 -0.00768067 0.954597 0.263474 -0.139019 1 
0.134733 0.26664 -0.00751241 0.890793 0.439044 0.117172 1 
0.135173 0.266948 -0.00860848 0.808532 0.555771 0.193378 1 
0.13447 0.267277 -0.00780407 0.883869 0.459388 0.087968 1 
0.134462 0.267025 -0.00827967 0.816466 0.551829 0.169909 1 
0.134506 0.267255 -0.00857097 0.812128 0.55503 0.179969 1 
0.134558 0.267172 -0.00777073 0.87587 0.468555 0.115359 1 
0.135431 0.265669 -0.00793353 0.884565 0.440118 0.154402 1 
0.135305 0.266041 -0.00762425 0.846714 0.491786 0.203031 1 
0.135606 0.265481 -0.0080893 0.867218 0.462418 0.184672 1 
0.135132 0.266205 -0.00724611 0.937111 0.34607 0.045365 1 
0.135265 0.26633 -0.00750408 0.884818 0.447412 0.130078 1 
0.134795 0.266267 -0.00975454 0.805583 0.553935 0.210219 1 
0.135064 0.26625 -0.00962377 0.796802 0.558535 0.230531 1 
0.135367 0.265668 -0.00986637 0.781781 0.546132 0.30093 1 
0.135503 0.265992 -0.0101039 0.764459 0.569753 0.301634 1 
0.135634 0.265918 -0.0103823 0.751108 0.577404 0.320065 1 
0.135196 0.266276 -0.00989203 0.776588 0.575774 0.255725 1 
0.135328 0.266302 -0.0101603 0.751849 0.599254 0.274989 1 
0.134529 0.266583 -0.00985456 0.793876 0.572758 0.204227 1 
0.134588 0.26712 -0.00921518 0.811558 0.55368 0.186582 1 
0.134661 0.266609 -0.0101228 0.774054 0.590275 0.228946 1 
0.134929 0.266492 -0.0100023 0.778424 0.581868 0.235555 1 
0.134973 0.266501 -0.0100917 0.776848 0.579901 0.245403 1 
0.134797 0.266933 -0.0103603 0.763527 0.586477 0.270317 1 
0.135111 0.266924 -0.0103189 0.739905 0.608863 0.286054 1 
0.135375 0.266509 -0.0102292 0.742101 0.604852 0.288861 1 
0.135369 0.265645 -0.00964396 0.804897 0.529825 0.267257 1 
0.135745 0.266471 -0.00893246 0.795987 0.561055 0.227204 1 
0.135422 0.266939 -0.0105 0.72507 0.646429 0.237496 1 
0.136424 0.265851 -0.0117899 0.745528 0.563613 0.355709 1 
0.136603 0.26584 -0.0117027 0.748326 0.560027 0.355496 1 
0.134592 0.267418 -0.00918442 0.789456 0.589441 0.171226 1 
0.134453 0.267362 -0.00959365 0.794646 0.583544 0.167373 1 
0.134948 0.267318 -0.00924276 0.79299 0.58375 0.174367 1 
0.134845 0.26724 -0.0104189 0.757075 0.599022 0.260788 1 
0.135247 0.267249 -0.0105564 0.707727 0.670232 0.223411 1 
0.137042 0.265237 -0.0117688 0.710496 0.537448 0.454252 1 
0.137084 0.265269 -0.0120806 0.747382 0.507563 0.428718 1 
0.137088 0.265345 -0.0118479 0.775681 0.489476 0.398411 1 
0.136466 0.265883 -0.0121017 0.690943 0.434545 0.577728 1 
0.136506 0.265937 -0.012636 0.744666 0.618718 0.250321 1 
0.136515 0.266067 -0.0119482 0.652597 0.330367 0.681891 1 
0.136644 0.265894 -0.012237 0.77111 0.557179 0.308125 1 
0.136825 0.26586 -0.0119274 0.757332 0.557099 0.340719 1 
0.146513 0.259442 -0.0143825 0.79803 0.467257 0.38055 1 
0.146465 0.259013 -0.0141117 0.76464 0.40596 0.500521 1 
0.146684 0.258834 -0.0143569 0.778794 0.408094 0.476381 1 
0.146823 0.259357 -0.0145738 0.795423 0.456602 0.398518 1 
0.147733 0.256898 -0.0142511 0.776213 0.387296 0.497489 1 
0.147083 0.258399 -0.0140905 0.770016 0.408613 0.49001 1 
0.146863 0.258478 -0.0138556 0.781269 0.407689 0.47266 1 
0.147124 0.257864 -0.0137864 0.776109 0.405138 0.483237 1 
0.14673 0.258697 -0.0140117 0.781096 0.404351 0.475803 1 
0.147042 0.258711 -0.0141927 0.774126 0.415583 0.477514 1 
0.146904 0.258877 -0.0148039 0.802517 0.442269 0.400455 1 
0.146988 0.258818 -0.0152154 0.807122 0.455505 0.375592 1 
0.147169 0.258906 -0.015118 0.805392 0.449931 0.385884 1 
0.146775 0.259394 -0.0149292 0.7978 0.470333 0.377229 1 
0.146954 0.259505 -0.0150543 0.797644 0.48308 0.361106 1 
0.147298 0.259199 -0.016033 0.77479 0.519222 0.360706 1 
0.147343 0.258963 -0.0156981 0.78571 0.49853 0.366234 1 
0.147478 0.259188 -0.0159458 0.77479 0.519222 0.360706 1 
0.147248 0.259726 -0.017237 0.561354 0.713698 0.418946 1 
0.14738 0.25963 -0.0172931 0.564691 0.707106 0.425588 1 
0.14721 0.259526 -0.0162682 0.773077 0.530986 0.346997 1 
0.147338 0.259598 -0.0169813 0.671048 0.638073 0.377568 1 
0.147388 0.25966 -0.0166156 0.700287 0.615006 0.362444 1 
0.147698 0.259575 -0.016807 0.671048 0.638073 0.377568 1 
0.147699 0.259208 -0.0161705 0.760671 0.536849 0.364928 1 
0.14748 0.259509 -0.0161374 0.773077 0.530986 0.346997 1 
0.147653 0.259345 -0.0165157 0.715181 0.594075 0.368228 1 
0.147741 0.259362 -0.0166945 0.68612 0.620305 0.380081 1 
0.147336 0.259399 -0.0170018 0.632013 0.661872 0.403095 1 
0.147785 0.259592 -0.0169858 0.62724 0.66696 0.402162 1 
0.147645 0.259436 -0.0174053 0.50582 0.728049 0.462701 1 
0.147602 0.25965 -0.0175178 0.46471 0.753717 0.46471 1 
0.148046 0.259445 -0.0175427 0.378389 0.764898 0.5213 1 
0.148183 0.259302 -0.017154 0.509984 0.715972 0.476761 1 
0.147875 0.259586 -0.0169422 0.62724 0.66696 0.402162 1 
0.147915 0.259419 -0.0172745 0.503001 0.72545 0.4698 1 
0.14787 0.259655 -0.0176094 0.304801 0.777163 0.550557 1 
0.148089 0.259354 -0.0176425 0.283517 0.774523 0.565449 1 
0.147821 0.257038 -0.014642 0.776213 0.387296 0.497489 1 
0.147823 0.257703 -0.0152477 0.771293 0.451687 0.448426 1 
0.147911 0.25772 -0.0154266 0.774818 0.455104 0.438792 1 
0.148133 0.257741 -0.0156513 0.774406 0.471165 0.422255 1 
0.147773 0.256608 -0.0143713 0.788258 0.399794 0.467775 1 
0.147906 0.256733 -0.0146292 0.791307 0.388401 0.472206 1 
0.14808 0.256791 -0.0152093 0.779004 0.390312 0.490724 1 
0.147959 0.257561 -0.014859 0.777914 0.41413 0.472595 1 
0.148176 0.257405 -0.0153266 0.774126 0.415583 0.477514 1 
0.148265 0.257766 -0.0159195 0.761315 0.496082 0.417495 1 
0.14743 0.258292 -0.0150487 0.78882 0.455151 0.413037 1 
0.147607 0.258203 -0.0151943 0.78882 0.455151 0.413037 1 
0.147298 0.258266 -0.0147805 0.793801 0.428426 0.43166 1 
0.147341 0.258519 -0.0152943 0.794902 0.465977 0.388583 1 
0.147695 0.257976 -0.0149488 0.789168 0.432665 0.435906 1 
0.14765 0.258335 -0.0154958 0.789875 0.476509 0.386053 1 
0.14805 0.258244 -0.0156436 0.762028 0.504211 0.406306 1 
0.146994 0.258749 -0.0145482 0.806551 0.447371 0.386439 1 
0.148314 0.25864 -0.0165941 0.670495 0.603945 0.430914 1 
0.148362 0.258602 -0.0162387 0.735115 0.547636 0.399626 1 
0.148493 0.258628 -0.016507 0.670495 0.603945 0.430914 1 
0.148443 0.258466 -0.0168829 0.592553 0.652983 0.471692 1 
0.148667 0.258808 -0.0172992 0.424444 0.73163 0.533446 1 
0.147966 0.258992 -0.0160602 0.751038 0.542507 0.376334 1 
0.147921 0.259228 -0.0163951 0.711092 0.596135 0.372789 1 
0.14805 0.259055 -0.0166839 0.667846 0.628073 0.399382 1 
0.148098 0.259017 -0.0163285 0.721039 0.573217 0.389262 1 
0.148234 0.258875 -0.0159397 0.749813 0.53418 0.390425 1 
0.145813 0.261003 -0.0147998 0.819844 0.383655 0.425046 1 
0.145859 0.260644 -0.0142527 0.620255 0.282224 0.731869 1 
0.14599 0.26067 -0.014521 0.81379 0.417287 0.404497 1 
0.146647 0.259667 -0.0146302 0.796447 0.45856 0.394201 1 
0.14603 0.260036 -0.0142271 0.81788 0.422492 0.390606 1 
0.146389 0.260013 -0.0140527 0.800627 0.423672 0.423672 1 
0.146162 0.260062 -0.0144953 0.820928 0.453962 0.346403 1 
0.146298 0.260386 -0.0147328 0.814228 0.438185 0.380823 1 
0.145685 0.261276 -0.0145008 0.807122 0.375592 0.455505 1 
0.146085 0.261185 -0.0146485 0.818841 0.386366 0.424525 1 
0.146466 0.259701 -0.0149398 0.799923 0.469694 0.373511 1 
0.147161 0.260398 -0.0178864 0.362585 0.781572 0.507619 1 
0.147161 0.260275 -0.0176742 0.320355 0.788934 0.524362 1 
0.1472 0.259763 -0.0175924 0.460083 0.761347 0.456808 1 
0.147514 0.259977 -0.017753 0.320355 0.788934 0.524362 1 
0.147427 0.259959 -0.0175742 0.435719 0.768629 0.468358 1 
0.146982 0.260975 -0.0185895 0.168687 0.76745 0.618519 1 
0.147113 0.260779 -0.0186558 0.181294 0.775451 0.604821 1 
0.147253 0.261057 -0.0184485 0.276803 0.779795 0.561516 1 
0.147115 0.261101 -0.0188475 0.123404 0.744887 0.655679 1 
0.147201 0.260796 -0.0188347 0.168687 0.76745 0.618519 1 
0.147382 0.260418 -0.018111 0.33847 0.781208 0.524549 1 
0.147381 0.260662 -0.0185353 0.325106 0.783136 0.530098 1 
0.147427 0.260648 -0.0184023 0.325106 0.783136 0.530098 1 
0.147604 0.259971 -0.0177094 0.320355 0.788934 0.524362 1 
0.147648 0.260102 -0.018011 0.320355 0.788934 0.524362 1 
0.147784 0.260426 -0.0182485 0.33847 0.781208 0.524549 1 
0.147872 0.260321 -0.0182152 0.310408 0.784774 0.536448 1 
0.147736 0.260463 -0.0186039 0.325106 0.783136 0.530098 1 
0.147206 0.260628 -0.0181777 0.340688 0.791739 0.507033 1 
0.147916 0.259985 -0.0178905 0.320355 0.788934 0.524362 1 
0.12693 0.261256 0.0018909 0.630513 0.637203 0.443199 1 
0.127317 0.260737 0.0010246 0.551909 0.616045 0.562036 1 
0.127496 0.260725 0.00111179 0.527044 0.641546 0.557354 1 
0.128041 0.260622 0.00204058 0.539178 0.673552 0.505584 1 
0.128461 0.259315 0.00100285 0.503813 0.641983 0.577953 1 
0.127451 0.260739 0.000978827 0.531886 0.633198 0.562279 1 
0.127542 0.260833 0.00103265 0.527044 0.641546 0.557354 1 
0.127898 0.260734 0.000974298 0.507737 0.625816 0.592079 1 
0.127672 0.260759 0.000754118 0.510096 0.631307 0.584169 1 
0.128074 0.260768 0.000616655 0.503202 0.624375 0.597448 1 
0.127636 0.261126 0.00110699 0.531886 0.633198 0.562279 1 
0.127814 0.261015 0.0011839 0.517434 0.601707 0.608449 1 
0.127906 0.26133 0.00103584 0.517434 0.601707 0.608449 1 
0.128424 0.260148 0.000729486 0.504318 0.605519 0.615639 1 
0.128601 0.259938 0.000796154 0.507789 0.595514 0.622506 1 
0.128474 0.26021 0.00109516 0.500722 0.622109 0.601878 1 
0.128695 0.26023 0.000870496 0.507789 0.595514 0.622506 1 
0.128514 0.260265 0.000560895 0.507789 0.595514 0.622506 1 
0.128732 0.259864 0.000517651 0.510009 0.580704 0.634566 1 
0.129001 0.259969 0.000436261 0.505042 0.465301 0.72693 1 
0.128872 0.260487 0.000310928 0.511509 0.458537 0.726707 1 
0.128962 0.260481 0.000354514 0.510854 0.444724 0.735696 1 
0.128121 0.260731 0.000972077 0.507737 0.625816 0.592079 1 
0.128163 0.260762 0.000660211 0.503202 0.624375 0.597448 1 
0.128213 0.261046 0.00082399 0.503202 0.624375 0.597448 1 
0.12835 0.260781 0.00142492 0.503288 0.654779 0.563884 1 
0.128704 0.260827 0.000932023 0.504157 0.591837 0.628932 1 
0.128573 0.261023 0.000998363 0.500682 0.598459 0.625431 1 
0.128251 0.26078 0.000481397 0.504157 0.591837 0.628932 1 
0.12856 0.260595 0.000279814 0.508569 0.498564 0.701991 1 
0.128782 0.260615 5.51641e-005 0.507307 0.40291 0.761776 1 
0.128926 0.261069 0.000505462 0.51774 0.400146 0.756194 1 
0.129185 0.260601 0.000140116 0.514556 0.419207 0.747996 1 
0.131558 0.257232 0.0003113 0.344667 0.635428 0.690967 1 
0.131519 0.258088 -0.000184461 0.576704 0.643958 0.502724 1 
0.131694 0.257556 7.38204e-005 0.365245 0.59127 0.719024 1 
0.131607 0.257883 -0.000161424 0.546305 0.573366 0.610576 1 
0.131921 0.258096 -0.000321969 0.569436 0.582954 0.579575 1 
0.132006 0.257792 -0.000309184 0.49329 0.520044 0.697294 1 
0.132273 0.257576 -0.000198916 0.490532 0.500509 0.71335 1 
0.133044 0.258135 0.000121921 0.467988 0.537937 0.70115 1 
0.128867 0.259622 0.000896156 0.496044 0.596934 0.630564 1 
0.129757 0.259656 0.000442326 0.536339 0.427421 0.727771 1 
0.128879 0.260051 0.00161465 0.503271 0.617727 0.604262 1 
0.129272 0.259929 0.000789419 0.500875 0.494219 0.710544 1 
0.12936 0.259946 0.000610575 0.501214 0.454897 0.736107 1 
0.129492 0.259972 0.000342354 0.512288 0.436515 0.739605 1 
0.129093 0.260163 0.000500336 0.505042 0.465301 0.72693 1 
0.129226 0.260288 0.000242338 0.516527 0.408303 0.752654 1 
0.129229 0.260487 0.000262842 0.514556 0.419207 0.747996 1 
0.12954 0.259935 0.000697747 0.501214 0.454897 0.736107 1 
0.129941 0.259943 0.000560299 0.533557 0.408787 0.740413 1 
0.129536 0.259981 0.000252932 0.522004 0.404185 0.751097 1 
0.129626 0.260197 9.45926e-005 0.531839 0.391107 0.751121 1 
0.129631 0.260495 0.000125363 0.531839 0.391107 0.751121 1 
0.129758 0.260223 -0.000173628 0.535241 0.375808 0.756496 1 
0.129894 0.260547 -0.000411123 0.548372 0.362869 0.753401 1 
0.129715 0.259969 0.000340119 0.529418 0.398293 0.749053 1 
0.129893 0.259981 0.000204846 0.531839 0.391107 0.751121 1 
0.12985 0.260194 9.23723e-005 0.529919 0.379911 0.758191 1 
0.130071 0.25987 0.000281766 0.539136 0.391652 0.745614 1 
0.130115 0.259878 0.000192359 0.541455 0.39096 0.744296 1 
0.130028 0.260205 -4.28855e-005 0.547671 0.359155 0.755688 1 
0.130072 0.260214 -0.000132293 0.544749 0.362624 0.756144 1 
0.130032 0.260504 -1.21444e-005 0.54994 0.358515 0.754342 1 
0.130022 0.260274 -0.00071013 0.557145 0.358977 0.748816 1 
0.130159 0.260231 -0.000311121 0.559203 0.363563 0.74506 1 
0.130295 0.260555 -0.000548586 0.558538 0.366388 0.744174 1 
0.130335 0.260266 -0.000668794 0.556297 0.373584 0.742273 1 
0.130424 0.260382 -0.000837371 0.559893 0.367277 0.742716 1 
0.129364 0.260589 0.000227273 0.514556 0.419207 0.747996 1 
0.129365 0.260811 2.53618e-005 0.521474 0.393966 0.756872 1 
0.129764 0.260621 -0.00013265 0.530568 0.383641 0.755855 1 
0.130473 0.260689 -0.000896022 0.565746 0.348525 0.747303 1 
0.130338 0.259998 -2.20537e-005 0.554014 0.380782 0.74032 1 
0.130473 0.260223 -0.000269756 0.554014 0.380782 0.74032 1 
0.130561 0.26024 -0.000448614 0.549323 0.395184 0.736257 1 
0.13069 0.260067 -0.000737369 0.538503 0.410053 0.736119 1 
0.130609 0.260547 -0.000507265 0.5468 0.373783 0.749197 1 
0.130929 0.261158 -0.000626817 0.553358 0.377067 0.742708 1 
0.130972 0.260945 -0.000514314 0.553358 0.377067 0.742708 1 
0.131655 0.258412 -0.000421971 0.541562 0.406583 0.7358 1 
0.132732 0.258121 0.00030297 0.490532 0.500509 0.71335 1 
0.133098 0.258718 0.000316426 0.478821 0.522199 0.705719 1 
0.132054 0.258222 -0.000579953 0.528261 0.478268 0.70157 1 
0.132318 0.257806 -0.000490233 0.479109 0.525852 0.702805 1 
0.132405 0.257602 -0.000467151 0.475691 0.529102 0.702687 1 
0.132451 0.257932 -0.000748217 0.594486 0.49344 0.634904 1 
0.132763 0.25829 -0.00134337 0.566827 0.496184 0.657654 1 
0.133296 0.257858 -0.00112285 0.575507 0.488258 0.656045 1 
0.133077 0.258159 -0.00108986 0.572623 0.495377 0.653226 1 
0.133384 0.257875 -0.00130171 0.575507 0.488258 0.656045 1 
0.133548 0.258047 -0.00299385 0.602958 0.676043 0.423565 1 
0.133818 0.25803 -0.00286308 0.664472 0.513073 0.543353 1 
0.13404 0.257805 -0.0026634 0.701656 0.454993 0.548325 1 
0.133128 0.258198 -0.000501767 0.5817 0.507512 0.635655 1 
0.133561 0.257542 -0.00102286 0.577468 0.513492 0.63471 1 
0.133654 0.257858 -0.00117095 0.572623 0.495377 0.653226 1 
0.13365 0.257904 -0.00161578 0.63536 0.471072 0.61189 1 
0.133739 0.258021 -0.00178434 0.647167 0.502605 0.573205 1 
0.133829 0.257892 -0.00152861 0.641226 0.489755 0.590736 1 
0.133919 0.258009 -0.00169715 0.647167 0.502605 0.573205 1 
0.133786 0.258228 -0.00185324 0.651856 0.510368 0.560899 1 
0.13405 0.258035 -0.00196539 0.67017 0.495489 0.552596 1 
0.134608 0.257496 -0.00364441 0.782822 0.211532 0.585187 1 
0.13074 0.260695 -0.000987679 0.559893 0.373806 0.739451 1 
0.130824 0.260291 -0.000985101 0.543278 0.417779 0.728224 1 
0.131268 0.260332 -0.00143442 0.568265 0.425784 0.704118 1 
0.130873 0.260598 -0.00104374 0.551857 0.403597 0.729769 1 
0.131405 0.260288 -0.00103539 0.559127 0.455647 0.69265 1 
0.131623 0.26001 -0.00129084 0.489327 0.167051 0.855952 1 
0.131667 0.260019 -0.00138025 0.575446 0.518071 0.632822 1 
0.13167 0.26044 -0.00156166 0.578292 0.448302 0.681618 1 
0.131805 0.260664 -0.00180937 0.562499 0.41074 0.717557 1 
0.131144 0.260902 -0.00110464 0.562083 0.400546 0.72362 1 
0.131094 0.260741 -0.00148056 0.567911 0.400007 0.719355 1 
0.130881 0.261195 -0.000982225 0.556297 0.373584 0.742273 1 
0.130973 0.261511 -0.00113027 0.561247 0.37471 0.737966 1 
0.131408 0.260954 -0.00164115 0.565722 0.433001 0.701761 1 
0.131456 0.261261 -0.00169978 0.590561 0.368078 0.718162 1 
0.131544 0.261278 -0.00187862 0.594075 0.368228 0.715181 1 
0.132022 0.260386 -0.00206481 0.510255 0.370947 0.775911 1 
0.131673 0.261105 -0.00216736 0.549418 0.315555 0.77367 1 
0.131971 0.259069 -0.000986353 0.55157 0.48451 0.678985 1 
0.132189 0.258446 -0.0008277 0.592768 0.58939 0.548859 1 
0.132322 0.258572 -0.00108571 0.600758 0.556759 0.573681 1 
0.132014 0.258856 -0.000873864 0.547977 0.484298 0.682039 1 
0.132281 0.259106 -0.00138985 0.570951 0.477187 0.668063 1 
0.132325 0.259115 -0.00147927 0.586951 0.486042 0.647496 1 
0.132456 0.258796 -0.00133343 0.56588 0.498713 0.656555 1 
0.132502 0.258904 -0.00141262 0.529047 0.426864 0.733414 1 
0.132636 0.259129 -0.0016603 0.543298 0.44361 0.712767 1 
0.131749 0.259171 -0.00097385 0.55157 0.48451 0.678985 1 
0.1318 0.2598 -0.00122416 0.482771 0.179739 0.857104 1 
0.13206 0.25943 -0.00157924 0.57058 0.473531 0.670975 1 
0.132017 0.259521 -0.00147958 0.560402 0.466723 0.684192 1 
0.132196 0.259755 -0.00181672 0.566283 0.456033 0.686555 1 
0.132407 0.258267 -0.00107288 0.580888 0.496701 0.64487 1 
0.132631 0.258265 -0.0010751 0.566827 0.496184 0.657654 1 
0.132854 0.258507 -0.00150168 0.579013 0.488385 0.652858 1 
0.133173 0.258429 -0.00079307 0.579013 0.488385 0.652858 1 
0.132912 0.259043 -0.00086233 0.55992 0.473007 0.680261 1 
0.133528 0.258796 -0.00147764 0.593497 0.495982 0.633848 1 
0.133133 0.259063 -0.00108698 0.569972 0.506081 0.647313 1 
0.132588 0.259289 -0.00222792 0.583396 0.499333 0.640559 1 
0.13255 0.259556 -0.00188531 0.594725 0.470754 0.651685 1 
0.133386 0.258319 -0.00170551 0.623951 0.496133 0.603769 1 
0.133428 0.258351 -0.00201733 0.635655 0.507512 0.5817 1 
0.13384 0.259155 -0.00207278 0.647885 0.550281 0.526722 1 
0.13343 0.259016 -0.00262305 0.64528 0.611759 0.457563 1 
0.133523 0.259209 -0.00255893 0.641692 0.540638 0.544006 1 
0.133349 0.259274 -0.00219104 0.638504 0.550899 0.537422 1 
0.133576 0.25957 -0.00216255 0.630964 0.590582 0.503088 1 
0.13388 0.259209 -0.00260702 0.654053 0.549808 0.519544 1 
0.132067 0.26015 -0.00172988 0.518337 0.403878 0.753796 1 
0.132114 0.260357 -0.00179876 0.518337 0.403878 0.753796 1 
0.133102 0.25995 -0.000905275 0.587263 0.489667 0.644475 1 
0.130835 0.261554 -0.00152928 0.603619 0.307443 0.73561 1 
0.130708 0.261826 -0.0012303 0.592563 0.309931 0.743513 1 
0.130754 0.262156 -0.00151135 0.613061 0.275479 0.740451 1 
0.13115 0.261645 -0.0014777 0.570694 0.34957 0.74304 1 
0.133219 0.258415 -0.000660077 0.58279 0.47866 0.656689 1 
0.133575 0.258537 -0.000920326 0.57739 0.496589 0.64809 1 
0.133482 0.258466 -0.00119658 0.577678 0.500205 0.645045 1 
0.13371 0.258762 -0.00116806 0.577678 0.500205 0.645045 1 
0.134107 0.258939 -0.00196253 0.658474 0.530484 0.533852 1 
0.134159 0.259888 -0.0024045 0.647445 0.566724 0.509547 1 
0.134939 0.258436 -0.00305569 0.483343 0.694074 0.533517 1 
0.134986 0.258644 -0.00312459 0.487967 0.67913 0.548334 1 
0.135281 0.251613 -0.000301063 0.470825 -0.0736098 0.879151 1 
0.136735 0.251851 -0.00280693 0.996878 0.00105267 -0.0789502 1 
0.137398 0.251811 -0.00349115 0.765819 -0.642616 -0.0238006 1 
0.132893 0.252954 0.000667408 0.389447 0.718095 0.576776 1 
0.133467 0.252331 0.000777975 0.489219 0.764098 0.420499 1 
0.132941 0.252916 0.00102283 0.389447 0.718095 0.576776 1 
0.133072 0.252942 0.000754565 0.433227 0.76346 0.479002 1 
0.133434 0.253118 0.000949457 0.373055 0.603133 0.705025 1 
0.133614 0.253107 0.00103658 0.452505 0.592765 0.666235 1 
0.133294 0.252962 0.0005299 0.452505 0.592765 0.666235 1 
0.133695 0.252971 0.000392467 0.377262 0.182176 0.908012 1 
0.133566 0.253144 0.000681207 0.377262 0.182176 0.908012 1 
0.133746 0.253132 0.000768378 0.377262 0.182176 0.908012 1 
0.133878 0.253158 0.000500128 0.323699 -0.0291964 0.945709 1 
0.134278 0.252134 0.00160484 0.452505 0.592765 0.666235 1 
0.13418 0.252354 0.000459418 0.310362 0.0851203 0.9468 1 
0.134405 0.252328 0.000679627 0.291476 0.0235661 0.956288 1 
0.134495 0.252322 0.000723183 0.277483 0.0754447 0.957764 1 
0.133881 0.253235 0.00073278 0.159515 0.177381 0.971129 1 
0.134015 0.253115 0.000899106 -0.32998 0.877412 0.348227 1 
0.134147 0.253141 0.000630915 -0.334311 0.913206 0.233005 1 
0.134097 0.252979 0.000254959 -0.334311 0.913206 0.233005 1 
0.13437 0.253261 0.000416487 -0.50356 0.85562 0.119758 1 
0.134414 0.252925 0.000741139 -0.383078 0.903486 0.192262 1 
0.134546 0.252951 0.000472888 -0.318711 0.899803 0.297958 1 
0.134497 0.251955 0.00135967 0.452505 0.592765 0.666235 1 
0.134455 0.252268 0.00125742 0.366 0.435714 0.822312 1 
0.134765 0.252305 0.000853971 0.368021 -0.389946 0.844099 1 
0.134986 0.252325 0.000629276 0.376553 -0.169094 0.910832 1 
0.134547 0.252583 0.00110938 -0.334311 0.913206 0.233005 1 
0.134138 0.253011 -5.68628e-005 -0.316725 0.924609 0.211623 1 
0.135242 0.252124 -0.000382781 0.45374 -0.139723 0.880112 1 
0.134448 0.252704 -4.62979e-005 0.466539 -0.301144 0.831657 1 
0.134228 0.253005 -1.3262e-005 0.406246 -0.118663 0.906026 1 
0.134498 0.252988 0.000117481 0.404743 -0.187139 0.895077 1 
0.134848 0.252613 -0.000194043 0.438885 -0.138671 0.887778 1 
0.134721 0.252985 0.000115201 0.455235 -0.29365 0.840554 1 
0.134767 0.252971 0.000248253 0.428418 -0.209021 0.879072 1 
0.134991 0.252968 0.000245988 0.444195 -0.230379 0.865804 1 
0.135156 0.251962 0.00023061 0.431873 -0.12319 0.893482 1 
0.135113 0.252297 -9.40263e-005 0.419665 -0.201734 0.884977 1 
0.134947 0.252959 0.00033541 0.407462 -0.194238 0.892327 1 
0.136164 0.251961 -0.0018464 0.552609 -0.176172 0.814608 1 
0.13572 0.25384 0.000464588 0.500304 -0.180707 0.846783 1 
0.135859 0.254363 0.000247613 0.533833 -0.189034 0.82419 1 
0.136281 0.253722 -0.00139588 0.694788 -0.0768763 0.715095 1 
0.136597 0.254035 -0.00154616 0.859228 -0.0398682 0.510038 1 
0.136651 0.254617 -0.00135162 0.871063 0.0682913 0.486401 1 
0.135585 0.254029 -0.00428052 0.440487 0.0875416 -0.893481 1 
0.134977 0.258514 -0.00381236 0.403518 0.719745 0.564925 1 
0.13493 0.258551 -0.00416778 0.274394 0.835585 0.475927 1 
0.135066 0.258409 -0.00377902 0.468457 0.636362 0.612855 1 
0.137275 0.255335 -0.0025419 0.920061 0.117249 0.373818 1 
0.13715 0.255806 -0.00222237 0.920706 0.120092 0.371319 1 
0.137582 0.255395 -0.00316779 0.959713 0.0386881 0.278304 1 
0.137199 0.256213 -0.00227076 0.920144 0.164362 0.355415 1 
0.137631 0.255924 -0.00342837 0.893196 0.332525 0.302702 1 
0.137669 0.255779 -0.00398314 0.912839 0.331284 0.238698 1 
0.137759 0.256118 -0.00435361 0.910865 0.362912 0.196517 1 
0.137847 0.256013 -0.00432028 0.908744 0.362631 0.206598 1 
0.138027 0.256001 -0.00423311 0.904573 0.367347 0.216343 1 
0.137721 0.25604 -0.00359696 0.912383 0.315769 0.260473 1 
0.137757 0.256141 -0.00457603 0.901431 0.389222 0.189547 1 
0.1375 0.256931 -0.00440232 0.911362 0.373929 0.172036 1 
0.137899 0.25674 -0.00456032 0.910427 0.374714 0.175247 1 
0.137899 0.25674 -0.00456032 0.910427 0.374714 0.175247 1 
0.138121 0.256294 -0.00415875 0.904573 0.367347 0.216343 1 
0.13798 0.256138 -0.00457826 0.887327 0.415064 0.200932 1 
0.138164 0.256425 -0.00446033 0.896179 0.399431 0.19318 1 
0.138164 0.256425 -0.00446033 0.896179 0.399431 0.19318 1 
0.138256 0.25674 -0.00460842 0.900027 0.403362 0.165077 1 
0.137344 0.257134 -0.00244674 0.888646 0.34317 0.304208 1 
0.137388 0.257364 -0.00273807 0.886135 0.36435 0.286382 1 
0.13752 0.25739 -0.00300631 0.865711 0.404609 0.294678 1 
0.137593 0.257591 -0.00496446 0.904581 0.423392 0.0497318 1 
0.137385 0.258098 -0.00401106 0.940585 0.314428 -0.1282 1 
0.137068 0.258153 -0.0044972 0.856551 0.498806 0.132336 1 
0.137066 0.25852 -0.00513369 0.749053 0.529418 0.398293 1 
0.137201 0.257934 -0.00434114 0.882515 0.467856 0.0477404 1 
0.137335 0.257937 -0.00438696 0.773901 0.556889 0.301582 1 
0.137375 0.257869 -0.00470906 0.790822 0.537252 0.293191 1 
0.13729 0.25724 -0.00346941 0.749286 0.57127 0.334994 1 
0.137466 0.257152 -0.00361492 0.86369 0.43564 0.253491 1 
0.137768 0.257281 -0.00490807 0.901674 0.40908 0.140135 1 
0.137555 0.257513 -0.00420779 0.911923 0.405449 0.0633093 1 
0.137638 0.257354 -0.00462957 0.90766 0.399819 0.127662 1 
0.13813 0.25699 -0.00408694 0.906539 0.377844 0.188204 1 
0.137295 0.25776 -0.00364052 0.606344 0.629859 0.485411 1 
0.137472 0.257894 -0.00398795 0.948557 0.295844 -0.112766 1 
0.137215 0.258462 -0.00361235 0.836064 0.523099 0.165424 1 
0.138357 0.255389 -0.00614256 0.79213 0.608571 -0.0465959 1 
0.138579 0.255409 -0.00636719 0.783674 0.61869 -0.0554688 1 
0.138673 0.255235 -0.00566664 0.818966 0.571731 0.0491661 1 
0.138658 0.255074 -0.00703187 0.66931 0.712792 -0.209645 1 
0.13853 0.255347 -0.00673288 0.763175 0.64199 -0.0735764 1 
0.138785 0.254802 -0.00733088 0.694745 0.706749 -0.133547 1 
0.13871 0.255335 -0.00664571 0.748472 0.658713 -0.0767292 1 
0.137863 0.256121 -0.00732163 0.0356375 0.402571 -0.914695 1 
0.137456 0.258322 -0.00619163 0.859981 0.454928 0.231243 1 
0.137501 0.25843 -0.00627078 0.864149 0.456786 0.21117 1 
0.137865 0.255753 -0.00668511 0.279473 0.72663 -0.627617 1 
0.138404 0.255719 -0.00642359 0.795871 0.602933 -0.0553279 1 
0.138096 0.256003 -0.00621177 0.876933 0.422781 0.22857 1 
0.137975 0.256895 -0.00607367 0.88362 0.439634 0.161054 1 
0.137976 0.256773 -0.00586148 0.877809 0.454139 0.152347 1 
0.138018 0.256805 -0.00617333 0.878391 0.441395 0.183304 1 
0.138593 0.255593 -0.00522436 0.841639 0.531939 0.0931968 1 
0.138318 0.255679 -0.00602236 0.805308 0.592585 -0.0179571 1 
0.1382 0.256525 -0.00543942 0.861936 0.499612 0.0863352 1 
0.138119 0.256783 -0.0050074 0.88772 0.448784 0.1027 1 
0.138033 0.256965 -0.00480807 0.908619 0.40213 0.112708 1 
0.138296 0.256451 -0.0047286 0.883512 0.435206 0.173209 1 
0.138384 0.256468 -0.00490741 0.868605 0.480963 0.119164 1 
0.138379 0.256414 -0.0053625 0.853944 0.514066 0.0807211 1 
0.138083 0.256041 -0.00755653 -0.199894 0.197247 -0.959758 1 
0.137668 0.257179 -0.0058618 0.90449 0.409607 0.118828 1 
0.137413 0.257725 -0.00526382 0.81705 0.464846 0.341098 1 
0.137585 0.257683 -0.00585411 0.901906 0.430181 0.0388637 1 
0.137678 0.257409 -0.00516382 0.896099 0.43052 0.107981 1 
0.137758 0.257518 -0.00623231 0.913367 0.405794 0.0330451 1 
0.137714 0.257509 -0.0061429 0.913367 0.405794 0.0330451 1 
0.137459 0.258055 -0.00554487 0.831015 0.479969 0.281147 1 
0.137853 0.257099 -0.0051074 0.900001 0.41831 0.122535 1 
0.134715 0.259028 -0.00389184 -0.0063054 0.936983 0.349319 1 
0.136734 0.250695 -0.00135256 0.504628 -0.714473 0.484643 1 
0.136749 0.251223 -0.000623763 0.500606 -0.258827 0.826077 1 
0.136932 0.25151 -0.00050582 0.519473 -0.249657 0.817202 1 
0.13706 0.251582 -0.0012189 0.614918 -0.297023 0.730516 1 
0.137108 0.251544 -0.000863478 0.625115 -0.31175 0.715571 1 
0.137247 0.251601 -0.000454247 0.512389 -0.309337 0.801104 1 
0.136558 0.253269 3.86387e-005 0.527208 -0.129977 0.839736 1 
0.136939 0.252474 -0.00108081 0.648742 -0.152734 0.745524 1 
0.137064 0.25188 -0.00118816 0.666545 -0.196406 0.719126 1 
0.137025 0.25217 -0.00106795 0.667001 -0.159533 0.727776 1 
0.137383 0.252392 -0.00131795 0.837093 -0.102295 0.537411 1 
0.136676 0.252767 -0.000958383 0.564306 -0.177007 0.806367 1 
0.137081 0.252729 -0.000651017 0.630345 -0.178572 0.755498 1 
0.136945 0.252749 -0.000827625 0.616257 -0.162014 0.7707 1 
0.136905 0.253039 -0.000707448 0.638758 -0.155537 0.753523 1 
0.137129 0.253036 -0.000709698 0.694464 -0.136493 0.706463 1 
0.137426 0.252178 -0.00120546 0.809925 -0.112774 0.575589 1 
0.137648 0.252076 -0.00121795 0.882469 -0.0971139 0.460235 1 
0.137561 0.252403 -0.00145319 0.931783 -0.0323986 0.361568 1 
0.13783 0.252386 -0.00132243 0.975327 -0.00116806 0.220763 1 
0.13735 0.252712 -0.000520274 0.663834 -0.159502 0.730673 1 
0.137534 0.253343 -0.000816375 0.860556 -0.0259121 0.508696 1 
0.136472 0.253573 2.58237e-005 0.536517 -0.114864 0.836036 1 
0.136523 0.253857 0.000189602 0.539335 -0.0811137 0.838175 1 
0.136044 0.254627 0.00058794 0.54776 -0.237414 0.802243 1 
0.136046 0.254726 0.000598207 0.552489 -0.255115 0.793519 1 
0.136211 0.254187 -4.34369e-005 0.583162 -0.106694 0.805319 1 
0.136308 0.254801 -0.000160694 0.751689 -0.1015 0.65166 1 
0.136529 0.254354 0.000240847 0.680377 -0.13968 0.719428 1 
0.136838 0.25417 3.92795e-005 0.664433 -0.0617076 0.744796 1 
0.136885 0.254377 -2.96086e-005 0.780176 -0.00690421 0.625522 1 
0.136711 0.254787 -7.57873e-005 0.85078 0.00134404 0.525521 1 
0.136804 0.254735 0.000412628 0.821545 -0.0290935 0.569401 1 
0.136644 0.253653 -0.000776678 0.668211 -0.0498665 0.742299 1 
0.137089 0.253326 -0.00058949 0.691199 -0.0862172 0.717503 1 
0.137137 0.253633 -0.000648171 0.763446 -0.0352794 0.644907 1 
0.137273 0.253957 -0.000885621 0.865374 0.0313443 0.500145 1 
0.136434 0.254429 -0.000469968 0.697468 -0.0529904 0.714654 1 
0.136566 0.254455 -0.000738233 0.788962 0.0152523 0.614253 1 
0.13661 0.254463 -0.00082764 0.788962 0.0152523 0.614253 1 
0.136828 0.254285 -0.00107282 0.862019 0.0230777 0.506351 1 
0.136657 0.254548 -0.000684395 0.801983 0.0207768 0.596986 1 
0.136709 0.25481 -0.000298217 0.853175 0.00404348 0.521609 1 
0.136789 0.254574 -0.000952646 0.864554 0.0714623 0.497434 1 
0.136974 0.254494 -0.000198185 0.831486 0.0290536 0.554785 1 
0.136931 0.25483 -0.000522837 0.860606 0.0483487 0.50697 1 
0.137061 0.254756 -0.000801355 0.865246 0.062699 0.497412 1 
0.13687 0.254316 -0.00138462 0.873858 0.0312578 0.485175 1 
0.137232 0.254614 -0.00140193 0.871063 0.0682913 0.486401 1 
0.137011 0.254939 -0.00159135 0.889282 0.0589201 0.453548 1 
0.13719 0.254583 -0.00109009 0.860694 0.0716075 0.504061 1 
0.13737 0.254916 -0.001417 0.874063 0.0769175 0.479686 1 
0.137545 0.254606 -0.00136058 0.87472 0.0767299 0.478515 1 
0.137318 0.253843 -0.000762895 0.862019 0.0230777 0.506351 1 
0.137625 0.253559 -0.00097473 0.875906 -0.00132914 0.482479 1 
0.137857 0.254964 -0.00195575 0.915355 0.0800088 0.39462 1 
0.138165 0.255025 -0.00258163 0.933502 0.0841354 0.348561 1 
0.138434 0.255007 -0.00245087 0.92989 0.090163 0.356615 1 
0.138636 0.254224 -0.00365748 0.923868 0.249887 0.289869 1 
0.136137 0.254943 0.000439897 0.716388 -0.156 0.680038 1 
0.136406 0.254925 0.000570625 0.73851 -0.0892062 0.668315 1 
0.136362 0.255039 0.000447929 0.791265 -0.119353 0.599711 1 
0.136184 0.255372 0.000169054 0.870237 0.0313231 0.491636 1 
0.136274 0.255366 0.000212654 0.870237 0.0313231 0.491636 1 
0.136316 0.255398 -9.9197e-005 0.869727 0.0424591 0.491704 1 
0.136539 0.255051 0.000312641 0.822505 -0.0262649 0.568151 1 
0.136674 0.255275 6.49244e-005 0.864418 0.048253 0.500453 1 
0.136851 0.255409 -0.000282481 0.869727 0.0424591 0.491704 1 
0.137243 0.25541 -0.0013199 0.878559 0.0882763 0.469405 1 
0.137462 0.255231 -0.00156507 0.890456 0.0674379 0.450045 1 
0.137466 0.25553 -0.0015343 0.887384 0.117469 0.445815 1 
0.137731 0.255214 -0.00143431 0.893046 0.0701777 0.444459 1 
0.137233 0.255181 -0.00201793 0.909358 0.0979734 0.404313 1 
0.137498 0.255332 -0.00254415 0.935628 0.0727858 0.345402 1 
0.137151 0.255561 -0.00179808 0.909772 0.0919377 0.4048 1 
0.137155 0.25586 -0.00176732 0.922511 0.0516182 0.382504 1 
0.137241 0.255555 -0.00175448 0.901442 0.101395 0.420858 1 
0.137506 0.25524 -0.00165446 0.888128 0.0847822 0.451708 1 
0.137686 0.255573 -0.00198139 0.919115 0.0939539 0.382624 1 
0.137514 0.255837 -0.00159295 0.894181 0.110895 0.433755 1 
0.13769 0.255527 -0.00153653 0.889211 0.126624 0.439626 1 
0.137782 0.255842 -0.00168462 0.914265 0.083115 0.396499 1 
0.13773 0.255581 -0.00207077 0.928799 0.0706261 0.363791 1 
0.137997 0.255587 -0.00216246 0.928069 0.0989037 0.359034 1 
0.137722 0.255673 -0.00296046 0.918954 0.203737 0.337662 1 
0.137864 0.255806 -0.00231855 0.920633 0.146687 0.361827 1 
0.1376 0.255877 -0.00199419 0.915872 0.117775 0.383807 1 
0.137779 0.25611 -0.00233136 0.91423 0.171507 0.367109 1 
0.137557 0.256213 -0.00231884 0.909967 0.190592 0.368286 1 
0.137734 0.25588 -0.00204003 0.918118 0.141141 0.370322 1 
0.137514 0.256426 -0.00243133 0.901991 0.254559 0.34873 1 
0.137647 0.256551 -0.00268935 0.881342 0.334093 0.334093 1 
0.137915 0.256434 -0.00256881 0.893665 0.290926 0.341651 1 
0.138136 0.25611 -0.00237942 0.912006 0.208911 0.352988 1 
0.138313 0.256244 -0.00272684 0.901801 0.299616 0.311424 1 
0.138138 0.256554 -0.00278324 0.889557 0.340522 0.30452 1 
0.138421 0.255512 -0.00442186 0.87908 0.425457 0.214952 1 
0.138122 0.256049 -0.00373444 0.907519 0.33758 0.249897 1 
0.13839 0.256276 -0.00402799 0.906287 0.359314 0.222571 1 
0.138565 0.256433 -0.00459781 0.873043 0.447601 0.193517 1 
0.138438 0.256706 -0.00429882 0.906517 0.380708 0.182453 1 
0.137787 0.257174 -0.00289603 0.882206 0.372487 0.288037 1 
0.138574 0.25703 -0.00453632 0.895712 0.41857 0.15 1 
0.138902 0.255286 -0.00521377 0.829469 0.549613 0.0995362 1 
0.138939 0.254919 -0.00556663 0.782598 0.62249 0.00690121 1 
0.138557 0.255837 -0.00465937 0.875895 0.447484 0.180461 1 
0.138689 0.255862 -0.00492759 0.858729 0.496702 0.125986 1 
0.126943 0.249601 -0.00403319 0.638943 0.474595 0.605402 1 
0.126761 0.249635 -0.00434276 0.638943 0.474595 0.605402 1 
0.126676 0.249939 -0.00435556 0.613132 0.485466 0.623211 1 
0.127035 0.249916 -0.00418124 0.638381 0.496893 0.58785 1 
0.126901 0.250258 -0.00454947 0.613132 0.485466 0.623211 1 
0.127032 0.250062 -0.00461583 0.581367 0.444771 0.681316 1 
0.127212 0.25005 -0.00452866 0.612842 0.481878 0.626274 1 
0.127434 0.250292 -0.00495519 0.555716 0.351575 0.753376 1 
0.128195 0.247325 -0.00553781 0.913387 0.0887446 0.397303 1 
0.12886 0.247385 -0.00621182 0.877417 -0.031191 0.478714 1 
0.129485 0.247047 -0.00593744 0.883236 -0.202009 0.423186 1 
0.128301 0.24748 -0.00412896 0.816511 0.522133 0.246348 1 
0.12857 0.247463 -0.00399822 0.960808 0.0284409 0.275753 1 
0.128309 0.248077 -0.00406744 0.535108 0.133411 0.834183 1 
0.128259 0.247793 -0.0042312 0.74929 0.362455 0.554247 1 
0.128529 0.247776 -0.00410043 0.774633 0.384881 0.501807 1 
0.128353 0.248086 -0.00415687 0.535108 0.133411 0.834183 1 
0.128708 0.247887 -0.00422546 0.774633 0.384881 0.501807 1 
0.128752 0.248117 -0.00451675 0.724864 0.353473 0.591294 1 
0.128397 0.248217 -0.00445844 0.713223 0.375467 0.591893 1 
0.128824 0.247752 -0.00585893 0.84121 0.114381 0.528471 1 
0.128663 0.248467 -0.0049744 0.711092 0.372789 0.596135 1 
0.128624 0.249101 -0.00526829 0.692989 0.272416 0.6675 1 
0.129016 0.248513 -0.00546733 0.731502 0.233391 0.640651 1 
0.128832 0.248349 -0.00579742 0.763173 0.208983 0.611468 1 
0.129277 0.248955 -0.00686269 0.787262 -0.0380252 0.615445 1 
0.129799 0.247727 -0.00672424 0.843737 -0.0991786 0.527515 1 
0.129776 0.24921 -0.00648101 0.758067 -0.0707529 0.648328 1 
0.130121 0.248659 -0.00703546 0.751502 -0.0181253 0.659482 1 
0.130045 0.249193 -0.00635025 0.751583 -0.0617937 0.656737 1 
0.127169 0.249919 -0.00422707 0.612842 0.481878 0.626274 1 
0.127612 0.249959 -0.00467639 0.572072 0.403913 0.713854 1 
0.127524 0.250286 -0.0049116 0.555716 0.351575 0.753376 1 
0.127745 0.250085 -0.00493437 0.542775 0.391913 0.742832 1 
0.127832 0.250002 -0.00512344 0.621803 0.344358 0.703405 1 
0.128362 0.249838 -0.00554967 0.66931 0.209645 0.712792 1 
0.129821 0.249318 -0.00656015 0.751583 -0.0617937 0.656737 1 
0.129819 0.249685 -0.00719665 0.791508 -0.161317 0.589485 1 
0.129908 0.24958 -0.00716332 0.791508 -0.161317 0.589485 1 
0.130223 0.249893 -0.00731359 0.803819 -0.189938 0.563737 1 
0.12926 0.250714 -0.0063663 0.675253 -0.114274 0.72868 1 
0.129799 0.250679 -0.00610478 0.670939 -0.111083 0.733145 1 
0.129958 0.250208 -0.00741363 0.840854 -0.174742 0.512279 1 
0.130493 0.250342 -0.0078091 0.869142 -0.0285633 0.493738 1 
0.130447 0.250234 -0.00772995 0.861722 -0.0891437 0.499488 1 
0.130188 0.250825 -0.00757676 0.872121 -0.131179 0.471378 1 
0.129572 0.250827 -0.00653709 0.737165 -0.165672 0.655089 1 
0.129939 0.251302 -0.00631151 0.710256 -0.216979 0.669669 1 
0.130066 0.251029 -0.00661051 0.746498 -0.219742 0.628056 1 
0.13009 0.249301 -0.0064294 0.772139 -0.0857932 0.629635 1 
0.130758 0.250027 -0.00770913 0.839653 -0.0122478 0.542985 1 
0.130852 0.250319 -0.00763474 0.847394 -0.0400888 0.529449 1 
0.131208 0.25022 -0.00769307 0.843735 0.0095107 0.536675 1 
0.131615 0.250504 -0.00757739 0.846185 0.0545475 0.53009 1 
0.130382 0.251342 -0.00676079 0.775604 -0.246 0.581311 1 
0.130603 0.251484 -0.00719762 0.876849 -0.106242 0.46888 1 
0.130604 0.251362 -0.00698546 0.861156 -0.163399 0.481364 1 
0.130567 0.251728 -0.0066326 0.757043 -0.201981 0.621361 1 
0.130522 0.251964 -0.00696753 0.77454 -0.297411 0.558242 1 
0.130884 0.252263 -0.00698484 0.785521 -0.272335 0.555689 1 
0.131057 0.252098 -0.00736301 0.883813 0.123819 0.451157 1 
0.130127 0.261777 -0.00554657 0.56693 0.331113 0.754291 1 
0.13035 0.262019 -0.00597313 0.562648 0.301248 0.769855 1 
0.13162 0.260225 -0.00630417 0.61157 0.493636 0.618309 1 
0.130612 0.261037 -0.00526741 0.569259 0.309484 0.761685 1 
0.130882 0.26102 -0.00513665 0.498229 0.293908 0.815712 1 
0.131055 0.260856 -0.00551482 0.566283 0.456033 0.686555 1 
0.130615 0.261703 -0.00587314 0.559085 0.301046 0.772525 1 
0.13066 0.261811 -0.00595228 0.559085 0.301046 0.772525 1 
0.13084 0.2618 -0.00586513 0.574134 0.305458 0.759648 1 
0.13145 0.260589 -0.00590549 0.565419 0.458673 0.685508 1 
0.13119 0.260836 -0.00533827 0.554149 0.444317 0.703919 1 
0.131183 0.261149 -0.00642982 0.501858 0.351141 0.790467 1 
0.131393 0.260963 -0.0075749 0.491236 0.226607 0.841033 1 
0.131054 0.261445 -0.00635323 0.574262 0.349763 0.740196 1 
0.131103 0.261851 -0.00640161 0.603619 0.307443 0.73561 1 
0.131403 0.260504 -0.00604875 0.551934 0.455221 0.698672 1 
0.131805 0.260612 -0.00617597 0.612842 0.481878 0.626274 1 
0.131893 0.260629 -0.00635481 0.685629 0.504583 0.524699 1 
0.13172 0.261138 -0.00639071 0.586197 0.455931 0.669701 1 
0.132516 0.261002 -0.00713103 0.776067 0.45718 0.434403 1 
0.132475 0.261192 -0.0070211 0.70826 0.468285 0.528278 1 
0.131768 0.261567 -0.00666153 0.46097 0.287136 0.839679 1 
0.132036 0.26145 -0.00654103 0.533898 0.368373 0.761088 1 
0.132341 0.261312 -0.00718743 0.505528 0.351462 0.787982 1 
0.1323 0.261502 -0.00707752 0.463825 0.272747 0.842897 1 
0.131819 0.262073 -0.00669965 0.552835 0.355047 0.753866 1 
0.132082 0.26178 -0.00682208 0.452839 0.251577 0.855363 1 
0.129815 0.262352 -0.0062039 0.554421 0.311562 0.771716 1 
0.130086 0.262434 -0.00606288 0.559619 0.298145 0.773263 1 
0.130132 0.262641 -0.0061318 0.553602 0.307911 0.773767 1 
0.130263 0.262101 -0.00578405 0.57516 0.28045 0.768465 1 
0.130354 0.262317 -0.00594237 0.554971 0.308673 0.772482 1 
0.129959 0.262584 -0.00555174 0.507911 0.384585 0.770792 1 
0.130357 0.262394 -0.00570972 0.567592 0.302183 0.765849 1 
0.130271 0.262698 -0.00572252 0.526023 0.345856 0.77697 1 
0.130399 0.262425 -0.00602156 0.554971 0.308673 0.772482 1 
0.130489 0.26242 -0.00597796 0.554971 0.308673 0.772482 1 
0.129566 0.263172 -0.00535268 0.432452 0.50809 0.744869 1 
0.129963 0.262882 -0.00552095 0.466794 0.424506 0.775821 1 
0.130052 0.262999 -0.00568953 0.485726 0.404501 0.774887 1 
0.130274 0.262897 -0.005702 0.502218 0.36657 0.783201 1 
0.129821 0.263094 -0.00657694 0.466584 0.392318 0.792708 1 
0.130529 0.262352 -0.00630003 0.562648 0.301248 0.769855 1 
0.130839 0.262389 -0.00670351 0.605659 0.306846 0.734181 1 
0.130931 0.262827 -0.00706376 0.596576 0.328198 0.732382 1 
0.13009 0.263077 -0.00644618 0.50052 0.377415 0.779126 1 
0.130578 0.263003 -0.00677277 0.546618 0.318994 0.774242 1 
0.130664 0.26211 -0.00592157 0.559085 0.301046 0.772525 1 
0.130755 0.262326 -0.00607987 0.559085 0.301046 0.772525 1 
0.130796 0.262135 -0.00618978 0.559085 0.301046 0.772525 1 
0.130928 0.262161 -0.00645803 0.605659 0.306846 0.734181 1 
0.131113 0.26267 -0.006542 0.598298 0.314469 0.736987 1 
0.131601 0.262351 -0.00644425 0.603619 0.307443 0.73561 1 
0.13129 0.26246 -0.00647531 0.605659 0.306846 0.734181 1 
0.131282 0.262429 -0.00715286 0.605659 0.306846 0.734181 1 
0.13151 0.262725 -0.00712432 0.59758 0.282058 0.750561 1 
0.131862 0.262204 -0.00700124 0.564265 0.341146 0.751814 1 
0.131643 0.262505 -0.00696826 0.595228 0.306438 0.742832 1 
0.131159 0.263 -0.00682306 0.559615 0.319093 0.76486 1 
0.131338 0.262988 -0.00673591 0.596576 0.328198 0.732382 1 
0.131382 0.262997 -0.00682534 0.599529 0.336321 0.726259 1 
0.131873 0.263 -0.00691921 0.572924 0.228238 0.787188 1 
0.13183 0.262402 -0.0059914 0.563186 0.298345 0.770592 1 
0.131965 0.262627 -0.00623912 0.605659 0.306846 0.734181 1 
0.131877 0.262265 -0.00564623 0.568104 0.280096 0.773824 1 
0.132096 0.262086 -0.0058914 0.552835 0.355047 0.753866 1 
0.132039 0.262116 -0.00714675 0.393036 0.0354916 0.918838 1 
0.131783 0.262661 -0.00654873 0.605659 0.306846 0.734181 1 
0.131827 0.26267 -0.00663814 0.605659 0.306846 0.734181 1 
0.132316 0.262696 -0.00695445 0.548503 0.153105 0.822012 1 
0.132141 0.263006 -0.00701088 0.566493 0.210324 0.796775 1 
0.132192 0.261026 -0.00829472 0.600354 0.346546 0.72075 1 
0.132643 0.26063 -0.00744028 0.79602 0.437569 0.418193 1 
0.132074 0.261528 -0.00729769 0.427573 0.166681 0.888481 1 
0.131993 0.26213 -0.00727975 0.409578 0.0440263 0.911212 1 
0.13174 0.263341 -0.00728746 0.564491 0.167089 0.808351 1 
0.132009 0.263324 -0.0071567 0.556271 0.166431 0.814164 1 
0.132601 0.259321 -0.00546192 -0.469846 -0.761249 -0.446927 1 
0.132781 0.259187 -0.0051626 -0.29863 -0.846377 -0.440983 1 
0.132819 0.25892 -0.00550519 -0.27253 -0.782932 -0.559237 1 
0.132776 0.259355 -0.00581962 -0.425169 -0.557517 -0.713026 1 
0.133184 0.259983 -0.00611797 -0.314848 -0.781526 -0.538598 1 
0.133267 0.259947 -0.00675189 0.616337 -0.0614907 -0.785078 1 
0.133319 0.260208 -0.00636567 -0.0234967 -0.576361 -0.816857 1 
0.133451 0.260234 -0.00663395 0.0981053 -0.490527 -0.865886 1 
0.133042 0.259039 -0.00571957 -0.0890957 -0.752202 -0.652882 1 
0.133181 0.259562 -0.00593655 -0.266563 -0.839751 -0.473034 1 
0.13265 0.26066 -0.00676276 0.805888 0.470766 0.359059 1 
0.133045 0.260271 -0.00694129 0.879767 0.431778 0.198942 1 
0.133312 0.260055 -0.00683105 0.718362 0.0679336 -0.692345 1 
0.116696 0.240423 -0.0238199 0.71629 -0.622509 -0.315297 0 
0.109013 0.236048 -0.0349504 -0.262518 -0.778122 0.570623 0 
0.109054 0.23598 -0.0352725 -0.262518 -0.778122 0.570623 0 
0.113336 0.235979 -0.0319378 0.337412 0.437851 -0.83333 0 
0.109254 0.236772 -0.0342034 -0.198718 -0.753279 0.626962 0 
0.109525 0.236854 -0.0340623 -0.656294 -0.237651 0.716101 0 
0.109485 0.237022 -0.03373 -0.697182 -0.179275 0.694117 0 
0.109381 0.2365 -0.0345024 -0.198718 -0.753279 0.626962 0 
0.10974 0.236599 -0.0345401 -0.198718 -0.753279 0.626962 0 
0.109662 0.236811 -0.0336633 -0.708384 -0.114351 0.696503 0 
0.110022 0.236788 -0.033489 -0.696771 -0.0678017 0.714082 0 
0.110062 0.23672 -0.0338111 -0.723336 -0.082958 0.685495 0 
0.11001 0.236582 -0.0344094 -0.637018 -0.325803 0.698613 0 
0.110237 0.236533 -0.0339668 -0.700729 -0.0984253 0.706605 0 
0.109985 0.237277 -0.0333483 -0.402316 -0.644037 0.65066 0 
0.110969 0.236326 -0.0320612 0.664317 -0.0382443 -0.746472 0 
0.110201 0.236777 -0.0334018 -0.402316 -0.644037 0.65066 0 
0.110561 0.236976 -0.0334294 0.169805 -0.974804 0.144648 0 
0.110251 0.237061 -0.033238 0.169096 -0.975744 0.139034 0 
0.110523 0.237242 -0.0330868 0.686002 -0.416916 -0.596307 0 
0.110794 0.237325 -0.0329458 0.675209 -0.416407 -0.60885 0 
0.110929 0.237549 -0.0331935 0.674742 -0.441498 -0.591441 0 
0.111068 0.237606 -0.0327842 0.662761 -0.348563 -0.662761 0 
0.111392 0.238049 -0.0322468 0.0730654 -0.989283 0.126415 0 
0.111119 0.238112 -0.0328224 0.66724 -0.449843 -0.59366 0 
0.111344 0.238086 -0.0326022 0.664309 -0.329718 -0.670806 0 
0.113438 0.238321 -0.029314 0.390822 0.528182 -0.753845 0 
0.111698 0.23651 -0.0310145 0.617587 0.0795487 -0.78247 0 
0.111832 0.236734 -0.0312622 0.615061 0.113572 -0.780257 0 
0.111239 0.236309 -0.0319305 0.629944 0.136164 -0.764611 0 
0.111379 0.236465 -0.0315109 0.629232 0.17521 -0.757211 0 
0.1116 0.236607 -0.0319477 0.599958 0.264361 -0.755092 0 
0.111827 0.236803 -0.0319295 0.611407 0.236119 -0.755268 0 
0.112014 0.237511 -0.0319929 0.604048 0.174976 -0.777502 0 
0.112102 0.236717 -0.0311315 0.612937 0.161936 -0.77336 0 
0.112192 0.236711 -0.0310879 0.593482 0.187656 -0.782664 0 
0.11259 0.236521 -0.0312459 0.544471 0.229819 -0.806681 0 
0.111836 0.237033 -0.0312315 0.613551 0.148512 -0.775564 0 
0.112063 0.237106 -0.031001 0.60897 0.24705 -0.753738 0 
0.112375 0.236998 -0.0309699 0.567041 0.305084 -0.765106 0 
0.112248 0.237271 -0.0306709 0.553309 0.30137 -0.776547 0 
0.111502 0.23636 -0.0324669 0.635321 -0.0410341 -0.771158 0 
0.112229 0.236911 -0.0320567 0.605786 0.145089 -0.782287 0 
0.112637 0.237417 -0.0321429 0.612937 0.161936 -0.77336 0 
0.112864 0.237491 -0.0319125 0.58092 0.190591 -0.791332 0 
0.112196 0.237698 -0.0318852 0.6118 0.1886 -0.7682 0 
0.112156 0.237766 -0.0315632 0.600583 0.25379 -0.758216 0 
0.112466 0.237681 -0.0317545 0.598449 0.15828 -0.78537 0 
0.112031 0.238238 -0.0312437 0.607996 0.243512 -0.755674 0 
0.112739 0.237962 -0.031593 0.568988 0.283702 -0.771859 0 
0.11234 0.237931 -0.0312331 0.584633 0.263164 -0.76743 0 
0.112702 0.238229 -0.0312504 0.552202 0.312114 -0.773083 0 
0.111614 0.238069 -0.0324714 0.642545 0.113738 -0.75776 0 
0.111881 0.237852 -0.0323612 0.610777 0.222242 -0.759974 0 
0.112193 0.237744 -0.0323301 0.60708 0.178016 -0.774445 0 
0.112282 0.237861 -0.0324987 0.613758 0.168215 -0.771365 0 
0.113349 0.236529 -0.0314314 0.490855 0.282047 -0.824325 0 
0.112475 0.237344 -0.0304405 0.514998 0.326856 -0.792428 0 
0.112695 0.237265 -0.0306754 0.514998 0.326856 -0.792428 0 
0.11304 0.236714 -0.0312299 0.536522 0.275341 -0.797703 0 
0.113535 0.237015 -0.031293 0.47154 0.378197 -0.796629 0 
0.113674 0.237072 -0.0308837 0.413715 0.468877 -0.780381 0 
0.113025 0.235964 -0.0317567 0.439966 0.306266 -0.844175 0 
0.113029 0.236263 -0.031726 0.539069 0.172682 -0.82437 0 
0.113707 0.236751 -0.0316814 0.474745 0.323331 -0.81858 0 
0.113134 0.237473 -0.0317817 0.579884 0.228534 -0.781989 0 
0.113224 0.237345 -0.031526 0.556169 0.28363 -0.781172 0 
0.113307 0.236842 -0.0315337 0.521208 0.242818 -0.818157 0 
0.113443 0.237166 -0.0317712 0.539975 0.226143 -0.810732 0 
0.114031 0.237316 -0.0313561 0.420768 0.466256 -0.778177 0 
0.112391 0.237626 -0.030231 0.518565 0.338753 -0.785072 0 
0.11266 0.237608 -0.0301002 0.47489 0.422669 -0.771901 0 
0.112795 0.237833 -0.0303479 0.491241 0.409639 -0.768686 0 
0.113062 0.237617 -0.0302376 0.436751 0.446493 -0.780956 0 
0.113009 0.237945 -0.0314622 0.560463 0.301788 -0.771236 0 
0.112968 0.238013 -0.0311401 0.549724 0.301153 -0.779173 0 
0.113236 0.237896 -0.0310196 0.49794 0.369023 -0.784779 0 
0.113412 0.237586 -0.0309632 0.471497 0.400205 -0.785828 0 
0.112841 0.238285 -0.0308411 0.543433 0.343476 -0.765967 0 
0.11302 0.238274 -0.0307539 0.493776 0.380451 -0.781948 0 
0.113504 0.237558 -0.0306972 0.466893 0.418088 -0.779239 0 
0.113599 0.23795 -0.0306126 0.434403 0.45718 -0.776067 0 
0.113602 0.238149 -0.0305921 0.435288 0.464634 -0.771129 0 
0.113867 0.237833 -0.0304921 0.416372 0.48495 -0.769063 0 
0.114044 0.237622 -0.0304254 0.391373 0.501801 -0.771377 0 
0.114047 0.237821 -0.030405 0.379029 0.518928 -0.766192 0 
0.113344 0.238717 -0.0302165 0.41057 0.545777 -0.730451 0 
0.113702 0.238372 -0.0298505 0.386972 0.53719 -0.749453 0 
0.113748 0.238702 -0.0301316 0.387742 0.548075 -0.741128 0 
0.113927 0.238691 -0.0300444 0.39096 0.541455 -0.744296 0 
0.113384 0.238549 -0.0305488 0.469297 0.47259 -0.745935 0 
0.113707 0.238303 -0.0291832 0.407654 0.509158 -0.758008 0 
0.114434 0.238854 -0.028773 0.476307 0.469715 -0.743303 0 
0.115153 0.238808 -0.0284244 0.55469 0.458077 -0.694611 0 
0.114751 0.236903 -0.0303709 0.306019 0.571984 -0.761043 0 
0.115255 0.237212 -0.0295342 0.451104 0.560967 -0.694134 0 
0.114802 0.236942 -0.0297829 0.335921 0.608552 -0.718903 0 
0.114146 0.238045 -0.0296633 0.373353 0.552693 -0.745076 0 
0.11441 0.238097 -0.0301998 0.404185 0.522004 -0.751097 0 
0.114552 0.238352 -0.0297701 0.406839 0.545197 -0.732969 0 
0.11437 0.238387 -0.0300796 0.399117 0.540368 -0.740748 0 
0.114636 0.238415 -0.0303937 0.394841 0.532461 -0.748723 0 
0.115486 0.238051 -0.0298992 0.495662 0.479085 -0.724429 0 
0.114562 0.238582 -0.029072 0.411724 0.513425 -0.752913 0 
0.115089 0.238341 -0.029731 0.44333 0.496069 -0.746575 0 
0.114224 0.239507 -0.0282541 0.417147 0.603284 -0.679733 0 
0.114755 0.238876 -0.0280542 0.577363 0.460217 -0.674427 0 
0.114572 0.238811 -0.028374 0.551953 0.465241 -0.692025 0 
0.114887 0.239124 -0.0285243 0.542364 0.475611 -0.692557 0 
0.114626 0.239738 -0.0285936 0.417147 0.603284 -0.679733 0 
0.114897 0.23982 -0.0284525 0.445632 0.579155 -0.682635 0 
0.114897 0.239353 -0.0278263 0.676192 -0.733863 -0.0648798 0 
0.115208 0.239146 -0.0278055 0.559669 0.509248 -0.653787 0 
0.115171 0.240101 -0.028291 0.676693 -0.73578 -0.0267301 0 
0.115443 0.240283 -0.0281398 0.618487 -0.784732 -0.0408568 0 
0.115393 0.239655 -0.0278895 0.603193 -0.797324 -0.0207998 0 
0.115854 0.239832 -0.0267511 0.284065 -0.938106 0.198152 0 
0.11571 0.2396 -0.0274033 0.810103 0.061006 -0.583104 0 
0.116256 0.24053 -0.0277167 0.342219 -0.922441 0.178855 0 
0.115996 0.240776 -0.0271494 0.347963 -0.928359 0.130658 0 
0.113979 0.238952 -0.0296582 0.418547 0.50718 -0.753384 0 
0.114291 0.238966 -0.0298393 0.424641 0.503339 -0.752549 0 
0.114393 0.239511 -0.0292893 0.491641 0.445601 -0.74815 0 
0.114698 0.238906 -0.0293095 0.469592 0.466297 -0.7497 0 
0.114662 0.239494 -0.0291586 0.527716 0.435076 -0.729538 0 
0.114794 0.23952 -0.0294268 0.527716 0.435076 -0.729538 0 
0.115108 0.239511 -0.0293855 0.537629 0.428449 -0.726213 0 
0.115231 0.23894 -0.0297152 0.50711 0.473857 -0.71993 0 
0.114579 0.239775 -0.0289489 0.418744 0.574325 -0.703424 0 
0.114849 0.239857 -0.028808 0.417147 0.603284 -0.679733 0 
0.11521 0.240056 -0.0288355 0.448028 0.554622 -0.701189 0 
0.115122 0.240039 -0.0286567 0.448028 0.554622 -0.701189 0 
0.115389 0.240045 -0.0287484 0.42866 0.554445 -0.713331 0 
0.115391 0.240022 -0.028526 0.491836 0.552266 -0.673127 0 
0.115658 0.239806 -0.0284157 0.526889 0.553823 -0.644724 0 
0.115871 0.238885 -0.0282878 0.55125 0.544507 -0.632167 0 
0.116488 0.239846 -0.0259909 0.814451 -0.451056 -0.364989 0 
0.116628 0.240001 -0.0255714 0.767121 -0.562128 -0.309091 0 
0.116982 0.239458 -0.0252259 -0.531099 -0.544587 0.649121 0 
0.116125 0.239915 -0.0266101 0.277047 -0.936949 0.213006 0 
0.116217 0.239763 -0.0261319 -0.187327 -0.840722 0.50803 0 
0.116265 0.24007 -0.0261906 0.803245 -0.477476 -0.356111 0 
0.116485 0.240113 -0.0266377 0.249134 -0.939471 0.235216 0 
0.117191 0.239172 -0.0263812 0.125591 -0.923298 0.362971 0 
0.11636 0.240118 -0.0256919 0.77955 -0.522379 -0.345574 0 
0.116629 0.240101 -0.0255611 -0.526722 -0.550281 0.647885 0 
0.116815 0.240365 -0.0252208 -0.381305 -0.648714 0.658618 0 
0.116995 0.240353 -0.0251336 0.751308 -0.50142 -0.429084 0 
0.116999 0.240652 -0.0251028 -0.451856 -0.508131 0.733232 0 
0.117135 0.240976 -0.0253403 0.706895 -0.612207 -0.354264 0 
0.116809 0.241023 -0.0267264 0.801374 -0.444851 -0.399884 0 
0.116894 0.240719 -0.0267136 0.10792 -0.924833 0.364742 0 
0.116677 0.240997 -0.0264582 0.802767 -0.432754 -0.410231 0 
0.11636 0.241052 -0.0269443 0.178852 -0.935852 0.303632 0 
0.116539 0.24104 -0.0268572 0.0980415 -0.933409 0.34516 0 
0.116803 0.240158 -0.0261412 0.806184 -0.477325 -0.349612 0 
0.116956 0.241209 -0.0256294 0.690882 -0.65205 -0.312272 0 
0.116948 0.241079 -0.0263171 -0.370189 -0.679502 0.633434 0 
0.11722 0.241261 -0.0261659 -0.141901 -0.781204 0.607935 0 
0.117226 0.241192 -0.0254986 0.651973 -0.703234 -0.283536 0 
0.117358 0.241218 -0.0257668 0.6502 -0.707712 -0.276375 0 
0.117618 0.241071 -0.0263239 -0.0348666 -0.818668 0.573207 0 
0.117274 0.240566 -0.0243048 0.690895 -0.675012 -0.258887 0 
0.117399 0.240561 -0.0252505 0.655278 -0.700138 -0.28358 0 
0.117673 0.240842 -0.025089 0.713854 -0.572072 -0.403913 0 
0.117501 0.241106 -0.0247006 0.695899 -0.633968 -0.337356 0 
0.117683 0.241071 -0.0243911 0.65543 -0.712287 -0.251117 0 
0.117634 0.240765 -0.0243324 0.684583 -0.681407 -0.258903 0 
0.117818 0.241051 -0.0242144 0.661564 -0.699823 -0.269408 0 
0.118179 0.241128 -0.0240298 0.64727 -0.695694 -0.311529 0 
0.117993 0.241208 -0.0247843 0.672497 -0.685276 -0.279542 0 
0.118399 0.241048 -0.0242648 0.65205 -0.690882 -0.312272 0 
0.11736 0.241195 -0.0255445 0.67028 -0.679925 -0.297367 0 
0.117672 0.241309 -0.0257153 0.685314 -0.656152 -0.315925 0 
0.117854 0.241152 -0.0251935 0.691803 -0.653101 -0.308006 0 
0.117946 0.24159 -0.0255537 0.692567 -0.650593 -0.311575 0 
0.117892 0.241352 -0.0261624 0.703519 -0.598073 -0.383887 0 
0.118129 0.241532 -0.0250217 0.685778 -0.646684 -0.33393 0 
0.117498 0.241841 -0.0259736 0.669013 -0.665757 -0.330437 0 
0.118174 0.241763 -0.0253131 0.691803 -0.653101 -0.308006 0 
0.118354 0.242096 -0.02564 0.703216 -0.584083 -0.405383 0 
0.118586 0.242001 -0.0247525 0.667202 -0.663939 -0.337679 0 
0.121604 0.24429 -0.0210356 -0.747803 0.657071 -0.0951217 0 
0.121784 0.244279 -0.0209484 -0.736922 0.665751 -0.117137 0 
0.121659 0.24475 -0.0206289 -0.838366 0.539458 -0.0782854 0 
0.121888 0.244801 -0.020176 -0.47949 0.797012 -0.367235 0 
0.122432 0.245631 -0.0204997 -0.342116 0.842012 -0.4171 0 
0.122574 0.245886 -0.0200699 -0.391604 0.864601 -0.314819 0 
0.122047 0.246127 -0.019411 -0.669164 0.62951 -0.394889 0 
0.122179 0.246153 -0.0196792 -0.60587 0.701102 -0.376001 0 
0.122448 0.246136 -0.0195485 -0.40969 0.827288 -0.384381 0 
0.122174 0.245977 -0.0199222 -0.566321 0.753482 -0.333984 0 
0.122309 0.246202 -0.0201699 -0.526607 0.777832 -0.343019 0 
0.122448 0.246258 -0.0197607 -0.450485 0.806385 -0.383153 0 
0.122707 0.246011 -0.0203279 -0.299039 0.86338 -0.406387 0 
0.123246 0.245977 -0.0200664 -0.16048 0.858346 -0.487328 0 
0.123516 0.24596 -0.0199357 -0.165695 0.8666 -0.470691 0 
0.124248 0.246441 -0.0188582 -0.173524 0.904904 -0.388636 0 
0.124524 0.2467 -0.0184742 -0.0830322 0.865505 -0.493971 0 
0.124744 0.246743 -0.0189213 -0.22595 0.94625 -0.231427 0 
0.124876 0.246768 -0.0191896 -0.26829 0.942455 -0.199498 0 
0.124835 0.246714 -0.0186553 -0.0975446 0.872246 -0.479241 0 
0.12497 0.246939 -0.018903 -0.297038 0.938086 -0.178223 0 
0.125058 0.246956 -0.0190819 -0.192946 0.913279 -0.358737 0 
0.125335 0.246969 -0.0182736 -0.390604 0.891757 -0.228467 0 
0.125558 0.246622 -0.0178618 -0.465338 0.860352 -0.207981 0 
0.125339 0.247145 -0.0180307 -0.33693 0.90869 -0.246498 0 
0.125472 0.246926 -0.0178746 -0.462709 0.857594 -0.224572 0 
0.125196 0.246913 -0.0186828 -0.306349 0.913239 -0.2686 0 
0.125334 0.247214 -0.0186979 -0.367489 0.900422 -0.232792 0 
0.125421 0.247231 -0.0188768 -0.324864 0.904034 -0.277825 0 
0.125742 0.246909 -0.0177438 -0.442029 0.861274 -0.250635 0 
0.125834 0.247102 -0.0176797 -0.415295 0.871364 -0.261258 0 
0.126006 0.246838 -0.0180681 -0.440056 0.863477 -0.246492 0 
0.126492 0.246665 -0.018405 -0.439553 0.865512 -0.240168 0 
0.12628 0.247119 -0.0179066 -0.415295 0.871364 -0.261258 0 
0.125702 0.247543 -0.0180377 -0.418117 0.870951 -0.258115 0 
0.125471 0.247293 -0.0185111 -0.423598 0.875636 -0.232006 0 
0.125605 0.247518 -0.0187588 -0.423598 0.875636 -0.232006 0 
0.125791 0.247782 -0.0184185 -0.442029 0.861274 -0.250635 0 
0.12597 0.247893 -0.0185435 -0.431235 0.867009 -0.249662 0 
0.125662 0.247488 -0.0175035 -0.407507 0.871065 -0.274196 0 
0.125566 0.247219 -0.0178002 -0.442029 0.861274 -0.250635 0 
0.12598 0.247656 -0.0172192 -0.383312 0.868943 -0.313064 0 
0.126164 0.247943 -0.0171013 -0.415621 0.872048 -0.258441 0 
0.126014 0.247557 -0.0182188 -0.415295 0.871364 -0.261258 0 
0.126018 0.247733 -0.0179759 -0.407507 0.871065 -0.274196 0 
0.126148 0.247782 -0.0184665 -0.415295 0.871364 -0.261258 0 
0.126415 0.247566 -0.0183563 -0.415295 0.871364 -0.261258 0 
0.126683 0.247449 -0.0182358 -0.404637 0.871409 -0.277335 0 
0.126597 0.247531 -0.0180466 -0.403191 0.868762 -0.287559 0 
0.126376 0.247733 -0.0180239 -0.398868 0.87205 -0.283606 0 
0.12633 0.247748 -0.0181569 -0.407507 0.871065 -0.274196 0 
0.126171 0.247973 -0.0164238 -0.473407 0.851527 -0.22536 0 
0.126575 0.248181 -0.0165408 -0.358516 0.863209 -0.355439 0 
0.126939 0.248456 -0.0163356 -0.402012 0.877802 -0.26048 0 
0.127118 0.248445 -0.0162484 -0.389504 0.884965 -0.255192 0 
0.126421 0.247497 -0.017689 -0.403191 0.868762 -0.287559 0 
0.126686 0.247526 -0.0180031 -0.403191 0.868762 -0.287559 0 
0.126557 0.247699 -0.0177143 -0.383312 0.868943 -0.313064 0 
0.127044 0.247526 -0.0180512 -0.368719 0.870545 -0.32588 0 
0.126831 0.24798 -0.0175528 -0.284811 0.866618 -0.409702 0 
0.127011 0.247968 -0.0174656 -0.455769 0.84862 -0.268551 0 
0.126959 0.247707 -0.0178518 -0.368719 0.870545 -0.32588 0 
0.126528 0.248218 -0.0168961 -0.278877 0.864061 -0.419077 0 
0.126971 0.248258 -0.0173454 -0.26654 0.863588 -0.427986 0 
0.126623 0.248488 -0.0165994 -0.320626 0.866765 -0.38199 0 
0.126979 0.248166 -0.0164558 -0.294678 0.865711 -0.404609 0 
0.12724 0.248241 -0.0172147 -0.188931 0.861345 -0.471583 0 
0.127382 0.248496 -0.0167849 -0.326917 0.877355 -0.351246 0 
0.127514 0.248522 -0.0170532 -0.326917 0.877355 -0.351246 0 
0.127604 0.248516 -0.0170096 -0.326917 0.877355 -0.351246 0 
0.127526 0.248729 -0.0161327 -0.404532 0.876737 -0.260164 0 
0.127741 0.248473 -0.0166106 -0.381213 0.881461 -0.278753 0 
0.127875 0.248599 -0.0168686 -0.379511 0.883525 -0.274508 0 
0.127894 0.249058 -0.0154725 -0.439626 0.889211 -0.126624 0 
0.12839 0.249236 -0.0153235 -0.217982 0.932399 -0.288298 0 
0.12866 0.249219 -0.0151927 0.0772494 0.866598 -0.492992 0 
0.127799 0.24901 -0.0159712 -0.444977 0.873692 -0.196618 0 
0.128019 0.249053 -0.0164183 -0.426839 0.870269 -0.245847 0 
0.128298 0.249732 -0.0162158 -0.399614 0.898771 -0.180331 0 
0.128338 0.249098 -0.0159219 -0.452594 0.883907 -0.11776 0 
0.128701 0.249373 -0.0157167 -0.185013 0.933412 -0.307428 0 
0.129532 0.249979 -0.0139079 -0.131153 0.901146 -0.413201 0 
0.129666 0.249638 -0.0135397 -0.0834905 0.858961 -0.505188 0 
0.129146 0.249046 -0.0155296 0.0622997 0.876349 -0.477631 0 
0.12924 0.249339 -0.0154552 0.344127 0.650743 -0.676838 0 
0.130157 0.249985 -0.0140477 -0.0265454 0.789375 -0.613337 0 
0.129802 0.249962 -0.0137772 -0.0375724 0.825202 -0.563587 0 
0.130394 0.251566 -0.0147857 0.594807 -0.161125 -0.787555 0 
0.130123 0.250206 -0.0132602 0.700373 -0.437525 -0.563958 0 
0.129983 0.249927 -0.0134676 -0.060711 0.8316 -0.552047 0 
0.130393 0.250189 -0.0131295 0.646772 -0.475419 -0.596374 0 
0.130577 0.251286 -0.0140519 0.562444 -0.140982 -0.814728 0 
0.130801 0.251161 -0.0138419 0.575121 -0.193741 -0.794796 0 
0.130666 0.25047 -0.0129679 0.646772 -0.475419 -0.596374 0 
0.130975 0.250285 -0.0131695 0.646772 -0.475419 -0.596374 0 
0.131197 0.250183 -0.013182 0.646772 -0.475419 -0.596374 0 
0.131154 0.250518 -0.0135067 0.646772 -0.475419 -0.596374 0 
0.131469 0.250487 -0.0132429 0.6564 -0.495238 -0.569104 0 
0.131346 0.251402 -0.0133272 0.619649 -0.18207 -0.763469 0 
0.131478 0.251428 -0.0135954 0.607 -0.188063 -0.772129 0 
0.131351 0.251456 -0.0128721 0.677164 -0.210154 -0.705184 0 
0.131395 0.251464 -0.0129615 0.622628 -0.185106 -0.76031 0 
0.131486 0.250747 -0.0118674 0.496537 -0.867931 -0.0121107 0 
0.132886 0.251488 -0.0114434 0.598341 -0.797308 -0.0792982 0 
0.133252 0.25174 -0.0110158 0.538763 -0.833696 -0.121185 0 
0.133613 0.252039 -0.0110331 0.598516 -0.77173 -0.214971 0 
0.133346 0.252033 -0.0109415 0.551164 -0.824541 -0.12787 0 
0.133528 0.252343 -0.011046 0.60022 -0.744272 -0.292907 0 
0.133665 0.2523 -0.010647 0.54702 -0.805892 -0.226513 0 
0.133889 0.252297 -0.0106492 0.564031 -0.768552 -0.301988 0 
0.133801 0.252624 -0.0108844 0.258409 -0.352913 -0.899265 0 
0.13385 0.252686 -0.0105188 0.185146 -0.463605 -0.866482 0 
0.131692 0.25014 -0.0128311 0.661781 -0.460734 -0.591414 0 
0.131424 0.250256 -0.0129516 0.6564 -0.495238 -0.569104 0 
0.131608 0.250543 -0.0128336 0.670975 -0.473531 -0.57058 0 
0.131742 0.250546 -0.0128795 0.670975 -0.473531 -0.57058 0 
0.131489 0.25129 -0.012261 0.458147 -0.887744 0.044863 0 
0.132279 0.250068 -0.0122141 0.692188 -0.676349 -0.251849 0 
0.131309 0.251424 -0.0125603 0.723658 0.279559 -0.631004 0 
0.131535 0.25162 -0.012542 0.751574 0.232816 -0.617197 0 
0.131619 0.251683 -0.0131657 0.630738 -0.104388 -0.768942 0 
0.131977 0.251683 -0.0132138 0.670988 -0.152979 -0.725515 0 
0.131845 0.251657 -0.0129455 0.687287 -0.14652 -0.711455 0 
0.131751 0.251709 -0.0134339 0.630738 -0.104388 -0.768942 0 
0.132155 0.25145 -0.0129246 0.721634 -0.371453 -0.58418 0 
0.132114 0.25164 -0.0128148 0.0397511 0.86493 -0.500316 0 
0.132432 0.251586 -0.0123286 0.710013 0.130045 -0.692076 0 
0.133114 0.251783 -0.0114148 0.594241 -0.796723 -0.110045 0 
0.133383 0.251889 -0.0114963 0.607935 -0.781204 -0.141901 0 
0.132983 0.252446 -0.0119748 0.588865 -0.798436 -0.125447 0 
0.133933 0.25265 -0.0111527 -0.00414414 -0.664444 0.747327 0 
0.134026 0.25272 -0.0108764 0.72787 -0.670604 -0.143163 0 
0.133942 0.252657 -0.0102528 0.152533 -0.4576 -0.875977 0 
0.118673 0.24133 -0.0241032 0.652173 -0.687775 -0.318804 0 
0.119241 0.241243 -0.0252862 0.652879 -0.672515 -0.348529 0 
0.118455 0.241608 -0.0238478 0.678167 -0.645484 -0.35134 0 
0.119038 0.241582 -0.0236757 0.665421 -0.681532 -0.304514 0 
0.119042 0.24188 -0.023645 0.715646 -0.556981 -0.421454 0 
0.119271 0.242053 -0.0234043 0.731072 -0.53964 -0.41752 0 
0.119537 0.241837 -0.023294 0.413758 0.254273 -0.874157 0 
0.119541 0.242136 -0.0232632 0.741661 -0.572881 -0.348922 0 
0.119316 0.242162 -0.0234834 0.731782 -0.381443 -0.564798 0 
0.118858 0.242183 -0.0246012 -0.197572 -0.505241 0.840058 0 
0.119518 0.241723 -0.0251041 0.0554944 -0.78119 0.621822 0 
0.119267 0.242788 -0.0246772 -0.715646 0.556981 0.421454 0 
0.119137 0.242862 -0.0243987 -0.729405 0.554875 0.400103 0 
0.119411 0.243143 -0.0242372 -0.751308 0.50142 0.429084 0 
0.119582 0.242879 -0.0246256 -0.739075 0.545703 0.394938 0 
0.119787 0.241705 -0.0249733 -0.126232 -0.613338 0.779667 0 
0.119808 0.242853 -0.0244054 -0.459141 0.797455 -0.391478 0 
0.119596 0.243407 -0.0238969 0.113657 0.636181 -0.763122 0 
0.119826 0.243679 -0.0236459 0.160323 0.558883 -0.813601 0 
0.119683 0.243324 -0.0240859 0.1186 0.557861 -0.821417 0 
0.119958 0.243705 -0.0239142 0.288225 0.442356 -0.849263 0 
0.119855 0.242127 -0.0232219 0.746387 -0.352867 -0.564262 0 
0.120122 0.242133 -0.0233135 0.181153 0.516512 -0.836899 0 
0.120354 0.242382 -0.0228402 0.160323 0.558883 -0.813601 0 
0.120358 0.242681 -0.0228094 0.12911 0.59806 -0.790983 0 
0.119947 0.242443 -0.02337 0.143673 0.54655 -0.82501 0 
0.120129 0.242408 -0.0230604 0.149455 0.53715 -0.830141 0 
0.120082 0.242667 -0.0236177 0.133753 0.545299 -0.827502 0 
0.120221 0.242724 -0.0232084 0.160323 0.558883 -0.813601 0 
0.120217 0.24277 -0.0236533 0.149455 0.53715 -0.830141 0 
0.120445 0.242943 -0.0234126 0.254781 0.450062 -0.85588 0 
0.120543 0.242845 -0.0224793 0.194233 0.588818 -0.784581 0 
0.120769 0.242919 -0.0222489 0.194115 0.585403 -0.787161 0 
0.120561 0.241874 -0.0237936 0.776977 -0.518523 -0.356989 0 
0.120888 0.242983 -0.0238619 -0.655862 0.753027 -0.0528691 0 
0.121111 0.243102 -0.0240763 -0.570108 0.699754 -0.43049 0 
0.120452 0.242973 -0.0227351 0.17437 0.59589 -0.783907 0 
0.120008 0.243645 -0.0233363 0.169627 0.553915 -0.81511 0 
0.12028 0.243826 -0.023185 -0.753113 0.572495 0.324145 0 
0.120413 0.243952 -0.023443 -0.727987 0.656889 0.196294 0 
0.120553 0.244108 -0.0230235 -0.740783 0.634734 0.219895 0 
0.120641 0.244125 -0.0232024 -0.718192 0.678881 0.15271 0 
0.120593 0.243129 -0.0223156 0.0890486 0.672974 -0.734286 0 
0.120732 0.243186 -0.0219063 0.0829791 0.694404 -0.714785 0 
0.120863 0.243211 -0.0221746 0.0708149 0.695143 -0.715375 0 
0.121179 0.243524 -0.0223249 -0.766837 0.617433 0.175321 0 
0.120895 0.243013 -0.0231844 0.33204 0.41622 -0.846469 0 
0.120824 0.24419 -0.0228825 -0.730827 0.671289 0.123541 0 
0.120956 0.244216 -0.0231507 -0.455342 0.572097 -0.682179 0 
0.121054 0.244462 -0.0226316 -0.708145 0.705318 0.0325097 0 
0.121363 0.244155 -0.022621 -0.688318 0.724916 -0.0267445 0 
0.121323 0.244445 -0.0225008 -0.715341 0.698608 0.0153387 0 
0.121226 0.244198 -0.02302 -0.731808 0.658474 0.175695 0 
0.120232 0.243986 -0.0237526 -0.74948 0.632518 0.19545 0 
0.120543 0.244 -0.0239337 -0.572524 0.67935 -0.45902 0 
0.120414 0.244174 -0.0236449 -0.640219 0.744619 -0.188842 0 
0.120902 0.243977 -0.0237594 -0.626258 0.716413 0.307494 0 
0.120773 0.244151 -0.0234706 -0.510658 0.645485 -0.567959 0 
0.121078 0.244012 -0.024117 -0.581606 0.798018 0.1578 0 
0.121345 0.243329 -0.0233805 -0.473023 0.693655 -0.543224 0 
0.121001 0.243168 -0.0217755 0.0829791 0.694404 -0.714785 0 
0.121136 0.243393 -0.0220232 0.132772 0.637008 -0.759337 0 
0.121275 0.243449 -0.021614 0.0353756 0.734398 -0.677797 0 
0.121319 0.24368 -0.0219054 -0.779321 0.61243 0.132619 0 
0.121365 0.243788 -0.0219845 -0.79459 0.574126 0.197499 0 
0.121461 0.244402 -0.0221018 -0.774356 0.62561 0.0947894 0 
0.121593 0.244428 -0.02237 -0.70955 0.703908 -0.0324446 0 
0.121635 0.244337 -0.0224697 -0.665855 0.743514 -0.0618397 0 
0.121862 0.244411 -0.0222393 -0.768168 0.639907 0.020912 0 
0.122132 0.243927 -0.0214823 -0.756766 0.653253 -0.0237801 0 
0.121647 0.244666 -0.0217614 -0.73027 0.682245 -0.0353129 0 
0.121779 0.244692 -0.0220297 -0.775292 0.631566 -0.00690991 0 
0.122048 0.244674 -0.0218989 -0.821795 0.568721 0.0347629 0 
0.122145 0.244822 -0.02139 -0.77883 0.624493 -0.0585909 0 
0.122011 0.245163 -0.0217582 -0.526615 -0.486492 0.697138 0 
0.122316 0.24468 -0.0219906 -0.869426 0.484899 0.0947179 0 
0.121971 0.245231 -0.0214361 -0.787124 0.615949 -0.0322707 0 
0.122194 0.245228 -0.0214384 -0.81084 0.585072 -0.015143 0 
0.122244 0.245512 -0.0212746 -0.346526 0.853107 -0.390036 0 
0.122556 0.245526 -0.0214557 -0.383824 0.841281 -0.380691 0 
0.122516 0.245694 -0.0211234 0.445285 0.668762 -0.595381 0 
0.122735 0.245515 -0.0213685 -0.446547 0.835121 -0.3212 0 
0.122476 0.245762 -0.0208012 -0.305879 0.846213 -0.436304 0 
0.122786 0.245677 -0.0209926 0.468509 0.629717 -0.619641 0 
0.122838 0.245938 -0.0206064 -0.135606 0.850086 -0.508885 0 
0.123057 0.245759 -0.0208516 0.570049 0.492697 -0.65749 0 
0.123239 0.245946 -0.0207439 -0.685658 0.723507 -0.0800662 0 
0.123509 0.245929 -0.0206131 -0.421649 0.874809 -0.238584 0 
0.123019 0.246026 -0.020509 -0.0842112 0.834976 -0.543805 0 
0.123561 0.24619 -0.020227 -0.113385 0.859714 -0.498031 0 
0.123921 0.246267 -0.0200424 -0.443097 0.895622 -0.0390572 0 
0.125761 0.24616 -0.01926 -0.304116 0.92377 -0.232727 0 
0.126085 0.246725 -0.0189348 -0.367741 0.891809 -0.263523 0 
0.134125 0.252845 -0.0101451 0.732742 -0.67424 -0.0921412 0 
0.134392 0.25285 -0.0102367 0.732742 -0.67424 -0.0921412 0 
0.134398 0.253126 -0.00998358 0.732742 -0.67424 -0.0921412 0 
0.134476 0.252914 -0.0108604 0.732742 -0.67424 -0.0921412 0 
0.134966 0.253161 -0.0113787 0.711214 -0.702864 -0.0125263 0 
0.134761 0.25399 -0.0106168 0.689722 -0.695922 0.199942 0 
0.135207 0.253763 -0.0104194 0.679135 -0.685497 0.262429 0 
0.135122 0.253944 -0.0102201 0.671099 -0.677537 0.300949 0 
