0.133478 0.245686 -0.00554891 -0.441691 0.860615 0.253479 2 
0.13295 0.246474 -0.00674893 -0.516967 0.74673 0.418497 2 
0.132471 0.244844 -0.00633275 -0.558202 0.323339 0.764109 2 
0.132039 0.245338 -0.00619319 -0.58622 0.559189 0.58622 2 
0.131512 0.24491 -0.00674152 -0.107954 0.0647726 0.992044 2 
0.131881 0.245383 -0.00684363 -0.420448 0.181855 0.888905 2 
0.131694 0.245074 -0.00718913 -0.107954 0.0647726 0.992044 2 
0.131299 0.244845 -0.00674057 -0.107954 0.0647726 0.992044 2 
0.132491 0.24674 -0.00717268 -0.567426 0.725318 0.389797 2 
0.132294 0.246629 -0.00653307 -0.576776 0.718095 0.389447 2 
0.132098 0.246809 -0.00670344 -0.595513 0.71951 0.357308 2 
0.13234 0.246169 -0.00713006 -0.572636 0.702101 0.423252 2 
0.131924 0.245857 -0.00645173 -0.607254 0.71796 0.340258 2 
0.131347 0.246216 -0.00628643 -0.621963 0.635374 0.457671 2 
0.13137 0.246136 -0.00657454 -0.487694 0.346982 0.801098 2 
0.131207 0.245756 -0.00637741 -0.32231 0.134636 0.937011 2 
0.13159 0.245876 -0.0066923 -0.588486 0.725419 0.357004 2 
0.131879 0.245846 -0.00676459 -0.576718 0.696383 0.427137 2 
0.131443 0.245442 -0.00668723 -0.32231 0.134636 0.937011 2 
0.131026 0.245882 -0.00673973 0.224094 -0.136011 0.96503 2 
0.130769 0.245814 -0.00622097 0.224094 -0.136011 0.96503 2 
0.130925 0.245759 -0.00640113 -0.0215108 -0.150576 0.988364 2 
0.131289 0.245334 -0.00656539 -0.32231 0.134636 0.937011 2 
0.130921 0.244861 -0.00646336 0.224094 -0.136011 0.96503 2 
0.131079 0.245105 -0.00662276 0.224094 -0.136011 0.96503 2 
0.130503 0.245763 -0.00643675 0.224094 -0.136011 0.96503 2 
0.131534 0.245292 -0.00695053 -0.107954 0.0647726 0.992044 2 
0.131263 0.245106 -0.00712864 0.224094 -0.136011 0.96503 2 
0.131118 0.244971 -0.00710288 0.224094 -0.136011 0.96503 2 
0.130569 0.244634 -0.00653257 0.190765 -0.170002 0.966803 2 
0.135577 0.251427 -0.00948062 -0.241125 0.552253 0.798045 2 
0.135584 0.251401 -0.00957664 -0.253459 0.533353 0.807027 2 
0.13595 0.252798 -0.00952058 -0.258231 0.555587 0.790342 2 
0.135361 0.251824 -0.00940052 -0.264351 0.530266 0.805566 2 
0.13503 0.251679 -0.00969945 -0.253459 0.533353 0.807027 2 
0.135682 0.250925 -0.0099567 -0.241125 0.552253 0.798045 2 
0.135698 0.250872 -0.0101487 -0.241125 0.552253 0.798045 2 
0.135654 0.251159 -0.0104409 -0.283454 0.508965 0.812778 2 
0.135636 0.252138 -0.0100907 -0.307541 0.490488 0.815377 2 
0.135642 0.251812 -0.0102074 -0.307541 0.490488 0.815377 2 
0.135422 0.252072 -0.0100896 -0.307541 0.490488 0.815377 2 
0.135227 0.251789 -0.0103391 -0.278246 0.536056 0.797009 2 
0.135665 0.251731 -0.0104955 -0.307541 0.490488 0.815377 2 
0.135396 0.251844 -0.0106529 -0.307541 0.490488 0.815377 2 
0.13531 0.251087 -0.00888657 -0.272187 0.5428 0.794533 2 
0.135251 0.251428 -0.00898658 -0.258484 0.549866 0.79425 2 
0.135742 0.250593 -0.00902607 -0.32554 0.546843 0.771354 2 
0.135372 0.250582 -0.00884487 -0.314347 0.531359 0.786666 2 
0.135631 0.250188 -0.0094428 -0.41538 0.52374 0.743744 2 
0.135293 0.249318 -0.00891482 -0.636685 0.596368 0.488853 2 
0.135336 0.250082 -0.00933281 -0.490874 0.504186 0.71052 2 
0.135812 0.250352 -0.00989026 -0.433513 0.509336 0.7434 2 
0.135562 0.251019 -0.00936766 -0.265224 0.544573 0.795673 2 
0.135144 0.25116 -0.00944094 -0.265224 0.544573 0.795673 2 
0.134611 0.250769 -0.00906264 -0.385548 0.509184 0.76947 2 
0.134511 0.250935 -0.00953393 -0.529497 0.479387 0.699872 2 
0.13538 0.250846 -0.00975075 -0.391026 0.498112 0.77394 2 
0.135403 0.250765 -0.0100389 -0.527412 0.460861 0.713753 2 
0.134316 0.250653 -0.00978334 -0.678253 0.47059 0.564374 2 
0.134195 0.250737 -0.0100249 -0.739413 0.433108 0.515448 2 
0.134361 0.250955 -0.0102804 -0.736257 0.395184 0.549323 2 
0.134433 0.252246 -0.0101143 -0.278246 0.536056 0.797009 2 
0.134806 0.252093 -0.0103539 -0.307541 0.490488 0.815377 2 
0.134456 0.252165 -0.0104024 -0.307541 0.490488 0.815377 2 
0.134826 0.252176 -0.0105836 -0.307541 0.490488 0.815377 2 
0.134648 0.252139 -0.0110043 -0.304909 0.510288 0.804138 2 
0.134146 0.252113 -0.0101005 -0.278246 0.536056 0.797009 2 
0.133719 0.251981 -0.0100984 -0.303822 0.545607 0.781029 2 
0.134238 0.251963 -0.0103637 -0.27848 0.530213 0.800826 2 
0.134019 0.251761 -0.0103251 -0.434399 0.490133 0.75569 2 
0.134535 0.251907 -0.0105321 -0.278246 0.536056 0.797009 2 
0.134566 0.251799 -0.0109161 -0.59589 0.17437 0.783907 2 
0.134421 0.251665 -0.0108904 -0.614164 0.222343 0.75721 2 
0.134334 0.251189 -0.0107645 -0.800978 0.216772 0.558071 2 
0.134253 0.25191 -0.0105558 -0.278246 0.536056 0.797009 2 
0.134043 0.251681 -0.0106132 -0.573949 0.38647 0.721958 2 
0.133801 0.251559 -0.0102864 -0.561632 0.429093 0.707424 2 
0.133953 0.251368 -0.0104289 -0.693407 0.387056 0.607761 2 
0.133731 0.252091 -0.0102321 -0.303458 0.611732 0.730546 2 
0.135116 0.251384 -0.0107557 -0.589747 0.292476 0.752766 2 
0.13427 0.251394 -0.0108269 -0.743518 0.257311 0.61723 2 
0.135373 0.253553 -0.0227956 -0.142699 0.101928 -0.984504 2 
0.135682 0.254068 -0.0230185 0.0270401 -0.0832836 -0.996159 2 
0.135528 0.25396 -0.0228967 0.0273022 -0.0971957 -0.994891 2 
0.13509 0.254019 -0.0227403 -0.120607 -0.0188103 -0.992522 2 
0.135114 0.253938 -0.0230283 -0.120607 -0.0188103 -0.992522 2 
0.135835 0.253415 -0.0232401 -0.0882645 0.0951423 -0.991543 2 
0.135629 0.254084 -0.0232353 0.0270401 -0.0832836 -0.996159 2 
0.135645 0.25403 -0.0234274 -0.00942288 -0.0659601 -0.997778 2 
0.135744 0.253854 -0.0237867 -0.0116539 -0.0773394 -0.996937 2 
0.135306 0.253912 -0.0236302 -0.118415 -0.0232403 -0.992692 2 
0.13554 0.254061 -0.023861 -0.0116539 -0.0773394 -0.996937 2 
0.134972 0.253931 -0.0238708 -0.131303 -0.0280562 -0.990945 2 
0.135199 0.253644 -0.0240846 -0.131303 -0.0280562 -0.990945 2 
0.135698 0.252501 -0.0225796 -0.304927 0.396865 -0.865747 2 
0.134683 0.251685 -0.0232675 -0.346578 0.284104 -0.893962 2 
0.135223 0.253282 -0.0227323 -0.251453 0.297433 -0.921035 2 
0.134573 0.253574 -0.0225541 -0.34942 0.166992 -0.921965 2 
0.134822 0.253669 -0.0229768 -0.135555 0.00330622 -0.990764 2 
0.13439 0.253401 -0.0229371 -0.270261 0.250451 -0.929641 2 
0.134437 0.25295 -0.0227034 -0.387544 0.400199 -0.830452 2 
0.133572 0.253938 -0.0224243 -0.481675 0.701679 -0.525009 2 
0.134148 0.254041 -0.0225105 -0.377564 0.159793 -0.912092 2 
0.134003 0.253906 -0.0224847 -0.415417 0.185116 -0.890596 2 
0.134172 0.253961 -0.0227986 -0.329768 0.0214791 -0.943818 2 
0.134187 0.253907 -0.0229907 -0.23926 0.032792 -0.970402 2 
0.133441 0.253451 -0.0226113 -0.444008 0.889425 -0.108535 2 
0.13358 0.253911 -0.0225204 -0.46091 0.40269 -0.790824 2 
0.133885 0.253828 -0.0227847 -0.322454 0.264091 -0.908999 2 
0.133808 0.253624 -0.0227342 -0.309846 0.446863 -0.839231 2 
0.133831 0.253544 -0.0230222 -0.299888 0.594965 -0.745711 2 
0.133977 0.253678 -0.023048 -0.167936 0.25392 -0.952535 2 
0.133605 0.253368 -0.0228876 -0.39462 0.915355 0.0800088 2 
0.133676 0.253137 -0.0229212 -0.39462 0.915355 0.0800088 2 
0.135055 0.253518 -0.0232282 -0.185316 0.0944989 -0.978125 2 
0.13461 0.253141 -0.0230548 -0.34482 0.40411 -0.847227 2 
0.134853 0.253562 -0.023361 -0.135555 0.00330622 -0.990764 2 
0.134415 0.25362 -0.0232045 -0.287944 0.2017 -0.936165 2 
0.134496 0.253661 -0.0233134 -0.181953 0.0387383 -0.982544 2 
0.134871 0.253046 -0.023632 -0.304553 0.203503 -0.930502 2 
0.134575 0.253402 -0.023443 -0.232432 0.207966 -0.950119 2 
0.134293 0.253405 -0.0234668 -0.167936 0.25392 -0.952535 2 
0.134051 0.253283 -0.02314 -0.299888 0.594965 -0.745711 2 
0.133841 0.253055 -0.0231973 -0.414429 0.898642 0.14384 2 
0.134448 0.25305 -0.0236677 -0.13915 0.340298 -0.929965 2 
0.134068 0.252767 -0.0234112 -0.414429 0.898642 0.14384 2 
0.134147 0.252509 -0.0235408 -0.398582 0.915805 -0.0493229 2 
0.134075 0.253203 -0.0234281 -0.426542 0.763199 0.485375 2 
0.134161 0.252917 -0.0236537 -0.258231 0.790342 -0.555587 2 
0.135227 0.252648 -0.0237003 -0.319298 0.377352 -0.869284 2 
0.135062 0.251968 -0.0235239 -0.344283 0.33215 -0.878149 2 
0.134872 0.252584 -0.0237111 -0.291886 0.404972 -0.866487 2 
0.135108 0.25227 -0.0240209 -0.338406 0.31735 -0.885873 2 
0.133992 0.253625 -0.0232401 -0.126466 0.246413 -0.960878 2 
0.130241 0.2528 -0.0192529 -0.196652 0.0952338 -0.975837 2 
0.129521 0.253623 -0.0190204 0.0932106 -0.165842 -0.981737 2 
0.129696 0.254113 -0.0193512 0.0770972 -0.111618 -0.990756 2 
0.12949 0.254021 -0.0194462 0.0770972 -0.111618 -0.990756 2 
0.129481 0.25451 -0.019271 0.0770972 -0.111618 -0.990756 2 
0.129082 0.254434 -0.0195948 0.0770972 -0.111618 -0.990756 2 
0.129044 0.254106 -0.0191938 0.0770972 -0.111618 -0.990756 2 
0.129067 0.254025 -0.0194818 0.0770972 -0.111618 -0.990756 2 
0.130542 0.254394 -0.0200899 0.0866544 -0.0708991 -0.993712 2 
0.130397 0.254259 -0.0200641 0.0920807 -0.11073 -0.989576 2 
0.130194 0.254003 -0.0202175 0.0770972 -0.111618 -0.990756 2 
0.129695 0.253814 -0.0193719 0.0932106 -0.165842 -0.981737 2 
0.130237 0.254477 -0.0198254 0.0770972 -0.111618 -0.990756 2 
0.129943 0.254371 -0.0197156 0.0770972 -0.111618 -0.990756 2 
0.130096 0.254479 -0.0198374 0.0770972 -0.111618 -0.990756 2 
0.130042 0.254195 -0.0200749 0.0770972 -0.111618 -0.990756 2 
0.129966 0.254291 -0.0200036 0.0770972 -0.111618 -0.990756 2 
0.129492 0.25461 -0.0202354 0.0770972 -0.111618 -0.990756 2 
0.129719 0.254033 -0.0196392 0.0770972 -0.111618 -0.990756 2 
0.129301 0.254174 -0.0197126 0.0770972 -0.111618 -0.990756 2 
0.129384 0.254513 -0.0198008 0.0770972 -0.111618 -0.990756 2 
0.129083 0.253972 -0.0196739 0.0770972 -0.111618 -0.990756 2 
0.129743 0.253952 -0.0199274 0.0770972 -0.111618 -0.990756 2 
0.129748 0.254089 -0.019965 0.0770972 -0.111618 -0.990756 2 
0.129755 0.254062 -0.020061 0.0770972 -0.111618 -0.990756 2 
0.129393 0.254024 -0.0199758 0.0770972 -0.111618 -0.990756 2 
0.129311 0.253684 -0.0198876 0.0770972 -0.111618 -0.990756 2 
0.129333 0.254066 -0.0200966 0.0770972 -0.111618 -0.990756 2 
0.128994 0.253949 -0.0202995 0.0770972 -0.111618 -0.990756 2 
0.128841 0.25385 -0.0193471 0.0770972 -0.111618 -0.990756 2 
0.12886 0.252872 -0.0196974 0.0932106 -0.165842 -0.981737 2 
0.128787 0.252805 -0.0196845 0.0932106 -0.165842 -0.981737 2 
0.128849 0.253823 -0.0194431 0.0770972 -0.111618 -0.990756 2 
0.128736 0.253881 -0.0197807 0.0770972 -0.111618 -0.990756 2 
0.128736 0.253881 -0.0197807 0.0770972 -0.111618 -0.990756 2 
0.128377 0.25368 -0.0197539 0.0770972 -0.111618 -0.990756 2 
0.128964 0.253594 -0.0199945 0.0770972 -0.111618 -0.990756 2 
0.128073 0.253301 -0.0195686 0.0769603 -0.106826 -0.991295 2 
0.128168 0.252989 -0.0198904 0.0769603 -0.106826 -0.991295 2 
0.128022 0.252854 -0.0198646 0.0936195 -0.100554 -0.990517 2 
0.128179 0.254322 -0.0198452 0.0770972 -0.111618 -0.990756 2 
0.128029 0.254051 -0.0197817 0.0770972 -0.111618 -0.990756 2 
0.128684 0.253896 -0.0199975 0.0770972 -0.111618 -0.990756 2 
0.128473 0.253667 -0.0200549 0.0770972 -0.111618 -0.990756 2 
0.1284 0.2536 -0.020042 0.0770972 -0.111618 -0.990756 2 
0.128014 0.253643 -0.0196688 0.0769603 -0.106826 -0.991295 2 
0.127809 0.25355 -0.0197638 0.0959321 -0.0982437 -0.990528 2 
0.12782 0.25336 -0.0199182 0.0959321 -0.0982437 -0.990528 2 
0.127998 0.254449 -0.0202075 -0.0946598 0.278793 -0.955675 2 
0.13018 0.253595 -0.0201045 -0.289697 0.00611174 -0.957099 2 
0.129902 0.253734 -0.0201659 -0.0613195 0.133052 -0.98921 2 
0.129751 0.253164 -0.0201232 -0.331008 -0.117541 -0.936279 2 
0.129785 0.254417 -0.020366 0.0770972 -0.111618 -0.990756 2 
0.129503 0.253658 -0.0204896 0.0770972 -0.111618 -0.990756 2 
0.129358 0.254285 -0.020364 0.0770972 -0.111618 -0.990756 2 
0.128916 0.252983 -0.0203488 0.0932106 -0.165842 -0.981737 2 
0.128911 0.253609 -0.0202114 0.0770972 -0.111618 -0.990756 2 
0.128935 0.253528 -0.0204994 0.0770972 -0.111618 -0.990756 2 
0.128256 0.253003 -0.0200954 0.0769603 -0.106826 -0.991295 2 
0.128438 0.253928 -0.020443 0.0770972 -0.111618 -0.990756 2 
0.12828 0.253684 -0.0202836 0.0770972 -0.111618 -0.990756 2 
0.128512 0.253533 -0.020535 0.0770972 -0.111618 -0.990756 2 
0.127862 0.253825 -0.0203569 -0.075498 0.27512 -0.958441 2 
0.134008 0.243953 -0.0162693 0.617715 -0.365386 -0.696363 2 
0.133542 0.245769 -0.0163974 0.269285 -0.651701 -0.709064 2 
0.13356 0.245552 -0.0166478 0.269285 -0.651701 -0.709064 2 
0.134284 0.245328 -0.0168388 0.269285 -0.651701 -0.709064 2 
0.134414 0.244754 -0.0167724 0.269285 -0.651701 -0.709064 2 
0.134098 0.244556 -0.0172634 0.269285 -0.651701 -0.709064 2 
0.134152 0.24484 -0.0170259 0.269285 -0.651701 -0.709064 2 
0.134079 0.245534 -0.0169132 0.269285 -0.651701 -0.709064 2 
0.133906 0.245634 -0.0173716 0.572731 -0.565973 -0.593004 2 
0.133657 0.245539 -0.0169488 0.572731 -0.565973 -0.593004 2 
0.133516 0.245541 -0.0169606 0.572731 -0.565973 -0.593004 2 
0.133297 0.245339 -0.0169219 0.572731 -0.565973 -0.593004 2 
0.133612 0.245528 -0.0172616 0.572731 -0.565973 -0.593004 2 
0.133403 0.245598 -0.0172982 0.572731 -0.565973 -0.593004 2 
0.133321 0.245258 -0.01721 0.572731 -0.565973 -0.593004 2 
0.133485 0.245176 -0.0174862 0.572731 -0.565973 -0.593004 2 
0.13322 0.245135 -0.0168714 0.572731 -0.565973 -0.593004 2 
0.133009 0.244906 -0.0169288 0.572731 -0.565973 -0.593004 2 
0.133307 0.24485 -0.0170971 0.572731 -0.565973 -0.593004 2 
0.132966 0.244433 -0.0173207 0.572731 -0.565973 -0.593004 2 
0.133178 0.244961 -0.0172426 0.572731 -0.565973 -0.593004 2 
0.133343 0.24564 -0.017419 0.572731 -0.565973 -0.593004 2 
0.13314 0.245385 -0.0175724 0.572731 -0.565973 -0.593004 2 
0.133821 0.244696 -0.0173248 0.572731 -0.565973 -0.593004 2 
0.133917 0.244683 -0.0176257 0.572731 -0.565973 -0.593004 2 
0.13408 0.245824 -0.017723 0.572731 -0.565973 -0.593004 2 
0.134103 0.245744 -0.0180111 0.572731 -0.565973 -0.593004 2 
0.133352 0.245151 -0.0175941 0.572731 -0.565973 -0.593004 2 
0.132969 0.244269 -0.0173791 0.572731 -0.565973 -0.593004 2 
0.133206 0.245016 -0.0175683 0.572731 -0.565973 -0.593004 2 
0.133157 0.244869 -0.0178435 0.572731 -0.565973 -0.593004 2 
0.13323 0.245698 -0.0177566 0.572731 -0.565973 -0.593004 2 
0.133046 0.245987 -0.0180606 0.631916 -0.567882 -0.527439 2 
0.133253 0.245617 -0.0180446 0.572731 -0.565973 -0.593004 2 
0.133305 0.245593 -0.0186584 0.631916 -0.567882 -0.527439 2 
0.13258 0.245808 -0.019298 0.893362 -0.323639 -0.311707 2 
0.128732 0.257078 -0.0302547 -0.250111 0.200909 -0.947143 2 
0.129748 0.257713 -0.0312865 -0.353707 0.167694 -0.920201 2 
0.128664 0.259432 -0.02998 -0.120561 0.736761 -0.665318 2 
0.130243 0.259008 -0.0302542 -0.0920782 0.641624 -0.761472 2 
0.129805 0.259067 -0.0300978 -0.0738084 0.681642 -0.727953 2 
0.129783 0.258975 -0.0306987 -0.282349 0.0677126 -0.956919 2 
0.129387 0.259208 -0.0301711 -0.0709669 0.705324 -0.705324 2 
0.129616 0.25922 -0.0303641 -0.116383 0.495704 -0.860658 2 
0.128959 0.259076 -0.030169 -0.152965 0.536119 -0.830168 2 
0.129193 0.259225 -0.0303997 -0.280194 0.0490026 -0.958692 2 
0.129225 0.259117 -0.0307839 -0.324454 -0.0137799 -0.945801 2 
0.128802 0.259122 -0.0308195 -0.230328 0.26383 -0.936666 2 
0.129867 0.258852 -0.030866 -0.294002 0.147678 -0.944327 2 
0.129273 0.258494 -0.0314391 -0.359044 0.024451 -0.933 2 
0.129449 0.258993 -0.0309392 -0.337516 -0.0346499 -0.940682 2 
0.129468 0.258777 -0.0311897 -0.330049 0.0888083 -0.939777 2 
0.128977 0.25885 -0.0312501 -0.397568 -0.199512 -0.89562 2 
0.128954 0.258931 -0.0309619 -0.335857 -0.0215455 -0.941667 2 
0.129099 0.257542 -0.0311873 -0.459843 -0.17189 -0.871205 2 
0.129263 0.258222 -0.0313638 -0.412365 -0.0550716 -0.909353 2 
0.128972 0.257952 -0.0313122 -0.406364 -0.0439672 -0.912653 2 
0.128489 0.257709 -0.0306587 -0.235598 0.169045 -0.957036 2 
0.12852 0.257602 -0.0310429 -0.237699 0.2051 -0.949438 2 
0.128899 0.258647 -0.0311995 -0.4033 -0.097728 -0.909834 2 
0.128525 0.2585 -0.0309807 -0.311766 0.113734 -0.943327 2 
0.128167 0.258599 -0.0309331 -0.240637 0.114528 -0.963835 2 
0.128893 0.258211 -0.0311826 -0.430931 -0.120095 -0.894358 2 
0.128607 0.258078 -0.0311687 -0.295648 0.174639 -0.939198 2 
0.128298 0.258325 -0.030846 -0.238658 0.119974 -0.963664 2 
0.128534 0.258011 -0.0311558 -0.282314 0.188668 -0.940587 2 
0.128506 0.259478 -0.0306304 -0.195544 0.103377 -0.975231 2 
0.128165 0.259061 -0.0308541 -0.251712 0.0663719 -0.965524 2 
0.128467 0.25914 -0.03106 -0.265985 0.0642902 -0.961831 2 
0.131434 0.254511 -0.0315056 -0.621076 -0.0466868 -0.782358 2 
0.131382 0.254526 -0.0317224 -0.621076 -0.0466868 -0.782358 2 
0.131293 0.254513 -0.0315176 -0.615552 -0.0554423 -0.786144 2 
0.131075 0.254311 -0.0314788 -0.700712 -0.044061 -0.712082 2 
0.131231 0.254256 -0.031659 -0.698116 -0.0354014 -0.715109 2 
0.131085 0.253069 -0.0309232 -0.853061 0.138531 -0.503087 2 
0.131048 0.253031 -0.031332 -0.864609 0.153611 -0.478388 2 
0.131031 0.253547 -0.0310609 -0.833847 0.0150613 -0.55179 2 
0.131084 0.253822 -0.0316539 -0.784306 0.0236824 -0.619922 2 
0.131047 0.253493 -0.0312529 -0.833847 0.0150613 -0.55179 2 
0.13107 0.253413 -0.031541 -0.833847 0.0150613 -0.55179 2 
0.131076 0.253848 -0.0315579 -0.784306 0.0236824 -0.619922 2 
0.131021 0.254027 -0.0317164 -0.735768 -0.0324811 -0.676454 2 
0.132117 0.25365 -0.032147 -0.764603 0.110492 -0.63496 2 
0.131473 0.254377 -0.0319858 -0.631374 -0.0323421 -0.774804 2 
0.131332 0.254379 -0.0319976 -0.639705 -0.0439708 -0.767362 2 
0.13156 0.254092 -0.0322115 -0.681357 -0.0181882 -0.731725 2 
0.131072 0.252951 -0.0316201 -0.864609 0.153611 -0.478388 2 
0.131094 0.253332 -0.0318291 -0.833847 0.0150613 -0.55179 2 
0.130875 0.25313 -0.0317904 -0.87866 0.0796242 -0.470761 2 
0.131044 0.253946 -0.0320045 -0.779922 -0.00412657 -0.625863 2 
0.130962 0.253606 -0.0319163 -0.822468 0.0068198 -0.568771 2 
0.131272 0.253659 -0.0322183 -0.821582 0.00683512 -0.570049 2 
0.131424 0.253468 -0.0323608 -0.877538 0.0709262 -0.474232 2 
0.131147 0.253607 -0.0324221 -0.82531 0.017852 -0.564397 2 
0.130928 0.253405 -0.0323835 -0.84151 0.0459005 -0.538288 2 
0.130995 0.253799 -0.0322797 -0.815008 0.00684881 -0.579409 2 
0.130913 0.253459 -0.0321914 -0.831835 0.00407097 -0.555009 2 
0.130899 0.25305 -0.0320785 -0.87587 0.115359 -0.468555 2 
0.127385 0.256599 -0.0295011 -0.12942 0.377128 -0.917074 1 
0.127291 0.257963 -0.0298894 -0.208786 0.151726 -0.96612 1 
0.126963 0.257365 -0.0294369 -0.16898 0.210897 -0.962792 1 
0.127261 0.259122 -0.0302154 -0.186426 0.0661511 -0.980239 1 
0.127846 0.260259 -0.0302771 -0.339067 -0.939253 0.0532633 1 
0.127387 0.259473 -0.0299908 -0.225527 0.20662 -0.952074 1 
0.126965 0.259478 -0.0300264 -0.181148 -0.0338921 -0.982872 1 
0.126436 0.258461 -0.0297856 -0.121805 0.100519 -0.987451 1 
0.126591 0.258107 -0.0299865 -0.136963 0.122418 -0.982983 1 
0.125721 0.258659 -0.0296906 -0.151955 0.0694988 -0.985941 1 
0.126091 0.25867 -0.0298717 -0.111638 0.0748088 -0.990929 1 
0.124616 0.256778 -0.0294634 -0.124223 -0.97496 0.184452 1 
0.124079 0.261582 -0.0283487 -0.465777 -0.127551 -0.875661 1 
0.124166 0.262058 -0.0284745 -0.489786 -0.180134 -0.853031 1 
0.123415 0.261755 -0.0288674 -0.487435 -0.065269 -0.870717 1 
0.122994 0.261297 -0.0289821 -0.462583 0.022794 -0.886283 1 
0.12322 0.260711 -0.0292166 -0.451947 -0.00395289 -0.892036 1 
0.123452 0.261322 -0.0293682 -0.455529 -0.0674349 -0.887663 1 
0.126929 0.2605 -0.0303147 -0.204753 -0.128447 -0.970349 1 
0.126201 0.259827 -0.0301859 -0.161286 -0.00563938 -0.986892 1 
0.126002 0.260931 -0.0301979 -0.263158 -0.15362 -0.952444 1 
0.124941 0.258763 -0.0296787 -0.203499 0.117549 -0.971993 1 
0.125506 0.260107 -0.0303206 -0.241996 -0.045451 -0.969212 1 
0.125356 0.259836 -0.0302571 -0.208369 0.0493821 -0.976803 1 
0.125788 0.261627 -0.0300971 -0.251317 -0.0230677 -0.96763 1 
0.12516 0.262301 -0.0301279 -0.404446 -0.0803446 -0.911026 1 
0.124713 0.262386 -0.0298755 -0.426313 -0.0581952 -0.902702 1 
0.124631 0.262046 -0.0297873 -0.276908 0.070184 -0.95833 1 
0.124875 0.261706 -0.0301932 -0.505609 -0.241278 -0.828338 1 
0.124957 0.262045 -0.0302813 -0.4033 -0.097728 -0.909834 1 
0.124873 0.262168 -0.030114 -0.412519 -0.0721568 -0.908087 1 
0.124655 0.261966 -0.0300753 -0.291456 0.0706172 -0.953974 1 
0.125096 0.260983 -0.03039 -0.325968 -0.0944641 -0.94065 1 
0.125102 0.261418 -0.0304069 -0.370284 -0.0848287 -0.925037 1 
0.124732 0.261408 -0.0302257 -0.410595 -0.0865134 -0.907704 1 
0.124182 0.260771 -0.029676 -0.382161 -0.00383439 -0.924088 1 
0.124258 0.260676 -0.0297474 -0.370724 0.00636983 -0.928721 1 
0.123644 0.260244 -0.0292601 -0.433406 0.0389126 -0.900358 1 
0.124109 0.261466 -0.0295634 -0.455396 -0.0733617 -0.887261 1 
0.124133 0.261385 -0.0298514 -0.419085 -0.0723502 -0.90506 1 
0.123758 0.261238 -0.0296326 -0.426389 -0.0224415 -0.904262 1 
0.123574 0.261528 -0.0299366 -0.443822 -0.0876514 -0.891818 1 
0.124506 0.261233 -0.030091 -0.397072 -0.0745357 -0.914756 1 
0.123462 0.260833 -0.0295434 -0.479813 -0.0339811 -0.876712 1 
0.123614 0.261403 -0.0295861 -0.438765 -0.0756492 -0.895412 1 
0.123468 0.261268 -0.0295603 -0.436869 -0.0671052 -0.897019 1 
0.123628 0.26105 -0.0297989 -0.423416 -0.0144197 -0.905821 1 
0.123386 0.260928 -0.0294721 -0.461486 -0.0227399 -0.886856 1 
0.124878 0.260781 -0.0303513 -0.346145 -0.0671232 -0.935777 1 
0.124792 0.260604 -0.0302047 -0.339875 -0.0426459 -0.939503 1 
0.12472 0.260537 -0.0301919 -0.332034 -0.0189373 -0.943077 1 
0.124718 0.260999 -0.0301127 -0.387156 -0.0436046 -0.920982 1 
0.124572 0.260864 -0.030087 -0.378643 -0.0273248 -0.925139 1 
0.124514 0.261206 -0.030187 -0.397072 -0.0745357 -0.914756 1 
0.123919 0.259515 -0.0284096 -0.388509 0.102962 -0.915674 1 
0.124101 0.259679 -0.0288571 -0.3726 0.0681096 -0.925489 1 
0.12271 0.259188 -0.0284163 -0.344001 0.154591 -0.926156 1 
0.122548 0.260621 -0.0288295 -0.435798 0.0669407 -0.897552 1 
0.122907 0.26006 -0.0289561 -0.419096 0.0926714 -0.9032 1 
0.122919 0.260169 -0.0290898 -0.434214 0.0785721 -0.897376 1 
0.122323 0.259983 -0.0287739 -0.389712 0.12711 -0.912122 1 
0.121769 0.259501 -0.0289965 -0.355739 0.152061 -0.922132 1 
0.12155 0.259299 -0.0289578 -0.327542 0.16865 -0.929663 1 
0.121155 0.259069 -0.0285093 -0.359552 0.167791 -0.917915 1 
0.120946 0.25914 -0.0285459 -0.390867 0.186058 -0.901446 1 
0.121465 0.259122 -0.0288113 -0.352205 0.161369 -0.921907 1 
0.121179 0.258989 -0.0287974 -0.1932 0.267192 -0.944077 1 
0.121405 0.259164 -0.0289321 -0.352205 0.161369 -0.921907 1 
0.120615 0.258995 -0.0288449 -0.357998 0.189696 -0.91425 1 
0.120832 0.258898 -0.0289042 -0.335149 0.144817 -0.930969 1 
0.124429 0.258754 -0.0295093 -0.308323 0.0741537 -0.948387 1 
0.124527 0.258278 -0.0298894 -0.300984 0.139019 -0.943442 1 
0.124258 0.258391 -0.0300468 -0.317771 0.125756 -0.939791 1 
0.124039 0.258189 -0.0300081 -0.37586 0.0379788 -0.925898 1 
0.123826 0.258123 -0.0300071 -0.389417 -0.0221408 -0.920795 1 
0.123675 0.257852 -0.0299437 -0.441474 -0.167556 -0.881491 1 
0.124248 0.25888 -0.0298717 -0.323693 0.0885201 -0.942012 1 
0.124046 0.258624 -0.030025 -0.316978 0.0717439 -0.945716 1 
0.124082 0.259415 -0.030347 -0.281354 0.117561 -0.952376 1 
0.123884 0.258543 -0.0298072 -0.34202 0.0952291 -0.934855 1 
0.123379 0.258208 -0.0297547 -0.489142 -0.446321 -0.749358 1 
0.122747 0.257232 -0.0291168 0.233353 0.956082 -0.177349 1 
0.122445 0.257914 -0.0288111 -0.248401 0.329749 -0.910803 1 
0.122938 0.257668 -0.0296397 -0.425557 -0.276078 -0.86179 1 
0.122806 0.257942 -0.0297268 -0.410764 -0.385389 -0.826286 1 
0.123177 0.257952 -0.0299081 -0.438407 -0.239542 -0.866268 1 
0.123026 0.257682 -0.0298446 -0.446083 -0.151582 -0.882062 1 
0.123143 0.259746 -0.029266 -0.416591 0.0982657 -0.903768 1 
0.122785 0.259845 -0.0292184 -0.394014 0.0886191 -0.914822 1 
0.122379 0.259333 -0.0295252 -0.348485 0.0955307 -0.932433 1 
0.122362 0.259849 -0.029254 -0.382756 0.105635 -0.91779 1 
0.123685 0.259648 -0.0298194 -0.389262 0.0628705 -0.918979 1 
0.121883 0.258219 -0.0288378 -0.279509 0.332749 -0.90064 1 
0.121949 0.259365 -0.0294648 -0.35886 0.12237 -0.925335 1 
0.121935 0.258956 -0.0293518 -0.311026 0.220132 -0.924556 1 
0.121566 0.259245 -0.0291499 -0.313583 0.164389 -0.935223 1 
0.121188 0.2585 -0.0289725 -0.331521 0.190448 -0.924026 1 
0.127679 0.258219 -0.030242 -0.183299 0.157663 -0.970332 1 
0.12786 0.258383 -0.0306895 -0.188792 0.1554 -0.969644 1 
0.12799 0.25752 -0.0298132 -0.194151 0.173302 -0.965542 1 
0.127723 0.257469 -0.030029 -0.188179 0.172605 -0.966849 1 
0.127596 0.257879 -0.0301538 -0.187791 0.169659 -0.967445 1 
0.127285 0.257527 -0.0298726 -0.206221 0.154342 -0.966256 1 
0.127432 0.2572 -0.0299774 -0.216266 0.181769 -0.959265 1 
0.127183 0.257395 -0.0303645 -0.159497 0.14945 -0.97582 1 
0.127294 0.257038 -0.0300476 -0.210565 0.2323 -0.949578 1 
0.126768 0.257373 -0.0304962 -0.162341 0.149756 -0.975304 1 
0.126884 0.256681 -0.0311267 -0.10072 0.283846 -0.953565 1 
0.126665 0.256941 -0.0310089 -0.139883 0.20405 -0.968915 1 
0.128278 0.259765 -0.0304166 -0.274854 0.0514568 -0.960108 1 
0.127752 0.259338 -0.0309649 -0.22791 0.0325585 -0.973138 1 
0.127609 0.25875 -0.0301877 -0.172511 0.0991021 -0.98001 1 
0.127391 0.258548 -0.030149 -0.169066 0.117235 -0.978607 1 
0.127632 0.25867 -0.0304758 -0.178445 0.104606 -0.978374 1 
0.127738 0.258929 -0.030852 -0.186932 0.121694 -0.974806 1 
0.12751 0.259217 -0.0306382 -0.185287 0.0762945 -0.979718 1 
0.127501 0.259706 -0.0304631 -0.241134 0.00593925 -0.970474 1 
0.127301 0.260049 -0.030575 -0.212622 -0.0700547 -0.97462 1 
0.127385 0.259926 -0.0307423 -0.245544 -0.0354267 -0.968738 1 
0.127613 0.259639 -0.0309561 -0.230999 0.0501109 -0.971663 1 
0.127524 0.259625 -0.0307511 -0.230999 0.0501109 -0.971663 1 
0.12723 0.259519 -0.0306412 -0.211983 0.0225009 -0.977014 1 
0.126396 0.257825 -0.0302359 -0.141426 0.138967 -0.980146 1 
0.126176 0.258085 -0.0301181 -0.134823 0.127535 -0.982628 1 
0.126556 0.257606 -0.0304745 -0.178494 0.143048 -0.973487 1 
0.126705 0.257578 -0.0305586 -0.161715 0.124681 -0.97893 1 
0.126345 0.257377 -0.0305318 -0.131275 0.171283 -0.976437 1 
0.12589 0.257952 -0.0301042 -0.118308 0.118308 -0.985904 1 
0.126361 0.257324 -0.0307239 -0.119285 0.158637 -0.980105 1 
0.126234 0.256211 -0.0310484 0.173853 0.494811 -0.851432 1 
0.126446 0.256739 -0.0309702 -0.0664394 0.321775 -0.944482 1 
0.12571 0.257616 -0.0305457 -0.067662 0.220209 -0.973103 1 
0.125429 0.257619 -0.0305694 -0.0991047 0.212009 -0.97223 1 
0.125218 0.25739 -0.0306268 -0.0968275 0.177721 -0.979306 1 
0.124365 0.257426 -0.030602 -0.370295 -0.502889 -0.781015 1 
0.126006 0.25726 -0.0307347 -0.0849782 0.307229 -0.947834 1 
0.126166 0.257041 -0.0309733 -0.0801786 0.324658 -0.942427 1 
0.126005 0.25696 -0.0307554 -0.0330096 0.407999 -0.912386 1 
0.125656 0.257332 -0.0307832 -0.0538455 0.264219 -0.962959 1 
0.12565 0.256896 -0.0307663 0.00897268 0.375571 -0.92675 1 
0.126028 0.25688 -0.0310435 0.017309 0.459354 -0.888085 1 
0.125878 0.256609 -0.0309801 0.123027 0.508031 -0.852507 1 
0.124743 0.25741 -0.0308792 -0.340205 -0.396129 -0.852843 1 
0.12467 0.257343 -0.0308663 -0.360475 -0.420292 -0.832714 1 
0.12687 0.25551 -0.0311136 0.26654 -0.860542 -0.434079 1 
0.126733 0.256111 -0.031084 0.0622997 0.477631 -0.876349 1 
0.124591 0.257601 -0.0307367 -0.378474 -0.413313 -0.828209 1 
0.12206 0.261765 -0.0279387 -0.493019 0.0684361 -0.867323 1 
0.121249 0.262275 -0.027522 -0.508428 0.0658295 -0.858585 1 
0.121447 0.262385 -0.0281616 -0.534766 0.0345456 -0.844294 1 
0.121425 0.262003 -0.0279526 -0.532372 0.0288884 -0.846017 1 
0.121062 0.261965 -0.0278674 -0.498514 0.0833211 -0.862868 1 
0.11958 0.260862 -0.0272632 -0.515204 0.224733 -0.827079 1 
0.120743 0.262402 -0.0273903 -0.46863 0.294256 -0.832946 1 
0.120511 0.262553 -0.0271389 -0.492805 0.275162 -0.825487 1 
0.120248 0.262339 -0.0274131 -0.459998 0.304066 -0.834234 1 
0.119866 0.262519 -0.0270775 -0.29246 0.526428 -0.798336 1 
0.121061 0.262428 -0.0277884 -0.517177 0.0630703 -0.853552 1 
0.12114 0.262169 -0.027918 -0.515858 0.0514467 -0.855128 1 
0.120751 0.262375 -0.0274864 -0.501081 0.207396 -0.840181 1 
0.120774 0.262295 -0.0277744 -0.505392 0.142096 -0.85111 1 
0.120556 0.262093 -0.0277358 -0.459998 0.304066 -0.834234 1 
0.12055 0.262419 -0.027619 -0.46863 0.294256 -0.832946 1 
0.120336 0.262353 -0.027618 -0.479511 0.306572 -0.822243 1 
0.120347 0.262163 -0.0277724 -0.46863 0.294256 -0.832946 1 
0.120785 0.262105 -0.0279288 -0.502233 0.132473 -0.854525 1 
0.120717 0.262174 -0.0279536 -0.501739 0.144817 -0.852811 1 
0.120725 0.262147 -0.0280496 -0.512662 0.116974 -0.850585 1 
0.120579 0.262012 -0.0280238 -0.508833 0.142239 -0.849033 1 
0.119673 0.262535 -0.0273061 -0.29246 0.526428 -0.798336 1 
0.119916 0.262195 -0.027712 -0.37994 0.424452 -0.821879 1 
0.119771 0.26206 -0.0276862 -0.497042 -0.450805 -0.741434 1 
0.120296 0.261716 -0.0280683 -0.482113 0.16955 -0.859546 1 
0.12015 0.261581 -0.0280426 -0.569131 0.160678 -0.806394 1 
0.11993 0.261842 -0.0279247 -0.542989 -0.153227 -0.825642 1 
0.119796 0.261517 -0.0280534 -0.549159 0.176032 -0.816968 1 
0.119833 0.262317 -0.0275447 -0.357576 0.449751 -0.818452 1 
0.123049 0.263395 -0.0293549 -0.475334 -0.202429 -0.856201 1 
0.123208 0.263176 -0.0295934 -0.481544 -0.179282 -0.857889 1 
0.122931 0.262264 -0.0289447 -0.484725 0.00667665 -0.874641 1 
0.123013 0.262604 -0.029033 -0.486286 -0.0340537 -0.873136 1 
0.122711 0.262524 -0.0288269 -0.497427 -0.00670386 -0.86748 1 
0.122959 0.263082 -0.0291707 -0.506118 -0.0983722 -0.856836 1 
0.122895 0.263287 -0.0292331 -0.507824 -0.132413 -0.851224 1 
0.122506 0.262731 -0.0289013 -0.513641 0.0149078 -0.857876 1 
0.123158 0.261977 -0.0291585 -0.478364 -0.00932744 -0.878112 1 
0.123248 0.26229 -0.0293427 -0.480598 -0.0120484 -0.876858 1 
0.123182 0.261897 -0.0294466 -0.473266 -0.0283151 -0.880464 1 
0.123203 0.262279 -0.0296556 -0.46897 -0.0255313 -0.882845 1 
0.122924 0.261829 -0.0289278 -0.474225 0.0120226 -0.880322 1 
0.122954 0.262184 -0.0292328 -0.480598 0.0120484 -0.876858 1 
0.12337 0.261744 -0.0291803 -0.464661 -0.0392862 -0.884617 1 
0.123175 0.261461 -0.0294297 -0.458908 -0.0647708 -0.88612 1 
0.123166 0.26195 -0.0292546 -0.480598 -0.0120484 -0.876858 1 
0.123189 0.26187 -0.0295426 -0.458269 -0.00396198 -0.888805 1 
0.122952 0.262646 -0.0291537 -0.493933 -0.048155 -0.868166 1 
0.122968 0.262592 -0.0293457 -0.489688 -0.0510379 -0.870403 1 
0.122966 0.263055 -0.0292667 -0.509396 -0.107619 -0.853776 1 
0.122903 0.26326 -0.0293291 -0.502233 -0.132473 -0.854525 1 
0.12283 0.263193 -0.0293162 -0.505696 -0.126062 -0.853452 1 
0.122846 0.263139 -0.0295082 -0.495895 -0.107182 -0.861743 1 
0.12321 0.262714 -0.0296725 -0.484905 -0.134615 -0.864145 1 
0.123081 0.262825 -0.0298181 -0.48695 -0.140997 -0.861974 1 
0.122976 0.262566 -0.0294418 -0.487516 -0.0538615 -0.871451 1 
0.122999 0.262485 -0.0297299 -0.530485 -0.412234 -0.740708 1 
0.12299 0.262974 -0.0295548 -0.486448 -0.125582 -0.864637 1 
0.121972 0.262331 -0.0293536 -0.504752 0.0398851 -0.862342 1 
0.122404 0.26336 -0.0292935 -0.515013 -0.120411 -0.848683 1 
0.122302 0.262938 -0.0289755 -0.516807 0.0176339 -0.85592 1 
0.121939 0.2629 -0.0288904 -0.513033 0.031466 -0.857792 1 
0.12248 0.263265 -0.0293647 -0.50851 -0.0925859 -0.856064 1 
0.123273 0.261747 -0.0297099 -0.46245 -0.0969879 -0.881325 1 
0.123219 0.262225 -0.0298477 -0.462542 -0.0173287 -0.886428 1 
0.123271 0.261448 -0.0297306 -0.455792 -0.0561185 -0.888315 1 
0.123374 0.262632 -0.0299487 -0.476356 -0.246602 -0.843962 1 
0.123087 0.262499 -0.0299348 -0.482386 -0.106723 -0.869433 1 
0.121872 0.261456 -0.0282841 -0.493933 0.048155 -0.868166 1 
0.121896 0.261375 -0.0285722 -0.481921 0.0680522 -0.873568 1 
0.122102 0.260706 -0.0285771 -0.422853 0.104667 -0.900133 1 
0.121679 0.260711 -0.0286126 -0.437166 0.129583 -0.889997 1 
0.121529 0.26044 -0.0285493 -0.423982 0.153783 -0.892519 1 
0.121677 0.261173 -0.0285336 -0.473559 0.100366 -0.875025 1 
0.121459 0.260971 -0.0284949 -0.469762 0.140206 -0.871588 1 
0.121645 0.261743 -0.0280704 -0.508428 0.0658295 -0.858585 1 
0.121623 0.262412 -0.0285715 -0.503368 0.0313753 -0.863502 1 
0.121426 0.261541 -0.0280317 -0.500484 0.101238 -0.859806 1 
0.121518 0.261391 -0.028295 -0.491608 0.0949215 -0.865628 1 
0.121445 0.261324 -0.0282821 -0.483792 0.0978934 -0.869691 1 
0.121004 0.261545 -0.0280673 -0.466949 0.127872 -0.87499 1 
0.120954 0.261397 -0.0283425 -0.469944 0.159576 -0.868152 1 
0.12125 0.261042 -0.0285315 -0.466469 0.159389 -0.870059 1 
0.122255 0.260814 -0.0286989 -0.441364 0.0642233 -0.895027 1 
0.12198 0.261543 -0.0295494 -0.483092 0.0682177 -0.872908 1 
0.120751 0.261142 -0.0284959 -0.519371 0.168163 -0.837839 1 
0.120508 0.259198 -0.0283895 -0.394703 0.170799 -0.902794 1 
0.120523 0.259144 -0.0285815 -0.395455 0.164178 -0.903693 1 
0.121419 0.262619 -0.0286458 -0.540976 0.0604207 -0.838865 1 
0.121245 0.262429 -0.0282943 -0.539479 0.0487901 -0.840584 1 
0.121365 0.262335 -0.0288833 -0.535353 0.0545138 -0.842867 1 
0.120726 0.261685 -0.0281287 -0.481663 0.131626 -0.866415 1 
0.120531 0.261402 -0.0283781 -0.544345 0.182454 -0.818779 1 
0.120818 0.258489 -0.0287913 -0.305688 0.223223 -0.925595 1 
0.120591 0.258314 -0.0286566 -0.308156 0.172733 -0.935523 1 
0.120677 0.258491 -0.0288032 -0.32344 0.125857 -0.937841 1 
0.120282 0.259023 -0.0282548 -0.145453 0.23718 -0.960515 1 
0.119902 0.25874 -0.0279983 -0.501739 0.144817 -0.852811 1 
0.120226 0.259201 -0.0284132 0.00356976 0.243934 -0.969785 1 
0.120144 0.258861 -0.0283251 -0.424937 0.125646 -0.896461 1 
0.120313 0.258915 -0.0286389 -0.401476 0.148957 -0.903675 1 
0.121069 0.24832 -0.0339509 -0.31808 0.0910684 -0.94368 1 
0.121567 0.248219 -0.0339865 -0.191785 0.138441 -0.971624 1 
0.121493 0.247853 -0.0339943 -0.211852 0.11544 -0.97046 1 
0.120934 0.247995 -0.0340795 -0.303023 0.0931368 -0.948421 1 
0.122727 0.246114 -0.0345544 -0.18361 0.121157 -0.975504 1 
0.121877 0.24751 -0.0343884 -0.202314 0.128514 -0.970852 1 
0.12202 0.247808 -0.0343557 -0.214335 0.112875 -0.970216 1 
0.122452 0.247314 -0.0344953 -0.206874 0.120571 -0.97091 1 
0.121795 0.247932 -0.0342003 -0.208459 0.112442 -0.971546 1 
0.121592 0.247676 -0.0343537 -0.216133 0.12661 -0.96812 1 
0.121129 0.247516 -0.0339299 -0.29233 0.0870495 -0.952347 1 
0.120898 0.247204 -0.0337576 -0.318424 0.0773129 -0.94479 1 
0.120846 0.24722 -0.0339744 -0.309662 0.0823151 -0.947277 1 
0.1207 0.247847 -0.0338488 -0.328424 0.091746 -0.940064 1 
0.120494 0.247754 -0.0339438 -0.346132 0.0868671 -0.934156 1 
0.120031 0.246832 -0.0336198 -0.365364 0.125464 -0.922371 1 
0.120401 0.246843 -0.033801 -0.349958 0.104042 -0.93097 1 
0.120046 0.246778 -0.0338118 -0.365364 0.125464 -0.922371 1 
0.118911 0.246528 -0.0330009 -0.419341 0.39383 -0.817955 1 
0.118914 0.246365 -0.0330593 -0.414537 0.392301 -0.821133 1 
0.119665 0.246958 -0.0334763 -0.382156 0.123679 -0.915784 1 
0.11914 0.24654 -0.0331939 -0.413551 0.265097 -0.871033 1 
0.119306 0.246757 -0.0334495 -0.418124 0.227662 -0.879399 1 
0.119171 0.246433 -0.0335781 -0.413551 0.265097 -0.871033 1 
0.119836 0.246549 -0.0338692 -0.371929 0.147368 -0.916489 1 
0.119689 0.246877 -0.0337643 -0.382156 0.123679 -0.915784 1 
0.119534 0.24647 -0.0336633 -0.404292 0.213172 -0.889441 1 
0.119388 0.246335 -0.0336375 -0.406139 0.24728 -0.879718 1 
0.119276 0.246402 -0.0331445 -0.40877 0.316218 -0.856103 1 
0.119026 0.246298 -0.0335523 -0.414875 0.324752 -0.84995 1 
0.11892 0.246039 -0.033176 -0.390474 0.457963 -0.798624 1 
0.118703 0.246136 -0.0331167 -0.395749 0.499979 -0.770327 1 
0.118725 0.245756 -0.0334255 -0.345778 0.58279 -0.735387 1 
0.119035 0.245809 -0.0337274 -0.375592 0.455505 -0.807122 1 
0.119033 0.246271 -0.0336483 -0.414875 0.324752 -0.84995 1 
0.118943 0.245958 -0.0334641 -0.383449 0.460459 -0.80059 1 
0.118573 0.245948 -0.0332829 -0.315806 0.646187 -0.694773 1 
0.11872 0.24562 -0.0333878 -0.304514 0.665421 -0.681532 1 
0.12236 0.24594 -0.0344316 -0.18361 0.121157 -0.975504 1 
0.121491 0.24603 -0.0342147 -0.262336 0.133145 -0.955747 1 
0.121346 0.245895 -0.034189 -0.270633 0.125416 -0.954478 1 
0.121135 0.245667 -0.0342463 -0.29338 0.129945 -0.947123 1 
0.122859 0.24584 -0.0344672 -0.215398 0.102031 -0.971181 1 
0.122572 0.245707 -0.0344533 -0.20575 0.0960166 -0.973883 1 
0.122128 0.24533 -0.03428 -0.190593 0.110868 -0.975388 1 
0.121801 0.246083 -0.0345167 -0.220663 0.118622 -0.96811 1 
0.121573 0.245608 -0.0344027 -0.216133 0.12661 -0.96812 1 
0.120917 0.245465 -0.0342077 -0.309568 0.14592 -0.939614 1 
0.121278 0.246726 -0.0341139 -0.292033 0.109678 -0.950099 1 
0.121208 0.246495 -0.0341593 -0.292033 0.109678 -0.950099 1 
0.121496 0.246928 -0.0341525 -0.25913 0.101847 -0.960458 1 
0.12098 0.246783 -0.0339456 -0.319512 0.0967817 -0.942627 1 
0.121505 0.246439 -0.0343276 -0.259704 0.104657 -0.96 1 
0.120914 0.246389 -0.0340494 -0.322381 0.108352 -0.940389 1 
0.120787 0.246038 -0.0342741 -0.321966 0.143857 -0.935758 1 
0.121358 0.247528 -0.0341229 -0.302794 0.0766731 -0.949967 1 
0.119839 0.245625 -0.0340274 -0.358161 0.271964 -0.893172 1 
0.120073 0.245773 -0.0342581 -0.355507 0.189889 -0.915181 1 
0.119854 0.245571 -0.0342194 -0.358161 0.271964 -0.893172 1 
0.119757 0.245285 -0.0339392 -0.353434 0.368868 -0.859663 1 
0.119188 0.245155 -0.033949 -0.325869 0.540974 -0.775343 1 
0.119995 0.246331 -0.0341078 -0.369126 0.162642 -0.915037 1 
0.119625 0.246321 -0.0339266 -0.401574 0.216232 -0.889934 1 
0.119543 0.245981 -0.0338384 -0.393844 0.276143 -0.876717 1 
0.119777 0.246129 -0.0340691 -0.372064 0.207024 -0.904826 1 
0.120087 0.246182 -0.0343711 -0.353707 0.167694 -0.920201 1 
0.119831 0.24946 -0.0334323 -0.237306 0.0504121 -0.970126 1 
0.120423 0.249509 -0.0337105 0.0773562 0.259968 -0.962514 1 
0.120205 0.249307 -0.0336719 -0.274984 0.0646275 -0.959274 1 
0.120714 0.248255 -0.0339618 -0.306163 0.0932943 -0.947397 1 
0.120847 0.249042 -0.033754 -0.283451 0.0597408 -0.957124 1 
0.120878 0.248935 -0.0341381 -0.261721 0.0855381 -0.961346 1 
0.120629 0.24884 -0.0337153 -0.33517 0.0504696 -0.940805 1 
0.120206 0.248845 -0.0337509 -0.305472 0.0657346 -0.949929 1 
0.119845 0.249868 -0.0335453 -0.206927 0.069792 -0.975864 1 
0.119718 0.249517 -0.0337699 -0.240741 0.0530865 -0.969137 1 
0.120545 0.248201 -0.0336479 -0.330049 0.0888083 -0.939777 1 
0.118034 0.246644 -0.032688 -0.365394 0.594789 -0.71604 1 
0.118256 0.246683 -0.0327851 -0.34819 0.629358 -0.694746 1 
0.118677 0.246379 -0.0327702 -0.409696 0.501102 -0.762263 1 
0.118338 0.246261 -0.0329731 -0.34819 0.629358 -0.694746 1 
0.118483 0.246396 -0.0329988 -0.398002 0.525756 -0.751782 1 
0.117218 0.246719 -0.0322544 -0.233458 0.747378 -0.622032 1 
0.117289 0.246487 -0.032288 -0.251004 0.740382 -0.623563 1 
0.117173 0.246707 -0.0325672 -0.304527 0.668671 -0.678338 1 
0.116931 0.246586 -0.0322405 -0.184917 0.777874 -0.600598 1 
0.117143 0.246352 -0.0322622 -0.233458 0.747378 -0.622032 1 
0.117823 0.246415 -0.0327454 -0.34347 0.616944 -0.708102 1 
0.11738 0.246338 -0.0325513 -0.340088 0.626479 -0.70133 1 
0.117461 0.246378 -0.0326602 -0.340088 0.626479 -0.70133 1 
0.118345 0.246235 -0.0330691 -0.34819 0.629358 -0.694746 1 
0.118051 0.246128 -0.0329592 -0.34819 0.629358 -0.694746 1 
0.117628 0.246133 -0.0329948 -0.34347 0.616944 -0.708102 1 
0.117704 0.246037 -0.033066 -0.336659 0.635912 -0.694461 1 
0.117394 0.245985 -0.0327641 -0.340088 0.626479 -0.70133 1 
0.117672 0.246607 -0.0326029 -0.365288 0.614273 -0.699452 1 
0.118143 0.245979 -0.0332225 -0.34819 0.629358 -0.694746 1 
0.134807 0.268853 -0.0275293 -0.364125 0.324513 -0.872986 1 
0.13456 0.267834 -0.0272647 -0.254943 0.414848 -0.873444 1 
0.134576 0.26778 -0.0274568 -0.271104 0.445714 -0.853136 1 
0.135083 0.267943 -0.0283983 -0.329259 0.429129 -0.841093 1 
0.135308 0.266305 -0.0279227 -0.252784 0.467267 -0.847208 1 
0.134495 0.26774 -0.0273479 -0.267225 0.441303 -0.856646 1 
0.134435 0.267782 -0.0274687 -0.271104 0.445714 -0.853136 1 
0.134381 0.267498 -0.0277062 -0.231478 0.464468 -0.854803 1 
0.134284 0.267511 -0.0274052 -0.241964 0.461101 -0.853721 1 
0.134089 0.267228 -0.0276546 -0.231749 0.468043 -0.852777 1 
0.134238 0.267962 -0.0276389 -0.267225 0.441303 -0.856646 1 
0.134322 0.267839 -0.0278063 -0.207511 0.452344 -0.867366 1 
0.133972 0.267911 -0.0278547 -0.207511 0.452344 -0.867366 1 
0.134529 0.266708 -0.0278901 -0.204587 0.464428 -0.861656 1 
0.134681 0.266516 -0.0280327 -0.19138 0.458421 -0.867885 1 
0.134695 0.266925 -0.0281456 -0.221656 0.468947 -0.854961 1 
0.134485 0.266696 -0.028203 -0.19138 0.458421 -0.867885 1 
0.134316 0.266642 -0.0278891 -0.19138 0.458421 -0.867885 1 
0.134531 0.266246 -0.0279693 -0.17474 0.459609 -0.870761 1 
0.134333 0.266126 -0.0281603 -0.0279877 0.435808 -0.899604 1 
0.133904 0.266457 -0.0280792 -0.0278511 0.428376 -0.903171 1 
0.133912 0.26643 -0.0281751 -0.0144379 0.426574 -0.904337 1 
0.134323 0.267377 -0.0278853 -0.231478 0.464468 -0.854803 1 
0.134097 0.267202 -0.0277506 -0.231749 0.468043 -0.852777 1 
0.133973 0.267449 -0.0279338 -0.231749 0.468043 -0.852777 1 
0.134505 0.267541 -0.0283328 -0.269814 0.470248 -0.840278 1 
0.134076 0.26711 -0.0283516 -0.184891 0.465926 -0.865291 1 
0.134005 0.267342 -0.0283179 -0.18871 0.468061 -0.863312 1 
0.133952 0.267067 -0.0277248 -0.184891 0.465926 -0.865291 1 
0.133885 0.266674 -0.0278287 -0.0701777 0.444459 -0.893046 1 
0.133674 0.266445 -0.0278861 0.0357806 0.41214 -0.910418 1 
0.133576 0.266911 -0.0283366 0.0302578 0.403876 -0.914313 1 
0.133633 0.26627 -0.0282573 0.0143987 0.414943 -0.909733 1 
0.135631 0.262949 -0.0296675 -0.135545 0.612186 -0.77901 1 
0.134699 0.263244 -0.029513 -0.32072 0.38824 -0.863949 1 
0.135208 0.262954 -0.029703 -0.0941856 0.586849 -0.8042 1 
0.134843 0.263079 -0.0295595 -0.191993 0.420626 -0.886686 1 
0.134503 0.262962 -0.0297624 -0.222351 0.396108 -0.890875 1 
0.134716 0.262728 -0.0297841 -0.0911876 0.46155 -0.882415 1 
0.134875 0.26251 -0.0300227 -0.0617236 0.456755 -0.887449 1 
0.134456 0.262642 -0.0309266 -0.0920142 0.488383 -0.867765 1 
0.134909 0.266229 -0.0282464 -0.182201 0.4755 -0.860641 1 
0.134373 0.26553 -0.0287195 -0.0142699 0.398259 -0.917162 1 
0.135028 0.266897 -0.0287357 -0.218786 0.469258 -0.855529 1 
0.134509 0.266154 -0.0285701 -0.0589201 0.453548 -0.889282 1 
0.134364 0.266019 -0.0285443 -0.0172073 0.438124 -0.89875 1 
0.134145 0.265817 -0.0285057 -0.00389598 0.419467 -0.907762 1 
0.134204 0.266237 -0.0283058 -0.0279877 0.435808 -0.899604 1 
0.133918 0.266104 -0.0282919 0.0222918 0.405186 -0.913963 1 
0.133781 0.266242 -0.0283414 0.0143987 0.414943 -0.909733 1 
0.134379 0.265965 -0.0287364 -0.0172073 0.438124 -0.89875 1 
0.134184 0.265683 -0.0289859 0.00902611 0.393281 -0.919374 1 
0.134073 0.26575 -0.0284928 0.0275625 0.402937 -0.914812 1 
0.133791 0.265753 -0.0285165 0.0353929 0.3867 -0.921526 1 
0.133586 0.265959 -0.0285909 0.0353929 0.3867 -0.921526 1 
0.133572 0.265551 -0.0284779 0.0433753 0.379863 -0.924025 1 
0.13315 0.265555 -0.0285135 0.0538362 0.361097 -0.930973 1 
0.134088 0.265696 -0.0286849 0.0275165 0.394403 -0.918526 1 
0.13395 0.265534 -0.0287551 0.0353929 0.3867 -0.921526 1 
0.133734 0.265632 -0.0286957 0.046289 0.38486 -0.921813 1 
0.134034 0.265412 -0.0289224 0.0299674 0.381758 -0.923776 1 
0.133961 0.265345 -0.0289095 0.0246647 0.377759 -0.925575 1 
0.133596 0.26547 -0.028766 0.0567314 0.362817 -0.930132 1 
0.133523 0.265403 -0.0287531 0.0539966 0.36744 -0.928478 1 
0.133391 0.265677 -0.0288402 0.0538362 0.361097 -0.930973 1 
0.133136 0.265147 -0.0284005 0.0483326 0.354003 -0.933994 1 
0.133377 0.265268 -0.0287273 0.040275 0.35468 -0.93412 1 
0.132955 0.265273 -0.0287629 0.040275 0.35468 -0.93412 1 
0.133086 0.264999 -0.0286757 0.0349356 0.358413 -0.932909 1 
0.132872 0.264933 -0.0286747 0.0348835 0.355295 -0.934103 1 
0.133648 0.266217 -0.0284493 0.0143987 0.414943 -0.909733 1 
0.133359 0.266246 -0.028377 0.0329559 0.399425 -0.916173 1 
0.1333 0.265826 -0.0285769 0.0409245 0.389443 -0.920141 1 
0.132595 0.265073 -0.0287361 0.0534288 0.345332 -0.936958 1 
0.133683 0.265185 -0.0289916 0.027128 0.362999 -0.931395 1 
0.133328 0.265121 -0.0290025 0.027128 0.362999 -0.931395 1 
0.133182 0.264986 -0.0289767 0.0141463 0.374234 -0.927226 1 
0.1331 0.264646 -0.0288885 0.00900148 0.387064 -0.922009 1 
0.132905 0.265125 -0.029038 0.0431877 0.370367 -0.927881 1 
0.132294 0.265283 -0.02934 0.0297811 0.363847 -0.930982 1 
0.132511 0.265186 -0.0293994 0.0297811 0.363847 -0.930982 1 
0.134276 0.263249 -0.0295486 0.00900148 0.387064 -0.922009 1 
0.134659 0.262897 -0.0307732 -0.0617236 0.456755 -0.887449 1 
0.134128 0.263095 -0.031184 -0.0768322 0.47636 -0.875887 1 
0.134217 0.262829 -0.0297485 -0.0637339 0.421729 -0.904479 1 
0.134513 0.262472 -0.0299375 -0.085574 0.478373 -0.873977 1 
0.134657 0.262308 -0.029984 -0.0826766 0.480645 -0.873009 1 
0.134226 0.262339 -0.0299236 -0.131149 0.360315 -0.923565 1 
0.133512 0.262075 -0.0299076 -0.1119 0.385435 -0.915925 1 
0.133832 0.261638 -0.0303848 -0.111123 0.374524 -0.920534 1 
0.133684 0.261966 -0.0302799 -0.114579 0.37963 -0.918015 1 
0.133686 0.261504 -0.0303589 -0.111123 0.374524 -0.920534 1 
0.132474 0.260587 -0.0295766 -0.40106 0.348002 -0.847376 1 
0.132498 0.260507 -0.0298647 -0.219857 0.281473 -0.934043 1 
0.13273 0.260356 -0.0301161 -0.185895 0.226016 -0.956222 1 
0.134004 0.262291 -0.0306572 -0.14078 0.369374 -0.918555 1 
0.134059 0.261351 -0.0305985 -0.138527 0.382 -0.913721 1 
0.133709 0.261423 -0.030647 -0.114579 0.37963 -0.918015 1 
0.133403 0.261207 -0.0304035 -0.1395 0.307442 -0.941286 1 
0.133189 0.261142 -0.0304024 -0.190701 0.30206 -0.93402 1 
0.133418 0.261154 -0.0305954 -0.166931 0.307649 -0.936742 1 
0.133204 0.261088 -0.0305945 -0.190701 0.30206 -0.93402 1 
0.13298 0.261212 -0.030439 -0.202954 0.295333 -0.933589 1 
0.132986 0.260886 -0.0305558 -0.20622 0.272653 -0.939752 1 
0.13221 0.259313 -0.0299713 -0.00102645 0.0502959 -0.998734 1 
0.132465 0.264884 -0.0289024 0.0322726 0.357581 -0.933324 1 
0.132746 0.264582 -0.0288993 -0.00641454 0.386156 -0.922411 1 
0.132324 0.264124 -0.0290141 -0.0297811 0.363847 -0.930982 1 
0.132468 0.264721 -0.0289607 0.00382737 0.373806 -0.927499 1 
0.132566 0.264246 -0.0293408 -0.0573155 0.385213 -0.921046 1 
0.13256 0.26381 -0.0293238 0.275577 0.328629 -0.903361 1 
0.132487 0.263743 -0.029311 -0.144905 0.381255 -0.913043 1 
0.132061 0.263911 -0.0292882 -0.0622014 0.361297 -0.930374 1 
0.131707 0.263846 -0.0292991 -0.00893437 0.366309 -0.93045 1 
0.132134 0.26474 -0.0292013 0.00126618 0.365926 -0.930643 1 
0.132036 0.264453 -0.0289211 -0.00126369 0.357624 -0.933865 1 
0.13206 0.265135 -0.0291093 0.0349356 0.358413 -0.932909 1 
0.13171 0.265207 -0.0291578 0.0270077 0.353672 -0.93498 1 
0.131697 0.264336 -0.029124 -0.0352265 0.371835 -0.92763 1 
0.13142 0.264475 -0.0291854 0.0163877 0.329014 -0.944183 1 
0.131275 0.26434 -0.0291596 0.00874878 0.323705 -0.946118 1 
0.1317 0.263411 -0.0292821 0.0660637 0.403123 -0.912758 1 
0.131192 0.264 -0.0290714 0.0982879 0.346027 -0.933062 1 
0.133357 0.263191 -0.029607 -0.0861554 0.400691 -0.912153 1 
0.133862 0.262764 -0.0297594 -0.256718 0.372463 -0.891834 1 
0.133576 0.262631 -0.0297454 -0.218648 0.357656 -0.907896 1 
0.133574 0.263094 -0.0296663 -0.0860608 0.402983 -0.911152 1 
0.133001 0.262827 -0.0296385 -0.0908922 0.378491 -0.921131 1 
0.132928 0.26276 -0.0296256 -0.116419 0.362954 -0.924506 1 
0.133221 0.262567 -0.0297563 -0.112064 0.388765 -0.914496 1 
0.13308 0.262569 -0.0297681 -0.00647337 0.402643 -0.915334 1 
0.132726 0.262504 -0.029779 -0.0354916 0.393036 -0.918838 1 
0.133347 0.263381 -0.0294526 -0.0861554 0.400691 -0.912153 1 
0.132712 0.263619 -0.0294664 0.270039 0.337917 -0.901605 1 
0.132701 0.263047 -0.0294118 -0.0849551 0.373533 -0.923718 1 
0.132706 0.263183 -0.0294495 -0.0739288 0.383086 -0.92075 1 
0.132278 0.263052 -0.0294474 -0.0680417 0.374896 -0.924566 1 
0.133788 0.262398 -0.0297671 -0.125848 0.372012 -0.919657 1 
0.133731 0.262277 -0.0299464 -0.1119 0.385435 -0.915925 1 
0.133231 0.262078 -0.0299314 -0.111237 0.372162 -0.921478 1 
0.133641 0.262254 -0.030572 -0.111237 0.372162 -0.921478 1 
0.133209 0.262748 -0.0304325 -0.0770933 0.388172 -0.918357 1 
0.132855 0.261922 -0.0305431 -0.134546 0.362027 -0.922406 1 
0.132999 0.262519 -0.0304898 -0.126924 0.386352 -0.913577 1 
0.13227 0.262317 -0.0294512 -0.1287 0.369495 -0.920277 1 
0.132292 0.262699 -0.0296602 -0.104467 0.354104 -0.929353 1 
0.133107 0.261564 -0.0302144 -0.156683 0.331392 -0.930392 1 
0.132881 0.261388 -0.0300797 -0.185974 0.317415 -0.929872 1 
0.132141 0.261657 -0.0305272 -0.255498 0.307464 -0.916617 1 
0.132012 0.261478 -0.0298629 -0.341118 0.308058 -0.88811 1 
0.131883 0.261589 -0.0300084 -0.233339 0.313504 -0.920472 1 
0.132106 0.261927 -0.0300847 -0.246708 0.315959 -0.916136 1 
0.131845 0.262013 -0.0303381 -0.295476 0.325172 -0.898308 1 
0.131761 0.261374 -0.0302707 -0.26041 0.294939 -0.919346 1 
0.132071 0.263422 -0.0294634 0.0249726 0.406134 -0.913472 1 
0.131862 0.263492 -0.0295 0.0249726 0.406134 -0.913472 1 
0.132458 0.263206 -0.0307255 -0.119422 0.363757 -0.923807 1 
0.131468 0.265085 -0.0288312 0.062532 0.287137 -0.955846 1 
0.131482 0.265494 -0.028944 0.0709761 0.300681 -0.95108 1 
0.131052 0.265525 -0.0288836 0.0884462 0.265339 -0.96009 1 
0.13135 0.265006 -0.029131 0.0505485 0.338286 -0.939685 1 
0.133722 0.262294 -0.0306809 -0.104953 0.363928 -0.925495 1 
0.133378 0.26204 -0.0308461 -0.117425 0.377143 -0.918681 1 
0.133285 0.26189 -0.0306036 -0.126359 0.376301 -0.91784 1 
0.133024 0.261976 -0.030857 -0.126359 0.376301 -0.91784 1 
0.1323 0.261439 -0.0307658 -0.237047 0.290986 -0.926896 1 
0.131308 0.261776 -0.0307321 -0.27911 0.305414 -0.910396 1 
0.131786 0.26007 -0.0307377 -0.313718 0.48713 -0.815037 1 
0.131577 0.26014 -0.0307743 -0.295554 0.483207 -0.824111 1 
0.138473 0.257035 -0.0313265 0.469656 0.198299 -0.860291 1 
0.136377 0.255028 -0.0311447 -0.306019 -0.571984 -0.761043 1 
0.135813 0.254273 -0.031292 0.268426 -0.830102 -0.488752 1 
0.138689 0.259694 -0.0301767 -0.277694 0.579191 -0.766436 1 
0.139072 0.259052 -0.0305914 -0.435719 0.468358 -0.768629 1 
0.138923 0.259842 -0.0304075 -0.277694 0.579191 -0.766436 1 
0.138705 0.25964 -0.0303687 -0.387088 0.52755 -0.75621 1 
0.1386 0.259671 -0.0308024 -0.112926 0.582227 -0.805145 1 
0.138615 0.259617 -0.0309944 -0.148863 0.514387 -0.844539 1 
0.138494 0.259411 -0.0304261 -0.148863 0.514387 -0.844539 1 
0.138299 0.259129 -0.0306756 0.328833 0.425457 -0.843122 1 
0.138381 0.259469 -0.0307637 0.328833 0.425457 -0.843122 1 
0.138397 0.259415 -0.0309557 0.328833 0.425457 -0.843122 1 
0.138178 0.259213 -0.0309171 0.521469 0.335345 -0.784611 1 
0.139517 0.258958 -0.0316745 -0.148863 0.514387 -0.844539 1 
0.138674 0.258514 -0.0309942 0.437569 0.418193 -0.79602 1 
0.13877 0.258501 -0.0312951 0.492577 0.395037 -0.775444 1 
0.138778 0.258474 -0.0313912 0.462071 0.435947 -0.772296 1 
0.138264 0.25939 -0.0310637 0.425784 0.568265 -0.704118 1 
0.13842 0.259335 -0.0312438 -0.352578 0.931717 -0.087139 1 
0.138202 0.259133 -0.0312052 -0.449737 0.892801 -0.0253561 1 
0.138104 0.258847 -0.030925 -0.449737 0.892801 -0.0253561 1 
0.137923 0.258973 -0.0312873 -0.432909 0.881961 0.186371 1 
0.138361 0.258915 -0.0314437 -0.455997 0.888992 0.0419464 1 
0.138143 0.258713 -0.031405 -0.405042 0.911684 -0.0690875 1 
0.139442 0.258591 -0.0316823 -0.148863 0.514387 -0.844539 1 
0.139157 0.258757 -0.0316477 0.0872523 0.54497 -0.833904 1 
0.138801 0.258394 -0.0316792 0.715236 0.0266984 -0.698373 1 
0.138591 0.258165 -0.0317365 0.58893 0.201436 -0.782678 1 
0.138808 0.258829 -0.0316961 -0.449737 0.892801 -0.0253561 1 
0.137878 0.258671 -0.0307903 -0.474354 0.879785 -0.031083 1 
0.138052 0.257339 -0.0313414 0.526855 0.15583 -0.835548 1 
0.138033 0.258317 -0.0309911 0.615119 0.0237121 -0.788078 1 
0.137886 0.258645 -0.0308863 0.538382 0.216273 -0.814476 1 
0.137909 0.258564 -0.0311743 0.589485 0.161317 -0.791508 1 
0.137906 0.257966 -0.0312158 0.535323 0.175442 -0.826226 1 
0.137852 0.258443 -0.0313534 0.614145 0.0351342 -0.788411 1 
0.137932 0.258484 -0.0314624 0.584768 0.128797 -0.80091 1 
0.137875 0.258363 -0.0316416 0.588055 0.0972832 -0.802949 1 
0.138572 0.25762 -0.0315859 0.529314 0.185486 -0.827902 1 
0.138134 0.257678 -0.0314296 0.58269 0.141574 -0.800268 1 
0.137948 0.25843 -0.0316545 0.588363 0.158 -0.79301 1 
0.137034 0.255934 -0.0312401 0.490735 0.0453621 -0.870127 1 
0.137171 0.25866 -0.0325108 0.526188 0.0898371 -0.845609 1 
0.136612 0.258803 -0.0325959 0.507186 0.0541924 -0.860131 1 
0.135969 0.257255 -0.0319035 0.313934 -0.0162595 -0.949306 1 
0.135562 0.257206 -0.0321312 0.119634 -0.195192 -0.973441 1 
0.135234 0.25766 -0.0323887 0.0214362 -0.143284 -0.989449 1 
0.134147 0.256215 -0.0297826 -0.728661 -0.671804 0.133164 1 
0.131253 0.259679 -0.0303594 -0.294707 0.562334 -0.772611 1 
0.131019 0.25953 -0.0301287 -0.398655 0.656706 -0.640165 1 
0.131329 0.259583 -0.0304306 -0.217716 0.503944 -0.835847 1 
0.133806 0.257131 -0.0323568 -0.0958326 -0.202866 -0.974506 1 
0.133684 0.257677 -0.0325193 -0.0958326 -0.202866 -0.974506 1 
0.133296 0.256659 -0.0322666 -0.105789 -0.328079 -0.938708 1 
0.133338 0.257885 -0.0326054 -0.143336 -0.18139 -0.972909 1 
0.132729 0.256828 -0.0322557 -0.289885 -0.0896952 -0.952849 1 
0.132486 0.256408 -0.0319496 -0.332118 -0.135307 -0.933483 1 
0.131983 0.256372 -0.0318763 -0.382979 -0.138882 -0.913257 1 
0.132059 0.256276 -0.0319477 -0.380341 -0.132353 -0.915327 1 
0.132074 0.256222 -0.0321397 -0.377978 -0.120454 -0.917945 1 
0.132516 0.256763 -0.0322546 -0.315117 -0.131186 -0.939942 1 
0.131829 0.256264 -0.0317546 -0.407139 -0.121722 -0.905219 1 
0.131414 0.257003 -0.0317864 -0.410126 -0.140493 -0.901143 1 
0.131356 0.256583 -0.0319863 -0.405839 -0.137165 -0.903593 1 
0.131356 0.256583 -0.0319863 -0.405839 -0.137165 -0.903593 1 
0.131878 0.256402 -0.03231 -0.377978 -0.120454 -0.917945 1 
0.131772 0.256143 -0.0319337 -0.414837 -0.0895828 -0.905475 1 
0.131583 0.256296 -0.0322001 -0.411285 -0.110141 -0.904828 1 
0.131583 0.256296 -0.0322001 -0.411285 -0.110141 -0.904828 1 
0.131233 0.256368 -0.0322486 -0.428478 -0.123028 -0.895137 1 
0.132507 0.258303 -0.0327896 -0.300306 -0.0819017 -0.95032 1 
0.132145 0.258266 -0.0327045 -0.323187 -0.0745816 -0.943392 1 
0.131926 0.258064 -0.0326658 -0.342082 -0.0320302 -0.939124 1 
0.130553 0.257066 -0.0316655 -0.517957 -0.174643 -0.837389 1 
0.130816 0.258032 -0.0321221 -0.559203 -0.363563 -0.74506 1 
0.130558 0.257964 -0.0316034 -0.508239 -0.0598747 -0.859132 1 
0.129894 0.257847 -0.0313122 -0.346055 0.166723 -0.923282 1 
0.130783 0.25784 -0.0317588 -0.553194 -0.137192 -0.821678 1 
0.130718 0.257746 -0.0318419 -0.429988 0.117013 -0.89522 1 
0.13056 0.257502 -0.0316825 -0.424697 0.0926863 -0.900579 1 
0.131813 0.257831 -0.0321935 -0.411974 0.159335 -0.897156 1 
0.131743 0.257601 -0.0322389 -0.396246 -0.0329108 -0.917554 1 
0.130773 0.256806 -0.0317833 -0.454081 -0.133216 -0.880945 1 
0.131086 0.257457 -0.0320439 -0.500032 -0.183594 -0.846322 1 
0.130924 0.257077 -0.0318467 -0.455479 -0.148934 -0.8777 1 
0.131401 0.256885 -0.0324833 -0.400694 -0.130753 -0.906834 1 
0.131319 0.258068 -0.0321955 -0.330675 0.358104 -0.873164 1 
0.13096 0.257868 -0.0321687 -0.535218 -0.369284 -0.759717 1 
0.130834 0.258577 -0.0322728 -0.506079 -0.014845 -0.862359 1 
0.13127 0.254593 -0.0312295 -0.688902 -0.0499204 -0.723133 1 
0.131059 0.254364 -0.0312868 -0.700712 -0.044061 -0.712082 1 
0.131595 0.254592 -0.0317235 -0.609203 -0.0379872 -0.792104 1 
0.130879 0.253738 -0.0309184 -0.831357 -0.0122861 -0.555603 1 
0.130893 0.254147 -0.0310314 -0.719354 -0.0295625 -0.694015 1 
0.130865 0.25333 -0.0308054 -0.788962 0.0152523 -0.614253 1 
0.130909 0.254093 -0.0312233 -0.734343 -0.0153278 -0.678605 1 
0.130128 0.254669 -0.0303018 -0.872846 -0.264728 0.40995 1 
0.129289 0.256927 -0.0310001 -0.419787 -0.0304578 -0.907111 1 
0.129149 0.256928 -0.0310121 -0.434409 -0.0416925 -0.89975 1 
0.130793 0.254786 -0.0305929 -0.999463 -0.0314552 -0.00913215 1 
0.130839 0.254625 -0.0311691 -0.688302 -0.0617891 -0.722788 1 
0.130838 0.255087 -0.03109 -0.403194 -0.0633783 -0.912917 1 
0.13029 0.255801 -0.0312296 -0.454733 -0.093745 -0.88568 1 
0.130511 0.25584 -0.0313267 -0.475036 -0.0854785 -0.875805 1 
0.130285 0.255665 -0.031192 -0.443065 -0.078675 -0.893031 1 
0.131622 0.25511 -0.0319701 -0.554923 -0.0519801 -0.830276 1 
0.131138 0.254867 -0.0313166 -0.661924 -0.0528967 -0.747702 1 
0.130897 0.255797 -0.0316999 -0.542954 -0.0873883 -0.835203 1 
0.130992 0.256246 -0.0319218 -0.50356 -0.119758 -0.85562 1 
0.131001 0.256519 -0.0319971 -0.468968 -0.156323 -0.869271 1 
0.131365 0.256094 -0.0321614 -0.446052 -0.087543 -0.890715 1 
0.131219 0.255959 -0.0321355 -0.508524 -0.0835735 -0.856983 1 
0.130981 0.255675 -0.0318672 -0.555535 -0.0724611 -0.82833 1 
0.129986 0.254371 -0.0303343 -0.682199 -0.301587 0.666071 1 
0.130288 0.256264 -0.0311505 -0.464851 -0.146261 -0.873225 1 
0.130316 0.257081 -0.0313765 -0.346977 0.0563019 -0.936182 1 
0.12994 0.256635 -0.0311784 -0.52942 -0.178473 -0.829374 1 
0.130544 0.256794 -0.0315902 -0.484905 -0.134615 -0.864145 1 
0.129785 0.256228 -0.0310772 -0.519019 -0.201252 -0.830733 1 
0.129858 0.256295 -0.0310902 -0.519019 -0.201252 -0.830733 1 
0.129886 0.257112 -0.031316 -0.398867 0.0222319 -0.916739 1 
0.130764 0.256534 -0.031708 -0.466512 -0.137209 -0.873808 1 
0.130889 0.260104 -0.0301951 -0.478703 0.802107 -0.357026 1 
0.138132 0.255094 -0.0317497 0.695895 -0.458923 -0.552377 1 
0.138183 0.255831 -0.0322637 0.571313 0.0262832 -0.820311 1 
0.137995 0.255984 -0.0325301 0.553028 0.0178396 -0.832972 1 
0.13747 0.255567 -0.0322478 0.510486 -0.110725 -0.852727 1 
0.137704 0.255715 -0.0324785 0.507824 -0.132413 -0.851224 1 
0.137877 0.255906 -0.03283 0.588951 -0.0207865 -0.807902 1 
0.137117 0.257615 -0.0328482 0.47343 0.106628 -0.874354 1 
0.136921 0.256281 -0.0323875 0.403876 -0.0302578 -0.914313 1 
0.137265 0.255773 -0.032322 0.415717 -0.0749654 -0.906399 1 
0.137134 0.256047 -0.0324092 0.396226 -0.0546978 -0.916522 1 
0.136722 0.255862 -0.0325992 0.191944 -0.205181 -0.959718 1 
0.136847 0.256676 -0.0322955 0.482012 0.0395988 -0.875269 1 
0.136959 0.256609 -0.0327885 0.429405 -0.027918 -0.902681 1 
0.136871 0.256595 -0.0325835 0.437266 -0.00130527 -0.899331 1 
0.136739 0.256869 -0.0326707 0.414926 -0.0170159 -0.909696 1 
0.136682 0.256749 -0.0328499 0.35641 -0.0591825 -0.932453 1 
0.136939 0.255765 -0.0326586 0.227139 -0.176664 -0.957704 1 
0.136949 0.255575 -0.032813 0.122506 -0.270041 -0.955024 1 
0.136584 0.255701 -0.0326695 0.00123331 -0.30956 -0.950879 1 
0.136607 0.25562 -0.0329576 -0.115127 -0.395314 -0.911303 1 
0.136982 0.256529 -0.0330765 0.398582 -0.0493229 -0.915805 1 
0.136282 0.256673 -0.0331736 0.108194 -0.187785 -0.976233 1 
0.136905 0.257848 -0.0328264 0.459905 0.106132 -0.881603 1 
0.136781 0.258096 -0.0330096 0.439466 0.129422 -0.888887 1 
0.136577 0.259064 -0.032984 0.52793 0.00405061 -0.849278 1 
0.136509 0.259133 -0.0330089 0.533509 -0.00950271 -0.845741 1 
0.136473 0.258342 -0.0326869 0.421413 0.0695537 -0.904198 1 
0.135919 0.258621 -0.0328097 0.280737 -0.100543 -0.954504 1 
0.136441 0.25844 -0.0331334 0.371225 -0.0459112 -0.927407 1 
0.136374 0.258047 -0.0332372 0.331307 0.0266569 -0.943146 1 
0.136165 0.258117 -0.0332739 0.184073 -0.0685761 -0.980518 1 
0.135877 0.258446 -0.0331809 0.100321 -0.155921 -0.982662 1 
0.136191 0.258635 -0.0335205 0.154665 -0.134868 -0.978718 1 
0.136307 0.257363 -0.0325313 0.319143 0.0264901 -0.947336 1 
0.13655 0.257023 -0.0329371 0.329014 -0.0163877 -0.944183 1 
0.136273 0.257162 -0.0329985 0.223119 -0.065333 -0.972599 1 
0.13585 0.257167 -0.0330341 0.0600233 -0.161239 -0.985088 1 
0.135973 0.258143 -0.032672 0.297785 -0.00367635 -0.954626 1 
0.135754 0.257941 -0.0326333 0.164626 -0.0651398 -0.984203 1 
0.135681 0.257874 -0.0326204 0.164626 -0.0651398 -0.984203 1 
0.135607 0.257507 -0.0326283 0.0697978 -0.154975 -0.98545 1 
0.135694 0.257983 -0.0327541 0.142656 -0.0766333 -0.986801 1 
0.135723 0.258338 -0.0330591 0.0974999 -0.15287 -0.983425 1 
0.135475 0.257781 -0.0327154 0.0281731 -0.134104 -0.990567 1 
0.135951 0.258051 -0.0332729 0.104581 -0.111631 -0.988231 1 
0.135513 0.25811 -0.0331165 0.054348 -0.139917 -0.988671 1 
0.135363 0.257839 -0.033053 0.0328864 -0.137216 -0.989995 1 
0.135381 0.257332 -0.0324936 0.04819 -0.172779 -0.983781 1 
0.135054 0.257324 -0.0328302 0.0214362 -0.143284 -0.989449 1 
0.134754 0.257544 -0.0326034 0.00571055 -0.181595 -0.983357 1 
0.13528 0.257499 -0.0329648 0.0325596 -0.12687 -0.991385 1 
0.134785 0.257436 -0.0329876 0.0100404 -0.143913 -0.989539 1 
0.135005 0.257176 -0.0331054 0.0122985 -0.144228 -0.989468 1 
0.135999 0.257138 -0.0331183 0.0697978 -0.154975 -0.98545 1 
0.136001 0.256676 -0.0331973 0.0717176 -0.193273 -0.97852 1 
0.134291 0.256911 -0.0330893 -0.052003 -0.21164 -0.975963 1 
0.133781 0.25644 -0.0329991 -0.0928105 -0.245376 -0.964975 1 
0.133805 0.25636 -0.0332872 -0.0894071 -0.232962 -0.968367 1 
0.133594 0.255079 -0.0326345 -0.24447 -0.166988 -0.95517 1 
0.136227 0.259136 -0.0330326 0.352424 -0.101271 -0.930345 1 
0.13625 0.259056 -0.0333207 0.286693 -0.0732803 -0.955216 1 
0.136102 0.259084 -0.0332365 0.252205 -0.161464 -0.954108 1 
0.135728 0.259236 -0.0329969 0.0529421 -0.165885 -0.984723 1 
0.135736 0.25921 -0.033093 0.0529421 -0.165885 -0.984723 1 
0.13551 0.259034 -0.0329582 0.0453903 -0.161776 -0.985783 1 
0.135964 0.258922 -0.0333067 0.154665 -0.134868 -0.978718 1 
0.135609 0.258858 -0.0333177 0.0450577 -0.149037 -0.987804 1 
0.13525 0.258658 -0.0332908 0.0453903 -0.161776 -0.985783 1 
0.134509 0.257875 -0.0330282 -0.00556592 -0.143601 -0.98962 1 
0.134435 0.257508 -0.0330361 -0.00340618 -0.175986 -0.984387 1 
0.134231 0.257715 -0.0331103 -0.0424066 -0.140973 -0.989105 1 
0.134458 0.257428 -0.0333242 -0.0103102 -0.177565 -0.984055 1 
0.134254 0.257345 -0.0325885 -0.058796 -0.188387 -0.980333 1 
0.133749 0.25701 -0.0325359 -0.0826513 -0.258126 -0.962569 1 
0.134127 0.257755 -0.0327133 -0.0540633 -0.195829 -0.979147 1 
0.133922 0.257962 -0.0327876 -0.0428967 -0.241447 -0.969465 1 
0.134134 0.257728 -0.0328093 -0.0507487 -0.17585 -0.983108 1 
0.134362 0.257441 -0.0330232 -0.0170999 -0.165299 -0.986095 1 
0.133867 0.257378 -0.0330458 -0.0751239 -0.213056 -0.974147 1 
0.133954 0.257854 -0.0331718 -0.0453198 -0.156876 -0.986578 1 
0.134173 0.257594 -0.0332895 -0.0497019 -0.144482 -0.988258 1 
0.133823 0.257666 -0.033338 -0.0544424 -0.209301 -0.976335 1 
0.133794 0.257311 -0.033033 -0.0687018 -0.241081 -0.96807 1 
0.133664 0.257123 -0.0331993 -0.0945101 -0.228084 -0.969044 1 
0.13318 0.25688 -0.0325458 -0.183985 -0.165972 -0.968815 1 
0.133439 0.257247 -0.0330439 -0.127255 -0.187733 -0.973942 1 
0.133654 0.257612 -0.0330241 -0.09238 -0.193382 -0.976765 1 
0.133227 0.25748 -0.0330221 -0.136243 -0.168741 -0.976199 1 
0.133216 0.25767 -0.0328677 -0.151282 -0.153782 -0.976455 1 
0.13359 0.257518 -0.0331073 -0.113604 -0.191004 -0.974993 1 
0.132999 0.257767 -0.0328084 -0.208399 -0.114935 -0.971267 1 
0.132713 0.257634 -0.0327944 -0.271976 -0.0645153 -0.960139 1 
0.132804 0.257485 -0.0330578 -0.239997 -0.0926973 -0.966338 1 
0.133105 0.257265 -0.0332844 -0.173819 -0.150982 -0.973135 1 
0.132746 0.257065 -0.0332576 -0.263925 -0.110511 -0.958191 1 
0.132526 0.257325 -0.0331399 -0.294167 -0.0790493 -0.952479 1 
0.13222 0.255595 -0.0322653 -0.41158 -0.0692759 -0.908737 1 
0.132321 0.25648 -0.032504 -0.336473 -0.126688 -0.933133 1 
0.131901 0.256322 -0.0325981 -0.362971 -0.125591 -0.923298 1 
0.131388 0.256014 -0.0324495 -0.439081 -0.0670248 -0.895944 1 
0.131402 0.256422 -0.0325624 -0.403051 -0.130605 -0.90581 1 
0.132086 0.257846 -0.0329043 -0.327293 -0.0638938 -0.94276 1 
0.13098 0.256427 -0.032598 -0.449204 -0.117615 -0.885654 1 
0.131777 0.254756 -0.032171 -0.563056 -0.029052 -0.825908 1 
0.131823 0.254305 -0.0319373 -0.661331 -0.00693219 -0.750063 1 
0.131797 0.2556 -0.0323008 -0.451065 -0.0703495 -0.889714 1 
0.131579 0.255398 -0.0322622 -0.519226 -0.0629788 -0.852314 1 
0.139838 0.258061 -0.0221296 -0.148455 0.30372 -0.941124 1 
0.139669 0.258007 -0.0218158 -0.148455 0.30372 -0.941124 1 
0.139457 0.258241 -0.021794 -0.135876 0.336258 -0.931916 1 
0.139488 0.258133 -0.0221782 -0.173181 0.308955 -0.935177 1 
0.139042 0.258218 -0.0219257 -0.135876 0.336258 -0.931916 1 
0.139113 0.257987 -0.0219593 -0.0620485 0.36041 -0.930728 1 
0.139129 0.257933 -0.0221514 -0.129816 0.334789 -0.933308 1 
0.138629 0.257734 -0.0221365 0.053642 0.349327 -0.935464 1 
0.140282 0.255102 -0.0218924 -0.0569114 -0.204639 -0.977182 1 
0.13965 0.254416 -0.0220645 0.0938026 -0.216371 -0.971794 1 
0.139909 0.254021 -0.0226624 0.180768 -0.360113 -0.915228 1 
0.141006 0.255929 -0.0227936 -0.450552 0.0446493 -0.891633 1 
0.141029 0.255849 -0.0230816 -0.10031 -0.33303 -0.937566 1 
0.140597 0.256343 -0.0229421 0.27621 0.267623 -0.923085 1 
0.140721 0.256095 -0.0227589 -0.123172 0.145123 -0.981717 1 
0.140744 0.256015 -0.023047 -0.177959 0.118225 -0.97691 1 
0.140524 0.256275 -0.0229293 0.27621 0.267623 -0.923085 1 
0.140538 0.255922 -0.023142 -0.177959 0.118225 -0.97691 1 
0.140176 0.255885 -0.0230569 -0.0913481 0.17417 -0.980469 1 
0.14023 0.256169 -0.0228193 -0.097778 0.191843 -0.976543 1 
0.139604 0.254867 -0.0222982 0.0223493 -0.0713049 -0.997204 1 
0.139657 0.255903 -0.0227915 -0.0954642 0.197127 -0.975719 1 
0.139014 0.256168 -0.0227093 0.029088 0.180345 -0.983173 1 
0.139228 0.255472 -0.0228101 0.0301399 0.119443 -0.992383 1 
0.139195 0.25528 -0.0224468 0.0245286 0.071453 -0.997142 1 
0.137973 0.254843 -0.0223199 0.202423 -0.0931394 -0.974859 1 
0.138838 0.253856 -0.0225989 0.17608 -0.218445 -0.959832 1 
0.137889 0.254956 -0.0229832 0.249757 -0.082407 -0.964796 1 
0.137868 0.254112 -0.0228533 0.224303 -0.0424357 -0.973595 1 
0.137912 0.254876 -0.0232713 0.253463 -0.0718774 -0.964671 1 
0.139423 0.258039 -0.0222613 -0.129816 0.334789 -0.933308 1 
0.139002 0.257582 -0.022376 -0.00886139 0.35319 -0.93551 1 
0.138637 0.257707 -0.0222325 0.053642 0.349327 -0.935464 1 
0.138716 0.257448 -0.0223621 0.0272591 0.377734 -0.925513 1 
0.138638 0.257245 -0.0223116 0.0135049 0.283603 -0.958847 1 
0.138361 0.256623 -0.0224728 0.10983 0.174001 -0.978602 1 
0.137748 0.254958 -0.0229951 0.253463 -0.0718774 -0.964671 1 
0.137083 0.254841 -0.022704 0.279629 -0.19147 -0.940822 1 
0.137159 0.254745 -0.0227752 0.279629 -0.19147 -0.940822 1 
0.136752 0.254696 -0.0230029 0.279827 -0.229205 -0.932288 1 
0.136974 0.256259 -0.0229003 0.355943 -0.0244148 -0.934189 1 
0.13702 0.256098 -0.0234765 0.358759 -0.0165974 -0.933283 1 
0.136524 0.254984 -0.0227891 0.227938 -0.269889 -0.935523 1 
0.136043 0.254568 -0.0230246 0.0985369 -0.20331 -0.974143 1 
0.136184 0.254566 -0.0230127 0.150854 -0.229561 -0.961533 1 
0.135905 0.255168 -0.022995 0.164159 -0.280835 -0.945613 1 
0.136703 0.256072 -0.0230784 0.338072 -0.130028 -0.932094 1 
0.136393 0.256309 -0.0235863 0.387039 -0.144964 -0.910597 1 
0.136379 0.255901 -0.0234734 0.354032 -0.183414 -0.917072 1 
0.137771 0.254878 -0.0232832 0.249266 -0.10978 -0.962193 1 
0.13627 0.254281 -0.0232384 0.123675 -0.150614 -0.980826 1 
0.136074 0.254461 -0.0234087 0.134599 -0.177368 -0.974897 1 
0.13602 0.254177 -0.0236462 0.0993526 -0.140051 -0.985147 1 
0.135774 0.254209 -0.0240917 0.0676106 -0.113448 -0.991241 1 
0.135972 0.255852 -0.0237011 0.33693 -0.246498 -0.90869 1 
0.13554 0.255584 -0.0236614 0.139527 -0.269752 -0.952768 1 
0.135761 0.255623 -0.0237584 0.196195 -0.290814 -0.936448 1 
0.135715 0.256073 -0.0239922 0.336885 -0.184652 -0.923262 1 
0.135345 0.256063 -0.0238109 0.365976 -0.290672 -0.884065 1 
0.135018 0.256055 -0.0241475 0.342417 -0.280159 -0.896806 1 
0.134863 0.255647 -0.0240465 -0.0420645 -0.133015 -0.990221 1 
0.129015 0.263368 -0.0260516 0.0694773 0.334278 -0.93991 1 
0.128515 0.263169 -0.0260367 0.10297 0.324958 -0.940106 1 
0.129317 0.261163 -0.026557 -0.145055 0.338461 -0.929733 1 
0.129611 0.262793 -0.0264673 0.0912958 0.318874 -0.94339 1 
0.129635 0.262712 -0.0267554 0.154108 0.380322 -0.911924 1 
0.12948 0.262305 -0.0266543 -0.0680417 0.374896 -0.924566 1 
0.128742 0.262883 -0.0262505 0.106055 0.328906 -0.938389 1 
0.128602 0.262884 -0.0262623 0.106055 0.328906 -0.938389 1 
0.128617 0.26283 -0.0264544 0.0884497 0.318155 -0.943904 1 
0.129336 0.261708 -0.0267076 -0.0681412 0.378117 -0.923247 1 
0.129568 0.262319 -0.0268592 -0.0434372 0.383037 -0.922711 1 
0.128665 0.261917 -0.0262997 0.0947628 0.402398 -0.910547 1 
0.128045 0.26105 -0.0257956 0.218522 0.351661 -0.910265 1 
0.128526 0.262218 -0.0262909 0.0451943 0.334438 -0.941333 1 
0.12818 0.262426 -0.026377 0.062532 0.287137 -0.955846 1 
0.129323 0.261599 -0.026574 -0.0546788 0.390753 -0.91887 1 
0.12906 0.261385 -0.0268481 -0.129816 0.334789 -0.933308 1 
0.128914 0.26125 -0.0268223 -0.232866 0.255176 -0.938434 1 
0.128558 0.261649 -0.026754 -0.0786802 0.353394 -0.93216 1 
0.127998 0.26073 -0.0269597 -0.273767 0.125642 -0.953554 1 
0.127934 0.260935 -0.0270221 -0.209456 0.220266 -0.952686 1 
0.12806 0.261749 -0.0267184 0.184379 0.410861 -0.892859 1 
0.128151 0.2616 -0.0269817 0.0542342 0.376994 -0.924627 1 
0.127778 0.260991 -0.026842 0.0889664 0.398296 -0.912932 1 
0.127714 0.261196 -0.0269044 0.196484 0.400246 -0.895096 1 
0.127646 0.262026 -0.0268294 0.0565608 0.356465 -0.932595 1 
0.127721 0.261631 -0.0269213 0.21592 0.398057 -0.891588 1 
0.128264 0.263537 -0.0255347 0.100886 0.340323 -0.934881 1 
0.128219 0.263526 -0.0258477 0.108983 0.329641 -0.937795 1 
0.12801 0.263596 -0.0258843 0.103476 0.334616 -0.936656 1 
0.128592 0.263373 -0.0260872 0.116273 0.306053 -0.944887 1 
0.12831 0.263376 -0.026111 0.103476 0.334616 -0.936656 1 
0.128454 0.263973 -0.0260576 0.0550581 0.406893 -0.911815 1 
0.128396 0.263553 -0.0262575 0.0970241 0.320313 -0.94233 1 
0.128183 0.263787 -0.0262358 0.0822767 0.373617 -0.923927 1 
0.128169 0.263378 -0.0261228 0.103476 0.334616 -0.936656 1 
0.128177 0.263351 -0.0262189 0.103476 0.334616 -0.936656 1 
0.128241 0.264669 -0.0259569 -0.0343279 0.512172 -0.858197 1 
0.12825 0.26418 -0.0261319 0.0420475 0.457097 -0.888422 1 
0.128036 0.264114 -0.0261309 0.0527419 0.434106 -0.899316 1 
0.128047 0.263924 -0.0262853 0.0803446 0.404446 -0.911026 1 
0.12748 0.263804 -0.0254645 0.0700918 0.446663 -0.891952 1 
0.128019 0.263107 -0.0260594 0.10297 0.324958 -0.940106 1 
0.127663 0.262743 -0.026091 0.0677126 0.282349 -0.956919 1 
0.127092 0.262776 -0.0260425 0.0523718 0.302735 -0.951635 1 
0.127503 0.263723 -0.0257526 0.0720756 0.414775 -0.907065 1 
0.127231 0.263237 -0.0259514 0.0982879 0.346027 -0.933062 1 
0.128397 0.263091 -0.0263366 0.106055 0.328906 -0.938389 1 
0.128115 0.263094 -0.0263604 0.106055 0.328906 -0.938389 1 
0.128179 0.262889 -0.026298 0.106055 0.328906 -0.938389 1 
0.12796 0.262687 -0.0262593 0.0677126 0.282349 -0.956919 1 
0.127482 0.26287 -0.0264533 0.0682399 0.299998 -0.951496 1 
0.127653 0.262462 -0.0268463 0.062532 0.287137 -0.955846 1 
0.127634 0.262678 -0.0265959 0.0677126 0.282349 -0.956919 1 
0.127242 0.262286 -0.0262057 0.0677126 0.282349 -0.956919 1 
0.12698 0.262372 -0.0264591 0.0922502 0.281948 -0.954984 1 
0.127352 0.26192 -0.0267194 0.064301 0.339877 -0.938269 1 
0.127205 0.262247 -0.0266145 0.0736568 0.295919 -0.952369 1 
0.127052 0.262901 -0.0263929 0.0864549 0.336509 -0.937703 1 
0.127067 0.262848 -0.0265849 0.0523718 0.302735 -0.951635 1 
0.126994 0.26278 -0.0265721 0.0419728 0.309073 -0.950112 1 
0.126807 0.262471 -0.0269175 0.167354 0.278923 -0.945619 1 
0.127834 0.262625 -0.0272938 0.105881 0.325686 -0.939531 1 
0.127479 0.262561 -0.0273047 0.0677126 0.282349 -0.956919 1 
0.128136 0.262705 -0.0274998 0.122158 0.307409 -0.943704 1 
0.128062 0.262338 -0.0275076 0.0565608 0.356465 -0.932595 1 
0.127282 0.261689 -0.0267649 0.438753 0.323209 -0.83847 1 
0.12731 0.262507 -0.0269908 0.0677126 0.282349 -0.956919 1 
0.127238 0.262439 -0.0269779 0.0677126 0.282349 -0.956919 1 
0.126897 0.262022 -0.0272015 0.249514 0.263611 -0.9318 1 
0.126677 0.262283 -0.0270837 0.188326 0.279052 -0.941628 1 
0.127348 0.26027 -0.0260508 0.028964 0.308529 -0.950774 1 
0.128052 0.260253 -0.0268221 -0.27578 0.0919267 -0.956815 1 
0.127618 0.261209 -0.0266034 0.30902 0.379044 -0.872257 1 
0.127202 0.261649 -0.026656 0.417174 0.31792 -0.851406 1 
0.126361 0.262556 -0.026665 0.224019 0.260196 -0.939209 1 
0.126384 0.262476 -0.0269531 0.234631 0.268351 -0.93431 1 
0.130254 0.260533 -0.0276588 0.41235 -0.490583 0.767656 1 
0.130491 0.260518 -0.0279479 0.438639 -0.632107 0.638778 1 
0.13047 0.260136 -0.0277389 0.30879 -0.670932 0.674165 1 
0.129963 0.260263 -0.0276072 0.086954 -0.531702 0.842456 1 
0.129206 0.260287 -0.0278834 0.336659 -0.635912 0.694461 1 
0.128822 0.259867 -0.0275892 -0.597313 -0.800653 -0.0465989 1 
0.128851 0.260222 -0.0278943 -0.0668773 -0.812488 0.579129 1 
0.128633 0.26002 -0.0278556 -0.193082 -0.848663 0.492434 1 
0.130191 0.259976 -0.027821 0.180505 -0.802412 0.568817 1 
0.129632 0.260119 -0.0279062 0.403095 -0.661872 0.632013 1 
0.128444 0.260645 -0.0272123 -0.339815 0.0753676 -0.937467 1 
0.128521 0.260087 -0.0273625 -0.42663 -0.0754491 -0.901274 1 
0.128681 0.259869 -0.0276011 -0.661842 -0.720741 -0.206148 1 
0.13716 0.246563 -0.00112103 0.0841165 -0.953752 -0.288584 0 
0.135565 0.241613 0.0121076 0.998516 -0.0451485 0.030449 0 
0.135407 0.241369 0.0122671 0.998516 -0.0451485 0.030449 0 
0.136348 0.240964 0.00693691 -0.926106 -0.359772 0.11354 0 
0.135423 0.242367 0.0113649 0.997923 -0.0349962 -0.0540851 0 
0.135378 0.242355 0.0110521 0.787896 0.590543 0.174582 0 
0.135468 0.242668 0.0108678 0.742612 0.637189 0.206195 0 
0.135409 0.241958 0.0114779 0.997923 -0.0349962 -0.0540851 0 
0.135219 0.241812 0.0111908 0.997923 -0.0349962 -0.0540851 0 
0.13562 0.242477 0.0107254 0.697515 0.688236 0.199511 0 
0.135651 0.242369 0.0103412 0.669513 0.721603 0.176188 0 
0.135493 0.242125 0.0105007 0.67287 0.707216 0.217005 0 
0.135242 0.241731 0.0109028 0.838192 0.514311 0.181433 0 
0.135492 0.241826 0.01048 0.689615 0.698872 0.18976 0 
0.135383 0.242781 0.0102045 0.983446 0.163709 0.0776719 0 
0.136628 0.242367 0.00885913 -0.603877 -0.789007 -0.113135 0 
0.135667 0.242316 0.0101492 0.983446 0.163709 0.0776719 0 
0.135408 0.242239 0.0098374 0.773591 -0.632167 -0.0438415 0 
0.135543 0.242563 0.00996598 0.769772 -0.637004 -0.0409603 0 
0.13543 0.24262 0.00962842 -0.234614 -0.960739 -0.148109 0 
0.135385 0.242609 0.00931558 -0.240819 -0.961976 -0.128871 0 
0.135031 0.242545 0.00930474 -0.206581 -0.968749 -0.137293 0 
0.135204 0.242735 0.00895324 -0.317841 -0.942883 -0.0997408 0 
0.135121 0.243148 0.00831062 0.796927 -0.602279 0.0465462 0 
0.134791 0.243012 0.00884229 -0.204819 -0.970663 -0.125945 0 
0.134887 0.242999 0.00854135 -0.337 -0.935812 -0.103382 0 
0.136192 0.243875 0.00496613 -0.958206 -0.285867 0.0110421 0 
0.136946 0.242682 0.00765128 -0.700649 -0.709352 -0.0768828 0 
0.136591 0.242618 0.00764043 -0.723507 -0.685658 -0.0800662 0 
0.136651 0.242286 0.00857112 -0.733524 -0.671536 -0.104789 0 
0.136757 0.242546 0.00819485 -0.757681 -0.642027 -0.117137 0 
0.136324 0.242278 0.00823446 -0.816969 -0.565594 -0.112534 0 
0.136131 0.242295 0.00800582 -0.798915 -0.590757 -0.112874 0 
0.135516 0.242615 0.00776223 -0.765514 -0.637686 -0.0857027 0 
0.136615 0.242538 0.00735234 -0.755923 -0.647725 -0.0950387 0 
0.136622 0.242511 0.00725632 -0.774843 -0.627116 -0.0796567 0 
0.136564 0.242091 0.00705643 -0.808379 -0.587785 -0.0321118 0 
0.136387 0.242825 0.00756611 -0.743832 -0.661996 -0.0920656 0 
0.136415 0.242881 0.00724036 -0.806249 -0.580088 -0.116018 0 
0.136434 0.242664 0.00698994 -0.844758 -0.528508 -0.0840484 0 
0.136448 0.243073 0.00687703 -0.845571 -0.529364 -0.0691702 0 
0.136214 0.241882 0.0086484 -0.608561 -0.789835 -0.07625 0 
0.135868 0.242081 0.00773165 -0.744305 -0.663055 -0.0797988 0 
0.135332 0.242143 0.00735843 -0.755923 -0.647725 -0.0950387 0 
0.13536 0.242199 0.00703272 -0.77995 -0.623105 -0.0584606 0 
0.135396 0.2427 0.00752063 -0.771561 -0.628083 -0.10102 0 
0.135554 0.242944 0.00736122 -0.811193 -0.574412 -0.109621 0 
0.135419 0.242619 0.00723257 -0.755412 -0.651417 -0.0707747 0 
0.135432 0.24349 0.00719878 -0.80273 -0.585538 -0.112999 0 
0.135238 0.242746 0.00687025 -0.83493 -0.544767 -0.0782303 0 
0.135587 0.243136 0.00699784 -0.819594 -0.565188 -0.093957 0 
0.13526 0.243127 0.00666126 -0.851533 -0.519365 -0.0717821 0 
0.134911 0.242919 0.00825325 -0.716915 -0.687229 -0.117259 0 
0.13507 0.242701 0.00801469 -0.792861 -0.599409 -0.109916 0 
0.135089 0.242484 0.00776426 -0.765535 -0.637217 -0.0889478 0 
0.134875 0.242418 0.00776533 -0.758601 -0.644592 -0.0950078 0 
0.136246 0.241593 0.00654474 -0.845741 -0.533509 0.00950271 0 
0.136476 0.243129 0.00655129 -0.864687 -0.501327 -0.0314183 0 
0.136333 0.242831 0.0065187 -0.864687 -0.501327 -0.0314183 0 
0.136313 0.241987 0.00664861 -0.832868 -0.552001 -0.0403225 0 
0.135921 0.241884 0.00622889 -0.894164 -0.447738 -0.00131302 0 
0.136095 0.242075 0.00587733 -0.937563 -0.347293 0.019082 0 
0.136551 0.24122 0.00709032 -0.862278 -0.50288 0.0598998 0 
0.136347 0.241426 0.00701598 -0.777495 -0.628876 -0.00412829 0 
0.135835 0.241408 0.00635471 -0.866524 -0.498826 0.0175738 0 
0.135384 0.242119 0.00674467 -0.80094 -0.593875 -0.0762115 0 
0.135613 0.242131 0.0065516 -0.837041 -0.543441 -0.0635191 0 
0.135961 0.241759 0.00657932 -0.820301 -0.571891 -0.00682447 0 
0.135539 0.241764 0.00654374 -0.808153 -0.58838 -0.0264284 0 
0.13553 0.241782 0.00580915 -0.935193 -0.354028 0.00888243 0 
0.136417 0.24347 0.00645125 -0.871557 -0.488455 -0.0424149 0 
0.13644 0.24339 0.00616316 -0.912055 -0.409306 -0.0250058 0 
0.136086 0.243325 0.00615228 -0.903928 -0.425928 -0.0387207 0 
0.136245 0.243107 0.00591375 -0.925729 -0.378186 0.00127335 0 
0.135262 0.242665 0.00658216 -0.84342 -0.531567 -0.0779632 0 
0.13542 0.242909 0.00642271 -0.844165 -0.532344 -0.063207 0 
0.135511 0.24276 0.00615942 -0.886038 -0.462574 -0.0310181 0 
0.135731 0.2425 0.00604166 -0.90287 -0.42975 -0.011828 0 
0.135434 0.243318 0.00630975 -0.867154 -0.492923 -0.0712155 0 
0.135449 0.243264 0.00611769 -0.891576 -0.451821 -0.0308364 0 
0.135892 0.242581 0.00582379 -0.912583 -0.408639 -0.0143611 0 
0.135628 0.242829 0.00562875 -0.929435 -0.368984 -0.00126799 0 
0.135491 0.242967 0.00557921 -0.934689 -0.35541 -0.00632401 0 
0.135719 0.24268 0.00536538 -0.942486 -0.334188 0.0062582 0 
0.135871 0.242489 0.00522292 -0.949414 -0.313118 0.0238925 0 
0.135735 0.242627 0.0051734 -0.956643 -0.289854 0.0286122 0 
0.135366 0.243677 0.00547514 -0.96173 -0.273205 -0.0208273 0 
0.135755 0.243471 0.00504347 -0.961991 -0.272948 0.00849173 0 
0.135324 0.243502 0.00510391 -0.964763 -0.263117 0.00120145 0 
0.13534 0.243449 0.00491185 -0.962562 -0.271059 -0.00120471 0 
0.135276 0.243364 0.00565932 -0.933243 -0.356329 -0.0456832 0 
0.136215 0.243794 0.00467809 -0.950151 -0.311788 0.00123236 0 
0.135869 0.243993 0.00376134 -0.932199 -0.357933 -0.0537555 0 
0.135931 0.243779 0.00299315 -0.912061 -0.383656 -0.144749 0 
0.136257 0.241684 0.00474982 -0.973162 -0.218314 0.0727713 0 
0.136411 0.242082 0.00381818 -0.962514 -0.259968 -0.0773562 0 
0.136576 0.242009 0.00437253 -0.982594 -0.184454 0.0220417 0 
0.135998 0.24313 0.00463765 -0.965974 -0.258159 0.0157562 0 
0.135561 0.242726 0.00471498 -0.955321 -0.295548 -0.00367903 0 
0.135599 0.243054 0.00431398 -0.962777 -0.269675 -0.0183038 0 
0.13543 0.243 0.00462782 -0.962008 -0.272953 -0.00606563 0 
0.135147 0.242704 0.00458335 -0.959249 -0.28256 0.0012127 0 
0.135502 0.242296 0.00368451 -0.931609 -0.354199 -0.0815325 0 
0.135855 0.243585 0.00387428 -0.952305 -0.305084 -0.00617578 0 
0.135492 0.242786 0.00385962 -0.943146 -0.331307 -0.0266569 0 
0.135756 0.244812 0.00352354 -0.975648 -0.208806 -0.0671598 0 
0.136211 0.244238 0.00309595 -0.906424 -0.385194 -0.173266 0 
0.136111 0.244115 0.00343452 -0.913509 -0.380278 -0.144534 0 
0.135703 0.244066 0.00320689 -0.921478 -0.364434 -0.134411 0 
0.135271 0.24456 0.00334641 -0.975648 -0.208806 -0.0671598 0 
0.135227 0.244548 0.00303359 -0.966344 -0.243797 -0.0821077 0 
0.135959 0.244596 0.00276721 0.330105 -0.864413 -0.379236 0 
0.136046 0.244311 0.0025415 -0.925428 -0.332817 -0.181154 0 
0.135046 0.244675 0.00267119 0.357574 -0.844749 -0.398172 0 
0.134933 0.244732 0.00233362 0.398108 -0.853531 -0.336146 0 
0.135568 0.244494 0.00234751 0.423577 -0.842464 -0.332922 0 
0.136016 0.244998 0.00130587 0.743932 -0.646567 -0.168868 0 
0.135825 0.244562 0.0018287 -0.614183 -0.711931 -0.340489 0 
0.134799 0.244697 0.00139514 0.706205 -0.675026 -0.213576 0 
0.135031 0.245308 0.00124346 0.678758 -0.709541 -0.189313 0 
0.13537 0.243804 0.00460688 -0.950104 -0.311733 -0.0111777 0 
0.135167 0.243548 0.00445346 -0.947842 -0.318445 -0.0137368 0 
0.135073 0.24415 0.00396524 -0.919544 -0.388371 -0.0600573 0 
0.135432 0.243589 0.00383868 -0.929919 -0.364905 -0.0457766 0 
0.135096 0.24407 0.00367718 -0.909358 -0.404313 -0.0979734 0 
0.134878 0.243868 0.00371588 -0.909358 -0.404313 -0.0979734 0 
0.134828 0.24372 0.00344068 -0.905605 -0.410374 -0.107115 0 
0.135019 0.243105 0.00362794 -0.926737 -0.36393 -0.0933501 0 
0.135037 0.244411 0.00357711 -0.969675 -0.239653 -0.0479307 0 
0.134993 0.2444 0.00326427 -0.975648 -0.208806 -0.0671598 0 
0.134734 0.244323 0.00295246 -0.960561 -0.268448 -0.0725191 0 
0.13488 0.244457 0.00292667 -0.960561 -0.268448 -0.0725191 0 
0.13475 0.244269 0.00276044 -0.962931 -0.265336 -0.0485826 0 
0.134903 0.244377 0.00263868 -0.953024 -0.27813 -0.119952 0 
0.135063 0.244159 0.00240006 -0.944898 -0.28143 -0.167227 0 
0.135772 0.243525 0.00232194 -0.937372 -0.29215 -0.18969 0 
0.136309 0.245095 0.000365306 -0.0996566 -0.921482 -0.375419 0 
0.136415 0.245354 -1.09449e-005 0.0294889 -0.937233 -0.347456 0 
0.13694 0.24501 -0.000393018 0.942524 0.290532 0.165044 0 
0.135971 0.244986 0.00099308 0.757211 -0.629232 -0.17521 0 
0.136354 0.245106 0.000678159 0.986788 -0.160852 0.0193935 0 
0.136077 0.245246 0.000616759 -0.0705574 -0.927897 -0.3661 0 
0.135713 0.244909 0.000681259 0.778245 -0.605973 -0.164716 0 
0.136388 0.244075 0.000135846 0.878495 -0.458658 -0.133715 0 
0.136323 0.245504 0.000252385 -0.0242685 -0.938806 -0.34359 0 
0.136346 0.245423 -3.56622e-005 0.946031 0.280959 0.161517 0 
0.136311 0.245684 -0.000423867 0.986767 0.152617 0.0547557 0 
0.136327 0.245631 -0.000615902 -0.0835935 -0.95811 -0.273929 0 
0.136122 0.245837 -0.000690181 0.946588 0.318945 0.0473934 0 
0.1357 0.245842 -0.000725765 0.053716 -0.96314 -0.263583 0 
0.134897 0.245274 0.000304967 -0.1216 -0.930443 -0.345671 0 
0.135109 0.24504 0.000283238 0.882872 -0.452133 -0.12694 0 
0.135115 0.245476 0.000266306 -0.136318 -0.929443 -0.342861 0 
0.134858 0.245408 0.000785109 0.838024 -0.52579 -0.145807 0 
0.134873 0.245354 0.000593074 0.880714 -0.462269 -0.103198 0 
0.135902 0.245046 0.000137683 -0.0681096 -0.925489 -0.3726 0 
0.135394 0.245925 -0.000461467 0.116723 -0.956081 -0.268857 0 
0.13507 0.245464 -4.65065e-005 0.991535 0.110933 0.0674747 0 
0.134958 0.245521 -0.000384122 0.99268 -0.0898301 -0.0807334 0 
0.135418 0.245845 -0.000749554 0.18143 -0.952844 -0.243251 0 
0.135199 0.245643 -0.000710845 0.190671 -0.95065 -0.244762 0 
0.134899 0.245101 -0.000583969 0.970636 -0.192597 -0.144129 0 
0.136606 0.24608 -0.00134368 0.165469 -0.942218 -0.291281 0 
0.135995 0.245486 -0.000914805 0.17917 -0.95243 -0.246527 0 
0.135814 0.245612 -0.00127718 -0.0059803 -0.967613 -0.252369 0 
0.135901 0.246088 -0.001403 0.0802682 -0.961944 -0.26119 0 
0.13607 0.246142 -0.00171685 0.205073 -0.942783 -0.262878 0 
0.136347 0.246003 -0.00165549 0.174156 -0.942087 -0.286603 0 
0.136159 0.246156 -0.00192181 0.189006 -0.94775 -0.256994 0 
0.136122 0.246118 -0.00233068 0.158721 -0.961506 -0.224308 0 
0.135646 0.245848 -0.00177317 0.162785 -0.951146 -0.262339 0 
0.135979 0.24582 -0.00236322 0.15637 -0.960557 -0.229955 0 
0.135353 0.245751 -0.000832669 0.147099 -0.955482 -0.255767 0 
0.135082 0.245564 -0.00101081 0.11896 -0.958214 -0.260143 0 
0.135472 0.245657 -0.0014217 0.119825 -0.954646 -0.272568 0 
0.134901 0.24569 -0.00137318 0.116723 -0.956081 -0.268857 0 
0.134718 0.245228 -0.000946332 0.0278887 -0.968831 -0.246149 0 
0.135223 0.245853 -0.0018088 0.0987541 -0.963173 -0.250091 0 
0.134572 0.245854 -0.000820789 0.120048 -0.964255 -0.236223 0 
0.134861 0.245815 -0.00172363 0.119825 -0.954646 -0.272568 0 
0.134365 0.245753 -0.00174639 0.00118103 -0.971989 -0.235025 0 
0.134922 0.246063 -0.00241274 0.113887 -0.966119 -0.231613 0 
0.13472 0.24801 -0.00734629 -0.354942 0.763369 0.539707 0 
0.134736 0.247956 -0.0075384 -0.373532 0.751957 0.543171 0 
0.134614 0.248502 -0.00770088 -0.230128 0.743609 0.627763 0 
0.134795 0.248666 -0.0081484 -0.693872 0.564083 0.447606 0 
0.133837 0.248733 -0.00855721 -0.796079 0.488539 0.357194 0 
0.133874 0.249061 -0.00895825 -0.738509 0.582692 0.339227 0 
0.134237 0.24986 -0.00894364 -0.534489 0.541234 0.649143 0 
0.134018 0.249658 -0.00890493 -0.596295 0.559132 0.576024 0 
0.134042 0.249578 -0.00919303 -0.748723 0.532461 0.394841 0 
0.134001 0.249412 -0.00873361 -0.619365 0.595738 0.511355 0 
0.133646 0.249348 -0.00874448 -0.655403 0.585002 0.477724 0 
0.13382 0.249539 -0.00909599 -0.71519 0.545934 0.436415 0 
0.133588 0.248928 -0.00894433 -0.815037 0.48713 0.313718 0 
0.133634 0.248767 -0.0095205 -0.89717 0.366823 0.246022 0 
0.133658 0.248687 -0.0098086 -0.892744 0.380489 0.241322 0 
0.133772 0.249209 -0.0110908 -0.868566 0.455811 0.194499 0 
0.133744 0.249444 -0.011575 -0.925294 0.328149 0.190129 0 
0.13338 0.249107 -0.0115105 -0.789947 0.59582 0.144849 0 
0.133162 0.248905 -0.0114718 -0.754977 0.636965 0.155837 0 
0.133541 0.249188 -0.0117283 -0.919722 0.344364 0.188479 0 
0.133187 0.249124 -0.0117391 -0.732521 0.659422 0.169043 0 
0.133041 0.248989 -0.0117133 -0.849913 0.490161 0.193366 0 
0.133456 0.249301 -0.0123916 -0.704848 0.650506 0.282898 0 
0.13391 0.249189 -0.0127401 -0.650031 0.679356 0.340492 0 
0.133473 0.249547 -0.012563 -0.74093 0.62452 0.246977 0 
0.133698 0.249423 -0.0127184 -0.654751 0.671079 0.347785 0 
0.133283 0.249111 -0.0120401 -0.764418 0.598716 0.239174 0 
0.133013 0.249223 -0.0121975 -0.717307 0.644145 0.26561 0 
0.132868 0.249089 -0.0121718 -0.7618 0.594614 0.257088 0 
0.133721 0.249342 -0.0130064 -0.679356 0.650031 0.340492 0 
0.133593 0.249453 -0.013152 -0.703149 0.631697 0.326404 0 
0.133506 0.248977 -0.0130262 -0.679356 0.650031 0.340492 0 
0.133302 0.248422 -0.0132003 -0.676198 0.656645 0.334026 0 
0.133325 0.249104 -0.0133886 -0.703149 0.631697 0.326404 0 
0.133079 0.249607 -0.0129243 -0.701001 0.636243 0.322169 0 
0.133034 0.249306 -0.0124273 -0.682885 0.656932 0.319545 0 
0.132679 0.249242 -0.0124381 -0.682885 0.656932 0.319545 0 
0.132644 0.249503 -0.0128262 -0.679356 0.650031 0.340492 0 
0.132438 0.24941 -0.0129212 -0.687498 0.64524 0.333185 0 
0.133458 0.24989 -0.0131807 -0.712329 0.621463 0.326146 0 
0.133502 0.249603 -0.0128887 -0.679356 0.650031 0.340492 0 
0.133426 0.249988 -0.0136273 -0.738787 0.586827 0.331403 0 
0.133237 0.250141 -0.0138936 -0.701001 0.636243 0.322169 0 
0.132876 0.249352 -0.0130776 -0.703149 0.631697 0.326404 0 
0.132893 0.249597 -0.013249 -0.712329 0.621463 0.326146 0 
0.132521 0.249288 -0.0130885 -0.703149 0.631697 0.326404 0 
0.132681 0.249069 -0.0133271 -0.703149 0.631697 0.326404 0 
0.132772 0.24892 -0.0135904 -0.712329 0.621463 0.326146 0 
0.13285 0.249124 -0.0136409 -0.721359 0.611129 0.325827 0 
0.132771 0.249382 -0.0135113 -0.71993 0.613154 0.325182 0 
0.13269 0.249342 -0.0134024 -0.712329 0.621463 0.326146 0 
0.133629 0.250534 -0.0142838 -0.650926 0.670601 0.355796 0 
0.133298 0.250389 -0.0145827 -0.768457 0.546136 0.333481 0 
0.133125 0.250489 -0.0150411 -0.709495 0.63192 0.311919 0 
0.133141 0.250435 -0.0152331 -0.713341 0.632829 0.301117 0 
0.133141 0.249393 -0.0136924 -0.721359 0.611129 0.325827 0 
0.132858 0.249097 -0.0137369 -0.721359 0.611129 0.325827 0 
0.13294 0.249437 -0.0138251 -0.738787 0.586827 0.331403 0 
0.132735 0.248882 -0.0139992 -0.753113 0.572495 0.324145 0 
0.132759 0.249563 -0.0141875 -0.824044 0.47873 0.302934 0 
0.132775 0.249509 -0.0143795 -0.678906 0.636167 0.366577 0 
0.132745 0.249154 -0.0140746 -0.753113 0.572495 0.324145 0 
0.133064 0.250241 -0.0143521 -0.830691 0.467753 0.301927 0 
0.132643 0.249783 -0.0144667 -0.837673 0.458467 0.296838 0 
0.133021 0.250529 -0.0146441 -0.796412 0.513455 0.319519 0 
0.133257 0.250215 -0.0149539 -0.816891 0.486357 0.310072 0 
0.132666 0.249703 -0.0147548 -0.883635 0.390235 0.258661 0 
0.132704 0.250031 -0.0151558 -0.784369 0.542535 0.300701 0 
0.132485 0.249829 -0.0151172 -0.784369 0.542535 0.300701 0 
0.132493 0.249802 -0.0152132 -0.784369 0.542535 0.300701 0 
0.132895 0.250467 -0.0156786 -0.70644 0.632078 0.318464 0 
0.132735 0.249924 -0.0155399 -0.731263 0.609118 0.30697 0 
0.132448 0.249791 -0.015526 -0.726088 0.616611 0.304281 0 
0.13296 0.250851 -0.0164054 -0.623433 0.734478 0.268092 0 
0.13279 0.250788 -0.0169222 -0.81511 0.553915 0.169627 0 
0.132813 0.250707 -0.0172102 -0.969444 0.238347 0.0580431 0 
0.132714 0.250594 -0.016041 -0.654696 0.687027 0.315224 0 
0.13235 0.250257 -0.0159766 -0.689235 0.64707 0.325968 0 
0.131896 0.250659 -0.0164379 -0.674455 0.690324 0.261847 0 
0.132539 0.250394 -0.0165201 -0.611618 0.741884 0.274831 0 
0.132366 0.250493 -0.0169785 -0.837741 0.523403 0.155686 0 
0.132811 0.25145 -0.0187716 -0.891036 0.418714 0.175309 0 
0.133257 0.251365 -0.0190241 -0.927537 0.316686 0.198456 0 
0.132609 0.250152 -0.0173844 -0.961812 0.267799 0.0565772 0 
0.132412 0.250332 -0.0175546 -0.990417 -0.137341 -0.0145157 0 
0.132559 0.251047 -0.0192002 -0.957715 0.182485 0.222446 0 
0.132835 0.25137 -0.0190597 -0.951866 0.233578 0.198474 0 
0.130866 0.251528 -0.0192635 -0.516454 -0.856263 -0.00943912 0 
0.132888 0.251645 -0.0196527 -0.19966 -0.964372 -0.173561 0 
0.133004 0.251424 -0.0193736 -0.943463 0.260313 0.20522 0 
0.132911 0.251564 -0.0199409 -0.17644 -0.978441 -0.107345 0 
0.131478 0.25166 -0.0197715 -0.542724 -0.839505 0.0261057 0 
0.131643 0.251578 -0.0200477 -0.493332 -0.869716 0.0147865 0 
0.13273 0.25169 -0.0203032 -0.17644 -0.978441 -0.107345 0 
0.132663 0.251297 -0.0204071 -0.17644 -0.978441 -0.107345 0 
0.132674 0.251107 -0.0205614 -0.17644 -0.978441 -0.107345 0 
0.132236 0.251166 -0.020405 -0.17644 -0.978441 -0.107345 0 
0.13234 0.251126 -0.020802 -0.15093 -0.980432 -0.126389 0 
0.131639 0.251732 -0.0208199 -0.493832 -0.868652 -0.0396707 0 
0.13142 0.25153 -0.0207812 -0.49466 -0.868705 -0.0257494 0 
0.131877 0.252017 -0.0210883 -0.453732 -0.883284 -0.118056 0 
0.131804 0.251949 -0.0210754 -0.493996 -0.868277 -0.0454091 0 
0.132988 0.252048 -0.0216319 0.511834 -0.825389 -0.238241 0 
0.132334 0.252022 -0.0231356 0.38722 -0.873144 -0.29611 0 
0.132314 0.25223 -0.0237158 0.406157 -0.887637 -0.217109 0 
0.131987 0.252221 -0.0240525 0.288298 -0.932399 -0.217982 0 
0.132117 0.25241 -0.0238862 0.38984 -0.892953 -0.225077 0 
0.131775 0.252455 -0.0240307 0.219694 -0.957334 -0.187739 0 
0.132017 0.252576 -0.0243574 0.318236 -0.932474 -0.17093 0 
0.13196 0.252455 -0.0245366 0.238194 -0.959354 -0.151338 0 
0.131594 0.252581 -0.024393 -0.35583 -0.864159 0.35583 0 
0.13176 0.252798 -0.0246485 -0.234517 -0.876824 0.41974 0 
0.132794 0.251014 -0.0211505 -0.192709 -0.97362 -0.122175 0 
0.132702 0.251163 -0.0208872 -0.15093 -0.980432 -0.126389 0 
0.132514 0.251316 -0.0211535 -0.169866 -0.975156 -0.142184 0 
0.132449 0.251222 -0.0212367 -0.169866 -0.975156 -0.142184 0 
0.132341 0.252177 -0.0215121 0.565377 -0.789659 -0.2383 0 
0.133075 0.251001 -0.0219574 0.171527 -0.939967 -0.295026 0 
0.132103 0.252192 -0.021223 -0.785689 -0.551722 -0.279813 0 
0.13191 0.252209 -0.0214516 -0.74568 -0.591733 -0.30629 0 
0.131458 0.251858 -0.0211823 -0.557255 -0.828123 -0.0606632 0 
0.131335 0.251643 -0.0214446 -0.507107 -0.854755 -0.110615 0 
0.131554 0.251845 -0.0214832 -0.504406 -0.853274 -0.132279 0 
0.131239 0.251656 -0.0211436 -0.557255 -0.828123 -0.0606632 0 
0.131641 0.25156 -0.0217089 -0.273118 -0.942875 -0.190771 0 
0.131577 0.251765 -0.0217713 -0.963213 0.251996 0.0933792 0 
0.131835 0.251833 -0.0222901 -0.705184 -0.677164 -0.210154 0 
0.132072 0.252108 -0.0233891 0.373363 -0.886174 -0.274399 0 
0.131874 0.251989 -0.0235801 0.334759 -0.901048 -0.275771 0 
0.131268 0.252292 -0.0230891 0.364192 -0.893385 -0.26311 0 
0.131376 0.252379 -0.0243543 0.95577 -0.00861054 -0.293988 0 
0.131469 0.252529 -0.024597 0.221951 -0.895152 -0.386576 0 
0.131921 0.252879 -0.0248663 -0.237277 -0.859942 0.451885 0 
0.135798 0.245946 -0.00272565 0.147631 -0.962871 -0.22602 0 
0.134988 0.244933 -0.00250852 0.118233 -0.970023 -0.212312 0 
0.135804 0.246382 -0.00274255 0.0894071 -0.968367 -0.232962 0 
0.135778 0.246154 -0.00330581 0.146924 -0.95699 -0.250167 0 
0.135574 0.24636 -0.00338006 -0.0278398 -0.969552 -0.243296 0 
0.135534 0.246485 -0.00373058 -0.0458555 -0.965444 -0.256543 0 
0.135694 0.246267 -0.00396915 -0.833965 -0.540989 0.108778 0 
0.135489 0.246474 -0.00404341 0.01861 -0.954072 -0.299 0 
0.135393 0.246487 -0.00374246 -0.256407 -0.94473 -0.204303 0 
0.134809 0.24612 -0.00275038 0.943355 0.249266 -0.218969 0 
0.134671 0.245197 -0.00292038 0.949433 -0.185553 -0.253272 0 
0.134205 0.246251 -0.00314833 0.0278398 0.969552 0.243296 0 
0.134355 0.246522 -0.00321177 0.025776 0.963531 0.266352 0 
0.134174 0.246649 -0.00357417 0.0835935 0.95811 0.273929 0 
0.134088 0.246173 -0.00344829 0.0309117 0.960737 0.275733 0 
0.134694 0.245117 -0.00320845 0.969273 0.102361 -0.223678 0 
0.134184 0.246159 -0.00374918 -0.7159 0.53651 0.446815 0 
0.134139 0.24691 -0.00396225 -0.972501 -0.0729067 0.221192 0 
0.134031 0.247103 -0.00433746 -0.958395 -0.17945 0.221986 0 
0.134061 0.246706 -0.00391173 -0.951142 -0.159642 0.264281 0 
0.133812 0.246901 -0.00429884 -0.926228 -0.341242 0.160175 0 
0.13544 0.246326 -0.00431858 -0.279449 -0.933839 -0.223279 0 
0.13531 0.246138 -0.00448487 -0.94537 -0.231883 0.229139 0 
0.135355 0.246439 -0.0049819 -0.958395 -0.17945 0.221986 0 
0.135151 0.246646 -0.00505622 -0.96573 -0.124735 0.227609 0 
0.13509 0.246398 -0.00436709 -0.950345 -0.185202 0.250091 0 
0.135259 0.246452 -0.00468096 -0.949627 -0.194273 0.245898 0 
0.134735 0.246334 -0.00437795 -0.949057 -0.180064 0.258588 0 
0.134909 0.246524 -0.00472944 -0.958395 -0.17945 0.221986 0 
0.134602 0.246308 -0.00448586 -0.949627 -0.194273 0.245898 0 
0.134562 0.246433 -0.00483637 -0.927783 -0.321425 0.189487 0 
0.135184 0.246838 -0.00541957 -0.970614 -0.164966 0.175197 0 
0.135212 0.246894 -0.00574528 -0.970583 -0.162403 0.177748 0 
0.135093 0.245473 -0.00452527 -0.0372132 -0.940595 -0.337485 0 
0.134141 0.245976 -0.00495104 -0.423093 0.799533 0.42631 0 
0.133862 0.245816 -0.00503312 -0.639049 0.510902 0.574975 0 
0.134954 0.246826 -0.00522652 -0.971362 -0.146404 0.187143 0 
0.1342 0.247157 -0.00465138 -0.95781 -0.185168 0.219803 0 
0.134087 0.247215 -0.00498892 -0.0369225 0.94598 0.322117 0 
0.1338 0.247082 -0.00497504 -0.180582 0.914287 0.362587 0 
0.133906 0.247341 -0.00535131 -0.14631 0.921057 0.360898 0 
0.13376 0.247206 -0.00532547 -0.227097 0.898133 0.376542 0 
0.13506 0.247085 -0.0056028 -0.976356 -0.0249131 0.214727 0 
0.135233 0.247276 -0.00595429 -0.978074 0.00581495 0.208175 0 
0.135015 0.247074 -0.00591562 -0.975938 0.0105952 0.217791 0 
0.134608 0.247025 -0.00614329 -0.155732 0.898671 0.410046 0 
0.134533 0.246368 -0.00534118 -0.917515 -0.376167 0.129091 0 
0.133861 0.24733 -0.00566416 -0.236585 0.885335 0.400261 0 
0.133643 0.247128 -0.00562547 -0.727627 0.230024 0.646258 0 
0.133753 0.247523 -0.00603938 -0.322393 0.842582 0.431414 0 
0.133908 0.247169 -0.00624029 -0.381276 0.812007 0.441898 0 
0.133776 0.247443 -0.00632744 -0.324854 0.833322 0.447263 0 
0.133666 0.247047 -0.00591359 -0.194454 0.90601 0.375944 0 
0.133631 0.247027 -0.0046612 -0.154339 0.910459 0.383724 0 
0.133429 0.246772 -0.00481454 -0.640762 0.482673 0.597035 0 
0.133511 0.247112 -0.00490272 -0.504186 0.71052 0.490874 0 
0.13346 0.246665 -0.00519865 -0.180235 0.961693 0.206547 0 
0.133542 0.247004 -0.00528683 -0.696932 0.368964 0.61494 0 
0.133169 0.246395 -0.00514707 -0.345382 0.907902 0.237541 0 
0.134061 0.246225 -0.005652 -0.728631 0.393099 0.560865 0 
0.135257 0.247195 -0.00624238 -0.978074 0.00581495 0.208175 0 
0.134902 0.247131 -0.00625324 -0.975284 -0.0801435 0.205907 0 
0.135076 0.247322 -0.00660475 -0.972852 0.0754053 0.218799 0 
0.134713 0.247284 -0.00651954 -0.171042 0.8786 0.445878 0 
0.134572 0.247286 -0.0065314 -0.0960311 0.897682 0.430052 0 
0.134018 0.247564 -0.00665418 -0.204624 0.864797 0.458536 0 
0.1338 0.247362 -0.00661552 -0.361982 0.808479 0.464038 0 
0.133795 0.247226 -0.00657786 -0.420852 0.794943 0.436977 0 
0.133823 0.247282 -0.00690363 -0.264734 0.828262 0.493861 0 
0.134579 0.24725 -0.00745808 -0.30876 0.805942 0.505099 0 
0.133983 0.247825 -0.00704233 -0.343283 0.803122 0.486983 0 
0.133764 0.247623 -0.00700367 -0.270806 0.809289 0.521263 0 
0.133788 0.247543 -0.00729171 -0.189519 0.817204 0.544297 0 
0.133966 0.24787 -0.00768092 -0.297727 0.778549 0.552467 0 
0.13352 0.247955 -0.00742849 0.928877 0.348842 0.124489 0 
0.133658 0.247355 -0.00745803 -0.0755784 0.822807 0.563273 0 
0.133678 0.248199 -0.00758789 -0.2724 0.792006 0.546374 0 
0.133621 0.248078 -0.0077671 -0.234612 0.79395 0.560892 0 
0.133497 0.248325 -0.00795029 -0.787171 0.511421 0.344688 0 
0.133294 0.24807 -0.00810364 -0.761489 0.530932 0.371814 0 
0.133384 0.248382 -0.00828783 -0.979978 -0.131896 -0.149154 0 
0.13331 0.248016 -0.00829572 -0.703107 0.59443 0.390249 0 
0.133542 0.248627 -0.00844729 -0.818979 0.464141 0.337413 0 
0.133408 0.248302 -0.00857592 -0.971312 -0.185073 -0.149334 0 
0.133437 0.248657 -0.00888094 -0.911473 0.334738 0.239099 0 
0.133363 0.248291 -0.00888878 -0.918881 -0.349713 -0.182644 0 
0.133242 0.248375 -0.00913037 -0.409979 0.782686 0.468316 0 
0.133266 0.248294 -0.0094184 -0.688482 0.652843 0.315892 0 
0.133385 0.248672 -0.00909773 -0.934197 0.278718 0.222695 0 
0.133295 0.248649 -0.00972337 -0.916845 0.337181 0.213787 0 
0.133258 0.248611 -0.0101323 -0.576473 0.786661 0.221007 0 
0.133341 0.248008 -0.0120399 -0.752088 0.624931 0.209344 0 
0.133037 0.248381 -0.0125855 -0.728222 0.62259 0.286487 0 
0.131801 0.252964 -0.0251079 0.254971 -0.870522 -0.420928 0 
0.131671 0.252775 -0.0252742 0.254971 -0.870522 -0.420928 0 
0.13162 0.25309 -0.0254703 0.254971 -0.870522 -0.420928 0 
0.131218 0.252425 -0.0250047 0.254971 -0.870522 -0.420928 0 
0.130588 0.252038 -0.0251561 0.334165 -0.833059 -0.440847 0 
0.130492 0.253102 -0.0255653 0.461091 -0.700792 -0.544321 0 
0.130667 0.252831 -0.0259959 0.492837 -0.654312 -0.573574 0 
0.130677 0.253103 -0.0260712 0.514819 -0.622846 -0.589088 0 
