0.125091 0.239168 -0.017411 -0.822681 0.550916 -0.140314 2 
0.125356 0.240675 -0.0173935 -0.876321 0.391998 -0.279999 2 
0.126106 0.23954 -0.0184939 -0.842693 -0.0901352 -0.530796 2 
0.125615 0.239928 -0.0187371 -0.876561 0.187098 -0.443437 2 
0.126237 0.240223 -0.0192726 -0.775802 -0.578325 -0.252332 2 
0.126034 0.240452 -0.0187465 -0.816719 -0.317525 -0.481817 2 
0.126471 0.240557 -0.0189663 -0.775802 -0.578325 -0.252332 2 
0.126254 0.240263 -0.019492 -0.775802 -0.578325 -0.252332 2 
0.125424 0.241303 -0.0176402 -0.846239 0.419223 -0.328833 2 
0.125013 0.240881 -0.0179764 -0.841099 0.4182 -0.343018 2 
0.124989 0.241185 -0.0180606 -0.823392 0.447255 -0.34927 2 
0.125763 0.240969 -0.017992 -0.853107 0.390036 -0.346526 2 
0.125434 0.240476 -0.0186078 -0.810506 0.463374 -0.358279 2 
0.124998 0.240816 -0.0190374 -0.838856 0.340246 -0.424916 2 
0.125264 0.240948 -0.0189925 -0.874132 -0.124876 -0.469361 2 
0.12536 0.240637 -0.0193141 -0.810592 -0.41409 -0.41409 2 
0.125554 0.240777 -0.0188634 -0.822849 0.453278 -0.342722 2 
0.125662 0.240695 -0.018596 -0.853379 0.380834 -0.355963 2 
0.125827 0.240553 -0.0191551 -0.810592 -0.41409 -0.41409 2 
0.125514 0.241028 -0.0193684 -0.578269 -0.815649 -0.0179415 2 
0.125153 0.240737 -0.0197227 -0.578269 -0.815649 -0.0179415 2 
0.12534 0.240762 -0.0195666 -0.616279 -0.745524 -0.253762 2 
0.125793 0.240461 -0.0193565 -0.810592 -0.41409 -0.41409 2 
0.125996 0.240233 -0.0198825 -0.578269 -0.815649 -0.0179415 2 
0.125964 0.240434 -0.0196211 -0.578269 -0.815649 -0.0179415 2 
0.125311 0.240951 -0.0199453 -0.578269 -0.815649 -0.0179415 2 
0.12613 0.240598 -0.0190773 -0.775802 -0.578325 -0.252332 2 
0.126352 0.240702 -0.0193599 -0.578269 -0.815649 -0.0179415 2 
0.126407 0.240654 -0.0195463 -0.578269 -0.815649 -0.0179415 2 
0.126157 0.240269 -0.0202734 -0.55651 -0.828393 -0.0637226 2 
0.124283 0.244652 -0.0127109 -0.982151 -0.0855616 -0.167508 2 
0.124371 0.244696 -0.0126959 -0.977331 -0.100081 -0.18657 2 
0.123425 0.245411 -0.0118688 -0.980949 -0.0736014 -0.17978 2 
0.123928 0.244934 -0.0127798 -0.975485 -0.0979204 -0.19708 2 
0.124201 0.245169 -0.0130806 -0.977331 -0.100081 -0.18657 2 
0.124981 0.244609 -0.0127084 -0.982151 -0.0855616 -0.167508 2 
0.125158 0.244697 -0.0126785 -0.982151 -0.0855616 -0.167508 2 
0.125168 0.245092 -0.0125614 -0.968288 -0.108153 -0.225213 2 
0.124247 0.24549 -0.0122903 -0.9609 -0.112818 -0.252869 2 
0.124554 0.245357 -0.0123806 -0.9609 -0.112818 -0.252869 2 
0.124264 0.245529 -0.0125097 -0.9609 -0.112818 -0.252869 2 
0.124613 0.24559 -0.0127444 -0.974928 -0.0879541 -0.2044 2 
0.12482 0.24549 -0.0123358 -0.9609 -0.112818 -0.252869 2 
0.124823 0.24577 -0.0125132 -0.9609 -0.112818 -0.252869 2 
0.124052 0.244141 -0.0131855 -0.976577 -0.0847595 -0.197772 2 
0.123885 0.244448 -0.0130983 -0.979684 -0.0813369 -0.183311 2 
0.124543 0.243753 -0.0129423 -0.968988 -0.0404255 -0.243778 2 
0.124373 0.243767 -0.0133179 -0.96807 -0.0687018 -0.241081 2 
0.125105 0.243815 -0.0131141 -0.945907 -0.00372894 -0.324417 2 
0.125275 0.243037 -0.0138324 -0.835963 0.300449 -0.459235 2 
0.125062 0.243787 -0.0134417 -0.916964 0.0382618 -0.397131 2 
0.12534 0.244149 -0.0128078 -0.936167 -0.00377995 -0.351535 2 
0.124477 0.244321 -0.0128913 -0.977932 -0.0820043 -0.192159 2 
0.124383 0.244621 -0.0132099 -0.977932 -0.0820043 -0.192159 2 
0.124309 0.244323 -0.0139071 -0.950112 -0.0419728 -0.309073 2 
0.124524 0.244783 -0.0138532 -0.895622 0.0390572 -0.443097 2 
0.124849 0.244537 -0.0130509 -0.94632 -0.0475086 -0.31972 2 
0.125115 0.244669 -0.0130061 -0.895046 0.019949 -0.445528 2 
0.124872 0.244844 -0.014088 -0.813155 0.179528 -0.553669 2 
0.124974 0.245105 -0.0141242 -0.759051 0.218867 -0.613139 2 
0.125031 0.24535 -0.0138477 -0.756551 0.168968 -0.631728 2 
0.124041 0.246036 -0.0133482 -0.974928 -0.0879541 -0.2044 2 
0.124364 0.245956 -0.0130178 -0.9609 -0.112818 -0.252869 2 
0.124307 0.246168 -0.0133034 -0.9609 -0.112818 -0.252869 2 
0.124476 0.246154 -0.0129278 -0.9609 -0.112818 -0.252869 2 
0.124783 0.24648 -0.0130273 -0.965527 -0.0982109 -0.241063 2 
0.124086 0.246052 -0.0136608 -0.974928 -0.0879541 -0.2044 2 
0.124121 0.246131 -0.0140997 -0.973432 -0.0575488 -0.221624 2 
0.124389 0.246097 -0.0135829 -0.973102 -0.0934477 -0.210569 2 
0.124472 0.246026 -0.0138625 -0.933799 -0.027048 -0.356775 2 
0.124586 0.246059 -0.0133005 -0.974928 -0.0879541 -0.2044 2 
0.12494 0.246236 -0.0132408 -0.761759 -0.185458 -0.620749 2 
0.124995 0.246188 -0.0134271 -0.775597 -0.129514 -0.617798 2 
0.125218 0.245834 -0.0137007 -0.649613 0.0737868 -0.756676 2 
0.124566 0.246185 -0.013553 -0.974928 -0.0879541 -0.2044 2 
0.124737 0.246158 -0.0138176 -0.857119 -0.0176586 -0.514815 2 
0.124554 0.245955 -0.0141421 -0.872625 0.0174794 -0.488078 2 
0.124806 0.24587 -0.014046 -0.786715 0.106946 -0.607982 2 
0.124145 0.246285 -0.0140246 -0.981833 0.0173878 -0.188948 2 
0.125175 0.245653 -0.0129162 -0.815036 -0.0879951 -0.572689 2 
0.125115 0.246031 -0.0136736 -0.713646 0.038307 -0.699458 2 
0.132424 0.254976 -0.00971095 0.623281 0.777286 0.0857193 2 
0.132272 0.255335 -0.00920297 0.779708 0.60036 0.177828 2 
0.132239 0.255244 -0.00940429 0.789456 0.589441 0.171226 2 
0.132032 0.255345 -0.00981294 0.715628 0.69547 0.0647953 2 
0.132297 0.255477 -0.00976805 0.715628 0.69547 0.0647953 2 
0.132896 0.255007 -0.00925747 0.64047 0.75692 0.129886 2 
0.132412 0.25551 -0.00920613 0.779708 0.60036 0.177828 2 
0.132589 0.255598 -0.00917622 0.76369 0.628124 0.149123 2 
0.132981 0.255687 -0.00908336 0.76919 0.622249 0.145441 2 
0.132774 0.255788 -0.00949199 0.71846 0.692544 0.064791 2 
0.132868 0.255947 -0.00918253 0.76919 0.622249 0.145441 2 
0.132893 0.256088 -0.00974761 0.720345 0.691817 0.0499249 2 
0.133271 0.255961 -0.00960363 0.720345 0.691817 0.0499249 2 
0.133024 0.254035 -0.00983146 0.317662 0.947964 0.0213449 2 
0.13395 0.254363 -0.0109292 0.411419 0.909947 -0.052265 2 
0.132544 0.254818 -0.00995746 0.427897 0.902743 0.0442652 2 
0.132136 0.255135 -0.0104802 0.50951 0.855807 -0.0894126 2 
0.132407 0.255382 -0.0101408 0.694456 0.717365 0.0558428 2 
0.132507 0.25535 -0.0106398 0.466754 0.884306 0.0119681 2 
0.132651 0.254889 -0.0108021 0.280427 0.958021 -0.0596384 2 
0.13167 0.255664 -0.0112884 -0.158316 0.982524 -0.0978899 2 
0.131734 0.255567 -0.0107084 0.504806 0.854844 -0.120054 2 
0.131789 0.255519 -0.0108948 0.464317 0.871868 -0.155743 2 
0.131999 0.255699 -0.0106636 0.625169 0.770696 -0.123252 2 
0.132176 0.255787 -0.0106336 0.646613 0.76213 -0.0324011 2 
0.132121 0.255528 -0.0115502 -0.579237 0.81264 -0.0640434 2 
0.131759 0.255708 -0.0112735 0.241342 0.961454 -0.13176 2 
0.132044 0.255714 -0.0109762 0.434578 0.89991 -0.0361034 2 
0.132137 0.25558 -0.0111295 0.262347 0.964401 0.0332552 2 
0.132402 0.255712 -0.0110846 0.0966257 0.992402 0.0761638 2 
0.132347 0.25576 -0.0108982 0.491413 0.863912 0.110317 2 
0.132396 0.255597 -0.0113792 -0.730107 0.681717 -0.0469659 2 
0.132587 0.255444 -0.0113913 -0.730107 0.681717 -0.0469659 2 
0.13272 0.255364 -0.00993666 0.619783 0.783552 0.043766 2 
0.132797 0.255178 -0.0105108 0.293079 0.955908 -0.0185493 2 
0.132761 0.255558 -0.010081 0.694456 0.717365 0.0558428 2 
0.132554 0.255659 -0.0104896 0.507538 0.861319 -0.0231318 2 
0.132615 0.255726 -0.0103815 0.662175 0.748971 0.0237991 2 
0.13331 0.255403 -0.0102016 0.498053 0.866475 -0.0341132 2 
0.132895 0.255618 -0.0103787 0.517419 0.855044 0.0343116 2 
0.132875 0.255744 -0.0106312 0.491413 0.863912 0.110317 2 
0.132692 0.25554 -0.0109556 0.0966257 0.992402 0.0761638 2 
0.132863 0.255514 -0.0112202 -0.768315 0.634695 -0.0827863 2 
0.133281 0.255592 -0.0105804 0.422324 0.892213 0.159993 2 
0.133241 0.255386 -0.0110762 -0.768315 0.634695 -0.0827863 2 
0.13352 0.255277 -0.0110734 -0.637886 0.76967 -0.026637 2 
0.132958 0.255672 -0.0109107 -0.921474 0.328996 -0.206513 2 
0.133326 0.255608 -0.010893 -0.170159 0.974319 0.147471 2 
0.133675 0.255058 -0.0100065 0.330406 0.943838 0.00124681 2 
0.13399 0.25457 -0.0104334 0.366399 0.929689 -0.0378134 2 
0.133682 0.25516 -0.0103522 0.313696 0.948707 0.0393707 2 
0.134149 0.255076 -0.0101932 0.381265 0.923684 -0.0379955 2 
0.132524 0.255848 -0.0108684 0.510938 0.846655 0.148717 2 
0.129741 0.254098 -0.0153231 0.615949 0.787124 0.0322707 2 
0.128924 0.254745 -0.0157283 0.834524 0.510408 0.207495 2 
0.128851 0.255211 -0.0153316 0.799272 0.563019 0.210173 2 
0.128957 0.255294 -0.0155361 0.799272 0.563019 0.210173 2 
0.128497 0.255493 -0.0154005 0.799272 0.563019 0.210173 2 
0.128732 0.255814 -0.0157344 0.799272 0.563019 0.210173 2 
0.128662 0.255351 -0.0159597 0.799272 0.563019 0.210173 2 
0.128927 0.255483 -0.0159149 0.799272 0.563019 0.210173 2 
0.129298 0.255558 -0.0143222 0.775772 0.585341 0.235697 2 
0.129353 0.255511 -0.0145085 0.801534 0.554433 0.223935 2 
0.129613 0.255528 -0.0147582 0.799272 0.563019 0.210173 2 
0.12907 0.255034 -0.015437 0.834524 0.510408 0.207495 2 
0.129013 0.255552 -0.0146195 0.799272 0.563019 0.210173 2 
0.128969 0.255524 -0.0149471 0.799272 0.563019 0.210173 2 
0.129003 0.255615 -0.0147458 0.799272 0.563019 0.210173 2 
0.129361 0.255613 -0.0148542 0.799272 0.563019 0.210173 2 
0.129235 0.255656 -0.0149022 0.799272 0.563019 0.210173 2 
0.129126 0.256196 -0.0151788 0.799272 0.563019 0.210173 2 
0.129117 0.255343 -0.0152868 0.799272 0.563019 0.210173 2 
0.129022 0.255642 -0.0156054 0.799272 0.563019 0.210173 2 
0.128864 0.255886 -0.0153919 0.799272 0.563019 0.210173 2 
0.129104 0.255571 -0.0158849 0.799272 0.563019 0.210173 2 
0.129382 0.255475 -0.015242 0.799272 0.563019 0.210173 2 
0.129317 0.255585 -0.0151818 0.799272 0.563019 0.210173 2 
0.129406 0.255629 -0.0151668 0.799272 0.563019 0.210173 2 
0.129325 0.255687 -0.0155275 0.799272 0.563019 0.210173 2 
0.129482 0.255443 -0.0157409 0.799272 0.563019 0.210173 2 
0.129376 0.255818 -0.0155455 0.799272 0.563019 0.210173 2 
0.129561 0.256008 -0.0158613 0.799272 0.563019 0.210173 2 
0.128921 0.255368 -0.0162093 0.799272 0.563019 0.210173 2 
0.129842 0.25497 -0.0164805 0.834524 0.510408 0.207495 2 
0.12987 0.254947 -0.0165737 0.834524 0.510408 0.207495 2 
0.12901 0.255412 -0.0161944 0.799272 0.563019 0.210173 2 
0.1292 0.255717 -0.0162157 0.799272 0.563019 0.210173 2 
0.1292 0.255717 -0.0162157 0.799272 0.563019 0.210173 2 
0.129273 0.255709 -0.0166214 0.799272 0.563019 0.210173 2 
0.129578 0.255589 -0.0160717 0.799272 0.563019 0.210173 2 
0.129359 0.25546 -0.0170693 0.797373 0.562943 0.217465 2 
0.129816 0.255439 -0.0170366 0.797373 0.562943 0.217465 2 
0.129871 0.255392 -0.0172229 0.795668 0.559915 0.231101 2 
0.128877 0.256256 -0.0165551 0.799272 0.563019 0.210173 2 
0.128997 0.256098 -0.0168017 0.799272 0.563019 0.210173 2 
0.12934 0.255892 -0.0162188 0.799272 0.563019 0.210173 2 
0.129511 0.255865 -0.0164834 0.799272 0.563019 0.210173 2 
0.129538 0.255841 -0.0165766 0.799272 0.563019 0.210173 2 
0.129192 0.255767 -0.0169821 0.797373 0.562943 0.217465 2 
0.129298 0.255851 -0.0171866 0.79395 0.560892 0.234612 2 
0.12954 0.255828 -0.0172168 0.79395 0.560892 0.234612 2 
0.12903 0.256648 -0.0166095 0.487952 0.85205 0.18951 2 
0.129808 0.255197 -0.0149386 0.651449 0.753466 -0.0889002 2 
0.129723 0.255434 -0.015131 0.618199 0.767053 0.171638 2 
0.130061 0.255099 -0.0154828 0.714576 0.677853 -0.172906 2 
0.129388 0.256048 -0.0149565 0.799272 0.563019 0.210173 2 
0.129959 0.255754 -0.0154649 0.799272 0.563019 0.210173 2 
0.129423 0.256127 -0.0153954 0.799272 0.563019 0.210173 2 
0.130244 0.255455 -0.0162705 0.834524 0.510408 0.207495 2 
0.129718 0.255764 -0.0160748 0.799272 0.563019 0.210173 2 
0.129984 0.255896 -0.01603 0.799272 0.563019 0.210173 2 
0.129965 0.255551 -0.0169135 0.797373 0.562943 0.217465 2 
0.129609 0.256304 -0.0163513 0.799272 0.563019 0.210173 2 
0.129641 0.256103 -0.0166128 0.799272 0.563019 0.210173 2 
0.129954 0.256085 -0.0164087 0.799272 0.563019 0.210173 2 
0.129546 0.256402 -0.0169314 0.491786 0.846714 0.203031 2 
0.134077 0.245016 -0.0156009 0.828889 -0.0040832 0.559398 2 
0.132876 0.246439 -0.0153508 0.9888 -0.0471954 0.141586 2 
0.133206 0.246461 -0.0153661 0.9888 -0.0471954 0.141586 2 
0.133587 0.246168 -0.0147503 0.9888 -0.0471954 0.141586 2 
0.133945 0.245708 -0.0148496 0.9888 -0.0471954 0.141586 2 
0.134395 0.24603 -0.0151205 0.9888 -0.0471954 0.141586 2 
0.134037 0.246032 -0.0150121 0.9888 -0.0471954 0.141586 2 
0.133474 0.246428 -0.0148494 0.9888 -0.0471954 0.141586 2 
0.133716 0.246863 -0.0148887 0.884841 -0.182818 0.428526 2 
0.133444 0.246616 -0.0152281 0.884841 -0.182818 0.428526 2 
0.133434 0.246679 -0.0153544 0.884841 -0.182818 0.428526 2 
0.133517 0.246608 -0.0156339 0.884841 -0.182818 0.428526 2 
0.133672 0.246835 -0.0152163 0.884841 -0.182818 0.428526 2 
0.133625 0.246985 -0.0153756 0.884841 -0.182818 0.428526 2 
0.133782 0.24674 -0.0155891 0.884841 -0.182818 0.428526 2 
0.134058 0.246809 -0.015418 0.884841 -0.182818 0.428526 2 
0.133609 0.246474 -0.0157873 0.884841 -0.182818 0.428526 2 
0.13378 0.246447 -0.0160519 0.884841 -0.182818 0.428526 2 
0.133977 0.24641 -0.0157695 0.884841 -0.182818 0.428526 2 
0.13438 0.246423 -0.0161906 0.884841 -0.182818 0.428526 2 
0.133991 0.246627 -0.0158206 0.884841 -0.182818 0.428526 2 
0.133676 0.247115 -0.0153937 0.884841 -0.182818 0.428526 2 
0.133936 0.247132 -0.0156434 0.884841 -0.182818 0.428526 2 
0.13431 0.246266 -0.0153129 0.884841 -0.182818 0.428526 2 
0.134548 0.246422 -0.0151749 0.884841 -0.182818 0.428526 2 
0.133862 0.247153 -0.0145974 0.884841 -0.182818 0.428526 2 
0.134127 0.247285 -0.0145525 0.884841 -0.182818 0.428526 2 
0.134136 0.246916 -0.0155293 0.884841 -0.182818 0.428526 2 
0.134534 0.246357 -0.0162358 0.884841 -0.182818 0.428526 2 
0.134191 0.246869 -0.0157157 0.884841 -0.182818 0.428526 2 
0.134485 0.246977 -0.015764 0.884841 -0.182818 0.428526 2 
0.133867 0.247421 -0.015415 0.884841 -0.182818 0.428526 2 
0.133866 0.247879 -0.0154241 0.845994 -0.252421 0.469657 2 
0.134132 0.247552 -0.0153701 0.884841 -0.182818 0.428526 2 
0.134599 0.247927 -0.0152203 0.845994 -0.252421 0.469657 2 
0.134824 0.248769 -0.0156895 0.554866 -0.341331 0.758694 2 
0.134585 0.264752 -0.0131652 0.515632 0.856681 0.014887 2 
0.135025 0.265456 -0.0118192 0.508374 0.855834 -0.0954092 2 
0.132776 0.266097 -0.0124307 -0.0361089 0.959999 0.277665 2 
0.133459 0.265404 -0.0110876 0.103308 0.953311 0.28377 2 
0.133252 0.265505 -0.0114962 0.0551005 0.949523 0.308819 2 
0.133745 0.265855 -0.0114396 0.607366 0.792279 -0.0583185 2 
0.133157 0.265804 -0.0118148 0.0213619 0.948718 0.315402 2 
0.133316 0.265853 -0.0115655 0.270597 0.935173 0.228536 2 
0.133192 0.265882 -0.0122537 0.21626 0.955035 0.202827 2 
0.133286 0.266041 -0.0119442 0.623799 0.778673 -0.067399 2 
0.133641 0.266217 -0.0118844 0.651775 0.74723 -0.129758 2 
0.133611 0.266406 -0.0122631 0.469987 0.881054 0.0534387 2 
0.13396 0.265857 -0.0113766 0.546028 0.836498 -0.0460842 2 
0.134544 0.266239 -0.0119452 0.610248 0.778179 -0.148439 2 
0.133865 0.266156 -0.0116952 0.661518 0.734179 -0.152891 2 
0.134196 0.266178 -0.0117105 0.578218 0.810085 -0.0970942 2 
0.134128 0.266453 -0.0121223 0.734478 0.623433 -0.268092 2 
0.133863 0.266321 -0.0121671 0.650174 0.746274 -0.142648 2 
0.134989 0.26553 -0.0124924 0.687527 0.648518 -0.326697 2 
0.134674 0.266018 -0.0120655 0.643961 0.728569 -0.233455 2 
0.134784 0.265923 -0.0124382 0.638058 0.7379 -0.219966 2 
0.134417 0.265517 -0.0130871 0.544728 0.83836 0.0205817 2 
0.134772 0.265693 -0.0130273 0.517129 0.855515 0.0259247 2 
0.134221 0.266319 -0.0122756 0.672499 0.700848 -0.237816 2 
0.134116 0.266223 -0.0127113 0.565335 0.821658 -0.0726249 2 
0.13397 0.266392 -0.0130118 0.589227 0.807966 -0.00136712 2 
0.134504 0.266032 -0.0124411 0.674839 0.684411 -0.275998 2 
0.134549 0.266048 -0.0127537 0.523864 0.851108 -0.0343743 2 
0.13411 0.266108 -0.0130058 0.584843 0.811146 -0.00136327 2 
0.134577 0.266024 -0.0128469 0.517164 0.855572 -0.0231973 2 
0.133195 0.266621 -0.0124402 0.607909 0.79323 0.0350987 2 
0.133598 0.266634 -0.0128613 0.619048 0.784689 -0.032286 2 
0.13373 0.266707 -0.0125187 0.616207 0.786196 -0.0467468 2 
0.137571 0.262912 -0.0113878 0.520137 0.731494 -0.440878 2 
0.137711 0.263087 -0.0113909 0.520137 0.731494 -0.440878 2 
0.137561 0.262975 -0.011514 0.527456 0.725872 -0.441476 2 
0.137644 0.262904 -0.0117936 0.459768 0.71538 -0.526161 2 
0.137831 0.262929 -0.0116375 0.455456 0.723761 -0.518392 2 
0.138089 0.261737 -0.0123317 0.162473 0.751628 -0.639263 2 
0.138406 0.262 -0.0123049 0.136184 0.746769 -0.650991 2 
0.137856 0.262155 -0.0121843 0.28358 0.700138 -0.655278 2 
0.138104 0.262706 -0.0119292 0.331862 0.730096 -0.597351 2 
0.138034 0.262243 -0.0121544 0.28358 0.700138 -0.655278 2 
0.138299 0.262375 -0.0121096 0.28358 0.700138 -0.655278 2 
0.138016 0.262662 -0.0119441 0.331862 0.730096 -0.597351 2 
0.138002 0.262902 -0.0119021 0.421671 0.712706 -0.560574 2 
0.138705 0.262529 -0.0109558 0.285905 0.788213 -0.544957 2 
0.138014 0.263132 -0.0113131 0.507653 0.735849 -0.448124 2 
0.138004 0.263195 -0.0114393 0.5046 0.729602 -0.461585 2 
0.138382 0.263068 -0.0112953 0.453431 0.740329 -0.4963 2 
0.138671 0.262132 -0.0122601 0.136184 0.746769 -0.650991 2 
0.138565 0.262507 -0.0120647 0.28358 0.700138 -0.655278 2 
0.138647 0.262436 -0.0123443 0.176303 0.700615 -0.691416 2 
0.138267 0.263034 -0.0118572 0.358286 0.714936 -0.600415 2 
0.138425 0.26279 -0.0120707 0.304357 0.697282 -0.648972 2 
0.138646 0.262907 -0.0117132 0.304306 0.700387 -0.645644 2 
0.138898 0.262821 -0.0116172 0.185985 0.699365 -0.690143 2 
0.138813 0.263058 -0.0118096 0.293555 0.704211 -0.646462 2 
0.138895 0.262987 -0.0120892 0.251682 0.710725 -0.656906 2 
0.138561 0.263143 -0.0119056 0.312063 0.703354 -0.638678 2 
0.138718 0.262899 -0.0121191 0.293724 0.691776 -0.659675 2 
0.138913 0.262568 -0.0122995 0.149714 0.724373 -0.672956 2 
0.1342 0.264459 -0.0147067 0.393516 0.900907 0.183064 1 
0.133541 0.265625 -0.0142315 0.569323 0.821112 0.040566 1 
0.13358 0.265067 -0.0148296 0.530868 0.84162 0.099268 1 
0.132983 0.266594 -0.0137835 0.642253 0.765925 0.0295127 1 
0.132327 0.267136 -0.0128273 0.557076 -0.506585 -0.658056 1 
0.132598 0.266619 -0.0135818 0.520975 0.85263 0.040075 1 
0.132568 0.266808 -0.0139606 0.709863 0.704328 0.00415124 1 
0.13302 0.266202 -0.0148534 0.627538 0.771563 0.104345 1 
0.133426 0.26605 -0.0148026 0.608971 0.787135 0.0978442 1 
0.132728 0.266539 -0.0154544 0.643943 0.762071 0.0677077 1 
0.132898 0.266524 -0.0150788 0.652905 0.750177 0.104642 1 
0.133708 0.26561 -0.0171831 0.513425 -0.697388 -0.500045 1 
0.129566 0.268138 -0.0161496 0.661945 0.681366 -0.31236 1 
0.129344 0.268492 -0.015876 0.680241 0.640902 -0.355692 1 
0.12974 0.268849 -0.0166007 0.612566 0.728327 -0.307087 1 
0.130083 0.268795 -0.0171299 0.565692 0.785075 -0.252289 1 
0.130679 0.268491 -0.0170912 0.592238 0.76504 -0.252919 1 
0.130402 0.268893 -0.0166312 0.629547 0.725174 -0.278913 1 
0.132076 0.267667 -0.0135726 0.763479 0.643156 -0.0587292 1 
0.132351 0.26743 -0.0145045 0.696874 0.716584 0.0295644 1 
0.131583 0.26822 -0.0142877 0.758582 0.639822 -0.123214 1 
0.132552 0.266896 -0.0161335 0.597225 0.801428 0.032169 1 
0.132171 0.267966 -0.0150154 0.702874 0.708624 -0.0618069 1 
0.132291 0.267808 -0.0152619 0.645193 0.764008 0.00414471 1 
0.13101 0.268679 -0.0142513 0.682396 0.728368 -0.0617748 1 
0.130496 0.26937 -0.0145786 0.661823 0.712128 -0.234232 1 
0.1302 0.269427 -0.0150022 0.641268 0.72635 -0.247369 1 
0.130357 0.269183 -0.0152157 0.609349 0.791159 -0.0525545 1 
0.130912 0.269143 -0.0150418 0.698378 0.592714 -0.401196 1 
0.130755 0.269387 -0.0148283 0.674219 0.699365 -0.237313 1 
0.13054 0.269386 -0.0148912 0.654002 0.717039 -0.241114 1 
0.130623 0.269315 -0.0151708 0.606058 0.792316 -0.0702053 1 
0.131574 0.268728 -0.0150632 0.704091 0.691925 -0.159675 1 
0.131291 0.269015 -0.0148978 0.678839 0.706673 -0.199477 1 
0.131121 0.269029 -0.0152733 0.661516 0.70888 -0.244714 1 
0.131089 0.268467 -0.0161057 0.621529 0.762022 -0.181725 1 
0.131215 0.268424 -0.0160577 0.62039 0.766008 -0.16837 1 
0.131081 0.268059 -0.016863 0.569915 0.792321 -0.217772 1 
0.130526 0.268863 -0.0159431 0.63438 0.720669 -0.279639 1 
0.130792 0.268995 -0.0158982 0.649365 0.718884 -0.248054 1 
0.130687 0.268899 -0.0163339 0.614805 0.752472 -0.236223 1 
0.130687 0.269357 -0.016343 0.6502 0.707712 -0.276375 1 
0.131115 0.268914 -0.0155678 0.660567 0.716786 -0.223312 1 
0.130862 0.268694 -0.0167668 0.596737 0.747122 -0.292769 1 
0.130524 0.269028 -0.016415 0.642677 0.718846 -0.265005 1 
0.130579 0.268981 -0.0166013 0.639877 0.722442 -0.261984 1 
0.130919 0.26894 -0.0164904 0.610777 0.759974 -0.222242 1 
0.130736 0.268736 -0.0168148 0.599453 0.754457 -0.267302 1 
0.131656 0.268657 -0.0153428 0.678376 0.714963 -0.169213 1 
0.13166 0.268479 -0.0155111 0.665847 0.72955 -0.156224 1 
0.131688 0.268456 -0.0156042 0.653637 0.743794 -0.139743 1 
0.131316 0.268698 -0.0154538 0.64707 0.733967 -0.20638 1 
0.131371 0.268651 -0.0156401 0.640219 0.744619 -0.188842 1 
0.131203 0.268958 -0.0155529 0.660567 0.716786 -0.223312 1 
0.130997 0.266921 -0.017028 0.542989 0.825642 -0.153227 1 
0.131231 0.267254 -0.0167217 0.573474 0.805842 -0.147465 1 
0.131075 0.26718 -0.0182514 0.520781 0.848945 -0.0898883 1 
0.130377 0.268433 -0.0178093 0.550079 0.807497 -0.212983 1 
0.130895 0.268021 -0.0176594 0.536294 0.823324 -0.185814 1 
0.130919 0.268176 -0.0175843 0.539913 0.815222 -0.209541 1 
0.130743 0.268075 -0.0182544 0.526014 0.838381 -0.142923 1 
0.131164 0.268128 -0.0188949 0.516298 0.84995 -0.104985 1 
0.131247 0.268057 -0.0191744 0.514928 0.854472 -0.0687506 1 
0.13103 0.267763 -0.0197002 0.505085 0.85707 -0.101589 1 
0.130982 0.267912 -0.0198595 0.476022 0.87007 -0.127994 1 
0.13125 0.267879 -0.0193427 0.511725 0.853825 -0.095503 1 
0.131295 0.267895 -0.0196553 0.47714 0.874052 0.091487 1 
0.131302 0.26801 -0.0193608 0.511725 0.853825 -0.095503 1 
0.131256 0.268146 -0.0201603 0.488383 0.867765 -0.0920142 1 
0.131392 0.268041 -0.019986 0.530556 0.843485 -0.0839218 1 
0.132373 0.266973 -0.0166354 0.598202 0.797122 -0.0821627 1 
0.132983 0.266886 -0.0166479 0.551599 0.832311 -0.0547388 1 
0.132987 0.267166 -0.0168253 0.553566 0.829637 -0.0725755 1 
0.133069 0.267095 -0.0171048 0.594807 0.787555 -0.161125 1 
0.133087 0.267135 -0.0173242 0.630283 0.750483 -0.198793 1 
0.133207 0.266977 -0.0175707 0.698741 0.647102 -0.304993 1 
0.132526 0.267365 -0.0166897 0.580303 0.80895 -0.094064 1 
0.132786 0.267382 -0.0169393 0.596626 0.796953 -0.0943569 1 
0.132484 0.268088 -0.0165636 0.572453 0.818789 -0.0433888 1 
0.132664 0.267247 -0.0171556 0.566589 0.817112 -0.106326 1 
0.132791 0.267191 -0.0177478 0.786002 0.403535 -0.46836 1 
0.132917 0.266385 -0.0187937 -0.492308 0.640168 0.589761 1 
0.132194 0.266732 -0.0188804 0.404586 0.912671 0.057798 1 
0.133021 0.266939 -0.0183671 0.757056 0.563353 -0.330909 1 
0.132881 0.267223 -0.0183731 0.80737 0.465237 -0.362917 1 
0.133051 0.267209 -0.0179975 0.733795 0.594487 -0.328831 1 
0.133171 0.267051 -0.018244 0.685381 0.662804 -0.301568 1 
0.131362 0.267938 -0.0175003 0.535259 0.824751 -0.18244 1 
0.131216 0.268106 -0.0178009 0.549675 0.819271 -0.163255 1 
0.131735 0.26814 -0.0183003 0.566758 0.815721 -0.115695 1 
0.131186 0.268295 -0.0181796 0.543135 0.827282 -0.143553 1 
0.131896 0.268036 -0.0169388 0.571331 0.803481 -0.167329 1 
0.131936 0.26716 -0.01928 0.390329 0.920341 0.0248035 1 
0.131617 0.268285 -0.0186939 0.539708 0.833565 -0.117834 1 
0.131812 0.267954 -0.0188743 0.477621 0.877679 -0.0394616 1 
0.131424 0.268145 -0.0191445 0.524717 0.849342 -0.057369 1 
0.131756 0.267696 -0.0197909 0.495222 0.866289 -0.0655646 1 
0.133669 0.265875 -0.0137207 0.568199 0.820417 0.063763 1 
0.133903 0.266209 -0.0134144 0.572306 0.818186 0.055111 1 
0.133874 0.265023 -0.0137658 0.554005 0.830303 0.0606164 1 
0.134031 0.265237 -0.0139883 0.556408 0.828241 0.0665424 1 
0.133826 0.265631 -0.0139342 0.558461 0.827088 0.0636221 1 
0.133824 0.265338 -0.014397 0.566122 0.823324 0.0405372 1 
0.134141 0.265143 -0.0143611 0.54159 0.839534 0.0431601 1 
0.134257 0.265621 -0.0144484 0.583216 0.807862 0.0849623 1 
0.134285 0.265139 -0.0145326 0.502794 0.862131 0.0626751 1 
0.134315 0.265854 -0.0148122 0.582 0.809053 0.0819112 1 
0.135256 0.265789 -0.0148401 0.482511 0.856642 0.182612 1 
0.134967 0.265961 -0.0149691 0.541 0.831293 0.127553 1 
0.132817 0.266749 -0.0125842 0.624493 0.77883 -0.0585909 1 
0.133438 0.267044 -0.0131197 0.651912 0.758005 -0.0209394 1 
0.133259 0.266205 -0.0136032 0.61693 0.785054 0.0555664 1 
0.133342 0.266134 -0.0138828 0.604916 0.793684 0.0643528 1 
0.133525 0.266337 -0.0135584 0.612501 0.788719 0.0525813 1 
0.133633 0.266713 -0.0133001 0.595411 0.801895 0.0494997 1 
0.133255 0.266841 -0.0134441 0.632691 0.773602 0.0352278 1 
0.132795 0.26704 -0.0133085 0.668633 0.742452 -0.0411685 1 
0.132617 0.26741 -0.0133476 0.726032 0.686249 -0.044045 1 
0.132832 0.267411 -0.0132846 0.695597 0.715759 -0.0619268 1 
0.13321 0.267283 -0.0131406 0.639942 0.768209 -0.0181247 1 
0.13306 0.267172 -0.0132637 0.639942 0.768209 -0.0181247 1 
0.133017 0.267143 -0.0135913 0.662692 0.748829 -0.00972505 1 
0.133774 0.266111 -0.0150373 0.594585 0.798111 0.0974015 1 
0.133484 0.266283 -0.0151664 0.608794 0.786907 0.100736 1 
0.134115 0.26607 -0.0149264 0.582466 0.810325 0.0640855 1 
0.134213 0.266051 -0.0147852 0.600914 0.79596 0.0731423 1 
0.134286 0.266043 -0.015191 0.571262 0.812102 0.118952 1 
0.133529 0.266299 -0.015479 0.616269 0.778834 0.116751 1 
0.134463 0.266131 -0.0151611 0.583384 0.801968 0.128492 1 
0.135439 0.265686 -0.0156186 0.296478 0.817274 0.494129 1 
0.135049 0.26589 -0.0152487 0.456452 0.860179 0.227473 1 
0.134055 0.266448 -0.0156838 0.545331 0.815719 0.192917 1 
0.134035 0.266574 -0.0159363 0.546234 0.821596 0.163122 1 
0.134206 0.266547 -0.0162009 0.572331 0.805448 0.153917 1 
0.134057 0.26688 -0.0169733 0.861176 0.340465 -0.377438 1 
0.13447 0.266233 -0.0155067 0.464428 0.861656 0.204587 1 
0.134811 0.266192 -0.0153958 0.449398 0.867443 0.213502 1 
0.134689 0.266057 -0.0156121 0.37799 0.880973 0.284622 1 
0.134413 0.266446 -0.0157923 0.508102 0.831579 0.224297 1 
0.134696 0.266159 -0.0159577 0.415784 0.854753 0.310679 1 
0.134954 0.266189 -0.0155672 0.33161 0.879751 0.340695 1 
0.135074 0.266031 -0.0158137 0.28894 0.845188 0.449634 1 
0.134315 0.26691 -0.0165828 0.842272 0.448281 -0.299371 1 
0.134343 0.266886 -0.016676 0.841093 0.429129 -0.329259 1 
0.136042 0.265038 -0.0152763 0.932128 -0.361855 0.014065 1 
0.135595 0.265455 -0.0151918 0.31712 0.865568 0.387591 1 
0.134063 0.266995 -0.0166788 0.829607 0.439203 -0.344751 1 
0.128895 0.268755 -0.0180066 0.517661 0.81168 -0.27056 1 
0.128147 0.269113 -0.0186403 0.510263 0.811711 -0.284177 1 
0.128558 0.269535 -0.018304 0.519181 0.790752 -0.324288 1 
0.128664 0.26916 -0.0184994 0.526463 0.785695 -0.324839 1 
0.128583 0.269218 -0.0188601 0.505545 0.81976 -0.269105 1 
0.128714 0.268679 -0.0207235 0.379486 0.893342 -0.240686 1 
0.127902 0.269301 -0.0190819 0.344149 0.922881 -0.172777 1 
0.127589 0.269318 -0.0192861 0.350635 0.914513 -0.201794 1 
0.1279 0.269466 -0.0195538 0.338052 0.927905 -0.157201 1 
0.127488 0.269502 -0.0198991 0.181746 0.980949 0.0686063 1 
0.128211 0.269461 -0.0187095 0.505035 0.810258 -0.297357 1 
0.128491 0.269352 -0.0187067 0.519539 0.800626 -0.298458 1 
0.127991 0.269345 -0.019067 0.405803 0.884443 -0.230401 1 
0.128256 0.269477 -0.0190221 0.454499 0.852377 -0.258621 1 
0.128339 0.269406 -0.0193017 0.338052 0.927905 -0.157201 1 
0.128032 0.269538 -0.0192114 0.344149 0.922881 -0.172777 1 
0.128049 0.269578 -0.0194307 0.326269 0.928398 -0.177838 1 
0.128291 0.269555 -0.019461 0.344149 0.922881 -0.172777 1 
0.128498 0.269454 -0.0190524 0.464137 0.847089 -0.258875 1 
0.128461 0.269541 -0.0190855 0.456445 0.853354 -0.251884 1 
0.128549 0.269585 -0.0190705 0.470248 0.840278 -0.269814 1 
0.128604 0.269538 -0.0192569 0.451705 0.85288 -0.261836 1 
0.127618 0.26974 -0.0200285 0.181746 0.980949 0.0686063 1 
0.128173 0.2697 -0.0198546 0.259476 0.964656 -0.045936 1 
0.128228 0.269653 -0.0200411 0.779478 0.397032 -0.484541 1 
0.128803 0.269487 -0.0196147 0.444897 0.867324 -0.223197 1 
0.128858 0.26944 -0.019801 0.402543 0.859066 -0.316173 1 
0.128568 0.269612 -0.0199301 0.632013 0.661872 -0.403095 1 
0.128865 0.269542 -0.0201467 0.403902 0.867246 -0.291114 1 
0.127958 0.269699 -0.0199176 0.241647 0.970197 -0.0180334 1 
0.128931 0.270361 -0.0162577 0.695997 0.623941 -0.355368 1 
0.129272 0.27032 -0.0161468 0.682135 0.642876 -0.348429 1 
0.12939 0.269412 -0.016847 0.565449 0.774523 -0.283517 1 
0.129232 0.269656 -0.0166335 0.594965 0.745711 -0.299888 1 
0.1291 0.269583 -0.016976 0.568908 0.766512 -0.297999 1 
0.129 0.270073 -0.0164862 0.623799 0.701978 -0.34366 1 
0.128897 0.27027 -0.0164591 0.640152 0.679446 -0.358551 1 
0.128988 0.269843 -0.0170752 0.546431 0.779023 -0.307467 1 
0.129768 0.269284 -0.016703 0.580085 0.764441 -0.281302 1 
0.129699 0.269572 -0.0164745 0.582188 0.763032 -0.280783 1 
0.130033 0.269416 -0.0166581 0.59758 0.750561 -0.282058 1 
0.129927 0.269791 -0.0164627 0.596684 0.752617 -0.278452 1 
0.129673 0.269125 -0.0170124 0.568937 0.77697 -0.269497 1 
0.129655 0.269544 -0.0168021 0.563676 0.77841 -0.276312 1 
0.129969 0.269068 -0.0165889 0.60708 0.744111 -0.278842 1 
0.130317 0.269129 -0.0168236 0.628509 0.724464 -0.283069 1 
0.129856 0.269328 -0.016688 0.580972 0.762427 -0.284915 1 
0.130122 0.26946 -0.0166432 0.588604 0.765343 -0.260374 1 
0.129283 0.269786 -0.0166516 0.599543 0.737775 -0.310219 1 
0.12946 0.269874 -0.0166217 0.600967 0.736305 -0.310956 1 
0.129088 0.270117 -0.0164712 0.625948 0.697859 -0.348112 1 
0.128986 0.270314 -0.0164441 0.642827 0.678813 -0.354945 1 
0.129013 0.270291 -0.0165373 0.636844 0.685958 -0.351983 1 
0.129191 0.270379 -0.0165074 0.635912 0.694461 -0.336659 1 
0.129644 0.270077 -0.0162973 0.654068 0.676903 -0.337636 1 
0.129657 0.270295 -0.0163484 0.658087 0.67115 -0.341291 1 
0.129549 0.269918 -0.0166067 0.604447 0.733395 -0.311088 1 
0.129815 0.27005 -0.0165619 0.750408 0.435138 -0.497536 1 
0.129354 0.270249 -0.0164263 0.649273 0.685073 -0.330332 1 
0.12952 0.270095 -0.0176256 0.53231 0.794516 -0.292218 1 
0.12883 0.270546 -0.0168708 0.630701 0.686399 -0.362039 1 
0.128875 0.270103 -0.0171743 0.541402 0.78096 -0.311426 1 
0.128794 0.270161 -0.0175349 0.536155 0.787527 -0.303874 1 
0.128956 0.270503 -0.0168228 0.621069 0.705835 -0.340691 1 
0.130336 0.269461 -0.0165802 0.645437 0.703381 -0.29777 1 
0.130104 0.269879 -0.0164329 0.595992 0.757242 -0.267169 1 
0.130555 0.269285 -0.0166856 0.623318 0.731721 -0.27579 1 
0.129919 0.270146 -0.0161262 0.719549 0.588424 -0.36879 1 
0.129964 0.270162 -0.0164388 0.639608 0.697902 -0.322233 1 
0.129332 0.26886 -0.0182264 0.532933 0.800185 -0.275113 1 
0.129598 0.268992 -0.0181815 0.524877 0.811457 -0.256987 1 
0.130082 0.26849 -0.0182329 0.52582 0.830163 -0.185318 1 
0.130052 0.268678 -0.0186116 0.499757 0.844935 -0.190598 1 
0.130172 0.268521 -0.0188581 0.48432 0.857558 -0.173289 1 
0.12968 0.268921 -0.0184611 0.502403 0.831192 -0.238142 1 
0.129762 0.26885 -0.0187406 0.473728 0.852105 -0.222486 1 
0.128954 0.268988 -0.0183704 0.513885 0.809329 -0.284444 1 
0.128857 0.269758 -0.0180579 0.536751 0.790084 -0.296084 1 
0.129036 0.268917 -0.01865 0.491514 0.829527 -0.265139 1 
0.129339 0.268962 -0.018572 0.499326 0.827057 -0.258166 1 
0.129367 0.268939 -0.0186652 0.500256 0.829656 -0.247819 1 
0.129006 0.269106 -0.0190286 0.488005 0.843747 -0.223479 1 
0.1293 0.269214 -0.019077 0.460046 0.861649 -0.214288 1 
0.129715 0.269 -0.0188999 0.462698 0.861007 -0.211134 1 
0.130115 0.268581 -0.0180316 0.547575 0.808325 -0.216269 1 
0.130199 0.269719 -0.0178665 0.524455 0.810804 -0.259893 1 
0.129559 0.269231 -0.0193266 0.426863 0.864359 -0.26584 1 
0.130775 0.268013 -0.0202681 0.489555 0.861443 -0.1351 1 
0.130952 0.268101 -0.0202382 0.492989 0.859459 -0.135245 1 
0.128745 0.270018 -0.018157 0.500142 0.80499 -0.319138 1 
0.128599 0.269728 -0.0184484 0.506938 0.799341 -0.322597 1 
0.129103 0.270016 -0.0182655 0.505388 0.803234 -0.315273 1 
0.128921 0.269342 -0.019221 0.47731 0.846348 -0.236368 1 
0.129269 0.269403 -0.0194557 0.399926 0.871321 -0.284358 1 
0.131586 0.26771 -0.0201665 0.477577 0.878039 -0.0311169 1 
0.13158 0.267595 -0.020461 0.521154 0.851912 -0.0514205 1 
0.131576 0.267773 -0.0202927 0.55135 0.830586 -0.0783572 1 
0.130769 0.267898 -0.0205626 0.514831 0.848383 0.123269 1 
0.13073 0.267692 -0.0210584 0.455258 0.85418 -0.251229 1 
0.130755 0.268139 -0.0205205 0.531161 0.803792 0.267931 1 
0.130913 0.267895 -0.020734 0.510812 0.840368 -0.181256 1 
0.131123 0.268074 -0.0205028 0.500362 0.852523 -0.151136 1 
0.142265 0.264568 -0.0226567 0.579251 0.810373 -0.0881154 1 
0.142421 0.264337 -0.02223 0.584522 0.809879 0.049297 1 
0.142667 0.264137 -0.0224285 0.595161 0.80326 0.0235845 1 
0.142562 0.264499 -0.0228733 0.583589 0.809034 -0.0699165 1 
0.144408 0.262928 -0.0218225 0.601665 0.797029 0.0523802 1 
0.143232 0.264034 -0.0221284 0.587167 0.808581 0.0378365 1 
0.143023 0.264147 -0.0218968 0.596986 0.801983 0.0207768 1 
0.143514 0.26376 -0.0216536 0.594084 0.80376 0.0321504 1 
0.142799 0.264209 -0.022086 0.598277 0.800942 0.0235979 1 
0.143058 0.264226 -0.0223356 0.5871 0.809171 0.023595 1 
0.142804 0.264018 -0.0228944 0.593969 0.80193 -0.0640974 1 
0.142863 0.263793 -0.0232491 0.590272 0.802016 -0.091369 1 
0.143003 0.263968 -0.0232522 0.591876 0.802128 -0.0792048 1 
0.142467 0.26434 -0.0231828 0.577022 0.811301 -0.094001 1 
0.142573 0.264423 -0.0233873 0.570904 0.813283 -0.112429 1 
0.14291 0.263796 -0.0242019 0.535378 0.835889 -0.12108 1 
0.143079 0.263782 -0.0238263 0.554227 0.824795 -0.112009 1 
0.143087 0.263884 -0.024172 0.535378 0.835889 -0.12108 1 
0.142531 0.263618 -0.0254488 0.26958 0.958363 -0.0941595 1 
0.142684 0.263552 -0.0254941 0.27387 0.957901 -0.0861468 1 
0.142675 0.26392 -0.0245173 0.52706 0.838305 -0.139473 1 
0.14269 0.263667 -0.0251996 0.393077 0.910652 -0.127295 1 
0.142748 0.263912 -0.0249231 0.429722 0.892279 -0.138482 1 
0.143045 0.263843 -0.0251397 0.393077 0.910652 -0.127295 1 
0.143258 0.263857 -0.0244366 0.515013 0.848683 -0.120411 1 
0.142941 0.264053 -0.0244724 0.52706 0.838305 -0.139473 1 
0.143126 0.263785 -0.0247792 0.450831 0.883057 -0.13024 1 
0.143181 0.263737 -0.0249655 0.414927 0.901588 -0.122368 1 
0.142765 0.263494 -0.0251335 0.350841 0.930608 -0.104304 1 
0.1431 0.263796 -0.0253261 0.345103 0.932455 -0.106914 1 
0.142991 0.263419 -0.0255844 0.21633 0.975296 -0.0447162 1 
0.142855 0.263525 -0.0257587 0.169357 0.984607 -0.0432152 1 
0.14334 0.26348 -0.0258191 0.0922691 0.995421 0.0249669 1 
0.14356 0.263597 -0.0254617 0.226862 0.973465 -0.0300082 1 
0.143188 0.26384 -0.0253112 0.345103 0.932455 -0.106914 1 
0.143257 0.263551 -0.0255396 0.214873 0.975933 -0.0372127 1 
0.143087 0.263566 -0.0259152 0.0222613 0.997519 0.066784 1 
0.143405 0.26337 -0.0258793 0.00531628 0.99627 0.0861237 1 
0.144392 0.262876 -0.0222432 0.601665 0.797029 0.0523802 1 
0.144066 0.263121 -0.0230455 0.567546 0.823148 -0.0178646 1 
0.144121 0.263074 -0.0232319 0.569445 0.821608 -0.0263247 1 
0.144292 0.263047 -0.0234965 0.558872 0.827803 -0.0490239 1 
0.144548 0.262644 -0.0218165 0.604985 0.796033 0.0179973 1 
0.144593 0.26266 -0.0221291 0.613769 0.789131 0.02366 1 
0.144669 0.262474 -0.0227032 0.604149 0.795674 0.0436565 1 
0.144287 0.263238 -0.022688 0.590788 0.806626 0.0179865 1 
0.144499 0.262946 -0.0230878 0.5871 0.809171 0.023595 1 
0.144375 0.262976 -0.0237761 0.537712 0.840965 -0.0603697 1 
0.143493 0.26358 -0.0230091 0.577415 0.814592 -0.0550591 1 
0.143674 0.26349 -0.0231475 0.577415 0.814592 -0.0550591 1 
0.143411 0.263651 -0.0227295 0.594653 0.803547 -0.02646 1 
0.143296 0.263618 -0.0232915 0.576829 0.812739 -0.0819932 1 
0.143871 0.263452 -0.0228651 0.590235 0.806886 -0.0236094 1 
0.143631 0.263462 -0.023475 0.568203 0.8185 -0.0848708 1 
0.144016 0.263436 -0.0236767 0.533824 0.842507 -0.0722149 1 
0.142964 0.264067 -0.0226451 0.595111 0.799726 -0.0792521 1 
0.144002 0.263371 -0.0247376 0.413909 0.907886 -0.0664969 1 
0.144096 0.26353 -0.0244282 0.49066 0.866786 -0.0890824 1 
0.144179 0.263459 -0.0247077 0.413909 0.907886 -0.0664969 1 
0.144159 0.263127 -0.0249511 0.326727 0.944584 -0.0317828 1 
0.144184 0.263269 -0.0255162 0.14773 0.988305 0.0377915 1 
0.143598 0.263816 -0.0243257 0.504968 0.856 -0.110776 1 
0.143429 0.26383 -0.0247012 0.446446 0.88576 -0.126945 1 
0.143586 0.263586 -0.0249147 0.398453 0.911341 -0.103405 1 
0.143681 0.263745 -0.0246052 0.465644 0.87892 -0.103319 1 
0.143901 0.263861 -0.0242478 0.508374 0.855834 -0.0954092 1 
0.140961 0.265424 -0.0234734 0.635225 0.772043 -0.0209415 1 
0.141201 0.265415 -0.0228634 0.52529 0.7791 0.342161 1 
0.141284 0.265344 -0.023143 0.615646 0.786264 -0.0526072 1 
0.142272 0.264671 -0.0230024 0.582932 0.809231 -0.0730456 1 
0.141603 0.264983 -0.0226352 0.615717 0.785075 -0.0674562 1 
0.141957 0.265159 -0.0225755 0.603434 0.796645 -0.035002 1 
0.141686 0.264912 -0.0229148 0.601112 0.79016 -0.119632 1 
0.141656 0.265101 -0.0232935 0.604641 0.792239 -0.0822543 1 
0.140766 0.265755 -0.023293 0.629866 0.776604 0.0124589 1 
0.141151 0.26573 -0.0234946 0.635186 0.771995 -0.0237322 1 
0.142062 0.264491 -0.0232336 0.578218 0.810085 -0.0970942 1 
0.142117 0.26382 -0.0262661 0.0684721 0.997586 0.0115876 1 
0.142188 0.263824 -0.0260317 0.0300829 0.998961 0.0342323 1 
0.142436 0.263459 -0.0257583 0.160188 0.985683 -0.0526165 1 
0.142621 0.263649 -0.0260741 0.0300829 0.998961 0.0342323 1 
0.142566 0.263697 -0.0258877 0.137503 0.989791 -0.0375007 1 
0.141652 0.263891 -0.0270652 -0.090773 0.981559 0.168233 1 
0.141843 0.263738 -0.0270774 -0.084386 0.985295 0.148567 1 
0.14188 0.26411 -0.0270534 -0.00317021 0.996504 0.0834823 1 
0.141697 0.263907 -0.0273779 -0.118916 0.967949 0.221209 1 
0.141898 0.263691 -0.0272638 -0.090773 0.981559 0.168233 1 
0.142288 0.263793 -0.0265307 0.0495429 0.998237 0.0326773 1 
0.142146 0.263783 -0.0269995 0.0367476 0.998485 0.0409473 1 
0.142207 0.263851 -0.0268913 0.0367476 0.998485 0.0409473 1 
0.142709 0.263693 -0.0260591 0.0300829 0.998961 0.0342323 1 
0.142666 0.263665 -0.0263867 0.0300829 0.998961 0.0342323 1 
0.142636 0.263854 -0.0267654 0.0495429 0.998237 0.0326773 1 
0.142762 0.263811 -0.0267174 0.0240477 0.998502 0.049141 1 
0.142541 0.263695 -0.0270749 0.0367476 0.998485 0.0409473 1 
0.142036 0.263878 -0.0266267 0.044328 0.998927 0.0134015 1 
0.142969 0.26371 -0.0263088 0.0300829 0.998961 0.0342323 1 
0.125356 0.268118 -0.0038655 0.363654 0.929631 -0.059507 1 
0.125829 0.267385 -0.00450593 0.313793 0.946587 0.0742166 1 
0.126006 0.267473 -0.004476 0.279311 0.957819 0.0675957 1 
0.126638 0.268011 -0.0037823 0.272317 0.962188 0.0060515 1 
0.127437 0.266562 -0.00425151 0.260503 0.961164 0.0911117 1 
0.125945 0.267405 -0.00458412 0.289051 0.954509 0.0732261 1 
0.125996 0.267536 -0.00460224 0.279311 0.957819 0.0675957 1 
0.126354 0.267534 -0.00471073 0.27259 0.956021 0.108253 1 
0.126116 0.267378 -0.00484878 0.270783 0.957457 0.0997621 1 
0.126464 0.267439 -0.00508347 0.268265 0.956594 0.113849 1 
0.125972 0.26784 -0.00468643 0.289051 0.954509 0.0732261 1 
0.126186 0.267841 -0.0046235 0.292638 0.947398 0.129616 1 
0.126129 0.268054 -0.00490902 0.292638 0.947398 0.129616 1 
0.127043 0.267096 -0.00482537 0.279335 0.950274 0.137663 1 
0.127295 0.26701 -0.00472938 0.287562 0.94639 0.147156 1 
0.1271 0.267341 -0.00454895 0.269449 0.955558 0.119609 1 
0.127271 0.267314 -0.00481357 0.287562 0.94639 0.147156 1 
0.12706 0.267135 -0.00504479 0.287562 0.94639 0.147156 1 
0.127415 0.266853 -0.00497589 0.297171 0.940814 0.162965 1 
0.127609 0.26698 -0.00516541 0.348757 0.890604 0.291879 1 
0.127273 0.267301 -0.00545375 0.355888 0.887468 0.29282 1 
0.127361 0.267345 -0.0054388 0.362 0.880009 0.307473 1 
0.126558 0.267598 -0.00477402 0.27259 0.956021 0.108253 1 
0.126552 0.267483 -0.00506854 0.268265 0.956594 0.113849 1 
0.126501 0.267811 -0.00505957 0.268265 0.956594 0.113849 1 
0.126793 0.267932 -0.00446768 0.253416 0.964493 0.0743857 1 
0.127046 0.267834 -0.0050119 0.286194 0.94539 0.155983 1 
0.126855 0.267987 -0.00499976 0.281761 0.947743 0.149644 1 
0.126607 0.267436 -0.00525491 0.286194 0.94539 0.155983 1 
0.126942 0.26728 -0.00543849 0.33538 0.90655 0.256295 1 
0.127113 0.267253 -0.00570309 0.378641 0.857738 0.347731 1 
0.127109 0.267889 -0.00554395 0.388389 0.855694 0.341968 1 
0.127495 0.267405 -0.00573647 0.375981 0.867059 0.326874 1 
0.131021 0.265461 -0.00484614 0.130936 0.963222 0.234648 1 
0.130593 0.265904 -0.00562133 0.319205 0.947678 0.00372613 1 
0.130991 0.26565 -0.00522485 0.169379 0.947169 0.272362 1 
0.130757 0.265774 -0.00554031 0.329682 0.934328 0.13543 1 
0.130941 0.265965 -0.00585608 0.34516 0.933409 0.0980415 1 
0.131142 0.265749 -0.00574197 0.313358 0.916969 0.246932 1 
0.131483 0.265707 -0.005631 0.320185 0.907923 0.270476 1 
0.131994 0.266556 -0.0058029 0.283873 0.925796 0.249637 1 
0.127673 0.266882 -0.00458536 0.276441 0.947991 0.157774 1 
0.128424 0.266957 -0.0052412 0.391512 0.869858 0.300109 1 
0.127586 0.26759 -0.00414665 0.273167 0.954106 0.122727 1 
0.127909 0.267203 -0.00491925 0.330026 0.905004 0.268421 1 
0.127964 0.267156 -0.00510564 0.350299 0.88552 0.305196 1 
0.128046 0.267085 -0.00538518 0.365883 0.875995 0.314265 1 
0.127623 0.267197 -0.00521655 0.348757 0.890604 0.291879 1 
0.127668 0.267213 -0.00552918 0.384518 0.860147 0.335102 1 
0.127593 0.267386 -0.00559531 0.375981 0.867059 0.326874 1 
0.128141 0.267244 -0.00507572 0.350299 0.88552 0.305196 1 
0.128489 0.267305 -0.00531042 0.398504 0.860091 0.318495 1 
0.128074 0.267061 -0.00547838 0.390796 0.857279 0.335188 1 
0.128054 0.267187 -0.00573088 0.405434 0.849704 0.337085 1 
0.127941 0.267447 -0.00583002 0.405434 0.849704 0.337085 1 
0.128136 0.267116 -0.00601041 0.415161 0.841289 0.346229 1 
0.128106 0.267305 -0.00638914 0.429929 0.833085 0.348038 1 
0.128251 0.267149 -0.00544846 0.398521 0.854418 0.333393 1 
0.128394 0.267146 -0.00561993 0.405434 0.849704 0.337085 1 
0.128258 0.267252 -0.00579414 0.40735 0.844353 0.348042 1 
0.128609 0.267148 -0.00555697 0.411457 0.84931 0.330719 1 
0.128636 0.267124 -0.00565015 0.411879 0.85018 0.327949 1 
0.128402 0.267248 -0.00596559 0.433147 0.830067 0.351243 1 
0.128429 0.267225 -0.00605877 0.429456 0.832169 0.350801 1 
0.128289 0.267508 -0.00606476 0.433625 0.830983 0.348477 1 
0.128301 0.266974 -0.00656956 0.439679 0.830504 0.341972 1 
0.128484 0.267177 -0.00624514 0.438314 0.83421 0.334627 1 
0.128454 0.267366 -0.00662385 0.438314 0.83421 0.334627 1 
0.128594 0.267083 -0.00661789 0.432802 0.839043 0.32968 1 
0.128612 0.267122 -0.00683734 0.437623 0.836032 0.330962 1 
0.127672 0.267493 -0.00570659 0.375981 0.867059 0.326874 1 
0.127563 0.267575 -0.00597402 0.393087 0.852983 0.343369 1 
0.127986 0.267463 -0.00614266 0.406716 0.846157 0.344384 1 
0.128527 0.267358 -0.00702967 0.450763 0.824026 0.343212 1 
0.12877 0.267184 -0.00594783 0.428441 0.84286 0.325615 1 
0.128777 0.267286 -0.00629346 0.428441 0.84286 0.325615 1 
0.128832 0.267238 -0.00647987 0.417174 0.851406 0.31792 1 
0.12899 0.266994 -0.00669332 0.401478 0.859871 0.315337 1 
0.128747 0.267475 -0.00667222 0.4238 0.839781 0.339353 1 
0.128782 0.268011 -0.00712021 0.429129 0.841093 0.329259 1 
0.128918 0.267906 -0.00694594 0.429129 0.841093 0.329259 1 
0.130563 0.266092 -0.00600006 0.405122 0.857997 0.31578 1 
0.131734 0.266539 -0.00555325 0.320185 0.907923 0.270476 1 
0.13183 0.267143 -0.00589308 0.298574 0.9188 0.258187 1 
0.130986 0.26598 -0.00616868 0.359971 0.896224 0.259238 1 
0.131402 0.265766 -0.00599162 0.297217 0.920366 0.254142 1 
0.131565 0.265636 -0.00591056 0.293817 0.921583 0.253686 1 
0.131447 0.265781 -0.00630425 0.409167 0.894962 0.177836 1 
0.131527 0.265876 -0.00705573 0.385434 0.900315 0.202171 1 
0.132208 0.265793 -0.00683381 0.39488 0.896129 0.20254 1 
0.131891 0.265989 -0.0068697 0.390598 0.898811 0.198929 1 
0.132263 0.265746 -0.00702022 0.39488 0.896129 0.20254 1 
0.132172 0.265103 -0.00860092 0.322963 0.942525 -0.0856841 1 
0.132437 0.265235 -0.00855605 0.456558 0.886908 0.0703458 1 
0.132751 0.265218 -0.00835192 0.512977 0.854015 0.0866804 1 
0.131982 0.266326 -0.00639196 0.392082 0.903367 0.17378 1 
0.132586 0.265665 -0.00668985 0.385194 0.906424 0.173266 1 
0.132529 0.265878 -0.00697535 0.390598 0.898811 0.198929 1 
0.132462 0.265695 -0.00737801 0.451629 0.878571 0.155384 1 
0.132479 0.265734 -0.00759745 0.446401 0.888578 0.105615 1 
0.132639 0.265783 -0.00734812 0.448726 0.884631 0.126783 1 
0.132656 0.265823 -0.00756755 0.446401 0.888578 0.105615 1 
0.132432 0.265884 -0.00775674 0.447048 0.889918 0.0905237 1 
0.132739 0.265752 -0.00784709 0.468476 0.879615 0.0825076 1 
0.133291 0.264655 -0.00922985 0.688236 0.697515 0.199511 1 
0.128759 0.267399 -0.00718617 0.435783 0.838765 0.326447 1 
0.128997 0.267096 -0.007039 0.403449 0.863656 0.302203 1 
0.129339 0.267043 -0.00756824 0.418677 0.866281 0.272521 1 
0.128912 0.267333 -0.00723131 0.415082 0.856397 0.307068 1 
0.129523 0.267246 -0.0072438 0.396937 0.882248 0.253141 1 
0.129806 0.266959 -0.00740929 0.465122 0.705185 0.535141 1 
0.129833 0.266935 -0.00750248 0.380955 0.90887 0.169789 1 
0.12965 0.26719 -0.00783601 0.417776 0.875981 0.241082 1 
0.129658 0.267292 -0.00818166 0.422414 0.858653 0.290314 1 
0.129032 0.267633 -0.00748697 0.424608 0.853848 0.301086 1 
0.129012 0.267301 -0.00773032 0.430439 0.853164 0.294673 1 
0.128688 0.267852 -0.00742966 0.432802 0.839043 0.32968 1 
0.12863 0.268065 -0.00771515 0.436226 0.839617 0.323651 1 
0.129197 0.267491 -0.00804611 0.413218 0.87033 0.26791 1 
0.129112 0.267727 -0.00823845 0.464092 0.832866 0.301582 1 
0.129167 0.26768 -0.00842483 0.466976 0.832436 0.298302 1 
0.129941 0.267006 -0.00834714 0.394216 0.840262 0.372228 1 
0.129325 0.267436 -0.00863828 0.453036 0.805219 0.382599 1 
0.130531 0.266447 -0.00685072 0.377281 0.896961 0.230479 1 
0.130994 0.266082 -0.00651434 0.36041 0.930728 0.0620485 1 
0.131039 0.266098 -0.00682698 0.383584 0.91869 0.0941896 1 
0.130667 0.266341 -0.00667645 0.374503 0.89734 0.233514 1 
0.130757 0.266372 -0.0073017 0.396366 0.891455 0.219548 1 
0.130784 0.266349 -0.00739489 0.406402 0.892919 0.193733 1 
0.131046 0.2662 -0.00717261 0.38195 0.901867 0.201867 1 
0.131036 0.266263 -0.0072989 0.386645 0.869568 0.307176 1 
0.131044 0.266366 -0.00764453 0.390961 0.87702 0.279258 1 
0.130289 0.266469 -0.00682044 0.377281 0.896961 0.230479 1 
0.130058 0.266873 -0.00731328 0.453709 0.716296 0.530159 1 
0.130406 0.266476 -0.00753886 0.399632 0.889219 0.222673 1 
0.130341 0.266587 -0.00747871 0.393922 0.887439 0.239326 1 
0.130377 0.266665 -0.00791758 0.401801 0.882767 0.243471 1 
0.13124 0.265882 -0.00671288 0.395357 0.899329 0.186817 1 
0.131445 0.265947 -0.00677617 0.385434 0.900315 0.202171 1 
0.131507 0.266001 -0.0073082 0.397568 0.89562 0.199512 1 
0.131901 0.266384 -0.00675257 0.397568 0.89562 0.199512 1 
0.13141 0.266772 -0.00699574 0.388593 0.890957 0.234929 1 
0.132008 0.266454 -0.00759724 0.405909 0.897044 0.174786 1 
0.131581 0.266745 -0.00726035 0.38229 0.904511 0.188981 1 
0.130878 0.266202 -0.00818838 0.396977 0.899333 0.183331 1 
0.130772 0.266577 -0.00799301 0.418574 0.885613 0.201209 1 
0.132046 0.26591 -0.00755507 0.430646 0.891337 0.141641 1 
0.13204 0.265795 -0.00784959 0.434708 0.893333 0.113953 1 
0.132088 0.266549 -0.00834869 0.422471 0.905295 0.0442589 1 
0.131715 0.26604 -0.00865187 0.389443 0.920141 -0.0409245 1 
0.131728 0.266258 -0.00870298 0.422766 0.903984 0.0638906 1 
0.131581 0.266439 -0.00836329 0.416621 0.907398 0.0552798 1 
0.131673 0.266763 -0.00852576 0.388897 0.921208 0.0116282 1 
0.132049 0.266342 -0.00884451 0.429186 0.902494 0.0360998 1 
0.130111 0.266991 -0.00797155 0.387769 0.857418 0.338333 1 
0.130063 0.267141 -0.00813083 0.387769 0.857418 0.338333 1 
0.131217 0.267548 -0.00746462 0.405796 0.894497 0.187626 1 
0.128447 0.267862 -0.00803956 0.500246 0.797516 0.337226 1 
0.128252 0.268193 -0.00785919 0.49138 0.798692 0.347327 1 
0.128134 0.268338 -0.00825283 0.523821 0.775255 0.352975 1 
0.128703 0.268057 -0.00812101 0.455574 0.824446 0.335769 1 
0.131962 0.266452 -0.00664441 0.406432 0.890628 0.203949 1 
0.132211 0.266531 -0.00702031 0.392477 0.899366 0.192618 1 
0.132127 0.26631 -0.00720356 0.391886 0.900903 0.186543 1 
0.132219 0.266634 -0.00736602 0.391886 0.900903 0.186543 1 
0.132429 0.266507 -0.00823776 0.44162 0.89547 0.0557121 1 
0.132052 0.267081 -0.00903107 0.414691 0.909687 0.0223801 1 
0.133277 0.265812 -0.00920604 0.217161 0.975427 0.0371934 1 
0.133229 0.265962 -0.00936535 0.229169 0.971823 0.0551476 1 
0.136598 0.261704 -0.00407125 0.547201 0.516894 0.658325 1 
0.137572 0.261106 -0.0067438 0.899736 0.264454 -0.347189 1 
0.138123 0.260938 -0.0075046 0.952326 -0.303184 0.0339667 1 
0.133984 0.262551 -0.00312561 0.125695 0.987937 0.0904532 1 
0.134768 0.262271 -0.00293085 0.182547 0.978894 -0.0918862 1 
0.134079 0.26271 -0.00281616 0.125695 0.987937 0.0904532 1 
0.134161 0.262639 -0.00309573 0.138535 0.990019 -0.0259049 1 
0.134441 0.262988 -0.00310203 0.170546 0.952102 0.253804 1 
0.134618 0.263076 -0.00307216 0.243577 0.948452 0.202754 1 
0.134332 0.262612 -0.00336036 0.243577 0.948452 0.202754 1 
0.134681 0.262673 -0.00359502 0.362105 0.709463 0.6046 1 
0.134523 0.262917 -0.0033816 0.362105 0.709463 0.6046 1 
0.1347 0.263005 -0.00335169 0.362105 0.709463 0.6046 1 
0.134783 0.262934 -0.00363125 0.401873 0.539658 0.739775 1 
0.135669 0.262763 -0.00236057 0.243577 0.948452 0.202754 1 
0.135376 0.262349 -0.0034152 0.344527 0.62864 0.697218 1 
0.135614 0.262505 -0.00327715 0.353646 0.578545 0.734997 1 
0.135702 0.262549 -0.00326221 0.318741 0.616448 0.719998 1 
0.134779 0.263112 -0.003463 0.172861 0.671556 0.720508 1 
0.134966 0.263137 -0.00330688 -0.61643 0.786962 0.0265582 1 
0.135048 0.263066 -0.0035864 -0.645378 0.759012 -0.0859533 1 
0.135029 0.262734 -0.00382979 -0.645378 0.759012 -0.0859533 1 
0.135182 0.263126 -0.00388411 -0.789007 0.603877 -0.113135 1 
0.135389 0.263025 -0.00347547 -0.691332 0.714917 -0.104658 1 
0.135471 0.262954 -0.00375503 -0.619468 0.784473 -0.0293653 1 
0.135915 0.262563 -0.0025591 0.243577 0.948452 0.202754 1 
0.135742 0.262755 -0.0027664 0.242372 0.871637 0.426033 1 
0.135968 0.262681 -0.00321735 0.577252 0.207811 0.78968 1 
0.136139 0.262654 -0.00348201 0.503339 0.424641 0.752549 1 
0.135684 0.262968 -0.00305189 -0.645378 0.759012 -0.0859533 1 
0.135023 0.262619 -0.00412428 -0.637617 0.761885 -0.113913 1 
0.136349 0.26207 -0.00434461 0.559127 0.455647 0.69265 1 
0.135428 0.262467 -0.00407349 0.630276 0.30466 0.714097 1 
0.135111 0.262663 -0.00410932 0.509574 0.473057 0.718715 1 
0.135377 0.262795 -0.00406449 0.534856 0.409782 0.738924 1 
0.135814 0.262442 -0.00427519 0.545155 0.458464 0.701867 1 
0.135581 0.262859 -0.00412782 0.618267 0.311555 0.721581 1 
0.135642 0.262927 -0.00401963 0.563114 0.392374 0.727287 1 
0.135847 0.262991 -0.00408295 0.585562 0.372332 0.72006 1 
0.136399 0.262213 -0.00372255 0.534725 0.471424 0.701305 1 
0.136192 0.262314 -0.00413114 0.553544 0.399143 0.730941 1 
0.13582 0.263015 -0.00398974 0.540252 0.405599 0.737304 1 
0.137106 0.261495 -0.00579974 0.656807 0.424015 0.623551 1 
0.136185 0.264031 -0.00446211 0.614172 0.421099 0.667434 1 
0.13608 0.264394 -0.00490695 0.645568 0.41323 0.642249 1 
0.136554 0.26319 -0.00617847 0.736107 0.501214 0.454897 1 
0.136701 0.263467 -0.00652725 0.85078 0.479036 0.216095 1 
0.136537 0.264054 -0.00661741 0.815389 0.55993 0.147037 1 
0.135504 0.26181 -0.00860579 0.274993 -0.235507 -0.932156 1 
0.133204 0.265514 -0.00990321 0.137097 0.987803 0.0738216 1 
0.133109 0.265355 -0.0102127 -0.0358711 0.999268 -0.0133236 1 
0.13333 0.265472 -0.00985524 0.235154 0.962702 0.133817 1 
0.136697 0.264243 -0.00812036 0.82959 0.558088 0.0178259 1 
0.136427 0.264747 -0.00800602 0.828389 0.560018 0.0123231 1 
0.13689 0.264077 -0.00877267 0.886637 0.460291 -0.0448071 1 
0.136305 0.26507 -0.00823143 0.808904 0.587665 -0.0179757 1 
0.136696 0.264395 -0.00923246 0.711764 0.690873 -0.126834 1 
0.136732 0.264016 -0.00966223 0.723357 0.664997 -0.185831 1 
0.13664 0.264137 -0.0101491 0.705512 0.667801 -0.237266 1 
0.136767 0.264094 -0.0101011 0.704088 0.672725 -0.227378 1 
0.136944 0.264182 -0.0100712 0.699022 0.680257 -0.220497 1 
0.136714 0.264434 -0.0094519 0.730316 0.66351 -0.162461 1 
0.136607 0.264046 -0.0103504 0.684412 0.684412 -0.25132 1 
0.136075 0.264698 -0.0104583 0.698051 0.66625 -0.262366 1 
0.136498 0.264586 -0.0106269 0.69715 0.668565 -0.258851 1 
0.136498 0.264586 -0.0106269 0.69715 0.668565 -0.258851 1 
0.13692 0.264486 -0.0101553 0.699022 0.680257 -0.220497 1 
0.136812 0.26411 -0.0104137 0.662481 0.706752 -0.248233 1 
0.136876 0.264458 -0.0104829 0.674867 0.693833 -0.251297 1 
0.136876 0.264458 -0.0104829 0.674867 0.693833 -0.251297 1 
0.136819 0.26467 -0.0107685 0.676314 0.682709 -0.276601 1 
0.13605 0.265778 -0.00880848 0.704085 0.698105 -0.130054 1 
0.135969 0.265837 -0.0091691 0.691204 0.706329 -0.152761 1 
0.136052 0.265766 -0.00944866 0.656312 0.738161 -0.15612 1 
0.135838 0.264988 -0.0112456 0.658352 0.645152 -0.387751 1 
0.135543 0.265808 -0.0105754 0.716043 0.480131 -0.506712 1 
0.135183 0.265517 -0.0109297 0.595263 0.731508 -0.332504 1 
0.13497 0.265503 -0.0116328 0.511735 0.854781 -0.0864704 1 
0.135407 0.265456 -0.0107405 0.62043 0.673373 -0.402039 1 
0.135523 0.265476 -0.0108187 0.512823 0.83766 -0.187985 1 
0.135555 0.265274 -0.0110802 0.534856 0.82274 -0.192427 1 
0.135855 0.265345 -0.00972193 0.488565 0.858289 -0.156986 1 
0.136036 0.265255 -0.00986031 0.639026 0.741146 -0.205788 1 
0.136128 0.264816 -0.0111166 0.672564 0.67579 -0.301605 1 
0.135911 0.265285 -0.0105485 0.67489 0.638764 -0.369465 1 
0.136008 0.264973 -0.0108701 0.679907 0.663758 -0.311692 1 
0.136657 0.265092 -0.0103867 0.694381 0.6754 -0.248332 1 
0.135634 0.265687 -0.0100885 0.348726 0.937121 -0.013949 1 
0.135706 0.265679 -0.0104943 0.733795 0.475393 -0.485332 1 
0.135283 0.266249 -0.0103348 0.569259 0.761685 -0.309484 1 
0.137296 0.262843 -0.0115589 0.473695 0.713035 -0.516909 1 
0.137467 0.262816 -0.0118235 0.459768 0.71538 -0.526161 1 
0.137693 0.263048 -0.0111715 0.52173 0.73898 -0.426271 1 
0.137604 0.26224 -0.0122803 0.304514 0.681532 -0.665421 1 
0.13741 0.262571 -0.0120999 0.431663 0.719439 -0.544127 1 
0.137799 0.261909 -0.0124607 0.335797 0.721882 -0.605084 1 
0.137587 0.262659 -0.01207 0.410071 0.72627 -0.551701 1 
0.136433 0.26271 -0.0127454 -0.222185 -0.110458 -0.968727 1 
0.135296 0.264939 -0.0125737 0.624399 0.746462 -0.230042 1 
0.135286 0.265002 -0.0126999 0.625487 0.738925 -0.25051 1 
0.136646 0.262724 -0.0120422 -0.0993578 0.368849 -0.924164 1 
0.137177 0.262988 -0.0119525 0.478821 0.705719 -0.522199 1 
0.136805 0.263231 -0.011802 0.652274 0.724227 -0.223681 1 
0.136352 0.26399 -0.0120213 0.645605 0.706481 -0.289962 1 
0.136423 0.263995 -0.0117869 0.632213 0.712647 -0.304041 1 
0.136417 0.26388 -0.0120814 0.641178 0.717546 -0.272063 1 
0.137522 0.263533 -0.010916 0.564145 0.734206 -0.377732 1 
0.137156 0.263127 -0.0115649 0.49394 0.720121 -0.487287 1 
0.136769 0.264069 -0.0113814 0.593279 0.711606 -0.376346 1 
0.136636 0.264467 -0.0110929 0.638083 0.687041 -0.3476 1 
0.136506 0.264688 -0.0109726 0.676518 0.660294 -0.326091 1 
0.136959 0.264387 -0.0107625 0.647773 0.708552 -0.279902 1 
0.137014 0.264339 -0.0109489 0.610724 0.714954 -0.340377 1 
0.136984 0.26407 -0.0113185 0.580433 0.718553 -0.383119 1 
0.136641 0.262596 -0.012977 -0.357613 -0.373094 -0.856104 1 
0.13598 0.264233 -0.0118707 0.672558 0.666076 -0.322504 1 
0.13559 0.264895 -0.0115099 0.593349 0.794585 -0.128732 1 
0.135704 0.264622 -0.0120509 0.653427 0.643501 -0.398673 1 
0.135968 0.264767 -0.0113659 0.655928 0.67546 -0.336916 1 
0.135889 0.264354 -0.0123576 0.673764 0.624101 -0.39565 1 
0.135861 0.264378 -0.0122644 0.673764 0.624101 -0.39565 1 
0.135472 0.26504 -0.0119036 0.594557 0.781025 -0.191053 1 
0.136258 0.264595 -0.0112369 0.665314 0.675027 -0.318898 1 
0.132751 0.265815 -0.0101133 -0.34527 0.934495 -0.0866507 1 
0.138182 0.260879 -0.005004 0.795262 -0.190802 0.575459 1 
0.138058 0.261673 -0.0045983 0.642876 0.348429 0.682135 1 
0.138122 0.262021 -0.00466757 0.65611 0.355052 0.665927 1 
0.138138 0.261767 -0.00534979 0.753444 0.302337 0.583879 1 
0.138232 0.261926 -0.00504033 0.767178 0.287493 0.573398 1 
0.138378 0.262216 -0.00474899 0.671747 0.298017 0.67819 1 
0.137133 0.26361 -0.00482646 0.618332 0.467519 0.631737 1 
0.137684 0.262526 -0.00556904 0.728486 0.437752 0.526955 1 
0.138025 0.262027 -0.00544897 0.75857 0.396414 0.517133 1 
0.137885 0.26231 -0.00545491 0.745927 0.429772 0.508811 1 
0.138097 0.262477 -0.00586388 0.857527 0.435642 0.273614 1 
0.13734 0.262745 -0.0055117 0.666497 0.423832 0.61331 1 
0.137755 0.262989 -0.00534375 0.72247 0.418272 0.550532 1 
0.137605 0.262877 -0.00546686 0.704753 0.432801 0.562144 1 
0.137465 0.263161 -0.00547284 0.719943 0.438586 0.537889 1 
0.13767 0.263225 -0.00553611 0.758691 0.447349 0.473568 1 
0.138233 0.262371 -0.00568965 0.840234 0.438044 0.319569 1 
0.138475 0.262349 -0.0057199 0.889011 0.41604 0.191232 1 
0.138241 0.262474 -0.00603531 0.898241 0.434809 0.0640627 1 
0.138506 0.262606 -0.00599048 0.912027 0.402165 -0.0804329 1 
0.138021 0.263121 -0.00529891 0.743206 0.430104 0.512499 1 
0.137906 0.263546 -0.00586997 0.84606 0.490141 0.20963 1 
0.136932 0.263826 -0.00494055 0.620587 0.479315 0.620587 1 
0.136881 0.264154 -0.00493155 0.608076 0.51038 0.608076 1 
0.136178 0.264833 -0.0047749 0.675706 0.366624 0.639537 1 
0.13614 0.264919 -0.00480793 0.684528 0.35125 0.638784 1 
0.136442 0.264214 -0.00518374 0.657119 0.485696 0.576449 1 
0.136272 0.264686 -0.00556839 0.791702 0.465991 0.395045 1 
0.136693 0.264587 -0.00509685 0.749358 0.446321 0.489142 1 
0.137028 0.26443 -0.00528038 0.704676 0.518095 0.484777 1 
0.13698 0.26458 -0.00543967 0.776619 0.53963 0.325059 1 
0.136653 0.264838 -0.00560179 0.828404 0.51718 0.21511 1 
0.136809 0.265065 -0.00518419 0.818044 0.506408 0.272681 1 
0.136975 0.263549 -0.00571598 0.704371 0.527862 0.474576 1 
0.13753 0.263509 -0.00554207 0.735174 0.493971 0.464233 1 
0.137445 0.263745 -0.00573444 0.773488 0.521579 0.3601 1 
0.137415 0.263934 -0.00611311 0.827552 0.533178 0.175723 1 
0.136504 0.264269 -0.00571577 0.728884 0.520631 0.444603 1 
0.136587 0.264198 -0.00599535 0.774524 0.554144 0.305019 1 
0.136614 0.264174 -0.00608854 0.774524 0.554144 0.305019 1 
0.13686 0.263974 -0.00628704 0.827902 0.529314 0.185486 1 
0.136638 0.264328 -0.00601345 0.782403 0.554795 0.282929 1 
0.13662 0.264747 -0.00580314 0.82859 0.518439 0.211328 1 
0.13672 0.264257 -0.00629301 0.810234 0.564617 0.157254 1 
0.136998 0.264619 -0.00565912 0.801464 0.550328 0.234083 1 
0.136791 0.26472 -0.00606774 0.815964 0.550512 0.176465 1 
0.136911 0.264563 -0.00631426 0.813601 0.558883 0.160323 1 
0.136854 0.263859 -0.00658153 0.83295 0.528975 0.162418 1 
0.137062 0.264203 -0.00682223 0.815389 0.55993 0.147037 1 
0.136712 0.264307 -0.00705943 0.832674 0.541019 0.11812 1 
0.137068 0.264318 -0.00652771 0.807378 0.566819 0.163881 1 
0.137066 0.264484 -0.00699961 0.813703 0.564701 0.13784 1 
0.137355 0.264312 -0.00687057 0.814701 0.563341 0.137509 1 
0.137514 0.263915 -0.00597194 0.827902 0.529314 0.185486 1 
0.137886 0.263672 -0.00612248 0.848093 0.500539 0.173777 1 
0.137435 0.264406 -0.00762208 0.84173 0.537423 0.0516484 1 
0.137628 0.26424 -0.00827435 0.851975 0.523567 0.00403779 1 
0.137893 0.264372 -0.00822952 0.847731 0.530341 0.00949459 1 
0.138268 0.2632 -0.00900196 0.771052 0.626572 -0.11352 1 
0.13612 0.265045 -0.0050604 0.784303 0.423816 0.453045 1 
0.136386 0.265177 -0.0050156 0.776298 0.4801 0.408492 1 
0.136288 0.265196 -0.00515674 0.829845 0.43618 0.348 1 
0.135964 0.265277 -0.00548714 0.830285 0.531083 0.169049 1 
0.136053 0.265321 -0.0054722 0.830285 0.531083 0.169049 1 
0.136047 0.265206 -0.00576672 0.826192 0.53934 0.162848 1 
0.136431 0.265193 -0.00532821 0.818044 0.506408 0.272681 1 
0.136439 0.265295 -0.00567384 0.818814 0.54838 0.169772 1 
0.136511 0.265287 -0.00607967 0.826192 0.53934 0.162848 1 
0.136762 0.264896 -0.00708665 0.813176 0.569076 0.12205 1 
0.137008 0.264696 -0.00728516 0.829281 0.547529 0.111829 1 
0.136896 0.264956 -0.0073843 0.806656 0.584429 0.0880251 1 
0.137274 0.264828 -0.00724033 0.830708 0.546557 0.105832 1 
0.136774 0.264362 -0.00759146 0.830152 0.554839 0.0547816 1 
0.136902 0.264307 -0.00818366 0.858186 0.513295 0.00673615 1 
0.136569 0.264756 -0.00753729 0.833468 0.549555 0.0576259 1 
0.136457 0.265016 -0.00763647 0.857829 0.511371 0.0512757 1 
0.136658 0.2648 -0.00752234 0.822746 0.564128 0.0696279 1 
0.137036 0.264672 -0.00737834 0.821711 0.559927 0.106168 1 
0.137033 0.264838 -0.00785026 0.838921 0.543156 0.0345519 1 
0.136811 0.265192 -0.00757663 0.8139 0.575616 0.0789498 1 
0.137101 0.26502 -0.00744759 0.803152 0.590511 0.0790221 1 
0.137043 0.265233 -0.00773314 0.839645 0.54067 0.051692 1 
0.137061 0.264814 -0.00794342 0.85478 0.518339 0.0259853 1 
0.137293 0.264855 -0.00809993 0.842504 0.538606 0.00949683 1 
0.136927 0.264449 -0.00874874 0.789904 0.611218 -0.0496349 1 
0.137068 0.264916 -0.00828913 0.815925 0.578118 -0.00683354 1 
0.136832 0.265054 -0.00796436 0.825971 0.563099 0.0262872 1 
0.136868 0.265132 -0.00840321 0.801445 0.597991 -0.00962284 1 
0.136625 0.265154 -0.00837296 0.790005 0.612911 -0.015219 1 
0.136949 0.265074 -0.00804259 0.818133 0.575015 0.00409749 1 
0.136489 0.26526 -0.0085472 0.754322 0.654127 -0.0558227 1 
0.136534 0.265276 -0.00885983 0.703673 0.703673 -0.0984261 1 
0.136838 0.265321 -0.00878191 0.73202 0.676937 -0.0768259 1 
0.137188 0.265217 -0.00854473 0.783452 0.620291 -0.037977 1 
0.137261 0.265209 -0.00895055 0.733294 0.671326 -0.107707 1 
0.136971 0.265381 -0.00907962 0.704355 0.698374 -0.127113 1 
0.137479 0.26381 -0.0101406 0.653017 0.719106 -0.237604 1 
0.137062 0.264496 -0.00968662 0.716768 0.673792 -0.179576 1 
0.137185 0.264618 -0.0101105 0.705184 0.677164 -0.210154 1 
0.137224 0.264519 -0.0107177 0.635996 0.724814 -0.264866 1 
0.137029 0.26485 -0.0105373 0.691633 0.675806 -0.254812 1 
0.136392 0.265724 -0.00933769 0.683457 0.713765 -0.153058 1 
0.136999 0.265039 -0.010916 0.664414 0.686937 -0.294401 1 
0.137928 0.263381 -0.0108652 0.546131 0.748281 -0.376586 1 
0.138071 0.26292 -0.0110275 0.465575 0.748539 -0.472155 1 
0.137449 0.263999 -0.0105194 0.636848 0.719846 -0.276127 1 
0.137532 0.263928 -0.0107989 0.595375 0.728402 -0.339056 1 
0.129428 0.255696 -0.00412445 0.454518 0.878735 0.145734 1 
0.129218 0.255517 -0.00435565 0.454518 0.878735 0.145734 1 
0.129017 0.255733 -0.00446972 0.426677 0.889513 0.163439 1 
0.129371 0.255909 -0.00440994 0.44096 0.889009 0.123355 1 
0.129075 0.255965 -0.00483353 0.426677 0.889513 0.163439 1 
0.129266 0.255813 -0.00484568 0.421345 0.874179 0.241411 1 
0.129443 0.255901 -0.00481577 0.428466 0.887434 0.169934 1 
0.129506 0.255956 -0.0053478 0.441021 0.826718 0.34934 1 
0.131326 0.253479 -0.0048257 0.837544 0.543914 0.0517348 1 
0.131839 0.253398 -0.0056196 0.860641 0.4755 0.182201 1 
0.132572 0.253446 -0.00541577 0.928126 0.311253 0.204216 1 
0.131504 0.254331 -0.00370197 0.559511 0.795095 -0.234034 1 
0.131769 0.254463 -0.00365713 0.891737 0.450605 -0.0419482 1 
0.131279 0.254851 -0.00390024 0.518337 0.682729 0.514983 1 
0.13133 0.254523 -0.00390925 0.593128 0.796233 0.119214 1 
0.131596 0.254655 -0.00386438 0.602933 0.795871 0.0553279 1 
0.131306 0.254827 -0.00399347 0.518337 0.682729 0.514983 1 
0.131702 0.254738 -0.00406891 0.602933 0.795871 0.0553279 1 
0.131621 0.254797 -0.0044295 0.579334 0.799029 0.16101 1 
0.131263 0.254798 -0.00432102 0.559842 0.813637 0.156756 1 
0.131696 0.253859 -0.00545724 0.773429 0.609322 0.174743 1 
0.131353 0.25483 -0.00494625 0.558883 0.813601 0.160323 1 
0.131033 0.25519 -0.00545402 0.589963 0.760784 0.270466 1 
0.131606 0.254732 -0.00549045 0.637031 0.728713 0.251335 1 
0.131471 0.254379 -0.00565557 0.672725 0.704088 0.227378 1 
0.131525 0.254484 -0.00695401 0.794906 0.511352 0.326564 1 
0.132506 0.253709 -0.00646771 0.862708 0.433636 0.260182 1 
0.131916 0.255032 -0.0068703 0.784159 0.493131 0.376719 1 
0.132394 0.254414 -0.00721622 0.758394 0.537534 0.368641 1 
0.132182 0.255164 -0.00682545 0.775928 0.500546 0.383914 1 
0.129487 0.255929 -0.00448821 0.428466 0.887434 0.169934 1 
0.129829 0.255875 -0.00501743 0.432587 0.854397 0.287878 1 
0.129594 0.256 -0.00533284 0.441021 0.826718 0.34934 1 
0.129874 0.255891 -0.00533006 0.414455 0.849089 0.327528 1 
0.129966 0.255757 -0.00548336 0.499765 0.81623 0.289832 1 
0.130472 0.255573 -0.00593153 0.599618 0.723117 0.342871 1 
0.131906 0.255095 -0.00699653 0.775928 0.500546 0.383914 1 
0.131693 0.255081 -0.00769965 0.845689 0.398615 0.354846 1 
0.131819 0.255038 -0.00765167 0.845689 0.398615 0.354846 1 
0.131966 0.255315 -0.00800046 0.864805 0.36712 0.342543 1 
0.130856 0.256159 -0.00725444 0.735286 0.470914 0.487437 1 
0.131388 0.256423 -0.00716475 0.729889 0.475007 0.491558 1 
0.131588 0.255443 -0.00814447 0.888279 0.364 0.280115 1 
0.131981 0.25552 -0.00869183 0.853541 0.482826 0.195821 1 
0.131991 0.255457 -0.00856559 0.870319 0.435909 0.229189 1 
0.131534 0.255936 -0.00860745 0.894711 0.389324 0.218903 1 
0.131078 0.256262 -0.00753716 0.805018 0.40974 0.429022 1 
0.131245 0.256871 -0.00764263 0.802972 0.367027 0.469603 1 
0.13144 0.25654 -0.00782304 0.830463 0.357714 0.42705 1 
0.132172 0.255227 -0.00695169 0.801483 0.475131 0.363147 1 
0.132359 0.255392 -0.00854787 0.824406 0.513135 0.238847 1 
0.132335 0.255696 -0.00863203 0.842115 0.484484 0.236893 1 
0.132693 0.255694 -0.0087405 0.818414 0.529743 0.222645 1 
0.132963 0.256106 -0.00887306 0.8016 0.56341 0.200018 1 
0.131587 0.256817 -0.00817184 0.863949 0.32072 0.38824 1 
0.131687 0.256786 -0.00867084 0.88895 0.409945 0.204238 1 
0.131758 0.25679 -0.00843646 0.899351 0.363568 0.242869 1 
0.131614 0.257252 -0.00827414 0.834187 0.370574 0.40842 1 
0.131445 0.257266 -0.00864971 0.881955 0.265939 0.389142 1 
0.131653 0.257611 -0.00889045 0.880537 0.288478 0.376078 1 
0.131838 0.257343 -0.00919707 0.800643 0.592158 0.0912125 1 
0.127304 0.265852 -0.0114075 0.460199 0.813708 0.355101 1 
0.127367 0.265907 -0.0119395 0.470964 0.795656 0.380951 1 
0.129208 0.264666 -0.0118325 0.421432 0.893205 0.156778 1 
0.12807 0.265533 -0.0109932 0.47275 0.799668 0.370187 1 
0.128336 0.265665 -0.0109484 0.418075 0.792568 0.443902 1 
0.128521 0.265397 -0.011255 0.401801 0.882767 0.243471 1 
0.127745 0.265779 -0.0117956 0.46788 0.795879 0.384273 1 
0.127735 0.265842 -0.0119217 0.46788 0.795879 0.384273 1 
0.127912 0.26593 -0.0118919 0.477014 0.798236 0.367799 1 
0.128948 0.265107 -0.011592 0.400744 0.883424 0.24283 1 
0.12867 0.265509 -0.011132 0.399905 0.876773 0.267106 1 
0.128428 0.265225 -0.0122047 0.397099 0.827421 0.397099 1 
0.128577 0.264573 -0.0131755 0.442241 0.748029 0.49485 1 
0.128199 0.265465 -0.0122256 0.458549 0.824127 0.332487 1 
0.128077 0.265788 -0.012451 0.500246 0.797516 0.337226 1 
0.128924 0.264953 -0.011667 0.391268 0.882977 0.259346 1 
0.129235 0.2651 -0.0119348 0.428466 0.887434 0.169934 1 
0.12929 0.265053 -0.0121212 0.476597 0.877652 0.0508187 1 
0.128925 0.265398 -0.0123163 0.420858 0.878893 0.224556 1 
0.12963 0.265164 -0.0131223 0.568774 0.821872 -0.0319849 1 
0.129527 0.265361 -0.0130952 0.510592 0.857515 0.0629497 1 
0.12877 0.26563 -0.0127431 0.389789 0.787664 0.477127 1 
0.129073 0.265675 -0.0126652 0.416439 0.837592 0.35358 1 
0.12934 0.265336 -0.0132514 0.400259 0.827412 0.393931 1 
0.129238 0.265533 -0.0132243 0.398036 0.778202 0.485767 1 
0.12861 0.266039 -0.0130015 0.437323 0.828861 0.348911 1 
0.128954 0.26582 -0.0130588 0.399176 0.764137 0.506709 1 
0.126723 0.265902 -0.0121284 0.456748 0.802915 0.383027 1 
0.126951 0.266121 -0.0121166 0.468496 0.793706 0.387998 1 
0.126904 0.266271 -0.0122759 0.461645 0.799433 0.384436 1 
0.127274 0.266041 -0.0117862 0.490102 0.781252 0.386582 1 
0.127254 0.266166 -0.0120387 0.460459 0.80059 0.383449 1 
0.126827 0.266457 -0.0117018 0.388334 0.846848 0.36338 1 
0.12725 0.266344 -0.0118704 0.474037 0.795418 0.377623 1 
0.127049 0.26656 -0.0119845 0.420737 0.82401 0.379457 1 
0.127244 0.266229 -0.012165 0.460459 0.80059 0.383449 1 
0.127333 0.266273 -0.01215 0.460459 0.80059 0.383449 1 
0.126254 0.266915 -0.0116654 0.26637 0.912646 0.310038 1 
0.126715 0.266716 -0.0118009 0.334794 0.869853 0.362311 1 
0.126732 0.266756 -0.0120204 0.360178 0.857934 0.366361 1 
0.126975 0.266733 -0.0120506 0.391199 0.837385 0.381772 1 
0.126394 0.266326 -0.0127624 0.349256 0.852186 0.389615 1 
0.127364 0.266072 -0.0124114 0.470964 0.795656 0.380951 1 
0.12759 0.265997 -0.0128624 0.503916 0.795068 0.337544 1 
0.127462 0.266205 -0.0133823 0.487745 0.808671 0.32887 1 
0.126659 0.266458 -0.0127176 0.383268 0.84319 0.377011 1 
0.1271 0.266385 -0.0131056 0.449323 0.807502 0.382164 1 
0.127622 0.266102 -0.012021 0.46788 0.795879 0.384273 1 
0.127602 0.266227 -0.0122734 0.46788 0.795879 0.384273 1 
0.127705 0.266031 -0.0123005 0.46788 0.795879 0.384273 1 
0.127787 0.26596 -0.0125801 0.503916 0.795068 0.337544 1 
0.127744 0.266389 -0.0129167 0.492366 0.801489 0.339398 1 
0.128326 0.266326 -0.012836 0.500246 0.797516 0.337226 1 
0.127996 0.266304 -0.0128207 0.503916 0.795068 0.337544 1 
0.127932 0.265943 -0.0133917 0.503916 0.795068 0.337544 1 
0.128025 0.266268 -0.0135541 0.5089 0.780313 0.3635 1 
0.128566 0.266011 -0.0133291 0.454641 0.818987 0.350089 1 
0.128249 0.266206 -0.013365 0.495063 0.796267 0.347666 1 
0.127625 0.266534 -0.0133104 0.458579 0.806908 0.372296 1 
0.127802 0.266622 -0.0132805 0.487745 0.808671 0.32887 1 
0.12783 0.266599 -0.0133737 0.484996 0.813592 0.320698 1 
0.128266 0.266704 -0.0135935 0.51071 0.747181 0.425318 1 
0.12856 0.266659 -0.0125297 0.471589 0.793492 0.384675 1 
0.128568 0.266762 -0.0128754 0.503916 0.795068 0.337544 1 
0.128692 0.266732 -0.0121872 0.483936 0.781743 0.393299 1 
0.128938 0.266532 -0.0123857 0.437323 0.828861 0.348911 1 
0.128747 0.265921 -0.0134674 0.438156 0.601424 0.668063 1 
0.128357 0.266582 -0.0131066 0.503916 0.795068 0.337544 1 
0.128385 0.266559 -0.0131998 0.503916 0.795068 0.337544 1 
0.128788 0.266572 -0.0136209 0.522478 0.696081 0.492431 1 
0.128498 0.266744 -0.01375 0.514043 0.735527 0.441316 1 
0.129206 0.264513 -0.0140476 0.480285 0.820422 0.310217 1 
0.129862 0.264747 -0.0132697 0.592874 0.804111 -0.0436558 1 
0.128999 0.265377 -0.0133623 0.412472 0.704018 0.578123 1 
0.128686 0.265853 -0.0135756 0.449291 0.609633 0.653059 1 
0.127971 0.26676 -0.0140171 0.528695 0.705483 0.47199 1 
0.128236 0.266892 -0.0139722 0.522199 0.705719 0.478821 1 
0.130549 0.26464 -0.011001 -0.16965 -0.983496 0.0628773 1 
0.130797 0.264732 -0.0107367 0.0220424 -0.998208 0.0556309 1 
0.130903 0.264357 -0.0109321 0.00741517 -0.996811 -0.0794483 1 
0.130659 0.264545 -0.0113738 -0.23684 -0.934747 -0.264868 1 
0.130748 0.265034 -0.0120081 -0.0284615 -0.998259 -0.0516523 1 
0.130774 0.264718 -0.0125641 0.505129 -0.248702 -0.826433 1 
0.130756 0.265137 -0.0123538 0.127248 -0.879301 -0.458952 1 
0.130838 0.265066 -0.0126334 0.197364 -0.797107 -0.570673 1 
0.131037 0.264417 -0.0112297 0.153122 -0.961921 -0.226411 1 
0.130932 0.264779 -0.0116746 0.04451 -0.998888 0.0155268 1 
0.129925 0.265107 -0.0126987 0.580855 0.806174 -0.112659 1 
0.130423 0.264822 -0.0128013 0.649807 0.71621 -0.254547 1 
0.130764 0.264781 -0.0126903 0.557715 -0.0666988 -0.827348 1 
0.121754 0.23536 -0.0145313 0.869337 -0.445852 -0.213234 0 
0.115375 0.223981 -0.0201773 0.129416 -0.433756 0.891688 0 
0.115407 0.22378 -0.0204387 0.129416 -0.433756 0.891688 0 
0.119647 0.226719 -0.0187535 0.0481146 0.0502531 -0.997577 0 
0.115381 0.225013 -0.019901 0.184096 -0.366765 0.911917 0 
0.115609 0.225231 -0.0198892 -0.430135 -0.0415395 0.901809 0 
0.11554 0.225519 -0.0196608 -0.491293 -0.0148061 0.870868 0 
0.115576 0.224682 -0.0200814 0.184096 -0.366765 0.911917 0 
0.115859 0.224853 -0.020256 0.184096 -0.366765 0.911917 0 
0.115792 0.225434 -0.0195648 -0.528319 0.0344856 0.848345 0 
0.116146 0.22561 -0.019505 -0.535154 0.0841975 0.840548 0 
0.116178 0.225409 -0.0197664 -0.556941 0.0491006 0.829099 0 
0.116124 0.224985 -0.0202111 -0.37963 -0.114579 0.918015 0 
0.116396 0.225232 -0.0198717 -0.526823 0.0544989 0.848226 0 
0.115931 0.226067 -0.019577 -0.0423795 -0.327478 0.943908 0 
0.117339 0.226223 -0.0183429 0.54501 -0.195839 -0.815237 0 
0.116323 0.225698 -0.0194751 -0.0423795 -0.327478 0.943908 0 
0.116569 0.225956 -0.0196827 0.558729 -0.672824 0.484903 0 
0.116272 0.226026 -0.0194661 0.55837 -0.675746 0.481238 0 
0.116463 0.226331 -0.0194874 0.73163 -0.424444 -0.533446 0 
0.116691 0.22655 -0.0194755 0.719699 -0.435128 -0.541015 0 
0.116698 0.226652 -0.0198212 0.731846 -0.447698 -0.513779 0 
0.116844 0.226942 -0.0195298 0.675693 -0.410064 -0.612606 0 
0.117017 0.227666 -0.0193408 0.476088 -0.721597 0.50263 0 
0.116684 0.227351 -0.0197883 0.727808 -0.455916 -0.512284 0 
0.116922 0.227507 -0.0196503 0.669676 -0.398498 -0.626684 0 
0.119069 0.229952 -0.0174915 0.0683132 0.178573 -0.981552 0 
0.118036 0.227109 -0.0177185 0.450661 -0.133052 -0.882724 0 
0.118043 0.227212 -0.0180642 0.435203 -0.104952 -0.894194 0 
0.117605 0.226355 -0.018298 0.442159 -0.0730045 -0.893961 0 
0.117713 0.226732 -0.0180397 0.425928 -0.0387207 -0.903928 0 
0.117813 0.2267 -0.0185387 0.365239 0.0271025 -0.930519 0 
0.117943 0.226938 -0.0186681 0.386156 0.00641454 -0.922411 0 
0.117824 0.227541 -0.0190709 0.400365 -0.0575775 -0.914545 0 
0.118309 0.227344 -0.0180193 0.415207 -0.0635658 -0.907504 0 
0.118398 0.227388 -0.0180043 0.386644 -0.0518183 -0.920772 0 
0.118821 0.227275 -0.018173 0.321281 -0.0448002 -0.945924 0 
0.117931 0.227472 -0.0181633 0.420038 -0.0752511 -0.904381 0 
0.118132 0.227714 -0.0180583 0.380452 0.0141863 -0.924692 0 
0.118462 0.227736 -0.0180736 0.315911 0.0447647 -0.947732 0 
0.118267 0.228066 -0.0178932 0.305492 0.0314292 -0.951676 0 
0.11777 0.226214 -0.0188572 0.517797 -0.221477 -0.826338 0 
0.118253 0.227085 -0.0189359 0.415243 -0.0835969 -0.905861 0 
0.118414 0.227579 -0.0193359 0.415207 -0.0635658 -0.907504 0 
0.118615 0.227822 -0.0192309 0.372386 -0.0569843 -0.926327 0 
0.117926 0.227802 -0.0191071 0.403506 -0.0383661 -0.914172 0 
0.117895 0.228004 -0.0188456 0.36802 0.0166699 -0.929668 0 
0.118192 0.227934 -0.0190622 0.402617 -0.0745587 -0.912327 0 
0.117625 0.228508 -0.0187313 0.379559 0.0115798 -0.925095 0 
0.118345 0.228326 -0.0191166 0.325233 0.0240445 -0.945328 0 
0.11803 0.228356 -0.0186805 0.349556 0.0139823 -0.936811 0 
0.118239 0.228701 -0.0189212 0.299238 0.041666 -0.953268 0 
0.117188 0.227639 -0.0196054 0.462838 -0.0852965 -0.882329 0 
0.117528 0.227598 -0.0194945 0.390178 -0.00643858 -0.920717 0 
0.117859 0.227619 -0.0195097 0.402728 -0.0521807 -0.913831 0 
0.117876 0.227659 -0.0197292 0.413375 -0.0552064 -0.908886 0 
0.119489 0.227421 -0.0185492 0.251894 -0.0255544 -0.967417 0 
0.118468 0.228309 -0.0177882 0.258819 0.033119 -0.965358 0 
0.118677 0.228195 -0.0180197 0.258819 0.033119 -0.965358 0 
0.119155 0.227577 -0.0183656 0.298479 -0.00614155 -0.954396 0 
0.119479 0.227942 -0.0186846 0.196701 0.059131 -0.978679 0 
0.119625 0.228232 -0.0183932 0.110871 0.125177 -0.98592 0 
0.119388 0.226702 -0.0185039 0.191939 -0.0317936 -0.980892 0 
0.119275 0.226962 -0.018603 0.337092 -0.100725 -0.936068 0 
0.119702 0.227588 -0.0189582 0.219035 0.00585654 -0.975699 0 
0.11888 0.227954 -0.019186 0.358205 -0.0218261 -0.933388 0 
0.11904 0.228003 -0.0189367 0.31319 0.016221 -0.949552 0 
0.119316 0.227613 -0.0187565 0.294563 -0.0467762 -0.954486 0 
0.119286 0.227802 -0.0191352 0.31968 -0.0500704 -0.946202 0 
0.119803 0.228307 -0.0190035 0.118764 0.125962 -0.9849 0 
0.118301 0.228616 -0.017701 0.256513 0.0483285 -0.965332 0 
0.118566 0.228748 -0.0176561 0.184934 0.107982 -0.976801 0 
0.118574 0.22885 -0.0180018 0.204199 0.103979 -0.973392 0 
0.118914 0.228809 -0.0178908 0.138837 0.112277 -0.98393 0 
0.118611 0.228458 -0.0190717 0.310683 0.0367747 -0.949802 0 
0.118579 0.22866 -0.0188102 0.301785 0.0288011 -0.952941 0 
0.118882 0.228705 -0.0187324 0.226001 0.0654537 -0.971926 0 
0.119172 0.228533 -0.0186033 0.189346 0.0818465 -0.978493 0 
0.118384 0.22899 -0.0186298 0.279311 0.0675957 -0.957819 0 
0.118561 0.229078 -0.0185999 0.218799 0.0754053 -0.972852 0 
0.119294 0.228668 -0.018387 0.178106 0.0994937 -0.978968 0 
0.119232 0.229059 -0.0185043 0.134263 0.122167 -0.983386 0 
0.119158 0.229232 -0.0185704 0.132669 0.132669 -0.982241 0 
0.119536 0.229104 -0.0184263 0.107177 0.143304 -0.983858 0 
0.119788 0.229019 -0.0183304 0.0769385 0.147959 -0.985996 0 
0.119713 0.229192 -0.0183965 0.0600233 0.161239 -0.985088 0 
0.118734 0.229803 -0.0184109 0.0802538 0.211129 -0.974158 0 
0.119234 0.22981 -0.0180506 0.0612145 0.186044 -0.980633 0 
0.119116 0.229955 -0.0184443 0.0592426 0.19949 -0.978107 0 
0.119293 0.230043 -0.0184143 0.0639692 0.194322 -0.97885 0 
0.118803 0.229514 -0.0186393 0.163287 0.160756 -0.973394 0 
0.119335 0.230084 -0.0174466 0.0908097 0.165879 -0.981956 0 
0.119818 0.230956 -0.0175253 0.169459 0.161815 -0.972162 0 
0.120527 0.231308 -0.0174057 0.252671 0.200771 -0.946493 0 
0.120725 0.228674 -0.0181807 -0.0268012 0.185278 -0.982321 0 
0.121146 0.22949 -0.0177274 0.115666 0.253425 -0.960415 0 
0.120815 0.22901 -0.017703 -0.0107584 0.245052 -0.96945 0 
0.119789 0.22977 -0.0178767 0.0441405 0.196843 -0.979441 0 
0.119954 0.229628 -0.0184359 0.0836225 0.178152 -0.980443 0 
0.120025 0.230091 -0.0182106 0.0774667 0.207808 -0.975097 0 
0.119814 0.229912 -0.0184418 0.07182 0.198418 -0.977483 0 
0.120013 0.229861 -0.0187996 0.0713067 0.184914 -0.980164 0 
0.120983 0.230065 -0.0184577 0.186733 0.184121 -0.965003 0 
0.120013 0.230625 -0.0177058 0.0937629 0.174131 -0.980248 0 
0.120523 0.230264 -0.0183222 0.128503 0.170921 -0.976869 0 
0.119419 0.23168 -0.0172907 0.0703763 0.285344 -0.955838 0 
0.120175 0.231425 -0.0170027 0.272278 0.219218 -0.936914 0 
0.120002 0.231159 -0.0172009 0.247271 0.206287 -0.946733 0 
0.120149 0.231436 -0.0175498 0.232901 0.211109 -0.94931 0 
0.119658 0.231823 -0.0177929 0.0703763 0.285344 -0.955838 0 
0.119886 0.232042 -0.0177811 0.105411 0.271987 -0.95651 0 
0.120137 0.23197 -0.0170449 0.903097 -0.425067 0.0611118 0 
0.120505 0.231905 -0.0170271 0.240289 0.262772 -0.934458 0 
0.12004 0.232434 -0.0178354 0.907563 -0.409023 0.0950256 0 
0.12023 0.232739 -0.0178567 0.873061 -0.472968 0.118599 0 
0.120461 0.232335 -0.0173639 0.865628 -0.478641 0.146939 0 
0.120926 0.23318 -0.016583 0.653713 -0.583132 0.482303 0 
0.120821 0.232626 -0.0170095 0.655427 0.00969977 -0.755196 0 
0.120915 0.233395 -0.0178213 0.69963 -0.560036 0.443708 0 
0.120637 0.233797 -0.0173613 0.702792 -0.587038 0.401832 0 
0.119275 0.230462 -0.018204 0.101567 0.170094 -0.98018 0 
0.119535 0.230479 -0.0184537 0.109394 0.168393 -0.979631 0 
0.119465 0.231225 -0.0182344 0.193075 0.144486 -0.970487 0 
0.119983 0.230814 -0.0180845 0.165539 0.152902 -0.974278 0 
0.119731 0.231357 -0.0181896 0.23303 0.15667 -0.959767 0 
0.119814 0.231286 -0.0184691 0.23303 0.15667 -0.959767 0 
0.120107 0.231395 -0.0185175 0.2449 0.154883 -0.957097 0 
0.120414 0.230804 -0.0185987 0.19878 0.185616 -0.962306 0 
0.119564 0.231664 -0.0181023 0.0796928 0.249198 -0.965168 0 
0.119792 0.231883 -0.0180905 0.0703763 0.285344 -0.955838 0 
0.120038 0.232141 -0.0182982 0.114741 0.243663 -0.963049 0 
0.119983 0.232188 -0.0181118 0.114741 0.243663 -0.963049 0 
0.120215 0.232229 -0.0182683 0.0949185 0.231601 -0.968169 0 
0.120248 0.23232 -0.018067 0.157314 0.267569 -0.95061 0 
0.120589 0.232279 -0.0179561 0.19336 0.293517 -0.936194 0 
0.121164 0.231655 -0.0175205 0.218975 0.300914 -0.928171 0 
0.121575 0.233757 -0.0161087 0.885248 -0.299091 -0.356203 0 
0.121683 0.234133 -0.0158504 0.892454 -0.377406 -0.247164 0 
0.122258 0.233968 -0.015424 -0.198669 -0.284805 0.937772 0 
0.121154 0.233398 -0.0165711 0.64809 -0.57739 0.496589 0 
0.121347 0.233538 -0.0161205 0.217041 -0.493275 0.842362 0 
0.121262 0.233775 -0.0163129 0.886812 -0.320698 -0.332743 0 
0.1214 0.233656 -0.0167788 0.626529 -0.575866 0.525204 0 
0.122445 0.233229 -0.0163617 0.519885 -0.536709 0.664577 0 
0.12138 0.234088 -0.0159283 0.88364 -0.359779 -0.299565 0 
0.121646 0.23422 -0.0158834 -0.193013 -0.290214 0.937295 0 
0.121744 0.234659 -0.0157513 -0.0213786 -0.320679 0.946947 0 
0.121921 0.234747 -0.0157215 0.841181 -0.393178 -0.371248 0 
0.121809 0.235007 -0.0158206 -0.133123 -0.191444 0.972434 0 
0.121779 0.235196 -0.0161994 0.852813 -0.459207 -0.248674 0 
0.121322 0.234453 -0.0173259 0.867355 -0.316653 -0.383961 0 
0.121523 0.234237 -0.0172118 0.505807 -0.542776 0.670488 0 
0.121239 0.234524 -0.0170463 0.862556 -0.312119 -0.398221 0 
0.120879 0.234233 -0.0174006 0.569163 -0.55903 0.602942 0 
0.121056 0.234321 -0.0173707 0.498556 -0.562344 0.659705 0 
0.121722 0.234034 -0.0164575 0.889814 -0.316612 -0.328616 0 
0.121493 0.23519 -0.0164967 0.858872 -0.474835 -0.192018 0 
0.121468 0.234743 -0.0170345 -0.00126184 -0.354578 0.935026 0 
0.121658 0.235048 -0.0170558 0.244754 -0.381222 0.891496 0 
0.121759 0.235322 -0.0164518 0.846243 -0.51593 -0.133002 0 
0.121841 0.235251 -0.0167314 0.847259 -0.515913 -0.126435 0 
0.122081 0.234936 -0.0172244 0.353909 -0.397563 0.846576 0 
0.122175 0.235413 -0.0151718 0.87297 -0.468951 -0.134192 0 
0.122194 0.234982 -0.0160223 0.848007 -0.512307 -0.13574 0 
0.122347 0.235373 -0.0160766 0.838307 -0.448034 -0.310657 0 
0.122125 0.235728 -0.015803 0.852931 -0.472508 -0.221913 0 
0.122336 0.235907 -0.0155718 0.856817 -0.504936 -0.10442 0 
0.122421 0.235671 -0.0153794 0.870237 -0.474806 -0.131329 0 
0.122485 0.236019 -0.0154487 0.855481 -0.502288 -0.125934 0 
0.122802 0.236282 -0.0154219 0.836462 -0.52446 -0.158972 0 
0.122524 0.23592 -0.0160558 0.858111 -0.492646 -0.144724 0 
0.123011 0.236168 -0.0156535 0.839137 -0.518334 -0.164857 0 
0.121875 0.235342 -0.0165301 0.852243 -0.497757 -0.160996 0 
0.122097 0.235446 -0.0168128 0.855332 -0.48215 -0.189576 0 
0.122379 0.23563 -0.0163472 0.860614 -0.474155 -0.185797 0 
0.12225 0.235838 -0.0168671 0.858872 -0.474835 -0.192018 0 
0.122234 0.235328 -0.0172787 0.840865 -0.463018 -0.280288 0 
0.122494 0.236108 -0.0164345 0.8494 -0.484294 -0.20971 0 
0.121699 0.2357 -0.0172092 0.841437 -0.50426 -0.194178 0 
0.122413 0.236167 -0.0167951 0.860614 -0.474155 -0.185797 0 
0.122411 0.236332 -0.0172671 0.832078 -0.463653 -0.304419 0 
0.12275 0.236762 -0.016525 0.83866 -0.506218 -0.200976 0 
0.124962 0.241375 -0.0151122 -0.953698 0.262034 -0.147644 0 
0.125139 0.241463 -0.0150822 -0.950011 0.260814 -0.171624 0 
0.124869 0.241967 -0.0149679 -0.987196 0.148021 -0.0594416 0 
0.125103 0.2423 -0.0146616 -0.793251 0.324004 -0.515533 0 
0.125234 0.242984 -0.0154403 -0.690113 0.377174 -0.617643 0 
0.125305 0.243446 -0.015215 -0.734925 0.431046 -0.523531 0 
0.124795 0.243808 -0.0145986 -0.901665 0.116389 -0.416477 0 
0.124878 0.243737 -0.0148782 -0.870525 0.203867 -0.447911 0 
0.125143 0.243869 -0.0148333 -0.744577 0.360069 -0.562099 0 
0.124919 0.243472 -0.0150134 -0.851181 0.278596 -0.444831 0 
0.124927 0.243574 -0.0153591 -0.825493 0.305448 -0.474619 0 
0.125072 0.243864 -0.0150677 -0.772419 0.332413 -0.541175 0 
0.12535 0.243462 -0.0155277 -0.658699 0.413139 -0.628834 0 
0.125881 0.243726 -0.015438 -0.537774 0.412787 -0.735123 0 
0.126147 0.243858 -0.0153932 -0.544372 0.425239 -0.723071 0 
0.126731 0.245004 -0.0148679 -0.558484 0.494753 -0.66582 0 
0.126918 0.245487 -0.0147208 -0.473263 0.437236 -0.764753 0 
0.127055 0.245369 -0.0151868 -0.606901 0.589996 -0.532518 0 
0.127137 0.245298 -0.0154664 -0.641226 0.590736 -0.489755 0 
0.127177 0.245504 -0.0149705 -0.485427 0.445934 -0.752 0 
0.127185 0.245606 -0.0153162 -0.66394 0.58701 -0.463253 0 
0.12724 0.245559 -0.0155026 -0.577226 0.509911 -0.63781 0 
0.127568 0.246052 -0.0148868 -0.735093 0.497221 -0.460879 0 
0.127953 0.246039 -0.0144483 -0.788705 0.458323 -0.409738 0 
0.127527 0.246316 -0.0147516 -0.696189 0.515881 -0.499186 0 
0.127752 0.246255 -0.0145624 -0.787928 0.448164 -0.422278 0 
0.127423 0.245762 -0.0151781 -0.672543 0.518244 -0.528307 0 
0.127426 0.246042 -0.0153555 -0.718715 0.509574 -0.473057 0 
0.127481 0.245995 -0.0155419 -0.685575 0.501191 -0.52801 0 
0.128017 0.246387 -0.0145175 -0.772419 0.445815 -0.452347 0 
0.128031 0.246604 -0.0145687 -0.753644 0.454813 -0.474516 0 
0.128253 0.24625 -0.0148423 -0.772427 0.449086 -0.449086 0 
0.128731 0.24609 -0.0151973 -0.771276 0.454939 -0.445155 0 
0.128406 0.246641 -0.0148966 -0.753644 0.454813 -0.474516 0 
0.127698 0.246747 -0.0150253 -0.753684 0.458122 -0.471258 0 
0.127539 0.246241 -0.0152655 -0.759867 0.471019 -0.448043 0 
0.127546 0.246343 -0.0156112 -0.759867 0.471019 -0.448043 0 
0.127644 0.246782 -0.0154791 -0.772419 0.445815 -0.452347 0 
0.12775 0.246865 -0.0156836 -0.764999 0.453758 -0.457034 0 
0.127737 0.246954 -0.0145295 -0.746891 0.453411 -0.486386 0 
0.127728 0.246559 -0.0146466 -0.772419 0.445815 -0.452347 0 
0.127989 0.247327 -0.0144426 -0.728486 0.437752 -0.526955 0 
0.128054 0.247675 -0.0145118 -0.753684 0.458122 -0.471258 0 
0.127957 0.246765 -0.015275 -0.753644 0.454813 -0.474516 0 
0.127916 0.247029 -0.0151397 -0.746891 0.453411 -0.486386 0 
0.127965 0.246867 -0.0156206 -0.753644 0.454813 -0.474516 0 
0.128305 0.246826 -0.0155097 -0.753644 0.454813 -0.474516 0 
0.128609 0.246871 -0.0154318 -0.745692 0.452683 -0.488898 0 
0.128516 0.247005 -0.0152784 -0.742795 0.446336 -0.49904 0 
0.128237 0.247114 -0.0152813 -0.741434 0.450805 -0.497042 0 
0.128175 0.247046 -0.0153894 -0.746891 0.453411 -0.486386 0 
0.128117 0.248035 -0.0139409 -0.794894 0.440174 -0.417601 0 
0.12839 0.24827 -0.0142418 -0.707758 0.419351 -0.568527 0 
0.128632 0.248705 -0.0142811 -0.743279 0.466403 -0.479588 0 
0.128809 0.248793 -0.0142512 -0.735334 0.477554 -0.480859 0 
0.128406 0.2471 -0.0149057 -0.742795 0.446336 -0.49904 0 
0.128605 0.247049 -0.0152635 -0.742795 0.446336 -0.49904 0 
0.128447 0.247293 -0.0150501 -0.728486 0.437752 -0.526955 0 
0.128925 0.247134 -0.0154051 -0.717057 0.438846 -0.541519 0 
0.1286 0.247685 -0.0151044 -0.647425 0.417747 -0.637439 0 
0.128777 0.247773 -0.0150744 -0.781798 0.420968 -0.459977 0 
0.128795 0.247354 -0.0152848 -0.717057 0.438846 -0.541519 0 
0.128296 0.248111 -0.0145512 -0.642249 0.41323 -0.645568 0 
0.128638 0.248057 -0.0150804 -0.632208 0.413175 -0.655439 0 
0.128305 0.248506 -0.0144341 -0.676993 0.420833 -0.603804 0 
0.128772 0.248422 -0.0142751 -0.655908 0.416792 -0.62934 0 
0.128903 0.248189 -0.0150356 -0.563063 0.414454 -0.714974 0 
0.128974 0.248652 -0.0148103 -0.684412 0.444618 -0.577837 0 
0.129056 0.248581 -0.0150899 -0.684412 0.444618 -0.577837 0 
0.129145 0.248625 -0.0150749 -0.684412 0.444618 -0.577837 0 
0.129078 0.249206 -0.0143837 -0.747062 0.463409 -0.476603 0 
0.129328 0.248828 -0.0147505 -0.728145 0.466079 -0.502569 0 
0.129373 0.248843 -0.0150631 -0.728225 0.469448 -0.499307 0 
0.12935 0.249911 -0.0140535 -0.769141 0.529493 -0.357853 0 
0.129745 0.250281 -0.014138 -0.600716 0.553336 -0.577026 0 
0.13001 0.250413 -0.0140932 -0.325194 0.486998 -0.810606 0 
0.129231 0.249598 -0.014438 -0.775263 0.479461 -0.411198 0 
0.129369 0.249479 -0.014904 -0.761347 0.460083 -0.456808 0 
0.129372 0.250218 -0.0150905 -0.741252 0.5243 -0.419112 0 
0.129692 0.249857 -0.0145827 -0.777832 0.526607 -0.343019 0 
0.129933 0.250293 -0.0146221 -0.573589 0.553285 -0.604045 0 
0.130632 0.25193 -0.013544 -0.522478 0.492431 -0.696081 0 
0.130927 0.251873 -0.0131204 -0.471702 0.426001 -0.772024 0 
0.130488 0.250253 -0.0144482 -0.344295 0.498027 -0.795883 0 
0.130465 0.250557 -0.0145324 -0.0161555 0.301984 -0.953176 0 
0.131184 0.252055 -0.013842 -0.402188 0.333863 -0.852514 0 
0.130897 0.252062 -0.0134991 -0.421328 0.38317 -0.821987 0 
0.130693 0.253054 -0.0152064 0.525866 -0.33932 -0.779953 0 
0.131145 0.252613 -0.013244 0.756251 -0.421598 -0.50034 0 
0.131108 0.252241 -0.0132679 -0.443099 0.388711 -0.807816 0 
0.131411 0.252745 -0.0131992 0.720097 -0.483945 -0.49725 0 
0.131045 0.253242 -0.0145064 0.486447 -0.346095 -0.802239 0 
0.131321 0.253312 -0.0143353 0.520641 -0.374667 -0.767175 0 
0.131564 0.253137 -0.0132534 0.720097 -0.483945 -0.49725 0 
0.131898 0.252981 -0.013437 0.720097 -0.483945 -0.49725 0 
0.132141 0.252958 -0.0134672 0.720097 -0.483945 -0.49725 0 
0.131934 0.253059 -0.0138759 0.720097 -0.483945 -0.49725 0 
0.13226 0.253259 -0.0137229 0.739124 -0.484482 -0.467946 0 
0.131773 0.253927 -0.0141434 0.559932 -0.33725 -0.756795 0 
0.131856 0.253856 -0.014423 0.549131 -0.348269 -0.759713 0 
0.131803 0.254196 -0.0137738 0.628523 -0.311838 -0.712542 0 
0.13183 0.254172 -0.013867 0.563511 -0.337461 -0.754039 0 
0.132312 0.254153 -0.0126471 0.79764 -0.564034 0.213626 0 
0.133334 0.255391 -0.0129818 0.85507 -0.509616 0.0956422 0 
0.133609 0.255919 -0.0128198 0.811518 -0.577176 0.0911331 0 
0.133817 0.256263 -0.0130605 0.831416 -0.554739 -0.0318179 0 
0.133585 0.256223 -0.012904 0.818496 -0.569077 0.0788394 0 
0.133616 0.256479 -0.0131746 0.81453 -0.569734 -0.109284 0 
0.1338 0.256682 -0.0128502 0.797111 -0.603705 -0.0124333 0 
0.134004 0.256746 -0.0129135 0.790733 -0.604336 -0.0975674 0 
0.13377 0.256871 -0.0132289 0.286478 -0.651378 -0.702592 0 
0.133827 0.257117 -0.0129525 0.264611 -0.749466 -0.606862 0 
0.132644 0.253246 -0.0132844 0.72693 -0.465301 -0.505042 0 
0.132341 0.253201 -0.0133623 0.739124 -0.484482 -0.467946 0 
0.132406 0.253549 -0.0134315 0.743238 -0.463082 -0.482858 0 
0.132522 0.253569 -0.0135098 0.743238 -0.463082 -0.482858 0 
0.132057 0.254404 -0.0132151 0.777862 -0.562406 0.280411 0 
0.13327 0.253669 -0.0128852 0.87499 -0.466949 -0.127872 0 
0.131809 0.254311 -0.0134793 0.482496 0.137649 -0.865015 0 
0.131939 0.254549 -0.0136087 0.528471 0.114381 -0.84121 0 
0.131927 0.254319 -0.0141977 0.539221 -0.271969 -0.797041 0 
0.132247 0.254403 -0.0143392 0.598727 -0.277924 -0.751188 0 
0.132165 0.254474 -0.0140597 0.612794 -0.261269 -0.745803 0 
0.132009 0.254248 -0.0144773 0.539221 -0.271969 -0.797041 0 
0.132533 0.254409 -0.0140419 0.745981 -0.370542 -0.553364 0 
0.13243 0.254606 -0.0140149 -0.359984 0.471979 -0.804765 0 
0.132791 0.254897 -0.0136605 0.524368 -0.0204299 -0.851247 0 
0.133426 0.255716 -0.0131442 0.848719 -0.523918 0.072021 0 
0.133621 0.255843 -0.0133338 0.851108 -0.523864 0.0343743 0 
0.132984 0.255941 -0.0138683 0.843048 -0.534445 0.0603179 0 
0.133852 0.2568 -0.0135085 0.338135 -0.175381 0.924611 0 
0.133937 0.257022 -0.0133252 0.916351 -0.397662 -0.046549 0 
0.133949 0.257252 -0.0127362 0.233055 -0.758603 -0.608446 0 
0.123164 0.23656 -0.0157078 0.836525 -0.520405 -0.17148 0 
0.123596 0.236079 -0.0168532 0.827527 -0.523848 -0.201947 0 
0.12288 0.236847 -0.0155423 0.840349 -0.493876 -0.223384 0 
0.123439 0.237087 -0.0155458 0.847675 -0.504463 -0.164209 0 
0.123327 0.237347 -0.015645 0.831807 -0.444993 -0.331779 0 
0.12349 0.237676 -0.0155731 0.838856 -0.424916 -0.340246 0 
0.12383 0.237635 -0.0154621 0.186166 -0.097398 -0.977679 0 
0.123718 0.237895 -0.0155613 0.869593 -0.414309 -0.268618 0 
0.12348 0.237739 -0.0156993 0.761088 -0.368373 -0.533898 0 
0.12294 0.237067 -0.0165462 0.107514 -0.0577182 0.992527 0 
0.123674 0.236644 -0.0169736 0.426347 -0.314722 0.848044 0 
0.123064 0.237648 -0.0169793 -0.831807 0.444993 0.331779 0 
0.122944 0.237805 -0.0167328 -0.845451 0.428175 0.319185 0 
0.123097 0.238197 -0.0167871 -0.841181 0.393178 0.371248 0 
0.123319 0.237843 -0.0170607 -0.850564 0.416761 0.320704 0 
0.12394 0.236776 -0.0169287 0.209227 -0.154646 0.965561 0 
0.123557 0.237998 -0.0169227 -0.776874 0.318758 -0.543011 0 
0.123195 0.238636 -0.0166551 -0.227719 0.177114 -0.957484 0 
0.123321 0.239052 -0.0166162 -0.159373 0.10341 -0.981787 0 
0.123288 0.238502 -0.0168084 -0.198206 0.0874075 -0.976255 0 
0.123403 0.238981 -0.0168957 -0.00100656 0.0312033 -0.999513 0 
0.124011 0.238003 -0.0156096 0.762773 -0.340265 -0.549906 0 
0.124243 0.238044 -0.0157661 -0.125629 0.0633909 -0.99005 0 
0.124402 0.238551 -0.0155259 -0.159373 0.10341 -0.981787 0 
0.12429 0.23881 -0.015625 -0.20066 0.136755 -0.970069 0 
0.123954 0.238216 -0.0158951 -0.17263 0.0832972 -0.981458 0 
0.124164 0.238395 -0.0156639 -0.163354 0.0751192 -0.983703 0 
0.123961 0.238318 -0.0162408 -0.180141 0.0785848 -0.980497 0 
0.124107 0.238607 -0.0159494 -0.159373 0.10341 -0.981787 0 
0.12404 0.238425 -0.0163521 -0.163354 0.0751192 -0.983703 0 
0.124203 0.238754 -0.0162801 -0.0340967 0.0237644 -0.999136 0 
0.124426 0.239163 -0.0154599 -0.137682 0.152566 -0.978656 0 
0.124626 0.239405 -0.0153549 -0.137067 0.149416 -0.979228 0 
0.124698 0.23773 -0.0161962 0.879187 -0.361662 -0.310212 0 
0.124545 0.2387 -0.0168094 -0.903927 0.38945 -0.176762 0 
0.124678 0.238759 -0.0171071 -0.842872 0.187139 -0.504525 0 
0.124266 0.239114 -0.0157092 -0.159828 0.152277 -0.975329 0 
0.123532 0.239231 -0.0163849 -0.150802 0.102546 -0.983231 0 
0.123722 0.239537 -0.0164062 -0.881197 0.399456 0.252839 0 
0.123767 0.239552 -0.0167188 -0.906341 0.410967 0.0982446 0 
0.123875 0.239928 -0.0164605 -0.906497 0.400545 0.133515 0 
0.12393 0.239881 -0.0166469 -0.910071 0.411475 0.0495915 0 
0.124374 0.239491 -0.0154509 -0.261898 0.214784 -0.940892 0 
0.12452 0.23978 -0.0151595 -0.275533 0.238795 -0.93116 0 
0.124602 0.239709 -0.0154391 -0.285023 0.23681 -0.928807 0 
0.12475 0.239986 -0.015788 -0.927436 0.358173 0.107588 0 
0.124608 0.23906 -0.0162385 0.0492438 0.024098 -0.998496 0 
0.124103 0.240147 -0.0164487 -0.922078 0.385834 0.030082 0 
0.124186 0.240076 -0.0167283 -0.712624 -0.00694566 -0.701511 0 
0.124229 0.240563 -0.0164098 -0.924178 0.375823 -0.0682099 0 
0.124635 0.240411 -0.016359 -0.919519 0.370304 -0.131756 0 
0.124495 0.240695 -0.0163649 -0.929674 0.359831 -0.0789219 0 
0.124452 0.240208 -0.0166834 -0.912027 0.402165 0.0804329 0 
0.123557 0.239373 -0.01695 -0.915638 0.385314 0.114627 0 
0.123816 0.23939 -0.0171997 -0.839917 0.15554 -0.519949 0 
0.123659 0.239634 -0.0169862 -0.900302 0.320797 -0.294187 0 
0.12417 0.239566 -0.0171399 -0.825952 0.545217 0.143323 0 
0.124013 0.23981 -0.0169264 -0.780838 0.0916066 -0.617981 0 
0.12428 0.239471 -0.0175126 -0.832615 0.552768 -0.0346346 0 
0.124871 0.239358 -0.0166655 -0.763175 0.155658 -0.627164 0 
0.124786 0.239912 -0.0151147 -0.275533 0.238795 -0.93116 0 
0.124793 0.240014 -0.0154603 -0.210455 0.18663 -0.959624 0 
0.124939 0.240304 -0.015169 -0.331254 0.275309 -0.902483 0 
0.124858 0.240362 -0.0155296 -0.941518 0.327885 0.0776917 0 
0.124848 0.240425 -0.0156559 -0.933571 0.324061 0.153067 0 
0.124678 0.240898 -0.0160406 -0.945711 0.322895 0.0370116 0 
0.12476 0.240827 -0.0163201 -0.931369 0.342275 -0.124092 0 
0.124825 0.240716 -0.0163802 -0.909478 0.375499 -0.178469 0 
0.125026 0.240959 -0.0162752 -0.953281 0.300177 -0.0339112 0 
0.125542 0.241018 -0.0154942 -0.953004 0.291736 -0.0816861 0 
0.124776 0.241337 -0.0159085 -0.941724 0.31748 -0.111185 0 
0.124859 0.241266 -0.0161881 -0.959911 0.275518 -0.0515811 0 
0.125124 0.241398 -0.0161432 -0.972579 0.231452 0.0227855 0 
0.125205 0.241798 -0.0157917 -0.964975 0.245376 -0.0928105 0 
0.124909 0.241855 -0.0162152 -0.214315 -0.214315 0.952963 0 
0.125356 0.241439 -0.0162997 -0.976207 0.178286 0.123428 0 
0.124878 0.242056 -0.0159538 -0.966453 0.248802 -0.0637634 0 
0.125083 0.242121 -0.0160171 -0.973992 0.224583 -0.0300244 0 
0.125031 0.242448 -0.0160081 -0.696231 0.398555 -0.597006 0 
0.125291 0.242465 -0.0162577 -0.724441 0.382754 -0.57331 0 
0.125222 0.242754 -0.0160294 0.0770933 0.388172 -0.918357 0 
0.125468 0.242553 -0.0162278 -0.773663 0.387642 -0.501178 0 
0.12519 0.242955 -0.0157679 -0.661055 0.384104 -0.64457 0 
0.125488 0.242886 -0.0159845 0.112901 0.352305 -0.929051 0 
0.12547 0.243304 -0.0157742 -0.515343 0.400822 -0.757472 0 
0.125716 0.243104 -0.0159727 0.254861 0.252045 -0.933552 0 
0.125818 0.243365 -0.0160089 -0.922019 0.34311 -0.179321 0 
0.126083 0.243497 -0.0159641 -0.758789 0.467073 -0.453962 0 
0.125609 0.243479 -0.0157773 -0.465977 0.388583 -0.794902 0 
0.126066 0.243916 -0.0157537 -0.496637 0.42124 -0.758887 0 
0.126382 0.244179 -0.015727 -0.766475 0.576046 -0.284056 0 
0.128181 0.245036 -0.0155212 -0.670397 0.546063 -0.502378 0 
0.128282 0.245755 -0.0155666 -0.718937 0.486486 -0.496448 0 
0.134051 0.257513 -0.0127724 0.927854 -0.372924 -0.00381833 0 
0.134283 0.257554 -0.0129289 0.927854 -0.372924 -0.00381833 0 
0.134204 0.257905 -0.0128267 0.927854 -0.372924 -0.00381833 0 
0.134271 0.257324 -0.013518 0.927854 -0.372924 -0.00381833 0 
0.134566 0.25742 -0.0142065 0.927629 -0.363802 0.084574 0 
0.134124 0.258409 -0.0138366 0.927156 -0.260629 0.269174 0 
0.134642 0.258456 -0.0136958 0.919328 -0.225171 0.322697 0 
0.134512 0.258676 -0.0135756 0.913118 -0.202119 0.354066 0 
