0.129626 0.248336 -0.0265672 0.0966257 0.992402 0.0761638 2 
0.129381 0.248864 -0.0251524 0.25768 0.964101 -0.0641058 2 
0.130601 0.247686 -0.0255837 0.572636 0.702101 -0.423252 2 
0.130806 0.248314 -0.0254642 0.447011 0.868606 -0.213788 2 
0.131267 0.247945 -0.0248229 0.367495 0.386261 -0.84602 2 
0.130723 0.248215 -0.0248059 0.558877 0.562254 -0.60953 2 
0.130907 0.247899 -0.0244652 0.367495 0.386261 -0.84602 2 
0.131478 0.247958 -0.0247488 0.367495 0.386261 -0.84602 2 
0.129532 0.249129 -0.0245469 0.299695 0.953801 -0.0211403 2 
0.129942 0.249285 -0.0250642 0.312461 0.949832 -0.0136935 2 
0.129983 0.249461 -0.0248049 0.314667 0.949016 0.0188048 2 
0.129914 0.248682 -0.0246108 0.318983 0.946699 -0.0448369 2 
0.130607 0.248741 -0.0251067 0.319801 0.946661 0.0394973 2 
0.131001 0.249304 -0.024973 0.407303 0.910682 -0.0690115 2 
0.130927 0.249139 -0.0247335 0.518539 0.708614 -0.478523 2 
0.131286 0.248911 -0.0249044 0.503086 0.506429 -0.70031 2 
0.130812 0.248798 -0.0247534 0.309367 0.950645 0.0237974 2 
0.130555 0.248653 -0.0248075 0.333638 0.941197 -0.0532263 2 
0.131121 0.24846 -0.0247646 0.503086 0.506429 -0.70031 2 
0.131277 0.248977 -0.0244855 0.157302 0.0900582 -0.983436 2 
0.131684 0.249155 -0.0248632 0.157302 0.0900582 -0.983436 2 
0.131518 0.249001 -0.0247705 0.382583 0.166402 -0.908813 2 
0.131335 0.24845 -0.0248302 0.503086 0.506429 -0.70031 2 
0.131879 0.24818 -0.0248472 0.157302 0.0900582 -0.983436 2 
0.131593 0.248299 -0.024729 0.157302 0.0900582 -0.983436 2 
0.131867 0.249135 -0.0245697 0.157302 0.0900582 -0.983436 2 
0.131025 0.248218 -0.024585 0.367495 0.386261 -0.84602 2 
0.13128 0.248089 -0.0243441 0.157302 0.0900582 -0.983436 2 
0.131469 0.248024 -0.0243299 0.157302 0.0900582 -0.983436 2 
0.132254 0.248073 -0.024679 0.203641 0.0670674 -0.976746 2 
0.124225 0.251619 -0.0229789 0.216632 0.809682 -0.545422 2 
0.1242 0.251564 -0.0228991 0.237414 0.802243 -0.54776 2 
0.123319 0.25271 -0.0228852 0.229418 0.81759 -0.528123 2 
0.124268 0.252069 -0.0229064 0.247818 0.799563 -0.54707 2 
0.12452 0.251962 -0.0225259 0.237414 0.802243 -0.54776 2 
0.1242 0.250994 -0.0226652 0.216632 0.809682 -0.545422 2 
0.12415 0.250884 -0.0225056 0.216632 0.809682 -0.545422 2 
0.123977 0.25107 -0.0221807 0.278908 0.789452 -0.546786 2 
0.12369 0.252055 -0.0223435 0.307 0.784202 -0.539238 2 
0.123786 0.251727 -0.0222892 0.307 0.784202 -0.539238 2 
0.123901 0.252068 -0.0222694 0.307 0.784202 -0.539238 2 
0.12411 0.251806 -0.0220086 0.254097 0.805939 -0.534694 2 
0.123712 0.251562 -0.0220498 0.307 0.784202 -0.539238 2 
0.123847 0.251706 -0.0217834 0.307 0.784202 -0.539238 2 
0.124777 0.251578 -0.0234619 0.247003 0.809362 -0.532843 2 
0.124654 0.251874 -0.0232967 0.233322 0.811218 -0.536177 2 
0.124572 0.250951 -0.0235814 0.289389 0.824369 -0.486487 2 
0.124949 0.251118 -0.0236 0.28706 0.810984 -0.509806 2 
0.12471 0.250502 -0.0232207 0.361855 0.82642 -0.431382 2 
0.125524 0.249991 -0.0236951 0.445689 0.889982 -0.096403 2 
0.125039 0.250538 -0.0232193 0.423247 0.825887 -0.372521 2 
0.124349 0.250456 -0.0228631 0.386886 0.819944 -0.421913 2 
0.124443 0.251291 -0.023137 0.243677 0.808637 -0.53547 2 
0.124719 0.251535 -0.0228834 0.243677 0.808637 -0.53547 2 
0.125454 0.251474 -0.0230729 0.351276 0.812226 -0.465719 2 
0.125326 0.251518 -0.0225813 0.470623 0.808833 -0.352568 2 
0.124554 0.251084 -0.0227436 0.363311 0.805045 -0.468943 2 
0.12448 0.250919 -0.0225041 0.475794 0.799397 -0.366858 2 
0.125535 0.251256 -0.0223204 0.553967 0.813592 -0.176605 2 
0.125529 0.251301 -0.0220412 0.604731 0.789225 -0.106889 2 
0.125218 0.251365 -0.0218431 0.628778 0.763838 -0.145564 2 
0.124667 0.252546 -0.0218279 0.254097 0.805939 -0.534694 2 
0.124338 0.252215 -0.0217822 0.307 0.784202 -0.539238 2 
0.124592 0.252382 -0.0215884 0.307 0.784202 -0.539238 2 
0.124216 0.252214 -0.0215698 0.307 0.784202 -0.539238 2 
0.124255 0.252117 -0.0211238 0.292218 0.794516 -0.53231 2 
0.124972 0.252527 -0.0217466 0.254097 0.805939 -0.534694 2 
0.125393 0.252552 -0.0215984 0.266216 0.820443 -0.505966 2 
0.124876 0.252285 -0.021567 0.264797 0.800658 -0.537428 2 
0.125159 0.252188 -0.0215456 0.396721 0.804686 -0.441694 2 
0.124594 0.252085 -0.0215413 0.254097 0.805939 -0.534694 2 
0.124494 0.251866 -0.021222 0.67072 0.587089 -0.453279 2 
0.124683 0.251801 -0.0212077 0.664707 0.624924 -0.409433 2 
0.124995 0.251441 -0.0213587 0.764433 0.625719 -0.155299 2 
0.124826 0.252175 -0.0214074 0.254097 0.805939 -0.534694 2 
0.125084 0.252023 -0.0213062 0.548407 0.750195 -0.369402 2 
0.125442 0.252091 -0.0215242 0.517815 0.779143 -0.353276 2 
0.125349 0.251827 -0.0214842 0.618853 0.755342 -0.21559 2 
0.125296 0.252606 -0.0214659 0.224338 0.862722 -0.453193 2 
0.124247 0.251358 -0.0216479 0.61357 0.679723 -0.40188 2 
0.124945 0.251627 -0.0212462 0.718266 0.658802 -0.223773 2 
0.119438 0.249665 -0.0105242 -0.220324 -0.152532 0.963427 2 
0.118891 0.249958 -0.0103676 -0.295568 -0.377417 0.877608 2 
0.119104 0.249948 -0.0104332 -0.289441 -0.389457 0.874384 2 
0.119502 0.250193 -0.0103919 -0.1932 -0.267192 0.944077 2 
0.119428 0.250028 -0.0101525 -0.1932 -0.267192 0.944077 2 
0.118966 0.249256 -0.010326 -0.259254 -0.180527 0.948787 2 
0.118863 0.249925 -0.0101482 -0.295568 -0.377417 0.877608 2 
0.118813 0.249815 -0.00998852 -0.26791 -0.347839 0.898461 2 
0.118692 0.249519 -0.00972909 -0.262695 -0.360649 0.894943 2 
0.11909 0.249763 -0.00968783 -0.190771 -0.273118 0.942875 2 
0.118758 0.24975 -0.0095496 -0.262695 -0.360649 0.894943 2 
0.119295 0.24982 -0.00933447 -0.182207 -0.275365 0.943914 2 
0.119155 0.249424 -0.00927448 -0.182207 -0.275365 0.943914 2 
0.119667 0.248678 -0.011007 -0.168403 0.202345 0.964726 2 
0.120667 0.248083 -0.0101033 -0.0988541 0.103506 0.989704 2 
0.119699 0.249491 -0.0105627 -0.189308 0.0842726 0.978295 2 
0.120188 0.250022 -0.0104218 -0.0549517 -0.00725778 0.998463 2 
0.119806 0.249899 -0.0101239 -0.187343 -0.238559 0.952886 2 
0.120299 0.249815 -0.0100284 -0.160716 0.0381555 0.986263 2 
0.12052 0.249465 -0.0103261 -0.0870167 0.23835 0.967273 2 
0.120931 0.25072 -0.0100871 -0.0381251 0.634007 0.772387 2 
0.120368 0.250595 -0.0102225 -0.0271802 -0.00302002 0.999626 2 
0.120557 0.25053 -0.0102082 0.00717296 0.0420131 0.999091 2 
0.120294 0.25043 -0.00998303 -0.0146264 -0.147389 0.98897 2 
0.120244 0.25032 -0.0098234 -0.101725 -0.17526 0.979253 2 
0.12119 0.250272 -0.00993879 -0.0303786 0.910037 0.413413 2 
0.120906 0.250665 -0.0100073 -0.0183964 0.278398 0.96029 2 
0.120599 0.25041 -0.00990181 -0.109575 0.0795859 0.990787 2 
0.120766 0.250269 -0.00994736 -0.182809 0.255932 0.949252 2 
0.120692 0.250104 -0.00970791 -0.22081 0.410499 0.884722 2 
0.120503 0.250168 -0.00972219 -0.252369 0.0059803 0.967613 2 
0.121 0.250062 -0.00976631 -0.0201492 0.975456 0.21927 2 
0.121026 0.249821 -0.00979899 -0.0201492 0.975456 0.21927 2 
0.119593 0.249612 -0.0100113 -0.181772 -0.14618 0.972415 2 
0.120184 0.249474 -0.0100483 -0.133389 0.226632 0.964803 2 
0.119706 0.24968 -0.00980464 -0.187343 -0.238559 0.952886 2 
0.120105 0.249924 -0.0097634 -0.123629 -0.00547031 0.992313 2 
0.119985 0.249901 -0.00969073 -0.161532 -0.192546 0.967901 2 
0.119825 0.249132 -0.00964345 -0.11138 0.00324409 0.993773 2 
0.119987 0.249605 -0.0096436 -0.176123 -0.017267 0.984217 2 
0.120219 0.249695 -0.00950968 -0.252369 0.0059803 0.967613 2 
0.120577 0.249763 -0.00972773 -0.22081 0.410499 0.884722 2 
0.120835 0.249611 -0.00962651 0.0241537 0.985699 0.166775 2 
0.120174 0.249266 -0.00944257 -0.303481 0.0794522 0.949519 2 
0.120695 0.249215 -0.00956652 0.0241537 0.985699 0.166775 2 
0.120696 0.248919 -0.0095194 -0.0586374 0.939501 0.337491 2 
0.120502 0.249598 -0.00948828 0.194298 0.968918 -0.153122 2 
0.120479 0.249247 -0.00936134 -0.279559 0.631004 0.723658 2 
0.119666 0.248636 -0.00978291 -0.152512 0.188397 0.970179 2 
0.120145 0.248135 -0.00997938 -0.110749 0.152128 0.982136 2 
0.119993 0.248694 -0.00964187 -0.18626 0.207396 0.960362 2 
0.119829 0.248243 -0.00950207 -0.109149 0.135537 0.984742 2 
0.120453 0.250059 -0.00956255 -0.289203 -0.0235831 0.956977 2 
0.125225 0.251746 -0.011806 -0.171947 -0.139315 0.975205 2 
0.125567 0.252792 -0.0116068 -0.31238 -0.472494 0.824117 2 
0.125111 0.253075 -0.0113034 -0.320704 -0.416761 0.850564 2 
0.125297 0.253032 -0.0111495 -0.320704 -0.416761 0.850564 2 
0.125153 0.253525 -0.0112309 -0.320704 -0.416761 0.850564 2 
0.125428 0.253495 -0.0107906 -0.320704 -0.416761 0.850564 2 
0.12572 0.253332 -0.0111881 -0.320704 -0.416761 0.850564 2 
0.125645 0.253167 -0.0109486 -0.320704 -0.416761 0.850564 2 
0.124044 0.252826 -0.0109286 -0.348244 -0.382295 0.855907 2 
0.124233 0.252762 -0.0109143 -0.332922 -0.423577 0.842464 2 
0.124467 0.252555 -0.0107333 -0.320704 -0.416761 0.850564 2 
0.125231 0.252801 -0.011329 -0.31238 -0.472494 0.824117 2 
0.124351 0.253081 -0.0110341 -0.320704 -0.416761 0.850564 2 
0.124681 0.253116 -0.0110327 -0.320704 -0.416761 0.850564 2 
0.124467 0.253125 -0.0109672 -0.320704 -0.416761 0.850564 2 
0.12456 0.252819 -0.0107733 -0.320704 -0.416761 0.850564 2 
0.124606 0.252951 -0.0107933 -0.320704 -0.416761 0.850564 2 
0.124807 0.253327 -0.0103474 -0.320704 -0.416761 0.850564 2 
0.125036 0.25291 -0.011064 -0.320704 -0.416761 0.850564 2 
0.125313 0.253154 -0.0108104 -0.320704 -0.416761 0.850564 2 
0.125073 0.253405 -0.0107122 -0.320704 -0.416761 0.850564 2 
0.125596 0.253057 -0.010789 -0.320704 -0.416761 0.850564 2 
0.124962 0.252745 -0.0108245 -0.320704 -0.416761 0.850564 2 
0.12489 0.252854 -0.0107719 -0.320704 -0.416761 0.850564 2 
0.124865 0.252799 -0.010692 -0.320704 -0.416761 0.850564 2 
0.125216 0.252912 -0.0106308 -0.320704 -0.416761 0.850564 2 
0.125456 0.252661 -0.010729 -0.320704 -0.416761 0.850564 2 
0.125213 0.252934 -0.0104912 -0.320704 -0.416761 0.850564 2 
0.125491 0.252882 -0.0101905 -0.320704 -0.416761 0.850564 2 
0.125953 0.253125 -0.011007 -0.320704 -0.416761 0.850564 2 
0.12624 0.25214 -0.0108443 -0.31238 -0.472494 0.824117 2 
0.126334 0.252107 -0.0108371 -0.31238 -0.472494 0.824117 2 
0.125928 0.25307 -0.0109272 -0.320704 -0.416761 0.850564 2 
0.125898 0.25306 -0.0105681 -0.320704 -0.416761 0.850564 2 
0.125898 0.25306 -0.0105681 -0.320704 -0.416761 0.850564 2 
0.126297 0.253008 -0.0104798 -0.320704 -0.416761 0.850564 2 
0.125758 0.252664 -0.0105081 -0.320704 -0.416761 0.850564 2 
0.126772 0.252824 -0.0105837 -0.331593 -0.412545 0.848441 2 
0.126724 0.252418 -0.010377 -0.331593 -0.412545 0.848441 2 
0.126912 0.252354 -0.0103627 -0.342561 -0.414515 0.843107 2 
0.12617 0.253622 -0.0102221 -0.320704 -0.416761 0.850564 2 
0.126431 0.253448 -0.0102605 -0.320704 -0.416761 0.850564 2 
0.12587 0.253027 -0.0103487 -0.320704 -0.416761 0.850564 2 
0.126128 0.252875 -0.0102475 -0.320704 -0.416761 0.850564 2 
0.126223 0.252843 -0.0102403 -0.320704 -0.416761 0.850564 2 
0.126649 0.25312 -0.0104185 -0.331593 -0.412545 0.848441 2 
0.126834 0.253078 -0.0102646 -0.345318 -0.414069 0.842201 2 
0.126857 0.252859 -0.0101577 -0.345318 -0.414069 0.842201 2 
0.126161 0.253689 -0.00980318 -0.32963 -0.00124389 0.944109 2 
0.124684 0.252227 -0.0108913 -0.0461065 -0.18088 0.982424 2 
0.124844 0.252426 -0.0107047 -0.305686 -0.157641 0.938992 2 
0.125226 0.251979 -0.0107687 0.0434766 -0.26707 0.962696 2 
0.124597 0.253018 -0.0103743 -0.320704 -0.416761 0.850564 2 
0.125118 0.252396 -0.0102644 -0.320704 -0.416761 0.850564 2 
0.125019 0.253043 -0.0102262 -0.320704 -0.416761 0.850564 2 
0.125946 0.252029 -0.01026 -0.31238 -0.472494 0.824117 2 
0.12573 0.252631 -0.0102887 -0.320704 -0.416761 0.850564 2 
0.125656 0.252466 -0.0100493 -0.320704 -0.416761 0.850564 2 
0.12658 0.252341 -0.0102245 -0.331593 -0.412545 0.848441 2 
0.125931 0.253006 -0.00984284 -0.320704 -0.416761 0.850564 2 
0.126217 0.252887 -0.00996105 -0.320704 -0.416761 0.850564 2 
0.126004 0.252601 -0.00984839 -0.320704 -0.416761 0.850564 2 
0.126493 0.253131 -0.00970751 -0.339592 -0.0113618 0.940504 2 
0.126622 0.243447 -0.0173319 -0.586827 -0.738787 0.331403 2 
0.126221 0.245191 -0.0167582 -0.176484 -0.88242 0.436105 2 
0.126219 0.244917 -0.0165714 -0.176484 -0.88242 0.436105 2 
0.125636 0.244418 -0.0167195 -0.176484 -0.88242 0.436105 2 
0.125786 0.243881 -0.0169173 -0.176484 -0.88242 0.436105 2 
0.125989 0.243664 -0.0163772 -0.176484 -0.88242 0.436105 2 
0.125896 0.24397 -0.0165711 -0.176484 -0.88242 0.436105 2 
0.125702 0.24465 -0.01654 -0.176484 -0.88242 0.436105 2 
0.125668 0.244661 -0.0160413 -0.432347 -0.872173 0.228889 2 
0.12605 0.244784 -0.0163391 -0.432347 -0.872173 0.228889 2 
0.126167 0.244829 -0.0162722 -0.432347 -0.872173 0.228889 2 
0.12645 0.244732 -0.0162508 -0.432347 -0.872173 0.228889 2 
0.125998 0.244697 -0.0160399 -0.432347 -0.872173 0.228889 2 
0.126136 0.244819 -0.0159131 -0.432347 -0.872173 0.228889 2 
0.126375 0.244568 -0.0160113 -0.432347 -0.872173 0.228889 2 
0.126185 0.244358 -0.0158388 -0.432347 -0.872173 0.228889 2 
0.126617 0.244591 -0.0162963 -0.432347 -0.872173 0.228889 2 
0.126875 0.244439 -0.0161951 -0.432347 -0.872173 0.228889 2 
0.126593 0.24424 -0.0161694 -0.432347 -0.872173 0.228889 2 
0.126991 0.243914 -0.0158942 -0.432347 -0.872173 0.228889 2 
0.126612 0.244339 -0.0159699 -0.432347 -0.872173 0.228889 2 
0.126133 0.244841 -0.0157735 -0.432347 -0.872173 0.228889 2 
0.126367 0.244634 -0.0155924 -0.432347 -0.872173 0.228889 2 
0.126148 0.243863 -0.0161906 -0.432347 -0.872173 0.228889 2 
0.12598 0.243731 -0.0159583 -0.432347 -0.872173 0.228889 2 
0.125332 0.24467 -0.0157634 -0.432347 -0.872173 0.228889 2 
0.125258 0.244506 -0.015524 -0.432347 -0.872173 0.228889 2 
0.126276 0.244348 -0.0156921 -0.432347 -0.872173 0.228889 2 
0.127039 0.243749 -0.0158671 -0.432347 -0.872173 0.228889 2 
0.126465 0.244284 -0.0156778 -0.432347 -0.872173 0.228889 2 
0.126485 0.244087 -0.0154312 -0.432347 -0.872173 0.228889 2 
0.126102 0.24483 -0.0154144 -0.432347 -0.872173 0.228889 2 
0.126045 0.245061 -0.0150226 -0.464061 -0.874633 0.14023 2 
0.126028 0.244666 -0.0151749 -0.432347 -0.872173 0.228889 2 
0.125807 0.244445 -0.0146433 -0.464061 -0.874633 0.14023 2 
0.12614 0.244691 -0.0137443 -0.725105 -0.677459 -0.12358 2 
0.121361 0.252837 -0.000603467 -0.15757 -0.0170039 0.987361 2 
0.11991 0.252762 2.21133e-005 -0.0525581 -0.00515276 0.998605 2 
0.120517 0.255049 -0.000471726 -0.410041 0.504792 0.759639 2 
0.11926 0.254062 -0.000914544 -0.419639 0.378466 0.825025 2 
0.119658 0.254306 -0.000873312 -0.443902 0.418075 0.792568 2 
0.119531 0.254054 -0.000334591 -0.0805589 -0.124925 0.98889 2 
0.119934 0.25455 -0.000619754 -0.451208 0.444692 0.773732 2 
0.119674 0.254428 -0.000534207 -0.374023 0.227347 0.899122 2 
0.120355 0.254576 -0.000471562 -0.347205 0.287599 0.8926 2 
0.120022 0.254563 -0.000333324 -0.0717266 -0.146981 0.986535 2 
0.119923 0.254343 -1.40667e-005 -0.00801264 -0.182001 0.983266 2 
0.120272 0.254478 0.000186786 -0.197822 0.0343524 0.979636 2 
0.11946 0.253867 -0.000234783 -0.0968542 -0.0478704 0.994147 2 
0.119943 0.253576 0.000466391 0.00330095 -0.130938 0.991385 2 
0.119736 0.254111 1.87755e-005 0.0151461 -0.199229 0.979836 2 
0.119734 0.253837 0.000205547 -0.0452667 -0.0916374 0.994763 2 
0.120104 0.254049 0.000466213 0.142882 -0.308898 0.940301 2 
0.120179 0.254214 0.000226766 0.0103483 -0.182821 0.983092 2 
0.120567 0.252855 0.000164568 0.201292 -0.253326 0.946207 2 
0.120088 0.253357 0.000361025 0.0996894 -0.180918 0.978433 2 
0.120465 0.253228 0.000389576 0.0888937 -0.17657 0.980266 2 
0.12118 0.253364 -4.65065e-005 -0.159857 -0.0478405 0.98598 2 
0.121081 0.253144 0.000272766 -0.17088 -0.0172027 0.985142 2 
0.120271 0.253907 0.00042069 0.110248 -0.219229 0.969424 2 
0.12072 0.253965 0.000349402 -0.0722571 -0.0700338 0.994924 2 
0.120999 0.254187 0.000463337 -0.137636 -0.104125 0.984995 2 
0.120464 0.253524 0.000342458 0.147544 -0.228497 0.962299 2 
0.120769 0.253505 0.00042367 -0.108952 -0.0231111 0.993778 2 
0.121028 0.253923 0.00029099 -0.139754 -0.0967531 0.985448 2 
0.120864 0.253472 0.000430807 -0.117655 -0.0164936 0.992918 2 
0.120433 0.254951 0.000186622 -0.172975 -0.125687 0.976874 2 
0.120831 0.254625 0.000461757 -0.106526 -0.135252 0.985068 2 
0.120476 0.254535 0.000540152 -0.0912162 -0.133863 0.986793 2 
0.119743 0.249269 -0.000929967 0.311657 -0.0659523 0.947903 2 
0.119715 0.249236 -0.000710532 0.311657 -0.0659523 0.947903 2 
0.119859 0.249314 -0.000863016 0.31308 -0.0714498 0.947035 2 
0.120142 0.249217 -0.000841603 0.397002 -0.0169214 0.917661 2 
0.119976 0.249062 -0.000748932 0.39017 -0.00901383 0.920699 2 
0.120823 0.248265 -0.00153522 0.520873 0.259659 0.813184 2 
0.120746 0.248123 -0.00115615 0.530607 0.284985 0.798273 2 
0.120627 0.248671 -0.00131735 0.534008 0.13021 0.835393 2 
0.120285 0.248724 -0.000760198 0.474733 0.100615 0.87436 2 
0.120578 0.248561 -0.00115772 0.534008 0.13021 0.835393 2 
0.120503 0.248396 -0.000918269 0.534008 0.13021 0.835393 2 
0.12031 0.248779 -0.000840023 0.474733 0.100615 0.87436 2 
0.120235 0.248911 -0.000647694 0.437102 0.0145261 0.899295 2 
0.119323 0.24808 -0.00075002 0.415454 0.172261 0.893154 2 
0.119619 0.248994 -0.000530899 0.31733 -0.0526742 0.946851 2 
0.119735 0.249039 -0.000463948 0.332869 -0.0505133 0.941619 2 
0.119595 0.248643 -0.000403956 0.36373 0.00126735 0.931504 2 
0.120671 0.247958 -0.000916705 0.530607 0.284985 0.798273 2 
0.120429 0.248231 -0.000678822 0.534008 0.13021 0.835393 2 
0.120712 0.248135 -0.000657409 0.575005 0.227832 0.785788 2 
0.12016 0.248746 -0.000408247 0.477546 0.0710054 0.875733 2 
0.1204 0.248495 -0.00050649 0.531844 0.114484 0.839068 2 
0.120021 0.24835 -0.000348255 0.525267 0.11142 0.843611 2 
0.119927 0.248086 -0.00030829 0.573393 0.21792 0.789767 2 
0.120087 0.248285 -0.000121683 0.525018 0.123619 0.842065 2 
0.12037 0.248188 -0.000100285 0.536952 0.166021 0.827115 2 
0.12018 0.248549 -0.000161663 0.518403 0.104829 0.848687 2 
0.12042 0.248298 -0.000259906 0.541019 0.11812 0.832674 2 
0.120638 0.24797 -0.000417963 0.552046 0.258038 0.792882 2 
0.122943 0.253079 -0.000823006 -0.326414 0.108805 0.938944 1 
0.122333 0.254217 -0.000229195 -0.180534 -0.0811796 0.980213 1 
0.123003 0.253925 -0.000598133 -0.243224 -0.0378892 0.96923 1 
0.121774 0.255169 0.000252098 -0.166501 -0.163959 0.972314 1 
0.120778 0.255974 0.000246108 0.700104 -0.711604 -0.058941 1 
0.121587 0.255508 5.10663e-005 -0.184865 -0.0244162 0.98246 1 
0.121936 0.255642 0.000251934 -0.132658 -0.256121 0.957499 1 
0.122887 0.254979 9.11504e-005 -0.2387 -0.154298 0.958757 1 
0.122842 0.254551 0.00015828 -0.232116 -0.133564 0.963474 1 
0.123445 0.255423 0.000319004 -0.20579 -0.17171 0.963414 1 
0.123069 0.255255 0.000337571 -0.238559 -0.187343 0.952886 1 
0.125247 0.254173 0.000269562 0.574136 -0.775477 -0.262687 1 
0.124035 0.258983 0.000195205 0.184333 -0.216161 0.958799 1 
0.123723 0.259344 0.000346154 0.232258 -0.25451 0.938766 1 
0.124371 0.259207 0.000954628 0.170869 -0.153149 0.973319 1 
0.124888 0.258903 0.00115708 0.114873 -0.0847042 0.989762 1 
0.124869 0.258234 0.0011915 0.115168 -0.115168 0.986647 1 
0.124368 0.258658 0.00132816 0.145004 -0.170222 0.974679 1 
0.12145 0.256485 0.000680551 -0.066703 -0.333515 0.940382 1 
0.122394 0.256162 0.000751913 -0.157967 -0.242925 0.957097 1 
0.122098 0.257215 0.00100802 -0.00124389 -0.32963 0.944109 1 
0.124073 0.255779 0.000633776 -0.171559 -0.112316 0.978751 1 
0.122829 0.256605 0.00119209 -0.0715744 -0.249883 0.965627 1 
0.123091 0.256432 0.00115365 -0.145234 -0.175544 0.9737 1 
0.12202 0.257939 0.00110611 -0.0727713 -0.218314 0.973162 1 
0.122266 0.258742 0.00148486 0.103979 -0.204199 0.973392 1 
0.122689 0.259042 0.00144628 0.11 -0.179214 0.977641 1 
0.122928 0.258791 0.00134806 -0.0879181 -0.12543 0.988199 1 
0.122739 0.258285 0.00156766 0.280539 -0.292168 0.914295 1 
0.122499 0.258536 0.00166589 0.107683 -0.221701 0.969151 1 
0.122571 0.258723 0.0015661 0.108565 -0.195917 0.974592 1 
0.122854 0.258626 0.00158751 -0.0730867 -0.124131 0.98957 1 
0.122792 0.257506 0.00154942 0.0305616 -0.25305 0.96697 1 
0.122599 0.257889 0.00162765 0.0654537 -0.226001 0.971926 1 
0.122976 0.258056 0.00160907 0.109676 -0.208007 0.971959 1 
0.123881 0.257832 0.0012344 0.0402606 -0.148389 0.988109 1 
0.123834 0.2577 0.00125438 0.0283272 -0.143902 0.989186 1 
0.124688 0.257661 0.000992209 0.0826518 -0.0849163 0.992954 1 
0.123686 0.258511 0.0012655 0.148435 -0.176346 0.973072 1 
0.123612 0.258346 0.00150494 0.116635 -0.191883 0.974463 1 
0.124061 0.258404 0.0014337 0.0967205 -0.142096 0.985116 1 
0.124004 0.258635 0.00182547 0.14191 -0.195606 0.970361 1 
0.123283 0.258014 0.00155067 0.0927364 -0.199074 0.975587 1 
0.124511 0.258166 0.00140953 0.154019 -0.129376 0.979561 1 
0.124129 0.258613 0.00147352 0.132008 -0.182296 0.974342 1 
0.124318 0.258549 0.00148779 0.129278 -0.179482 0.97523 1 
0.1242 0.25823 0.00160761 0.0815357 -0.14062 0.986701 1 
0.124558 0.258298 0.00138956 0.130007 -0.130007 0.982953 1 
0.123075 0.257409 0.00157084 0.0347786 -0.219465 0.975 1 
0.123267 0.257323 0.00144546 0.0271622 -0.201945 0.97902 1 
0.123361 0.25729 0.00145259 0.00343119 -0.186428 0.982463 1 
0.123193 0.257728 0.00145102 0.0710016 -0.181716 0.980784 1 
0.123382 0.257664 0.00146528 0.050652 -0.173159 0.983591 1 
0.123259 0.25796 0.00163049 0.0927364 -0.199074 0.975587 1 
0.125018 0.257168 3.47197e-006 0.0113612 -0.0485435 0.998756 1 
0.124658 0.257122 0.000361159 0.00744403 -0.0840112 0.996437 1 
0.126187 0.257276 0.00044091 -0.0555192 -0.0178081 0.998299 1 
0.1256 0.258491 0.00109453 0.0715074 -0.0605063 0.995603 1 
0.125489 0.257832 0.000982195 0.0433963 -0.0433963 0.998115 1 
0.125391 0.257886 0.00111468 0.066016 -0.0465358 0.996733 1 
0.126076 0.258012 0.00103769 0.00100465 -0.0271257 0.999632 1 
0.126684 0.257698 0.00138693 -0.0402103 -0.0154655 0.999072 1 
0.126967 0.257602 0.00140834 -0.0707153 -0.0137209 0.997402 1 
0.127538 0.25766 0.00112477 -0.0416728 0.00101641 0.999131 1 
0.127676 0.257782 0.00125153 -0.0195524 0.0339595 0.999232 1 
0.127159 0.257515 0.00128296 -0.0507097 -0.00931402 0.99867 1 
0.127464 0.257495 0.00136422 -0.234266 0.0228259 0.971904 1 
0.127156 0.257537 0.00142261 -0.0507097 -0.00931402 0.99867 1 
0.127929 0.257675 0.00163202 -0.0551766 0.0135339 0.998385 1 
0.127766 0.257498 0.00158505 -0.0605626 -0.0308125 0.997689 1 
0.124565 0.255991 0.00068216 -0.0579347 -0.114733 0.991706 1 
0.124565 0.255421 0.000916049 -0.0876022 -0.0543355 0.994673 1 
0.1247 0.255565 0.00118247 -0.0713604 -0.0581862 0.995752 1 
0.124983 0.255468 0.00120386 0.020906 -0.111132 0.993586 1 
0.125193 0.255481 0.00127795 0.0675498 -0.159986 0.984805 1 
0.125455 0.255307 0.00123955 0.177975 -0.267643 0.946938 1 
0.124556 0.256058 0.00110106 -0.0476695 -0.0942305 0.994408 1 
0.12479 0.255851 0.00128211 -0.0437417 -0.11328 0.9926 1 
0.12433 0.256453 0.00167803 -0.0995148 -0.0812132 0.991716 1 
0.125028 0.255897 0.00113674 -0.0354891 -0.0699029 0.996922 1 
0.125616 0.25578 0.0012394 0.372841 -0.45605 0.808089 1 
0.126761 0.255305 0.000766486 -0.653486 0.72523 0.216789 1 
0.126827 0.256106 0.000712037 -0.207048 0.106661 0.972499 1 
0.126255 0.255478 0.00122951 0.212342 -0.359681 0.908593 1 
0.126226 0.255741 0.00140183 0.261153 -0.450528 0.853712 1 
0.12585 0.255574 0.00142045 0.208529 -0.322014 0.923484 1 
0.126111 0.2554 0.00138201 0.175991 -0.248537 0.9525 1 
0.125324 0.257381 0.00112198 0.0390079 -0.0411165 0.998393 1 
0.125603 0.257602 0.0012359 0.0220424 -0.0556309 0.998208 1 
0.12607 0.257189 0.00159799 -0.0246256 -0.0760182 0.996802 1 
0.125952 0.257737 0.00143677 0.00102236 -0.0480509 0.998844 1 
0.124733 0.256949 0.00139287 0.0248203 -0.0852524 0.99605 1 
0.127171 0.25656 0.00100544 -0.172975 0.125687 0.976874 1 
0.126444 0.257379 0.00171904 -0.028235 -0.0428753 0.998681 1 
0.126662 0.257051 0.00156099 -0.109179 0.0275705 0.99364 1 
0.126918 0.257492 0.00156797 -0.0875826 -0.0248691 0.995847 1 
0.127607 0.257003 0.00144558 -0.0818973 0.00957241 0.996595 1 
0.121787 0.254214 -2.54214e-005 -0.205866 -0.0825928 0.975089 1 
0.121426 0.254168 0.000332251 -0.195796 -0.0898936 0.976516 1 
0.121945 0.25361 -0.00064221 -0.199903 -0.0642114 0.977709 1 
0.122128 0.25359 -0.000348672 -0.209305 -0.0673202 0.97553 1 
0.122026 0.253963 -0.000123665 -0.205977 -0.067034 0.976258 1 
0.122526 0.253834 -0.000307426 -0.185287 -0.0762945 0.979718 1 
0.122505 0.253461 -0.000320122 -0.186291 -0.0486492 0.981289 1 
0.122518 0.253605 0.000158593 -0.223678 -0.102361 0.969273 1 
0.12267 0.253342 -0.000226036 -0.208175 -0.00581495 0.978074 1 
0.122842 0.253684 0.000439301 -0.220251 -0.0994276 0.970363 1 
0.12284 0.25284 0.000859946 -0.320705 0.00873514 0.947139 1 
0.122955 0.253181 0.000879779 -0.26719 -0.0539397 0.962133 1 
0.120573 0.255347 0.00012663 -0.0791609 -0.142962 0.986557 1 
0.121034 0.254978 0.000767991 -0.115666 -0.182826 0.976318 1 
0.12164 0.254729 3.28124e-005 -0.193075 -0.144486 0.970487 1 
0.121924 0.254632 5.42253e-005 -0.202314 -0.128514 0.970852 1 
0.121566 0.254564 0.000272259 -0.191379 -0.135613 0.972103 1 
0.121252 0.25465 0.000609934 -0.188542 -0.116122 0.975176 1 
0.121392 0.255046 0.000549942 -0.171223 -0.156004 0.972803 1 
0.121249 0.255539 0.000468552 -0.0958326 -0.202866 0.974506 1 
0.121241 0.25588 0.000700712 -0.0837404 -0.276988 0.957218 1 
0.12117 0.255693 0.000800535 -0.0657763 -0.237043 0.96927 1 
0.12103 0.255297 0.000860497 -0.117235 -0.169066 0.978607 1 
0.121174 0.255374 0.000707999 -0.117235 -0.169066 0.978607 1 
0.121504 0.255409 0.000709414 -0.124655 -0.192649 0.973318 1 
0.12305 0.25429 0.00041914 -0.236223 -0.120048 0.964255 1 
0.123165 0.254631 0.000438958 -0.235235 -0.131264 0.963034 1 
0.122932 0.253971 0.000538945 -0.2091 -0.0989156 0.972879 1 
0.122791 0.253871 0.00055179 -0.209818 -0.120804 0.970249 1 
0.123191 0.253819 0.000640154 -0.259921 -0.0883475 0.96158 1 
0.12347 0.254611 0.000520185 -0.252744 -0.144236 0.956722 1 
0.123141 0.253709 0.00079979 -0.268904 -0.105223 0.957402 1 
0.123617 0.252659 0.000976846 -0.616892 0.135925 0.775222 1 
0.123238 0.253084 0.000901192 -0.369242 0.0272073 0.928935 1 
0.12363 0.25424 0.000940681 -0.334278 -0.0694773 0.93991 1 
0.123862 0.25433 0.00107458 -0.302441 -0.0630621 0.95108 1 
0.12412 0.254178 0.00117581 -0.290535 -0.0925023 0.952383 1 
0.124842 0.254502 0.00149775 0.28745 -0.560606 0.776591 1 
0.123468 0.253767 0.000940844 -0.345034 0.0216442 0.93834 1 
0.12335 0.253448 0.00106065 -0.350699 0.0401169 0.935629 1 
0.123588 0.253493 0.000915289 -0.426209 0.104806 0.898533 1 
0.123722 0.253933 0.00113457 -0.360726 -0.0297372 0.932198 1 
0.123915 0.253551 0.00105634 -0.449241 0.0559844 0.891655 1 
0.123514 0.253328 0.00115475 -0.475394 0.143927 0.867921 1 
0.123775 0.253154 0.00111634 -0.579334 0.16101 0.799029 1 
0.124441 0.25428 0.00159614 0.19696 -0.494655 0.846477 1 
0.124536 0.254248 0.00160328 0.227663 -0.499636 0.835783 1 
0.123346 0.2518 0.000677913 -0.00336241 -0.987428 0.158033 1 
0.123222 0.252392 0.00079599 -0.520215 0.145896 0.841481 1 
0.124534 0.254544 0.00155614 0.243274 -0.485019 0.839985 1 
0.12581 0.259941 0.000653714 0.134395 -0.030493 0.990459 1 
0.126417 0.260791 0.000674814 0.141066 -0.023699 0.989717 1 
0.126006 0.260635 0.00119211 0.184647 -0.0388111 0.982038 1 
0.126249 0.260362 0.000954241 0.181259 -0.050942 0.982115 1 
0.126601 0.260474 0.00101547 0.129891 -0.0166527 0.991388 1 
0.128515 0.260158 0.000891626 0.0934047 0.128875 0.987252 1 
0.126837 0.261112 0.000775859 0.0218783 0.173875 0.984525 1 
0.127049 0.261399 0.000663191 0.0504783 0.165522 0.984913 1 
0.12728 0.261214 0.000983864 0.010306 0.179783 0.983652 1 
0.127633 0.261601 0.000858337 -0.219097 0.330794 0.917917 1 
0.126432 0.260912 0.0010139 0.156043 -0.021641 0.987513 1 
0.126434 0.260616 0.00106102 0.155508 -0.0357093 0.987189 1 
0.126812 0.261057 0.000855669 0.0815451 0.104516 0.991175 1 
0.126737 0.260892 0.00109512 0.11601 0.043926 0.992276 1 
0.127021 0.260796 0.00111654 0.00798324 0.176772 0.984219 1 
0.126925 0.261124 0.00106227 0.0218783 0.173875 0.984525 1 
0.127136 0.261137 0.00113636 0.0316615 0.188796 0.981506 1 
0.127159 0.260918 0.00124332 0.0218783 0.173875 0.984525 1 
0.12676 0.260673 0.00120206 0.115022 0.0346182 0.99276 1 
0.126782 0.26075 0.00126189 0.108135 0.0412473 0.99328 1 
0.126757 0.260695 0.0013417 0.123583 0.0256073 0.992004 1 
0.126946 0.260631 0.00135598 0.116506 0.0486385 0.991998 1 
0.127721 0.261613 0.00114474 -0.219097 0.330794 0.917917 1 
0.127532 0.261107 0.00136437 -0.107478 0.260278 0.959533 1 
0.127721 0.261043 0.00137864 0.390474 -0.457963 0.798624 1 
0.127299 0.260447 0.00146435 0.0785959 0.0586702 0.995179 1 
0.127488 0.260383 0.00147863 0.174507 0.0964061 0.979925 1 
0.127603 0.260724 0.00149845 0.277509 -0.197432 0.940218 1 
0.127815 0.26044 0.00161967 0.147812 0.0973398 0.984214 1 
0.127603 0.261294 0.00126454 -0.131742 0.278122 0.951469 1 
0.123849 0.260653 0.00178772 0.23162 -0.273733 0.9335 1 
0.123731 0.260334 0.00190753 0.22317 -0.253665 0.941195 1 
0.124549 0.259801 0.00129355 0.143853 -0.0891653 0.985574 1 
0.124309 0.260052 0.00139178 0.168087 -0.128244 0.977395 1 
0.124664 0.260142 0.00131339 0.161053 -0.0980849 0.98206 1 
0.124113 0.260457 0.00160968 0.211871 -0.172392 0.961973 1 
0.124063 0.260644 0.00172219 0.230552 -0.195498 0.953219 1 
0.124729 0.260374 0.00149286 0.170392 -0.0679186 0.983033 1 
0.124409 0.259405 0.00135355 0.143304 -0.107177 0.983858 1 
0.124145 0.259601 0.00153159 0.144252 -0.112735 0.983098 1 
0.124335 0.259241 0.00159299 0.146082 -0.128896 0.980839 1 
0.124092 0.259514 0.00183085 0.143034 -0.125918 0.981675 1 
0.124742 0.259418 0.00121532 0.130922 -0.0908199 0.987224 1 
0.124474 0.259637 0.001533 0.137953 -0.0837151 0.986894 1 
0.124319 0.259119 0.0012539 0.141719 -0.141719 0.97971 1 
0.124528 0.258858 0.00151476 0.153215 -0.16841 0.973737 1 
0.124384 0.25935 0.00143336 0.146355 -0.107649 0.983357 1 
0.12431 0.259186 0.0016728 0.122796 -0.113259 0.985948 1 
0.124306 0.260074 0.00153142 0.174075 -0.134 0.975573 1 
0.124257 0.259965 0.00169106 0.177308 -0.137068 0.974564 1 
0.124089 0.260402 0.00168949 0.218342 -0.178643 0.959382 1 
0.124038 0.260589 0.001802 0.224618 -0.200407 0.953616 1 
0.124132 0.260557 0.00180914 0.223822 -0.191656 0.9556 1 
0.124083 0.260447 0.00196877 0.204865 -0.186361 0.960885 1 
0.123899 0.259897 0.00190911 0.211319 -0.211319 0.9543 1 
0.123918 0.259996 0.00210857 0.212038 -0.220141 0.952144 1 
0.124232 0.25991 0.00177087 0.178118 -0.140221 0.973967 1 
0.124158 0.259745 0.00201032 0.399215 -0.411939 0.819106 1 
0.124014 0.260238 0.00192894 0.203768 -0.203768 0.957579 1 
0.125215 0.26006 0.00205439 0.152636 -0.0524322 0.986891 1 
0.124433 0.260856 0.00198287 0.231674 -0.186143 0.954818 1 
0.124795 0.260605 0.00167231 0.17238 -0.0606303 0.983163 1 
0.125146 0.260718 0.00173356 0.166227 -0.0577668 0.984394 1 
0.124386 0.260724 0.00200285 0.210897 -0.16898 0.962792 1 
0.124238 0.258999 0.00177263 0.169917 -0.193264 0.966321 1 
0.124043 0.259404 0.00199048 0.129161 -0.124333 0.983798 1 
0.124359 0.258725 0.00174707 0.13881 -0.163821 0.976675 1 
0.123709 0.259687 0.00208159 0.249427 -0.307098 0.91841 1 
0.124014 0.259667 0.00216281 0.193522 -0.190889 0.962346 1 
0.125994 0.259625 0.000994384 0.133589 -0.0468133 0.989931 1 
0.12592 0.25946 0.00123383 0.115258 -0.0391654 0.992563 1 
0.126023 0.258791 0.00105596 0.0428753 -0.028235 0.998681 1 
0.126371 0.258925 0.00125682 0.0459168 0.00102037 0.998945 1 
0.126633 0.258751 0.00121842 0.0317728 0.0194736 0.999305 1 
0.126203 0.259363 0.00125523 0.0932385 -0.00750195 0.995616 1 
0.126486 0.259266 0.00127664 0.0788102 0.029149 0.996463 1 
0.126134 0.260021 0.000934407 0.141374 -0.0260127 0.989614 1 
0.125719 0.26048 0.00149709 0.157545 -0.052515 0.986114 1 
0.126417 0.259924 0.000955805 0.125785 0.00109378 0.992057 1 
0.126321 0.259682 0.00113542 0.114497 -0.00763311 0.993394 1 
0.126415 0.25965 0.00114256 0.104738 -0.00755841 0.994471 1 
0.126766 0.260059 0.00115669 0.0796132 0.0116766 0.996757 1 
0.126786 0.259862 0.00140327 0.0706357 0.0445548 0.996507 1 
0.126624 0.259388 0.00140342 0.0654747 0.0375674 0.997147 1 
0.125809 0.2588 0.00112151 0.0763849 -0.0608865 0.995218 1 
0.125479 0.259294 0.00211023 0.119691 -0.0346768 0.992205 1 
0.127019 0.259655 0.00158432 0.119517 0.0777439 0.989784 1 
0.128074 0.258027 0.00129277 -0.00900734 0.0170139 0.999815 1 
0.128025 0.257917 0.0014524 -0.00891915 0.00693712 0.999936 1 
0.125784 0.260711 0.00167656 0.177956 -0.0149254 0.983925 1 
0.12612 0.260702 0.0013987 0.182618 -0.0244266 0.98288 1 
0.125877 0.260405 0.00187045 0.176507 -0.0219192 0.984055 1 
0.126926 0.260258 0.00134328 0.0946304 0.0228418 0.99525 1 
0.127134 0.259996 0.00160414 0.140051 0.0993526 0.985147 1 
0.127984 0.25717 0.00142699 -0.116974 0.0323072 0.992609 1 
0.128292 0.257128 0.0013686 -0.0942308 -0.0184129 0.99538 1 
0.1281 0.257215 0.00149398 -0.0667058 -0.0557704 0.996213 1 
0.128382 0.257985 0.00123437 -0.264505 -0.0207216 0.964162 1 
0.128904 0.257933 0.00111042 0.101498 0.0457297 0.993784 1 
0.128307 0.258116 0.00142668 -0.404118 -0.0662267 0.912306 1 
0.128546 0.257865 0.00132845 0.0400475 -0.0112954 0.999134 1 
0.128283 0.257765 0.00155362 0.00293828 0.000979427 0.999995 1 
0.130452 0.246458 0.00447157 -0.0546754 -0.0926135 0.9942 1 
0.130057 0.246192 0.00429069 -0.188954 -0.100034 0.976878 1 
0.130271 0.245886 0.00427225 -0.160055 -0.10874 0.9811 1 
0.130664 0.246175 0.00459279 -0.0732873 -0.0890723 0.993325 1 
0.129773 0.243752 0.00402792 -0.192709 -0.122175 0.97362 1 
0.129966 0.245335 0.00442494 -0.178062 -0.101925 0.978726 1 
0.129729 0.245564 0.00438353 -0.157587 -0.113609 0.980948 1 
0.129524 0.244936 0.00426406 -0.171146 -0.112045 0.978854 1 
0.129917 0.245796 0.00435068 -0.16352 -0.114341 0.979891 1 
0.13015 0.245589 0.00453171 -0.164544 -0.101164 0.981168 1 
0.130743 0.245725 0.00430794 -0.0792434 -0.106806 0.991117 1 
0.131124 0.245574 0.00419687 -0.0506053 -0.106833 0.992988 1 
0.131096 0.245541 0.00441632 -0.0622432 -0.105248 0.992496 1 
0.130996 0.246188 0.00445458 -0.0520191 -0.0852227 0.995003 1 
0.131182 0.246146 0.00460848 -0.029149 -0.0788102 0.996463 1 
0.132064 0.24557 0.00436074 -0.0237626 -0.0361605 0.999063 1 
0.131687 0.245402 0.0043793 -0.0330755 -0.0608163 0.997601 1 
0.132014 0.24546 0.00452036 -0.0259347 -0.0363086 0.999004 1 
0.133338 0.245853 0.00419962 -0.0561807 0.255934 0.96506 1 
0.133386 0.245689 0.00422677 -0.0636097 0.248202 0.966617 1 
0.132367 0.245846 0.00439486 -0.00503332 -0.0271799 0.999618 1 
0.133078 0.245731 0.00428517 -0.0211094 0.123323 0.992142 1 
0.132767 0.245795 0.00448321 -0.00957241 0.0818973 0.996595 1 
0.132979 0.245511 0.00460444 -0.0211094 0.123323 0.992142 1 
0.132272 0.245308 0.00462158 -0.025319 -0.0131659 0.999593 1 
0.132293 0.245682 0.00463431 -0.00504319 -0.0292505 0.999559 1 
0.132627 0.245398 0.0045432 -0.0178411 0.05982 0.99805 1 
0.132816 0.245334 0.00455748 -0.0228866 0.0969955 0.995022 1 
0.133034 0.245576 0.00416553 -0.0432152 0.169357 0.984607 1 
0.133167 0.245446 0.00461872 -0.0459317 0.175483 0.98341 1 
0.133481 0.24536 0.00428103 -0.104647 0.303343 0.947118 1 
0.133644 0.245537 0.00432798 -0.106983 0.35074 0.930342 1 
0.13369 0.245099 0.00454189 -0.169246 0.418052 0.892518 1 
0.133311 0.244954 0.00470008 -0.121318 0.294629 0.947879 1 
0.133143 0.245392 0.00469853 -0.0459317 0.175483 0.98341 1 
0.133407 0.245195 0.00452048 -0.116273 0.306053 0.944887 1 
0.133783 0.245363 0.00450189 -0.208941 0.479512 0.852298 1 
0.133763 0.244989 0.00448918 -0.230422 0.489838 0.840812 1 
0.130197 0.243755 0.00403647 -0.186874 -0.124165 0.974506 1 
0.130969 0.244189 0.00419877 -0.121825 -0.0754154 0.989682 1 
0.131158 0.244125 0.00421305 -0.11391 -0.0747894 0.990672 1 
0.131416 0.243973 0.00431427 -0.0958227 -0.0665122 0.993174 1 
0.129802 0.243489 0.0038556 -0.156144 -0.124178 0.979897 1 
0.130107 0.243469 0.00393683 -0.163135 -0.133248 0.977564 1 
0.130698 0.243331 0.00389983 -0.181194 -0.121213 0.975949 1 
0.13059 0.244044 0.00435701 -0.15696 -0.105857 0.981915 1 
0.131018 0.243729 0.00427304 -0.159373 -0.10341 0.981787 1 
0.131699 0.243877 0.00433569 -0.0867002 -0.0406064 0.995407 1 
0.130891 0.244913 0.00429685 -0.0879021 -0.0901853 0.992038 1 
0.131033 0.244717 0.0043311 -0.0879021 -0.0901853 0.992038 1 
0.130608 0.24501 0.00427544 -0.111863 -0.107153 0.98793 1 
0.131173 0.245113 0.00427112 -0.0613832 -0.0859365 0.994408 1 
0.130751 0.244517 0.00435683 -0.116325 -0.0998752 0.988177 1 
0.131363 0.244752 0.00433253 -0.0583043 -0.0737055 0.995574 1 
0.13155 0.244414 0.00453356 -0.0700475 -0.0377179 0.99683 1 
0.130483 0.245602 0.00439349 -0.0599737 -0.1075 0.992395 1 
0.132609 0.244433 0.00462475 -0.0790825 0.104297 0.991397 1 
0.132276 0.244419 0.00476298 -0.0573713 0.0135605 0.998261 1 
0.132559 0.244323 0.00478439 -0.0790825 0.104297 0.991397 1 
0.132848 0.244182 0.00452653 -0.119341 0.194715 0.973573 1 
0.133386 0.244252 0.00474165 -0.181336 0.366956 0.912393 1 
0.132154 0.244989 0.0047414 -0.0333483 -0.00303167 0.999439 1 
0.132531 0.245157 0.0047228 -0.0222204 0.0624288 0.997802 1 
0.13277 0.244906 0.00462458 -0.0461739 0.115998 0.992176 1 
0.132438 0.244893 0.0047628 -0.0411997 0.0411997 0.998301 1 
0.132058 0.244747 0.00492103 -0.0527747 -0.00724359 0.99858 1 
0.131191 0.248045 0.00466481 -0.114066 -0.163127 0.979989 1 
0.130579 0.24781 0.0046891 -0.46971 -0.0766589 0.879486 1 
0.130862 0.247713 0.00471053 -0.0860838 -0.135611 0.987015 1 
0.130779 0.246516 0.00461262 -0.0662434 -0.0909443 0.99365 1 
0.130399 0.247237 0.00448982 -0.0710412 -0.131601 0.988754 1 
0.1303 0.247018 0.0048091 -0.105228 -0.119416 0.987252 1 
0.130682 0.247141 0.00451124 -0.018733 -0.117908 0.992848 1 
0.13103 0.247275 0.00471209 -0.0608341 -0.122816 0.990563 1 
0.130973 0.248373 0.00482287 -0.148779 -0.156281 0.976443 1 
0.13116 0.248034 0.0050239 -0.116298 -0.157921 0.980579 1 
0.131042 0.246616 0.00438745 -0.0451765 -0.0892511 0.994984 1 
0.134134 0.246342 0.0042821 -0.15782 0.438711 0.884661 1 
0.133899 0.246274 0.00428781 -0.175565 0.473584 0.863073 1 
0.133671 0.245866 0.0040614 -0.0961256 0.361486 0.927409 1 
0.133948 0.245814 0.00436208 -0.175565 0.473584 0.863073 1 
0.133759 0.245878 0.0043478 -0.108735 0.38126 0.918051 1 
0.134934 0.246809 0.00422496 -0.301988 0.564031 0.768552 1 
0.13496 0.246567 0.00419225 -0.283326 0.561904 0.777168 1 
0.134881 0.246721 0.0045242 -0.220952 0.501332 0.836569 1 
0.135239 0.246789 0.00430615 -0.350126 0.581372 0.734451 1 
0.135148 0.246503 0.00420652 -0.301988 0.564031 0.768552 1 
0.134393 0.24619 0.00438333 -0.178039 0.460548 0.869596 1 
0.134863 0.246325 0.00437188 -0.185365 0.467121 0.864545 1 
0.134744 0.246303 0.00444457 -0.185365 0.467121 0.864545 1 
0.133923 0.245759 0.0044419 -0.175565 0.473584 0.863073 1 
0.134253 0.245794 0.00444332 -0.175565 0.473584 0.863073 1 
0.134601 0.245929 0.00464419 -0.178039 0.460548 0.869596 1 
0.134555 0.245797 0.00466418 -0.195603 0.479302 0.855576 1 
0.134934 0.245942 0.00450596 -0.185365 0.467121 0.864545 1 
0.134486 0.246454 0.00434335 -0.158795 0.461817 0.872645 1 
0.134157 0.245552 0.00462295 -0.175565 0.473584 0.863073 1 
0.112067 0.262161 -0.00371598 -0.090092 0.154958 0.983805 1 
0.112786 0.261408 -0.00401069 -0.225195 0.200923 0.953371 1 
0.112736 0.261298 -0.00385106 -0.214126 0.235947 0.947881 1 
0.111947 0.260997 -0.00317553 -0.155569 0.248645 0.95602 1 
0.112585 0.259595 -0.00394166 -0.238753 0.255508 0.936863 1 
0.112855 0.261321 -0.00392373 -0.22291 0.22838 0.94771 1 
0.112852 0.261343 -0.00378409 -0.214126 0.235947 0.947881 1 
0.112945 0.261036 -0.0035902 -0.256006 0.242016 0.93589 1 
0.113114 0.261169 -0.00382251 -0.250109 0.241725 0.937558 1 
0.113322 0.260908 -0.00356165 -0.259295 0.242476 0.934864 1 
0.112893 0.261519 -0.00352481 -0.22291 0.22838 0.94771 1 
0.112821 0.261332 -0.00342499 -0.27486 0.219051 0.936199 1 
0.113076 0.261499 -0.00323126 -0.27486 0.219051 0.936199 1 
0.113092 0.260225 -0.00360128 -0.287062 0.233326 0.929061 1 
0.112999 0.259961 -0.0035613 -0.294802 0.221454 0.929543 1 
0.112781 0.260289 -0.00340326 -0.265902 0.243392 0.932768 1 
0.11304 0.260138 -0.00330204 -0.294802 0.221454 0.929543 1 
0.113303 0.260238 -0.00352722 -0.294802 0.221454 0.929543 1 
0.113261 0.259787 -0.00359973 -0.309153 0.210337 0.92746 1 
0.113422 0.25969 -0.00336599 -0.432045 0.138312 0.891183 1 
0.113675 0.260153 -0.0032194 -0.431721 0.125978 0.893167 1 
0.11365 0.260098 -0.00313959 -0.443543 0.117617 0.888502 1 
0.11299 0.260894 -0.00342342 -0.256006 0.242016 0.93589 1 
0.113298 0.260853 -0.00348184 -0.259295 0.242476 0.934864 1 
0.113244 0.261061 -0.00322966 -0.259976 0.243113 0.93451 1 
0.112629 0.260849 -0.00306575 -0.221049 0.265537 0.938417 1 
0.113171 0.2606 -0.0029431 -0.298155 0.22185 0.928378 1 
0.113145 0.260842 -0.00291041 -0.29339 0.228192 0.928359 1 
0.113486 0.260788 -0.00346757 -0.298155 0.22185 0.928378 1 
0.113676 0.260427 -0.00340615 -0.397378 0.155248 0.904427 1 
0.113935 0.260276 -0.00330493 -0.483837 0.0916892 0.870342 1 
0.113686 0.260593 -0.00278777 -0.478486 0.0827879 0.874184 1 
0.11393 0.260024 -0.00297852 -0.463598 0.0972287 0.880695 1 
0.113182 0.255968 -0.00299422 -0.377328 0.3618 0.852481 1 
0.113903 0.256589 -0.0027194 -0.153733 0.20024 0.967611 1 
0.11353 0.256103 -0.00279336 -0.413511 0.31749 0.853351 1 
0.113834 0.256379 -0.00275923 -0.280557 0.179283 0.942945 1 
0.114111 0.256327 -0.00245854 -0.24436 0.169583 0.954741 1 
0.114021 0.256041 -0.00255823 -0.387615 0.183 0.903474 1 
0.113903 0.255722 -0.00243841 -0.410923 0.171578 0.895379 1 
0.11393 0.255713 -0.00143382 -0.390256 0.211937 0.895982 1 
0.112859 0.259565 -0.00350131 -0.303515 0.229418 0.924795 1 
0.113466 0.258978 -0.00296533 -0.437155 0.087431 0.895127 1 
0.112328 0.259979 -0.00300559 -0.269404 0.241194 0.932334 1 
0.113134 0.259535 -0.00306101 -0.407481 0.158703 0.899318 1 
0.113322 0.259471 -0.00304674 -0.443828 0.13272 0.886229 1 
0.113606 0.259374 -0.00302532 -0.450625 0.111597 0.885711 1 
0.11344 0.25979 -0.00316654 -0.432045 0.138312 0.891183 1 
0.113745 0.25977 -0.00308532 -0.468253 0.0914008 0.878854 1 
0.113789 0.259924 -0.00296567 -0.463598 0.0972287 0.880695 1 
0.113273 0.259361 -0.0028871 -0.443828 0.13272 0.886229 1 
0.113482 0.259099 -0.00262624 -0.457448 0.0792539 0.885697 1 
0.1137 0.259342 -0.00301819 -0.470654 0.0823994 0.878462 1 
0.113932 0.259431 -0.00288427 -0.473168 0.0679919 0.878344 1 
0.113998 0.259663 -0.00270481 -0.473168 0.0679919 0.878344 1 
0.114216 0.259335 -0.00286287 -0.484237 0.0538041 0.873281 1 
0.114564 0.259469 -0.002662 -0.476577 0.0339442 0.878477 1 
0.11365 0.259232 -0.00285855 -0.468658 0.0737059 0.880299 1 
0.113814 0.259112 -0.00276446 -0.472104 0.0650701 0.879138 1 
0.113977 0.259289 -0.00271749 -0.484163 0.0565546 0.873148 1 
0.113743 0.258925 -0.00266466 -0.46661 0.0619394 0.882292 1 
0.113837 0.258893 -0.00265752 -0.465556 0.0590528 0.883046 1 
0.114141 0.25917 -0.00262342 -0.484025 0.0311837 0.874498 1 
0.114236 0.259138 -0.00261629 -0.48305 0.0340176 0.874932 1 
0.114207 0.259401 -0.00244397 -0.481944 0.0312246 0.875645 1 
0.114782 0.259141 -0.00282004 -0.475421 0.0228956 0.879461 1 
0.114424 0.259073 -0.00260201 -0.470085 0.025592 0.88225 1 
0.114773 0.259208 -0.00240114 -0.47005 0.0282838 0.882186 1 
0.114802 0.258944 -0.00257346 -0.466829 0.0365345 0.883592 1 
0.115013 0.258957 -0.00249937 -0.469027 0.0310883 0.882636 1 
0.11388 0.259914 -0.00281888 -0.463598 0.0972287 0.880695 1 
0.114138 0.260059 -0.00276481 -0.476256 0.0796087 0.875696 1 
0.114303 0.259643 -0.00262359 -0.480885 0.0564936 0.874962 1 
0.115172 0.259156 -0.00231278 -0.475325 0.0147284 0.879687 1 
0.114118 0.258819 -0.00249648 -0.462481 0.0420438 0.885632 1 
0.114444 0.258876 -0.00235543 -0.458147 0.044863 0.887744 1 
0.114633 0.258812 -0.00234115 -0.453652 0.0531304 0.889594 1 
0.114873 0.258561 -0.00243939 -0.448774 0.0731847 0.890644 1 
0.114793 0.259011 -0.00215456 -0.47335 0.0422878 0.879859 1 
0.115157 0.259267 -0.00161459 -0.464661 0.0392862 0.884617 1 
0.114995 0.25909 -0.00166157 -0.464661 0.0392862 0.884617 1 
0.114251 0.256723 -0.00251855 -0.453344 0.0675193 0.888775 1 
0.113696 0.25592 -0.00161485 -0.410923 0.171578 0.895379 1 
0.113942 0.256153 -0.00100222 -0.400474 0.193684 0.895605 1 
0.114416 0.256307 -0.00237733 -0.402173 0.127518 0.90664 1 
0.114255 0.255834 -0.00237718 -0.394307 0.196426 0.897741 1 
0.114186 0.255625 -0.00241701 -0.394081 0.199222 0.897224 1 
0.11456 0.255815 -0.00229593 -0.32205 0.0914464 0.942296 1 
0.115286 0.25582 -0.00206652 -0.345874 0.109866 0.931826 1 
0.11505 0.255182 -0.00182693 -0.343466 0.103713 0.933421 1 
0.115071 0.255556 -0.00181422 -0.344234 0.106645 0.932807 1 
0.115239 0.255118 -0.00181265 -0.343466 0.103713 0.933421 1 
0.116898 0.254932 -0.00217736 -0.0617978 0.199934 0.977859 1 
0.116823 0.254767 -0.00193791 -0.213975 0.0495648 0.975581 1 
0.116611 0.25448 -0.00182524 -0.229875 -0.0154838 0.973097 1 
0.114546 0.255629 -0.00155063 -0.319886 0.11109 0.940921 1 
0.11491 0.254786 -0.00176693 -0.318893 0.117062 0.940534 1 
0.115164 0.254953 -0.0015732 -0.341751 0.109414 0.933399 1 
0.115591 0.254934 -0.00170429 -0.297587 0.0468541 0.953544 1 
0.115802 0.254947 -0.00163017 -0.247681 0.0584974 0.967074 1 
0.115542 0.254824 -0.00154465 -0.270168 0.0540336 0.961296 1 
0.115753 0.254837 -0.00147054 -0.247681 0.0584974 0.967074 1 
0.11594 0.255069 -0.00150341 -0.236548 0.0606851 0.969723 1 
0.116036 0.25474 -0.00144914 -0.226862 0.0300082 0.973465 1 
0.117537 0.253762 -0.0019062 -0.326918 -0.251363 0.911011 1 
0.115312 0.258982 -0.00213887 -0.460409 0.0337544 0.887065 1 
0.1152 0.258618 -0.00229834 -0.441073 0.0728251 0.894512 1 
0.115716 0.258315 -0.00209588 -0.409704 0.0635514 0.910002 1 
0.115359 0.258817 -0.00211175 -0.443637 0.0614267 0.894099 1 
0.115359 0.258247 -0.00187784 -0.391707 0.0887142 0.915803 1 
0.115552 0.257864 -0.00195609 -0.647039 -0.0677302 0.759442 1 
0.115646 0.257832 -0.00194895 -0.316269 0.12247 0.940731 1 
0.115947 0.258131 -0.00177522 -0.380788 0.0740048 0.921696 1 
0.116274 0.258188 -0.00163417 -0.430623 0.0584125 0.90064 1 
0.115564 0.258874 -0.00175838 -0.436358 0.0499853 0.898384 1 
0.115853 0.258733 -0.00201623 -0.429926 0.0471705 0.901631 1 
0.11549 0.25928 -0.00175281 -0.465759 0.0337507 0.884268 1 
0.115744 0.259447 -0.00155908 -0.461471 0.0309441 0.886616 1 
0.11613 0.258681 -0.00171557 -0.405967 0.0719607 0.91105 1 
0.11629 0.25888 -0.00152895 -0.438224 0.00921191 0.898819 1 
0.116479 0.258816 -0.00151467 -0.433025 0.0039247 0.901373 1 
0.116467 0.257805 -0.0017124 -0.507207 0.0656715 0.859318 1 
0.116719 0.258565 -0.00161292 -0.510941 -0.00134105 0.859615 1 
0.115043 0.25696 -0.00210966 -0.370498 0.117072 0.921426 1 
0.114743 0.256365 -0.00223628 -0.209227 0.154646 0.965561 1 
0.115048 0.256345 -0.00215505 -0.241342 0.13176 0.961454 1 
0.11488 0.256783 -0.00215663 -0.376188 0.117128 0.91911 1 
0.11549 0.256744 -0.00199418 -0.35733 0.0957375 0.929058 1 
0.115584 0.256712 -0.00198704 -0.33719 0.0919609 0.936934 1 
0.115375 0.256403 -0.00201401 -0.343273 0.115329 0.932128 1 
0.115491 0.256448 -0.00194705 -0.444701 0.0934011 0.890796 1 
0.115818 0.256505 -0.00180599 -0.420036 0.0956517 0.902453 1 
0.11502 0.257179 -0.00221662 -0.37299 0.114237 0.920776 1 
0.115459 0.2576 -0.00191608 -0.646703 -0.0528212 0.760911 1 
0.115724 0.257108 -0.00204702 -0.36393 0.0933501 0.926737 1 
0.115652 0.257217 -0.00199436 -0.381152 0.0969957 0.91941 1 
0.116073 0.257242 -0.00184615 -0.384266 0.0855433 0.919251 1 
0.114958 0.256059 -0.00225469 -0.330558 0.103049 0.938143 1 
0.115003 0.255917 -0.00208792 -0.345874 0.109866 0.931826 1 
0.115518 0.25591 -0.00193261 -0.34202 0.0952291 0.934855 1 
0.114898 0.255742 -0.00148939 -0.34202 0.0952291 0.934855 1 
0.115103 0.256369 -0.00136991 -0.376261 0.102617 0.920814 1 
0.115718 0.255715 -0.00125284 -0.321971 0.0940739 0.942064 1 
0.115361 0.256218 -0.0012687 -0.331847 0.11784 0.935944 1 
0.116386 0.256586 -0.00194995 -0.323419 0.0998207 0.940976 1 
0.116144 0.256859 -0.00171208 -0.343 0.0754865 0.936297 1 
0.115753 0.255407 -0.00170444 -0.288448 0.0679454 0.955082 1 
0.116061 0.255366 -0.00176285 -0.258219 0.0692784 0.963599 1 
0.116444 0.255721 -0.00102343 -0.19212 0.084435 0.977732 1 
0.116833 0.2558 -0.00160055 -0.106093 0.129934 0.98583 1 
0.116851 0.255899 -0.0014011 -0.209186 0.0854074 0.974139 1 
0.116496 0.256105 -0.00136983 -0.202423 0.0931394 0.974859 1 
0.116606 0.256194 -0.00102361 -0.159309 0.12473 0.979318 1 
0.116966 0.25567 -0.00114737 -0.183748 0.0815308 0.979586 1 
0.11609 0.257638 -0.00169381 -0.472862 0.0855922 0.87697 1 
0.116228 0.25776 -0.00156704 -0.471701 0.085382 0.877615 1 
0.115463 0.256944 -0.000737458 -0.329165 0.0946183 0.93952 1 
0.116102 0.259515 -0.00177711 -0.471173 -0.0450687 0.880889 1 
0.115884 0.259843 -0.00161907 -0.479767 -0.0366961 0.876628 1 
0.116258 0.260033 -0.001498 -0.483012 -0.0770019 0.872221 1 
0.116144 0.259395 -0.0014707 -0.470922 0.00663271 0.88215 1 
0.114778 0.255719 -0.00141671 -0.346916 0.0897428 0.933593 1 
0.115128 0.255557 -0.00116873 -0.332132 0.106229 0.937232 1 
0.115345 0.255526 -0.0013739 -0.328906 0.106055 0.938389 1 
0.115455 0.255615 -0.00102767 -0.328906 0.106055 0.938389 1 
0.116326 0.255402 -0.000903621 -0.203607 0.0694947 0.976583 1 
0.117044 0.256045 -0.000489175 -0.171768 0.0938024 0.980661 1 
0.117348 0.254356 -0.000930324 -0.184846 0.301591 0.935348 1 
0.117486 0.254478 -0.000803545 -0.202063 0.291249 0.935064 1 
0.112722 0.249235 -0.00350912 -0.749658 -0.236322 0.618194 1 
0.11541 0.24819 -0.00314255 0.27184 -0.631114 0.726497 1 
0.116163 0.247658 -0.00289869 -0.0321901 -0.976433 0.213408 1 
0.111775 0.251883 -0.00423679 -0.23799 0.38581 0.891354 1 
0.111589 0.251059 -0.00410967 -0.0531801 0.335943 0.94038 1 
0.111442 0.25187 -0.00409855 -0.23799 0.38581 0.891354 1 
0.111725 0.251773 -0.00407715 -0.120328 0.380347 0.916983 1 
0.11167 0.251708 -0.00363824 -0.392919 0.322039 0.861339 1 
0.11162 0.251598 -0.00347862 -0.346536 0.261008 0.900993 1 
0.111984 0.251622 -0.00397593 -0.346536 0.261008 0.900993 1 
0.112192 0.25136 -0.00371505 -0.713929 0.0210392 0.699902 1 
0.111953 0.251611 -0.00361682 -0.713929 0.0210392 0.699902 1 
0.111903 0.251501 -0.0034572 -0.713929 0.0210392 0.699902 1 
0.112186 0.251405 -0.00343579 -0.824916 -0.105833 0.55526 1 
0.110917 0.250507 -0.00332007 -0.346536 0.261008 0.900993 1 
0.112032 0.250591 -0.00366777 -0.793167 -0.0068732 0.608965 1 
0.111863 0.250458 -0.00343546 -0.82552 -0.0405077 0.562918 1 
0.111838 0.250403 -0.00335564 -0.812787 0.00685318 0.58252 1 
0.111995 0.251491 -0.00331041 -0.815968 0.160199 0.555457 1 
0.111829 0.251337 -0.00321776 -0.116354 0.926724 0.357275 1 
0.112112 0.25124 -0.00319634 0.00374613 0.942776 0.333406 1 
0.112401 0.251099 -0.00345419 0.00374613 0.942776 0.333406 1 
0.112392 0.251165 -0.00303528 0.0566716 0.988861 0.137631 1 
0.111994 0.250921 -0.00307654 0.028489 0.959956 0.278697 1 
0.112277 0.250824 -0.00305513 -0.059272 0.931229 0.359583 1 
0.111132 0.250201 -0.00333849 -0.346536 0.261008 0.900993 1 
0.111317 0.250455 -0.0032317 -0.557429 0.210379 0.803127 1 
0.111764 0.250239 -0.00311619 -0.833482 -0.423831 0.354506 1 
0.112022 0.250087 -0.00301498 -0.827409 -0.248069 0.503841 1 
0.111571 0.250622 -0.00303797 0.00374613 0.942776 0.333406 1 
0.112709 0.251057 -0.00351262 0.0294889 0.937233 0.347456 1 
0.11295 0.249643 -0.00328271 -0.773112 -0.276676 0.570743 1 
0.112664 0.250629 -0.00344551 -0.776627 -0.415178 0.473791 1 
0.112684 0.251002 -0.0034328 -0.800976 -0.226866 0.554047 1 
0.11261 0.250837 -0.00319335 -0.811127 -0.280835 0.513034 1 
0.112851 0.25029 -0.00324446 -0.784092 -0.265554 0.560964 1 
0.112655 0.250695 -0.00302659 -0.783559 -0.403947 0.472082 1 
0.112536 0.250673 -0.0029539 -0.799672 -0.316371 0.510327 1 
0.11258 0.250531 -0.00278714 -0.790955 -0.34494 0.505377 1 
0.112313 0.24965 -0.00322571 -0.783683 -0.251842 0.567818 1 
0.112711 0.249894 -0.00318448 -0.803017 -0.305685 0.511587 1 
0.112486 0.250563 -0.00279428 -0.810467 -0.291139 0.508312 1 
0.11444 0.248754 -0.00318122 -0.701624 -0.379567 0.603036 1 
0.112792 0.250776 -0.00167577 -0.744782 -0.342372 0.572784 1 
0.113184 0.251065 -0.00135523 -0.72006 -0.372332 0.585562 1 
0.114594 0.250097 -0.00195909 -0.551259 -0.399869 0.732269 1 
0.114893 0.250122 -0.0015986 -0.318631 -0.502517 0.803711 1 
0.114905 0.250561 -0.00116697 -0.259159 -0.428901 0.865379 1 
0.117236 0.250399 -0.00331146 0.943573 -0.323249 0.0719785 1 
0.118083 0.254295 -0.00111982 -0.220364 0.375057 0.900429 1 
0.118416 0.254308 -0.00125805 -0.127332 0.534209 0.835708 1 
0.118037 0.254163 -0.00109982 -0.277243 0.27437 0.920792 1 
0.116357 0.250573 -0.000708133 -0.132382 -0.437003 0.889665 1 
0.116183 0.251055 -0.00043045 -0.129416 -0.433756 0.891688 1 
0.117018 0.250347 -0.000658184 -0.0574717 -0.531263 0.845255 1 
0.116365 0.251331 -0.000184014 -0.100818 -0.40189 0.910121 1 
0.117435 0.250691 -0.000417501 -0.0036127 -0.263727 0.964591 1 
0.117913 0.250485 -0.00066109 0.0622733 -0.283407 0.956976 1 
0.118381 0.250643 -0.00053291 0.107941 -0.264 0.958464 1 
0.118334 0.250511 -0.000512898 0.0992279 -0.261601 0.960062 1 
0.118285 0.250401 -0.000353277 0.08787 -0.250875 0.964023 1 
0.117646 0.250704 -0.000343427 0.0363267 -0.291867 0.955769 1 
0.118594 0.250633 -0.000598446 0.119974 -0.238658 0.963664 1 
0.11863 0.251424 -0.000293776 0.135827 -0.259786 0.956066 1 
0.118795 0.251009 -0.000152558 0.130076 -0.256209 0.957829 1 
0.118795 0.251009 -0.000152558 0.130076 -0.256209 0.957829 1 
0.118325 0.250577 -9.39965e-005 0.0934875 -0.257411 0.961769 1 
0.118639 0.250491 -0.000431672 0.117716 -0.20885 0.970837 1 
0.118655 0.250613 -9.2566e-005 0.119596 -0.23019 0.965769 1 
0.118655 0.250613 -9.2566e-005 0.119596 -0.23019 0.965769 1 
0.118909 0.250779 0.000101149 0.147916 -0.229073 0.962105 1 
0.116844 0.251929 0.000375777 -0.0011926 -0.254023 0.967197 1 
0.117196 0.252041 0.000436991 0.0203767 -0.233732 0.972087 1 
0.117479 0.251944 0.000458404 0.0221641 -0.192477 0.981051 1 
0.119377 0.251803 -5.16623e-005 0.26435 -0.233579 0.935714 1 
0.118608 0.252446 0.000402644 0.398775 -0.361243 0.842901 1 
0.119015 0.252624 2.49892e-005 0.197293 -0.13365 0.971192 1 
0.119722 0.252827 7.83801e-006 -0.057136 -0.00934954 0.998323 1 
0.118828 0.252392 5.78314e-005 0.275227 -0.184854 0.94344 1 
0.118897 0.252305 0.000144795 0.0445085 -0.0175964 0.998854 1 
0.119184 0.252186 2.65688e-005 0.0499477 -0.041446 0.997891 1 
0.117818 0.251913 4.09186e-005 0.0110748 0.0191293 0.999756 1 
0.11796 0.251716 7.51615e-005 0.0705918 -0.173488 0.982303 1 
0.119262 0.251462 -7.15107e-005 0.177007 -0.230242 0.9569 1 
0.118641 0.251864 0.000137836 0.247148 -0.247148 0.936929 1 
0.119 0.251636 -3.30806e-005 0.184147 -0.240601 0.952996 1 
0.118478 0.251117 0.000324756 0.121172 -0.251464 0.960252 1 
0.118141 0.252289 0.000274479 -0.136576 0.169154 0.976081 1 
0.11854 0.252237 0.000362828 0.384281 -0.378007 0.842282 1 
0.118318 0.252884 0.000613406 0.172511 -0.0991021 0.98001 1 
0.119933 0.249478 -0.00110246 0.388993 -0.030124 0.920748 1 
0.120192 0.249327 -0.00100124 0.397002 -0.0169214 0.917661 1 
0.119504 0.249223 -0.000784621 0.293906 -0.0654551 0.95359 1 
0.12072 0.248935 -0.00135733 0.546557 0.105832 0.830708 1 
0.120503 0.249263 -0.00119928 0.419278 0.0117554 0.907782 1 
0.120938 0.248607 -0.0015154 0.482732 0.0948477 0.870617 1 
0.120453 0.249153 -0.00103964 0.425186 0.0278159 0.904679 1 
0.121162 0.2502 -0.00147748 0.983496 0.16965 -0.0628773 1 
0.120719 0.252296 -0.000172973 0.0950793 -0.155256 0.983288 1 
0.120835 0.252341 -0.000105992 0.116767 -0.163474 0.979613 1 
0.120455 0.249997 -0.0014603 0.865747 0.304927 0.396865 1 
0.120307 0.249668 -0.000981405 0.39395 -0.0382092 0.918338 1 
0.120138 0.250106 -0.000982985 0.0898936 -0.195796 0.976516 1 
0.120265 0.250887 -0.000531554 0.158221 -0.191666 0.968623 1 
0.12003 0.250819 -0.000525817 0.17113 -0.17885 0.968879 1 
0.120338 0.250777 -0.00058423 0.137956 -0.18352 0.973287 1 
0.119189 0.249606 -0.000494048 0.242665 -0.106567 0.964239 1 
0.119904 0.249742 -0.00093013 0.357109 -0.0510155 0.932669 1 
0.119604 0.250542 -0.000347599 0.242299 -0.14014 0.960027 1 
0.119267 0.250847 -0.000116885 0.220594 -0.193855 0.955907 1 
0.119122 0.251066 -1.15186e-005 0.193773 -0.245265 0.949893 1 
0.118938 0.250516 -7.11679e-005 0.14986 -0.193409 0.969606 1 
0.119127 0.250451 -5.68926e-005 0.212242 -0.15495 0.964854 1 
0.119532 0.250355 -0.000247806 0.254457 -0.123966 0.959106 1 
0.121398 0.249971 -0.00143605 0.913373 0.153876 -0.376925 1 
0.120097 0.251325 -0.000533134 0.195375 -0.233103 0.952623 1 
0.119662 0.251981 -0.000217021 -0.0141851 -0.108025 0.994047 1 
0.120231 0.251765 -0.000313833 0.275958 -0.225529 0.934336 1 
0.119522 0.251585 -0.000157028 0.208091 -0.213461 0.954533 1 
0.120565 0.251482 -0.000404939 0.2736 -0.250918 0.928538 1 
0.12047 0.251514 -0.000412077 0.2736 -0.250918 0.928538 1 
0.120035 0.25217 -9.59784e-005 0.0533902 -0.117004 0.991695 1 
0.119407 0.251243 -0.000176877 0.191166 -0.22325 0.955832 1 
0.118267 0.254845 -0.00106017 -0.0323091 0.768396 0.639159 1 
0.113697 0.247486 -0.00328195 -0.577973 -0.801994 0.150841 1 
0.113187 0.247978 -0.00272641 -0.748666 -0.407917 0.522592 1 
0.113203 0.248099 -0.0023873 -0.736423 -0.413517 0.53543 1 
0.113913 0.247983 -0.00249697 -0.648966 -0.520859 0.554571 1 
0.113581 0.24797 -0.00235876 -0.64286 -0.538247 0.544997 1 
0.113245 0.247979 -0.0020809 -0.73893 -0.457905 0.494273 1 
0.113173 0.249758 -0.00150584 -0.717687 -0.322392 0.617243 1 
0.11404 0.248764 -0.00204556 -0.613798 -0.427496 0.663701 1 
0.113979 0.248215 -0.00231752 -0.599829 -0.475495 0.643514 1 
0.11395 0.248478 -0.0021452 -0.59366 -0.449843 0.66724 1 
0.114321 0.248394 -0.00183739 -0.368098 -0.530255 0.763762 1 
0.113966 0.24917 -0.00204 -0.694796 -0.387832 0.605677 1 
0.113748 0.248928 -0.00164807 -0.63303 -0.435939 0.639711 1 
0.113892 0.249005 -0.00180055 -0.64838 -0.40959 0.641747 1 
0.113863 0.249269 -0.00162822 -0.624429 -0.421281 0.657732 1 
0.113908 0.249127 -0.00146146 -0.564083 -0.447606 0.693872 1 
0.114159 0.248217 -0.00188434 -0.411343 -0.519505 0.74894 1 
0.114182 0.247998 -0.0017774 -0.287128 -0.566325 0.77255 1 
0.114485 0.248274 -0.00174329 -0.166559 -0.559697 0.811786 1 
0.114411 0.248109 -0.00150384 -0.0123548 -0.580674 0.814042 1 
0.113673 0.248763 -0.00140862 -0.599745 -0.442709 0.666569 1 
0.114182 0.249097 -0.00102113 -0.310707 -0.493662 0.812255 1 
0.113263 0.250044 -0.00140621 -0.709495 -0.311919 0.63192 1 
0.11321 0.250253 -0.00115407 -0.701783 -0.29067 0.650394 1 
0.112986 0.251196 -0.000950605 -0.714027 -0.422452 0.5583 1 
0.113008 0.251273 -0.000890791 -0.708288 -0.43957 0.552365 1 
0.113469 0.250672 -0.00128673 -0.668598 -0.344925 0.65879 1 
0.113788 0.25107 -0.000913531 -0.491467 -0.46499 0.736373 1 
0.113319 0.250638 -0.000854939 -0.578691 -0.44194 0.685424 1 
0.113509 0.250278 -0.000793561 -0.579278 -0.363884 0.729401 1 
0.113647 0.2504 -0.000666767 -0.428456 -0.412409 0.803956 1 
0.113783 0.250818 -0.000587121 -0.323094 -0.46494 0.824283 1 
0.113332 0.250782 -0.000376225 -0.376423 -0.462921 0.802502 1 
0.114068 0.249896 -0.00150873 -0.575702 -0.357163 0.735528 1 
0.113879 0.24939 -0.00128913 -0.559663 -0.407778 0.721453 1 
0.114039 0.249589 -0.00110254 -0.463708 -0.421405 0.779354 1 
0.114387 0.249724 -0.000901669 -0.28894 -0.449634 0.845188 1 
0.113984 0.250665 -0.00113139 -0.544453 -0.387493 0.743922 1 
0.114267 0.250568 -0.00110999 -0.412486 -0.40293 0.817008 1 
0.114362 0.250536 -0.00110285 -0.412486 -0.40293 0.817008 1 
0.114577 0.25023 -0.00112127 -0.29365 -0.455235 0.840554 1 
0.114264 0.25059 -0.000970349 -0.391276 -0.407117 0.825323 1 
0.113997 0.250808 -0.000652671 -0.318605 -0.462998 0.827118 1 
0.114548 0.250493 -0.000948936 -0.272521 -0.418677 0.866281 1 
0.113857 0.250412 -0.000592679 -0.343456 -0.428144 0.835901 1 
0.114255 0.250657 -0.000551432 -0.287494 -0.435085 0.853258 1 
0.114517 0.250483 -0.000589848 -0.2729 -0.428408 0.86139 1 
0.114884 0.250188 -0.00117968 -0.272427 -0.460201 0.844984 1 
0.115064 0.25019 -0.000746489 -0.259495 -0.426422 0.866502 1 
0.115299 0.250554 -0.000799343 -0.230958 -0.451349 0.861941 1 
0.114756 0.250232 -0.000688076 -0.278877 -0.419077 0.864061 1 
0.115199 0.250334 -0.000480071 -0.251825 -0.42373 0.870079 1 
0.115084 0.249993 -0.000499904 -0.252163 -0.427317 0.868225 1 
0.114246 0.249624 -0.000888795 -0.292885 -0.454049 0.841462 1 
0.114414 0.249186 -0.000887215 -0.275293 -0.486817 0.828989 1 
0.115811 0.249999 -0.000270501 -0.16553 -0.461433 0.871596 1 
0.116471 0.249773 -0.000220552 -0.115623 -0.47534 0.872171 1 
0.116397 0.249609 1.88947e-005 -0.1216 -0.464941 0.876951 1 
0.117313 0.248725 -0.000680447 -0.0114132 -0.348737 0.937151 1 
0.113241 0.251363 -0.000756875 -0.542751 -0.479291 0.689711 1 
0.113166 0.251198 -0.000517428 -0.502732 -0.44669 0.740087 1 
0.113307 0.251298 -0.000530288 -0.439915 -0.509115 0.739782 1 
0.113636 0.251629 -0.000576019 -0.27605 -0.454942 0.846655 1 
0.113611 0.251574 -0.000496194 -0.27605 -0.454942 0.846655 1 
0.113919 0.251532 -0.000554606 -0.271814 -0.446881 0.852299 1 
0.113471 0.251178 -0.000436202 -0.373258 -0.459764 0.805789 1 
0.113798 0.251236 -0.000295147 -0.285034 -0.439107 0.852021 1 
0.114198 0.251184 -0.000206783 -0.271814 -0.446881 0.852299 1 
0.115239 0.250807 -0.000267923 -0.235132 -0.420842 0.876131 1 
0.115454 0.250501 -0.000286341 -0.223478 -0.448456 0.865416 1 
0.115519 0.250733 -0.000106886 -0.203706 -0.408877 0.889564 1 
0.115379 0.250337 -4.6894e-005 -0.220348 -0.445192 0.8679 1 
0.115814 0.250547 -0.000644028 -0.167556 -0.441474 0.881491 1 
0.116402 0.250431 -0.000541389 -0.116171 -0.483329 0.867697 1 
0.115713 0.25092 -0.000419021 -0.170603 -0.444735 0.879264 1 
0.115778 0.251151 -0.000239566 -0.160075 -0.486099 0.859118 1 
0.115688 0.250865 -0.000339195 -0.182589 -0.43091 0.88373 1 
0.115548 0.250469 -0.000279203 -0.219208 -0.43096 0.875341 1 
0.115991 0.250571 -7.11977e-005 -0.145925 -0.452224 0.879886 1 
0.115679 0.250932 7.97063e-005 -0.195053 -0.417972 0.887273 1 
0.115564 0.250591 5.98729e-005 -0.1998 -0.401059 0.893997 1 
0.115818 0.250757 0.000253603 -0.161654 -0.455835 0.875261 1 
0.116085 0.250539 -6.40601e-005 -0.134654 -0.479252 0.867287 1 
0.116225 0.250365 0.000109836 -0.121006 -0.456976 0.88121 1 
0.11694 0.250501 -0.000326246 -0.0707674 -0.372531 0.925318 1 
0.116412 0.250597 7.69794e-005 -0.110014 -0.413598 0.903788 1 
0.116081 0.250858 2.84314e-005 -0.138312 -0.432045 0.891183 1 
0.116502 0.250883 0.000176623 -0.105943 -0.389376 0.914966 1 
0.116479 0.251102 6.97076e-005 -0.108249 -0.371334 0.922168 1 
0.116151 0.250771 0.000115395 -0.119154 -0.416339 0.901368 1 
0.116642 0.251279 0.000116646 -0.0690904 -0.31938 0.945105 1 
0.116947 0.251259 0.000197873 -0.0305083 -0.250168 0.967722 1 
0.116851 0.251018 0.000377506 -0.0492882 -0.286883 0.956697 1 
0.116617 0.250654 0.000430331 -0.0817038 -0.362979 0.928208 1 
0.117016 0.250602 0.000518724 -0.021002 -0.287851 0.957445 1 
0.117131 0.250943 0.000538558 -0.00359436 -0.255199 0.966882 1 
0.118385 0.249754 -0.000391513 0.105635 -0.192628 0.975569 1 
0.117855 0.250442 -8.25673e-005 0.0515811 -0.275518 0.959911 1 
0.118251 0.250412 0.00014545 0.0826513 -0.258126 0.962569 1 
0.118864 0.250351 0.000168279 0.134269 -0.176934 0.975021 1 
0.118646 0.250679 0.000326335 0.126384 -0.248859 0.960258 1 
0.117361 0.251625 0.00057821 0.0202574 -0.227597 0.973545 1 
0.118995 0.250814 0.000527188 0.169645 -0.216988 0.96132 1 
0.119144 0.249177 -0.000426933 0.24083 -0.0819577 0.967101 1 
0.119365 0.248827 -0.000724629 0.341022 -0.0088087 0.940014 1 
0.118733 0.249888 -0.00019066 0.142696 -0.178055 0.973619 1 
0.119016 0.249792 -0.000169247 0.203616 -0.137024 0.969415 1 
0.113936 0.25241 -0.0122238 -0.29158 0.0441789 0.955526 1 
0.114199 0.252511 -0.0124489 -0.29158 0.0441789 0.955526 1 
0.114289 0.252797 -0.0123493 -0.308323 0.0741537 0.948387 1 
0.11419 0.252577 -0.01203 -0.264821 0.0564784 0.962642 1 
0.114613 0.252877 -0.0120686 -0.308323 0.0741537 0.948387 1 
0.114639 0.252635 -0.0121013 -0.381342 0.0682402 0.921912 1 
0.114589 0.252525 -0.0119416 -0.313137 0.0688642 0.947208 1 
0.115105 0.252518 -0.0117863 -0.483912 0.0229151 0.874816 1 
0.114868 0.249682 -0.0130592 -0.161455 -0.452366 0.877096 1 
0.115643 0.249227 -0.0127556 -0.284177 -0.510263 0.811711 1 
0.115405 0.248612 -0.0123763 -0.28358 -0.655278 0.700138 1 
0.113627 0.249916 -0.0124067 0.0921019 -0.0784572 0.992654 1 
0.113553 0.249751 -0.0121672 -0.0605634 -0.542254 0.838029 1 
0.113758 0.250379 -0.0120478 -0.629607 -0.126517 0.766543 1 
0.113812 0.25017 -0.0122999 -0.252794 -0.115378 0.960616 1 
0.113738 0.250005 -0.0120605 -0.195551 -0.1249 0.972708 1 
0.113853 0.250346 -0.0120406 -0.629607 -0.126517 0.766543 1 
0.113924 0.249963 -0.0119066 -0.195551 -0.1249 0.972708 1 
0.114275 0.250076 -0.0118453 -0.30018 -0.104468 0.948145 1 
0.114183 0.250382 -0.0120392 -0.291077 -0.0789142 0.953439 1 
0.115423 0.249578 -0.0124579 -0.294208 -0.366628 0.882624 1 
0.114792 0.250343 -0.0118768 -0.299629 -0.0791227 0.950769 1 
0.115256 0.250818 -0.0116561 -0.402442 -0.136971 0.905141 1 
0.115334 0.250094 -0.0117541 -0.383078 -0.192262 0.903486 1 
0.115554 0.25004 -0.012099 -0.354913 -0.238069 0.904079 1 
0.11682 0.250094 -0.011794 -0.428803 -0.441748 0.788027 1 
0.11641 0.248839 -0.012033 -0.358395 -0.536781 0.763819 1 
0.116642 0.250028 -0.0111428 -0.477286 -0.447763 0.756113 1 
0.117053 0.249317 -0.0113791 -0.473417 -0.395861 0.786874 1 
0.116568 0.249863 -0.0109034 -0.482715 -0.433626 0.76089 1 
0.11426 0.25249 -0.0119431 -0.313137 0.0688642 0.947208 1 
0.114776 0.252187 -0.0117406 -0.426685 0.0471103 0.903172 1 
0.11508 0.252464 -0.0117065 -0.483912 0.0229151 0.874816 1 
0.115081 0.252167 -0.0116594 -0.463401 0.0591283 0.884174 1 
0.115248 0.252026 -0.0117049 -0.423997 -0.0305703 0.905147 1 
0.115697 0.251513 -0.0115423 -0.467212 -0.165502 0.868517 1 
0.116759 0.250073 -0.0110758 -0.482715 -0.433626 0.76089 1 
0.117465 0.250276 -0.011093 -0.44361 -0.543298 0.712767 1 
0.117418 0.250144 -0.011073 -0.446519 -0.546115 0.708787 1 
0.117717 0.250168 -0.0107125 -0.42615 -0.575385 0.698089 1 
0.116905 0.251524 -0.0106588 -0.579217 -0.419891 0.698712 1 
0.116756 0.251194 -0.01018 -0.586827 -0.408299 0.699233 1 
0.117857 0.250564 -0.0107725 -0.364682 -0.5969 0.714645 1 
0.118371 0.250283 -0.0104304 -0.300697 -0.502212 0.81078 1 
0.118255 0.250239 -0.0104974 -0.321632 -0.542454 0.776077 1 
0.118246 0.250875 -0.0103123 -0.309618 -0.585548 0.74918 1 
0.11716 0.251394 -0.010418 -0.517412 -0.504017 0.691558 1 
0.11717 0.25156 -0.00979961 -0.551256 -0.524283 0.649033 1 
0.117388 0.251232 -0.00995767 -0.510032 -0.553797 0.658161 1 
0.116684 0.249908 -0.0108364 -0.45883 -0.468697 0.754849 1 
0.118231 0.249887 -0.0103704 -0.341098 -0.464846 0.81705 1 
0.118272 0.250064 -0.0101112 -0.339398 -0.492366 0.801489 1 
0.118364 0.249757 -0.00991727 -0.332181 -0.44868 0.829664 1 
0.118425 0.249737 -0.00941138 -0.311098 -0.419441 0.852811 1 
0.117687 0.251257 -0.00959717 -0.463564 -0.597445 0.654345 1 
0.118181 0.251173 -0.00950167 -0.298728 -0.5703 0.765192 1 
0.117945 0.251105 -0.00949594 -0.332001 -0.600841 0.727163 1 
0.117725 0.251456 -0.00919826 -0.494169 -0.547774 0.675085 1 
0.118101 0.251623 -0.00921685 -0.460253 -0.641007 0.614229 1 
0.118281 0.251625 -0.00878364 -0.446829 -0.630916 0.634263 1 
0.118615 0.251342 -0.00887474 -0.209757 -0.397512 0.893301 1 
0.119768 0.259615 -0.00357684 -0.486771 -0.00400086 0.87352 1 
0.120284 0.259608 -0.00342152 -0.511593 -0.0203551 0.858987 1 
0.120279 0.25739 -0.00357036 -0.302048 0.0764842 0.95022 1 
0.119372 0.258778 -0.00352383 -0.499971 -0.020324 0.865804 1 
0.119298 0.258613 -0.00328438 -0.568802 0.0206587 0.822215 1 
0.119632 0.25833 -0.00337549 -0.384266 0.0855433 0.919251 1 
0.120144 0.259212 -0.00336152 -0.514815 -0.0176586 0.857119 1 
0.12026 0.259257 -0.00329457 -0.514815 -0.0176586 0.857119 1 
0.120211 0.259147 -0.00313494 -0.501084 -0.0258011 0.865014 1 
0.119989 0.257828 -0.00335962 -0.384175 0.0882381 0.919034 1 
0.119488 0.258252 -0.00322299 -0.408108 0.0920647 0.90828 1 
0.1206 0.258359 -0.00343107 -0.530007 0.0573358 0.846053 1 
0.121647 0.257938 -0.00377147 -0.613337 -0.0265454 0.789375 1 
0.120595 0.258677 -0.00333855 -0.464597 0.00397091 0.885513 1 
0.120777 0.258953 -0.00309213 -0.471173 -0.0450687 0.880889 1 
0.120086 0.257773 -0.00349213 -0.400093 0.0948673 0.911551 1 
0.120317 0.257589 -0.00317144 -0.316198 0.0715673 0.94599 1 
0.120506 0.257524 -0.00315717 -0.196484 0.0294137 0.980066 1 
0.120664 0.25802 -0.00301771 -0.362892 0.0704516 0.929164 1 
0.121466 0.257324 -0.00274673 -0.109345 -0.0771168 0.991008 1 
0.121415 0.25751 -0.00263423 -0.206877 -0.0128568 0.978282 1 
0.12106 0.258286 -0.00283684 -0.599727 0.0407309 0.799168 1 
0.120963 0.258045 -0.0026572 -0.488581 0.0481699 0.871188 1 
0.121581 0.257665 -0.00272688 -0.523472 0.0572329 0.850119 1 
0.12153 0.257851 -0.00261441 -0.607086 0.0293076 0.794096 1 
0.121263 0.25864 -0.00253059 -0.482953 0.0257034 0.875269 1 
0.121337 0.258234 -0.00253613 -0.629141 0.0209249 0.77701 1 
0.120498 0.260169 -0.00372095 -0.510937 -0.00402313 0.859609 1 
0.120445 0.260081 -0.00342168 -0.512788 -0.0204027 0.858273 1 
0.120583 0.260203 -0.0032949 -0.513284 -0.00943041 0.858167 1 
0.120117 0.259749 -0.00337596 -0.515585 -0.0456148 0.855623 1 
0.120349 0.259839 -0.00324206 -0.512468 -0.0121694 0.85862 1 
0.119992 0.260342 -0.00325792 -0.499533 0.0802067 0.862574 1 
0.120157 0.259926 -0.0031167 -0.507538 -0.0231318 0.861319 1 
0.120248 0.260212 -0.00301705 -0.510092 0.0371226 0.859319 1 
0.120465 0.259884 -0.00317509 -0.512468 -0.0121694 0.85862 1 
0.120441 0.259829 -0.00309528 -0.512468 -0.0121694 0.85862 1 
0.119914 0.261066 -0.00315985 -0.447591 0.220053 0.86674 1 
0.120058 0.260573 -0.00307845 -0.499657 0.138389 0.855097 1 
0.120268 0.260585 -0.00300434 -0.500502 0.107558 0.859028 1 
0.120291 0.260366 -0.00289741 -0.512862 0.0688499 0.855706 1 
0.121078 0.260689 -0.00343327 -0.523987 0.111149 0.844442 1 
0.120727 0.25971 -0.00321351 -0.511593 -0.0203551 0.858987 1 
0.121174 0.259494 -0.00309803 -0.468984 -0.0478555 0.881909 1 
0.121664 0.259729 -0.00291 -0.460442 -0.0255055 0.887323 1 
0.121003 0.260525 -0.00319383 -0.508387 0.077455 0.857638 1 
0.121379 0.260122 -0.00297855 -0.510941 0.00134105 0.859615 1 
0.120326 0.259488 -0.0031151 -0.514815 -0.0176586 0.857119 1 
0.120558 0.259578 -0.0029812 -0.514815 -0.0176586 0.857119 1 
0.120609 0.259391 -0.00309369 -0.514815 -0.0176586 0.857119 1 
0.120892 0.259295 -0.00307229 -0.468984 -0.0478555 0.881909 1 
0.121165 0.259561 -0.00267911 -0.466874 -0.0338314 0.883677 1 
0.12107 0.259023 -0.00245236 -0.471173 -0.0450687 0.880889 1 
0.121072 0.259297 -0.00263911 -0.468984 -0.0478555 0.881909 1 
0.121691 0.259191 -0.00289556 -0.468984 -0.0478555 0.881909 1 
0.121801 0.25928 -0.00254932 -0.495107 -0.0596347 0.866783 1 
0.121593 0.258675 -0.00252916 -0.484725 0.00667665 0.874641 1 
0.121613 0.259048 -0.00251648 -0.478711 -0.0422793 0.876954 1 
0.121538 0.25975 -0.00255805 -0.502609 -0.00670146 0.864488 1 
0.121489 0.25964 -0.00239842 -0.460442 -0.0255055 0.887323 1 
0.121583 0.259608 -0.00239128 -0.455114 -0.0200197 0.890208 1 
0.121767 0.259292 -0.00205061 -0.54806 -0.0782943 0.832767 1 
0.12071 0.258977 -0.00209469 -0.511912 -0.0259369 0.858646 1 
0.121036 0.259034 -0.00195363 -0.468984 -0.0478555 0.881909 1 
0.120355 0.258887 -0.00201628 -0.520975 -0.040075 0.85263 1 
0.12057 0.258581 -0.00203469 -0.482953 0.0257034 0.875269 1 
0.121735 0.258479 -0.00249492 -0.765109 -0.101329 0.635878 1 
0.121299 0.259135 -0.0021788 -0.468984 -0.0478555 0.881909 1 
0.121394 0.259102 -0.00217167 -0.468984 -0.0478555 0.881909 1 
0.121791 0.258776 -0.00189653 -0.607678 -0.119761 0.785102 1 
0.121906 0.259118 -0.00187671 -0.564001 -0.0908749 0.820759 1 
0.122492 0.257396 -0.00338085 -0.446636 -0.0145786 0.894597 1 
0.121661 0.256918 -0.0029646 -0.0965501 -0.10353 0.989929 1 
0.121698 0.257984 -0.00284672 -0.689957 -0.0209926 0.723546 1 
0.121854 0.258501 -0.00256759 -0.752902 -0.104611 0.649765 1 
0.12219 0.259591 -0.0020892 -0.589826 -0.119142 0.798693 1 
0.122116 0.259426 -0.00184976 -0.595236 -0.116108 0.795118 1 
0.119405 0.256189 -0.00303987 0.0869218 -0.351699 -0.932069 1 
0.11912 0.256011 -0.00287452 0.0867175 -0.521726 -0.848694 1 
0.119363 0.255738 -0.00311238 0.224074 -0.504548 -0.8338 1 
0.119783 0.25606 -0.00301133 0.408435 -0.257721 -0.875649 1 
0.120336 0.256251 -0.0024571 0.195158 -0.472252 -0.859588 1 
0.12093 0.25609 -0.00263372 0.830717 -0.533502 0.15901 1 
0.120663 0.256309 -0.00231603 0.575198 -0.534714 -0.619054 1 
0.120946 0.256212 -0.00229463 0.669054 -0.551676 -0.498017 1 
0.119643 0.255663 -0.00295135 0.357708 -0.60598 -0.710516 1 
0.120035 0.255952 -0.00263083 0.124167 -0.541951 -0.831187 1 
0.121043 0.257024 -0.00270814 -0.0317486 -0.0930563 0.995155 1 
0.121164 0.256454 -0.00268658 0.124469 -0.187332 0.974379 1 
0.121046 0.256135 -0.00256678 0.804251 -0.485736 0.342404 1 
0.127464 0.249199 -0.0319067 0.238933 -0.96711 0.0872295 0 
0.134945 0.249197 -0.043993 -0.825414 -0.362802 -0.432511 0 
0.135231 0.249078 -0.0441113 -0.825414 -0.362802 -0.432511 0 
0.132967 0.246831 -0.0397203 0.978341 0.0200142 0.206029 0 
0.134524 0.249701 -0.0431511 -0.857811 -0.375582 -0.350853 0 
0.134471 0.249613 -0.0428518 -0.869122 0.316183 -0.380336 0 
0.134207 0.249809 -0.0426738 -0.837402 0.388064 -0.384922 0 
0.134742 0.249373 -0.0433091 -0.857811 -0.375582 -0.350853 0 
0.134878 0.249221 -0.0429956 -0.857811 -0.375582 -0.350853 0 
0.134114 0.249545 -0.0426338 -0.820884 0.442992 -0.360427 0 
0.134015 0.249325 -0.0423145 -0.822291 0.47325 -0.316024 0 
0.134301 0.249206 -0.0424327 -0.806504 0.47432 -0.352946 0 
0.134803 0.249056 -0.0427561 -0.87551 0.237959 -0.420544 0 
0.134421 0.248933 -0.0424583 -0.823737 0.453767 -0.33993 0 
0.134029 0.249743 -0.0420225 -0.884328 -0.164087 -0.437081 0 
0.132728 0.248561 -0.041361 0.811293 -0.540349 0.223221 0 
0.133965 0.249216 -0.0421549 -0.884328 -0.164087 -0.437081 0 
0.134123 0.249141 -0.0417815 -0.407215 -0.838014 -0.363192 0 
0.133911 0.249424 -0.0419027 -0.400427 -0.840113 -0.365881 0 
0.133881 0.249414 -0.0415436 0.555821 -0.827302 0.0814443 0 
0.133828 0.249326 -0.0412444 0.568594 -0.819402 0.0726774 0 
0.134155 0.249384 -0.0411033 0.545521 -0.835902 0.0606135 0 
0.133819 0.249393 -0.0408255 0.636575 -0.76708 0.0797531 0 
0.133521 0.2496 -0.0401487 -0.414808 -0.792493 -0.447089 0 
0.134023 0.249746 -0.0405192 0.543991 -0.837662 0.0489452 0 
0.133854 0.249613 -0.0402869 0.648336 -0.756149 0.088873 0 
0.131279 0.248909 -0.0374368 0.941498 0.0665969 0.330373 0 
0.131954 0.248381 -0.0403463 0.8737 -0.424112 0.238282 0 
0.132281 0.248439 -0.0402053 0.880224 -0.397375 0.259419 0 
0.132653 0.248396 -0.0411215 0.87612 -0.385856 0.289014 0 
0.13234 0.248482 -0.0407839 0.880268 -0.356046 0.313624 0 
0.132833 0.248398 -0.0406883 0.901416 -0.267032 0.340797 0 
0.132922 0.24841 -0.0404019 0.895978 -0.295688 0.331348 0 
0.133238 0.24883 -0.0398891 0.895622 -0.340129 0.286659 0 
0.132207 0.248274 -0.0399659 0.890269 -0.354611 0.285784 0 
0.132182 0.248219 -0.039886 0.901448 -0.326056 0.284745 0 
0.132347 0.247803 -0.0397448 0.928258 -0.265826 0.26014 0 
0.132346 0.24867 -0.0400258 0.888048 -0.3669 0.277047 0 
0.1322 0.248615 -0.0397337 0.897106 -0.286184 0.3366 0 
0.132198 0.248341 -0.0395469 0.917616 -0.216162 0.333548 0 
0.13198 0.248669 -0.0393889 0.925569 -0.208359 0.316083 0 
0.13322 0.248202 -0.0410787 0.828754 -0.52684 0.188696 0 
0.133152 0.248226 -0.0400812 0.890752 -0.365552 0.270061 0 
0.13347 0.24835 -0.0395213 0.890269 -0.354611 0.285784 0 
0.133323 0.248294 -0.0392292 0.907923 -0.320185 0.270476 0 
0.133232 0.248875 -0.0396098 0.893196 -0.332525 0.302702 0 
0.132946 0.248994 -0.0394916 0.902483 -0.275309 0.331254 0 
0.133158 0.24871 -0.0393704 0.896956 -0.35137 0.268346 0 
0.132772 0.249476 -0.0392139 0.897232 -0.289191 0.333681 0 
0.133149 0.248777 -0.0389515 0.917457 -0.234765 0.321182 0 
0.132727 0.249048 -0.0391468 0.909697 -0.261373 0.322701 0 
0.132907 0.24905 -0.0387136 0.92413 -0.202374 0.324082 0 
0.133779 0.249449 -0.0400475 0.865099 -0.410426 0.288366 0 
0.133661 0.24913 -0.0399277 0.894786 -0.308188 0.323076 0 
0.13366 0.248856 -0.0397409 0.894263 -0.340742 0.290152 0 
0.13387 0.248868 -0.0396668 0.889672 -0.351383 0.291573 0 
0.13267 0.247313 -0.0392302 0.950522 -0.193901 0.242715 0 
0.131833 0.248613 -0.0390967 0.939642 -0.168724 0.297668 0 
0.13207 0.248385 -0.0390553 0.939642 -0.168724 0.297668 0 
0.13248 0.247674 -0.0392917 0.932739 -0.223688 0.282776 0 
0.13273 0.247589 -0.0387715 0.950412 -0.103849 0.293142 0 
0.132394 0.247598 -0.0384936 0.95183 0.00369404 0.306605 0 
0.132733 0.247038 -0.0399013 0.967204 -0.14592 0.207904 0 
0.132798 0.247269 -0.0397218 0.926351 -0.307838 0.217047 0 
0.133042 0.247228 -0.0389224 0.954013 -0.153443 0.257517 0 
0.133249 0.24813 -0.0389897 0.912283 -0.283724 0.295364 0 
0.132989 0.248007 -0.0389042 0.922763 -0.229621 0.309489 0 
0.132855 0.247567 -0.0391234 0.937909 -0.243884 0.246672 0 
0.133204 0.247701 -0.0389226 0.930387 -0.264813 0.253484 0 
0.132979 0.247504 -0.0382514 0.951597 -0.00370271 0.307325 0 
0.13171 0.248909 -0.0389316 0.937463 -0.16059 0.308827 0 
0.131635 0.248744 -0.0386921 0.94248 -0.0720951 0.326394 0 
0.131962 0.248802 -0.0385511 0.937161 -0.0893169 0.337271 0 
0.131844 0.248483 -0.0384313 0.951081 -0.026384 0.307813 0 
0.133075 0.248612 -0.038712 0.92024 -0.215436 0.326721 0 
0.132789 0.248731 -0.0385938 0.925019 -0.211069 0.315895 0 
0.132693 0.248489 -0.0384142 0.942474 -0.12809 0.308765 0 
0.132578 0.248148 -0.038434 0.948115 -0.0878612 0.305547 0 
0.132571 0.249059 -0.0384357 0.925466 -0.172212 0.337424 0 
0.132521 0.248949 -0.0382761 0.943621 -0.113448 0.310981 0 
0.132339 0.248103 -0.0382886 0.94599 -0.0715673 0.316198 0 
0.132402 0.248356 -0.0379695 0.949264 -0.0187602 0.31392 0 
0.132445 0.24851 -0.0378499 0.947115 -0.0112306 0.320697 0 
0.132305 0.248114 -0.0377899 0.947295 0.016311 0.319947 0 
0.132212 0.24785 -0.0377499 0.950395 0.0472008 0.307443 0 
0.132256 0.248004 -0.0376303 0.949336 0.0631173 0.307858 0 
0.132223 0.249157 -0.0375993 0.930941 0.0675363 0.358869 0 
0.131845 0.248715 -0.037394 0.940702 0.0776244 0.330233 0 
0.132219 0.248905 -0.0372729 0.935898 0.0838713 0.342142 0 
0.132169 0.248795 -0.0371133 0.937277 0.0779963 0.339747 0 
0.132488 0.248961 -0.0377774 0.932136 -0.0244284 0.361283 0 
0.131204 0.248744 -0.0371974 0.943493 0.0396856 0.329007 0 
0.131137 0.248767 -0.0361999 0.930172 -0.0271677 0.366118 0 
0.130939 0.248328 -0.0355614 0.896434 -0.0842565 0.435095 0 
0.132075 0.246862 -0.0375957 0.946072 0.152942 0.285581 0 
0.131492 0.246892 -0.0367536 0.908992 0.0634809 0.41195 0 
0.13155 0.246935 -0.0373321 0.923739 0.169609 0.343423 0 
0.131656 0.24821 -0.0371744 0.938135 0.0974166 0.332284 0 
0.132222 0.248016 -0.0371315 0.940766 0.0559515 0.334408 0 
0.13193 0.248179 -0.0367341 0.932007 0.0731247 0.354987 0 
0.132193 0.24828 -0.0369592 0.935628 0.0727858 0.345402 0 
0.132546 0.248096 -0.0368509 0.93991 0.0694773 0.334278 0 
0.132138 0.247348 -0.0362393 0.920272 -0.03282 0.389901 0 
0.131355 0.248439 -0.036358 0.940921 0.0424766 0.335951 0 
0.131995 0.24784 -0.0363207 0.93551 0.00886139 0.35319 0 
0.130818 0.249468 -0.0358168 0.901665 0.116389 0.416477 0 
0.130538 0.248676 -0.0356969 0.884171 -0.0910794 0.458199 0 
0.130779 0.248699 -0.0359819 0.897213 -0.0728212 0.435553 0 
0.131079 0.248724 -0.0356214 0.898395 -0.0613471 0.434883 0 
0.131284 0.249352 -0.0355019 0.901665 0.116389 0.416477 0 
0.131231 0.249264 -0.0352026 0.902988 0.0810903 0.421944 0 
0.130503 0.248984 -0.0352453 -0.0359934 -0.995817 0.0839845 0 
0.13048 0.248633 -0.0351183 0.87777 -0.0367439 0.47767 0 
0.131222 0.249331 -0.0347837 -0.071334 -0.993015 0.0939798 0 
0.131192 0.24932 -0.0344246 -0.0848956 -0.996181 0.0204179 0 
0.130753 0.248899 -0.0347251 -0.112101 -0.993668 0.00761848 0 
0.12984 0.248894 -0.0338844 -0.421649 -0.874809 -0.238584 0 
0.130346 0.248721 -0.0343475 0.720172 -0.534748 0.442037 0 
0.131034 0.249057 -0.0335268 -0.389007 -0.900934 -0.192334 0 
0.130533 0.249482 -0.0333902 -0.345193 -0.915263 -0.207689 0 
0.131902 0.249013 -0.0367956 0.941785 0.0345962 0.33443 0 
0.132135 0.248807 -0.0366146 0.939499 0.0293993 0.341287 0 
0.131814 0.249234 -0.0360447 0.930877 -0.0594177 0.360467 0 
0.131703 0.248574 -0.0361571 0.934912 -0.0295777 0.353646 0 
0.13174 0.249069 -0.0358053 0.916459 -0.0857904 0.390823 0 
0.132023 0.248972 -0.0357839 0.916459 -0.0857904 0.390823 0 
0.132043 0.248775 -0.0355373 0.914214 -0.0973152 0.393373 0 
0.132195 0.248216 -0.0358748 0.916446 -0.0409954 0.398052 0 
0.131617 0.249365 -0.0356401 0.916555 0.0915189 0.389297 0 
0.131564 0.249277 -0.0353408 0.901665 0.116389 0.416477 0 
0.131722 0.249202 -0.0349675 0.912526 0.0604767 0.404522 0 
0.131533 0.249267 -0.0349818 0.912526 0.0604767 0.404522 0 
0.131672 0.249092 -0.0348078 0.920562 0.0683386 0.384572 0 
0.131459 0.249102 -0.0347423 0.894193 0.0335155 0.446426 0 
0.131341 0.248783 -0.0346225 0.875498 0.0201728 0.482801 0 
0.130976 0.247956 -0.0349286 0.864488 -0.00670146 0.502609 0 
0.129261 0.248606 -0.0331348 0.354913 -0.904079 0.238069 0 
0.128947 0.248692 -0.0327971 0.259166 -0.952067 0.162483 0 
0.128525 0.248097 -0.0327114 -0.877635 -0.00398321 -0.479313 0 
0.129787 0.248807 -0.0335852 -0.434829 -0.868154 -0.239231 0 
0.129314 0.248694 -0.0334341 -0.771047 -0.467844 -0.431982 0 
0.129473 0.248893 -0.0332475 0.338538 -0.914774 0.22041 0 
0.129945 0.248732 -0.0332118 -0.465206 -0.849572 -0.248618 0 
0.129551 0.247598 -0.0331116 -0.602822 -0.743534 -0.289419 0 
0.129043 0.248934 -0.0329767 0.306941 -0.934712 0.179165 0 
0.128969 0.248769 -0.0327373 -0.876858 -0.0120484 -0.480598 0 
0.128771 0.248901 -0.0323327 -0.889372 -0.179039 -0.420669 0 
0.128722 0.248791 -0.032173 0.389585 -0.90997 0.142051 0 
0.128787 0.249022 -0.0319936 -0.928473 -0.0141261 -0.371132 0 
0.129136 0.249157 -0.0317927 0.276908 -0.95833 0.070184 0 
0.130375 0.249219 -0.0324924 0.389324 -0.894711 0.218903 0 
0.130285 0.248933 -0.032592 -0.609118 -0.731263 -0.30697 0 
0.130092 0.249316 -0.0325138 0.400417 -0.888009 0.226066 0 
0.130499 0.249494 -0.0328914 -0.537401 -0.795858 -0.278944 0 
0.13045 0.249384 -0.0327318 -0.593703 -0.736062 -0.325161 0 
0.12956 0.248631 -0.0327743 0.332329 -0.916423 0.222992 0 
0.129443 0.249411 -0.0318982 0.223479 -0.973293 0.0525114 0 
0.13004 0.249228 -0.0322145 -0.872358 -0.213243 -0.439907 0 
0.130009 0.249218 -0.0318554 -0.836032 -0.437623 -0.330962 0 
0.129368 0.249246 -0.0316588 0.171578 -0.985154 0.0056814 0 
0.129651 0.24915 -0.0316374 0.163484 -0.98654 0.00338242 0 
0.130174 0.248802 -0.0317142 -0.796499 -0.53468 -0.282323 0 
0.128072 0.248886 -0.0315575 0.16391 -0.98464 0.0601397 0 
0.128974 0.248683 -0.0317925 0.174561 -0.984614 0.00798644 0 
0.128965 0.24875 -0.0313736 0.338941 -0.937073 0.0837385 0 
0.128653 0.24911 -0.0312227 0.254137 -0.965221 0.0613435 0 
0.12839 0.24901 -0.0309975 0.139535 -0.990141 0.0122791 0 
0.12823 0.248811 -0.0311841 0.162504 -0.985543 0.0479327 0 
0.128246 0.248932 -0.030845 0.163441 -0.986362 0.0194301 0 
0.128169 0.24879 -0.030466 0.200117 -0.979766 -0.00347024 0 
0.128859 0.248871 -0.0308222 0.180746 -0.983026 0.0314848 0 
0.128405 0.248561 -0.0304246 0.197001 -0.980397 0.00345616 0 
0.129438 0.249159 -0.0315718 0.192908 -0.98091 0.024552 0 
0.129693 0.24903 -0.031331 0.221451 -0.974143 0.0447743 0 
0.129195 0.248862 -0.0311001 0.217277 -0.974713 0.0521951 0 
0.129684 0.249096 -0.0309121 0.221624 -0.973432 0.0575488 0 
0.130165 0.248869 -0.0312953 0.306922 -0.949256 0.0686366 0 
0.129208 0.249006 -0.0306213 0.241421 -0.969361 0.045343 0 
0.130065 0.249516 -0.031257 0.228115 -0.97337 0.0226921 0 
0.129559 0.249118 -0.0305601 0.217277 -0.974713 0.0521951 0 
0.130002 0.249221 -0.0303521 0.334278 -0.93991 0.0694773 0 
0.129193 0.249117 -0.0299232 0.23937 -0.970713 0.0204487 0 
0.127041 0.249473 -0.0250842 0.145543 0.961109 -0.234705 0 
0.126992 0.249363 -0.0249246 0.171405 0.958009 -0.229869 0 
0.126818 0.249845 -0.0246469 0.0761888 0.928969 -0.362231 0 
0.126457 0.249799 -0.0242892 0.493933 0.868166 -0.048155 0 
0.127124 0.250058 -0.0235284 0.582466 0.810325 0.0640855 0 
0.126832 0.250221 -0.0231309 0.488578 0.86936 0.0741966 0 
0.126191 0.25082 -0.0231681 0.429695 0.85477 -0.291084 0 
0.126475 0.250724 -0.0231467 0.449658 0.87112 -0.197375 0 
0.1264 0.250559 -0.0229073 0.535932 0.844128 0.0150007 0 
0.126645 0.25056 -0.0233319 0.435117 0.891494 -0.126141 0 
0.126971 0.250617 -0.0231909 0.458367 0.88469 -0.084986 0 
0.126636 0.250626 -0.022913 0.518339 0.85478 -0.0259853 0 
0.127137 0.250202 -0.0230497 0.592143 0.797851 0.113139 0 
0.126988 0.249872 -0.0225708 0.690143 0.699365 0.185985 0 
0.126914 0.249708 -0.0223313 0.676694 0.710605 0.19268 0 
0.126205 0.24976 -0.0211372 0.611856 0.755822 0.233163 0 
0.125983 0.249836 -0.0206528 0.714398 0.654471 0.247595 0 
0.126455 0.249675 -0.0206171 0.467448 0.84079 0.273064 0 
0.126738 0.249578 -0.0205957 0.427641 0.868882 0.249331 0 
0.126216 0.249629 -0.0204717 0.701266 0.669748 0.244261 0 
0.126543 0.249687 -0.0203307 0.398437 0.887226 0.232545 0 
0.126732 0.249622 -0.0203164 0.58285 0.776613 0.239078 0 
0.126039 0.249563 -0.0198205 0.413877 0.902113 0.122059 0 
0.125591 0.249209 -0.0197021 0.37062 0.927209 0.0540762 0 
0.125869 0.249727 -0.0196353 0.446363 0.87964 0.164296 0 
0.125681 0.249495 -0.0196025 0.386644 0.920772 0.0518183 0 
0.126375 0.249554 -0.0200984 0.4755 0.860641 0.182201 0 
0.12651 0.249698 -0.0198319 0.42955 0.891923 0.141281 0 
0.126698 0.249634 -0.0198177 0.47569 0.865024 0.159539 0 
0.125607 0.249331 -0.019363 0.415276 0.907656 0.0608711 0 
0.125626 0.24943 -0.0191635 0.433142 0.897911 0.0783782 0 
0.125938 0.24907 -0.0193145 0.41101 0.909612 0.0606408 0 
0.126292 0.248589 -0.019159 0.407378 0.910849 0.0663174 0 
0.125929 0.249136 -0.0188956 0.433142 0.897911 0.0783782 0 
0.126071 0.249806 -0.0191423 0.428871 0.900217 0.0753606 0 
0.126387 0.249698 -0.0196196 0.406277 0.909677 0.0861799 0 
0.126714 0.249755 -0.0194786 0.406277 0.909677 0.0861799 0 
0.126517 0.249887 -0.0190739 0.415276 0.907656 0.0608711 0 
0.126702 0.249844 -0.01892 0.420376 0.904693 0.0693825 0 
0.125549 0.249858 -0.0190184 0.445159 0.891705 0.0818206 0 
0.125722 0.249672 -0.0193432 0.415276 0.907656 0.0608711 0 
0.125399 0.249824 -0.0185866 0.485047 0.870273 0.0857619 0 
0.125415 0.249946 -0.0182475 0.43081 0.898782 0.0812069 0 
0.126304 0.2496 -0.0189613 0.433142 0.897911 0.0783782 0 
0.126134 0.249764 -0.0187761 0.445159 0.891705 0.0818206 0 
0.126631 0.249657 -0.0188202 0.433142 0.897911 0.0783782 0 
0.126513 0.249338 -0.0187004 0.433142 0.897911 0.0783782 0 
0.126417 0.249097 -0.0185208 0.4508 0.889117 0.0790634 0 
0.12625 0.249238 -0.0184752 0.460774 0.883963 0.0793479 0 
0.126249 0.249534 -0.0185224 0.457346 0.885499 0.0820164 0 
0.126368 0.249557 -0.0185951 0.445159 0.891705 0.0818206 0 
0.124796 0.250052 -0.0179911 0.381302 0.923773 0.0353785 0 
0.125048 0.249945 -0.0176105 0.532982 0.841625 0.0871632 0 
0.125015 0.249956 -0.0171118 0.438023 0.894123 0.0931668 0 
0.124965 0.249846 -0.0169522 0.439529 0.891697 0.108127 0 
0.125872 0.249367 -0.0185038 0.460774 0.883963 0.0793479 0 
0.126225 0.249183 -0.0183954 0.460774 0.883963 0.0793479 0 
0.125985 0.249434 -0.0182972 0.485047 0.870273 0.0857619 0 
0.126339 0.248954 -0.0181417 0.503926 0.858804 0.0922682 0 
0.125977 0.249501 -0.0178783 0.593573 0.794884 0.12582 0 
0.125927 0.249391 -0.0177186 0.42597 0.904019 0.0360539 0 
0.126194 0.249173 -0.0180363 0.503926 0.858804 0.0922682 0 
0.125381 0.249958 -0.0177488 0.60559 0.78623 0.122895 0 
0.125898 0.249654 -0.0175463 0.613106 0.779372 0.129153 0 
0.125208 0.250144 -0.017424 0.56326 0.81942 0.106248 0 
0.125044 0.249693 -0.0172842 0.587903 0.800079 0.119349 0 
0.125824 0.24949 -0.0173069 0.670078 0.721974 0.17248 0 
0.125532 0.249653 -0.0169094 0.536335 0.835753 0.117732 0 
0.125815 0.249556 -0.016888 0.536335 0.835753 0.117732 0 
0.12579 0.249501 -0.0168082 0.536335 0.835753 0.117732 0 
0.125026 0.249826 -0.0164463 0.434798 0.89599 0.0902935 0 
0.125432 0.249433 -0.0165901 0.462132 0.880454 0.105994 0 
0.125737 0.249414 -0.0165089 0.456388 0.883104 0.108798 0 
0.124587 0.249934 -0.0157567 0.308472 0.944112 0.116178 0 
0.124601 0.249781 -0.0152308 0.517703 0.816199 0.25652 0 
0.124527 0.249617 -0.0149914 0.745981 0.553364 0.370542 0 
0.125017 0.249893 -0.0160274 0.370367 0.925245 0.0821542 0 
0.125489 0.249731 -0.0159917 0.416746 0.905911 0.075151 0 
0.125567 0.250106 -0.0153336 0.371113 0.918748 0.134824 0 
0.125104 0.249631 -0.0155542 0.297687 0.948629 0.107167 0 
0.12507 0.249642 -0.0150555 0.541445 0.795689 0.271507 0 
0.12374 0.249822 -0.0134654 0.640808 0.723084 0.257905 0 
0.123317 0.249523 -0.0134268 0.723596 0.648254 0.237013 0 
0.124881 0.249136 -0.0148359 0.73128 0.574227 0.368094 0 
0.124921 0.249313 -0.0145766 0.900379 0.198634 0.38712 0 
0.123994 0.249419 -0.0130377 0.812004 0.545923 0.206442 0 
0.123666 0.249658 -0.0132259 0.774355 0.587388 0.235267 0 
0.12522 0.250395 -0.0122358 0.799478 -0.594187 0.0881883 0 
0.123324 0.249711 -0.0126688 0.522856 -0.847682 0.0897546 0 
0.123402 0.249557 -0.0130007 0.760886 0.608398 0.225621 0 
0.123249 0.249546 -0.0124293 0.530746 -0.847284 0.0204658 0 
0.124486 0.25016 -0.0119992 0.82382 -0.56292 0.0666429 0 
0.124295 0.24995 -0.0118267 0.791159 -0.609349 0.0525545 0 
0.123241 0.249613 -0.0120104 0.530746 -0.847284 0.0204658 0 
0.123431 0.249252 -0.011949 0.530746 -0.847284 0.0204658 0 
0.123454 0.249033 -0.0118421 0.530746 -0.847284 0.0204658 0 
0.123852 0.249277 -0.0118008 0.530746 -0.847284 0.0204658 0 
0.123658 0.24909 -0.0114887 0.502226 -0.864264 0.028582 0 
0.123998 0.249862 -0.0111028 0.772748 -0.626117 0.104108 0 
0.124282 0.249765 -0.0110814 0.778496 -0.621342 0.0887631 0 
0.123593 0.249958 -0.0109119 0.721124 -0.67577 0.152691 0 
0.123688 0.249926 -0.0109048 0.771323 -0.627343 0.107251 0 
0.122464 0.249456 -0.0108562 -0.157253 -0.981308 -0.11093 0 
0.122575 0.249207 -0.00923878 -0.0578471 -0.998125 -0.0199835 0 
0.122327 0.249229 -0.00867452 -0.0409311 -0.994516 -0.0962435 0 
0.122507 0.249231 -0.00824133 0.073107 -0.99622 -0.0469194 0 
0.122368 0.249405 -0.00841524 -0.0314983 -0.995999 -0.0836335 0 
0.122597 0.249517 -0.0081417 0.156286 -0.985892 -0.0599291 0 
0.12224 0.249449 -0.00792365 0.0649028 -0.99176 -0.110449 0 
0.122285 0.249307 -0.00775689 0.151161 -0.98315 -0.102789 0 
0.122589 0.249584 -0.00772277 0.775728 -0.548608 -0.311891 0 
0.122278 0.249648 -0.00752473 0.696986 -0.584409 -0.415543 0 
0.12321 0.248736 -0.0113703 0.535905 -0.843323 0.0401582 0 
0.123307 0.248978 -0.0115499 0.502226 -0.864264 0.028582 0 
0.123322 0.249099 -0.0112108 0.510228 -0.858676 0.0483956 0 
0.123392 0.249012 -0.0111239 0.510228 -0.858676 0.0483956 0 
0.123 0.249822 -0.0106882 -0.22867 -0.965066 -0.1279 0 
0.122729 0.248393 -0.0107532 0.156286 -0.985892 0.0599291 0 
0.123285 0.25 -0.0108535 0.815475 -0.317041 0.484237 0 
0.123374 0.250012 -0.0105671 0.790978 -0.368908 0.488119 0 
0.12399 0.249928 -0.0106839 0.805815 -0.572592 0.150997 0 
0.124104 0.249699 -0.0104302 0.756159 -0.6314 0.171923 0 
0.123821 0.249796 -0.0104516 0.749928 -0.632896 0.192487 0 
0.124273 0.249832 -0.0106625 0.805815 -0.572592 0.150997 0 
0.123797 0.249445 -0.0103247 0.56808 -0.811331 0.137941 0 
0.123746 0.249631 -0.0102122 0.742828 0.577755 0.338238 0 
0.123339 0.249453 -0.00983448 0.823611 -0.430055 0.369752 0 
0.122685 0.249297 -0.00889255 -0.0279539 -0.999094 -0.0320952 0 
0.122846 0.249199 -0.00865883 0.00904321 -0.999777 -0.0190912 0 
0.123387 0.249818 -0.00881721 -0.0217405 -0.99903 -0.0383048 0 
0.122872 0.249487 -0.00770135 -0.902478 -0.415559 -0.113334 0 
0.122655 0.249519 -0.00749618 0.0659678 -0.989518 0.128464 0 
0.122039 0.249602 -0.00737935 0.702349 -0.559554 -0.440006 0 
0.128396 0.248628 -0.0300056 0.207705 -0.978185 0.00348109 0 
0.12958 0.248055 -0.0300325 0.240031 -0.970765 -0.00118242 0 
0.128203 0.249011 -0.0299274 0.257116 -0.965722 0.0356763 0 
0.128149 0.248649 -0.0294414 0.201039 -0.979329 0.0223376 0 
0.128214 0.24888 -0.0292619 0.358151 -0.929584 0.0871904 0 
0.128089 0.248902 -0.02891 0.365556 -0.924159 0.110899 0 
0.127971 0.248583 -0.0287902 0.972703 -0.176279 0.150915 0 
0.128037 0.248815 -0.0286107 0.290719 -0.949152 0.120801 0 
0.128206 0.248947 -0.028843 0.552025 -0.821377 0.143556 0 
0.129162 0.249106 -0.0295641 -0.977346 -0.158118 -0.140688 0 
0.129614 0.248275 -0.029494 -0.813592 -0.553967 -0.176605 0 
0.129502 0.249307 -0.0289443 -0.354922 0.930834 -0.0870564 0 
0.12924 0.249481 -0.0289059 -0.34023 0.934624 -0.103548 0 
0.129231 0.249548 -0.028487 -0.387195 0.910965 -0.142206 0 
0.129543 0.249188 -0.0286379 -0.34239 0.931681 -0.121405 0 
0.12954 0.248111 -0.0292545 -0.940723 -0.294404 -0.168426 0 
0.129375 0.249055 -0.0284056 0.522985 0.851402 -0.0400173 0 
0.129034 0.249679 -0.0280823 0.930832 0.321408 0.173922 0 
0.12893 0.249778 -0.0276706 0.962496 0.225932 0.150186 0 
0.129201 0.249537 -0.0281279 0.960952 0.250288 0.118012 0 
0.129213 0.249681 -0.0276491 0.984263 0.0530441 0.168562 0 
0.128057 0.248618 -0.0283641 0.558424 -0.811295 0.173096 0 
0.128196 0.248443 -0.0281902 0.974459 0.179803 0.134538 0 
0.127879 0.248552 -0.0277129 0.962496 0.225932 0.150186 0 
0.127945 0.248783 -0.0275334 0.947405 0.279762 0.155423 0 
0.128311 0.248784 -0.0281704 0.965066 0.22867 0.1279 0 
0.128048 0.248684 -0.0279452 0.969576 0.212772 0.121038 0 
0.128638 0.248842 -0.0280293 0.965769 0.23019 0.119596 0 
0.128302 0.248851 -0.0277515 0.962496 0.225932 0.150186 0 
0.128729 0.248832 -0.0278825 0.969576 0.212772 0.121038 0 
0.128604 0.248854 -0.0275306 0.985996 0.0769385 0.147959 0 
0.127725 0.248837 -0.0271886 0.951172 0.231366 0.204306 0 
0.127578 0.248782 -0.0268965 0.952464 0.231023 0.198599 0 
0.128647 0.247909 -0.0281672 0.322922 -0.929624 0.177537 0 
0.129121 0.24855 -0.0273282 0.155958 0.982897 -0.0979271 0 
0.129401 0.248476 -0.0271671 0.5065 0.840159 -0.193883 0 
0.127985 0.248959 -0.0272741 0.948843 0.251124 0.191398 0 
0.128667 0.249677 -0.0274454 0.963978 0.217841 0.152619 0 
0.128636 0.249667 -0.0270863 -0.269169 0.95336 -0.136573 0 
0.128941 0.249647 -0.0270051 -0.118063 0.986245 -0.115678 0 
0.128627 0.249734 -0.0266674 -0.15193 0.979515 -0.132167 0 
0.128816 0.249669 -0.0266531 -0.0723355 0.990882 -0.11367 0 
0.127671 0.249046 -0.0269365 0.909982 0.371158 0.184863 0 
0.127336 0.249055 -0.0266586 0.898811 0.390598 0.198929 0 
0.127619 0.248958 -0.0266372 0.897246 0.398615 0.189886 0 
0.127918 0.248983 -0.0262767 -0.120972 0.976504 -0.17834 0 
0.128502 0.248656 -0.0270717 0.981867 0.00574191 0.189483 0 
0.128575 0.249646 -0.0263681 -0.0470113 0.989531 -0.136448 0 
0.128858 0.249549 -0.0263467 0.72542 0.636528 -0.261913 0 
0.128472 0.249745 -0.0259564 0.0491064 0.990122 -0.131331 0 
0.128426 0.249316 -0.0258892 0.116362 0.984878 -0.128358 0 
0.128397 0.24958 -0.0257169 0.0643813 0.98679 -0.148662 0 
0.128784 0.249385 -0.0261073 -0.100695 0.98681 -0.126757 0 
0.129205 0.249748 -0.0272302 -0.129425 0.97993 -0.151612 0 
0.129438 0.249541 -0.0270492 0.531328 0.819194 -0.2159 0 
0.129199 0.249792 -0.026951 0.281899 0.949908 -0.134938 0 
0.129339 0.249321 -0.02673 -0.183014 0.982678 0.0291423 0 
0.129099 0.249572 -0.0266317 0.627623 0.745984 -0.222705 0 
0.129717 0.249193 -0.0267014 -0.0135605 0.998261 0.0573713 0 
0.128871 0.248594 -0.0266242 0.629457 0.759898 -0.162294 0 
0.127261 0.24889 -0.0264192 0.898811 0.390598 0.198929 0 
0.127588 0.248947 -0.0262781 0.930527 0.312041 0.191703 0 
0.127252 0.248957 -0.0260002 0.866146 0.459072 0.197594 0 
0.127604 0.249069 -0.025939 -0.0851261 0.975866 -0.201095 0 
0.12772 0.249114 -0.0258721 -0.161149 0.962964 -0.216176 0 
0.12804 0.249512 -0.0254989 -0.0417964 0.978035 -0.204205 0 
0.128323 0.249415 -0.0254775 0.11093 0.981308 -0.157253 0 
0.128395 0.249306 -0.0255301 0.160396 0.980744 -0.11142 0 
0.128249 0.249251 -0.025238 0.0323071 0.975196 -0.218971 0 
0.127446 0.248806 -0.0250412 0.0780927 0.97306 -0.216924 0 
0.127842 0.249643 -0.0250942 0.102774 0.976974 -0.186975 0 
0.128125 0.249546 -0.0250728 0.0530865 0.969137 -0.240741 0 
0.128051 0.249382 -0.0248334 -0.0160768 0.955949 -0.293092 0 
0.127642 0.2495 -0.0245028 0.0964362 0.960504 -0.261021 0 
0.128065 0.249799 -0.0245414 -0.902743 0.0442652 -0.427897 0 
0.12819 0.249207 -0.0246595 -0.107317 0.927815 -0.35727 0 
0.127779 0.249918 -0.0244232 0.0695241 0.961961 -0.264192 0 
0.127824 0.249776 -0.0242564 0.0389862 0.954534 -0.295541 0 
0.12777 0.249985 -0.0240043 0.561321 0.824129 0.0756998 0 
0.128004 0.249778 -0.0238232 0.539551 0.840695 0.0460082 0 
0.12774 0.249974 -0.0236452 0.848939 0.164454 0.502252 0 
0.127954 0.249669 -0.0236636 0.47003 0.882479 0.0174085 0 
0.127453 0.250093 -0.023527 0.609092 0.788492 0.0853597 0 
0.127665 0.24981 -0.0234057 0.86485 0.113305 0.489078 0 
0.127398 0.250028 -0.0230881 0.713145 0.672924 0.196463 0 
0.127613 0.249722 -0.0231065 0.87598 -0.0593184 0.478685 0 
0.127607 0.249766 -0.0228272 0.16736 0.975218 -0.14471 0 
0.127532 0.249602 -0.0225877 0.411946 0.907376 0.0834841 0 
0.12737 0.249995 -0.0228686 0.750243 0.625979 0.212802 0 
0.127265 0.24982 -0.0222701 0.710256 0.669669 0.216979 0 
0.127188 0.249677 -0.021891 0.228584 0.962667 0.144988 0 
0.126786 0.248547 -0.0202875 0.445866 0.872476 0.199973 0 
0.126724 0.248822 -0.0196165 0.452295 0.883188 0.124131 0 
0.122033 0.249647 -0.00710009 0.0191744 -0.989172 0.1455 0 
0.122172 0.249472 -0.00692618 0.0191744 -0.989172 0.1455 0 
0.122024 0.249713 -0.00668119 0.0191744 -0.989172 0.1455 0 
0.122788 0.249389 -0.007043 0.0191744 -0.989172 0.1455 0 
0.123443 0.249207 -0.00671378 -0.0693865 -0.986699 0.147005 0 
0.122954 0.250072 -0.00614552 -0.268838 -0.941623 0.202663 0 
0.122786 0.249643 -0.0058661 -0.324616 -0.919507 0.221654 0 
0.122641 0.249862 -0.00576071 -0.362158 -0.90173 0.236063 0 
