0.129599 0.253133 -0.0278487 0.10758 0.764849 0.635164 2 
0.129356 0.252748 -0.0263883 0.269528 0.821049 0.503223 2 
0.130563 0.252022 -0.0274259 0.583203 0.810241 0.0581784 2 
0.130775 0.252463 -0.0269664 0.458308 0.826843 0.326013 2 
0.131229 0.251785 -0.0266582 0.374073 0.801126 -0.46719 2 
0.130688 0.252003 -0.0264857 0.566662 0.805416 -0.173776 2 
0.130867 0.251545 -0.0263915 0.374073 0.801126 -0.46719 2 
0.13144 0.25175 -0.0265912 0.374073 0.801126 -0.46719 2 
0.129507 0.252613 -0.0257413 0.310938 0.786114 0.534175 2 
0.129921 0.253034 -0.0260749 0.324809 0.779222 0.536015 2 
0.129963 0.253027 -0.0257615 0.327227 0.759232 0.562573 2 
0.129884 0.25228 -0.0260537 0.330779 0.79419 0.509752 2 
0.13058 0.252607 -0.0264268 0.331684 0.745885 0.577616 2 
0.13098 0.252984 -0.0259937 0.417453 0.778054 0.469431 2 
0.130903 0.252712 -0.0258933 0.529549 0.848095 0.017697 2 
0.131259 0.25262 -0.0261661 0.511731 0.812197 -0.280122 2 
0.130784 0.252446 -0.0261063 0.320281 0.758051 0.568136 2 
0.130525 0.252363 -0.0262331 0.343746 0.794612 0.50043 2 
0.131089 0.252173 -0.0263123 0.511731 0.812197 -0.280122 2 
0.13125 0.252432 -0.0257858 0.162158 0.641054 -0.75017 2 
0.13166 0.252791 -0.0259926 0.162158 0.641054 -0.75017 2 
0.131492 0.252613 -0.0260059 0.388594 0.656476 -0.646555 2 
0.131303 0.252201 -0.0263721 0.511731 0.812197 -0.280122 2 
0.131844 0.251984 -0.0265445 0.162158 0.641054 -0.75017 2 
0.131559 0.252016 -0.0263782 0.162158 0.641054 -0.75017 2 
0.131842 0.252603 -0.0257654 0.162158 0.641054 -0.75017 2 
0.130989 0.251873 -0.0263052 0.374073 0.801126 -0.46719 2 
0.131242 0.251626 -0.0261845 0.162158 0.641054 -0.75017 2 
0.13143 0.251562 -0.0262109 0.162158 0.641054 -0.75017 2 
0.132217 0.251795 -0.0264704 0.208681 0.616768 -0.75898 2 
0.124225 0.2538 -0.0230021 0.228115 0.97337 0.0226921 2 
0.124199 0.253709 -0.0229687 0.249592 0.968224 0.0156749 2 
0.123332 0.254646 -0.0222911 0.240899 0.969711 0.0403537 2 
0.124272 0.254125 -0.0226826 0.260419 0.965367 0.0157463 2 
0.124522 0.253814 -0.0224351 0.249592 0.968224 0.0156749 2 
0.12419 0.253108 -0.0231077 0.228115 0.97337 0.0226921 2 
0.124139 0.252927 -0.0230408 0.228115 0.97337 0.0226921 2 
0.123967 0.252893 -0.0226676 0.291053 0.956668 0.00859651 2 
0.123693 0.253794 -0.0222293 0.318455 0.947871 0.0112396 2 
0.123784 0.253494 -0.0223754 0.318455 0.947871 0.0112396 2 
0.123903 0.253759 -0.0221624 0.318455 0.947871 0.0112396 2 
0.124108 0.253393 -0.0221016 0.266334 0.963467 0.028229 2 
0.123707 0.253222 -0.0222751 0.318455 0.947871 0.0112396 2 
0.123843 0.253184 -0.0219749 0.318455 0.947871 0.0112396 2 
0.124778 0.254039 -0.0234219 0.258819 0.965358 0.033119 2 
0.124658 0.254186 -0.0231156 0.244426 0.969191 0.0304012 2 
0.124566 0.253599 -0.0238814 0.300369 0.950519 0.0793183 2 
0.124944 0.253742 -0.0238013 0.298955 0.952841 0.0521582 2 
0.124697 0.253023 -0.023847 0.372012 0.919657 0.125848 2 
0.125507 0.252871 -0.0245326 0.45718 0.776067 0.434403 2 
0.125027 0.253047 -0.0238268 0.435206 0.883512 0.173209 2 
0.124334 0.252783 -0.0235804 0.398803 0.908152 0.127337 2 
0.124439 0.253621 -0.0233216 0.255337 0.96637 0.0305427 2 
0.124717 0.25367 -0.0229747 0.255337 0.96637 0.0305427 2 
0.125452 0.253721 -0.0231674 0.362289 0.927945 0.087542 2 
0.125322 0.253474 -0.0227404 0.481544 0.857889 0.179282 2 
0.124546 0.253223 -0.0231209 0.375935 0.922994 0.0821936 2 
0.124469 0.252951 -0.0230205 0.487328 0.858346 0.16048 2 
0.125527 0.253107 -0.0226796 0.565363 0.758649 0.323755 2 
0.125521 0.252982 -0.0224261 0.615682 0.697773 0.366126 2 
0.12521 0.252924 -0.0222263 0.640274 0.698628 0.319326 2 
0.124673 0.253885 -0.0215285 0.266334 0.963467 0.028229 2 
0.12434 0.253592 -0.0216817 0.318455 0.947871 0.0112396 2 
0.124596 0.253613 -0.0214281 0.318455 0.947871 0.0112396 2 
0.124217 0.25347 -0.0215083 0.318455 0.947871 0.0112396 2 
0.124253 0.253132 -0.021201 0.304099 0.952344 0.0237773 2 
0.124977 0.253819 -0.0214747 0.266334 0.963467 0.028229 2 
0.125398 0.253748 -0.0213408 0.277411 0.958905 0.0595357 2 
0.124877 0.253518 -0.0214677 0.276757 0.960656 0.0233706 2 
0.125159 0.253424 -0.0215072 0.408434 0.906862 0.103839 2 
0.124593 0.253344 -0.021561 0.266334 0.963467 0.028229 2 
0.12449 0.252982 -0.0214272 0.679387 0.73306 -0.0324863 2 
0.124678 0.252918 -0.0214536 0.672411 0.739793 0.0238643 2 
0.124986 0.252708 -0.0217862 0.772244 0.591274 0.232453 2 
0.124826 0.253337 -0.0214008 0.266334 0.963467 0.028229 2 
0.125082 0.253152 -0.0214069 0.557708 0.81964 0.130966 2 
0.125441 0.253329 -0.0215468 0.527917 0.834257 0.159119 2 
0.125345 0.253092 -0.0216665 0.628855 0.733401 0.258195 2 
0.125301 0.253717 -0.0212009 0.237175 0.962956 0.128308 2 
0.124239 0.252817 -0.0220672 0.622638 0.780086 0.0615481 2 
0.124937 0.252796 -0.0215864 0.72651 0.658641 0.195896 2 
0.119368 0.24506 -0.0139533 -0.226916 -0.67762 0.699529 2 
0.118823 0.245215 -0.0136542 -0.304036 -0.811287 0.499375 2 
0.119037 0.245242 -0.013714 -0.296629 -0.820832 0.488105 2 
0.119438 0.245413 -0.0135405 -0.198846 -0.763014 0.615036 2 
0.119361 0.245141 -0.0134401 -0.198846 -0.763014 0.615036 2 
0.11889 0.244617 -0.0140265 -0.265933 -0.692701 0.670407 2 
0.118794 0.245061 -0.0134939 -0.304036 -0.811287 0.499375 2 
0.118743 0.24488 -0.013427 -0.275113 -0.800185 0.532933 2 
0.118617 0.244489 -0.0133866 -0.270364 -0.807967 0.523538 2 
0.119018 0.24466 -0.0132131 -0.198754 -0.765741 0.611668 2 
0.118685 0.244573 -0.0131066 -0.270364 -0.807967 0.523538 2 
0.119222 0.2445 -0.0128926 -0.1886 -0.7682 0.6118 2 
0.119077 0.244144 -0.0130722 -0.1886 -0.7682 0.6118 2 
0.119587 0.244531 -0.0149189 -0.170108 -0.390247 0.904859 2 
0.120576 0.243511 -0.0145296 -0.100812 -0.487022 0.867552 2 
0.119627 0.244937 -0.0140862 -0.193286 -0.495952 0.846565 2 
0.120121 0.245283 -0.0136662 -0.0581784 -0.583203 0.810241 2 
0.119736 0.245015 -0.0134929 -0.192618 -0.744277 0.639492 2 
0.120229 0.244885 -0.0134655 -0.162707 -0.535888 0.828462 2 
0.120446 0.244769 -0.0139117 -0.0874564 -0.364626 0.927038 2 
0.120871 0.245649 -0.0129927 -0.0333408 0.069908 0.996996 2 
0.120308 0.245632 -0.0131732 -0.0319987 -0.580151 0.81388 2 
0.120496 0.245569 -0.0131996 0.00406755 -0.543696 0.839272 2 
0.120231 0.24536 -0.0130729 -0.0209944 -0.692816 0.720809 2 
0.120179 0.245179 -0.013006 -0.107809 -0.707402 0.698541 2 
0.121125 0.245195 -0.0131317 -0.0203441 0.503176 0.863944 2 
0.120845 0.245559 -0.0129592 -0.018908 -0.329 0.944141 2 
0.120535 0.245294 -0.0130191 -0.113731 -0.50819 0.853702 2 
0.1207 0.245203 -0.0131388 -0.181927 -0.337059 0.923739 2 
0.120623 0.244931 -0.0130385 -0.217991 -0.173072 0.960482 2 
0.120435 0.244994 -0.0130121 -0.255115 -0.552489 0.793519 2 
0.120931 0.244927 -0.0131115 -0.0097294 0.668549 0.743604 2 
0.120954 0.244748 -0.0132778 -0.0097294 0.668549 0.743604 2 
0.11952 0.244718 -0.013566 -0.186343 -0.679151 0.709951 2 
0.12011 0.24462 -0.0136785 -0.134824 -0.371113 0.918748 2 
0.119633 0.244652 -0.013359 -0.192618 -0.744277 0.639492 2 
0.120034 0.244823 -0.0131856 -0.128322 -0.576712 0.806807 2 
0.119915 0.244764 -0.0131389 -0.166249 -0.715329 0.678724 2 
0.119745 0.244111 -0.0135448 -0.115778 -0.570098 0.813378 2 
0.119912 0.244495 -0.0132719 -0.180556 -0.581118 0.793537 2 
0.120145 0.244488 -0.0131116 -0.255115 -0.552489 0.793519 2 
0.120504 0.244665 -0.0132515 -0.217991 -0.173072 0.960482 2 
0.12076 0.24448 -0.0132576 0.035404 0.706663 0.706663 2 
0.120094 0.2441 -0.0133044 -0.30611 -0.481926 0.821002 2 
0.120616 0.244124 -0.0134372 0.035404 0.706663 0.706663 2 
0.120613 0.243855 -0.0135701 -0.0491661 0.571731 0.818966 2 
0.120427 0.244393 -0.0131512 0.206192 0.876686 0.434634 2 
0.120399 0.244034 -0.0132506 -0.274542 0.100188 0.956342 2 
0.119581 0.243789 -0.0139444 -0.152727 -0.406796 0.900661 2 
0.120055 0.243488 -0.0143968 -0.111459 -0.441603 0.89026 2 
0.119908 0.243751 -0.0137974 -0.188772 -0.384749 0.903512 2 
0.119737 0.243304 -0.0139434 -0.111869 -0.457386 0.882204 2 
0.120384 0.244812 -0.0129452 -0.29437 -0.568054 0.768544 2 
0.125184 0.24743 -0.0138176 -0.176237 -0.675831 0.715676 2 
0.125537 0.248163 -0.0130517 -0.322107 -0.858437 0.399166 2 
0.125084 0.248224 -0.0126389 -0.32844 -0.828171 0.454158 2 
0.125268 0.248098 -0.0125386 -0.32844 -0.828171 0.454158 2 
0.125131 0.248549 -0.0123195 -0.32844 -0.828171 0.454158 2 
0.125403 0.248266 -0.0119787 -0.32844 -0.828171 0.454158 2 
0.125695 0.24836 -0.0123985 -0.32844 -0.828171 0.454158 2 
0.125618 0.248088 -0.0122982 -0.32844 -0.828171 0.454158 2 
0.124013 0.247817 -0.0124728 -0.356111 -0.803245 0.477476 2 
0.124201 0.247754 -0.0124992 -0.342391 -0.828365 0.443373 2 
0.124431 0.247478 -0.0124718 -0.32844 -0.828171 0.454158 2 
0.125201 0.248014 -0.0128185 -0.322107 -0.858437 0.399166 2 
0.124323 0.248082 -0.0124129 -0.32844 -0.828171 0.454158 2 
0.124653 0.248106 -0.0123926 -0.32844 -0.828171 0.454158 2 
0.124439 0.248079 -0.0123328 -0.32844 -0.828171 0.454158 2 
0.124528 0.247716 -0.012352 -0.32844 -0.828171 0.454158 2 
0.124576 0.247834 -0.0122922 -0.32844 -0.828171 0.454158 2 
0.124779 0.24788 -0.0117121 -0.32844 -0.828171 0.454158 2 
0.125006 0.247952 -0.0125386 -0.32844 -0.828171 0.454158 2 
0.125284 0.248001 -0.0121917 -0.32844 -0.828171 0.454158 2 
0.125047 0.248152 -0.0119656 -0.32844 -0.828171 0.454158 2 
0.125566 0.247906 -0.0122313 -0.32844 -0.828171 0.454158 2 
0.124929 0.24768 -0.0124383 -0.32844 -0.828171 0.454158 2 
0.124858 0.24774 -0.0123318 -0.32844 -0.828171 0.454158 2 
0.124832 0.247649 -0.0122983 -0.32844 -0.828171 0.454158 2 
0.125185 0.247701 -0.0121847 -0.32844 -0.828171 0.454158 2 
0.125422 0.24755 -0.0124109 -0.32844 -0.828171 0.454158 2 
0.125181 0.247638 -0.0120579 -0.32844 -0.828171 0.454158 2 
0.125457 0.247419 -0.011844 -0.32844 -0.828171 0.454158 2 
0.125925 0.248084 -0.0123712 -0.32844 -0.828171 0.454158 2 
0.1262 0.247182 -0.0128095 -0.322107 -0.858437 0.399166 2 
0.126294 0.247151 -0.0128226 -0.322107 -0.858437 0.399166 2 
0.1259 0.247993 -0.0123377 -0.32844 -0.828171 0.454158 2 
0.125867 0.247777 -0.0120507 -0.32844 -0.828171 0.454158 2 
0.125867 0.247777 -0.0120507 -0.32844 -0.828171 0.454158 2 
0.126266 0.247679 -0.0120102 -0.32844 -0.828171 0.454158 2 
0.125723 0.247421 -0.0122303 -0.32844 -0.828171 0.454158 2 
0.126739 0.247584 -0.0122029 -0.33993 -0.823737 0.453767 2 
0.126685 0.247134 -0.0122689 -0.33993 -0.823737 0.453767 2 
0.126873 0.247071 -0.0122952 -0.350181 -0.82237 0.448421 2 
0.126145 0.248033 -0.0114442 -0.32844 -0.828171 0.454158 2 
0.126404 0.24791 -0.0115771 -0.32844 -0.828171 0.454158 2 
0.125838 0.247624 -0.0118905 -0.32844 -0.828171 0.454158 2 
0.126095 0.247439 -0.0118966 -0.32844 -0.828171 0.454158 2 
0.126189 0.247407 -0.0119098 -0.32844 -0.828171 0.454158 2 
0.126619 0.247731 -0.0118965 -0.33993 -0.823737 0.453767 2 
0.126803 0.247605 -0.0117962 -0.353876 -0.820421 0.449089 2 
0.126823 0.247365 -0.0118357 -0.353876 -0.820421 0.449089 2 
0.126135 0.247845 -0.0110639 -0.333239 -0.54252 0.771119 2 
0.124645 0.247299 -0.0127913 -0.052882 -0.716051 0.696042 2 
0.124807 0.247352 -0.0125245 -0.311705 -0.667015 0.676706 2 
0.125184 0.247019 -0.012837 0.0380267 -0.776026 0.629553 2 
0.124566 0.247646 -0.0119119 -0.32844 -0.828171 0.454158 2 
0.125079 0.24707 -0.0121838 -0.32844 -0.828171 0.454158 2 
0.124987 0.247576 -0.011778 -0.32844 -0.828171 0.454158 2 
0.125902 0.246758 -0.0123958 -0.322107 -0.858437 0.399166 2 
0.125694 0.247268 -0.0120701 -0.32844 -0.828171 0.454158 2 
0.125617 0.246996 -0.0119698 -0.32844 -0.828171 0.454158 2 
0.12654 0.246984 -0.0121888 -0.33993 -0.823737 0.453767 2 
0.125897 0.247314 -0.01149 -0.32844 -0.828171 0.454158 2 
0.126182 0.247282 -0.0116563 -0.32844 -0.828171 0.454158 2 
0.125966 0.246985 -0.0117294 -0.32844 -0.828171 0.454158 2 
0.12646 0.247331 -0.0113094 -0.344567 -0.548395 0.761929 2 
0.126503 0.24384 -0.0231305 -0.597315 -0.786892 -0.154971 2 
0.12612 0.244935 -0.0216526 -0.188322 -0.969797 -0.155014 2 
0.126114 0.244603 -0.0216588 -0.188322 -0.969797 -0.155014 2 
0.125526 0.244289 -0.0220656 -0.188322 -0.969797 -0.155014 2 
0.12567 0.243964 -0.0225382 -0.188322 -0.969797 -0.155014 2 
0.125868 0.243472 -0.0222239 -0.188322 -0.969797 -0.155014 2 
0.12578 0.243835 -0.0222046 -0.188322 -0.969797 -0.155014 2 
0.125594 0.244373 -0.0217856 -0.188322 -0.969797 -0.155014 2 
0.125558 0.244095 -0.0213719 -0.44466 -0.837833 -0.316723 2 
0.125943 0.244363 -0.0215452 -0.44466 -0.837833 -0.316723 2 
0.12606 0.244359 -0.0214651 -0.44466 -0.837833 -0.316723 2 
0.126342 0.244265 -0.0215047 -0.44466 -0.837833 -0.316723 2 
0.125888 0.244119 -0.0213516 -0.44466 -0.837833 -0.316723 2 
0.126027 0.244143 -0.0211781 -0.44466 -0.837833 -0.316723 2 
0.126264 0.243993 -0.0214043 -0.44466 -0.837833 -0.316723 2 
0.126071 0.243724 -0.0213841 -0.44466 -0.837833 -0.316723 2 
0.126507 0.244173 -0.0216243 -0.44466 -0.837833 -0.316723 2 
0.126763 0.243988 -0.0216304 -0.44466 -0.837833 -0.316723 2 
0.126479 0.243814 -0.0217238 -0.44466 -0.837833 -0.316723 2 
0.126871 0.243384 -0.0216894 -0.44466 -0.837833 -0.316723 2 
0.126498 0.243779 -0.0215037 -0.44466 -0.837833 -0.316723 2 
0.126024 0.244081 -0.0210514 -0.44466 -0.837833 -0.316723 2 
0.126255 0.243805 -0.021024 -0.44466 -0.837833 -0.316723 2 
0.12603 0.243524 -0.0219572 -0.44466 -0.837833 -0.316723 2 
0.125858 0.243284 -0.0218436 -0.44466 -0.837833 -0.316723 2 
0.125222 0.243945 -0.0211387 -0.44466 -0.837833 -0.316723 2 
0.125144 0.243673 -0.0210384 -0.44466 -0.837833 -0.316723 2 
0.126161 0.24363 -0.0212705 -0.44466 -0.837833 -0.316723 2 
0.126917 0.243234 -0.0217624 -0.44466 -0.837833 -0.316723 2 
0.126349 0.243567 -0.0212969 -0.44466 -0.837833 -0.316723 2 
0.126366 0.243263 -0.0212097 -0.44466 -0.837833 -0.316723 2 
0.125992 0.243865 -0.0207644 -0.44466 -0.837833 -0.316723 2 
0.125937 0.243827 -0.0203111 -0.475914 -0.788887 -0.388797 2 
0.125915 0.243593 -0.0206641 -0.44466 -0.837833 -0.316723 2 
0.125689 0.243109 -0.0203569 -0.475914 -0.788887 -0.388797 2 
0.126022 0.242785 -0.0194826 -0.733763 -0.472059 -0.488623 2 
0.121291 0.241887 -0.00403287 -0.161115 -0.582724 0.796539 2 
0.119837 0.241481 -0.00356041 -0.0552222 -0.581957 0.811342 2 
0.120473 0.243625 -0.00264317 -0.407374 -0.022268 0.91299 2 
0.119206 0.243091 -0.00357035 -0.418676 -0.162579 0.893464 2 
0.119607 0.243262 -0.00339687 -0.441603 -0.111459 0.89026 2 
0.119475 0.242746 -0.00310284 -0.086151 -0.673146 0.734474 2 
0.119884 0.243311 -0.00304997 -0.449691 -0.0788688 0.889696 2 
0.119623 0.243164 -0.00305003 -0.375603 -0.329611 0.866187 2 
0.120305 0.243241 -0.00291608 -0.346235 -0.277879 0.896049 2 
0.119972 0.243154 -0.00280961 -0.0770255 -0.690323 0.719389 2 
0.119869 0.242791 -0.00267583 -0.0125496 -0.718118 0.695808 2 
0.120218 0.242781 -0.00243545 -0.202162 -0.536564 0.819286 2 
0.119401 0.242536 -0.00312926 -0.101019 -0.613432 0.78326 2 
0.119878 0.241887 -0.00272772 -0.00138012 -0.680398 0.732842 2 
0.119679 0.242585 -0.00278237 0.00971919 -0.72894 0.684509 2 
0.119673 0.242254 -0.00278848 -0.0497889 -0.650101 0.758215 2 
0.120045 0.242271 -0.00245483 0.135253 -0.798144 0.587089 2 
0.120122 0.242543 -0.00255518 0.00415077 -0.718083 0.695945 2 
0.120494 0.241467 -0.00339304 0.195678 -0.756518 0.624012 2 
0.12002 0.241768 -0.00294071 0.0924009 -0.714274 0.69374 2 
0.120396 0.241642 -0.00299343 0.0829833 -0.71191 0.697351 2 
0.121115 0.241997 -0.00327323 -0.165104 -0.607401 0.777049 2 
0.121012 0.241634 -0.00313942 -0.173948 -0.582348 0.794111 2 
0.12021 0.24218 -0.0025745 0.104519 -0.740466 0.663917 2 
0.12066 0.242263 -0.00260083 -0.0766695 -0.632161 0.771034 2 
0.120941 0.242375 -0.00238068 -0.142688 -0.65336 0.743479 2 
0.120399 0.241911 -0.00286052 0.139743 -0.743794 0.653637 2 
0.120703 0.241844 -0.00280677 -0.113139 -0.592143 0.797851 2 
0.120968 0.242259 -0.00267385 -0.145872 -0.648154 0.747407 2 
0.120797 0.241813 -0.00281994 -0.122464 -0.58576 0.801179 2 
0.120386 0.243165 -0.00216255 -0.179124 -0.665973 0.72415 2 
0.120778 0.242735 -0.00212811 -0.110897 -0.678689 0.726005 2 
0.120422 0.24262 -0.002115 -0.0954625 -0.679987 0.726984 2 
0.119631 0.239184 -0.00635698 0.306846 -0.605659 0.734181 2 
0.119602 0.239031 -0.0061968 0.306846 -0.605659 0.734181 2 
0.119748 0.23918 -0.00627688 0.307692 -0.610551 0.729762 2 
0.12003 0.239086 -0.00631644 0.392412 -0.550033 0.737209 2 
0.119862 0.238908 -0.00632964 0.387493 -0.544453 0.743922 2 
0.120702 0.238703 -0.00743511 0.519494 -0.263647 0.812783 2 
0.120622 0.238368 -0.007208 0.532243 -0.236038 0.813021 2 
0.12051 0.23891 -0.00702231 0.532908 -0.382977 0.754545 2 
0.120167 0.238635 -0.00653554 0.47223 -0.429746 0.769621 2 
0.120459 0.238728 -0.00695542 0.532908 -0.382977 0.754545 2 
0.120381 0.238456 -0.00685506 0.532908 -0.382977 0.754545 2 
0.120193 0.238726 -0.006569 0.47223 -0.429746 0.769621 2 
0.120118 0.238723 -0.00633575 0.433843 -0.513023 0.740667 2 
0.119197 0.238116 -0.00689578 0.413898 -0.382182 0.826211 2 
0.119503 0.238731 -0.00618976 0.313577 -0.593383 0.741327 2 
0.119619 0.238727 -0.00610963 0.327896 -0.589567 0.73817 2 
0.119475 0.238371 -0.00628921 0.361733 -0.543411 0.757531 2 
0.120544 0.238096 -0.00710766 0.532243 -0.236038 0.813021 2 
0.120304 0.238184 -0.00675471 0.532908 -0.382977 0.754545 2 
0.120586 0.23809 -0.00679424 0.574267 -0.276851 0.770436 2 
0.120041 0.238451 -0.00623539 0.474516 -0.454813 0.753644 2 
0.120278 0.2383 -0.00646158 0.529418 -0.398293 0.749053 2 
0.119896 0.238095 -0.00641498 0.522004 -0.404185 0.751097 2 
0.1198 0.237857 -0.00653473 0.57392 -0.284575 0.767876 2 
0.119961 0.23791 -0.00626796 0.523848 -0.393294 0.755581 2 
0.120243 0.237815 -0.00630751 0.535353 -0.350971 0.768255 2 
0.120058 0.238147 -0.00614822 0.515834 -0.41103 0.751644 2 
0.120295 0.237997 -0.0063744 0.539136 -0.391652 0.745614 2 
0.120509 0.237818 -0.00669388 0.552489 -0.255115 0.793519 2 
0.122876 0.242192 -0.00407839 -0.328051 -0.450482 0.83033 1 
0.122278 0.242784 -0.00293328 -0.185684 -0.63071 0.753476 1 
0.122946 0.242751 -0.00340582 -0.24629 -0.588272 0.770245 1 
0.121729 0.243289 -0.00198799 -0.172596 -0.694966 0.698021 1 
0.120743 0.243961 -0.00152345 0.691818 -0.555121 -0.461767 1 
0.121547 0.243684 -0.00195545 -0.187768 -0.584677 0.789237 1 
0.121896 0.243673 -0.00171511 -0.139154 -0.761605 0.632925 1 
0.12284 0.243214 -0.00223334 -0.244836 -0.677642 0.693438 1 
0.122789 0.242827 -0.00242612 -0.237731 -0.662813 0.710044 1 
0.123402 0.243438 -0.00179309 -0.210191 -0.695965 0.686624 1 
0.123024 0.243295 -0.00187328 -0.244261 -0.701266 0.669748 1 
0.125189 0.242426 -0.00256291 0.564925 -0.487814 -0.665505 1 
0.124035 0.246406 0.000162825 0.179013 -0.732883 0.656382 1 
0.123726 0.246617 0.000495538 0.225923 -0.752557 0.618561 1 
0.124371 0.246145 0.000910282 0.165942 -0.68965 0.704874 1 
0.124884 0.245775 0.000898078 0.11082 -0.642758 0.758011 1 
0.124856 0.245209 0.000538915 0.110819 -0.666394 0.737318 1 
0.12436 0.245482 0.000897989 0.139731 -0.704663 0.695648 1 
0.121418 0.244118 -0.000876307 -0.0728986 -0.816178 0.573183 1 
0.122358 0.243803 -0.00100815 -0.165483 -0.748467 0.642194 1 
0.122074 0.244517 -0.000189587 -0.00958811 -0.81499 0.579396 1 
0.124033 0.243539 -0.0013326 -0.176049 -0.656738 0.733281 1 
0.122798 0.243905 -0.000394464 -0.0767827 -0.760583 0.644685 1 
0.123057 0.243782 -0.000527367 -0.14981 -0.703652 0.694573 1 
0.122004 0.245051 0.000309512 -0.0799889 -0.740261 0.667544 1 
0.122258 0.245485 0.00108239 0.098553 -0.731057 0.675161 1 
0.122685 0.245747 0.00122243 0.104664 -0.712012 0.694323 1 
0.122922 0.245596 0.000996307 -0.0923231 -0.67264 0.734188 1 
0.122726 0.245058 0.000883594 0.273427 -0.769704 0.576883 1 
0.122489 0.245209 0.00110973 0.101384 -0.742016 0.662672 1 
0.122563 0.245419 0.0011362 0.101712 -0.723774 0.6825 1 
0.122845 0.245324 0.00109662 -0.0769631 -0.672338 0.736232 1 
0.12277 0.244433 0.000417978 0.0238006 -0.765819 0.642616 1 
0.122581 0.244702 0.000704005 0.0588336 -0.747617 0.661519 1 
0.122959 0.244845 0.000784174 0.104582 -0.732071 0.673152 1 
0.123863 0.244868 0.000345096 0.0353276 -0.693833 0.719269 1 
0.123815 0.244749 0.000285238 0.0238846 -0.689844 0.723564 1 
0.12467 0.244859 4.5985e-005 0.0767827 -0.644685 0.760583 1 
0.123677 0.245406 0.000764042 0.142967 -0.708814 0.690755 1 
0.1236 0.245134 0.000864387 0.111149 -0.721727 0.683195 1 
0.12405 0.245217 0.000838101 0.0921917 -0.686316 0.721437 1 
0.123994 0.24518 0.00129141 0.136716 -0.72264 0.677569 1 
0.123267 0.244841 0.000711188 0.0860081 -0.727425 0.680776 1 
0.124497 0.245032 0.000678837 0.149409 -0.674606 0.7229 1 
0.12412 0.245364 0.000991255 0.126825 -0.714697 0.68784 1 
0.124308 0.245301 0.000964895 0.123896 -0.71203 0.691132 1 
0.124186 0.244973 0.000878632 0.0768569 -0.685911 0.723615 1 
0.124545 0.24515 0.00073871 0.12383 -0.675843 0.726569 1 
0.123051 0.244338 0.000378445 0.0295246 -0.743739 0.667818 1 
0.123243 0.244338 0.000225291 0.0209852 -0.731685 0.68132 1 
0.123337 0.244306 0.000212118 -0.0013835 -0.720806 0.693136 1 
0.123174 0.244666 0.000464693 0.0649252 -0.717063 0.693978 1 
0.123362 0.244603 0.000438303 0.0441503 -0.710677 0.702132 1 
0.123241 0.244751 0.000744641 0.0860081 -0.727425 0.680776 1 
0.124997 0.245025 -0.00104728 0.00688319 -0.618111 0.786061 1 
0.124635 0.244785 -0.000780627 0.00137867 -0.643838 0.765161 1 
0.126166 0.244846 -0.00063242 -0.058154 -0.591469 0.804228 1 
0.12559 0.245466 0.000605986 0.0674284 -0.62694 0.776144 1 
0.125472 0.244995 0.000133306 0.0380065 -0.612327 0.789691 1 
0.125375 0.244964 0.000273228 0.0613528 -0.614955 0.786172 1 
0.126061 0.245102 0.000280395 -0.00411067 -0.601528 0.798841 1 
0.126664 0.244638 0.000381798 -0.0436295 -0.589702 0.806442 1 
0.126946 0.244543 0.000342235 -0.0759425 -0.586047 0.80671 1 
0.127519 0.244748 0.000142545 -0.0463197 -0.576891 0.815507 1 
0.127658 0.244772 0.000315964 -0.0233615 -0.551056 0.834141 1 
0.127137 0.244542 0.000189096 -0.0551312 -0.583826 0.810005 1 
0.127442 0.244476 0.000242889 -0.237031 -0.540679 0.807145 1 
0.127134 0.24448 0.00031586 -0.0551312 -0.583826 0.810005 1 
0.127907 0.244462 0.000563368 -0.0578458 -0.56576 0.822539 1 
0.127743 0.244347 0.000423387 -0.0643176 -0.601726 0.796108 1 
0.124528 0.243678 -0.00117229 -0.0618397 -0.665855 0.743514 1 
0.124519 0.243077 -0.00131136 -0.091815 -0.619387 0.779699 1 
0.124655 0.243039 -0.00101113 -0.0765714 -0.622685 0.778717 1 
0.124937 0.242945 -0.00105068 0.0153449 -0.66541 0.74632 1 
0.125148 0.24291 -0.00098376 0.061932 -0.701415 0.710057 1 
0.125407 0.242787 -0.0011166 0.17196 -0.768494 0.616317 1 
0.124518 0.24349 -0.000792012 -0.05274 -0.65141 0.75689 1 
0.124748 0.243214 -0.000764668 -0.0498556 -0.665216 0.744985 1 
0.124294 0.243481 -9.22233e-005 -0.104274 -0.638859 0.762225 1 
0.124988 0.243332 -0.000857934 -0.0409447 -0.633936 0.772301 1 
0.125574 0.243171 -0.000843689 0.36486 -0.844033 0.393047 1 
0.126715 0.243043 -0.00150897 -0.645476 0.474467 0.598533 1 
0.126791 0.243728 -0.00108999 -0.209003 -0.47364 0.85556 1 
0.12621 0.242922 -0.00102933 0.205742 -0.821445 0.531882 1 
0.126183 0.243038 -0.000736207 0.252828 -0.864458 0.4345 1 
0.125805 0.242895 -0.00081633 0.200162 -0.79912 0.566871 1 
0.126064 0.242773 -0.000949234 0.168968 -0.756551 0.631728 1 
0.125302 0.244548 -1.28597e-005 0.0351167 -0.61103 0.790828 1 
0.125583 0.24466 0.00020726 0.0180497 -0.623407 0.781689 1 
0.126044 0.244108 0.000261962 -0.0294386 -0.637836 0.769609 1 
0.125932 0.244649 0.000447646 -0.00412105 -0.616784 0.787121 1 
0.124704 0.244046 -3.93689e-005 0.0209263 -0.645926 0.763113 1 
0.127139 0.243923 -0.000589922 -0.175187 -0.460787 0.870049 1 
0.126419 0.244188 0.00046888 -0.032255 -0.612844 0.789545 1 
0.126633 0.244009 0.000149414 -0.11192 -0.55088 0.827046 1 
0.126895 0.244362 0.000409156 -0.0912669 -0.595408 0.798223 1 
0.127579 0.244025 2.37077e-005 -0.0848708 -0.568203 0.8185 1 
0.121731 0.24267 -0.002767 -0.209425 -0.628274 0.749275 1 
0.121369 0.24243 -0.00250031 -0.199324 -0.635056 0.746307 1 
0.121884 0.242533 -0.00361995 -0.205238 -0.615715 0.760771 1 
0.122066 0.242344 -0.00339277 -0.212538 -0.615893 0.758619 1 
0.121968 0.242519 -0.00299318 -0.209171 -0.618217 0.757664 1 
0.122467 0.242515 -0.00321929 -0.188572 -0.627039 0.755819 1 
0.122442 0.242218 -0.00344551 -0.191365 -0.604712 0.773113 1 
0.122455 0.242058 -0.00297195 -0.229898 -0.639648 0.733483 1 
0.122604 0.242064 -0.00343844 -0.210839 -0.567881 0.795649 1 
0.122778 0.241957 -0.00269809 -0.226411 -0.638636 0.735447 1 
0.122764 0.241025 -0.00284326 -0.324809 -0.536015 0.779222 1 
0.122883 0.24129 -0.00263022 -0.270748 -0.596911 0.755243 1 
0.12053 0.243521 -0.00198297 -0.0831329 -0.68694 0.721943 1 
0.120985 0.242844 -0.00167473 -0.12045 -0.712291 0.691472 1 
0.121591 0.243058 -0.00242111 -0.199458 -0.675682 0.709698 1 
0.121873 0.242964 -0.00246063 -0.206609 -0.663323 0.719247 1 
0.121513 0.242786 -0.00232075 -0.196437 -0.66974 0.716143 1 
0.121199 0.242665 -0.00199422 -0.192884 -0.655806 0.729873 1 
0.121344 0.243021 -0.00181466 -0.176297 -0.688324 0.703654 1 
0.121207 0.243472 -0.00159551 -0.101481 -0.728014 0.678009 1 
0.121203 0.243616 -0.00120908 -0.0916493 -0.778292 0.621179 1 
0.121129 0.243406 -0.00123546 -0.0736697 -0.752586 0.65436 1 
0.120984 0.24305 -0.00141507 -0.123651 -0.70168 0.70168 1 
0.12113 0.2432 -0.00149517 -0.123651 -0.70168 0.70168 1 
0.12146 0.243224 -0.00147484 -0.130013 -0.718809 0.682943 1 
0.122994 0.24246 -0.00236531 -0.24057 -0.652526 0.718565 1 
0.123113 0.242725 -0.00215229 -0.2412 -0.660542 0.71099 1 
0.122872 0.242132 -0.0024516 -0.212675 -0.641129 0.737376 1 
0.122729 0.242045 -0.0024983 -0.216392 -0.658515 0.720786 1 
0.123128 0.241947 -0.00245771 -0.264619 -0.625895 0.733644 1 
0.123417 0.242659 -0.00209853 -0.258278 -0.667086 0.698777 1 
0.123076 0.241765 -0.00239079 -0.272546 -0.635942 0.722009 1 
0.123539 0.240801 -0.00285545 -0.618804 -0.329704 0.713005 1 
0.123165 0.241196 -0.00266978 -0.370947 -0.510255 0.775911 1 
0.12357 0.242111 -0.00197081 -0.339056 -0.595375 0.728402 1 
0.123803 0.242104 -0.00181058 -0.30658 -0.598714 0.739966 1 
0.12406 0.241919 -0.00181669 -0.296638 -0.623741 0.723155 1 
0.124784 0.241988 -0.00136933 0.27886 -0.90958 0.30806 1 
0.123403 0.241727 -0.00224371 -0.348983 -0.519454 0.779986 1 
0.123281 0.241399 -0.00232999 -0.354844 -0.502562 0.788364 1 
0.12352 0.241517 -0.00242326 -0.427921 -0.427921 0.796095 1 
0.123659 0.241748 -0.00199015 -0.363563 -0.559203 0.74506 1 
0.123847 0.241478 -0.00227618 -0.450917 -0.464035 0.76246 1 
0.123443 0.241245 -0.0023229 -0.47774 -0.378009 0.793016 1 
0.123703 0.241122 -0.00245577 -0.579597 -0.32451 0.747503 1 
0.12438 0.241755 -0.00141606 0.187139 -0.895077 0.404743 1 
0.124474 0.241723 -0.00142924 0.218652 -0.893686 0.391813 1 
0.123259 0.240276 -0.00359489 -0.0145612 -0.896178 -0.443456 1 
0.123141 0.240692 -0.00315565 -0.522884 -0.361001 0.772185 1 
0.124476 0.241992 -0.00129634 0.233494 -0.884897 0.403037 1 
0.12582 0.246901 0.00108393 0.12911 -0.59806 0.790983 1 
0.126436 0.247575 0.00159021 0.138338 -0.593517 0.792843 1 
0.126022 0.247154 0.00192377 0.181198 -0.601456 0.778086 1 
0.126263 0.247066 0.00157082 0.178105 -0.610428 0.771788 1 
0.126615 0.247118 0.00168444 0.125447 -0.588865 0.798436 1 
0.128526 0.246909 0.00139347 0.0911754 -0.467099 0.879492 1 
0.12686 0.247774 0.00185697 0.0197801 -0.428569 0.903292 1 
0.127076 0.24807 0.00193009 0.0499853 -0.436358 0.898384 1 
0.127303 0.247732 0.0020842 0.00915501 -0.422438 0.906345 1 
0.127661 0.248115 0.00220396 -0.217582 -0.259158 0.941008 1 
0.126452 0.247478 0.00193705 0.151492 -0.589469 0.793458 1 
0.12645 0.247209 0.00180413 0.151485 -0.601441 0.784424 1 
0.126834 0.247683 0.00189044 0.0799563 -0.489557 0.868298 1 
0.126757 0.247411 0.0019908 0.111818 -0.53876 0.835006 1 
0.127039 0.247316 0.00195125 0.00653219 -0.424592 0.905361 1 
0.126947 0.247617 0.00209737 0.0197801 -0.428569 0.903292 1 
0.127158 0.247582 0.00216429 0.0303786 -0.413413 0.910037 1 
0.127178 0.247341 0.00212471 0.0197801 -0.428569 0.903292 1 
0.126777 0.24717 0.0019512 0.111829 -0.547529 0.829281 1 
0.126799 0.247198 0.00204451 0.105489 -0.541897 0.833798 1 
0.126773 0.247108 0.00207795 0.121391 -0.554305 0.823414 1 
0.126961 0.247045 0.00205159 0.114585 -0.535215 0.836908 1 
0.127749 0.247959 0.0024443 -0.217582 -0.259158 0.941008 1 
0.127553 0.247421 0.00233161 -0.106744 -0.341851 0.933672 1 
0.127741 0.247358 0.00230525 0.381697 -0.840361 0.384838 1 
0.127312 0.246828 0.00203234 0.0750775 -0.528376 0.845685 1 
0.127499 0.246765 0.00200595 0.173228 -0.490073 0.854296 1 
0.127618 0.24703 0.00221898 0.272237 -0.708452 0.651139 1 
0.127826 0.246726 0.00215302 0.144724 -0.492646 0.858111 1 
0.127627 0.24763 0.002358 -0.131964 -0.322427 0.937351 1 
0.123863 0.24685 0.00242861 0.225398 -0.766353 0.60158 1 
0.123741 0.246522 0.00234234 0.216096 -0.754005 0.620305 1 
0.124554 0.246432 0.00152999 0.139618 -0.644046 0.752138 1 
0.124318 0.246583 0.00175616 0.162879 -0.671306 0.723062 1 
0.124673 0.246698 0.00174305 0.156037 -0.649902 0.743828 1 
0.124126 0.24679 0.00216898 0.206314 -0.699607 0.684094 1 
0.124077 0.246877 0.00236879 0.223349 -0.713781 0.663801 1 
0.124741 0.246782 0.002023 0.165178 -0.625859 0.762245 1 
0.12441 0.246076 0.00135043 0.139504 -0.658519 0.739521 1 
0.124147 0.246136 0.00161004 0.139537 -0.661674 0.736694 1 
0.124333 0.245804 0.00145078 0.139642 -0.674187 0.725239 1 
0.124092 0.245892 0.0018037 0.136674 -0.671354 0.728426 1 
0.124743 0.246163 0.00124399 0.126503 -0.6474 0.751579 1 
0.124477 0.24616 0.00163037 0.132819 -0.640219 0.756623 1 
0.124316 0.245901 0.00110397 0.136748 -0.683739 0.716799 1 
0.124521 0.245535 0.00116475 0.146541 -0.702488 0.696445 1 
0.124384 0.245986 0.00138389 0.143043 -0.657999 0.739308 1 
0.124307 0.245714 0.00148423 0.117368 -0.664095 0.738378 1 
0.124314 0.24652 0.00188296 0.169193 -0.675246 0.717925 1 
0.124263 0.246339 0.00194985 0.172906 -0.677853 0.714576 1 
0.1241 0.246699 0.00220245 0.213595 -0.703148 0.678203 1 
0.124051 0.246787 0.00240225 0.219848 -0.718795 0.659545 1 
0.124145 0.246755 0.00238907 0.216499 -0.711797 0.668186 1 
0.124093 0.246574 0.00245596 0.199458 -0.709698 0.675682 1 
0.123904 0.246162 0.00208975 0.206064 -0.726648 0.655378 1 
0.123923 0.246127 0.00230986 0.205966 -0.732494 0.648869 1 
0.124237 0.246248 0.0019833 0.172548 -0.679502 0.713095 1 
0.12416 0.245977 0.00208364 0.390562 -0.8146 0.428821 1 
0.124023 0.246427 0.00230281 0.196373 -0.722095 0.663338 1 
0.125221 0.246195 0.00229777 0.148858 -0.614981 0.774364 1 
0.124449 0.246895 0.0027025 0.226876 -0.705664 0.671241 1 
0.124808 0.246866 0.00230291 0.16837 -0.62039 0.766008 1 
0.125161 0.246918 0.00241655 0.161711 -0.61813 0.769262 1 
0.1244 0.246776 0.00264263 0.206322 -0.696531 0.687223 1 
0.124233 0.245504 0.00145783 0.162569 -0.718647 0.676105 1 
0.124041 0.245711 0.00187062 0.12381 -0.672752 0.729436 1 
0.12435 0.245294 0.0012783 0.133271 -0.6993 0.702295 1 
0.12371 0.245893 0.00210996 0.241993 -0.785306 0.569854 1 
0.124014 0.245827 0.00216374 0.186301 -0.715948 0.672837 1 
0.125999 0.246444 0.00117819 0.129153 -0.613106 0.779372 1 
0.125922 0.246172 0.00127853 0.110292 -0.60734 0.786749 1 
0.126017 0.245728 0.000746027 0.0378621 -0.601587 0.797909 1 
0.126366 0.245717 0.000986397 0.0434474 -0.578832 0.814289 1 
0.126626 0.245595 0.000853553 0.029052 -0.563056 0.825908 1 
0.126204 0.246077 0.00123897 0.0881736 -0.582524 0.808017 1 
0.126485 0.245983 0.00119941 0.0754057 -0.553449 0.829462 1 
0.126144 0.2468 0.00135778 0.138665 -0.594919 0.791734 1 
0.125731 0.246854 0.00208391 0.152151 -0.616135 0.772805 1 
0.126425 0.246705 0.00131823 0.121931 -0.574397 0.809445 1 
0.126326 0.246405 0.00132525 0.109769 -0.581044 0.806436 1 
0.12642 0.246374 0.00131208 0.100265 -0.582699 0.806479 1 
0.126775 0.246695 0.00155862 0.0758113 -0.567869 0.81962 1 
0.126792 0.246391 0.00164579 0.0664317 -0.541348 0.83817 1 
0.126624 0.246007 0.00137287 0.0634216 -0.545426 0.835756 1 
0.125803 0.2457 0.000805855 0.0705678 -0.626469 0.776245 1 
0.125475 0.245535 0.00189908 0.116511 -0.603204 0.789032 1 
0.127022 0.246115 0.00167315 0.117147 -0.510528 0.851844 1 
0.128059 0.244943 0.000489429 -0.0123131 -0.565033 0.824976 1 
0.128007 0.244762 0.000556365 -0.012358 -0.572589 0.81975 1 
0.125799 0.246938 0.00236385 0.174367 -0.58375 0.79299 1 
0.126136 0.247088 0.00213066 0.177948 -0.59164 0.786318 1 
0.125887 0.246575 0.0023445 0.171226 -0.589441 0.789456 1 
0.126936 0.246748 0.00182538 0.0907375 -0.557388 0.825279 1 
0.127141 0.246381 0.00188619 0.13795 -0.489361 0.861101 1 
0.127957 0.244168 0.000103906 -0.121197 -0.547575 0.827933 1 
0.128265 0.244164 3.0905e-005 -0.0975104 -0.589428 0.801914 1 
0.128074 0.244164 0.000184059 -0.0705046 -0.620153 0.781306 1 
0.128366 0.244939 0.000416443 -0.269671 -0.572459 0.774318 1 
0.128888 0.244963 0.000283614 0.0992886 -0.539612 0.836039 1 
0.128292 0.244936 0.00064972 -0.407805 -0.57621 0.708292 1 
0.128529 0.244785 0.000423536 0.0349009 -0.58773 0.808304 1 
0.128263 0.244577 0.000550255 -0.00136155 -0.578659 0.815569 1 
0.130286 0.23364 -0.00361684 -0.0587678 -0.649312 0.758248 1 
0.129888 0.233532 -0.00391711 -0.192297 -0.64458 0.739959 1 
0.130099 0.233291 -0.00410984 -0.165672 -0.655089 0.737165 1 
0.130494 0.233336 -0.00368279 -0.0768078 -0.647794 0.757934 1 
0.129577 0.231698 -0.00554118 -0.196335 -0.660119 0.725049 1 
0.129787 0.232757 -0.00430262 -0.182604 -0.646019 0.741158 1 
0.129553 0.23297 -0.00420323 -0.162753 -0.658615 0.734668 1 
0.129341 0.23253 -0.00466274 -0.175654 -0.655266 0.734692 1 
0.129744 0.233176 -0.00409669 -0.169383 -0.657695 0.733994 1 
0.129974 0.2329 -0.00406934 -0.169251 -0.648032 0.742569 1 
0.130569 0.233133 -0.00417577 -0.0829995 -0.659628 0.746996 1 
0.130948 0.233069 -0.00435522 -0.0558529 -0.66021 0.749002 1 
0.130919 0.232916 -0.00419502 -0.0678091 -0.659335 0.748785 1 
0.130827 0.233423 -0.00378925 -0.0557706 -0.644937 0.762198 1 
0.131012 0.233297 -0.00368884 -0.0351912 -0.64048 0.767168 1 
0.131887 0.23296 -0.00422741 -0.0293076 -0.607086 0.794096 1 
0.131509 0.232817 -0.00430758 -0.0380107 -0.626473 0.778516 1 
0.131836 0.232779 -0.00416051 -0.0293076 -0.607086 0.794096 1 
0.133166 0.233269 -0.00419986 -0.0562506 -0.349277 0.93533 1 
0.133211 0.233119 -0.00427291 -0.0648006 -0.355742 0.932335 1 
0.132194 0.233163 -0.0040407 -0.00962816 -0.601072 0.799137 1 
0.132904 0.233123 -0.00419991 -0.0228706 -0.47221 0.881189 1 
0.132593 0.233064 -0.00400016 -0.012158 -0.509283 0.860513 1 
0.132801 0.23276 -0.00406609 -0.0228706 -0.47221 0.881189 1 
0.132092 0.232594 -0.00416662 -0.0292081 -0.588334 0.80809 1 
0.132117 0.232891 -0.00394036 -0.00962816 -0.601072 0.799137 1 
0.132448 0.232708 -0.00417972 -0.0204954 -0.528782 0.84851 1 
0.132636 0.232645 -0.00420608 -0.0258102 -0.495827 0.868038 1 
0.132859 0.233067 -0.00438651 -0.0443214 -0.431127 0.901202 1 
0.132989 0.232697 -0.00409245 -0.046996 -0.42565 0.903667 1 
0.133303 0.232819 -0.00441898 -0.104206 -0.299429 0.948411 1 
0.133468 0.232934 -0.004279 -0.106892 -0.251133 0.962032 1 
0.133507 0.232452 -0.00435819 -0.167944 -0.173072 0.970485 1 
0.133126 0.232247 -0.00431164 -0.121849 -0.306632 0.943997 1 
0.132963 0.232607 -0.004059 -0.046996 -0.42565 0.903667 1 
0.133226 0.232547 -0.00431862 -0.115384 -0.295754 0.94827 1 
0.133604 0.232689 -0.00423846 -0.206201 -0.0987263 0.973517 1 
0.133579 0.232392 -0.00446473 -0.226627 -0.0838894 0.970362 1 
0.130001 0.23169 -0.00553404 -0.192965 -0.662255 0.724004 1 
0.130777 0.231941 -0.00515363 -0.126567 -0.632837 0.763871 1 
0.130965 0.231878 -0.00517999 -0.119927 -0.632208 0.765461 1 
0.131221 0.231693 -0.0051861 -0.10102 -0.628083 0.771561 1 
0.129603 0.231582 -0.0058343 -0.162493 -0.666675 0.72742 1 
0.129908 0.231515 -0.00578053 -0.169169 -0.672104 0.720873 1 
0.130497 0.231417 -0.0058931 -0.185796 -0.661801 0.726292 1 
0.130395 0.231736 -0.00510702 -0.162671 -0.652205 0.740382 1 
0.13082 0.231522 -0.00535956 -0.165583 -0.648661 0.742846 1 
0.131503 0.231598 -0.00522563 -0.0914698 -0.608347 0.788383 1 
0.130707 0.232476 -0.00465454 -0.0919361 -0.646472 0.757379 1 
0.130847 0.232294 -0.00474079 -0.0919361 -0.646472 0.757379 1 
0.130425 0.23257 -0.00461498 -0.117312 -0.657839 0.743967 1 
0.130992 0.23265 -0.0045612 -0.0675821 -0.645625 0.760658 1 
0.130562 0.23212 -0.00483413 -0.120441 -0.652763 0.747927 1 
0.131177 0.232318 -0.00472046 -0.0616512 -0.635151 0.769924 1 
0.131359 0.231923 -0.00475298 -0.0733496 -0.605493 0.792463 1 
0.130307 0.232987 -0.0041758 -0.0648125 -0.661088 0.747504 1 
0.132418 0.231873 -0.00467177 -0.0828564 -0.487308 0.86929 1 
0.132085 0.231787 -0.00456531 -0.0608958 -0.565057 0.822802 1 
0.132367 0.231692 -0.00460486 -0.0828564 -0.487308 0.86929 1 
0.132655 0.231723 -0.00489794 -0.121552 -0.403775 0.906747 1 
0.133192 0.231649 -0.00468396 -0.179801 -0.225084 0.957606 1 
0.13197 0.232266 -0.00425288 -0.0377026 -0.579503 0.814097 1 
0.132348 0.232408 -0.00417273 -0.0259951 -0.526742 0.849628 1 
0.132585 0.232258 -0.00439888 -0.0480152 -0.47878 0.876621 1 
0.132252 0.232171 -0.00429243 -0.0431956 -0.544822 0.837438 1 
0.13187 0.231966 -0.00424583 -0.0552222 -0.581957 0.811342 1 
0.131043 0.234814 -0.0025446 -0.120461 -0.697482 0.706405 1 
0.130428 0.234615 -0.00265828 -0.474264 -0.56476 0.675366 1 
0.13071 0.234521 -0.00269781 -0.0921696 -0.680299 0.727116 1 
0.130613 0.233602 -0.00346978 -0.0707529 -0.648328 0.758067 1 
0.130242 0.234266 -0.00315122 -0.0769891 -0.678376 0.73067 1 
0.130139 0.233903 -0.00301743 -0.110819 -0.666394 0.737318 1 
0.130524 0.234171 -0.00319076 -0.0238596 -0.669472 0.742454 1 
0.130873 0.234161 -0.00295039 -0.0648685 -0.673191 0.736618 1 
0.130829 0.234992 -0.0022251 -0.15308 -0.68962 0.707807 1 
0.131011 0.234598 -0.00225763 -0.120711 -0.69595 0.707872 1 
0.130878 0.23381 -0.00359648 -0.0498811 -0.648454 0.759618 1 
0.133967 0.233611 -0.0038529 -0.156604 -0.151593 0.975958 1 
0.133731 0.233555 -0.00388642 -0.174001 -0.10983 0.978602 1 
0.133499 0.233356 -0.00430632 -0.0954484 -0.24053 0.965937 1 
0.133774 0.233136 -0.00409235 -0.174001 -0.10983 0.978602 1 
0.133586 0.233199 -0.00406601 -0.107479 -0.218752 0.969843 1 
0.134772 0.234015 -0.00363268 -0.299 0.01861 0.954072 1 
0.134796 0.233837 -0.00379905 -0.280022 0.0134508 0.959899 1 
0.134718 0.233771 -0.00343904 -0.218314 -0.0727713 0.973162 1 
0.135077 0.233948 -0.00357895 -0.346178 0.0535595 0.936639 1 
0.134984 0.233774 -0.00382541 -0.299 0.01861 0.954072 1 
0.134224 0.233426 -0.003859 -0.175815 -0.125938 0.976334 1 
0.134696 0.233537 -0.003792 -0.183271 -0.115947 0.976201 1 
0.134576 0.233478 -0.00374536 -0.183271 -0.115947 0.976201 1 
0.133749 0.233045 -0.0040589 -0.174001 -0.10983 0.978602 1 
0.134079 0.233069 -0.0040386 -0.174001 -0.10983 0.978602 1 
0.134428 0.233059 -0.00379819 -0.175815 -0.125938 0.976334 1 
0.13438 0.23294 -0.00385804 -0.19226 -0.100472 0.976187 1 
0.134762 0.233146 -0.00390464 -0.183271 -0.115947 0.976201 1 
0.13432 0.233663 -0.00373927 -0.156473 -0.126903 0.979496 1 
0.133979 0.232769 -0.00403152 -0.174001 -0.10983 0.978602 1 
0.11212 0.251403 -0.00114445 -0.0932845 -0.441361 0.892468 1 
0.112831 0.25095 -0.00182299 -0.224997 -0.383819 0.895578 1 
0.11278 0.250769 -0.00175612 -0.214976 -0.353485 0.910403 1 
0.111984 0.250142 -0.00137594 -0.154842 -0.347347 0.924864 1 
0.112609 0.249435 -0.00281413 -0.238698 -0.331284 0.912839 1 
0.112899 0.250828 -0.00180271 -0.222571 -0.359314 0.906287 1 
0.112896 0.250766 -0.00167593 -0.214976 -0.353485 0.910403 1 
0.112984 0.250403 -0.00169529 -0.256466 -0.341466 0.904227 1 
0.113156 0.250643 -0.00180882 -0.250312 -0.341068 0.9061 1 
0.11336 0.250276 -0.00174801 -0.260149 -0.339517 0.903908 1 
0.112938 0.250759 -0.00136256 -0.222571 -0.359314 0.906287 1 
0.112864 0.25055 -0.00138898 -0.276176 -0.359776 0.891228 1 
0.113119 0.250571 -0.00113542 -0.276176 -0.359776 0.891228 1 
0.113122 0.249745 -0.00217406 -0.28713 -0.343664 0.894121 1 
0.113026 0.249508 -0.00229378 -0.295876 -0.352949 0.887629 1 
0.112811 0.249687 -0.00197431 -0.266589 -0.337286 0.902867 1 
0.113068 0.249502 -0.00198042 -0.295876 -0.352949 0.887629 1 
0.113333 0.24971 -0.00210716 -0.295876 -0.352949 0.887629 1 
0.113285 0.249385 -0.00242667 -0.310212 -0.361662 0.879187 1 
0.113444 0.249169 -0.00229281 -0.433688 -0.398481 0.808163 1 
0.113702 0.249459 -0.00190634 -0.432754 -0.410231 0.802767 1 
0.113677 0.249368 -0.0018729 -0.44654 -0.411075 0.794745 1 
0.113027 0.25019 -0.00164157 -0.256466 -0.341466 0.904227 1 
0.113335 0.250186 -0.00171459 -0.260149 -0.339517 0.903908 1 
0.113282 0.250211 -0.00138797 -0.260149 -0.339517 0.903908 1 
0.112665 0.24995 -0.0013749 -0.221654 -0.324616 0.919507 1 
0.113203 0.24967 -0.00142053 -0.298613 -0.352634 0.886837 1 
0.113179 0.249848 -0.00125416 -0.294614 -0.348452 0.889823 1 
0.113523 0.250123 -0.00174095 -0.298613 -0.352634 0.886837 1 
0.113708 0.249791 -0.00190018 -0.399707 -0.390228 0.829431 1 
0.113964 0.249605 -0.00190631 -0.486051 -0.423862 0.764261 1 
0.113718 0.249568 -0.00129981 -0.479002 -0.433227 0.76346 1 
0.113955 0.249211 -0.00178567 -0.466794 -0.424506 0.775821 1 
0.113159 0.245921 -0.00414129 -0.375944 -0.194454 0.90601 1 
0.113886 0.246259 -0.003561 -0.155023 -0.393958 0.905961 1 
0.113508 0.24591 -0.00390092 -0.411829 -0.230446 0.881641 1 
0.113815 0.246113 -0.00371422 -0.283197 -0.395265 0.873822 1 
0.11409 0.245893 -0.00350022 -0.247325 -0.412208 0.876878 1 
0.113997 0.245718 -0.00374676 -0.389946 -0.368021 0.844099 1 
0.113875 0.24539 -0.00383303 -0.41164 -0.373788 0.831165 1 
0.113898 0.244801 -0.00301868 -0.392462 -0.33972 0.85473 1 
0.112881 0.249152 -0.00247335 -0.30502 -0.344086 0.888013 1 
0.113479 0.248356 -0.00237815 -0.44064 -0.44064 0.782095 1 
0.112353 0.249209 -0.00182739 -0.269769 -0.340528 0.900703 1 
0.113153 0.24887 -0.00213265 -0.40969 -0.384381 0.827288 1 
0.113341 0.248806 -0.00215901 -0.444851 -0.399884 0.801374 1 
0.113623 0.248712 -0.00219856 -0.451968 -0.416329 0.78892 1 
0.113464 0.249134 -0.00207275 -0.433688 -0.398481 0.808163 1 
0.113768 0.249068 -0.00201899 -0.471045 -0.428667 0.770948 1 
0.113813 0.249124 -0.00183235 -0.466794 -0.424506 0.775821 1 
0.11329 0.248625 -0.00209212 -0.444851 -0.399884 0.801374 1 
0.113495 0.248259 -0.00203131 -0.459335 -0.442989 0.769917 1 
0.113717 0.24868 -0.00221175 -0.472079 -0.436142 0.766108 1 
0.11395 0.248673 -0.00205149 -0.474747 -0.448463 0.757295 1 
0.114018 0.248757 -0.00177157 -0.474747 -0.448463 0.757295 1 
0.114232 0.248579 -0.00209104 -0.485658 -0.456025 0.745773 1 
0.114582 0.248568 -0.00185066 -0.480445 -0.473841 0.738003 1 
0.113666 0.248499 -0.00214484 -0.470533 -0.444301 0.762362 1 
0.113828 0.248345 -0.00213777 -0.474747 -0.448463 0.757295 1 
0.113993 0.24846 -0.00199777 -0.486386 -0.453411 0.746891 1 
0.113754 0.248136 -0.00216419 -0.468237 -0.455093 0.757393 1 
0.113848 0.248104 -0.00217736 -0.467536 -0.457693 0.756259 1 
0.114155 0.248307 -0.00199069 -0.487858 -0.474628 0.732614 1 
0.114249 0.248275 -0.00200388 -0.484911 -0.471671 0.736469 1 
0.114222 0.248391 -0.00171076 -0.485332 -0.475393 0.733795 1 
0.114796 0.248389 -0.00217012 -0.477951 -0.484566 0.732638 1 
0.114437 0.248212 -0.00203024 -0.474239 -0.484153 0.735318 1 
0.114786 0.248201 -0.00178985 -0.473841 -0.480445 0.738003 1 
0.114813 0.248086 -0.00208299 -0.469715 -0.476307 0.743303 1 
0.115023 0.248051 -0.00201602 -0.471274 -0.481196 0.739156 1 
0.113904 0.24903 -0.00171877 -0.466794 -0.424506 0.775821 1 
0.114162 0.249113 -0.00159198 -0.479515 -0.436964 0.761005 1 
0.114322 0.248691 -0.00171781 -0.482669 -0.453017 0.749537 1 
0.115185 0.248103 -0.00174928 -0.478716 -0.491968 0.727185 1 
0.114127 0.247947 -0.00209016 -0.465575 -0.472155 0.748539 1 
0.114454 0.247908 -0.00194307 -0.461849 -0.471711 0.751122 1 
0.114641 0.247845 -0.00196943 -0.457255 -0.46381 0.758814 1 
0.114878 0.247695 -0.00219564 -0.452825 -0.449556 0.769967 1 
0.114803 0.247898 -0.0017027 -0.476307 -0.469715 0.743303 1 
0.115168 0.24779 -0.00111544 -0.466723 -0.47332 0.747086 1 
0.115004 0.247675 -0.00125545 -0.466723 -0.47332 0.747086 1 
0.114235 0.246249 -0.00332066 -0.45589 -0.452622 0.766353 1 
0.113668 0.245077 -0.00304605 -0.41164 -0.373788 0.831165 1 
0.113913 0.24491 -0.0024122 -0.4023 -0.355339 0.843735 1 
0.114395 0.245826 -0.00344646 -0.403446 -0.416203 0.814866 1 
0.114228 0.245442 -0.0037194 -0.394933 -0.354347 0.847624 1 
0.114157 0.245295 -0.00387256 -0.394323 -0.350682 0.84943 1 
0.114532 0.245375 -0.0036656 -0.322619 -0.467405 0.823073 1 
0.115257 0.245239 -0.00347796 -0.348852 -0.443563 0.825563 1 
0.115013 0.244583 -0.00365053 -0.345998 -0.450272 0.823128 1 
0.115038 0.24488 -0.0034243 -0.34649 -0.447747 0.824298 1 
0.115201 0.244519 -0.00367689 -0.345998 -0.450272 0.823128 1 
0.116859 0.244559 -0.00408851 -0.0632226 -0.402203 0.913365 1 
0.116782 0.244287 -0.00398818 -0.218222 -0.520377 0.825583 1 
0.116566 0.24399 -0.00406125 -0.234684 -0.573499 0.784871 1 
0.114513 0.244793 -0.00316471 -0.321589 -0.450224 0.832994 1 
0.114868 0.244226 -0.00383009 -0.320361 -0.44538 0.836065 1 
0.115124 0.244247 -0.00357655 -0.342804 -0.447067 0.826206 1 
0.115551 0.244303 -0.00369617 -0.301271 -0.50948 0.806019 1 
0.115762 0.244268 -0.00362921 -0.251845 -0.508325 0.823517 1 
0.1155 0.244121 -0.00362927 -0.273378 -0.507702 0.817009 1 
0.11571 0.244086 -0.00356229 -0.251845 -0.508325 0.823517 1 
0.115901 0.244292 -0.00345577 -0.238615 -0.50956 0.826687 1 
0.115992 0.243992 -0.00360186 -0.229819 -0.535217 0.812851 1 
0.117483 0.24344 -0.00454608 -0.332647 -0.728578 0.598765 1 
0.115321 0.247859 -0.00170873 -0.463818 -0.480324 0.74442 1 
0.115205 0.247656 -0.00204855 -0.444692 -0.451208 0.773732 1 
0.115718 0.247286 -0.00206074 -0.41102 -0.469506 0.781426 1 
0.115367 0.247709 -0.00178181 -0.446058 -0.462397 0.766304 1 
0.115359 0.247108 -0.00192082 -0.394344 -0.452288 0.799955 1 
0.115547 0.246839 -0.00220688 -0.65072 -0.485938 0.583462 1 
0.115641 0.246807 -0.00222005 -0.317162 -0.442151 0.838994 1 
0.115945 0.246947 -0.00190665 -0.384273 -0.46788 0.795879 1 
0.116272 0.246908 -0.00175956 -0.43307 -0.469022 0.76972 1 
0.115571 0.247548 -0.00146133 -0.439879 -0.472584 0.763656 1 
0.115859 0.247579 -0.00175439 -0.433227 -0.479002 0.76346 1 
0.115502 0.247877 -0.00122188 -0.469715 -0.476307 0.743303 1 
0.115757 0.247898 -0.000968337 -0.463082 -0.482858 0.743238 1 
0.116135 0.247359 -0.00154044 -0.409557 -0.464597 0.78512 1 
0.116296 0.247412 -0.00127363 -0.440652 -0.506668 0.741022 1 
0.116484 0.247349 -0.00130002 -0.436515 -0.512288 0.739605 1 
0.116461 0.246639 -0.00204557 -0.509852 -0.437251 0.740852 1 
0.116721 0.247198 -0.00152619 -0.515181 -0.49184 0.701913 1 
0.115028 0.246196 -0.00285302 -0.372949 -0.433255 0.820487 1 
0.114722 0.245788 -0.0032994 -0.212406 -0.429268 0.877846 1 
0.115026 0.245721 -0.00324565 -0.24363 -0.446403 0.861028 1 
0.114863 0.246081 -0.00299306 -0.377173 -0.431282 0.819595 1 
0.115472 0.245948 -0.00288554 -0.360762 -0.452939 0.81529 1 
0.115566 0.245916 -0.00289871 -0.340216 -0.463643 0.8181 1 
0.115353 0.245682 -0.00309858 -0.345653 -0.440353 0.828621 1 
0.11547 0.245679 -0.00301844 -0.447125 -0.434118 0.782062 1 
0.115797 0.24564 -0.00287135 -0.421933 -0.438099 0.793752 1 
0.115008 0.246437 -0.00281346 -0.373922 -0.434386 0.819446 1 
0.115451 0.246601 -0.00232658 -0.650015 -0.475334 0.592907 1 
0.115711 0.246272 -0.00271913 -0.365409 -0.454766 0.812197 1 
0.115639 0.246332 -0.00261267 -0.382713 -0.446765 0.808661 1 
0.11606 0.246262 -0.00247873 -0.386749 -0.457359 0.80078 1 
0.114933 0.245546 -0.00349213 -0.332101 -0.454869 0.826319 1 
0.114975 0.245333 -0.00343838 -0.348852 -0.443563 0.825563 1 
0.11549 0.245232 -0.0033177 -0.344012 -0.458154 0.819604 1 
0.114866 0.244845 -0.00305107 -0.344012 -0.458154 0.819604 1 
0.115078 0.245286 -0.00259154 -0.378009 -0.444998 0.811841 1 
0.115685 0.244677 -0.00287661 -0.323094 -0.46494 0.824283 1 
0.115334 0.2451 -0.00259764 -0.334165 -0.440847 0.833059 1 
0.116366 0.245783 -0.00294434 -0.326013 -0.458308 0.826843 1 
0.116126 0.245871 -0.00259139 -0.345023 -0.4754 0.809293 1 
0.115718 0.244687 -0.00342326 -0.289992 -0.49377 0.819815 1 
0.116026 0.244683 -0.00349624 -0.26145 -0.4966 0.827667 1 
0.116411 0.244541 -0.00268896 -0.193574 -0.493687 0.847822 1 
0.116802 0.244934 -0.00311582 -0.109058 -0.463144 0.879548 1 
0.116821 0.244899 -0.00289573 -0.213053 -0.491081 0.844659 1 
0.116468 0.245053 -0.00274971 -0.205992 -0.48566 0.84953 1 
0.116578 0.244925 -0.00241607 -0.162045 -0.462777 0.871538 1 
0.116932 0.244564 -0.00282179 -0.186754 -0.497512 0.847115 1 
0.116082 0.246496 -0.00212575 -0.475285 -0.43282 0.76601 1 
0.116221 0.246521 -0.00195229 -0.475285 -0.43282 0.76601 1 
0.115443 0.245384 -0.00174466 -0.332868 -0.462229 0.821915 1 
0.116116 0.248075 -0.00110823 -0.476472 -0.540002 0.69381 1 
0.115902 0.248254 -0.000788763 -0.482222 -0.53228 0.695802 1 
0.116277 0.248334 -0.000581801 -0.487644 -0.561377 0.668625 1 
0.116156 0.2478 -0.000927731 -0.473167 -0.49973 0.725522 1 
0.114746 0.244786 -0.00300443 -0.348097 -0.46254 0.815405 1 
0.115093 0.244507 -0.00289699 -0.335376 -0.451891 0.82663 1 
0.11531 0.244597 -0.00308354 -0.331711 -0.451189 0.82849 1 
0.11542 0.244468 -0.00274989 -0.331711 -0.451189 0.82849 1 
0.116288 0.244212 -0.00277521 -0.20729 -0.506876 0.836724 1 
0.117012 0.244488 -0.00206824 -0.173479 -0.487818 0.855534 1 
0.117298 0.243362 -0.00340614 -0.183864 -0.291694 0.938674 1 
0.117437 0.243387 -0.00323269 -0.203145 -0.301215 0.931666 1 
0.112621 0.240732 -0.00845356 -0.754281 -0.542496 0.369809 1 
0.115295 0.239636 -0.00876901 0.260713 -0.938288 0.227253 1 
0.116041 0.239052 -0.0088806 -0.043666 -0.919632 -0.390347 1 
0.111708 0.243324 -0.00751205 -0.236737 -0.198859 0.951005 1 
0.111512 0.24258 -0.00788437 -0.0539034 -0.269517 0.961486 1 
0.111374 0.243237 -0.00740558 -0.236737 -0.198859 0.951005 1 
0.111656 0.243143 -0.00744513 -0.118689 -0.218234 0.968652 1 
0.111598 0.242836 -0.00712468 -0.391367 -0.231867 0.890545 1 
0.111547 0.242655 -0.00705782 -0.346732 -0.304704 0.887092 1 
0.111912 0.242957 -0.00745125 -0.346732 -0.304704 0.887092 1 
0.112117 0.242591 -0.00739042 -0.716703 -0.378852 0.585499 1 
0.11188 0.242742 -0.00716424 -0.716703 -0.378852 0.585499 1 
0.111829 0.24256 -0.00709733 -0.716703 -0.378852 0.585499 1 
0.112111 0.242466 -0.0071369 -0.828458 -0.397597 0.394429 1 
0.110831 0.241681 -0.00755702 -0.346732 -0.304704 0.887092 1 
0.111947 0.241938 -0.00779624 -0.796267 -0.347666 0.495063 1 
0.111776 0.241697 -0.00768268 -0.827714 -0.348428 0.439871 1 
0.11175 0.241607 -0.00764924 -0.814838 -0.321188 0.482574 1 
0.111919 0.242466 -0.00698376 -0.816879 -0.179683 0.548109 1 
0.111751 0.242288 -0.00699697 -0.105918 0.549905 0.828484 1 
0.112033 0.242194 -0.00703654 0.0123663 0.575722 0.817552 1 
0.112322 0.242224 -0.0073296 0.0123663 0.575722 0.817552 1 
0.112312 0.242036 -0.00694929 0.0679132 0.726816 0.683467 1 
0.111911 0.241866 -0.00712283 0.0380608 0.62166 0.782362 1 
0.112193 0.241771 -0.00716238 -0.0489487 0.552421 0.832127 1 
0.111042 0.24144 -0.00774974 -0.346732 -0.304704 0.887092 1 
0.111229 0.241583 -0.00751643 -0.557043 -0.28725 0.779225 1 
0.111673 0.241335 -0.00754887 -0.840695 -0.539551 0.0460082 1 
0.111929 0.241149 -0.00755498 -0.831621 -0.484725 0.271012 1 
0.111485 0.241604 -0.00726286 0.0123663 0.575722 0.817552 1 
0.112629 0.24222 -0.00740261 0.0405077 0.562918 0.82552 1 
0.112853 0.240931 -0.00803366 -0.777766 -0.54779 0.308232 1 
0.112579 0.241833 -0.0075954 -0.78336 -0.603622 0.148284 1 
0.112604 0.24213 -0.00736916 -0.804617 -0.496736 0.325338 1 
0.112526 0.241858 -0.0072688 -0.815545 -0.517288 0.259421 1 
0.112761 0.241438 -0.00762789 -0.789304 -0.532026 0.30651 1 
0.112569 0.241645 -0.00721511 -0.790572 -0.592554 0.154514 1 
0.112449 0.241586 -0.00716846 -0.805792 -0.542866 0.236634 1 
0.112492 0.241373 -0.00711475 -0.795989 -0.565044 0.217088 1 
0.112215 0.240911 -0.00798096 -0.788934 -0.524362 0.320355 1 
0.112616 0.241082 -0.00780749 -0.808637 -0.53547 0.243677 1 
0.112398 0.241404 -0.00710158 -0.815884 -0.521732 0.249255 1 
0.114332 0.240129 -0.00847082 -0.709301 -0.648732 0.275751 1 
0.112702 0.240927 -0.00606714 -0.751067 -0.601806 0.271527 1 
0.113097 0.240973 -0.00564009 -0.726277 -0.634102 0.265401 1 
0.114497 0.240516 -0.00669789 -0.559893 -0.742716 0.367277 1 
0.114795 0.240324 -0.00639063 -0.32898 -0.870651 0.365704 1 
0.114811 0.240433 -0.00578411 -0.268872 -0.846564 0.459388 1 
0.117148 0.241513 -0.00763668 0.939626 -0.31592 -0.13152 1 
0.118033 0.243413 -0.00359878 -0.220141 -0.212038 0.952144 1 
0.118366 0.2435 -0.00370522 -0.123761 -0.0465521 0.99122 1 
0.117985 0.243295 -0.00365862 -0.278369 -0.304603 0.910894 1 
0.116261 0.24016 -0.00540878 -0.140722 -0.868993 0.474392 1 
0.116092 0.240395 -0.00490269 -0.137686 -0.868146 0.476828 1 
0.116919 0.239939 -0.00550108 -0.0682402 -0.921912 0.381342 1 
0.116276 0.240475 -0.00454257 -0.107883 -0.852996 0.510647 1 
0.117339 0.240075 -0.00510752 -0.00967742 -0.772811 0.634562 1 
0.117816 0.240043 -0.00542696 0.0555664 -0.785054 0.61693 1 
0.118285 0.240091 -0.00523321 0.101249 -0.770372 0.629504 1 
0.118236 0.239973 -0.00529306 0.0919745 -0.769374 0.632142 1 
0.118185 0.239791 -0.00522618 0.0826644 -0.764283 0.639561 1 
0.11755 0.24004 -0.00504059 0.0293227 -0.791712 0.610191 1 
0.118498 0.240119 -0.00529303 0.11403 -0.753781 0.647156 1 
0.118542 0.240588 -0.00458705 0.129444 -0.766251 0.629367 1 
0.118702 0.240165 -0.00471288 0.123123 -0.763955 0.633415 1 
0.118702 0.240165 -0.00471288 0.123123 -0.763955 0.633415 1 
0.118227 0.239785 -0.00491279 0.0858615 -0.766933 0.635957 1 
0.118541 0.239906 -0.00523931 0.111083 -0.733145 0.670939 1 
0.118557 0.239809 -0.00489245 0.113877 -0.746856 0.655163 1 
0.118557 0.239809 -0.00489245 0.113877 -0.746856 0.655163 1 
0.118812 0.23983 -0.0046389 0.142968 -0.744939 0.651633 1 
0.11676 0.240633 -0.00374234 -0.00690543 -0.766502 0.642205 1 
0.117113 0.240685 -0.00362873 0.0153054 -0.752747 0.658132 1 
0.117395 0.240591 -0.00366829 0.015365 -0.724949 0.688631 1 
0.119292 0.240748 -0.00417317 0.257596 -0.734859 0.627396 1 
0.11853 0.241019 -0.0034278 0.392527 -0.786669 0.476524 1 
0.118941 0.241377 -0.00363457 0.192658 -0.673534 0.713607 1 
0.119649 0.241544 -0.00353406 -0.0611465 -0.584447 0.809125 1 
0.11875 0.241172 -0.00374112 0.269408 -0.699823 0.661564 1 
0.118818 0.241049 -0.00372085 0.040684 -0.593426 0.80386 1 
0.119104 0.241017 -0.00388716 0.0466197 -0.611707 0.78971 1 
0.117735 0.240802 -0.00402825 0.00682554 -0.56379 0.82589 1 
0.117874 0.240621 -0.00411449 0.0648007 -0.709927 0.701287 1 
0.119173 0.240482 -0.00438625 0.169251 -0.742569 0.648032 1 
0.118557 0.240697 -0.00398053 0.240399 -0.746336 0.620637 1 
0.118914 0.240605 -0.00425337 0.178702 -0.749938 0.636913 1 
0.118384 0.239981 -0.00425959 0.113913 -0.761885 0.637617 1 
0.118061 0.24097 -0.00362149 -0.137946 -0.425216 0.894518 1 
0.118459 0.240872 -0.00358093 0.37683 -0.800162 0.466627 1 
0.118244 0.241257 -0.00300176 0.168917 -0.649796 0.741102 1 
0.119825 0.239452 -0.00637724 0.384944 -0.561855 0.732213 1 
0.120081 0.239267 -0.00638333 0.392412 -0.550033 0.737209 1 
0.119392 0.239066 -0.00626375 0.288984 -0.608304 0.739225 1 
0.120607 0.239147 -0.00690258 0.544006 -0.399376 0.737941 1 
0.120392 0.239326 -0.00658309 0.416094 -0.521351 0.745022 1 
0.120821 0.238968 -0.0072221 0.479679 -0.430565 0.76454 1 
0.120341 0.239144 -0.00651617 0.421249 -0.506482 0.752347 1 
0.121063 0.240243 -0.00627053 0.985511 0.164058 0.0430507 1 
0.120641 0.241204 -0.0039925 0.0891277 -0.696949 0.71156 1 
0.120758 0.2412 -0.00391234 0.11119 -0.701238 0.704203 1 
0.120355 0.240077 -0.00637099 0.867461 0.00938521 0.497416 1 
0.1202 0.239533 -0.00617027 0.389797 -0.567426 0.725318 1 
0.120037 0.239893 -0.00591771 0.0831237 -0.72478 0.683948 1 
0.120172 0.240267 -0.00509818 0.15271 -0.718192 0.678881 1 
0.119936 0.240212 -0.00513165 0.165933 -0.707879 0.686567 1 
0.120243 0.240208 -0.00520463 0.133247 -0.714146 0.687197 1 
0.11908 0.239213 -0.00580429 0.237496 -0.646429 0.72507 1 
0.119799 0.239568 -0.00608408 0.353151 -0.584245 0.730713 1 
0.119506 0.239888 -0.00514491 0.237816 -0.672499 0.700848 1 
0.119172 0.240007 -0.00477882 0.213053 -0.713805 0.667151 1 
0.119029 0.240126 -0.00456582 0.188714 -0.750252 0.633648 1 
0.118839 0.239714 -0.00493202 0.142915 -0.720592 0.67847 1 
0.119027 0.239651 -0.00495838 0.206322 -0.687223 0.696531 1 
0.119432 0.239678 -0.00517133 0.248196 -0.65922 0.709808 1 
0.121297 0.24003 -0.0063699 0.916423 0.332329 -0.222992 1 
0.120009 0.240627 -0.00484557 0.189274 -0.743247 0.641685 1 
0.11958 0.240985 -0.0042066 -0.0181677 -0.66382 0.747671 1 
0.120147 0.240858 -0.00441244 0.268892 -0.727122 0.631657 1 
0.119435 0.240629 -0.00438619 0.202637 -0.728566 0.654317 1 
0.120478 0.240676 -0.00465183 0.268306 -0.744588 0.611229 1 
0.120384 0.240707 -0.00463863 0.268306 -0.744588 0.611229 1 
0.119955 0.241065 -0.00399965 0.0470235 -0.668303 0.742401 1 
0.119316 0.240363 -0.00459921 0.185621 -0.73788 0.648905 1 
0.118223 0.243825 -0.00323258 -0.0256433 0.257654 0.965897 1 
0.113574 0.239162 -0.00928341 -0.588354 -0.734227 -0.338749 1 
0.113068 0.239248 -0.00854409 -0.755514 -0.626261 0.192341 1 
0.113084 0.239151 -0.00819725 -0.743465 -0.63836 0.199391 1 
0.113793 0.239111 -0.00835641 -0.658339 -0.737037 0.152856 1 
0.11346 0.239024 -0.00824998 -0.650991 -0.746769 0.136184 1 
0.113123 0.238875 -0.00801675 -0.746274 -0.650174 0.142648 1 
0.11307 0.239994 -0.0065186 -0.722984 -0.613 0.318631 1 
0.113927 0.239486 -0.00753689 -0.621776 -0.724602 0.297231 1 
0.113861 0.239195 -0.0080765 -0.607468 -0.752629 0.254032 1 
0.113834 0.239311 -0.00778337 -0.601942 -0.745642 0.285803 1 
0.114204 0.23906 -0.00758258 -0.377719 -0.870129 0.31655 1 
0.113858 0.239814 -0.00729747 -0.702312 -0.657721 0.272325 1 
0.113636 0.239393 -0.00711706 -0.641178 -0.717546 0.272063 1 
0.113781 0.239542 -0.00719714 -0.65554 -0.697213 0.290105 1 
0.113755 0.239658 -0.00690401 -0.631129 -0.717849 0.293885 1 
0.113797 0.239445 -0.00685032 -0.571421 -0.760294 0.308919 1 
0.114039 0.238944 -0.00772257 -0.419441 -0.852811 0.311098 1 
0.114059 0.238703 -0.00776216 -0.295884 -0.905318 0.304717 1 
0.114366 0.238906 -0.00757548 -0.175838 -0.924202 0.339015 1 
0.114289 0.238634 -0.00747514 -0.021497 -0.944602 0.327513 1 
0.113559 0.239121 -0.00701669 -0.608304 -0.739225 0.288984 1 
0.114069 0.239163 -0.00650953 -0.320148 -0.868534 0.378356 1 
0.113164 0.240169 -0.00627212 -0.715906 -0.612011 0.336038 1 
0.113111 0.240194 -0.00594555 -0.706984 -0.605283 0.365795 1 
0.112899 0.240848 -0.00523347 -0.721269 -0.658956 0.213421 1 
0.112921 0.240876 -0.00514017 -0.715705 -0.669331 0.199408 1 
0.113376 0.240609 -0.00581262 -0.67438 -0.654786 0.341272 1 
0.113699 0.240715 -0.00527908 -0.499506 -0.799529 0.333536 1 
0.113224 0.240334 -0.00547895 -0.586127 -0.749921 0.306713 1 
0.113409 0.240002 -0.00563827 -0.586775 -0.711691 0.386253 1 
0.113548 0.240027 -0.00546481 -0.437569 -0.79602 0.418193 1 
0.11369 0.24032 -0.00515847 -0.330684 -0.852325 0.405204 1 
0.113237 0.240175 -0.00500539 -0.384922 -0.837402 0.388064 1 
0.113967 0.240098 -0.00644447 -0.582306 -0.710974 0.394253 1 
0.113771 0.239561 -0.00655717 -0.56719 -0.742711 0.355916 1 
0.113932 0.239613 -0.00629042 -0.470303 -0.790304 0.392728 1 
0.114282 0.239603 -0.00605005 -0.297487 -0.852386 0.430046 1 
0.113891 0.240508 -0.00569184 -0.552388 -0.73925 0.385197 1 
0.114173 0.240413 -0.00573143 -0.421444 -0.796062 0.434362 1 
0.114267 0.240382 -0.00574459 -0.421444 -0.796062 0.434362 1 
0.114478 0.24014 -0.00593734 -0.301086 -0.853848 0.424608 1 
0.11417 0.240351 -0.00560465 -0.399987 -0.804794 0.43854 1 
0.113904 0.240348 -0.0052183 -0.3275 -0.85212 0.40821 1 
0.114451 0.240256 -0.00564422 -0.279886 -0.839657 0.465445 1 
0.113759 0.239992 -0.00539786 -0.351679 -0.827945 0.436839 1 
0.11416 0.240163 -0.00522438 -0.296177 -0.845114 0.445041 1 
0.114419 0.24004 -0.00535724 -0.282468 -0.844318 0.455345 1 
0.114786 0.240136 -0.00601034 -0.27999 -0.861389 0.42381 1 
0.114964 0.239885 -0.00565642 -0.269573 -0.84569 0.460585 1 
0.115202 0.24021 -0.00549002 -0.239849 -0.864362 0.441986 1 
0.114656 0.239889 -0.00558341 -0.286725 -0.838476 0.463409 1 
0.1151 0.239847 -0.00535622 -0.259549 -0.84622 0.465344 1 
0.114981 0.239582 -0.00556923 -0.259243 -0.848292 0.461729 1 
0.114139 0.239516 -0.00609671 -0.301086 -0.853848 0.424608 1 
0.114302 0.239156 -0.00634928 -0.283948 -0.873103 0.396313 1 
0.115706 0.239445 -0.00538161 -0.173878 -0.878157 0.445654 1 
0.116364 0.239224 -0.0054739 -0.123198 -0.890707 0.437565 1 
0.116286 0.238952 -0.00537354 -0.130078 -0.884818 0.447412 1 
0.117195 0.238625 -0.00645873 -0.0178796 -0.82659 0.562521 1 
0.113154 0.240869 -0.00497988 -0.549897 -0.784436 0.286834 1 
0.113077 0.240597 -0.00487953 -0.512143 -0.785072 0.348386 1 
0.113219 0.240685 -0.00483285 -0.448034 -0.838307 0.310657 1 
0.113552 0.240977 -0.00467968 -0.283928 -0.857924 0.428195 1 
0.113526 0.240887 -0.0046462 -0.283928 -0.857924 0.428195 1 
0.113834 0.240883 -0.00471921 -0.280721 -0.854436 0.437189 1 
0.113382 0.240531 -0.00482577 -0.382779 -0.836442 0.39223 1 
0.113708 0.240492 -0.00467871 -0.29181 -0.847639 0.443119 1 
0.114107 0.240394 -0.00463814 -0.280721 -0.854436 0.437189 1 
0.115144 0.24011 -0.00490992 -0.242815 -0.847563 0.471887 1 
0.115355 0.239868 -0.00510263 -0.23067 -0.863882 0.447771 1 
0.115422 0.239952 -0.0048227 -0.213053 -0.844659 0.491081 1 
0.115278 0.239596 -0.00500228 -0.227504 -0.863309 0.450488 1 
0.115717 0.240108 -0.00536932 -0.175397 -0.868143 0.464287 1 
0.116304 0.239947 -0.00535508 -0.125812 -0.894822 0.428327 1 
0.115619 0.240283 -0.0049697 -0.178496 -0.868876 0.461729 1 
0.115687 0.240368 -0.00468975 -0.169041 -0.891437 0.420435 1 
0.115594 0.240193 -0.00493623 -0.191797 -0.860857 0.471316 1 
0.115449 0.239837 -0.00511581 -0.228611 -0.855398 0.464792 1 
0.115892 0.239795 -0.00488861 -0.155369 -0.875585 0.457395 1 
0.115584 0.240005 -0.00455596 -0.202886 -0.852121 0.482418 1 
0.115465 0.23974 -0.00476898 -0.207182 -0.842337 0.497538 1 
0.11572 0.239761 -0.00451542 -0.171032 -0.875623 0.451699 1 
0.115986 0.239763 -0.00490178 -0.144443 -0.890972 0.43047 1 
0.116123 0.239519 -0.00486127 -0.1304 -0.881278 0.454252 1 
0.116841 0.239873 -0.00514108 -0.0782854 -0.838366 0.539458 1 
0.116313 0.239725 -0.00475472 -0.119808 -0.858863 0.497996 1 
0.115986 0.239969 -0.00464213 -0.146939 -0.865628 0.478641 1 
0.116407 0.239899 -0.00450826 -0.114171 -0.845444 0.521718 1 
0.116387 0.24014 -0.00446863 -0.114864 -0.836036 0.536517 1 
0.116054 0.239847 -0.00462186 -0.128834 -0.858412 0.496518 1 
0.116551 0.240255 -0.00432864 -0.0761184 -0.805706 0.587404 1 
0.116856 0.240189 -0.00427489 -0.0380978 -0.763367 0.644841 1 
0.116756 0.239889 -0.00426784 -0.0555394 -0.78752 0.613781 1 
0.116517 0.239564 -0.00443427 -0.0905214 -0.831935 0.547439 1 
0.116916 0.239466 -0.00439368 -0.0293373 -0.789313 0.613289 1 
0.117035 0.239732 -0.00418064 -0.00970514 -0.766706 0.641925 1 
0.118277 0.239285 -0.00563192 0.0985939 -0.722532 0.684271 1 
0.117754 0.239674 -0.00497977 0.0438826 -0.779978 0.624266 1 
0.11815 0.239513 -0.00481243 0.0766996 -0.768443 0.635304 1 
0.118762 0.239442 -0.00483166 0.127104 -0.710286 0.692342 1 
0.118547 0.239621 -0.00451218 0.120018 -0.760112 0.638612 1 
0.117273 0.240262 -0.00375454 0.0125263 -0.750185 0.661109 1 
0.118897 0.239611 -0.00427181 0.162753 -0.734668 0.658615 1 
0.11903 0.238826 -0.00599708 0.236594 -0.628305 0.741118 1 
0.119247 0.23871 -0.00644332 0.337637 -0.554112 0.760895 1 
0.118627 0.239274 -0.00539155 0.13677 -0.710904 0.689862 1 
0.118909 0.239179 -0.00543112 0.199458 -0.675682 0.709698 1 
0.113905 0.248348 -0.013731 -0.295041 -0.512772 0.806235 1 
0.11417 0.248556 -0.0138578 -0.295041 -0.512772 0.806235 1 
0.114263 0.248731 -0.0136113 -0.310547 -0.483948 0.818141 1 
0.11416 0.248369 -0.0134775 -0.266216 -0.505966 0.820443 1 
0.114587 0.24863 -0.0133374 -0.310547 -0.483948 0.818141 1 
0.11461 0.248452 -0.0135038 -0.384675 -0.471589 0.793492 1 
0.114559 0.24827 -0.0134369 -0.314526 -0.488385 0.813974 1 
0.115074 0.248169 -0.0133161 -0.486143 -0.482825 0.728385 1 
0.114808 0.246594 -0.015994 -0.171243 -0.873776 0.455183 1 
0.115577 0.246038 -0.0160123 -0.293882 -0.881645 0.369236 1 
0.115329 0.24532 -0.016058 -0.293517 -0.936194 0.19336 1 
0.113568 0.246422 -0.0153217 0.0887826 -0.638944 0.764113 1 
0.11349 0.24615 -0.0152213 -0.0708377 -0.926236 0.370227 1 
0.113703 0.246591 -0.0147618 -0.633299 -0.538726 0.555614 1 
0.113755 0.246566 -0.0150883 -0.258029 -0.647448 0.7171 1 
0.113678 0.246294 -0.014988 -0.199752 -0.661194 0.723133 1 
0.113797 0.246559 -0.014775 -0.633299 -0.538726 0.555614 1 
0.113862 0.246168 -0.0148876 -0.199752 -0.661194 0.723133 1 
0.114215 0.24622 -0.014774 -0.30466 -0.630276 0.714097 1 
0.114127 0.246583 -0.0147547 -0.296327 -0.613477 0.732008 1 
0.115359 0.246155 -0.015566 -0.301271 -0.806019 0.50948 1 
0.114736 0.24645 -0.0146471 -0.303458 -0.611732 0.730546 1 
0.115204 0.246705 -0.0141937 -0.405868 -0.631166 0.660985 1 
0.115274 0.24617 -0.0146928 -0.388365 -0.67592 0.626342 1 
0.115494 0.246323 -0.0150061 -0.361977 -0.712488 0.601111 1 
0.11676 0.246175 -0.0147312 -0.436799 -0.811198 0.388799 1 
0.116335 0.245295 -0.0156502 -0.366859 -0.875286 0.315103 1 
0.116579 0.245747 -0.0142374 -0.485535 -0.796406 0.360546 1 
0.116982 0.245299 -0.0148429 -0.480024 -0.77292 0.414936 1 
0.116502 0.245475 -0.014137 -0.491229 -0.787576 0.372045 1 
0.114229 0.248246 -0.0134572 -0.314526 -0.488385 0.813974 1 
0.114741 0.247876 -0.0134694 -0.429489 -0.47848 0.765895 1 
0.115048 0.248078 -0.0132827 -0.486143 -0.482825 0.728385 1 
0.115045 0.247809 -0.0134156 -0.464966 -0.458394 0.757418 1 
0.115211 0.247718 -0.0135353 -0.427944 -0.543604 0.722052 1 
0.115652 0.247201 -0.0137007 -0.471103 -0.63205 0.615284 1 
0.116695 0.245743 -0.0141572 -0.491229 -0.787576 0.372045 1 
0.117404 0.24591 -0.0140568 -0.453332 -0.849805 0.268926 1 
0.117356 0.245792 -0.0141166 -0.454955 -0.850169 0.265008 1 
0.117654 0.2456 -0.0138093 -0.434829 -0.868154 0.239231 1 
0.116857 0.246684 -0.0129786 -0.587453 -0.739576 0.328521 1 
0.116703 0.24614 -0.0127779 -0.594618 -0.730716 0.335384 1 
0.117798 0.245956 -0.0136298 -0.375959 -0.894931 0.240319 1 
0.118308 0.245523 -0.0135152 -0.308905 -0.874977 0.372816 1 
0.118191 0.245526 -0.0135953 -0.331856 -0.887452 0.319843 1 
0.11819 0.245939 -0.013076 -0.318149 -0.907532 0.274166 1 
0.11711 0.246436 -0.0128579 -0.525741 -0.80509 0.274641 1 
0.11712 0.246214 -0.0122575 -0.558931 -0.797367 0.227598 1 
0.117334 0.246035 -0.012577 -0.518146 -0.826893 0.218569 1 
0.116618 0.245471 -0.0140569 -0.468722 -0.811923 0.347967 1 
0.118163 0.245167 -0.0136948 -0.351177 -0.847508 0.398001 1 
0.118205 0.24516 -0.0133814 -0.346693 -0.861339 0.371347 1 
0.118293 0.244797 -0.0134007 -0.339353 -0.842909 0.417545 1 
0.118351 0.244487 -0.0130002 -0.31832 -0.83265 0.453175 1 
0.117632 0.245843 -0.0122698 -0.473891 -0.860135 0.188665 1 
0.118124 0.245713 -0.0122423 -0.308204 -0.903966 0.296406 1 
0.117888 0.245658 -0.0122758 -0.342992 -0.906374 0.246662 1 
0.117671 0.245774 -0.0118296 -0.503775 -0.831459 0.234279 1 
0.118049 0.245917 -0.0117494 -0.471378 -0.872121 0.131179 1 
0.118227 0.245666 -0.0113955 -0.457395 -0.875585 0.155369 1 
0.118558 0.245483 -0.0116349 -0.217494 -0.838038 0.500389 1 
0.11979 0.249154 -0.00253272 -0.491697 -0.501698 0.711711 1 
0.120305 0.249052 -0.00241201 -0.514081 -0.507383 0.691581 1 
0.120275 0.24733 -0.00381595 -0.30326 -0.482388 0.821788 1 
0.119384 0.248445 -0.00297202 -0.503407 -0.510097 0.697411 1 
0.119307 0.248173 -0.00287168 -0.571658 -0.45166 0.68499 1 
0.119638 0.247991 -0.00311105 -0.386749 -0.457359 0.80078 1 
0.12016 0.248696 -0.00259157 -0.517412 -0.504017 0.691558 1 
0.120277 0.248693 -0.00251146 -0.517412 -0.504017 0.691558 1 
0.120225 0.248511 -0.00244457 -0.50285 -0.516215 0.693299 1 
0.119989 0.247568 -0.00338998 -0.387316 -0.454815 0.801953 1 
0.119493 0.247841 -0.00303097 -0.411075 -0.44654 0.794745 1 
0.120606 0.248035 -0.00314341 -0.531373 -0.435362 0.726707 1 
0.121649 0.247876 -0.00366873 -0.616589 -0.472102 0.63003 1 
0.120605 0.248241 -0.00288373 -0.46867 -0.501791 0.727018 1 
0.120789 0.248322 -0.00252368 -0.476472 -0.540002 0.69381 1 
0.120086 0.247599 -0.00352995 -0.403613 -0.445421 0.799185 1 
0.120313 0.24726 -0.00337581 -0.317859 -0.485485 0.814414 1 
0.120501 0.247197 -0.00340216 -0.199413 -0.540394 0.817441 1 
0.120665 0.247519 -0.00300254 -0.366858 -0.475794 0.799397 1 
0.121457 0.246785 -0.00318718 -0.11387 -0.634419 0.764556 1 
0.121408 0.246872 -0.00298737 -0.210614 -0.573424 0.791724 1 
0.121063 0.247627 -0.0027023 -0.603804 -0.420833 0.676993 1 
0.120963 0.247327 -0.00269523 -0.490565 -0.45753 0.741628 1 
0.121576 0.24705 -0.00297414 -0.526955 -0.437752 0.728486 1 
0.121527 0.247138 -0.00277436 -0.610363 -0.427421 0.666909 1 
0.121269 0.247736 -0.0022489 -0.485742 -0.479111 0.7311 1 
0.121338 0.247407 -0.00248829 -0.631678 -0.425008 0.648345 1 
0.120527 0.24968 -0.00233279 -0.515537 -0.495516 0.699061 1 
0.120472 0.249436 -0.00213911 -0.516538 -0.506508 0.690389 1 
0.120611 0.249461 -0.00196567 -0.51674 -0.496673 0.697349 1 
0.12014 0.249143 -0.00229231 -0.519162 -0.525883 0.673735 1 
0.120373 0.249136 -0.00213209 -0.515881 -0.499186 0.696189 1 
0.120022 0.24956 -0.00185312 -0.500184 -0.428026 0.752735 1 
0.120182 0.249137 -0.00197895 -0.510737 -0.510737 0.691589 1 
0.120275 0.249312 -0.00173245 -0.512741 -0.459642 0.725139 1 
0.120489 0.249133 -0.00205195 -0.515881 -0.499186 0.696189 1 
0.120463 0.249042 -0.00201848 -0.515881 -0.499186 0.696189 1 
0.119952 0.250094 -0.00135405 -0.448326 -0.317109 0.83573 1 
0.120089 0.249644 -0.0015732 -0.50052 -0.377415 0.779126 1 
0.1203 0.249609 -0.00150622 -0.501183 -0.403232 0.76565 1 
0.12032 0.249368 -0.00154583 -0.515448 -0.433108 0.739413 1 
0.121112 0.249932 -0.00179918 -0.524519 -0.39053 0.756549 1 
0.120749 0.24901 -0.00218481 -0.514081 -0.507383 0.691581 1 
0.121193 0.248762 -0.00221729 -0.473023 -0.543224 0.693655 1 
0.121684 0.248838 -0.00193021 -0.464575 -0.52785 0.711016 1 
0.121035 0.24966 -0.00169884 -0.511966 -0.426364 0.745725 1 
0.121405 0.249202 -0.00175777 -0.514815 -0.488158 0.704746 1 
0.120344 0.248777 -0.00223151 -0.517412 -0.504017 0.691558 1 
0.120577 0.24877 -0.00207128 -0.517412 -0.504017 0.691558 1 
0.120626 0.248682 -0.00227107 -0.517412 -0.504017 0.691558 1 
0.120908 0.248588 -0.00231062 -0.473023 -0.543224 0.693655 1 
0.121183 0.248574 -0.00183699 -0.472263 -0.532339 0.702554 1 
0.121081 0.248005 -0.00196286 -0.476472 -0.540002 0.69381 1 
0.121087 0.248337 -0.00195672 -0.473023 -0.543224 0.693655 1 
0.121705 0.248391 -0.00222948 -0.473023 -0.543224 0.693655 1 
0.121815 0.248263 -0.0018958 -0.497603 -0.544515 0.675199 1 
0.1216 0.24776 -0.00222854 -0.487287 -0.49394 0.720121 1 
0.121625 0.248057 -0.00200234 -0.48248 -0.535904 0.692835 1 
0.121558 0.248654 -0.00163005 -0.50609 -0.499409 0.703181 1 
0.121507 0.248473 -0.00156316 -0.464575 -0.52785 0.711016 1 
0.121601 0.248441 -0.00157633 -0.459768 -0.526161 0.71538 1 
0.12178 0.247984 -0.00148207 -0.552085 -0.538579 0.636502 1 
0.120718 0.247765 -0.0016962 -0.514392 -0.511041 0.688649 1 
0.121045 0.247727 -0.00154911 -0.473023 -0.543224 0.693655 1 
0.120363 0.24765 -0.00168306 -0.525883 -0.519162 0.673735 1 
0.120574 0.247409 -0.00187576 -0.485742 -0.479111 0.7311 1 
0.121739 0.247578 -0.00231482 -0.76876 -0.442322 0.461909 1 
0.121311 0.247935 -0.00167581 -0.473023 -0.543224 0.693655 1 
0.121404 0.247904 -0.00168903 -0.473023 -0.543224 0.693655 1 
0.121797 0.247474 -0.00165457 -0.612691 -0.545177 0.572182 1 
0.121916 0.24774 -0.00144155 -0.56858 -0.541585 0.619195 1 
0.122486 0.247198 -0.00366676 -0.448624 -0.524775 0.723428 1 
0.121649 0.246578 -0.00359999 -0.101334 -0.656466 0.747519 1 
0.121698 0.247378 -0.00288789 -0.693327 -0.427303 0.580267 1 
0.121859 0.247637 -0.00236145 -0.757352 -0.451783 0.471497 1 
0.122206 0.248245 -0.00134204 -0.594016 -0.553399 0.583862 1 
0.122129 0.247974 -0.00124171 -0.600593 -0.546455 0.583674 1 
0.119384 0.246053 -0.00407487 0.0851327 0.250316 -0.964414 1 
0.119097 0.245816 -0.00404148 0.0837085 0.0636185 -0.994457 1 
0.119337 0.245728 -0.0043944 0.220738 0.0678244 -0.972972 1 
0.11976 0.245927 -0.00412761 0.408601 0.292295 -0.864643 1 
0.120314 0.245756 -0.00356677 0.193515 0.108618 -0.975066 1 
0.120906 0.24572 -0.00380607 0.823419 -0.537405 -0.182146 1 
0.12064 0.245717 -0.00341968 0.571487 -0.0849313 -0.816204 1 
0.120922 0.245623 -0.00345924 0.664083 -0.169456 -0.728202 1 
0.119615 0.245571 -0.00430723 0.352578 -0.087139 -0.931717 1 
0.12001 0.245616 -0.00388016 0.120215 0.0370757 -0.992055 1 
0.12103 0.246523 -0.00332721 -0.0353019 -0.650967 0.758285 1 
0.121145 0.246044 -0.00363967 0.117499 -0.718379 0.685658 1 
0.121023 0.245716 -0.00372596 0.797846 -0.602847 -0.00411969 1 
0.127468 0.256951 -0.0316971 0.226946 -0.842288 -0.488923 0 
0.134994 0.26385 -0.0415867 -0.82746 -0.0347672 -0.560448 0 
0.135279 0.263818 -0.0417531 -0.82746 -0.0347672 -0.560448 0 
0.132971 0.259472 -0.0394619 0.977418 -0.115209 0.177149 0 
0.134575 0.263779 -0.0406071 -0.86077 -0.0921747 -0.500579 0 
0.134521 0.263535 -0.0404134 -0.863422 0.488648 -0.125405 0 
0.134258 0.263595 -0.0401538 -0.831724 0.548279 -0.0873238 0 
0.13479 0.2636 -0.0409265 -0.86077 -0.0921747 -0.500579 0 
0.134923 0.263293 -0.0407592 -0.86077 -0.0921747 -0.500579 0 
0.134162 0.263357 -0.0402735 -0.81418 0.579562 -0.0349134 0 
0.134059 0.262995 -0.0401397 -0.815649 0.578269 0.0179415 0 
0.134344 0.262963 -0.040306 -0.799137 0.601072 -0.00962816 0 
0.134846 0.263021 -0.0406589 -0.871243 0.446753 -0.20334 0 
0.134461 0.262753 -0.0404856 -0.816259 0.577554 -0.0123468 0 
0.134077 0.263167 -0.0396599 -0.884818 0.130078 -0.447412 0 
0.132759 0.261835 -0.0397992 0.804104 -0.579014 -0.134758 0 
0.134007 0.262814 -0.0400728 -0.884818 0.130078 -0.447412 0 
0.134163 0.262535 -0.0398122 -0.414765 -0.470067 -0.779107 0 
0.133955 0.262839 -0.0397462 -0.409979 -0.468316 -0.782686 0 
0.133923 0.262623 -0.0394593 0.546348 -0.727914 -0.4143 0 
0.133868 0.262379 -0.0392656 0.557755 -0.716641 -0.41873 0 
0.134195 0.26234 -0.0391185 0.535024 -0.723856 -0.435639 0 
0.133858 0.262191 -0.0388853 0.627131 -0.679803 -0.380229 0 
0.13356 0.261972 -0.0382119 -0.421328 -0.38317 -0.821987 0 
0.134065 0.2623 -0.0384319 0.532865 -0.718786 -0.446544 0 
0.133894 0.262059 -0.0383184 0.639537 -0.675706 -0.366624 0 
0.1313 0.259867 -0.036391 0.941124 -0.148455 0.30372 0 
0.13198 0.261111 -0.0390722 0.867743 -0.494074 -0.0539744 0 
0.132307 0.261072 -0.0389252 0.874867 -0.48394 -0.0202204 0 
0.132682 0.261563 -0.0396989 0.870425 -0.492212 0.00938825 0 
0.132368 0.261442 -0.0393724 0.87558 -0.480952 0.0452177 0 
0.13286 0.261312 -0.039345 0.896558 -0.426463 0.119635 0 
0.132948 0.261155 -0.0391046 0.891089 -0.443446 0.0965229 0 
0.133267 0.261198 -0.0384443 0.89039 -0.453951 0.0336759 0 
0.132229 0.2608 -0.0388248 0.884543 -0.465761 0.0255028 0 
0.132204 0.26071 -0.0387914 0.897216 -0.439865 0.0390094 0 
0.132363 0.260287 -0.0389172 0.924241 -0.377918 0.0543671 0 
0.132374 0.261157 -0.0386452 0.882646 -0.469946 0.00931904 0 
0.132226 0.260944 -0.0384384 0.891964 -0.439661 0.10535 0 
0.13222 0.260613 -0.0384445 0.913509 -0.380278 0.144534 0 
0.132005 0.260791 -0.038125 0.921478 -0.364434 0.134411 0 
0.133246 0.261374 -0.039778 0.821044 -0.549846 -0.15348 0 
0.133175 0.260817 -0.0389505 0.885501 -0.46459 0.00661809 0 
0.133492 0.26059 -0.0384231 0.884543 -0.465761 0.0255028 0 
0.133343 0.260378 -0.0382163 0.903562 -0.427163 0.0332681 0 
0.133261 0.261072 -0.0381908 0.888043 -0.456981 0.0504725 0 
0.132976 0.261104 -0.0380245 0.897725 -0.427155 0.107839 0 
0.133184 0.2608 -0.0380904 0.891965 -0.451947 0.0119282 0 
0.132806 0.261339 -0.0375184 0.892795 -0.438689 0.102314 0 
0.133174 0.260613 -0.0377102 0.913372 -0.38787 0.123729 0 
0.132756 0.260952 -0.0377112 0.905331 -0.41025 0.109864 0 
0.132934 0.260701 -0.0373572 0.920499 -0.363465 0.143436 0 
0.133816 0.261787 -0.038218 0.858893 -0.51211 -0.00672061 0 
0.133694 0.261459 -0.0383043 0.890028 -0.448485 0.0819215 0 
0.133688 0.261128 -0.0383104 0.888651 -0.457136 0.0364091 0 
0.133899 0.261093 -0.0382435 0.884345 -0.4658 0.0310533 0 
0.132679 0.259585 -0.0387824 0.947277 -0.309662 0.0823151 0 
0.131857 0.260579 -0.0379182 0.936461 -0.321268 0.140811 0 
0.13209 0.260366 -0.0380176 0.936461 -0.321268 0.140811 0 
0.132493 0.259917 -0.0386231 0.928444 -0.358133 0.0986556 0 
0.13274 0.259544 -0.0382489 0.948354 -0.264562 0.175018 0 
0.132403 0.259395 -0.0380157 0.950984 -0.185327 0.247554 0 
0.132741 0.259748 -0.0394893 0.964182 -0.252132 0.0823546 0 
0.132808 0.259832 -0.0392093 0.921508 -0.388341 -0.00384496 0 
0.133048 0.259334 -0.0385816 0.951415 -0.284498 0.117769 0 
0.133266 0.260106 -0.0381159 0.908087 -0.412519 0.0721568 0 
0.133004 0.25996 -0.038116 0.91911 -0.376188 0.117128 0 
0.132866 0.259729 -0.0385491 0.933805 -0.353296 0.0564749 0 
0.133216 0.259718 -0.0383087 0.926552 -0.372993 0.0487659 0 
0.132986 0.259171 -0.0378748 0.950389 -0.191162 0.245393 0 
0.131736 0.260726 -0.0376119 0.934355 -0.320626 0.155497 0 
0.131659 0.260454 -0.0375115 0.940437 -0.259001 0.22022 0 
0.131986 0.260416 -0.0373644 0.934776 -0.278891 0.22003 0 
0.131864 0.260088 -0.0374507 0.949578 -0.210565 0.2323 0 
0.133097 0.260341 -0.0376098 0.916566 -0.375276 0.138113 0 
0.132812 0.260373 -0.0374435 0.921818 -0.364569 0.131688 0 
0.132712 0.260073 -0.0374365 0.939959 -0.293135 0.17478 0 
0.132593 0.259807 -0.0376495 0.945909 -0.258722 0.195753 0 
0.132597 0.260551 -0.037124 0.921564 -0.347521 0.173057 0 
0.132546 0.26037 -0.0370571 0.940337 -0.284992 0.185865 0 
0.132354 0.259689 -0.0375562 0.943828 -0.252147 0.213567 0 
0.132418 0.259711 -0.0371495 0.94774 -0.208639 0.241367 0 
0.132463 0.259767 -0.0369629 0.945803 -0.20668 0.25048 0 
0.132318 0.259411 -0.0371425 0.946411 -0.183835 0.26554 0 
0.132222 0.259173 -0.0372622 0.94932 -0.15173 0.275263 0 
0.132267 0.259229 -0.0370756 0.948578 -0.137805 0.284975 0 
0.132248 0.260152 -0.0363837 0.930047 -0.162654 0.329479 0 
0.131864 0.259677 -0.0364701 0.940186 -0.139739 0.310682 0 
0.132239 0.259758 -0.0362631 0.935636 -0.140687 0.323716 0 
0.132187 0.259576 -0.0361962 0.936916 -0.143615 0.318688 0 
0.13251 0.260092 -0.0366434 0.93116 -0.238795 0.275533 0 
0.131223 0.259595 -0.0362906 0.942536 -0.168261 0.288643 0 
0.131152 0.259038 -0.0354632 0.928389 -0.245208 0.279225 0 
0.130946 0.258312 -0.0351955 0.894079 -0.329869 0.303002 0 
0.132072 0.258279 -0.0377076 0.946851 -0.0526742 0.31733 0 
0.131486 0.257824 -0.0370009 0.907957 -0.197132 0.369802 0 
0.131547 0.258193 -0.037448 0.924006 -0.0708716 0.375753 0 
0.131667 0.25914 -0.0365828 0.938157 -0.123192 0.323549 0 
0.132231 0.258951 -0.0366619 0.939687 -0.160034 0.302287 0 
0.13194 0.258858 -0.036242 0.931612 -0.156422 0.328071 0 
0.132205 0.259066 -0.0363687 0.935098 -0.152417 0.319938 0 
0.132555 0.25885 -0.036388 0.939237 -0.148588 0.309444 0 
0.132136 0.25789 -0.0363203 0.918204 -0.263785 0.295497 0 
0.131366 0.258859 -0.0357826 0.939967 -0.171527 0.295026 0 
0.131999 0.258341 -0.0361011 0.934399 -0.20811 0.289119 0 
0.130839 0.259392 -0.034744 0.901308 -0.155693 0.404232 0 
0.13055 0.25868 -0.0351032 0.88114 -0.349131 0.318903 0 
0.130792 0.25886 -0.0353232 0.894786 -0.323076 0.308188 0 
0.13109 0.258669 -0.0350159 0.895668 -0.311472 0.317433 0 
0.131303 0.259109 -0.0345564 0.901308 -0.155693 0.404232 0 
0.131248 0.258865 -0.0343628 0.901972 -0.189053 0.388209 0 
0.130517 0.25867 -0.0345566 -0.0483487 -0.860606 -0.50697 0 
0.130489 0.25831 -0.034656 0.874443 -0.317841 0.366506 0 
0.131238 0.258677 -0.0339825 -0.0831185 -0.863587 -0.497302 0 
0.131206 0.258461 -0.0336955 -0.0969063 -0.822981 -0.559743 0 
0.130763 0.258297 -0.0341824 -0.124946 -0.812881 -0.56887 0 
0.129847 0.257817 -0.0334959 -0.43049 -0.570108 -0.699754 0 
0.130353 0.257938 -0.0339756 0.711908 -0.700495 0.0499335 0 
0.131042 0.257729 -0.0331145 -0.398368 -0.619867 -0.676068 0 
0.130546 0.258003 -0.0327555 -0.354559 -0.62252 -0.69768 0 
0.131921 0.259574 -0.0358098 0.940577 -0.17713 0.289725 0 
0.132152 0.259298 -0.0357825 0.938674 -0.183864 0.291694 0 
0.131834 0.25932 -0.0350695 0.928628 -0.267955 0.256613 0 
0.131715 0.258848 -0.0355422 0.932702 -0.240561 0.268697 0 
0.131756 0.259048 -0.0349692 0.913948 -0.306587 0.265902 0 
0.132038 0.258954 -0.0350087 0.913948 -0.306587 0.265902 0 
0.132055 0.25865 -0.0349216 0.911542 -0.318386 0.260233 0 
0.132202 0.258387 -0.035521 0.914203 -0.274697 0.297952 0 
0.131636 0.259195 -0.0346629 0.915496 -0.162222 0.368173 0 
0.131581 0.258951 -0.0344692 0.901308 -0.155693 0.404232 0 
0.131737 0.258673 -0.0342086 0.910865 -0.196517 0.362912 0 
0.131549 0.258736 -0.0341822 0.910865 -0.196517 0.362912 0 
0.131686 0.258491 -0.0341417 0.920253 -0.1767 0.349159 0 
0.131472 0.258464 -0.0340819 0.892744 -0.241322 0.380489 0 
0.13135 0.258136 -0.0341682 0.873927 -0.274143 0.40137 0 
0.130976 0.257643 -0.0348944 0.862067 -0.305795 0.404142 0 
0.129262 0.257156 -0.0330488 0.344629 -0.879031 -0.329447 0 
0.128948 0.257034 -0.0327223 0.248008 -0.873287 -0.419358 0 
0.128519 0.256504 -0.0329952 -0.87661 0.283119 -0.3891 0 
0.129793 0.257573 -0.0333022 -0.444939 -0.564922 -0.694904 0 
0.129317 0.2574 -0.0332425 -0.774514 -0.122915 -0.6205 0 
0.129479 0.257452 -0.0329757 0.326917 -0.877355 -0.351246 0 
0.129948 0.257295 -0.0330416 -0.473023 -0.543224 -0.693655 0 
0.12954 0.256317 -0.0336138 -0.610843 -0.431086 -0.664105 0 
0.129048 0.257335 -0.0327293 0.294195 -0.870391 -0.394801 0 
0.128971 0.257063 -0.032629 -0.875279 0.279666 -0.394556 0 
0.128773 0.256938 -0.0322223 -0.890012 0.108264 -0.442897 0 
0.128722 0.256756 -0.0321554 0.377483 -0.8292 -0.412231 0 
0.128789 0.256841 -0.0318755 -0.927317 0.213778 -0.307218 0 
0.129139 0.25683 -0.0316351 0.265006 -0.826013 -0.497468 0 
0.130381 0.257271 -0.0321744 0.377438 -0.861176 -0.340465 0 
0.130288 0.257096 -0.032421 -0.615208 -0.412902 -0.671588 0 
0.130099 0.257366 -0.0321349 0.390163 -0.858976 -0.331562 0 
0.13051 0.257724 -0.0323417 -0.547608 -0.480622 -0.684929 0 
0.130459 0.257543 -0.0322748 -0.600281 -0.405148 -0.689578 0 
0.12956 0.256964 -0.0327415 0.319755 -0.880462 -0.350063 0 
0.129449 0.257095 -0.0315752 0.211526 -0.826321 -0.521967 0 
0.130045 0.257122 -0.0319413 -0.873386 0.0917125 -0.478316 0 
0.130013 0.256906 -0.0316543 -0.839917 -0.15554 -0.519949 0 
0.129372 0.256823 -0.0314748 0.160562 -0.808814 -0.56572 0 
0.129653 0.256728 -0.0315144 0.15089 -0.808235 -0.5692 0 
0.130172 0.256483 -0.0317801 -0.801779 -0.264134 -0.536082 0 
0.128071 0.256486 -0.0315957 0.152034 -0.839877 -0.521049 0 
0.128971 0.256446 -0.031908 0.163761 -0.809792 -0.563399 0 
0.128962 0.256258 -0.0315277 0.326994 -0.816695 -0.475484 0 
0.128653 0.256468 -0.031195 0.241516 -0.826077 -0.509183 0 
0.128388 0.25626 -0.0310683 0.127957 -0.81628 -0.563307 0 
0.128227 0.256207 -0.031335 0.14956 -0.833684 -0.531603 0 
0.128243 0.25611 -0.0309882 0.15044 -0.817737 -0.555584 0 
0.128162 0.255775 -0.0307611 0.187273 -0.799337 -0.570955 0 
0.128855 0.256039 -0.0310075 0.169216 -0.822119 -0.543587 0 
0.128396 0.255562 -0.0308605 0.186686 -0.8029 -0.566128 0 
0.12944 0.256701 -0.0314546 0.179683 -0.816879 -0.548109 0 
0.129693 0.256453 -0.0313339 0.208473 -0.82324 -0.52803 0 
0.129191 0.256188 -0.0312407 0.205183 -0.82833 -0.521316 0 
0.129683 0.256265 -0.0309536 0.211328 -0.82859 -0.518439 0 
0.130163 0.256295 -0.0313998 0.296478 -0.817274 -0.494129 0 
0.129204 0.256029 -0.0307671 0.229212 -0.819931 -0.524571 0 
0.13007 0.256802 -0.030994 0.216632 -0.809682 -0.545422 0 
0.129557 0.256081 -0.0306534 0.205183 -0.82833 -0.521316 0 
0.13 0.256039 -0.0304262 0.321853 -0.810182 -0.489914 0 
0.129188 0.255716 -0.0301332 0.226894 -0.80725 -0.544855 0 
0.127023 0.253233 -0.0259716 0.158815 0.917755 0.36401 0 
0.126971 0.253052 -0.0259047 0.184096 0.911917 0.366765 0 
0.126802 0.253287 -0.0253986 0.0899029 0.966139 0.241851 0 
0.12644 0.253047 -0.0251319 0.5046 0.729602 0.461585 0 
0.127106 0.25281 -0.0243641 0.592727 0.616369 0.518425 0 
0.126815 0.252716 -0.0239443 0.498556 0.659705 0.562344 0 
0.126182 0.253234 -0.0236258 0.441691 0.860615 0.253479 0 
0.126464 0.25314 -0.0236654 0.461153 0.819299 0.340714 0 
0.126387 0.252868 -0.023565 0.545749 0.67337 0.49873 0 
0.126633 0.253111 -0.0239118 0.44654 0.794745 0.411075 0 
0.126959 0.253073 -0.0237647 0.470038 0.764835 0.440558 0 
0.126623 0.252923 -0.0235315 0.528695 0.705483 0.47199 0 
0.127119 0.25265 -0.0238906 0.599543 0.579277 0.552255 0 
0.126965 0.252106 -0.0236899 0.697386 0.454383 0.554247 0 
0.126888 0.251834 -0.0235895 0.683733 0.459723 0.566713 0 
0.126176 0.251194 -0.0225826 0.618986 0.474723 0.625695 0 
0.125952 0.250979 -0.0221425 0.721506 0.38294 0.576876 0 
0.126422 0.250821 -0.0222084 0.475119 0.521798 0.708511 0 
0.126704 0.250726 -0.0222479 0.4363 0.559061 0.705048 0 
0.126183 0.250703 -0.0221151 0.707044 0.397197 0.585083 0 
0.126509 0.250664 -0.021968 0.409091 0.584653 0.700589 0 
0.126697 0.250601 -0.0219944 0.590736 0.489755 0.641226 0 
0.126002 0.250275 -0.0216213 0.423963 0.660052 0.62015 0 
0.125549 0.249923 -0.0217279 0.382214 0.720138 0.579063 0 
0.125833 0.250303 -0.0213748 0.456665 0.617251 0.64067 0 
0.125643 0.250097 -0.0214814 0.397431 0.717354 0.572234 0 
0.126338 0.250424 -0.0218545 0.486136 0.590428 0.644256 0 
0.126474 0.250386 -0.0215543 0.439564 0.640126 0.630097 0 
0.126662 0.250323 -0.0215807 0.486439 0.607628 0.627826 0 
0.125565 0.249825 -0.021381 0.425972 0.701113 0.57183 0 
0.125585 0.249791 -0.0211609 0.444771 0.681316 0.581367 0 
0.125893 0.24958 -0.0214936 0.422448 0.700766 0.57486 0 
0.126241 0.249095 -0.0216458 0.418918 0.700405 0.577876 0 
0.125883 0.249393 -0.0211133 0.444771 0.681316 0.581367 0 
0.126034 0.25008 -0.0209276 0.4384 0.685104 0.581755 0 
0.126351 0.250264 -0.0213809 0.415967 0.687755 0.594949 0 
0.126678 0.250226 -0.0212338 0.415967 0.687755 0.594949 0 
0.12648 0.250101 -0.0208272 0.425972 0.701113 0.57183 0 
0.126665 0.249975 -0.0207268 0.430842 0.693673 0.577229 0 
0.125512 0.250057 -0.0207948 0.456686 0.674155 0.580476 0 
0.125684 0.250091 -0.021168 0.425972 0.701113 0.57183 0 
0.12536 0.249782 -0.0204612 0.49633 0.654483 0.570359 0 
0.125376 0.249685 -0.0201143 0.441234 0.680998 0.584426 0 
0.126264 0.249804 -0.0209003 0.444771 0.681316 0.581367 0 
0.126096 0.249833 -0.0206538 0.456686 0.674155 0.580476 0 
0.126591 0.249766 -0.0207532 0.444771 0.681316 0.581367 0 
0.126469 0.249438 -0.0208395 0.444771 0.681316 0.581367 0 
0.126369 0.249138 -0.0208324 0.460217 0.674427 0.577363 0 
0.126204 0.249229 -0.0207127 0.471082 0.668903 0.575022 0 
0.126206 0.249498 -0.0205798 0.467561 0.668663 0.578167 0 
0.126326 0.249557 -0.0206265 0.456686 0.674155 0.580476 0 
0.124758 0.24963 -0.0198416 0.393099 0.728631 0.560865 0 
0.125008 0.249319 -0.0195941 0.542271 0.630115 0.555785 0 
0.124972 0.249041 -0.0191804 0.44884 0.669089 0.592336 0 
0.124921 0.248859 -0.0191135 0.449141 0.659519 0.60275 0 
0.125828 0.249355 -0.02066 0.471082 0.668903 0.575022 0 
0.126178 0.249138 -0.0206793 0.471082 0.668903 0.575022 0 
0.125941 0.249289 -0.0204531 0.49633 0.654483 0.570359 0 
0.126289 0.248803 -0.0206053 0.513271 0.641168 0.570488 0 
0.125931 0.249101 -0.0200728 0.602942 0.569163 0.55903 0 
0.12588 0.24892 -0.0200059 0.436656 0.712264 0.549556 0 
0.126146 0.248922 -0.0203923 0.513271 0.641168 0.570488 0 
0.125341 0.249406 -0.0197006 0.613944 0.563205 0.553057 0 
0.125853 0.249035 -0.0197128 0.623707 0.552716 0.552716 0 
0.125169 0.249372 -0.0193274 0.5726 0.599625 0.559087 0 
0.124999 0.248925 -0.0194735 0.597421 0.577112 0.556803 0 
0.125776 0.248763 -0.0196124 0.678824 0.481044 0.554792 0 
0.125485 0.24867 -0.0191926 0.546367 0.607262 0.576815 0 
0.125767 0.248576 -0.0192322 0.546367 0.607262 0.576815 0 
0.125741 0.248485 -0.0191987 0.546367 0.607262 0.576815 0 
0.124979 0.248549 -0.0187129 0.44605 0.673252 0.589722 0 
0.125382 0.248308 -0.0190588 0.470754 0.651685 0.594725 0 
0.125686 0.248241 -0.019005 0.467204 0.651407 0.597821 0 
0.124539 0.248244 -0.0180862 0.319326 0.698628 0.640274 0 
0.124549 0.247815 -0.0177456 0.525313 0.511887 0.679719 0 
0.124472 0.247543 -0.0176452 0.750666 0.229413 0.619573 0 
0.12497 0.248362 -0.0183327 0.38032 0.703015 0.600938 0 
0.125439 0.248204 -0.0183986 0.427459 0.690254 0.583805 0 
0.12552 0.248128 -0.017645 0.380427 0.666982 0.640632 0 
0.125051 0.247873 -0.0180984 0.308365 0.708755 0.634489 0 
0.125016 0.247595 -0.0176847 0.55157 0.48451 0.678985 0 
0.123682 0.246838 -0.0162783 0.649211 0.432251 0.625846 0 
0.123255 0.246576 -0.0164183 0.730255 0.382358 0.566153 0 
0.12482 0.247057 -0.0177974 0.736609 0.247639 0.629351 0 
0.124861 0.247051 -0.017484 0.900917 -0.0724561 0.427901 0 
0.123929 0.246258 -0.0161638 0.817767 0.316707 0.480576 0 
0.123605 0.246566 -0.0161779 0.780734 0.335059 0.527437 0 
0.125164 0.246576 -0.0149496 0.791324 -0.545903 -0.275311 0 
0.123262 0.246291 -0.0156911 0.513292 -0.749439 -0.418177 0 
0.12334 0.246357 -0.0160512 0.767822 0.357239 0.531818 0 
0.123185 0.246019 -0.0155908 0.521798 -0.708511 -0.475119 0 
0.124427 0.246256 -0.0148899 0.817009 -0.507702 -0.273378 0 
0.124233 0.245988 -0.0148696 0.783547 -0.537791 -0.311184 0 
0.123175 0.245832 -0.0152105 0.521798 -0.708511 -0.475119 0 
0.12336 0.245499 -0.0153698 0.521798 -0.708511 -0.475119 0 
0.12338 0.245259 -0.0154094 0.521798 -0.708511 -0.475119 0 
0.123781 0.245429 -0.0152359 0.521798 -0.708511 -0.475119 0 
0.123584 0.245098 -0.0150889 0.491968 -0.727185 -0.478716 0 
0.123932 0.2455 -0.0143292 0.764441 -0.580085 -0.281302 0 
0.124214 0.245406 -0.0143687 0.770557 -0.567194 -0.290746 0 
0.123527 0.245473 -0.0141162 0.712113 -0.648389 -0.269233 0 
0.123621 0.245442 -0.0141294 0.763709 -0.582705 -0.277857 0 
0.122392 0.245045 -0.0143568 -0.169383 -0.733994 -0.657695 0 
0.122494 0.243906 -0.0131815 -0.0700467 -0.801963 -0.593253 0 
0.122245 0.2436 -0.0127079 -0.0527554 -0.75426 -0.654453 0 
0.122423 0.243349 -0.012354 0.0613528 -0.786172 -0.614955 0 
0.122286 0.243593 -0.0123946 -0.0439062 -0.763402 -0.64443 0 
0.122516 0.243523 -0.0121076 0.145376 -0.771842 -0.618972 0 
0.122157 0.243346 -0.0119676 0.0529093 -0.74502 -0.664941 0 
0.122199 0.243133 -0.0119139 0.139743 -0.743794 -0.653637 0 
0.122506 0.243336 -0.0117272 0.770436 -0.276851 -0.574267 0 
0.122195 0.243277 -0.0115275 0.691955 -0.244312 -0.679345 0 
0.123132 0.244746 -0.0151955 0.525709 -0.718082 -0.456057 0 
0.123232 0.245046 -0.0152025 0.491968 -0.727185 -0.478716 0 
0.123248 0.244949 -0.0148557 0.500459 -0.734997 -0.457515 0 
0.123316 0.244827 -0.0148354 0.500459 -0.734997 -0.457515 0 
0.122932 0.24524 -0.0140098 -0.240698 -0.70951 -0.662314 0 
0.122644 0.244116 -0.0148883 0.145672 -0.84019 -0.52236 0 
0.12322 0.245477 -0.0140432 0.809081 -0.549074 0.209535 0 
0.123307 0.245321 -0.0138029 0.784723 -0.592732 0.181324 0 
0.123923 0.245313 -0.0139489 0.79816 -0.564402 -0.21069 0 
0.124033 0.244978 -0.0138749 0.748376 -0.623387 -0.226544 0 
0.123751 0.245072 -0.0138354 0.741719 -0.635981 -0.21303 0 
0.124204 0.245218 -0.0139885 0.79816 -0.564402 -0.21069 0 
0.123723 0.244713 -0.0139348 0.557145 -0.748816 -0.358977 0 
0.123674 0.2448 -0.013735 0.748835 0.267554 0.606351 0 
0.123263 0.244442 -0.0135282 0.816718 -0.574936 0.0491999 0 
0.122604 0.243777 -0.0128479 -0.0407534 -0.796799 -0.602869 0 
0.122763 0.243561 -0.012714 -0.0041128 -0.804739 -0.593615 0 
0.123312 0.24415 -0.0124877 -0.0322387 -0.791951 -0.609733 0 
0.122788 0.243241 -0.0117668 -0.90694 -0.262265 -0.329663 0 
0.122571 0.243151 -0.0115802 0.0535075 -0.882188 -0.467848 0 
0.121956 0.243159 -0.0114342 0.697566 -0.209736 -0.685137 0 
0.128386 0.255374 -0.0304802 0.197084 -0.802086 -0.563752 0 
0.129563 0.254908 -0.0308382 0.227764 -0.79485 -0.562438 0 
0.128197 0.255643 -0.0301942 0.246383 -0.81043 -0.531506 0 
0.128137 0.255068 -0.0300067 0.189359 -0.813484 -0.549897 0 
0.128205 0.255152 -0.0297268 0.347967 -0.811923 -0.468722 0 
0.128078 0.254968 -0.0294266 0.353456 -0.822618 -0.445386 0 
0.127956 0.25464 -0.0295129 0.96963 -0.24391 0.0180229 0 
0.128024 0.254724 -0.0292329 0.278557 -0.847982 -0.450923 0 
0.128195 0.254964 -0.0293464 0.540417 -0.761128 -0.358655 0 
0.129156 0.2555 -0.0298463 -0.978424 -0.0368544 -0.203293 0 
0.129598 0.254776 -0.0302713 -0.819299 -0.340714 -0.461153 0 
0.129495 0.255301 -0.0292256 -0.344278 0.813893 0.468028 0 
0.129236 0.255424 -0.0290927 -0.328823 0.825992 0.457835 0 
0.129226 0.255236 -0.0287124 -0.37477 0.830186 0.412721 0 
0.129535 0.255026 -0.0290451 -0.331373 0.83393 0.441308 0 
0.129521 0.254504 -0.0301709 -0.943998 -0.130624 -0.302995 0 
0.129364 0.254785 -0.0289316 0.534262 0.710685 0.457701 0 
0.129029 0.255111 -0.0283058 0.934313 0.149985 0.323363 0 
0.128925 0.254955 -0.0279123 0.964414 0.0851327 0.250316 0 
0.129194 0.25502 -0.0284255 0.96346 0.125444 0.236662 0 
0.129207 0.25486 -0.0279519 0.984128 -0.065292 0.165011 0 
0.12804 0.25442 -0.0291457 0.548976 -0.767923 -0.33003 0 
0.128177 0.254176 -0.0291052 0.975974 0.0571243 0.210266 0 
0.127859 0.253992 -0.0286519 0.964414 0.0851327 0.250316 0 
0.127927 0.254076 -0.028372 0.949983 0.126221 0.285659 0 
0.128296 0.254441 -0.0288922 0.967368 0.100423 0.232626 0 
0.128031 0.254232 -0.0287655 0.971491 0.0912726 0.218804 0 
0.128623 0.254403 -0.0287451 0.967731 0.108091 0.227627 0 
0.128286 0.254253 -0.0285119 0.964414 0.0851327 0.250316 0 
0.128713 0.254309 -0.0286315 0.971491 0.0912726 0.218804 0 
0.128587 0.254124 -0.0283314 0.986489 -0.0334598 0.160377 0 
0.127707 0.253923 -0.0280586 0.952686 0.0601023 0.297954 0 
0.127558 0.253711 -0.0278518 0.954208 0.062592 0.292522 0 
0.128622 0.253721 -0.0293973 0.310846 -0.865162 -0.393534 0 
0.1291 0.253754 -0.0283436 0.167051 0.855952 0.489327 0 
0.129378 0.253596 -0.0282563 0.518641 0.78993 0.327143 0 
0.127969 0.25407 -0.0280586 0.95106 0.0819655 0.297938 0 
0.12866 0.254746 -0.0277856 0.966302 0.0768506 0.24567 0 
0.128628 0.25453 -0.0274986 -0.257332 0.86031 0.440053 0 
0.128932 0.254464 -0.0274449 -0.106485 0.873175 0.475632 0 
0.128618 0.254343 -0.0271183 -0.139709 0.877144 0.459456 0 
0.128806 0.254279 -0.0271447 -0.059462 0.875336 0.479845 0 
0.127655 0.253948 -0.027732 0.914287 0.183998 0.360865 0 
0.127318 0.253799 -0.0274988 0.902483 0.192048 0.385541 0 
0.1276 0.253704 -0.0275384 0.901335 0.204651 0.381725 0 
0.127898 0.253513 -0.0272311 -0.107552 0.900927 0.420432 0 
0.128481 0.253699 -0.0280708 0.981048 -0.116064 0.155159 0 
0.128563 0.254099 -0.0269246 -0.0337544 0.887065 0.460409 0 
0.128845 0.254004 -0.0269642 0.732709 0.663215 0.152585 0 
0.128459 0.253942 -0.0265312 0.0620188 0.883424 0.464452 0 
0.128409 0.253555 -0.026724 0.127721 0.876829 0.463528 0 
0.128382 0.25367 -0.0264308 0.0761178 0.889886 0.449787 0 
0.128768 0.253732 -0.0268638 -0.0883923 0.879713 0.467216 0 
0.129197 0.254673 -0.0275716 -0.117617 0.888502 0.443543 0 
0.129428 0.254397 -0.0275442 0.540346 0.787542 0.296319 0 
0.129191 0.254547 -0.0273181 0.294659 0.850038 0.43659 0 
0.129325 0.254034 -0.0274104 -0.171328 0.786896 0.592825 0 
0.129088 0.254185 -0.0271842 0.637939 0.729298 0.2473 0 
0.129701 0.253908 -0.0274632 -0.00137259 0.781002 0.624527 0 
0.128847 0.253385 -0.0277432 0.638952 0.706549 0.304186 0 
0.127241 0.253527 -0.0273985 0.902483 0.192048 0.385541 0 
0.127568 0.253489 -0.0272514 0.933825 0.132622 0.332239 0 
0.127231 0.253339 -0.0270182 0.870736 0.248997 0.42405 0 
0.127584 0.253391 -0.0269046 -0.071762 0.913951 0.39943 0 
0.1277 0.253388 -0.0268245 -0.148038 0.912195 0.382079 0 
0.128023 0.253493 -0.0262909 -0.0302488 0.916671 0.398496 0 
0.128305 0.253398 -0.0263305 0.123509 0.89012 0.438671 0 
0.128377 0.253339 -0.026437 0.172462 0.862308 0.476112 0 
0.128228 0.253126 -0.0262301 0.0435429 0.922319 0.38397 0 
0.12742 0.25266 -0.0263236 0.0911583 0.918386 0.385042 0 
0.127825 0.253368 -0.0258843 0.115937 0.903749 0.412065 0 
0.128107 0.253274 -0.0259238 0.0649347 0.928964 0.36443 0 
0.12803 0.253002 -0.0258235 -0.00371446 0.949663 0.313252 0 
0.127622 0.252912 -0.0254838 0.109414 0.933399 0.341751 0 
0.128049 0.253173 -0.0253437 -0.900302 0.294187 -0.320797 0 
0.128167 0.252757 -0.0257829 -0.0955648 0.964568 0.24592 0 
0.127764 0.253205 -0.0251774 0.0810246 0.936432 0.341366 0 
0.127806 0.252993 -0.0251237 0.0525033 0.9489 0.311178 0 
0.127754 0.253018 -0.0247971 0.571733 0.622329 0.534629 0 
0.127984 0.252742 -0.0247698 0.551018 0.652123 0.520687 0 
0.127722 0.252802 -0.0245101 0.848522 -0.167335 0.502005 0 
0.127933 0.25256 -0.0247029 0.481387 0.70459 0.521363 0 
0.127436 0.252834 -0.0243438 0.618737 0.585019 0.524325 0 
0.127644 0.25253 -0.0244098 0.864134 -0.201482 0.46117 0 
0.127379 0.252527 -0.0240234 0.719164 0.428192 0.547226 0 
0.12759 0.252286 -0.0242161 0.873278 -0.336814 0.352054 0 
0.127583 0.252161 -0.0239626 0.180233 0.877719 0.443988 0 
0.127506 0.251889 -0.0238623 0.423215 0.685442 0.592501 0 
0.12735 0.252374 -0.0238632 0.75688 0.379254 0.532258 0 
0.12724 0.251886 -0.0234759 0.717557 0.41074 0.562499 0 
0.12716 0.251551 -0.0232487 0.240803 0.697228 0.675194 0 
0.126739 0.249707 -0.0225929 0.456053 0.589695 0.666539 0 
0.126677 0.249544 -0.0218861 0.4612 0.642325 0.612138 0 
0.12195 0.243033 -0.0111807 0.00660358 -0.891483 -0.453006 0 
0.122086 0.242789 -0.0111402 0.00660358 -0.891483 -0.453006 0 
0.12194 0.242846 -0.0108004 0.00660358 -0.891483 -0.453006 0 
0.122701 0.242781 -0.0112862 0.00660358 -0.891483 -0.453006 0 
0.123353 0.242435 -0.0111249 -0.0818193 -0.888918 -0.4507 0 
0.122872 0.242818 -0.0101594 -0.281103 -0.882394 -0.37731 0 
0.122698 0.242308 -0.0101787 -0.337174 -0.874212 -0.34938 0 
0.122555 0.242427 -0.00996573 -0.372348 -0.868812 -0.326379 0 
