0.12649 0.238158 -0.0159265 -0.929137 0.367212 -0.0431245 2 
0.126443 0.23968 -0.0160694 -0.969254 0.188716 -0.157905 2 
0.127235 0.238594 -0.0171895 -0.875511 -0.304987 -0.374785 2 
0.126645 0.238854 -0.017376 -0.95271 -0.02887 -0.302507 2 
0.127106 0.239201 -0.0180292 -0.671049 -0.737719 -0.0739169 2 
0.126943 0.239443 -0.0174958 -0.797867 -0.515521 -0.312485 2 
0.127311 0.239604 -0.0177931 -0.671049 -0.737719 -0.0739169 2 
0.127083 0.239219 -0.0182508 -0.671049 -0.737719 -0.0739169 2 
0.126345 0.240279 -0.0163715 -0.952963 0.214315 -0.214315 2 
0.125983 0.239754 -0.0166006 -0.950217 0.213425 -0.227019 2 
0.125885 0.240037 -0.0167027 -0.939515 0.243578 -0.240794 2 
0.126688 0.239979 -0.0167484 -0.956341 0.182732 -0.228081 2 
0.126378 0.239369 -0.0172606 -0.93183 0.2608 -0.252341 2 
0.125823 0.239573 -0.0176359 -0.944617 0.127651 -0.302331 2 
0.12606 0.239757 -0.0176465 -0.891083 -0.336964 -0.304017 2 
0.126169 0.239436 -0.0179548 -0.761679 -0.602149 -0.239295 2 
0.126395 0.239657 -0.017555 -0.938817 0.251742 -0.235052 2 
0.126556 0.239627 -0.0173041 -0.956375 0.172067 -0.236093 2 
0.126661 0.239458 -0.0178704 -0.761679 -0.602149 -0.239295 2 
0.126229 0.239841 -0.018064 -0.39636 -0.906974 0.142464 2 
0.125887 0.239451 -0.0183295 -0.39636 -0.906974 0.142464 2 
0.126086 0.239527 -0.0182093 -0.482774 -0.871244 -0.0886727 2 
0.126617 0.239341 -0.0180557 -0.761679 -0.602149 -0.239295 2 
0.126781 0.239099 -0.0185891 -0.39636 -0.906974 0.142464 2 
0.126748 0.239318 -0.0183423 -0.39636 -0.906974 0.142464 2 
0.125962 0.239665 -0.018591 -0.39636 -0.906974 0.142464 2 
0.126957 0.239568 -0.0178482 -0.671049 -0.737719 -0.0739169 2 
0.127108 0.23968 -0.0181712 -0.39636 -0.906974 0.142464 2 
0.127143 0.239624 -0.01836 -0.39636 -0.906974 0.142464 2 
0.126871 0.239122 -0.019003 -0.380296 -0.92007 0.0940516 2 
0.125298 0.243869 -0.0115925 -0.957976 -0.286783 0.00610176 2 
0.125377 0.24393 -0.011596 -0.953692 -0.30058 -0.0111326 2 
0.12444 0.244539 -0.0106793 -0.961185 -0.275839 -0.00607576 2 
0.124888 0.24407 -0.0116224 -0.953522 -0.300391 -0.0236823 2 
0.12506 0.244318 -0.0119819 -0.953692 -0.30058 -0.0111326 2 
0.125983 0.243958 -0.0117039 -0.957976 -0.286783 0.00610176 2 
0.126141 0.24408 -0.011711 -0.957976 -0.286783 0.00610176 2 
0.126088 0.244481 -0.0116279 -0.949025 -0.311219 -0.0499487 2 
0.125157 0.244725 -0.0112374 -0.944596 -0.318359 -0.0799172 2 
0.125467 0.244644 -0.0113676 -0.944596 -0.318359 -0.0799172 2 
0.125133 0.244743 -0.0114591 -0.944596 -0.318359 -0.0799172 2 
0.125422 0.244843 -0.0117529 -0.95636 -0.290524 -0.0311721 2 
0.125704 0.244827 -0.0113782 -0.944596 -0.318359 -0.0799172 2 
0.125624 0.245083 -0.0115747 -0.944596 -0.318359 -0.0799172 2 
0.125108 0.243275 -0.0119811 -0.957867 -0.286245 -0.023544 2 
0.124897 0.243553 -0.0118908 -0.959291 -0.282288 -0.00855419 2 
0.125697 0.243015 -0.0117946 -0.966054 -0.247481 -0.0741186 2 
0.125474 0.242956 -0.0121364 -0.959209 -0.273878 -0.0700618 2 
0.126204 0.243163 -0.0120625 -0.963153 -0.215631 -0.160743 2 
0.126418 0.242357 -0.0127371 -0.938856 0.0863164 -0.333314 2 
0.126118 0.243091 -0.012375 -0.954408 -0.178031 -0.239606 2 
0.126409 0.243565 -0.0118264 -0.957891 -0.217158 -0.187848 2 
0.125527 0.243563 -0.0117771 -0.958573 -0.284249 -0.0184578 2 
0.125327 0.243803 -0.0120973 -0.958573 -0.284249 -0.0184578 2 
0.125212 0.243423 -0.0127474 -0.957305 -0.2522 -0.141285 2 
0.125334 0.243917 -0.0127657 -0.941322 -0.177271 -0.287206 2 
0.125819 0.243825 -0.0120129 -0.953741 -0.260111 -0.150731 2 
0.126056 0.244009 -0.0120235 -0.936789 -0.195685 -0.290058 2 
0.125624 0.244017 -0.0130594 -0.905527 -0.0360077 -0.422757 2 
0.125664 0.244287 -0.0131322 -0.869958 0.00400902 -0.49311 2 
0.125711 0.244568 -0.012889 -0.860718 -0.0455918 -0.507036 2 
0.124689 0.245106 -0.0122846 -0.95636 -0.290524 -0.0311721 2 
0.125067 0.245123 -0.0120079 -0.944596 -0.318359 -0.0799172 2 
0.124926 0.245289 -0.0122953 -0.944596 -0.318359 -0.0799172 2 
0.125149 0.245348 -0.0119535 -0.944596 -0.318359 -0.0799172 2 
0.125365 0.245712 -0.0121277 -0.950511 -0.30308 -0.0683542 2 
0.124682 0.245095 -0.0126007 -0.95636 -0.290524 -0.0311721 2 
0.124635 0.245131 -0.0130439 -0.963446 -0.262985 -0.0511013 2 
0.124978 0.245205 -0.0125784 -0.954625 -0.295569 -0.0364745 2 
0.125031 0.245121 -0.0128616 -0.951658 -0.238927 -0.193031 2 
0.125219 0.245236 -0.012331 -0.95636 -0.290524 -0.0311721 2 
0.125535 0.24548 -0.0123452 -0.791512 -0.391726 -0.469104 2 
0.12557 0.245424 -0.0125339 -0.816721 -0.337789 -0.46783 2 
0.125816 0.24509 -0.0128129 -0.756623 -0.132819 -0.640219 2 
0.125136 0.245327 -0.0125855 -0.95636 -0.290524 -0.0311721 2 
0.125268 0.245305 -0.0128722 -0.902893 -0.232674 -0.36145 2 
0.125083 0.245037 -0.0131447 -0.921233 -0.200145 -0.333574 2 
0.125359 0.245011 -0.0130861 -0.874085 -0.109438 -0.473285 2 
0.124638 0.245294 -0.0129859 -0.982006 -0.187548 -0.022133 2 
0.125929 0.244991 -0.0120208 -0.856616 -0.299892 -0.419849 2 
0.125681 0.245266 -0.0127842 -0.801582 -0.173601 -0.572127 2 
0.131534 0.255799 -0.0108022 0.457448 0.885697 -0.0792539 2 
0.13139 0.256177 -0.0103051 0.658602 0.75249 -0.00138072 2 
0.131346 0.256059 -0.0104904 0.670082 0.742223 -0.00971133 2 
0.131065 0.256075 -0.010865 0.561092 0.820505 -0.109304 2 
0.131302 0.256258 -0.0108756 0.561092 0.820505 -0.109304 2 
0.132053 0.255968 -0.0104382 0.486239 0.873052 -0.0367744 2 
0.13149 0.256373 -0.0103451 0.658602 0.75249 -0.00138072 2 
0.131648 0.256495 -0.0103521 0.634793 0.772122 -0.0294275 2 
0.132023 0.256666 -0.0103334 0.64048 0.767168 -0.0351912 2 
0.131741 0.256682 -0.010708 0.564428 0.818202 -0.109385 2 
0.131846 0.256888 -0.010432 0.64048 0.767168 -0.0351912 2 
0.131757 0.25697 -0.0110024 0.563516 0.816584 -0.125062 2 
0.132171 0.256932 -0.0109145 0.563516 0.816584 -0.125062 2 
0.132288 0.254981 -0.0109492 0.119416 0.987252 -0.105228 2 
0.132954 0.255356 -0.0122086 0.205285 0.960203 -0.189392 2 
0.131645 0.255641 -0.0110525 0.237487 0.966456 -0.0977886 2 
0.131108 0.255817 -0.0115221 0.305313 0.921674 -0.239377 2 
0.131372 0.256146 -0.0112531 0.536335 0.835753 -0.117732 2 
0.1314 0.25608 -0.0117579 0.274869 0.952082 -0.134115 2 
0.131609 0.255639 -0.0119061 0.0684743 0.981464 -0.178994 2 
0.13043 0.256159 -0.0122791 -0.36776 0.9187 -0.144028 2 
0.130597 0.256139 -0.0117122 0.29684 0.916584 -0.26788 2 
0.130632 0.256083 -0.0119009 0.2481 0.922128 -0.296859 2 
0.130835 0.256322 -0.0117228 0.43183 0.855976 -0.284301 2 
0.130993 0.256445 -0.0117298 0.467327 0.861494 -0.198577 2 
0.130854 0.256083 -0.0126016 -0.735722 0.676639 -0.0295414 2 
0.130509 0.25622 -0.0122826 0.018065 0.969486 -0.244479 2 
0.130828 0.256312 -0.0120388 0.233353 0.956082 -0.177349 2 
0.130922 0.256182 -0.0121947 0.0636064 0.994269 -0.0859245 2 
0.131159 0.256366 -0.0122053 -0.0963771 0.995175 -0.0184091 2 
0.131124 0.256422 -0.0120165 0.31751 0.94743 -0.0395294 2 
0.131132 0.25622 -0.0124849 -0.851663 0.523574 0.0232396 2 
0.131346 0.256106 -0.0125172 -0.851663 0.523574 0.0232396 2 
0.131709 0.25621 -0.0111036 0.447912 0.88587 -0.120865 2 
0.131735 0.255981 -0.0116664 0.0866319 0.98618 -0.141222 2 
0.131688 0.256391 -0.0112673 0.536335 0.835753 -0.117732 2 
0.131406 0.256406 -0.0116419 0.312265 0.934021 -0.173481 2 
0.131467 0.256496 -0.0115511 0.492646 0.858111 -0.144724 2 
0.132232 0.25633 -0.011466 0.300808 0.935694 -0.184366 2 
0.13176 0.256442 -0.0115868 0.331847 0.935944 -0.11784 2 
0.131678 0.256534 -0.0118413 0.31751 0.94743 -0.0395294 2 
0.131493 0.256266 -0.0121138 -0.0963771 0.995175 -0.0184091 2 
0.131625 0.256243 -0.0124005 -0.884429 0.466672 -0.00132202 2 
0.132109 0.256468 -0.0118477 0.25243 0.967446 0.018117 2 
0.132038 0.256205 -0.0123126 -0.884429 0.466672 -0.00132202 2 
0.132331 0.256151 -0.0123483 -0.77701 0.629141 0.0209249 2 
0.13173 0.25645 -0.0121244 -0.989283 0.126415 -0.0730654 2 
0.132102 0.256457 -0.0121637 -0.33956 0.935468 0.0979758 2 
0.132684 0.256082 -0.0113088 0.129429 0.983421 -0.12701 2 
0.133024 0.255618 -0.0117438 0.161415 0.972302 -0.169041 2 
0.132619 0.256146 -0.0116577 0.117679 0.989199 -0.0873851 2 
0.133111 0.256169 -0.0115733 0.176357 0.969322 -0.171208 2 
0.131282 0.256544 -0.0120236 0.34547 0.938422 -0.00376876 2 
0.128278 0.253832 -0.0158008 0.440415 0.887956 -0.132552 2 
0.127295 0.254265 -0.0161116 0.734433 0.678262 0.0238726 2 
0.127189 0.25475 -0.0157453 0.691144 0.722112 0.0295601 2 
0.127245 0.254829 -0.0159704 0.691144 0.722112 0.0295601 2 
0.126779 0.254951 -0.0157752 0.691144 0.722112 0.0295601 2 
0.126892 0.255273 -0.0161676 0.691144 0.722112 0.0295601 2 
0.126884 0.254783 -0.0163415 0.691144 0.722112 0.0295601 2 
0.127121 0.254967 -0.0163522 0.691144 0.722112 0.0295601 2 
0.127703 0.255283 -0.0148549 0.667844 0.742208 0.0557729 2 
0.127738 0.255226 -0.0150436 0.697841 0.714896 0.0440592 2 
0.127948 0.255265 -0.0153339 0.691144 0.722112 0.0295601 2 
0.127421 0.254607 -0.0158719 0.734433 0.678262 0.0238726 2 
0.127383 0.255191 -0.0150988 0.691144 0.722112 0.0295601 2 
0.127298 0.255119 -0.0154112 0.691144 0.722112 0.0295601 2 
0.127342 0.255237 -0.015226 0.691144 0.722112 0.0295601 2 
0.127673 0.25529 -0.0153925 0.691144 0.722112 0.0295601 2 
0.127535 0.255303 -0.0154218 0.691144 0.722112 0.0295601 2 
0.127279 0.25578 -0.0157168 0.691144 0.722112 0.0295601 2 
0.127426 0.254933 -0.0157559 0.691144 0.722112 0.0295601 2 
0.127226 0.255173 -0.0160761 0.691144 0.722112 0.0295601 2 
0.127056 0.255405 -0.0158586 0.691144 0.722112 0.0295601 2 
0.127279 0.255089 -0.0163592 0.691144 0.722112 0.0295601 2 
0.127663 0.255117 -0.0157665 0.691144 0.722112 0.0295601 2 
0.127587 0.255219 -0.0157049 0.691144 0.722112 0.0295601 2 
0.127666 0.25528 -0.0157085 0.691144 0.722112 0.0295601 2 
0.127522 0.255283 -0.0160538 0.691144 0.722112 0.0295601 2 
0.127692 0.255051 -0.0162712 0.691144 0.722112 0.0295601 2 
0.127542 0.255418 -0.0160902 0.691144 0.722112 0.0295601 2 
0.127635 0.255604 -0.0164461 0.691144 0.722112 0.0295601 2 
0.127094 0.254821 -0.0166318 0.691144 0.722112 0.0295601 2 
0.128026 0.254577 -0.0170222 0.734433 0.678262 0.0238726 2 
0.128043 0.254549 -0.0171166 0.734433 0.678262 0.0238726 2 
0.127173 0.254883 -0.0166353 0.691144 0.722112 0.0295601 2 
0.127293 0.255214 -0.0167116 0.691144 0.722112 0.0295601 2 
0.127293 0.255214 -0.0167116 0.691144 0.722112 0.0295601 2 
0.127304 0.255176 -0.017122 0.691144 0.722112 0.0295601 2 
0.127706 0.255176 -0.0166237 0.691144 0.722112 0.0295601 2 
0.127371 0.2549 -0.0175575 0.68947 0.723448 0.0353938 2 
0.127822 0.254969 -0.0176003 0.68947 0.723448 0.0353938 2 
0.127857 0.254913 -0.0177891 0.690325 0.721768 0.0500235 2 
0.12682 0.255643 -0.0170324 0.691144 0.722112 0.0295601 2 
0.126931 0.255484 -0.0172827 0.691144 0.722112 0.0295601 2 
0.127392 0.25541 -0.0167515 0.691144 0.722112 0.0295601 2 
0.127524 0.255387 -0.0170382 0.691144 0.722112 0.0295601 2 
0.127541 0.255359 -0.0171326 0.691144 0.722112 0.0295601 2 
0.12716 0.255179 -0.0174673 0.68947 0.723448 0.0353938 2 
0.127215 0.255258 -0.0176925 0.688722 0.723087 0.0529786 2 
0.127449 0.255278 -0.0177611 0.688722 0.723087 0.0529786 2 
0.126881 0.256048 -0.0171416 0.329007 0.943493 0.0396856 2 
0.128177 0.254959 -0.0155184 0.463299 0.848617 -0.25535 2 
0.128018 0.255153 -0.0157114 0.467756 0.883833 0.00662543 2 
0.128361 0.254852 -0.0160883 0.528929 0.776512 -0.342437 2 
0.127596 0.255709 -0.015531 0.691144 0.722112 0.0295601 2 
0.128131 0.255474 -0.0161037 0.691144 0.722112 0.0295601 2 
0.127548 0.255744 -0.0159742 0.691144 0.722112 0.0295601 2 
0.128347 0.255148 -0.0169203 0.734433 0.678262 0.0238726 2 
0.127805 0.255372 -0.0166636 0.691144 0.722112 0.0295601 2 
0.128042 0.255556 -0.0166742 0.691144 0.722112 0.0295601 2 
0.127963 0.25512 -0.017513 0.68947 0.723448 0.0353938 2 
0.127549 0.255849 -0.0169586 0.691144 0.722112 0.0295601 2 
0.127582 0.25563 -0.0172054 0.691144 0.722112 0.0295601 2 
0.127919 0.255693 -0.0170559 0.691144 0.722112 0.0295601 2 
0.127382 0.25587 -0.0175255 0.335943 0.94038 0.0531801 2 
0.134272 0.245749 -0.0161036 0.886617 0.210959 0.411591 2 
0.132858 0.246939 -0.0157656 0.987811 0.153811 -0.0239262 2 
0.133172 0.247021 -0.0158377 0.987811 0.153811 -0.0239262 2 
0.133691 0.246873 -0.0152737 0.987811 0.153811 -0.0239262 2 
0.134116 0.24648 -0.0153961 0.987811 0.153811 -0.0239262 2 
0.134446 0.24685 -0.0157627 0.987811 0.153811 -0.0239262 2 
0.134116 0.246796 -0.0155962 0.987811 0.153811 -0.0239262 2 
0.133515 0.247095 -0.0153722 0.987811 0.153811 -0.0239262 2 
0.133655 0.247561 -0.0154849 0.957659 0.0337116 0.285924 2 
0.133391 0.247233 -0.015754 0.957659 0.0337116 0.285924 2 
0.13335 0.247278 -0.0158812 0.957659 0.0337116 0.285924 2 
0.133402 0.247194 -0.0161643 0.957659 0.0337116 0.285924 2 
0.133569 0.24749 -0.0157974 0.957659 0.0337116 0.285924 2 
0.133469 0.24761 -0.0159575 0.957659 0.0337116 0.285924 2 
0.133639 0.247378 -0.0161749 0.957659 0.0337116 0.285924 2 
0.133918 0.247516 -0.0160583 0.957659 0.0337116 0.285924 2 
0.133496 0.247064 -0.0163203 0.957659 0.0337116 0.285924 2 
0.133627 0.247041 -0.0166069 0.957659 0.0337116 0.285924 2 
0.133868 0.247072 -0.0163595 0.957659 0.0337116 0.285924 2 
0.134192 0.247115 -0.0168421 0.957659 0.0337116 0.285924 2 
0.13383 0.247281 -0.0164288 0.957659 0.0337116 0.285924 2 
0.13349 0.247745 -0.0159939 0.957659 0.0337116 0.285924 2 
0.1337 0.247783 -0.0162841 0.957659 0.0337116 0.285924 2 
0.134288 0.247044 -0.0159556 0.957659 0.0337116 0.285924 2 
0.134507 0.247255 -0.0158719 0.957659 0.0337116 0.285924 2 
0.13378 0.247903 -0.0152452 0.957659 0.0337116 0.285924 2 
0.134017 0.248087 -0.0152559 0.957659 0.0337116 0.285924 2 
0.133955 0.247623 -0.0161891 0.957659 0.0337116 0.285924 2 
0.134348 0.247075 -0.0169071 0.957659 0.0337116 0.285924 2 
0.13399 0.247567 -0.0163779 0.957659 0.0337116 0.285924 2 
0.134245 0.247722 -0.0164829 0.957659 0.0337116 0.285924 2 
0.133609 0.248077 -0.0160702 0.957659 0.0337116 0.285924 2 
0.133515 0.248523 -0.0161143 0.940298 -0.0373032 0.338302 2 
0.133846 0.24826 -0.0160808 0.957659 0.0337116 0.285924 2 
0.134244 0.248729 -0.0160405 0.940298 -0.0373032 0.338302 2 
0.134222 0.249543 -0.0166041 0.720301 -0.146476 0.67802 2 
0.13113 0.265375 -0.0153104 0.327118 0.934818 -0.138238 2 
0.131613 0.26629 -0.0141152 0.305695 0.919957 -0.245417 2 
0.129216 0.266428 -0.0143884 -0.188911 0.960408 0.204764 2 
0.130218 0.266025 -0.0131296 -0.0512319 0.980555 0.189439 2 
0.129936 0.26604 -0.0135042 -0.0941567 0.970442 0.22221 2 
0.130351 0.266481 -0.0135583 0.420037 0.880149 -0.22115 2 
0.129736 0.26628 -0.0138244 -0.125208 0.964229 0.233635 2 
0.129918 0.266385 -0.0136098 0.106959 0.988494 0.106959 2 
0.129688 0.266316 -0.0142676 0.0452757 0.994962 0.0894472 2 
0.129794 0.266522 -0.0139915 0.437048 0.86959 -0.229788 2 
0.13011 0.266767 -0.0140057 0.458888 0.838443 -0.293999 2 
0.129986 0.266905 -0.0143874 0.284974 0.953817 -0.0949913 2 
0.130568 0.26653 -0.0135325 0.351555 0.914043 -0.202323 2 
0.130971 0.266951 -0.0142186 0.411042 0.857493 -0.309436 2 
0.130368 0.26677 -0.0138527 0.467132 0.825738 -0.31614 2 
0.130681 0.266851 -0.0139248 0.379847 0.889288 -0.254721 2 
0.130499 0.267063 -0.0143394 0.54464 0.716806 -0.435381 2 
0.130262 0.266879 -0.0143288 0.457097 0.834631 -0.307332 2 
0.131463 0.266283 -0.0147766 0.485364 0.727217 -0.485364 2 
0.131123 0.266747 -0.0143416 0.441111 0.806833 -0.39299 2 
0.131193 0.266635 -0.0147192 0.434474 0.816429 -0.380364 2 
0.130824 0.266099 -0.0152642 0.361103 0.922819 -0.134203 2 
0.13114 0.266344 -0.0152784 0.330783 0.935177 -0.126596 2 
0.130592 0.266933 -0.0144953 0.474011 0.784626 -0.399593 2 
0.130446 0.266772 -0.0148986 0.370268 0.900059 -0.229771 2 
0.130225 0.266877 -0.0151824 0.405951 0.899405 -0.162094 2 
0.1309 0.266688 -0.0146834 0.473263 0.764753 -0.437236 2 
0.130894 0.266678 -0.0149994 0.328323 0.925787 -0.187412 2 
0.130419 0.266627 -0.0151782 0.401473 0.901529 -0.161447 2 
0.130911 0.26665 -0.0150938 0.32474 0.92962 -0.174217 2 
0.129514 0.267017 -0.0145082 0.432658 0.892269 -0.129088 2 
0.129839 0.26706 -0.0149907 0.435551 0.878485 -0.196367 2 
0.130003 0.267193 -0.0146818 0.430834 0.877954 -0.208755 2 
0.134658 0.264332 -0.0139231 0.288368 0.763139 -0.578328 2 
0.134757 0.264528 -0.013963 0.288368 0.763139 -0.578328 2 
0.134616 0.264378 -0.0140503 0.299089 0.759718 -0.577386 2 
0.134669 0.264294 -0.0143335 0.220153 0.729158 -0.647967 2 
0.134868 0.26437 -0.0142133 0.21613 0.735463 -0.64217 2 
0.135256 0.263179 -0.0148473 -0.0893094 0.695442 -0.713011 2 
0.135513 0.263498 -0.0148943 -0.117248 0.684194 -0.719814 2 
0.134968 0.263559 -0.0146956 0.0353484 0.665965 -0.745145 2 
0.135135 0.264171 -0.0145287 0.0831555 0.710469 -0.698798 2 
0.135126 0.263682 -0.0147027 0.0353484 0.665965 -0.745145 2 
0.135363 0.263865 -0.0147133 0.0353484 0.665965 -0.745145 2 
0.135056 0.26411 -0.0145251 0.0831555 0.710469 -0.698798 2 
0.135 0.264347 -0.0145 0.179598 0.713786 -0.676945 2 
0.135898 0.264217 -0.0136592 0.0352794 0.763446 -0.644907 2 
0.135053 0.264638 -0.0139408 0.274255 0.765696 -0.581802 2 
0.135011 0.264684 -0.014068 0.271259 0.756671 -0.594867 2 
0.135425 0.264645 -0.01398 0.216096 0.754005 -0.620305 2 
0.13575 0.263682 -0.0149049 -0.117248 0.684194 -0.719814 2 
0.1356 0.264049 -0.0147239 0.0353484 0.665965 -0.745145 2 
0.135653 0.263965 -0.015007 -0.0737386 0.643406 -0.761966 2 
0.135237 0.264531 -0.0145106 0.11119 0.701238 -0.704203 2 
0.135407 0.264299 -0.0147281 0.0557729 0.667844 -0.742208 2 
0.13565 0.264492 -0.0144227 0.0557843 0.670842 -0.739499 2 
0.135925 0.264467 -0.014364 -0.0646967 0.642653 -0.763421 2 
0.135767 0.264661 -0.014557 0.0441038 0.672938 -0.738383 2 
0.135819 0.264577 -0.0148401 0.00138198 0.670261 -0.742124 2 
0.135491 0.264686 -0.0146156 0.0648798 0.676192 -0.733863 2 
0.135661 0.264454 -0.0148331 0.04689 0.657881 -0.751661 2 
0.13589 0.264148 -0.0150177 -0.101384 0.662672 -0.742016 2 
0.130586 0.26485 -0.0167384 0.22481 0.973365 0.0449619 1 
0.129783 0.265916 -0.0162503 0.390491 0.912998 -0.11812 1 
0.129844 0.265314 -0.0168019 0.358758 0.931719 -0.0565076 1 
0.129114 0.266806 -0.0157909 0.46995 0.871938 -0.13737 1 
0.128511 0.267315 -0.0147826 0.544321 -0.461091 -0.700792 1 
0.128766 0.26678 -0.01553 0.336865 0.934833 -0.112288 1 
0.128642 0.266918 -0.0159117 0.544928 0.821145 -0.169633 1 
0.129069 0.266314 -0.0168185 0.46661 0.882292 -0.0619394 1 
0.1295 0.266247 -0.0168249 0.445654 0.89268 -0.067191 1 
0.128629 0.266523 -0.017386 0.478106 0.872507 -0.100728 1 
0.128852 0.266581 -0.0170443 0.494027 0.866983 -0.0654064 1 
0.129507 0.265613 -0.0191781 0.564172 -0.638272 -0.523754 1 
0.125141 0.267416 -0.0176618 0.454392 0.756227 -0.470796 1 
0.124894 0.26775 -0.0173828 0.474508 0.714259 -0.514467 1 
0.125098 0.268094 -0.018189 0.398951 0.793055 -0.460328 1 
0.125361 0.268048 -0.0187624 0.351225 0.844502 -0.404299 1 
0.126006 0.267867 -0.018801 0.381171 0.830352 -0.406477 1 
0.125725 0.268257 -0.0183333 0.421444 0.796062 -0.434362 1 
0.12805 0.267706 -0.0155138 0.599161 0.764987 -0.236223 1 
0.128225 0.267425 -0.0164576 0.532871 0.833995 -0.143181 1 
0.127354 0.268076 -0.0161764 0.586544 0.752758 -0.298866 1 
0.128285 0.266765 -0.0180515 0.420141 0.898282 -0.12873 1 
0.127866 0.267859 -0.0169707 0.527748 0.817009 -0.232332 1 
0.127977 0.267701 -0.017221 0.470918 0.867017 -0.162841 1 
0.126712 0.26842 -0.0160797 0.504135 0.832052 -0.231381 1 
0.126025 0.268963 -0.0163683 0.462276 0.794085 -0.394626 1 
0.125664 0.268917 -0.0167394 0.435935 0.8027 -0.40698 1 
0.125834 0.268685 -0.0169568 0.421921 0.880853 -0.214662 1 
0.126406 0.268769 -0.016876 0.495679 0.667067 -0.556169 1 
0.126236 0.269001 -0.0166585 0.475217 0.783378 -0.400609 1 
0.126019 0.268953 -0.0166843 0.452293 0.796744 -0.400786 1 
0.126071 0.268869 -0.0169674 0.41647 0.879215 -0.231372 1 
0.127127 0.268486 -0.0169762 0.516302 0.791237 -0.327684 1 
0.126819 0.268731 -0.016788 0.483753 0.795541 -0.364824 1 
0.126596 0.268672 -0.0171298 0.460308 0.789792 -0.405394 1 
0.126555 0.268027 -0.0178994 0.42078 0.839995 -0.342568 1 
0.126692 0.268015 -0.0178701 0.419223 0.846239 -0.328833 1 
0.126516 0.267546 -0.018611 0.358025 0.85709 -0.370424 1 
0.125954 0.268326 -0.0176755 0.424585 0.792667 -0.4375 1 
0.126191 0.268509 -0.0176861 0.445984 0.796975 -0.407343 1 
0.126044 0.268349 -0.0180894 0.408184 0.824309 -0.392301 1 
0.12595 0.268795 -0.0181335 0.443386 0.784452 -0.433641 1 
0.126569 0.268527 -0.0174094 0.461645 0.799433 -0.384436 1 
0.12619 0.268135 -0.0185285 0.381723 0.809765 -0.44561 1 
0.125848 0.268436 -0.0181516 0.4375 0.792667 -0.424585 1 
0.125883 0.268379 -0.0183404 0.433248 0.79724 -0.420363 1 
0.126237 0.268415 -0.0182853 0.405412 0.831331 -0.380172 1 
0.126053 0.268147 -0.0185578 0.386886 0.819944 -0.421913 1 
0.127179 0.268402 -0.0172593 0.485539 0.807109 -0.335897 1 
0.127194 0.268211 -0.0174117 0.474 0.820446 -0.319675 1 
0.127211 0.268183 -0.0175061 0.461197 0.833282 -0.304859 1 
0.126824 0.268366 -0.0173144 0.446826 0.815735 -0.367319 1 
0.126859 0.26831 -0.0175032 0.441021 0.826718 -0.34934 1 
0.126648 0.268588 -0.0174129 0.461645 0.799433 -0.384436 1 
0.126641 0.266401 -0.0186717 0.336964 0.891083 -0.304017 1 
0.126846 0.266804 -0.0184355 0.371184 0.877205 -0.304522 1 
0.126481 0.266536 -0.019907 0.319001 0.916587 -0.241055 1 
0.125618 0.267676 -0.0194518 0.335686 0.869106 -0.363277 1 
0.126225 0.267388 -0.0193597 0.323932 0.88441 -0.335986 1 
0.126228 0.267551 -0.0193017 0.327084 0.874759 -0.35751 1 
0.125979 0.267347 -0.0199231 0.317295 0.901707 -0.293682 1 
0.126279 0.267408 -0.0206272 0.310895 0.915334 -0.255946 1 
0.126332 0.267324 -0.0209103 0.314412 0.923319 -0.220515 1 
0.126103 0.266939 -0.0213681 0.300049 0.920245 -0.251237 1 
0.126003 0.267059 -0.0215282 0.264471 0.924932 -0.273048 1 
0.126346 0.267133 -0.0210627 0.309109 0.9187 -0.245849 1 
0.12634 0.267123 -0.0213787 0.297999 0.95283 -0.0575535 1 
0.126367 0.267268 -0.0210991 0.309109 0.9187 -0.245849 1 
0.126175 0.267307 -0.0218876 0.282224 0.928927 -0.239677 1 
0.126354 0.267248 -0.0217311 0.330637 0.913943 -0.235344 1 
0.12802 0.266753 -0.0185206 0.404302 0.881706 -0.243178 1 
0.128627 0.266781 -0.0186285 0.356441 0.910585 -0.209247 1 
0.128547 0.267036 -0.018825 0.356308 0.906041 -0.228328 1 
0.128599 0.266952 -0.0191081 0.392264 0.86298 -0.318426 1 
0.128576 0.266969 -0.0193297 0.42817 0.829481 -0.358652 1 
0.128687 0.266811 -0.01958 0.498873 0.730907 -0.465725 1 
0.128081 0.267158 -0.0186297 0.38268 0.888949 -0.251646 1 
0.128292 0.267196 -0.0189199 0.400511 0.880525 -0.253507 1 
0.127913 0.267869 -0.0185543 0.38195 0.901867 -0.201867 1 
0.128169 0.267018 -0.0191016 0.366766 0.892416 -0.262825 1 
0.128215 0.266924 -0.0197008 0.60791 0.490033 -0.62475 1 
0.128344 0.266047 -0.0206879 -0.518461 0.596145 0.613033 1 
0.127561 0.26624 -0.0206785 0.214518 0.973389 -0.0805991 1 
0.128396 0.266653 -0.0203287 0.569104 0.6564 -0.495238 1 
0.128202 0.266903 -0.0203328 0.633125 0.565592 -0.528449 1 
0.128425 0.266962 -0.019991 0.541481 0.682299 -0.491188 1 
0.128537 0.266804 -0.0202413 0.482858 0.743238 -0.463082 1 
0.126718 0.267411 -0.0192752 0.323395 0.885953 -0.33242 1 
0.126497 0.267515 -0.019559 0.342301 0.885158 -0.315159 1 
0.126918 0.267592 -0.0201395 0.365552 0.890752 -0.270061 1 
0.126374 0.267653 -0.0199407 0.335773 0.893903 -0.296973 1 
0.127298 0.267668 -0.0188204 0.364484 0.873846 -0.321783 1 
0.127165 0.266567 -0.0210608 0.193934 0.974674 -0.111356 1 
0.126716 0.267668 -0.0205176 0.33702 0.902155 -0.269322 1 
0.126944 0.267362 -0.0207022 0.279195 0.942112 -0.185672 1 
0.12649 0.267447 -0.0209174 0.326259 0.921788 -0.209433 1 
0.126806 0.267 -0.0215739 0.293622 0.931442 -0.214948 1 
0.129932 0.26624 -0.015789 0.393476 0.914455 -0.0945988 1 
0.130137 0.266642 -0.0155528 0.39613 0.912341 -0.103518 1 
0.130297 0.265441 -0.0158023 0.376915 0.921196 -0.0966099 1 
0.130372 0.265656 -0.0160638 0.379439 0.920719 -0.0911199 1 
0.130102 0.266008 -0.0160064 0.382624 0.919115 -0.0939539 1 
0.130091 0.265671 -0.0164384 0.387147 0.914443 -0.117948 1 
0.130442 0.265543 -0.0164413 0.359772 0.926106 -0.11354 1 
0.130444 0.266023 -0.0165833 0.413458 0.907425 -0.0750502 1 
0.130556 0.265549 -0.0166337 0.321324 0.942816 -0.0885956 1 
0.1304 0.266222 -0.0169686 0.411017 0.908061 -0.0805648 1 
0.131319 0.266332 -0.0171487 0.321399 0.946411 0.0317588 1 
0.130985 0.266431 -0.0172401 0.375477 0.92635 -0.0298823 1 
0.129101 0.267055 -0.0145961 0.437782 0.871082 -0.222626 1 
0.129562 0.267402 -0.0152493 0.473891 0.860135 -0.188665 1 
0.129487 0.266497 -0.0156301 0.447385 0.887714 -0.108671 1 
0.129539 0.266413 -0.0159133 0.434363 0.895263 -0.0991633 1 
0.129724 0.266681 -0.0156408 0.441603 0.89026 -0.111459 1 
0.129791 0.267096 -0.0154339 0.421232 0.899841 -0.113355 1 
0.129378 0.267134 -0.0155219 0.461099 0.877668 -0.130717 1 
0.128912 0.267257 -0.0153266 0.490141 0.84606 -0.20963 1 
0.128659 0.267581 -0.0153637 0.555949 0.802353 -0.217143 1 
0.128876 0.267629 -0.0153379 0.518403 0.822984 -0.232282 1 
0.12929 0.267591 -0.01525 0.46009 0.868401 -0.184924 1 
0.129149 0.26744 -0.0153373 0.46009 0.868401 -0.184924 1 
0.129064 0.267369 -0.0156498 0.488803 0.854291 -0.176801 1 
0.12979 0.266347 -0.0171187 0.429315 0.90088 -0.0640565 1 
0.129455 0.266446 -0.0172102 0.444646 0.893395 -0.0643026 1 
0.130144 0.266383 -0.0170636 0.409938 0.906833 -0.0979987 1 
0.130265 0.266398 -0.0169399 0.431464 0.897612 -0.0901774 1 
0.130276 0.26636 -0.0173503 0.405423 0.9132 -0.041207 1 
0.129449 0.266436 -0.0175262 0.455937 0.888736 -0.0476352 1 
0.130434 0.266482 -0.0173574 0.421777 0.906089 -0.0332632 1 
0.1314 0.266181 -0.0179366 0.194664 0.906989 0.373466 1 
0.131037 0.266347 -0.0175233 0.300306 0.95032 0.0819017 1 
0.129897 0.266658 -0.017827 0.39081 0.919785 0.0355282 1 
0.129814 0.26675 -0.0180815 0.386156 0.922411 0.00641454 1 
0.129946 0.266727 -0.0183682 0.414185 0.910169 -0.00649194 1 
0.129619 0.266941 -0.0191281 0.707568 0.454509 -0.541082 1 
0.130369 0.266546 -0.0177062 0.306454 0.950135 0.0577005 1 
0.130723 0.266582 -0.0176511 0.290796 0.954373 0.067895 1 
0.1306 0.266403 -0.0178329 0.229073 0.962105 0.147916 1 
0.130227 0.266712 -0.0179936 0.357376 0.931303 0.0704123 1 
0.130535 0.266467 -0.0181817 0.275574 0.946184 0.169689 1 
0.130837 0.266587 -0.0178435 0.193202 0.958014 0.211856 1 
0.130948 0.266429 -0.0180938 0.174963 0.928005 0.328931 1 
0.129921 0.267061 -0.0187898 0.680055 0.563093 -0.469522 1 
0.129939 0.267033 -0.0188842 0.678245 0.540922 -0.49738 1 
0.132166 0.265699 -0.0176515 0.977418 -0.177149 -0.115209 1 
0.131662 0.266031 -0.0175255 0.189851 0.946521 0.260874 1 
0.129646 0.267087 -0.0188484 0.663257 0.545718 -0.512135 1 
0.124089 0.267691 -0.0194218 0.295905 0.860119 -0.415494 1 
0.123197 0.267832 -0.0199465 0.286747 0.857174 -0.42782 1 
0.12356 0.268357 -0.0197174 0.294685 0.83416 -0.466194 1 
0.12371 0.26799 -0.0198985 0.301927 0.830691 -0.467753 1 
0.123566 0.267992 -0.0202438 0.2824 0.865518 -0.413678 1 
0.123523 0.267289 -0.0220559 0.150269 0.91706 -0.369352 1 
0.122857 0.267921 -0.020354 0.121222 0.947132 -0.297061 1 
0.12252 0.267857 -0.0205035 0.123397 0.937004 -0.326799 1 
0.122751 0.268031 -0.0208301 0.114581 0.952204 -0.283159 1 
0.122293 0.267952 -0.0211033 -0.0133226 0.999192 -0.0379181 1 
0.123179 0.268176 -0.0200522 0.281459 0.853605 -0.438338 1 
0.123472 0.268122 -0.0200879 0.295808 0.847156 -0.441389 1 
0.122936 0.267982 -0.0203575 0.177829 0.914753 -0.362772 1 
0.123173 0.268166 -0.0203681 0.229406 0.889502 -0.39517 1 
0.123225 0.268082 -0.0206513 0.114581 0.952204 -0.283159 1 
0.122915 0.268163 -0.0205212 0.121222 0.947132 -0.297061 1 
0.122891 0.268181 -0.0207428 0.101515 0.947916 -0.301909 1 
0.123125 0.268202 -0.0208114 0.121222 0.947132 -0.297061 1 
0.123407 0.268186 -0.0204368 0.239676 0.885759 -0.397475 1 
0.123348 0.26826 -0.0204696 0.232134 0.891572 -0.388861 1 
0.123427 0.268321 -0.0204731 0.244164 0.879291 -0.408938 1 
0.123462 0.268265 -0.020662 0.226333 0.889058 -0.397931 1 
0.122351 0.268194 -0.0212704 -0.0133226 0.999192 -0.0379181 1 
0.122923 0.268278 -0.0211895 0.0479327 0.985543 -0.162504 1 
0.122957 0.268222 -0.0213784 0.602625 0.481764 -0.636197 1 
0.123611 0.268214 -0.021043 0.222338 0.905337 -0.361844 1 
0.123646 0.268158 -0.0212318 0.16777 0.879698 -0.444955 1 
0.123312 0.268258 -0.0213232 0.417511 0.721155 -0.55283 1 
0.123581 0.268222 -0.0215806 0.172289 0.890401 -0.421311 1 
0.122706 0.26823 -0.0212153 0.0350944 0.990568 -0.132453 1 
0.124059 0.269455 -0.0178323 0.495207 0.70196 -0.511881 1 
0.124414 0.269491 -0.0177772 0.477568 0.717184 -0.50752 1 
0.124608 0.26855 -0.0184154 0.347566 0.831955 -0.432491 1 
0.124438 0.268782 -0.0181979 0.378881 0.80732 -0.452419 1 
0.124273 0.26865 -0.0185069 0.350181 0.82237 -0.448421 1 
0.12415 0.269162 -0.0180462 0.409343 0.764868 -0.497409 1 
0.124015 0.269338 -0.0180175 0.429052 0.744676 -0.511246 1 
0.124097 0.268872 -0.0186054 0.324784 0.830003 -0.453442 1 
0.125021 0.268512 -0.0183275 0.365549 0.824463 -0.432012 1 
0.12493 0.268805 -0.0181135 0.366505 0.823445 -0.433142 1 
0.125258 0.268696 -0.0183381 0.384076 0.814369 -0.435074 1 
0.125108 0.269063 -0.018157 0.383609 0.816561 -0.431361 1 
0.124915 0.268306 -0.0186035 0.353116 0.836494 -0.419031 1 
0.124845 0.268734 -0.018426 0.346682 0.836115 -0.425116 1 
0.125276 0.268351 -0.0182325 0.394759 0.810294 -0.433116 1 
0.125566 0.268451 -0.0185263 0.417601 0.794894 -0.440174 1 
0.1251 0.268573 -0.018331 0.366 0.822312 -0.435714 1 
0.125337 0.268757 -0.0183416 0.37477 0.830186 -0.412721 1 
0.124458 0.268917 -0.0182343 0.384436 0.799433 -0.461645 1 
0.124616 0.26904 -0.0182414 0.387172 0.798442 -0.461072 1 
0.124229 0.269224 -0.0180498 0.413432 0.759866 -0.501675 1 
0.124094 0.269399 -0.0180211 0.432452 0.744869 -0.50809 1 
0.124112 0.269371 -0.0181155 0.42569 0.751122 -0.504583 1 
0.12427 0.269494 -0.0181226 0.424244 0.761674 -0.489765 1 
0.124801 0.269308 -0.0179689 0.446699 0.746697 -0.492853 1 
0.124762 0.269517 -0.0180381 0.450805 0.741434 -0.497042 1 
0.124695 0.269101 -0.0182449 0.390898 0.796274 -0.461678 1 
0.124932 0.269285 -0.0182556 0.564435 0.510519 -0.648679 1 
0.124466 0.269407 -0.0180603 0.441488 0.753319 -0.487442 1 
0.12448 0.269157 -0.0192551 0.309501 0.844518 -0.437034 1 
0.123833 0.26955 -0.0184321 0.418177 0.749439 -0.513292 1 
0.123921 0.269094 -0.018704 0.318696 0.830494 -0.45685 1 
0.123777 0.269096 -0.0190493 0.314295 0.836556 -0.448769 1 
0.123971 0.269537 -0.0184027 0.406263 0.768473 -0.494368 1 
0.125554 0.268805 -0.0183159 0.437684 0.776117 -0.453955 1 
0.125266 0.269185 -0.0181641 0.38317 0.821987 -0.421328 1 
0.125785 0.268663 -0.0184425 0.412902 0.801705 -0.432182 1 
0.125079 0.269445 -0.0178522 0.521863 0.669528 -0.528575 1 
0.125073 0.269435 -0.0181682 0.429489 0.765895 -0.47848 1 
0.124457 0.267852 -0.0197191 0.311513 0.85085 -0.4231 1 
0.124695 0.268035 -0.0197297 0.304987 0.862853 -0.403073 1 
0.125258 0.26763 -0.0198228 0.313283 0.888886 -0.334269 1 
0.125134 0.267768 -0.0202046 0.283458 0.897864 -0.336885 1 
0.125245 0.26761 -0.0204548 0.27001 0.909278 -0.316715 1 
0.124747 0.267951 -0.0200129 0.282277 0.880039 -0.381904 1 
0.124799 0.267867 -0.020296 0.252483 0.896241 -0.364698 1 
0.124044 0.26789 -0.0198071 0.290319 0.855597 -0.428566 1 
0.123841 0.268658 -0.0195429 0.316332 0.839915 -0.440995 1 
0.124097 0.267806 -0.0200902 0.267869 0.873222 -0.4071 1 
0.124392 0.267916 -0.020068 0.276941 0.873198 -0.401035 1 
0.12441 0.267888 -0.0201623 0.279258 0.87702 -0.390961 1 
0.123973 0.267944 -0.0204719 0.266581 0.892078 -0.364873 1 
0.124227 0.268099 -0.0205769 0.238069 0.904079 -0.354913 1 
0.124699 0.267987 -0.0204561 0.241071 0.90438 -0.352109 1 
0.125302 0.267747 -0.0196376 0.332589 0.869024 -0.366308 1 
0.125177 0.268892 -0.0195769 0.305415 0.860994 -0.406708 1 
0.124438 0.268138 -0.0208671 0.199512 0.89562 -0.397568 1 
0.125721 0.267075 -0.0219028 0.278269 0.918433 -0.281153 1 
0.125879 0.267197 -0.0219099 0.282419 0.916776 -0.282419 1 
0.123665 0.26888 -0.0196414 0.272427 0.844984 -0.460201 1 
0.123539 0.268538 -0.0198811 0.280288 0.840865 -0.463018 1 
0.123996 0.268933 -0.0198079 0.279624 0.845051 -0.45574 1 
0.123814 0.268138 -0.0206648 0.254333 0.890909 -0.376294 1 
0.124104 0.268237 -0.0209586 0.168577 0.894754 -0.413518 1 
0.126583 0.266942 -0.0219157 0.280557 0.942945 -0.179283 1 
0.126556 0.266797 -0.0221954 0.324932 0.923715 -0.202905 1 
0.126541 0.266988 -0.0220429 0.354222 0.905233 -0.23469 1 
0.125695 0.266929 -0.0221824 0.345198 0.938066 -0.0295151 1 
0.125624 0.266667 -0.0226473 0.228729 0.892782 -0.388102 1 
0.125639 0.267166 -0.0221573 0.3921 0.913052 0.112226 1 
0.125809 0.266934 -0.0223747 0.295978 0.896858 -0.328699 1 
0.126011 0.267174 -0.0221966 0.287922 0.910536 -0.296691 1 
0.137182 0.265609 -0.0259129 0.384768 0.88987 -0.245123 1 
0.137444 0.265458 -0.025502 0.407806 0.906082 -0.112738 1 
0.137693 0.265287 -0.0257229 0.416054 0.898848 -0.137738 1 
0.137451 0.265573 -0.0261703 0.390604 0.891757 -0.228467 1 
0.139713 0.264499 -0.0253265 0.428099 0.896903 -0.110885 1 
0.138305 0.265326 -0.0255149 0.411548 0.903158 -0.1222 1 
0.138115 0.265422 -0.025261 0.4193 0.896876 -0.140714 1 
0.138704 0.265162 -0.0250745 0.416745 0.899887 -0.128555 1 
0.137857 0.26542 -0.025414 0.419466 0.897231 -0.137926 1 
0.138067 0.265458 -0.0257042 0.408197 0.902554 -0.137007 1 
0.13778 0.265147 -0.0261948 0.403161 0.887544 -0.222994 1 
0.13783 0.2649 -0.026536 0.396187 0.883572 -0.249673 1 
0.137929 0.265096 -0.0265759 0.397475 0.885759 -0.239676 1 
0.137346 0.265367 -0.0264464 0.379127 0.890578 -0.251265 1 
0.137401 0.265446 -0.0266716 0.371689 0.888171 -0.270183 1 
0.137732 0.264808 -0.0274804 0.331521 0.903212 -0.272584 1 
0.137955 0.264867 -0.0271387 0.354244 0.896727 -0.265313 1 
0.13789 0.264931 -0.0274875 0.331521 0.903212 -0.272584 1 
0.137215 0.264429 -0.0286289 0.052126 0.975848 -0.212141 1 
0.13737 0.264388 -0.0286939 0.0593249 0.977044 -0.20461 1 
0.137432 0.264852 -0.0277607 0.320221 0.901636 -0.290708 1 
0.137397 0.264533 -0.0284144 0.177317 0.948848 -0.261238 1 
0.137444 0.264814 -0.0281711 0.213563 0.936607 -0.277772 1 
0.137713 0.264778 -0.0284285 0.177317 0.948848 -0.261238 1 
0.138021 0.264908 -0.0277742 0.307163 0.912755 -0.269314 1 
0.13767 0.265035 -0.0277713 0.320221 0.901636 -0.290708 1 
0.137857 0.264775 -0.0280832 0.237727 0.93262 -0.271487 1 
0.137892 0.264719 -0.028272 0.20153 0.944588 -0.259111 1 
0.137514 0.264385 -0.0283487 0.13645 0.962949 -0.232615 1 
0.137748 0.264722 -0.0286172 0.128386 0.963546 -0.234726 1 
0.137681 0.264306 -0.028824 0.00560593 0.987766 -0.155845 1 
0.137502 0.264365 -0.0289806 -0.0425715 0.98835 -0.146124 1 
0.13797 0.264406 -0.0291178 -0.108427 0.991821 -0.0673388 1 
0.138214 0.264599 -0.0288124 0.0168495 0.989628 -0.142659 1 
0.137827 0.264783 -0.0286208 0.128386 0.963546 -0.234726 1 
0.137918 0.26449 -0.0288347 0.00557457 0.988929 -0.148284 1 
0.137695 0.264431 -0.0291765 -0.170501 0.985245 -0.0148759 1 
0.138047 0.264304 -0.0291794 -0.184629 0.982776 0.00802734 1 
0.139645 0.2644 -0.0257333 0.428099 0.896903 -0.110885 1 
0.139161 0.264492 -0.0264861 0.379122 0.908461 -0.17597 1 
0.139195 0.264436 -0.0266749 0.380507 0.906038 -0.185228 1 
0.139327 0.264413 -0.0269615 0.365136 0.90779 -0.206381 1 
0.139907 0.264249 -0.0253223 0.427044 0.89265 -0.144252 1 
0.1399 0.264239 -0.0256383 0.436573 0.888891 -0.138844 1 
0.139926 0.26401 -0.0262011 0.429844 0.894921 -0.119793 1 
0.139404 0.264686 -0.0261807 0.411011 0.900243 -0.143641 1 
0.139609 0.264398 -0.0265869 0.408197 0.902554 -0.137007 1 
0.139379 0.264329 -0.0272447 0.340615 0.915492 -0.214142 1 
0.138518 0.264836 -0.0263894 0.384032 0.898023 -0.214649 1 
0.138691 0.264767 -0.0265489 0.384032 0.898023 -0.214649 1 
0.138466 0.26492 -0.0261063 0.408222 0.89344 -0.187404 1 
0.138278 0.264806 -0.0266369 0.380489 0.892744 -0.241322 1 
0.138932 0.264798 -0.0263015 0.403911 0.896132 -0.183859 1 
0.138606 0.264696 -0.0268613 0.369898 0.897482 -0.240213 1 
0.138954 0.264721 -0.0271223 0.335551 0.914485 -0.226101 1 
0.137962 0.265252 -0.0259803 0.40353 0.883001 -0.239735 1 
0.138795 0.264541 -0.0281576 0.206846 0.956831 -0.204177 1 
0.1389 0.264747 -0.0278815 0.285023 0.928807 -0.23681 1 
0.138953 0.264663 -0.0281647 0.206846 0.956831 -0.204177 1 
0.138965 0.264309 -0.028375 0.119285 0.980105 -0.158637 1 
0.138876 0.26439 -0.0289455 -0.0510816 0.996634 -0.0641237 1 
0.138376 0.264943 -0.0277192 0.298574 0.9188 -0.258187 1 
0.138153 0.264885 -0.0280609 0.234017 0.934666 -0.267648 1 
0.138323 0.264653 -0.0282784 0.184266 0.953609 -0.238066 1 
0.138428 0.264859 -0.0280023 0.257176 0.934547 -0.245933 1 
0.138672 0.265053 -0.0276969 0.305695 0.919957 -0.245417 1 
0.135625 0.266111 -0.0265627 0.456325 0.869823 -0.187551 1 
0.135951 0.266213 -0.0260028 0.402313 0.896126 0.187359 1 
0.136003 0.266129 -0.0262859 0.428995 0.877288 -0.21524 1 
0.137117 0.265673 -0.0262618 0.388861 0.891572 -0.232134 1 
0.136461 0.265892 -0.0258127 0.426343 0.875126 -0.228879 1 
0.136777 0.266137 -0.0258269 0.417731 0.886762 -0.197873 1 
0.136513 0.265808 -0.0260959 0.404637 0.871409 -0.277335 1 
0.13639 0.265945 -0.0264776 0.411428 0.878212 -0.243865 1 
0.135396 0.266417 -0.0263781 0.454139 0.877809 -0.152347 1 
0.135744 0.266443 -0.026639 0.453982 0.870994 -0.187803 1 
0.136915 0.265433 -0.0264399 0.379847 0.889288 -0.254721 1 
0.136651 0.264459 -0.0293781 -0.134773 0.987944 -0.076176 1 
0.136754 0.264503 -0.0291601 -0.167823 0.984642 -0.0481172 1 
0.13711 0.264222 -0.0289049 -0.0524134 0.986537 -0.154911 1 
0.137203 0.264408 -0.0292609 -0.167823 0.984642 -0.0481172 1 
0.137168 0.264464 -0.0290721 -0.0736511 0.98786 -0.136781 1 
0.136068 0.264355 -0.030091 -0.26035 0.959797 0.104917 1 
0.136282 0.26424 -0.0301232 -0.258704 0.962175 0.0853851 1 
0.136246 0.264612 -0.0301345 -0.192564 0.981268 0.00576538 1 
0.136061 0.264345 -0.030407 -0.277619 0.946613 0.163863 1 
0.136317 0.264184 -0.030312 -0.26035 0.959797 0.104917 1 
0.136783 0.264436 -0.0296648 -0.150013 0.987298 -0.0523303 1 
0.136577 0.26435 -0.030101 -0.161422 0.98595 -0.0429684 1 
0.136639 0.264439 -0.0300101 -0.161422 0.98595 -0.0429684 1 
0.137282 0.26447 -0.0292644 -0.167823 0.984642 -0.0481172 1 
0.137196 0.264398 -0.0295769 -0.167823 0.984642 -0.0481172 1 
0.137072 0.264536 -0.0299586 -0.150013 0.987298 -0.0523303 1 
0.13721 0.264523 -0.0299293 -0.170523 0.984856 -0.0313205 1 
0.136967 0.264329 -0.0302347 -0.161422 0.98595 -0.0429684 1 
0.136507 0.264462 -0.0297234 -0.15765 0.985016 -0.0699349 1 
0.137492 0.264508 -0.0295546 -0.167823 0.984642 -0.0481172 1 
0.122905 0.267936 -0.00488088 0.155324 0.969171 -0.191267 1 
0.123415 0.26724 -0.00553327 0.124012 0.990959 -0.0511977 1 
0.123573 0.267362 -0.00554032 0.0854008 0.994863 -0.0543459 1 
0.124179 0.268081 -0.00500583 0.0698915 0.991085 -0.11343 1 
0.125176 0.266766 -0.00548979 0.07175 0.997003 -0.0289142 1 
0.123511 0.267273 -0.00563114 0.0970584 0.994012 -0.0502026 1 
0.123532 0.267408 -0.00566755 0.0854008 0.994863 -0.0543459 1 
0.123862 0.267462 -0.00583409 0.0866698 0.996168 -0.01177 1 
0.123643 0.26725 -0.00591787 0.0827613 0.99636 -0.0204216 1 
0.123932 0.26735 -0.00621162 0.0838336 0.996452 -0.00742829 1 
0.123434 0.267691 -0.00576962 0.0970584 0.994012 -0.0502026 1 
0.123651 0.26774 -0.00574387 0.111619 0.993736 0.00541841 1 
0.12351 0.267906 -0.00603117 0.111619 0.993736 0.00541841 1 
0.124601 0.267151 -0.00602866 0.0985258 0.995002 0.0162405 1 
0.124876 0.267125 -0.00597004 0.108952 0.993778 0.0231111 1 
0.124648 0.267431 -0.00578543 0.0855809 0.996331 -0.00105655 1 
0.124779 0.267408 -0.00607212 0.108952 0.993778 0.0231111 1 
0.124577 0.267169 -0.00625027 0.108952 0.993778 0.0231111 1 
0.124988 0.266967 -0.00622034 0.120215 0.992055 0.0370757 1 
0.125122 0.267108 -0.00644903 0.201082 0.966491 0.159568 1 
0.124688 0.267327 -0.00670058 0.209581 0.964593 0.160115 1 
0.124767 0.267388 -0.00670413 0.217991 0.960482 0.173072 1 
0.124038 0.267556 -0.00593555 0.0866698 0.996168 -0.01177 1 
0.124011 0.267411 -0.00621517 0.0838336 0.996452 -0.00742829 1 
0.123897 0.267722 -0.00622289 0.0838336 0.996452 -0.00742829 1 
0.124243 0.267959 -0.00569937 0.061313 0.997144 -0.0441024 1 
0.124427 0.267852 -0.00626925 0.109645 0.993452 0.0321183 1 
0.124213 0.267967 -0.00623701 0.102186 0.994386 0.0274692 1 
0.124046 0.267355 -0.00640392 0.109645 0.993452 0.0321183 1 
0.124374 0.267245 -0.00662846 0.179101 0.975664 0.126498 1 
0.124506 0.267222 -0.00691514 0.245057 0.946001 0.2122 1 
0.124397 0.26786 -0.00680687 0.253843 0.945392 0.204446 1 
0.124839 0.267439 -0.00702367 0.235772 0.95252 0.19266 1 
0.128779 0.266299 -0.00659081 -0.0328228 0.990344 0.134687 1 
0.12816 0.266567 -0.00731491 0.118519 0.985266 -0.123308 1 
0.128655 0.266437 -0.0069725 0.0125079 0.985852 0.167151 1 
0.128356 0.26648 -0.00725278 0.150796 0.988549 0.00558502 1 
0.128449 0.266667 -0.0076087 0.160012 0.98655 -0.0333839 1 
0.128704 0.266506 -0.00751367 0.153097 0.981044 0.118803 1 
0.129059 0.266542 -0.00745857 0.16701 0.975691 0.141896 1 
0.129356 0.267447 -0.00777835 0.124371 0.984102 0.126786 1 
0.12529 0.267087 -0.00588208 0.0982355 0.994496 0.0364244 1 
0.125904 0.26723 -0.00665841 0.246567 0.955614 0.161268 1 
0.125128 0.267809 -0.00549066 0.0901532 0.995927 0.00106063 1 
0.125403 0.267408 -0.00627441 0.175239 0.97453 0.139939 1 
0.125438 0.267352 -0.0064632 0.205697 0.962977 0.174253 1 
0.12549 0.267268 -0.00674633 0.224511 0.957826 0.179343 1 
0.125083 0.267317 -0.00651825 0.201082 0.966491 0.159568 1 
0.125077 0.267307 -0.00683426 0.248957 0.948213 0.197261 1 
0.124959 0.267454 -0.00689999 0.235772 0.95252 0.19266 1 
0.125596 0.267475 -0.00647026 0.205697 0.962977 0.174253 1 
0.125885 0.267574 -0.006764 0.258588 0.949057 0.180064 1 
0.125508 0.26724 -0.00684072 0.255365 0.946351 0.19801 1 
0.125425 0.267332 -0.00709521 0.271693 0.94196 0.197219 1 
0.125249 0.267554 -0.00719375 0.271693 0.94196 0.197219 1 
0.125478 0.267248 -0.00737833 0.282669 0.937123 0.204691 1 
0.125354 0.267386 -0.00776003 0.299275 0.931545 0.206542 1 
0.125666 0.267363 -0.00684778 0.261951 0.944944 0.19612 1 
0.12578 0.267368 -0.00704012 0.271693 0.94196 0.197219 1 
0.125601 0.267426 -0.00719664 0.276488 0.937837 0.209798 1 
0.125997 0.267416 -0.00701433 0.276369 0.941856 0.191121 1 
0.126014 0.267388 -0.00710871 0.275799 0.942655 0.187982 1 
0.125715 0.267432 -0.00738896 0.302443 0.929837 0.2096 1 
0.125732 0.267404 -0.00748334 0.2991 0.931001 0.209229 1 
0.125538 0.267653 -0.00748753 0.30262 0.930382 0.206908 1 
0.125583 0.26708 -0.00794464 0.307443 0.930751 0.197943 1 
0.125767 0.267347 -0.0076721 0.305379 0.932871 0.191036 1 
0.125643 0.267485 -0.00805379 0.305379 0.932871 0.191036 1 
0.125837 0.267235 -0.00804963 0.29813 0.935989 0.187198 1 
0.125813 0.267253 -0.00827127 0.304747 0.933723 0.187858 1 
0.124997 0.267562 -0.00703076 0.235772 0.95252 0.19266 1 
0.124836 0.267592 -0.00728168 0.260313 0.943463 0.20522 1 
0.125243 0.267544 -0.00750977 0.272653 0.939752 0.20622 1 
0.125655 0.267447 -0.00846418 0.320049 0.926309 0.198797 1 
0.126087 0.267439 -0.00742825 0.291694 0.938674 0.183864 1 
0.126022 0.267503 -0.00777708 0.291694 0.938674 0.183864 1 
0.126057 0.267447 -0.00796588 0.27745 0.944424 0.176311 1 
0.126227 0.267215 -0.00818331 0.261238 0.948848 0.177317 1 
0.125898 0.267641 -0.00815881 0.290654 0.935934 0.198868 1 
0.125756 0.268123 -0.00864615 0.294833 0.937099 0.186866 1 
0.125935 0.268064 -0.00848958 0.294833 0.937099 0.186866 1 
0.128036 0.266705 -0.00769662 0.264436 0.947901 0.177647 1 
0.129145 0.267409 -0.00748813 0.16701 0.975691 0.141896 1 
0.129065 0.26798 -0.00788462 0.140841 0.980991 0.133493 1 
0.128443 0.266656 -0.00792468 0.204819 0.970663 0.125945 1 
0.128915 0.266544 -0.00780389 0.137864 0.982132 0.128104 1 
0.129111 0.266457 -0.0077417 0.135103 0.982235 0.130234 1 
0.128908 0.266534 -0.0081199 0.240352 0.969949 0.0378219 1 
0.128855 0.26656 -0.00887914 0.220245 0.973262 0.0652123 1 
0.129564 0.266631 -0.00876894 0.231271 0.970843 0.0630739 1 
0.129212 0.266759 -0.00876607 0.22499 0.972497 0.0602432 1 
0.129599 0.266575 -0.00895774 0.231271 0.970843 0.0630739 1 
0.129404 0.265759 -0.0104467 0.109618 0.971447 -0.210417 1 
0.129642 0.265943 -0.0104573 0.272083 0.959318 -0.0753658 1 
0.129979 0.266007 -0.0103078 0.336664 0.939252 -0.0668087 1 
0.129303 0.267156 -0.0083376 0.222787 0.974241 0.0349234 1 
0.129977 0.266593 -0.00868104 0.214371 0.976047 0.0371257 1 
0.129836 0.266759 -0.00896833 0.22499 0.972497 0.0602432 1 
0.129748 0.266524 -0.00933881 0.282288 0.959291 0.00855419 1 
0.129724 0.266542 -0.00956042 0.266487 0.963072 -0.0384237 1 
0.129906 0.266646 -0.00934588 0.273218 0.961777 -0.0183779 1 
0.129882 0.266664 -0.00956752 0.266487 0.963072 -0.0384237 1 
0.129624 0.266662 -0.00972052 0.266546 0.962319 -0.0538098 1 
0.129934 0.26658 -0.00985063 0.28709 0.955691 -0.0650737 1 
0.130485 0.265464 -0.0112181 0.553553 0.832401 0.0262282 1 
0.125848 0.267513 -0.00866006 0.300808 0.935694 0.184366 1 
0.126162 0.267279 -0.00853217 0.261669 0.951402 0.162369 1 
0.126425 0.267233 -0.00910557 0.271133 0.953594 0.130937 1 
0.126003 0.267473 -0.00872508 0.274993 0.946898 0.166622 1 
0.126609 0.267501 -0.00883299 0.243663 0.963049 0.114741 1 
0.126917 0.267256 -0.00902116 0.386478 0.834477 0.392788 1 
0.126934 0.267228 -0.00911555 0.211131 0.976927 0.0322064 1 
0.126655 0.267406 -0.00943218 0.26225 0.959859 0.099474 1 
0.12659 0.26747 -0.00978101 0.277854 0.948998 0.148994 1 
0.12602 0.267761 -0.0090195 0.283579 0.945717 0.15875 1 
0.126032 0.267406 -0.00922986 0.288064 0.945338 0.152823 1 
0.12565 0.267916 -0.00892222 0.29813 0.935989 0.187198 1 
0.125509 0.268082 -0.0092095 0.300181 0.936511 0.181215 1 
0.126125 0.267593 -0.00958581 0.264305 0.955968 0.12755 1 
0.125966 0.267786 -0.00977875 0.323923 0.933174 0.155759 1 
0.126001 0.26773 -0.00996751 0.326662 0.933124 0.150237 1 
0.126898 0.267225 -0.00996916 0.267648 0.934666 0.234017 1 
0.126171 0.267498 -0.010185 0.332161 0.912354 0.23933 1 
0.127806 0.266952 -0.00855444 0.216898 0.971655 0.0940311 1 
0.128378 0.26672 -0.00827353 0.168444 0.983188 -0.0704837 1 
0.128371 0.26671 -0.00858955 0.199155 0.979079 -0.041739 1 
0.127985 0.266894 -0.00839785 0.214456 0.971948 0.0965678 1 
0.127972 0.266873 -0.00902988 0.234921 0.968578 0.0816571 1 
0.12799 0.266845 -0.00912426 0.240741 0.969137 0.0530865 1 
0.128306 0.266774 -0.00893836 0.217381 0.973914 0.0650914 1 
0.128265 0.26682 -0.00906565 0.24436 0.954741 0.169583 1 
0.1282 0.266884 -0.00941447 0.24291 0.959821 0.140494 1 
0.127571 0.266932 -0.00848579 0.216898 0.971655 0.0940311 1 
0.127192 0.26723 -0.00896252 0.374403 0.841231 0.390068 1 
0.127576 0.266884 -0.00921216 0.240779 0.966898 0.0844617 1 
0.1275 0.266986 -0.00915063 0.238011 0.966044 0.10055 1 
0.127453 0.267021 -0.00959389 0.247556 0.963287 0.103896 1 
0.128627 0.266549 -0.00849455 0.228168 0.972458 0.0475858 1 
0.128802 0.266644 -0.00859601 0.220245 0.973262 0.0652123 1 
0.128772 0.266652 -0.0091336 0.233086 0.970577 0.0604298 1 
0.129159 0.267159 -0.00868292 0.233086 0.970577 0.0604298 1 
0.128569 0.267419 -0.00886942 0.231545 0.967933 0.097426 1 
0.129122 0.267156 -0.00953654 0.236949 0.970883 0.0352385 1 
0.128701 0.267396 -0.0091561 0.214962 0.975225 0.0522225 1 
0.127992 0.266634 -0.00990863 0.22996 0.972158 0.0450186 1 
0.127842 0.267001 -0.00972756 0.256516 0.964749 0.0588109 1 
0.129276 0.266636 -0.00945959 0.257439 0.966294 -0.00119739 1 
0.129249 0.266491 -0.00973921 0.255941 0.966208 -0.0306149 1 
0.129069 0.267182 -0.0102958 0.231545 0.967933 -0.097426 1 
0.128764 0.266583 -0.010492 0.185589 0.966881 -0.175207 1 
0.128726 0.266792 -0.0105612 0.236811 0.968545 -0.0764311 1 
0.128597 0.266978 -0.0102165 0.226578 0.970155 -0.0863751 1 
0.128597 0.267294 -0.0104166 0.192649 0.973318 -0.124655 1 
0.128998 0.26692 -0.0107606 0.23906 0.96519 -0.106107 1 
0.127121 0.267284 -0.00962738 0.252671 0.946493 0.200771 1 
0.127021 0.267404 -0.00978745 0.252671 0.946493 0.200771 1 
0.128154 0.26809 -0.00935736 0.239084 0.969821 0.0478167 1 
0.125325 0.267814 -0.00948205 0.3746 0.908513 0.185147 1 
0.125096 0.26812 -0.00929748 0.366354 0.90942 0.196825 1 
0.124893 0.268197 -0.00967561 0.402107 0.893409 0.200323 1 
0.12552 0.268044 -0.00961995 0.324783 0.926547 0.189808 1 
0.12922 0.267248 -0.00859205 0.242925 0.967962 0.0635342 1 
0.12939 0.267332 -0.0090095 0.226305 0.9725 0.0550472 1 
0.129325 0.26708 -0.00915837 0.225317 0.973127 0.0474993 1 
0.129324 0.267396 -0.00935839 0.225317 0.973127 0.0474993 1 
0.129423 0.267218 -0.0102407 0.253882 0.963221 -0.0880295 1 
0.128824 0.267621 -0.0110012 0.220663 0.96811 -0.118622 1 
0.13024 0.266593 -0.0112812 0.0180882 0.996978 -0.0755448 1 
0.13014 0.266713 -0.0114413 0.0330095 0.997738 -0.0585652 1 
0.135053 0.263762 -0.00647601 0.521975 0.679742 0.515261 1 
0.135718 0.263071 -0.0092202 0.765892 0.388637 -0.512221 1 
0.136171 0.262929 -0.0100474 0.988154 -0.114244 -0.102467 1 
0.132493 0.2642 -0.00517329 -0.0658237 0.997804 -0.00731375 1 
0.133337 0.264096 -0.00509185 -0.0342888 0.980186 -0.195091 1 
0.132599 0.264407 -0.00489723 -0.0658237 0.997804 -0.00731375 1 
0.132651 0.264323 -0.00518038 -0.0706161 0.989783 -0.123868 1 
0.13285 0.264715 -0.00526024 0.0100817 0.989123 0.146744 1 
0.133008 0.264838 -0.00526732 0.073138 0.993551 0.0866404 1 
0.132783 0.2643 -0.00546709 0.073138 0.993551 0.0866404 1 
0.133072 0.264399 -0.0057608 0.296 0.825355 0.480805 1 
0.132902 0.264631 -0.00554338 0.296 0.825355 0.480805 1 
0.13306 0.264754 -0.00555044 0.296 0.825355 0.480805 1 
0.133113 0.26467 -0.00583359 0.391021 0.6814 0.618705 1 
0.134195 0.264807 -0.00472034 0.073138 0.993551 0.0866404 1 
0.133837 0.264233 -0.0056758 0.31003 0.75339 0.579901 1 
0.134057 0.264445 -0.00559202 0.33625 0.709862 0.618896 1 
0.134136 0.264506 -0.00559556 0.292473 0.739973 0.605723 1 
0.133098 0.264861 -0.00568124 0.139361 0.765737 0.627874 1 
0.133297 0.264937 -0.00556109 -0.751471 0.656275 0.067791 1 
0.13335 0.264853 -0.0058442 -0.791877 0.609675 -0.0350388 1 
0.133362 0.264499 -0.00605461 -0.791877 0.609675 -0.0350388 1 
0.133423 0.264904 -0.00616378 -0.903235 0.428406 -0.0252004 1 
0.133704 0.264889 -0.00578913 -0.829864 0.556497 -0.0404472 1 
0.133757 0.264805 -0.00607228 -0.762981 0.64624 0.0152874 1 
0.134444 0.264636 -0.00494134 0.073138 0.993551 0.0866404 1 
0.134207 0.264769 -0.00513075 0.122366 0.942624 0.310622 1 
0.134373 0.26469 -0.00560617 0.634284 0.395807 0.664094 1 
0.134504 0.264667 -0.00589288 0.513795 0.591285 0.621608 1 
0.134065 0.264935 -0.00541803 -0.791877 0.609675 -0.0350388 1 
0.133335 0.264353 -0.0063342 -0.78741 0.613065 -0.0643076 1 
0.134698 0.264042 -0.00673108 0.551551 0.625766 0.551551 1 
0.133766 0.264287 -0.00634066 0.654312 0.492837 0.573574 1 
0.133414 0.264415 -0.00633773 0.504008 0.635488 0.584919 1 
0.133651 0.264598 -0.00634835 0.545301 0.579066 0.606077 1 
0.134114 0.264313 -0.00660161 0.538984 0.626844 0.562639 1 
0.133827 0.264693 -0.00644984 0.64379 0.499232 0.579915 1 
0.133888 0.264782 -0.00635896 0.573879 0.567107 0.590807 1 
0.134064 0.264876 -0.00646043 0.599543 0.552255 0.579277 1 
0.134809 0.264259 -0.00613901 0.527319 0.635142 0.564383 1 
0.134528 0.264274 -0.00651362 0.56367 0.573826 0.594138 1 
0.134046 0.264904 -0.00636603 0.549857 0.576927 0.603997 1 
0.135329 0.263466 -0.0082441 0.641936 0.605062 0.470976 1 
0.134123 0.265914 -0.00696959 0.608615 0.598499 0.520947 1 
0.133882 0.2662 -0.00741701 0.636908 0.593215 0.492386 1 
0.134395 0.264976 -0.00865379 0.678049 0.678049 0.283723 1 
0.134429 0.265236 -0.00904253 0.759554 0.649637 0.0324114 1 
0.134138 0.265769 -0.00914879 0.698116 0.715109 -0.0354014 1 
0.133296 0.263169 -0.0107574 0.173528 -0.280104 -0.944156 1 
0.130125 0.266213 -0.0119312 -0.0559771 0.998083 -0.0264043 1 
0.13002 0.266007 -0.0122073 -0.238402 0.967482 -0.0845128 1 
0.130263 0.266201 -0.011902 0.0532077 0.998426 0.0177359 1 
0.13403 0.26582 -0.0106673 0.69272 0.701855 -0.165948 1 
0.133684 0.266274 -0.0105483 0.690778 0.702977 -0.169263 1 
0.134153 0.265624 -0.0113279 0.759032 0.609408 -0.229112 1 
0.133466 0.266542 -0.0107741 0.661194 0.723133 -0.199752 1 
0.133832 0.265849 -0.0117718 0.530881 0.793944 -0.296342 1 
0.133879 0.265438 -0.012171 0.538373 0.764717 -0.354065 1 
0.133694 0.265487 -0.0126435 0.510989 0.759136 -0.40324 1 
0.133832 0.265474 -0.0126142 0.510439 0.764843 -0.393022 1 
0.13399 0.265596 -0.0126213 0.505497 0.772062 -0.385218 1 
0.133809 0.265866 -0.0119934 0.548391 0.767104 -0.332894 1 
0.13365 0.265369 -0.0128287 0.487442 0.767844 -0.415712 1 
0.132987 0.265895 -0.0128957 0.500885 0.75379 -0.425341 1 
0.133394 0.265846 -0.0131238 0.50034 0.756251 -0.421598 1 
0.133394 0.265846 -0.0131238 0.50034 0.756251 -0.421598 1 
0.133892 0.265879 -0.0127233 0.505497 0.772062 -0.385218 1 
0.133825 0.265464 -0.0129302 0.460876 0.787532 -0.409129 1 
0.133807 0.265808 -0.0130358 0.476311 0.775427 -0.414537 1 
0.133807 0.265808 -0.0130358 0.476311 0.775427 -0.414537 1 
0.133666 0.265974 -0.0133232 0.475798 0.763566 -0.436557 1 
0.13299 0.267124 -0.011353 0.520855 0.799488 -0.299214 1 
0.132846 0.267126 -0.0116983 0.5038 0.802584 -0.319444 1 
0.132899 0.267042 -0.0119814 0.462998 0.827118 -0.318605 1 
0.132581 0.266048 -0.013652 0.44973 0.711934 -0.539344 1 
0.132229 0.266866 -0.0130068 0.520504 0.547455 -0.655262 1 
0.131887 0.266476 -0.0132722 0.379355 0.78938 -0.482668 1 
0.131579 0.266346 -0.0139265 0.308119 0.921492 -0.236464 1 
0.132145 0.266479 -0.0131192 0.403597 0.729769 -0.551857 1 
0.132241 0.266512 -0.0132171 0.299691 0.893108 -0.335475 1 
0.132274 0.266293 -0.0134639 0.32143 0.882801 -0.342557 1 
0.132752 0.266565 -0.0121847 0.275188 0.912925 -0.301396 1 
0.132925 0.266496 -0.0123442 0.436852 0.821282 -0.366956 1 
0.132916 0.265948 -0.0135605 0.467989 0.753709 -0.461421 1 
0.132696 0.266428 -0.013002 0.467999 0.711158 -0.524625 1 
0.132804 0.266106 -0.0133103 0.477476 0.741823 -0.470867 1 
0.133481 0.266397 -0.0129533 0.497981 0.762483 -0.41308 1 
0.132415 0.266818 -0.0125342 0.14478 0.978814 -0.14478 1 
0.132426 0.26678 -0.0129446 0.541974 0.548727 -0.636524 1 
0.131924 0.267274 -0.0127606 0.35049 0.816754 -0.458334 1 
0.134379 0.264194 -0.0140397 0.236892 0.729501 -0.641647 1 
0.134511 0.264171 -0.0143264 0.220153 0.729158 -0.647967 1 
0.134781 0.26451 -0.0137414 0.290556 0.773227 -0.563646 1 
0.134693 0.263585 -0.0147542 0.0586585 0.650966 -0.756837 1 
0.134464 0.263891 -0.0145696 0.189565 0.725896 -0.661166 1 
0.134922 0.263279 -0.0149388 0.0891322 0.70283 -0.705752 1 
0.134622 0.264013 -0.0145767 0.16615 0.727098 -0.666125 1 
0.133394 0.263774 -0.0150509 -0.338228 -0.253305 -0.906333 1 
0.131868 0.265755 -0.0148626 0.41768 0.821066 -0.389093 1 
0.131827 0.265801 -0.0149898 0.41783 0.811647 -0.408225 1 
0.133703 0.263904 -0.0143966 -0.30851 0.242503 -0.91979 1 
0.134177 0.264271 -0.0144179 0.241009 0.723027 -0.647416 1 
0.13379 0.264454 -0.0142262 0.449931 0.805392 -0.385884 1 
0.133165 0.265087 -0.0144239 0.437861 0.779685 -0.447627 1 
0.133267 0.26513 -0.0142058 0.420968 0.781798 -0.459977 1 
0.133241 0.264985 -0.0144855 0.435399 0.791487 -0.428924 1 
0.134555 0.264979 -0.0134988 0.341879 0.781667 -0.521646 1 
0.134186 0.264444 -0.0140439 0.260866 0.741492 -0.618174 1 
0.133648 0.265311 -0.0138711 0.374963 0.764535 -0.524299 1 
0.133481 0.265706 -0.0135957 0.425341 0.75379 -0.500885 1 
0.133329 0.26591 -0.0134726 0.471671 0.736469 -0.484911 1 
0.13386 0.265724 -0.013319 0.440147 0.784468 -0.436898 1 
0.133895 0.265668 -0.0135077 0.395037 0.775444 -0.492577 1 
0.133865 0.265359 -0.0138454 0.357853 0.769141 -0.529493 1 
0.133584 0.263677 -0.0153047 -0.397023 -0.524463 -0.753201 1 
0.132778 0.26527 -0.0142322 0.467548 0.741798 -0.480765 1 
0.13232 0.265882 -0.0138631 0.393407 0.873393 -0.287081 1 
0.132405 0.265579 -0.0143929 0.443048 0.708545 -0.549247 1 
0.132734 0.265844 -0.0137751 0.446699 0.746697 -0.492853 1 
0.132593 0.265319 -0.0147048 0.466097 0.693299 -0.549627 1 
0.132575 0.265347 -0.0146104 0.466097 0.693299 -0.549627 1 
0.132118 0.265959 -0.0142412 0.390036 0.853107 -0.346526 1 
0.133068 0.265744 -0.0136836 0.459676 0.749651 -0.476152 1 
0.129595 0.266399 -0.0120849 -0.536272 0.838195 -0.0992032 1 
0.136614 0.263153 -0.00759507 0.894407 0.025326 0.446537 1 
0.136393 0.263948 -0.00723647 0.654201 0.533115 0.536479 1 
0.136375 0.264292 -0.0073421 0.663324 0.542415 0.515546 1 
0.13634 0.263974 -0.00799571 0.755203 0.499646 0.42429 1 
0.136445 0.26418 -0.00771965 0.770212 0.486878 0.411974 1 
0.136571 0.264522 -0.00747996 0.69131 0.490445 0.530618 1 
0.135072 0.265641 -0.00745442 0.599193 0.639475 0.481704 1 
0.135714 0.264606 -0.00819347 0.695781 0.620472 0.361806 1 
0.136163 0.264196 -0.00809428 0.731551 0.584915 0.350297 1 
0.13597 0.264445 -0.00809844 0.711139 0.6135 0.343365 1 
0.13608 0.264604 -0.00854874 0.782241 0.616179 0.0917713 1 
0.135345 0.264762 -0.00809616 0.651809 0.604892 0.457439 1 
0.135723 0.265096 -0.00801945 0.696498 0.60429 0.386943 1 
0.135582 0.264945 -0.00810679 0.677938 0.614951 0.402785 1 
0.135388 0.265195 -0.00811097 0.68956 0.620439 0.37358 1 
0.135564 0.265289 -0.00821241 0.714097 0.630276 0.30466 1 
0.136259 0.264545 -0.00839221 0.772276 0.619912 0.13892 1 
0.136493 0.264565 -0.00846083 0.804727 0.593606 0.00685457 1 
0.136194 0.264609 -0.00874106 0.789877 0.600897 -0.122542 1 
0.136431 0.264792 -0.00875168 0.789894 0.554339 -0.262251 1 
0.13596 0.265279 -0.00803007 0.708726 0.614229 0.347031 1 
0.135677 0.265611 -0.00860471 0.750308 0.660551 0.0266464 1 
0.134817 0.265802 -0.00754942 0.595662 0.652711 0.46814 1 
0.134702 0.266113 -0.00755712 0.576943 0.677281 0.456538 1 
0.133908 0.266661 -0.00733742 0.674813 0.554251 0.487272 1 
0.133849 0.266735 -0.00737026 0.686977 0.539887 0.4864 1 
0.134227 0.266062 -0.00773595 0.623062 0.659615 0.420359 1 
0.13391 0.26645 -0.00812178 0.730616 0.646494 0.219652 1 
0.134408 0.266483 -0.00772141 0.70715 0.629477 0.32202 1 
0.134736 0.266373 -0.0079459 0.648855 0.690925 0.318764 1 
0.134636 0.266493 -0.00810598 0.690352 0.708479 0.14653 1 
0.134243 0.266667 -0.00823032 0.728934 0.683816 0.0324284 1 
0.13441 0.266962 -0.0078634 0.729936 0.677275 0.0921562 1 
0.134799 0.265455 -0.00829744 0.646462 0.69805 0.307916 1 
0.13537 0.265539 -0.00821656 0.680572 0.670918 0.294432 1 
0.135211 0.265733 -0.00840953 0.6967 0.693624 0.183018 1 
0.135087 0.265871 -0.00879119 0.719456 0.694504 -0.00693117 1 
0.134197 0.26607 -0.00827356 0.665145 0.693856 0.275947 1 
0.13425 0.265986 -0.00855672 0.683205 0.719085 0.127073 1 
0.134267 0.265958 -0.0086511 0.683205 0.719085 0.127073 1 
0.134516 0.265787 -0.00887208 0.7208 0.69313 0.00415048 1 
0.13427 0.266121 -0.00859311 0.686774 0.719267 0.104862 1 
0.134199 0.266549 -0.00841558 0.727593 0.685373 0.0295541 1 
0.134322 0.266037 -0.00887625 0.692714 0.720816 -0.0238867 1 
0.134613 0.266511 -0.00832762 0.698934 0.713228 0.0528846 1 
0.134331 0.266526 -0.00870226 0.705702 0.708475 -0.00693224 1 
0.134442 0.266368 -0.00895257 0.697064 0.7167 -0.0210382 1 
0.13449 0.265642 -0.00915167 0.723546 0.689957 -0.0209926 1 
0.134585 0.265991 -0.00944962 0.698116 0.715109 -0.0354014 1 
0.13419 0.266001 -0.00963195 0.714219 0.696904 -0.064929 1 
0.134612 0.266136 -0.00916999 0.691458 0.722189 -0.0181595 1 
0.134506 0.266246 -0.00964608 0.693485 0.719117 -0.0441438 1 
0.13484 0.266147 -0.00955462 0.694959 0.717698 -0.0440567 1 
0.135208 0.265886 -0.00866751 0.7208 0.69313 0.00415048 1 
0.135594 0.265703 -0.00885921 0.744843 0.667169 -0.00970932 1 
0.134786 0.266172 -0.0103139 0.714428 0.687469 -0.130305 1 
0.134908 0.265976 -0.0109745 0.718256 0.672312 -0.179181 1 
0.135146 0.26616 -0.0109852 0.714576 0.677853 -0.172906 1 
0.13563 0.265002 -0.0117171 0.602822 0.743534 -0.289419 1 
0.133766 0.266827 -0.00762472 0.740578 0.609982 0.281898 1 
0.134003 0.267011 -0.00763536 0.715152 0.658568 0.234192 1 
0.133883 0.266995 -0.00775902 0.76745 0.618519 0.168687 1 
0.133505 0.266978 -0.00803575 0.720857 0.692971 -0.0125488 1 
0.133584 0.267039 -0.00803929 0.720857 0.692971 -0.0125488 1 
0.133557 0.266893 -0.00831891 0.7153 0.698502 -0.0209971 1 
0.133997 0.267 -0.00795136 0.729936 0.677275 0.0921562 1 
0.133932 0.267064 -0.00830019 0.707051 0.707051 -0.0125512 1 
0.133943 0.267026 -0.00871059 0.7153 0.698502 -0.0209971 1 
0.134115 0.266583 -0.00971243 0.689929 0.721485 -0.0588089 1 
0.134364 0.266412 -0.00993342 0.708215 0.702421 -0.0709663 1 
0.134188 0.266634 -0.0100319 0.675687 0.731383 -0.0923389 1 
0.134601 0.266595 -0.00994404 0.709352 0.700649 -0.0768828 1 
0.13416 0.266009 -0.0101696 0.698374 0.704355 -0.127113 1 
0.134206 0.265915 -0.0107687 0.727472 0.663148 -0.176125 1 
0.13389 0.266361 -0.0101122 0.703149 0.700163 -0.123909 1 
0.133713 0.266583 -0.0102108 0.734369 0.665569 -0.133114 1 
0.133969 0.266422 -0.0101157 0.692039 0.712785 -0.114105 1 
0.134382 0.266384 -0.0100278 0.697724 0.712229 -0.0768802 1 
0.134276 0.266493 -0.0105039 0.708163 0.690043 -0.149484 1 
0.134029 0.266827 -0.0102249 0.6825 0.723774 -0.101712 1 
0.134364 0.266728 -0.0101334 0.670288 0.735107 -0.101648 1 
0.134222 0.266894 -0.0104207 0.711484 0.690514 -0.130314 1 
0.134293 0.266465 -0.0105982 0.72665 0.669003 -0.156252 1 
0.134486 0.266532 -0.0107941 0.708588 0.684102 -0.172938 1 
0.134117 0.265996 -0.0113392 0.633448 0.739804 -0.22679 1 
0.134228 0.266529 -0.0109471 0.672449 0.715535 -0.18927 1 
0.13402 0.266654 -0.0105989 0.689297 0.707476 -0.156039 1 
0.133973 0.26669 -0.0110421 0.653241 0.733167 -0.189056 1 
0.133738 0.26667 -0.0109735 0.63911 0.743832 -0.195583 1 
0.134117 0.266687 -0.0106968 0.675831 0.715676 -0.176237 1 
0.133559 0.266728 -0.0111301 0.589851 0.773499 -0.231894 1 
0.133553 0.266718 -0.0114461 0.523978 0.808647 -0.267464 1 
0.133849 0.266828 -0.0114238 0.560782 0.788844 -0.251493 1 
0.134245 0.266817 -0.0112415 0.627021 0.74838 -0.216268 1 
0.134256 0.266779 -0.0116519 0.557471 0.781723 -0.279525 1 
0.133922 0.266879 -0.0117434 0.520026 0.801378 -0.295577 1 
0.134573 0.265326 -0.0127508 0.451713 0.798937 -0.397057 1 
0.134098 0.265966 -0.0122872 0.530389 0.772208 -0.349831 1 
0.134129 0.266063 -0.012734 0.513969 0.770144 -0.377776 1 
0.134097 0.265908 -0.0133296 0.43004 0.797265 -0.423597 1 
0.133868 0.266213 -0.013145 0.496082 0.761315 -0.417495 1 
0.133253 0.267078 -0.0119263 0.492818 0.809742 -0.318509 1 
0.133744 0.266351 -0.0135267 0.45962 0.763852 -0.453077 1 
0.134986 0.264913 -0.0135052 0.320612 0.792758 -0.518403 1 
0.135194 0.264472 -0.0136534 0.228772 0.767244 -0.599166 1 
0.134449 0.265464 -0.0131325 0.427827 0.792692 -0.434285 1 
0.134502 0.26538 -0.0134156 0.379129 0.785685 -0.488835 1 
0.129323 0.256546 -0.00486448 0.283219 0.959055 -0.00121553 1 
0.129121 0.256306 -0.00504262 0.283219 0.959055 -0.00121553 1 
0.128866 0.256467 -0.0051376 0.256473 0.966331 0.0206637 1 
0.129182 0.256711 -0.00515177 0.265128 0.96399 -0.0207704 1 
0.128821 0.256666 -0.0055229 0.256473 0.966331 0.0206637 1 
0.129035 0.256551 -0.00555511 0.267714 0.958338 0.0995844 1 
0.129193 0.256673 -0.00556218 0.260528 0.965056 0.0281322 1 
0.129163 0.256681 -0.00609979 0.312069 0.927734 0.204751 1 
0.131505 0.254661 -0.00570179 0.708526 0.693547 -0.130321 1 
0.131899 0.254593 -0.00656191 0.763803 0.645448 -0.00137622 1 
0.132628 0.254799 -0.00648809 0.865804 0.499971 0.020324 1 
0.131672 0.255648 -0.00469252 0.345109 0.855808 -0.385346 1 
0.131909 0.255831 -0.00470314 0.765066 0.603015 -0.225936 1 
0.131319 0.256092 -0.0048896 0.440563 0.819098 0.367401 1 
0.131434 0.255781 -0.0048819 0.431127 0.901202 -0.0443214 1 
0.131671 0.255964 -0.0048925 0.43052 0.896099 -0.107981 1 
0.131337 0.256064 -0.00498401 0.440563 0.819098 0.367401 1 
0.131726 0.256043 -0.00511771 0.43052 0.896099 -0.107981 1 
0.131582 0.256046 -0.005463 0.421606 0.906778 -0.00129725 1 
0.131251 0.255992 -0.00529647 0.400751 0.916186 -0.00128859 1 
0.131691 0.255034 -0.00641365 0.651127 0.758957 -0.00414731 1 
0.131239 0.255972 -0.00592847 0.399807 0.916599 0.00128555 1 
0.130781 0.256209 -0.00640164 0.456388 0.883104 0.108798 1 
0.131423 0.255865 -0.00649832 0.505188 0.858961 0.0834905 1 
0.131338 0.255477 -0.00661078 0.543049 0.837727 0.0575324 1 
0.131175 0.25545 -0.00790408 0.714098 0.683904 0.149462 1 
0.132354 0.254929 -0.00753111 0.786264 0.613142 0.0764624 1 
0.131456 0.256067 -0.00792948 0.714192 0.670813 0.19985 1 
0.131992 0.255516 -0.00830225 0.681326 0.706045 0.19312 1 
0.131693 0.25625 -0.00794009 0.706744 0.675678 0.209693 1 
0.129278 0.256744 -0.00524972 0.260528 0.965056 0.0281322 1 
0.129541 0.256699 -0.00582308 0.289411 0.946306 0.144032 1 
0.129242 0.256742 -0.00610331 0.312069 0.927734 0.204751 1 
0.129535 0.256689 -0.00613909 0.279052 0.941628 0.188326 1 
0.129629 0.256559 -0.006295 0.362818 0.921642 0.137621 1 
0.130088 0.256426 -0.00680619 0.486278 0.855076 0.179938 1 
0.131414 0.256113 -0.0080567 0.706744 0.675678 0.209693 1 
0.131106 0.255983 -0.00871094 0.79003 0.586836 0.177416 1 
0.131244 0.25597 -0.00868164 0.79003 0.586836 0.177416 1 
0.131278 0.25623 -0.00907039 0.813207 0.558612 0.16324 1 
0.130144 0.256926 -0.00821578 0.689228 0.650307 0.319477 1 
0.130618 0.257293 -0.00823702 0.683626 0.654398 0.323139 1 
0.130865 0.256268 -0.00915833 0.827245 0.55294 0.0996159 1 
0.131148 0.256358 -0.00976813 0.757919 0.652228 0.0125161 1 
0.131189 0.256312 -0.00964088 0.787274 0.614837 0.0466428 1 
0.130644 0.256689 -0.00964218 0.819585 0.571901 0.0347871 1 
0.130296 0.257038 -0.00853885 0.760372 0.596648 0.256606 1 
0.130318 0.257653 -0.00871726 0.773263 0.559619 0.298145 1 
0.130547 0.257347 -0.00890186 0.795302 0.551555 0.251559 1 
0.131651 0.256296 -0.00806732 0.73359 0.653618 0.186089 1 
0.131561 0.256319 -0.00968023 0.729959 0.681199 0.05593 1 
0.131464 0.256602 -0.00978227 0.75291 0.65576 0.0557182 1 
0.131795 0.256656 -0.00994878 0.717785 0.695044 0.0412193 1 
0.131952 0.257095 -0.0101559 0.691458 0.722189 0.0181595 1 
0.130581 0.257607 -0.00929063 0.829895 0.51621 0.211661 1 
0.13061 0.257541 -0.0097954 0.807902 0.588951 0.0207865 1 
0.130713 0.257584 -0.00957732 0.832468 0.550753 0.0605687 1 
0.130504 0.258025 -0.0094291 0.792566 0.563017 0.234203 1 
0.130281 0.257967 -0.00977087 0.857691 0.467149 0.214798 1 
0.130377 0.258316 -0.0100689 0.850157 0.487303 0.19942 1 
0.130564 0.258056 -0.0103807 0.668315 0.73851 -0.0892062 1 
0.124123 0.265273 -0.0124461 0.333079 0.919184 0.21014 1 
0.124093 0.26528 -0.0129838 0.351668 0.906166 0.234932 1 
0.126142 0.264426 -0.0130921 0.249592 0.968224 0.0156749 1 
0.124991 0.26515 -0.012143 0.352136 0.908597 0.224613 1 
0.125228 0.265334 -0.0121536 0.309025 0.900459 0.306067 1 
0.125415 0.265074 -0.0124655 0.247556 0.963287 0.103896 1 
0.124506 0.265242 -0.0128958 0.348866 0.906467 0.237929 1 
0.124465 0.265288 -0.013023 0.348866 0.906467 0.237929 1 
0.124623 0.265411 -0.0130301 0.355127 0.908834 0.218874 1 
0.125837 0.264834 -0.0128459 0.245145 0.963896 0.103962 1 
0.125556 0.265224 -0.0123782 0.2494 0.959734 0.12927 1 
0.125218 0.264786 -0.01337 0.27517 0.925314 0.260913 1 
0.12535 0.264072 -0.0142991 0.351259 0.866643 0.354327 1 
0.124945 0.264975 -0.0133707 0.327469 0.926188 0.186924 1 
0.124728 0.265242 -0.0135964 0.3746 0.908513 0.185147 1 
0.125834 0.264671 -0.0129039 0.239253 0.963479 0.120273 1 
0.126065 0.264844 -0.0132305 0.260528 0.965056 0.0281322 1 
0.1261 0.264788 -0.0134193 0.291838 0.951418 -0.0981518 1 
0.125648 0.265036 -0.0135764 0.261777 0.961553 0.0830025 1 
0.126256 0.264852 -0.0144688 0.378831 0.906025 -0.188695 1 
0.126121 0.265028 -0.0144401 0.330873 0.939466 -0.08903 1 
0.125386 0.265186 -0.0139875 0.287896 0.893521 0.34458 1 
0.125682 0.265296 -0.0139653 0.286967 0.933691 0.214175 1 
0.125922 0.264952 -0.0145602 0.278212 0.925947 0.255384 1 
0.125787 0.265128 -0.0145315 0.298929 0.887773 0.350002 1 
0.12511 0.265528 -0.0142461 0.308527 0.928398 0.207093 1 
0.125479 0.265372 -0.0143434 0.308084 0.875688 0.371826 1 
0.123442 0.265135 -0.0130611 0.335624 0.91098 0.239732 1 
0.123621 0.265393 -0.0131046 0.349546 0.905308 0.241318 1 
0.123521 0.265513 -0.0132646 0.341667 0.908688 0.239894 1 
0.123999 0.265411 -0.0128278 0.3727 0.897131 0.237173 1 
0.123917 0.265502 -0.0130823 0.341904 0.909319 0.23715 1 
0.123495 0.265742 -0.0127019 0.257437 0.939296 0.226823 1 
0.123902 0.265694 -0.01293 0.353528 0.906371 0.231321 1 
0.123647 0.265854 -0.0130249 0.297731 0.924532 0.2379 1 
0.123875 0.265548 -0.0132096 0.341904 0.909319 0.23715 1 
0.123954 0.265609 -0.0132131 0.341904 0.909319 0.23715 1 
0.122853 0.266086 -0.0126052 0.119165 0.97464 0.189409 1 
0.123319 0.265964 -0.0128004 0.201584 0.951096 0.234053 1 
0.123295 0.265982 -0.0130221 0.229587 0.94447 0.235086 1 
0.123529 0.266002 -0.0130906 0.266417 0.931756 0.246683 1 
0.122943 0.265418 -0.0136615 0.223435 0.939536 0.259517 1 
0.123986 0.26539 -0.0134598 0.351668 0.906166 0.234932 1 
0.124153 0.265311 -0.0139353 0.378047 0.907026 0.18543 1 
0.123909 0.265434 -0.0144407 0.3567 0.91662 0.180482 1 
0.12318 0.265602 -0.0136721 0.256006 0.93589 0.242016 1 
0.123563 0.265571 -0.0141218 0.327837 0.914187 0.238295 1 
0.124289 0.26551 -0.0131217 0.348866 0.906467 0.237929 1 
0.124206 0.265602 -0.0133761 0.348866 0.906467 0.237929 1 
0.124341 0.265426 -0.0134048 0.348866 0.906467 0.237929 1 
0.124393 0.265342 -0.0136879 0.378047 0.907026 0.18543 1 
0.124214 0.265717 -0.0140445 0.364851 0.911412 0.190295 1 
0.124802 0.265773 -0.014058 0.3746 0.908513 0.185147 1 
0.124489 0.265691 -0.0139858 0.378047 0.907026 0.18543 1 
0.124416 0.265265 -0.0145087 0.378047 0.907026 0.18543 1 
0.124415 0.265582 -0.0147087 0.387774 0.897002 0.212178 1 
0.125025 0.265457 -0.0145586 0.325596 0.922759 0.206163 1 
0.124673 0.265584 -0.0145557 0.369802 0.907957 0.197132 1 
0.124011 0.265793 -0.0144226 0.336437 0.914012 0.226698 1 
0.124169 0.265916 -0.0144297 0.3567 0.91662 0.180482 1 
0.124186 0.265888 -0.0145241 0.35107 0.920677 0.1706 1 
0.124555 0.266048 -0.0148214 0.407507 0.871065 0.274196 1 
0.125007 0.266176 -0.0138218 0.352356 0.905014 0.238316 1 
0.124942 0.266239 -0.0141707 0.378047 0.907026 0.18543 1 
0.125172 0.266308 -0.0135129 0.367795 0.896593 0.246674 1 
0.125421 0.266137 -0.0137339 0.308527 0.928398 0.207093 1 
0.125198 0.265388 -0.014718 0.402584 0.741084 0.537327 1 
0.12474 0.266 -0.0143489 0.378047 0.907026 0.18543 1 
0.124758 0.265972 -0.0144432 0.378047 0.907026 0.18543 1 
0.125082 0.266015 -0.0149258 0.439679 0.830504 0.341972 1 
0.124748 0.266115 -0.0150172 0.414773 0.861688 0.292331 1 
0.12584 0.264036 -0.0152571 0.345478 0.924539 0.16085 1 
0.126544 0.264472 -0.0146205 0.405372 0.891232 -0.203418 1 
0.125568 0.264916 -0.0146153 0.341911 0.827205 0.445903 1 
0.125136 0.265299 -0.0148089 0.408615 0.749948 0.520204 1 
0.124194 0.266002 -0.0151925 0.439194 0.839314 0.320408 1 
0.124431 0.266186 -0.0152031 0.432802 0.839043 0.32968 1 
0.127569 0.264742 -0.0124977 0.0455644 -0.984892 0.167069 1 
0.12783 0.264908 -0.0122867 0.231694 -0.964312 0.128143 1 
0.12798 0.264541 -0.0124678 0.197001 -0.980397 -0.00345616 1 
0.127639 0.26463 -0.0128753 -0.0794766 -0.985747 -0.148277 1 
0.127532 0.265056 -0.0135514 0.167503 -0.985378 0.0311902 1 
0.127538 0.264691 -0.0140777 0.41698 -0.237634 -0.877302 1 
0.127467 0.26512 -0.0139002 0.233213 -0.883834 -0.405524 1 
0.127519 0.265036 -0.0141834 0.267484 -0.802453 -0.533405 1 
0.128052 0.264592 -0.0127873 0.308955 -0.935177 -0.173181 1 
0.127811 0.264878 -0.0132347 0.247324 -0.965199 0.0849781 1 
0.126617 0.264898 -0.0140977 0.382387 0.883239 -0.27142 1 
0.127142 0.264702 -0.01426 0.447089 0.792493 -0.414808 1 
0.127496 0.264737 -0.0142049 0.42987 -0.0498595 -0.901513 1 
0.124462 0.234126 -0.0122441 0.899739 -0.294972 -0.321653 0 
0.11975 0.221209 -0.0158495 0.347048 -0.301976 0.887901 0 
0.119782 0.220989 -0.0160963 0.347048 -0.301976 0.887901 0 
0.123542 0.224837 -0.0153769 -0.111776 -0.0508072 -0.992434 0 
0.119587 0.222247 -0.0156581 0.38984 -0.225077 0.892953 0 
0.119766 0.222504 -0.0157015 -0.273835 -0.0233313 0.961494 0 
0.119675 0.222797 -0.0154876 -0.342634 -0.011379 0.9394 0 
0.119816 0.221941 -0.0158427 0.38984 -0.225077 0.892953 0 
0.120029 0.222142 -0.0160749 0.38984 -0.225077 0.892953 0 
0.11995 0.222772 -0.015429 -0.390303 0.0274126 0.920278 0 
0.120266 0.223017 -0.0154431 -0.409241 0.0720591 0.909576 0 
0.120299 0.222797 -0.0156899 -0.424983 0.0333059 0.904588 0 
0.120266 0.222326 -0.0160855 -0.206362 -0.0827919 0.974967 0 
0.12053 0.222655 -0.0158165 -0.394455 0.0464846 0.917739 0 
0.119955 0.223414 -0.015513 0.165076 -0.225824 0.96008 0 
0.12147 0.223965 -0.0145482 0.44657 -0.177164 -0.877034 0 
0.120424 0.223139 -0.0154502 0.165076 -0.225824 0.96008 0 
0.120579 0.223414 -0.0157153 0.748968 -0.498764 0.436212 0 
0.12031 0.22345 -0.0154579 0.748806 -0.501947 0.432826 0 
0.120429 0.223781 -0.0155342 0.712893 -0.336148 -0.615458 0 
0.120607 0.224039 -0.0155777 0.704035 -0.347934 -0.619093 0 
0.120542 0.224103 -0.0159266 0.723313 -0.354309 -0.592692 0 
0.120668 0.224444 -0.0156869 0.644803 -0.341174 -0.683981 0 
0.120717 0.225204 -0.0155856 0.681335 -0.560804 0.470406 0 
0.120392 0.224786 -0.0159455 0.720601 -0.364385 -0.58988 0 
0.120612 0.224998 -0.0158617 0.635851 -0.330122 -0.697648 0 
0.122517 0.228022 -0.0142879 -0.117207 0.0800719 -0.989874 0 
0.122058 0.225028 -0.0141194 0.331123 -0.141517 -0.932915 0 
0.121993 0.225092 -0.0144682 0.309252 -0.116471 -0.943821 0 
0.121707 0.224148 -0.0145588 0.310362 -0.0851203 -0.9468 0 
0.121775 0.224564 -0.014352 0.285136 -0.0570272 -0.956789 0 
0.121803 0.224498 -0.0148567 0.20865 -0.00582821 -0.977973 0 
0.121861 0.22474 -0.0150239 0.233732 -0.0203767 -0.972087 0 
0.121564 0.225263 -0.0154462 0.263562 -0.0802146 -0.961302 0 
0.12223 0.225275 -0.0144788 0.279364 -0.0836805 -0.956532 0 
0.122309 0.225337 -0.0144823 0.248036 -0.0768029 -0.965702 0 
0.122716 0.225288 -0.0147104 0.17854 -0.0862335 -0.980147 0 
0.121817 0.225314 -0.0145667 0.287432 -0.0923425 -0.953339 0 
0.121978 0.225599 -0.0145158 0.226565 -0.0154207 -0.973874 0 
0.122291 0.225681 -0.014588 0.15516 0.00111626 -0.987889 0 
0.122062 0.225987 -0.0144034 0.147389 -0.0146264 -0.98897 0 
0.121812 0.22398 -0.0151251 0.421349 -0.208457 -0.882616 0 
0.122092 0.224914 -0.0153505 0.283846 -0.10072 -0.953565 0 
0.122088 0.225383 -0.0158085 0.279364 -0.0836805 -0.956532 0 
0.122248 0.225668 -0.0157576 0.233014 -0.0869079 -0.968582 0 
0.121604 0.225533 -0.0155189 0.262407 -0.0615211 -0.962994 0 
0.121572 0.225753 -0.0152722 0.213285 -0.0153188 -0.97687 0 
0.121841 0.225717 -0.0155295 0.267782 -0.0970225 -0.958582 0 
0.121226 0.226206 -0.0151533 0.227081 -0.0178336 -0.973713 0 
0.121902 0.226122 -0.0156387 0.168272 -0.0171706 -0.985591 0 
0.121657 0.22614 -0.0151597 0.195617 -0.0222558 -0.980428 0 
0.121753 0.226489 -0.0154576 0.138624 -0.00554496 -0.99033 0 
0.120849 0.225181 -0.0158723 0.333988 -0.0918135 -0.938095 0 
0.121203 0.225217 -0.0158173 0.241548 -0.0327729 -0.969835 0 
0.121516 0.225299 -0.0158894 0.263022 -0.0749676 -0.961873 0 
0.121493 0.225317 -0.016111 0.27512 -0.075498 -0.958441 0 
0.123278 0.225515 -0.0152036 0.104754 -0.0817311 -0.991134 0 
0.122223 0.226272 -0.0143525 0.0993694 -0.0229314 -0.994786 0 
0.122413 0.226176 -0.0146063 0.0993694 -0.0229314 -0.994786 0 
0.12295 0.225625 -0.014979 0.1474 -0.0522284 -0.987697 0 
0.123142 0.226007 -0.0153749 0.0315827 -0.0112067 -0.999438 0 
0.123268 0.226349 -0.0151352 -0.0654798 0.0354235 -0.997225 0 
0.123332 0.224799 -0.0150867 0.0456285 -0.101273 -0.993812 0 
0.123156 0.225021 -0.0151852 0.206069 -0.136952 -0.968906 0 
0.123388 0.225673 -0.0156539 0.06452 -0.0579586 -0.996232 0 
0.122485 0.225852 -0.0157682 0.212113 -0.0545435 -0.975722 0 
0.122667 0.225957 -0.0155537 0.157076 -0.0286635 -0.987171 0 
0.12304 0.225648 -0.015393 0.152544 -0.0948898 -0.983731 0 
0.122916 0.225786 -0.0157747 0.179316 -0.0914877 -0.979528 0 
0.123334 0.22639 -0.0157707 -0.0566702 0.0395622 -0.997609 0 
0.122012 0.22655 -0.0142623 0.0934362 -0.00966581 -0.995578 0 
0.122249 0.226734 -0.0142729 0.0112289 0.0336866 -0.999369 0 
0.122184 0.226798 -0.0146217 0.0322223 0.0343012 -0.998892 0 
0.122539 0.226833 -0.0145666 -0.0343034 0.0301454 -0.998957 0 
0.122139 0.226306 -0.0156493 0.151462 -0.0078536 -0.988432 0 
0.122107 0.226525 -0.0154025 0.142971 -0.0191379 -0.989542 0 
0.122403 0.226635 -0.0153803 0.0610259 0.00103434 -0.998136 0 
0.122737 0.226535 -0.0152888 0.0211 0.00904284 -0.999736 0 
0.121878 0.226831 -0.0152179 0.112825 0.01424 -0.993513 0 
0.122036 0.226953 -0.015225 0.0507097 0.00931402 -0.99867 0 
0.12286 0.226714 -0.0151071 0.00503359 0.0251679 -0.999671 0 
0.122704 0.227071 -0.0152421 -0.0410301 0.038926 -0.998399 0 
0.122587 0.227219 -0.0153078 -0.0457902 0.04792 -0.997801 0 
0.123 0.22718 -0.0152198 -0.0712222 0.0536905 -0.996014 0 
0.123275 0.227155 -0.0151612 -0.102143 0.0527552 -0.99337 0 
0.123158 0.227303 -0.0152269 -0.122799 0.0631208 -0.990422 0 
0.122085 0.227713 -0.0151238 -0.11022 0.11496 -0.987236 0 
0.122622 0.227854 -0.0148542 -0.12543 0.0879181 -0.988199 0 
0.122419 0.22793 -0.0152323 -0.12939 0.1009 -0.986447 0 
0.122577 0.228052 -0.0152394 -0.123903 0.095582 -0.98768 0 
0.122176 0.22742 -0.0153377 -0.020378 0.0825844 -0.996376 0 
0.122754 0.228205 -0.0142985 -0.0915136 0.0734369 -0.993092 0 
0.123033 0.229139 -0.0145238 -0.0139121 0.084543 -0.996323 0 
0.123665 0.229628 -0.0145522 0.0616842 0.140826 -0.988111 0 
0.124275 0.22701 -0.0151448 -0.20977 0.0699234 -0.975247 0 
0.124584 0.227935 -0.0148326 -0.083005 0.164807 -0.982827 0 
0.124366 0.227407 -0.0147164 -0.2057 0.131597 -0.969727 0 
0.123193 0.227938 -0.0147733 -0.144467 0.0943216 -0.985004 0 
0.123298 0.227769 -0.0153396 -0.102223 0.0838461 -0.991222 0 
0.123306 0.228259 -0.0151656 -0.112328 0.112328 -0.987302 0 
0.123104 0.228019 -0.0153438 -0.116568 0.102439 -0.987886 0 
0.123253 0.227968 -0.0157248 -0.11538 0.0874088 -0.989468 0 
0.124202 0.228386 -0.0155672 -0.00107905 0.111142 -0.993804 0 
0.123262 0.228833 -0.0147085 -0.0898301 0.0807334 -0.99268 0 
0.123736 0.228509 -0.0153721 -0.0565572 0.0853903 -0.994741 0 
0.122535 0.229796 -0.0142819 -0.132533 0.188071 -0.973172 0 
0.123361 0.22972 -0.014106 0.0802353 0.164063 -0.983181 0 
0.123218 0.229406 -0.0142513 0.0568758 0.145091 -0.987782 0 
0.123252 0.229666 -0.0146401 0.0401828 0.145806 -0.988497 0 
0.122663 0.229927 -0.0148266 -0.132533 0.188071 -0.973172 0 
0.122841 0.230184 -0.01487 -0.0969744 0.182901 -0.978337 0 
0.123208 0.23024 -0.014183 0.969295 -0.238919 -0.0581824 0 
0.12358 0.230248 -0.0142222 0.0392474 0.200994 -0.978806 0 
0.122902 0.23059 -0.0149792 0.975452 -0.218492 -0.0274607 0 
0.123021 0.230921 -0.0150556 0.958645 -0.28454 0.00610602 0 
0.1234 0.230623 -0.0145788 0.956678 -0.288879 0.0362662 0 
0.123795 0.23162 -0.0139542 0.82328 -0.394984 0.407674 0 
0.123743 0.231013 -0.0143134 0.519125 0.0514949 -0.853146 0 
0.123556 0.231694 -0.0151859 0.857115 -0.367335 0.361135 0 
0.123275 0.232084 -0.0147182 0.859491 -0.39657 0.322502 0 
0.122506 0.228481 -0.0150619 -0.0823123 0.0800572 -0.993386 0 
0.122717 0.228519 -0.0153521 -0.0750822 0.0795647 -0.993998 0 
0.122531 0.229259 -0.0151823 0.011633 0.0729707 -0.997266 0 
0.123138 0.22897 -0.0150902 -0.015927 0.0753876 -0.997027 0 
0.122768 0.229442 -0.0151929 0.0500019 0.0922257 -0.994482 0 
0.122821 0.229358 -0.015476 0.0500019 0.0922257 -0.994482 0 
0.123075 0.229514 -0.015581 0.0617573 0.0931973 -0.993731 0 
0.12348 0.228986 -0.0156671 0.0120204 0.11474 -0.993323 0 
0.122557 0.22972 -0.0151027 -0.118518 0.15273 -0.981136 0 
0.122735 0.229978 -0.0151461 -0.132533 0.188071 -0.973172 0 
0.12289 0.230253 -0.0154112 -0.0823211 0.156291 -0.984275 0 
0.122855 0.230309 -0.0152225 -0.0823211 0.156291 -0.984275 0 
0.123048 0.230375 -0.0154183 -0.0991188 0.139722 -0.985217 0 
0.123092 0.230493 -0.0152331 -0.0437911 0.188183 -0.981157 0 
0.123446 0.230528 -0.015178 -0.0129725 0.220532 -0.975293 0 
0.124195 0.230074 -0.0147986 0.0130876 0.234388 -0.972055 0 
0.124377 0.232356 -0.0136413 0.865082 -0.163029 -0.4744 0 
0.124445 0.232772 -0.0134344 0.903086 -0.229054 -0.363277 0 
0.125098 0.232764 -0.0130991 0.00583576 -0.213589 0.976906 0 
0.123973 0.231877 -0.0139976 0.817789 -0.387374 0.425633 0 
0.124199 0.232099 -0.0135978 0.437323 -0.348911 0.828861 0 
0.12404 0.232293 -0.0137908 0.872887 -0.183998 -0.451899 0 
0.124128 0.232152 -0.0142627 0.801953 -0.387316 0.454815 0 
0.125289 0.231976 -0.0139953 0.711344 -0.354854 0.606686 0 
0.124149 0.232662 -0.0134567 0.883133 -0.217455 -0.415679 0 
0.124386 0.232846 -0.0134673 0.0129494 -0.217785 0.975911 0 
0.124412 0.233307 -0.0133877 0.184439 -0.21363 0.959346 0 
0.12457 0.23343 -0.0133948 0.837609 -0.266863 -0.47665 0 
0.124393 0.233652 -0.0134933 0.0552137 -0.107047 0.99272 0 
0.12427 0.233789 -0.013875 0.881052 -0.315849 -0.352118 0 
0.12381 0.232856 -0.0148486 0.846268 -0.187228 -0.498774 0 
0.124065 0.232696 -0.0147535 0.700287 -0.362444 0.615006 0 
0.123757 0.23294 -0.0145654 0.839023 -0.184615 -0.511819 0 
0.123415 0.23255 -0.0148309 0.754698 -0.373274 0.539535 0 
0.123573 0.232673 -0.0148379 0.69429 -0.38425 0.608534 0 
0.124412 0.232616 -0.0140301 0.876355 -0.17762 -0.447719 0 
0.12395 0.233698 -0.0141189 0.899739 -0.321653 -0.294972 0 
0.123935 0.233198 -0.0146089 0.209583 -0.245198 0.946548 0 
0.124055 0.23353 -0.0146852 0.446607 -0.230071 0.864644 0 
0.124187 0.233881 -0.0141295 0.90438 -0.357953 -0.232305 0 
0.12424 0.233797 -0.0144126 0.905696 -0.35908 -0.225334 0 
0.124462 0.233481 -0.0149132 0.549357 -0.230575 0.803145 0 
0.124763 0.234187 -0.0129482 0.91979 -0.30851 -0.242503 0 
0.124742 0.233677 -0.0137542 0.904705 -0.355159 -0.235311 0 
0.124802 0.234083 -0.0138634 0.855851 -0.313041 -0.411734 0 
0.124556 0.234417 -0.0135844 0.887484 -0.325861 -0.325861 0 
0.124758 0.234656 -0.0134063 0.916166 -0.342666 -0.207894 0 
0.124917 0.234462 -0.0132133 0.918966 -0.314951 -0.237292 0 
0.124899 0.234807 -0.0133189 0.911251 -0.343349 -0.227451 0 
0.125156 0.235125 -0.0133659 0.891834 -0.372463 -0.256718 0 
0.124866 0.234651 -0.0139146 0.908033 -0.336686 -0.249235 0 
0.125346 0.235029 -0.0136198 0.892416 -0.366766 -0.262825 0 
0.124284 0.233914 -0.0142274 0.901764 -0.342759 -0.263321 0 
0.124435 0.234027 -0.0145505 0.897343 -0.330756 -0.292193 0 
0.12474 0.23431 -0.0141542 0.901082 -0.321075 -0.291483 0 
0.124496 0.234432 -0.0146597 0.899739 -0.321653 -0.294972 0 
0.124523 0.233887 -0.0150224 0.86591 -0.323375 -0.381613 0 
0.124742 0.234789 -0.0142962 0.888822 -0.337243 -0.310263 0 
0.123939 0.234157 -0.0148929 0.887468 -0.355888 -0.29282 0 
0.124598 0.234792 -0.0146416 0.901082 -0.321075 -0.291483 0 
0.124492 0.234901 -0.0151177 0.853171 -0.32981 -0.404134 0 
0.124843 0.235465 -0.0144782 0.88364 -0.359779 -0.299565 0 
0.126261 0.240536 -0.0138148 -0.998107 0.0612782 -0.00519307 0 
0.126419 0.240659 -0.0138219 -0.997887 0.058325 -0.0286323 0 
0.126073 0.241113 -0.013703 -0.994173 -0.0477647 0.0966402 0 
0.126277 0.241515 -0.0134668 -0.910588 0.112264 -0.397776 0 
0.126149 0.242123 -0.0143065 -0.836525 0.17148 -0.520405 0 
0.126158 0.242612 -0.0141325 -0.876417 0.22545 -0.425518 0 
0.125684 0.242936 -0.0134689 -0.958338 -0.0995844 -0.267714 0 
0.125736 0.242852 -0.0137521 -0.950808 -0.0136718 -0.309479 0 
0.125973 0.243035 -0.0137627 -0.876651 0.152146 -0.456438 0 
0.125809 0.242586 -0.0138716 -0.947029 0.0634807 -0.314813 0 
0.125744 0.24265 -0.0142205 -0.931793 0.0927759 -0.350935 0 
0.12587 0.242992 -0.0139808 -0.896004 0.119938 -0.427542 0 
0.126151 0.242602 -0.0144486 -0.814696 0.212463 -0.539564 0 
0.126625 0.242969 -0.0144698 -0.713781 0.223349 -0.663801 0 
0.126862 0.243153 -0.0144804 -0.721154 0.2341 -0.652023 0 
0.127274 0.244438 -0.0141501 -0.739966 0.30658 -0.598714 0 
0.127379 0.24496 -0.014074 -0.661126 0.255255 -0.705519 0 
0.127466 0.24482 -0.0145459 -0.786002 0.403535 -0.46836 0 
0.127519 0.244736 -0.0148291 -0.812702 0.403956 -0.419923 0 
0.127589 0.244999 -0.0143642 -0.672719 0.262408 -0.691803 0 
0.127524 0.245063 -0.0147131 -0.829431 0.399707 -0.390228 0 
0.127559 0.245007 -0.0149019 -0.758051 0.320281 -0.568136 0 
0.12787 0.245616 -0.0143896 -0.881164 0.297752 -0.367278 0 
0.12831 0.245723 -0.0140221 -0.917428 0.255724 -0.304846 0 
0.127796 0.245881 -0.0142701 -0.852509 0.320271 -0.413103 0 
0.128054 0.245884 -0.0141171 -0.916785 0.243995 -0.316183 0 
0.127744 0.245274 -0.0146293 -0.835121 0.3212 -0.446547 0 
0.127664 0.245529 -0.0148258 -0.869771 0.310305 -0.383678 0 
0.127699 0.245473 -0.0150146 -0.843816 0.303028 -0.442887 0 
0.128291 0.246067 -0.0141277 -0.905308 0.241318 -0.349546 0 
0.128253 0.246276 -0.014197 -0.892187 0.250881 -0.37558 0 
0.128499 0.245942 -0.0144759 -0.905587 0.244318 -0.346727 0 
0.128941 0.245838 -0.0148928 -0.905192 0.250061 -0.343651 0 
0.12856 0.246348 -0.0145851 -0.892187 0.250881 -0.37558 0 
0.127833 0.246304 -0.0146009 -0.89251 0.253942 -0.372745 0 
0.127746 0.245754 -0.0147713 -0.898461 0.26791 -0.347839 0 
0.127681 0.245817 -0.0151202 -0.898461 0.26791 -0.347839 0 
0.127707 0.246279 -0.0150406 -0.905308 0.241318 -0.349546 0 
0.127762 0.246358 -0.0152657 -0.90146 0.248526 -0.354408 0 
0.127904 0.246567 -0.0141361 -0.886939 0.248939 -0.389061 0 
0.127957 0.246167 -0.0142192 -0.905308 0.241318 -0.349546 0 
0.128085 0.246988 -0.0141215 -0.87198 0.232628 -0.430737 0 
0.128067 0.247332 -0.0142271 -0.89251 0.253942 -0.372745 0 
0.128044 0.246343 -0.0148911 -0.892187 0.250881 -0.37558 0 
0.12797 0.246608 -0.0147716 -0.886939 0.248939 -0.389061 0 
0.127979 0.246406 -0.01524 -0.892187 0.250881 -0.37558 0 
0.128333 0.246442 -0.0151849 -0.892187 0.250881 -0.37558 0 
0.128629 0.246552 -0.0151626 -0.886939 0.248939 -0.389061 0 
0.128535 0.246682 -0.0150067 -0.883424 0.24283 -0.400744 0 
0.128242 0.246735 -0.014971 -0.883177 0.246572 -0.398999 0 
0.128181 0.246646 -0.0150618 -0.886939 0.248939 -0.389061 0 
0.12814 0.247758 -0.0137043 -0.920675 0.236254 -0.31071 0 
0.128312 0.248005 -0.0140638 -0.854875 0.215603 -0.471915 0 
0.128452 0.248472 -0.0141765 -0.885315 0.265145 -0.381989 0 
0.12861 0.248594 -0.0141835 -0.880159 0.275332 -0.386668 0 
0.128465 0.246794 -0.0146292 -0.883424 0.24283 -0.400744 0 
0.128614 0.246743 -0.0150103 -0.883424 0.24283 -0.400744 0 
0.128444 0.246975 -0.0147928 -0.87198 0.232628 -0.430737 0 
0.128886 0.24687 -0.0152097 -0.86444 0.233836 -0.445043 0 
0.128505 0.24738 -0.014902 -0.807258 0.216806 -0.548935 0 
0.128663 0.247503 -0.014909 -0.910403 0.214976 -0.353485 0 
0.128734 0.247074 -0.0150866 -0.86444 0.233836 -0.445043 0 
0.128207 0.247799 -0.0143398 -0.801509 0.213838 -0.558441 0 
0.128469 0.247753 -0.0149132 -0.792601 0.213925 -0.570981 0 
0.128153 0.248199 -0.0142567 -0.831408 0.218149 -0.511049 0 
0.128646 0.248222 -0.0141723 -0.81313 0.215916 -0.540555 0 
0.128706 0.247936 -0.0149238 -0.734494 0.222999 -0.640928 0 
0.128715 0.248426 -0.0147498 -0.83908 0.243901 -0.486268 0 
0.128767 0.248342 -0.015033 -0.83908 0.243901 -0.486268 0 
0.128846 0.248403 -0.0150365 -0.83908 0.243901 -0.486268 0 
0.128767 0.249033 -0.0143906 -0.888298 0.261264 -0.377713 0 
0.129031 0.248671 -0.014764 -0.873564 0.26403 -0.40887 0 
0.129025 0.248661 -0.01508 -0.875007 0.267489 -0.403501 0 
0.128936 0.249808 -0.0141657 -0.905535 0.333154 -0.262708 0 
0.129231 0.250234 -0.0143435 -0.779394 0.366299 -0.508301 0 
0.129468 0.250417 -0.0143541 -0.533729 0.325366 -0.780558 0 
0.128828 0.249438 -0.0144997 -0.908249 0.279349 -0.311525 0 
0.128915 0.249298 -0.0149717 -0.899006 0.255383 -0.355764 0 
0.128741 0.249999 -0.0152123 -0.886844 0.326732 -0.326732 0 
0.129199 0.249762 -0.0147391 -0.911458 0.329985 -0.245672 0 
0.129339 0.250229 -0.0148518 -0.756584 0.366089 -0.541812 0 
0.129844 0.252075 -0.014035 -0.708755 0.308365 -0.634489 0 
0.130205 0.25212 -0.0136639 -0.658254 0.244675 -0.711924 0 
0.12991 0.250313 -0.0147709 -0.552752 0.336808 -0.76225 0 
0.129813 0.250596 -0.014873 -0.219694 0.187739 -0.957334 0 
0.130309 0.252268 -0.0144303 -0.584988 0.157902 -0.795523 0 
0.130081 0.252258 -0.0140456 -0.607029 0.205432 -0.767668 0 
0.129427 0.253003 -0.0157654 0.459329 -0.318238 -0.829301 0 
0.130248 0.25287 -0.0138787 0.743267 -0.324071 -0.585262 0 
0.130283 0.252498 -0.0138675 -0.628274 0.209425 -0.749275 0 
0.130485 0.253054 -0.0138894 0.722396 -0.389995 -0.571006 0 
0.129835 0.253329 -0.0151511 0.419897 -0.332484 -0.844477 0 
0.130113 0.253467 -0.0150344 0.465719 -0.351276 -0.812226 0 
0.130545 0.253459 -0.0139985 0.722396 -0.389995 -0.571006 0 
0.130873 0.25335 -0.014223 0.722396 -0.389995 -0.571006 0 
0.131108 0.25337 -0.0142916 0.722396 -0.389995 -0.571006 0 
0.130826 0.253385 -0.0146663 0.722396 -0.389995 -0.571006 0 
0.131124 0.253658 -0.014586 0.743533 -0.384022 -0.547436 0 
0.130455 0.254173 -0.014969 0.496525 -0.307373 -0.811779 0 
0.130508 0.254089 -0.0152521 0.489152 -0.318187 -0.812088 0 
0.130484 0.254482 -0.0146314 0.564966 -0.262812 -0.78214 0 
0.130502 0.254454 -0.0147258 0.500654 -0.304814 -0.810206 0 
0.131154 0.254658 -0.013606 0.91838 -0.377019 0.120149 0 
0.131842 0.256022 -0.0142015 0.94506 -0.326703 -0.0112656 0 
0.132026 0.256606 -0.014129 0.916186 -0.400751 -0.00128859 0 
0.132122 0.256955 -0.0144269 0.912122 -0.389712 -0.12711 0 
0.131929 0.256889 -0.0142311 0.919416 -0.392924 -0.0168581 0 
0.131867 0.257116 -0.0145219 0.887327 -0.415064 -0.200932 0 
0.132051 0.257383 -0.0142494 0.891948 -0.441073 -0.0994165 0 
0.132227 0.257478 -0.0143508 0.873356 -0.452142 -0.181151 0 
0.131927 0.257521 -0.0146311 0.30447 -0.65888 -0.687877 0 
0.131974 0.257802 -0.0143878 0.316753 -0.747667 -0.583662 0 
0.131564 0.253765 -0.0142185 0.723014 -0.372164 -0.582018 0 
0.131268 0.253656 -0.0142407 0.743533 -0.384022 -0.547436 0 
0.13125 0.254 -0.0143463 0.742241 -0.36378 -0.562798 0 
0.131347 0.254033 -0.0144443 0.742241 -0.36378 -0.562798 0 
0.130772 0.254793 -0.0141408 0.909 -0.371929 0.188118 0 
0.132144 0.254339 -0.0139636 0.92273 -0.304715 -0.236047 0 
0.130511 0.254627 -0.0143518 0.309443 0.131074 -0.941841 0 
0.130569 0.254869 -0.0145189 0.363757 0.119422 -0.923807 0 
0.130516 0.254579 -0.0150781 0.458857 -0.251533 -0.852163 0 
0.130788 0.254706 -0.0152775 0.523845 -0.239516 -0.817446 0 
0.130735 0.25479 -0.0149944 0.535839 -0.219556 -0.815274 0 
0.130568 0.254495 -0.0153613 0.458857 -0.251533 -0.852163 0 
0.131107 0.254798 -0.0150337 0.714 -0.282725 -0.640524 0 
0.130973 0.254974 -0.015005 -0.564868 0.305637 -0.766492 0 
0.131315 0.255364 -0.0147395 0.385767 -0.0141921 -0.922487 0 
0.131841 0.256338 -0.0144015 0.937992 -0.345171 -0.0320791 0 
0.131976 0.256478 -0.0146302 0.935279 -0.346937 -0.0699151 0 
0.13126 0.256397 -0.0150564 0.932921 -0.357815 -0.0403355 0 
0.13198 0.257437 -0.0149142 0.500602 -0.00671048 0.865652 0 
0.132044 0.257689 -0.0147654 0.960566 -0.220047 -0.169977 0 
0.132097 0.25798 -0.0142061 0.288368 -0.763139 -0.578328 0 
0.125407 0.235434 -0.0137289 0.889778 -0.368133 -0.269765 0 
0.125752 0.234922 -0.0148903 0.876819 -0.377078 -0.29833 0 
0.125099 0.235679 -0.0135408 0.879606 -0.349723 -0.322472 0 
0.125591 0.236018 -0.0136564 0.898241 -0.350713 -0.264885 0 
0.125415 0.23624 -0.013755 0.846042 -0.315131 -0.430007 0 
0.125517 0.236599 -0.0137369 0.845996 -0.295403 -0.443877 0 
0.125871 0.236635 -0.0136818 0.0529421 -0.165885 -0.984723 0 
0.125695 0.236857 -0.0137804 0.884902 -0.271011 -0.378816 0 
0.125475 0.236645 -0.0138641 0.730267 -0.275242 -0.625261 0 
0.124963 0.235796 -0.0145545 0.264788 0.0722149 0.961599 0 
0.125695 0.235475 -0.0150651 0.602303 -0.135332 0.786712 0 
0.1249 0.23634 -0.0150453 -0.846042 0.315131 0.430007 0 
0.124789 0.236498 -0.0147951 -0.85707 0.293897 0.42315 0 
0.12485 0.236903 -0.0149042 -0.837609 0.266863 0.47665 0 
0.125096 0.236569 -0.0151832 -0.858731 0.283182 0.42707 0 
0.125932 0.235659 -0.0150757 0.377777 -0.006403 0.925874 0 
0.125315 0.236781 -0.0150994 -0.897725 0.107839 -0.427155 0 
0.124875 0.237365 -0.0148246 -0.399773 0.0275253 -0.916201 0 
0.124919 0.237798 -0.0148394 -0.322146 -0.0343792 -0.946065 0 
0.124969 0.237235 -0.0149806 -0.356465 -0.0565608 -0.932595 0 
0.124971 0.237714 -0.0151226 -0.155984 -0.0773966 -0.984723 0 
0.125949 0.237012 -0.0138853 0.724856 -0.247936 -0.642737 0 
0.126142 0.237079 -0.0140812 -0.282349 -0.0677126 -0.956919 0 
0.12623 0.23763 -0.0139108 -0.322146 -0.0343792 -0.946065 0 
0.126054 0.237851 -0.0140093 -0.366309 -0.00893437 -0.93045 0 
0.125808 0.237178 -0.0141727 -0.331232 -0.0584527 -0.941737 0 
0.12601 0.237418 -0.0139945 -0.320253 -0.0635319 -0.945199 0 
0.125743 0.237242 -0.0145215 -0.335894 -0.0640421 -0.93972 0 
0.125869 0.237584 -0.0142818 -0.322146 -0.0343792 -0.946065 0 
0.125781 0.237349 -0.0146523 -0.320253 -0.0635319 -0.945199 0 
0.125883 0.237709 -0.0146342 -0.187728 -0.0920233 -0.977901 0 
0.126138 0.238239 -0.0138968 -0.310937 0.0162336 -0.950292 0 
0.126299 0.238525 -0.0138459 -0.309479 0.0136718 -0.950808 0 
0.126582 0.236811 -0.014556 0.877691 -0.22203 -0.424689 0 
0.126146 0.237663 -0.0152076 -0.980016 0.192183 -0.0513285 0 
0.126219 0.237714 -0.0155271 -0.928866 -0.0297963 -0.369215 0 
0.125956 0.238134 -0.0141114 -0.330487 0.0138226 -0.943709 0 
0.125121 0.238038 -0.0146612 -0.313 -0.0342145 -0.949137 0 
0.12524 0.238369 -0.0147376 -0.896241 0.252483 0.364698 0 
0.125234 0.238359 -0.0150536 -0.945228 0.242823 0.21813 0 
0.125301 0.238775 -0.0148467 -0.938485 0.235667 0.252401 0 
0.125336 0.238719 -0.0150355 -0.957036 0.235598 0.169045 0 
0.126023 0.23855 -0.0139046 -0.437161 0.0585606 -0.897475 0 
0.126149 0.238892 -0.0136648 -0.454022 0.0819183 -0.887217 0 
0.126202 0.238808 -0.013948 -0.463064 0.076482 -0.883019 0 
0.126236 0.239068 -0.0143368 -0.953983 0.186503 0.234806 0 
0.126219 0.238089 -0.0146848 -0.106601 -0.0745063 -0.991506 0 
0.125479 0.239032 -0.0148902 -0.966256 0.206221 0.154342 0 
0.125532 0.238948 -0.0151733 -0.793466 -0.21724 -0.568523 0 
0.125523 0.239466 -0.014905 -0.980865 0.185634 0.0586842 0 
0.125953 0.239399 -0.0149114 -0.984778 0.173784 -0.00340754 0 
0.12576 0.239649 -0.0149156 -0.984456 0.168193 0.0505754 0 
0.125769 0.239132 -0.0151839 -0.951949 0.230898 0.201192 0 
0.125032 0.238119 -0.0152317 -0.947044 0.217287 0.236419 0 
0.125242 0.238158 -0.015522 -0.921695 -0.0626912 -0.382817 0 
0.125072 0.23839 -0.0153045 -0.98026 0.111644 -0.163172 0 
0.125558 0.238402 -0.0155361 -0.888068 0.392885 0.238696 0 
0.125388 0.238634 -0.0153187 -0.867287 -0.125131 -0.481826 0 
0.125628 0.23829 -0.0159136 -0.922634 0.380537 0.0627551 0 
0.12635 0.238382 -0.0151715 -0.864193 -0.0598394 -0.49959 0 
0.126386 0.239075 -0.0136754 -0.454022 0.0819183 -0.887217 0 
0.126321 0.239139 -0.0140243 -0.385363 0.0381417 -0.921977 0 
0.126447 0.239481 -0.0137846 -0.510647 0.107883 -0.852996 0 
0.126303 0.239483 -0.01413 -0.96612 0.151726 0.208786 0 
0.126262 0.239529 -0.0142572 -0.946003 0.158344 0.282853 0 
0.125944 0.239917 -0.014643 -0.975156 0.142184 0.169866 0 
0.125997 0.239833 -0.0149262 -0.989239 0.1461 0.00780685 0 
0.126073 0.239731 -0.0149877 -0.983029 0.176259 -0.0508667 0 
0.126234 0.240016 -0.0149368 -0.988231 0.111631 0.104581 0 
0.126838 0.240256 -0.0142603 -0.993599 0.0974556 0.0571291 0 
0.12597 0.240378 -0.0145634 -0.992363 0.121128 0.0233366 0 
0.126022 0.240294 -0.0148466 -0.992495 0.0829921 0.0898134 0 
0.126259 0.240478 -0.0148572 -0.984821 0.0456695 0.167455 0 
0.126309 0.240922 -0.0145559 -0.997457 0.0482122 0.0524977 0 
0.125948 0.240876 -0.014927 -0.0214771 -0.145818 0.989078 0 
0.126452 0.240544 -0.015053 -0.962379 0.0036225 0.271688 0 
0.125916 0.241095 -0.0146803 -0.995273 0.0541269 0.0806381 0 
0.126092 0.241189 -0.0147817 -0.992576 0.0323788 0.117233 0 
0.125977 0.2415 -0.0147895 -0.843584 0.193979 -0.500737 0 
0.126187 0.241539 -0.0150797 -0.864278 0.17581 -0.47129 0 
0.126096 0.241832 -0.0148658 -0.141532 0.295196 -0.944896 0 
0.126345 0.241661 -0.0150867 -0.901917 0.179808 -0.392701 0 
0.126064 0.242051 -0.014619 -0.814513 0.179827 -0.551572 0 
0.126333 0.242016 -0.0148764 -0.0996531 0.26531 -0.958999 0 
0.126263 0.242444 -0.0146988 -0.692409 0.213168 -0.689297 0 
0.126512 0.242273 -0.0149198 0.0563524 0.193037 -0.979572 0 
0.126552 0.242543 -0.0149926 -0.9888 0.141586 -0.0471954 0 
0.126789 0.242727 -0.0150032 -0.896727 0.265313 -0.354244 0 
0.126362 0.24264 -0.0147388 -0.648869 0.205966 -0.732494 0 
0.126718 0.243155 -0.0148257 -0.680586 0.237341 -0.693161 0 
0.126976 0.243474 -0.0148727 -0.900895 0.387341 -0.195847 0 
0.128573 0.24467 -0.0150378 -0.834441 0.353577 -0.42272 0 
0.128519 0.245386 -0.0151547 -0.869519 0.284764 -0.403542 0 
0.132138 0.25825 -0.014279 0.972895 -0.191037 -0.13031 0 
0.132331 0.258317 -0.0144748 0.972895 -0.191037 -0.13031 0 
0.132198 0.258656 -0.0143881 0.972895 -0.191037 -0.13031 0 
0.132278 0.258026 -0.015034 0.972895 -0.191037 -0.13031 0 
0.132441 0.2581 -0.0157675 0.984068 -0.172417 -0.0433975 0 
0.131868 0.259023 -0.015406 0.990302 -0.0513998 0.129071 0 
0.132381 0.259181 -0.015358 0.983552 -0.0126244 0.180184 0 
0.132228 0.259385 -0.0152349 0.977601 0.0129095 0.210073 0 
