0.129512 0.241876 -0.00965698 -0.710139 0.646306 0.279268 2 
0.129326 0.243034 -0.0106388 -0.813893 0.468028 0.344278 2 
0.129156 0.241341 -0.0110451 -0.87892 -0.0593306 0.473265 2 
0.128593 0.2417 -0.0109739 -0.894564 0.224743 0.386323 2 
0.128459 0.241488 -0.011809 -0.508481 -0.348077 0.787584 2 
0.128703 0.241991 -0.0115681 -0.772631 -0.228525 0.592299 2 
0.128756 0.241833 -0.0120396 -0.508481 -0.348077 0.787584 2 
0.128288 0.24141 -0.0119294 -0.508481 -0.348077 0.787584 2 
0.129024 0.24341 -0.0111167 -0.841034 0.456915 0.289638 2 
0.128623 0.243035 -0.0107182 -0.847558 0.449252 0.282519 2 
0.128472 0.243252 -0.0108926 -0.851617 0.46161 0.248325 2 
0.12902 0.24286 -0.0113362 -0.853051 0.424212 0.30389 2 
0.128463 0.242268 -0.011073 -0.854193 0.46716 0.228289 2 
0.127796 0.242481 -0.0110922 -0.893521 0.34458 0.287896 2 
0.127953 0.242526 -0.0113441 -0.838605 -0.0460465 0.542791 2 
0.127828 0.242087 -0.0113805 -0.693054 -0.280103 0.664243 2 
0.12826 0.242355 -0.0114217 -0.847508 0.468802 0.248908 2 
0.128552 0.24238 -0.0113551 -0.857216 0.413988 0.306259 2 
0.12824 0.241945 -0.0116261 -0.693054 -0.280103 0.664243 2 
0.127782 0.242333 -0.0117228 -0.154065 -0.494476 0.855428 2 
0.127365 0.242041 -0.0114384 -0.154065 -0.494476 0.855428 2 
0.127589 0.242076 -0.011531 -0.376734 -0.536561 0.755099 2 
0.128084 0.241785 -0.0116324 -0.693054 -0.280103 0.664243 2 
0.12784 0.241282 -0.0118732 -0.154065 -0.494476 0.855428 2 
0.12798 0.241582 -0.0118518 -0.154065 -0.494476 0.855428 2 
0.12723 0.24206 -0.0117569 -0.154065 -0.494476 0.855428 2 
0.128464 0.241922 -0.0118479 -0.508481 -0.348077 0.787584 2 
0.128345 0.241802 -0.0121814 -0.154065 -0.494476 0.855428 2 
0.128241 0.241657 -0.0122717 -0.154065 -0.494476 0.855428 2 
0.127617 0.241074 -0.012168 -0.175567 -0.529701 0.829815 2 
0.13146 0.248866 -0.0100626 -0.67445 0.162903 0.720124 2 
0.131512 0.248881 -0.0101466 -0.681559 0.142932 0.717668 2 
0.131453 0.250163 -0.00947968 -0.684952 0.16628 0.70936 2 
0.131137 0.249178 -0.00996998 -0.691433 0.136487 0.709431 2 
0.131002 0.249139 -0.0104177 -0.681559 0.142932 0.717668 2 
0.131872 0.248609 -0.0105664 -0.67445 0.162903 0.720124 2 
0.131977 0.248639 -0.0107344 -0.67445 0.162903 0.720124 2 
0.131982 0.249016 -0.0109025 -0.705432 0.114354 0.699492 2 
0.131574 0.249765 -0.0103084 -0.722887 0.0923771 0.684763 2 
0.13171 0.249515 -0.0105064 -0.722887 0.0923771 0.684763 2 
0.131403 0.249687 -0.0104288 -0.722887 0.0923771 0.684763 2 
0.131404 0.249514 -0.0108162 -0.699842 0.142978 0.699842 2 
0.131867 0.24956 -0.0107583 -0.722887 0.0923771 0.684763 2 
0.131664 0.249704 -0.0109779 -0.722887 0.0923771 0.684763 2 
0.131075 0.248295 -0.00980827 -0.696134 0.149495 0.702174 2 
0.130976 0.248641 -0.00980829 -0.685766 0.159657 0.710095 2 
0.131637 0.247936 -0.00987945 -0.737809 0.159076 0.655998 2 
0.131242 0.247823 -0.00990724 -0.728124 0.13962 0.671075 2 
0.13181 0.247726 -0.0104048 -0.796368 0.14493 0.587191 2 
0.131525 0.246692 -0.0104085 -0.909269 0.294304 0.294304 2 
0.131535 0.247561 -0.0104863 -0.846243 0.133002 0.51593 2 
0.132107 0.248071 -0.0106353 -0.810568 0.128451 0.571384 2 
0.131507 0.248447 -0.0101077 -0.692683 0.153087 0.704808 2 
0.131133 0.248571 -0.0103185 -0.692683 0.153087 0.704808 2 
0.130613 0.248018 -0.0103827 -0.778535 0.123083 0.615413 2 
0.13067 0.248352 -0.0107639 -0.869664 0.109957 0.481242 2 
0.131544 0.248429 -0.0105641 -0.781665 0.110405 0.61385 2 
0.131701 0.248474 -0.0108161 -0.867486 0.0888644 0.48946 2 
0.130671 0.248179 -0.0111513 -0.943185 0.144793 0.299059 2 
0.13064 0.248343 -0.0113795 -0.96812 0.12661 0.216133 2 
0.130833 0.248658 -0.0114421 -0.969081 0.0787769 0.23383 2 
0.130498 0.249774 -0.0108567 -0.699842 0.142978 0.699842 2 
0.130961 0.249762 -0.010928 -0.722887 0.0923771 0.684763 2 
0.130654 0.249818 -0.0111087 -0.722887 0.0923771 0.684763 2 
0.13105 0.249932 -0.011081 -0.722887 0.0923771 0.684763 2 
0.131071 0.250053 -0.0115223 -0.721486 0.114075 0.682967 2 
0.130274 0.249623 -0.0110224 -0.699842 0.142978 0.699842 2 
0.129931 0.249467 -0.0112633 -0.719331 0.155981 0.676929 2 
0.130498 0.249601 -0.0112442 -0.700489 0.136498 0.700489 2 
0.130343 0.249383 -0.0113797 -0.810086 0.106552 0.576548 2 
0.130842 0.249641 -0.0112616 -0.699842 0.142978 0.699842 2 
0.131051 0.249701 -0.0115975 -0.882053 -0.205369 0.424035 2 
0.130947 0.249556 -0.0116878 -0.900661 -0.152727 0.406796 2 
0.130942 0.249064 -0.0117781 -0.983952 -0.0925083 0.152579 2 
0.130603 0.249631 -0.0114122 -0.699842 0.142978 0.699842 2 
0.130499 0.249428 -0.0116316 -0.891934 0.0145784 0.451931 2 
0.130187 0.249166 -0.0115151 -0.887596 0.0589901 0.456831 2 
0.130427 0.249061 -0.0116228 -0.953197 0.0495002 0.298271 2 
0.129968 0.249622 -0.0113322 -0.716101 0.237651 0.656294 2 
0.131576 0.249303 -0.0113415 -0.896434 -0.0842565 0.435095 2 
0.130859 0.249271 -0.0117932 -0.967224 -0.0765248 0.24212 2 
0.13607 0.256155 -0.02043 0.243365 0.479078 -0.843361 2 
0.136298 0.256739 -0.0203033 0.444291 0.328116 -0.833634 2 
0.136142 0.256579 -0.0203096 0.447597 0.313474 -0.837491 2 
0.135679 0.256533 -0.0203675 0.297877 0.373481 -0.878511 2 
0.135835 0.256578 -0.0206194 0.297877 0.373481 -0.878511 2 
0.136689 0.256245 -0.020624 0.295236 0.479564 -0.82635 2 
0.136335 0.256836 -0.0205013 0.444291 0.328116 -0.833634 2 
0.136439 0.256866 -0.0206693 0.407152 0.341633 -0.847062 2 
0.136716 0.256859 -0.0209751 0.408873 0.33114 -0.850393 2 
0.136252 0.256813 -0.021033 0.300967 0.370538 -0.878704 2 
0.136513 0.25706 -0.0210656 0.408873 0.33114 -0.850393 2 
0.13605 0.256899 -0.0213817 0.290217 0.362395 -0.885688 2 
0.13641 0.256742 -0.0215433 0.290217 0.362395 -0.885688 2 
0.136539 0.255135 -0.0204385 -0.0238335 0.685564 -0.727623 2 
0.13613 0.254585 -0.0217427 -0.0179865 0.590788 -0.806626 2 
0.135982 0.25587 -0.0205354 0.0705368 0.623315 -0.778783 2 
0.135263 0.25601 -0.0205996 0.0203038 0.496765 -0.867647 2 
0.135628 0.256288 -0.0208 0.276471 0.391289 -0.877757 2 
0.1353 0.255992 -0.021056 0.0728766 0.581583 -0.810216 2 
0.135363 0.255491 -0.020987 -0.111061 0.667848 -0.735965 2 
0.134238 0.256208 -0.0208446 -0.394759 0.810294 -0.433116 2 
0.134753 0.256384 -0.0206124 -0.00666966 0.48155 -0.876393 2 
0.134649 0.256239 -0.0207027 -0.0596347 0.495107 -0.866783 2 
0.134909 0.256428 -0.0208643 0.0820721 0.372688 -0.92432 2 
0.135014 0.256458 -0.0210323 0.168061 0.400762 -0.900636 2 
0.134322 0.255828 -0.0212169 -0.57443 0.81846 -0.0123386 2 
0.13429 0.256222 -0.0209286 -0.192352 0.64784 -0.737091 2 
0.134686 0.256278 -0.0210299 0.0123548 0.580674 -0.814042 2 
0.13465 0.256066 -0.0210901 -0.0499249 0.720345 -0.691817 2 
0.134806 0.25611 -0.0213421 -0.118496 0.817766 -0.56322 2 
0.13491 0.256256 -0.0212518 0.168268 0.601823 -0.780702 2 
0.134598 0.255878 -0.0213936 -0.614099 0.769528 0.175239 2 
0.134734 0.255686 -0.0214625 -0.614099 0.769528 0.175239 2 
0.135972 0.256271 -0.0209466 0.204587 0.464428 -0.861656 2 
0.135608 0.255821 -0.0211335 -0.0709288 0.681785 -0.728106 2 
0.135836 0.256348 -0.021136 0.276471 0.391289 -0.877757 2 
0.135373 0.256302 -0.0211939 0.0692918 0.535951 -0.841401 2 
0.135477 0.256389 -0.0212327 0.224527 0.414854 -0.881751 2 
0.136093 0.255988 -0.021517 0.0545138 0.535353 -0.842867 2 
0.135665 0.256212 -0.0213856 0.124774 0.55341 -0.82351 2 
0.135426 0.256201 -0.0215362 0.168268 0.601823 -0.780702 2 
0.135114 0.255939 -0.0214197 -0.118496 0.817766 -0.56322 2 
0.13501 0.255736 -0.0216391 -0.652446 0.727189 0.21333 2 
0.135734 0.255972 -0.0217429 0.162547 0.672973 -0.721585 2 
0.13537 0.255579 -0.0218007 -0.652446 0.727189 0.21333 2 
0.135557 0.255402 -0.0219536 -0.566171 0.821586 0.0666918 2 
0.13527 0.255983 -0.0216717 -0.766255 0.465635 0.442761 2 
0.13551 0.255821 -0.0219085 -0.208884 0.922215 -0.325404 2 
0.136535 0.255682 -0.0215344 -0.0295246 0.667818 -0.743739 2 
0.136494 0.254978 -0.0216848 -0.0380107 0.626473 -0.778516 2 
0.136244 0.255599 -0.0217301 -0.0125245 0.694416 -0.719465 2 
0.136656 0.255457 -0.0219756 -0.0237233 0.618202 -0.785661 2 
0.135014 0.256285 -0.0214197 0.211625 0.600891 -0.770808 2 
0.130329 0.253618 -0.0201616 0.194702 0.465204 -0.863526 2 
0.129391 0.254216 -0.020043 0.519069 0.252562 -0.816566 2 
0.129552 0.25481 -0.0200755 0.493353 0.304208 -0.814899 2 
0.129433 0.254747 -0.0202799 0.493353 0.304208 -0.814899 2 
0.129229 0.255121 -0.0199829 0.493353 0.304208 -0.814899 2 
0.129027 0.25515 -0.0204608 0.493353 0.304208 -0.814899 2 
0.128918 0.254686 -0.0202539 0.493353 0.304208 -0.814899 2 
0.129074 0.25473 -0.0205058 0.493353 0.304208 -0.814899 2 
0.13052 0.255433 -0.0201967 0.493088 0.343087 -0.799472 2 
0.130417 0.255288 -0.0202871 0.506653 0.304623 -0.806541 2 
0.130365 0.2551 -0.0205905 0.493353 0.304208 -0.814899 2 
0.129636 0.254545 -0.0201896 0.519069 0.252562 -0.816566 2 
0.130125 0.255377 -0.0200953 0.493353 0.304208 -0.814899 2 
0.129849 0.255212 -0.020177 0.493353 0.304208 -0.814899 2 
0.130005 0.255372 -0.0201706 0.493353 0.304208 -0.814899 2 
0.130125 0.255204 -0.0204828 0.493353 0.304208 -0.814899 2 
0.130005 0.255257 -0.0204289 0.493353 0.304208 -0.814899 2 
0.1296 0.255602 -0.0207388 0.493353 0.304208 -0.814899 2 
0.129709 0.254854 -0.0203275 0.493353 0.304208 -0.814899 2 
0.129334 0.254978 -0.0205383 0.493353 0.304208 -0.814899 2 
0.129355 0.25533 -0.0204631 0.493353 0.304208 -0.814899 2 
0.129179 0.25476 -0.0206738 0.493353 0.304208 -0.814899 2 
0.129865 0.254899 -0.0205794 0.493353 0.304208 -0.814899 2 
0.12985 0.255039 -0.0205644 0.493353 0.304208 -0.814899 2 
0.129902 0.255054 -0.0206483 0.493353 0.304208 -0.814899 2 
0.129559 0.254956 -0.0207601 0.493353 0.304208 -0.814899 2 
0.129538 0.254604 -0.0208353 0.493353 0.304208 -0.814899 2 
0.129543 0.255038 -0.0208742 0.493353 0.304208 -0.814899 2 
0.129356 0.254984 -0.0212379 0.493353 0.304208 -0.814899 2 
0.128866 0.254498 -0.0205573 0.493353 0.304208 -0.814899 2 
0.129274 0.253749 -0.0211514 0.519069 0.252562 -0.816566 2 
0.129222 0.253677 -0.0211965 0.519069 0.252562 -0.816566 2 
0.128918 0.254513 -0.0206413 0.493353 0.304208 -0.814899 2 
0.12894 0.254692 -0.0209535 0.493353 0.304208 -0.814899 2 
0.12894 0.254692 -0.0209535 0.493353 0.304208 -0.814899 2 
0.128664 0.254469 -0.0211642 0.493353 0.304208 -0.814899 2 
0.129299 0.254535 -0.0211151 0.493353 0.304208 -0.814899 2 
0.12842 0.254024 -0.0212759 0.493662 0.310707 -0.812255 2 
0.128712 0.253877 -0.0215968 0.493662 0.310707 -0.812255 2 
0.128608 0.253732 -0.0216871 0.505388 0.315273 -0.803234 2 
0.128362 0.255075 -0.0211255 0.493353 0.304208 -0.814899 2 
0.128274 0.25479 -0.0212309 0.493353 0.304208 -0.814899 2 
0.128976 0.254789 -0.0211516 0.493353 0.304208 -0.814899 2 
0.128873 0.254586 -0.021371 0.493353 0.304208 -0.814899 2 
0.128821 0.254514 -0.0214162 0.493353 0.304208 -0.814899 2 
0.128321 0.254371 -0.021276 0.493662 0.310707 -0.812255 2 
0.128202 0.254308 -0.0214804 0.506166 0.318932 -0.801298 2 
0.128322 0.254198 -0.0216634 0.506166 0.318932 -0.801298 2 
0.128315 0.255321 -0.0214678 0.230209 0.631117 -0.74074 2 
0.130412 0.254681 -0.0206356 0.125784 0.366295 -0.921958 2 
0.130157 0.25481 -0.0207711 0.308834 0.514723 -0.799801 2 
0.130153 0.25426 -0.0209905 0.114741 0.243663 -0.963049 2 
0.129959 0.255503 -0.0207713 0.493353 0.304208 -0.814899 2 
0.129955 0.254838 -0.0212489 0.493353 0.304208 -0.814899 2 
0.129616 0.255347 -0.0210122 0.493353 0.304208 -0.814899 2 
0.129556 0.254118 -0.0216253 0.519069 0.252562 -0.816566 2 
0.129336 0.254632 -0.0213132 0.493353 0.304208 -0.814899 2 
0.129493 0.254677 -0.0215651 0.493353 0.304208 -0.814899 2 
0.128869 0.253979 -0.0217196 0.493662 0.310707 -0.812255 2 
0.12893 0.254978 -0.021623 0.493353 0.304208 -0.814899 2 
0.12879 0.254678 -0.0216444 0.493353 0.304208 -0.814899 2 
0.129134 0.254661 -0.021791 0.493353 0.304208 -0.814899 2 
0.128415 0.254802 -0.0218553 0.247148 0.63125 -0.735147 2 
0.134716 0.244662 -0.0187876 0.916186 -0.00128859 -0.400751 2 
0.133892 0.24633 -0.0185273 0.688446 -0.287254 -0.665979 2 
0.134064 0.246235 -0.0187942 0.688446 -0.287254 -0.665979 2 
0.134835 0.246167 -0.0186848 0.688446 -0.287254 -0.665979 2 
0.13507 0.245628 -0.0187536 0.688446 -0.287254 -0.665979 2 
0.135039 0.245619 -0.0193693 0.688446 -0.287254 -0.665979 2 
0.134919 0.245787 -0.0190571 0.688446 -0.287254 -0.665979 2 
0.134632 0.246368 -0.0187752 0.688446 -0.287254 -0.665979 2 
0.134638 0.246629 -0.0192015 0.886148 -0.230072 -0.402255 2 
0.134273 0.246352 -0.019001 0.886148 -0.230072 -0.402255 2 
0.134153 0.246347 -0.0190763 0.886148 -0.230072 -0.402255 2 
0.133998 0.246129 -0.0192117 0.886148 -0.230072 -0.402255 2 
0.134362 0.246464 -0.0192831 0.886148 -0.230072 -0.402255 2 
0.134175 0.246526 -0.0193885 0.886148 -0.230072 -0.402255 2 
0.134154 0.246174 -0.0194637 0.886148 -0.230072 -0.402255 2 
0.13443 0.246224 -0.0196404 0.886148 -0.230072 -0.402255 2 
0.133961 0.245917 -0.019272 0.886148 -0.230072 -0.402255 2 
0.133858 0.245714 -0.0194914 0.886148 -0.230072 -0.402255 2 
0.134201 0.245755 -0.0195088 0.886148 -0.230072 -0.402255 2 
0.134098 0.245437 -0.0199866 0.886148 -0.230072 -0.402255 2 
0.134118 0.245904 -0.0196531 0.886148 -0.230072 -0.402255 2 
0.134159 0.246608 -0.0195026 0.886148 -0.230072 -0.402255 2 
0.134108 0.24642 -0.0198061 0.886148 -0.230072 -0.402255 2 
0.134784 0.245748 -0.0195048 0.886148 -0.230072 -0.402255 2 
0.134993 0.245866 -0.0197116 0.886148 -0.230072 -0.402255 2 
0.134882 0.246959 -0.0193481 0.886148 -0.230072 -0.402255 2 
0.135039 0.247004 -0.0196 0.886148 -0.230072 -0.402255 2 
0.134363 0.246233 -0.0197997 0.886148 -0.230072 -0.402255 2 
0.134166 0.245312 -0.0200856 0.886148 -0.230072 -0.402255 2 
0.134259 0.246088 -0.0198899 0.886148 -0.230072 -0.402255 2 
0.134364 0.246061 -0.0201871 0.886148 -0.230072 -0.402255 2 
0.13418 0.246787 -0.0198148 0.886148 -0.230072 -0.402255 2 
0.134066 0.247158 -0.0200581 0.912546 -0.253888 -0.320624 2 
0.134337 0.246832 -0.0200667 0.886148 -0.230072 -0.402255 2 
0.134634 0.247061 -0.0205556 0.912546 -0.253888 -0.320624 2 
0.134198 0.247455 -0.021352 0.993813 -0.0952358 0.0571415 2 
0.132311 0.261828 -0.0285454 0.105577 0.545242 -0.831603 2 
0.133456 0.262906 -0.0287143 0.0148212 0.494487 -0.869058 2 
0.131537 0.263857 -0.0275942 -0.029753 0.930103 -0.366091 2 
0.133145 0.263712 -0.027216 0.0589848 0.884772 -0.462276 2 
0.132682 0.263666 -0.0272739 0.0524624 0.908004 -0.415664 2 
0.132928 0.263822 -0.027808 0.116564 0.42553 -0.897406 2 
0.132307 0.263789 -0.0274848 0.0381029 0.92104 -0.387599 2 
0.132583 0.263897 -0.0275323 0.116511 0.789032 -0.603204 2 
0.131964 0.263633 -0.0277257 0.061006 0.810103 -0.583104 2 
0.132225 0.263881 -0.0277581 0.124793 0.408031 -0.904399 2 
0.132433 0.263941 -0.0280941 0.0978863 0.341932 -0.934613 2 
0.132075 0.263924 -0.02832 0.103877 0.598391 -0.794441 2 
0.1331 0.263785 -0.0279458 0.0799563 0.489557 -0.868298 2 
0.132898 0.263641 -0.0288111 0.0513199 0.369767 -0.927706 2 
0.132725 0.263909 -0.0281566 0.0883752 0.320525 -0.943108 2 
0.132897 0.263814 -0.0284236 0.0641386 0.432594 -0.899305 2 
0.132471 0.263865 -0.0286796 0.0619276 0.146056 -0.987336 2 
0.132314 0.26382 -0.0284276 0.0863164 0.333314 -0.938856 2 
0.132889 0.262657 -0.0289915 -0.0124148 0.156878 -0.98754 2 
0.13293 0.263361 -0.0288411 0.0159708 0.281332 -0.959478 2 
0.132722 0.263071 -0.0290218 0.0185797 0.296036 -0.954996 2 
0.132097 0.262546 -0.0287888 0.132927 0.521483 -0.842844 2 
0.132306 0.262606 -0.0291247 0.118128 0.549806 -0.826897 2 
0.132435 0.263652 -0.0287398 0.0354267 0.245544 -0.968738 2 
0.132055 0.263399 -0.0287826 0.0762048 0.458615 -0.885362 2 
0.131696 0.263441 -0.0288793 0.146975 0.472938 -0.868751 2 
0.132534 0.263248 -0.0288689 0.00820736 0.214564 -0.976676 2 
0.132311 0.263098 -0.0290345 0.071646 0.51276 -0.855537 2 
0.131847 0.263167 -0.0288341 0.146939 0.478641 -0.865628 2 
0.132259 0.263025 -0.0290796 0.0808288 0.526096 -0.846575 2 
0.131647 0.264148 -0.0281885 0.191797 0.471316 -0.860857 2 
0.131544 0.26383 -0.0286662 0.147423 0.427956 -0.891695 2 
0.131872 0.264011 -0.0286686 0.134811 0.4243 -0.89543 2 
0.135848 0.260215 -0.0291343 -0.221459 0.221459 -0.949691 2 
0.135884 0.260312 -0.0293324 -0.221459 0.221459 -0.949691 2 
0.135728 0.26021 -0.0292096 -0.211618 0.21701 -0.952956 2 
0.135572 0.259992 -0.0293451 -0.318905 0.189657 -0.928617 2 
0.135796 0.260027 -0.0294378 -0.317515 0.198976 -0.927142 2 
0.135677 0.258637 -0.0292823 -0.583701 0.259597 -0.769352 2 
0.135818 0.258764 -0.0296483 -0.607922 0.260538 -0.750034 2 
0.135562 0.259124 -0.0292673 -0.517193 0.168423 -0.839134 2 
0.135776 0.259617 -0.0296421 -0.448799 0.207252 -0.869268 2 
0.135667 0.259153 -0.0294353 -0.517193 0.168423 -0.839134 2 
0.135823 0.259198 -0.0296872 -0.517193 0.168423 -0.839134 2 
0.135724 0.259602 -0.0295581 -0.448799 0.207252 -0.869268 2 
0.135693 0.259824 -0.0296572 -0.366956 0.181336 -0.912393 2 
0.136927 0.259744 -0.029619 -0.447932 0.292938 -0.844716 2 
0.136109 0.260289 -0.0295542 -0.235086 0.229587 -0.94447 2 
0.135989 0.260284 -0.0296295 -0.245549 0.21537 -0.945157 2 
0.136349 0.260127 -0.0297911 -0.301516 0.222244 -0.927198 2 
0.135975 0.258809 -0.0299003 -0.607922 0.260538 -0.750034 2 
0.13598 0.259243 -0.0299392 -0.517193 0.168423 -0.839134 2 
0.135824 0.259025 -0.0300746 -0.605064 0.188412 -0.773562 2 
0.135849 0.259869 -0.0299092 -0.43529 0.186134 -0.880839 2 
0.135829 0.259517 -0.0299844 -0.498528 0.167162 -0.850604 2 
0.136209 0.259712 -0.0300708 -0.496051 0.170286 -0.851431 2 
0.136449 0.259608 -0.0301785 -0.599172 0.184478 -0.779077 2 
0.136194 0.259737 -0.030314 -0.505296 0.174394 -0.845141 2 
0.136038 0.259519 -0.0304495 -0.537325 0.189199 -0.82188 2 
0.135954 0.259841 -0.0302063 -0.486583 0.17304 -0.856326 2 
0.135934 0.259489 -0.0302815 -0.510613 0.158364 -0.845101 2 
0.135981 0.25907 -0.0303266 -0.612222 0.222768 -0.758656 2 
0.130948 0.260977 -0.0287102 0.156379 0.702947 -0.693838 1 
0.130671 0.262369 -0.0286352 0.164538 0.511402 -0.843442 1 
0.130354 0.261615 -0.028609 0.183753 0.566446 -0.803351 1 
0.130477 0.263554 -0.0285451 0.21269 0.438765 -0.873068 1 
0.130725 0.264664 -0.0279557 -0.0778675 -0.905722 -0.416659 1 
0.130409 0.263794 -0.0281878 0.131077 0.552291 -0.823282 1 
0.13005 0.263778 -0.0284136 0.244717 0.350223 -0.904133 1 
0.129749 0.262711 -0.0287899 0.263604 0.479421 -0.837059 1 
0.130057 0.262482 -0.0289966 0.24116 0.496145 -0.834076 1 
0.129031 0.262794 -0.0289833 0.243934 0.44999 -0.859072 1 
0.129427 0.262907 -0.0289555 0.27923 0.458183 -0.843859 1 
0.128451 0.260897 -0.0299188 0.0652123 -0.973262 -0.220245 1 
0.1263 0.264782 -0.0277082 -0.0270499 0.198758 -0.979675 1 
0.126304 0.265274 -0.0276179 -0.0422286 0.138099 -0.989518 1 
0.125879 0.265095 -0.0283905 -0.0613435 0.254137 -0.965221 1 
0.125672 0.264689 -0.0288294 -0.0588733 0.341465 -0.938049 1 
0.126115 0.264268 -0.029105 -0.0394341 0.316745 -0.947691 1 
0.126224 0.264905 -0.0289244 -0.0281322 0.260528 -0.965056 1 
0.129872 0.264823 -0.0283385 0.23938 0.256178 -0.93652 1 
0.129353 0.264098 -0.0287901 0.254047 0.378843 -0.889909 1 
0.128899 0.265093 -0.0285383 0.188107 0.222794 -0.956545 1 
0.128313 0.262819 -0.0293058 0.179739 0.482771 -0.857104 1 
0.128723 0.26435 -0.0291365 0.186924 0.327469 -0.926188 1 
0.128635 0.264065 -0.0292418 0.195321 0.421482 -0.885552 1 
0.128492 0.265669 -0.0283317 0.173507 0.348424 -0.921138 1 
0.127778 0.266244 -0.0284348 0.0306486 0.261126 -0.964818 1 
0.127263 0.266183 -0.0284087 0.00120952 0.274561 -0.961569 1 
0.127243 0.265831 -0.0284839 0.123028 0.428478 -0.895137 1 
0.127707 0.265704 -0.0288135 -0.0513928 0.0710752 -0.996146 1 
0.127727 0.266056 -0.0287383 0.0354267 0.245544 -0.968738 1 
0.127555 0.266093 -0.0286004 0.0182846 0.264517 -0.964208 1 
0.127399 0.265875 -0.0287359 0.107426 0.422728 -0.899867 1 
0.128166 0.265143 -0.0291041 0.113849 0.268265 -0.956594 1 
0.128066 0.265547 -0.028975 0.0669626 0.266587 -0.961482 1 
0.127671 0.265434 -0.0290028 0.0231078 0.254186 -0.966879 1 
0.12713 0.264587 -0.029013 0.0372132 0.337485 -0.940595 1 
0.12725 0.264535 -0.0290669 0.0454344 0.349196 -0.935948 1 
0.126626 0.263894 -0.0290923 -0.0323681 0.363818 -0.930908 1 
0.126843 0.265168 -0.0287311 -0.0255989 0.25477 -0.966663 1 
0.126999 0.265213 -0.028983 0.0109136 0.265563 -0.964032 1 
0.126619 0.26496 -0.0290258 -0.00618564 0.308045 -0.951352 1 
0.126505 0.265331 -0.0292691 -0.0107397 0.242241 -0.970157 1 
0.127463 0.265201 -0.0290543 0.0359243 0.268813 -0.962522 1 
0.126427 0.26453 -0.0292215 -0.062318 0.281067 -0.957663 1 
0.126432 0.265079 -0.0290021 -0.00842562 0.25638 -0.966539 1 
0.126328 0.264934 -0.0290924 -0.00844901 0.264333 -0.964394 1 
0.12662 0.264845 -0.0292841 -0.00371738 0.318455 -0.947931 1 
0.126308 0.264582 -0.0291676 -0.044293 0.299927 -0.952933 1 
0.12801 0.264925 -0.0292396 0.0869 0.289234 -0.953306 1 
0.127921 0.264698 -0.0292158 0.0881564 0.311837 -0.946037 1 
0.127869 0.264625 -0.029261 0.0920433 0.334824 -0.937774 1 
0.127718 0.265015 -0.0290479 0.0390508 0.29855 -0.953595 1 
0.127614 0.26487 -0.0291382 0.0446564 0.315147 -0.947992 1 
0.127515 0.265216 -0.0291383 0.0359243 0.268813 -0.962522 1 
0.126714 0.26291 -0.0284979 -0.0013021 0.430994 -0.902354 1 
0.127011 0.263255 -0.0287284 0.0249128 0.405161 -0.913906 1 
0.125736 0.262515 -0.0291753 0.0284369 0.486136 -0.87342 1 
0.125392 0.263974 -0.0291304 -0.040867 0.386259 -0.921485 1 
0.125902 0.263543 -0.0292468 -0.033097 0.414374 -0.909505 1 
0.125939 0.263698 -0.0293158 -0.0437876 0.396742 -0.916885 1 
0.125335 0.263352 -0.029395 -0.00924482 0.452996 -0.891465 1 
0.125061 0.262956 -0.0299932 0.0147253 0.480581 -0.876827 1 
0.124905 0.262739 -0.0301286 0.0398456 0.501505 -0.864237 1 
0.124437 0.262316 -0.0300185 0.00937584 0.494241 -0.869274 1 
0.124249 0.262378 -0.0301239 -0.0313443 0.500145 -0.865374 1 
0.124817 0.262511 -0.0301049 0.0175205 0.489226 -0.871981 1 
0.124593 0.262361 -0.0302704 0.138972 0.60819 -0.781532 1 
0.124801 0.262594 -0.030219 0.0175205 0.489226 -0.871981 1 
0.124115 0.262339 -0.0305716 0.00403242 0.512118 -0.858906 1 
0.124354 0.262293 -0.0305501 0.042325 0.481959 -0.875171 1 
0.127798 0.262701 -0.0294089 0.0897185 0.423747 -0.901326 1 
0.128158 0.262429 -0.0298288 0.0770019 0.483012 -0.872221 1 
0.127956 0.262573 -0.0300483 0.0649963 0.468803 -0.880908 1 
0.1278 0.262355 -0.0301837 0.0299249 0.378615 -0.92507 1 
0.127628 0.262277 -0.0303042 0.0316826 0.320628 -0.946675 1 
0.12754 0.261992 -0.0304095 0.0101921 0.164207 -0.986373 1 
0.127752 0.262947 -0.0297512 0.0697428 0.433499 -0.898451 1 
0.1277 0.262759 -0.0300546 0.0808894 0.420899 -0.903494 1 
0.127658 0.263613 -0.0300484 0.103183 0.467856 -0.877761 1 
0.127492 0.262584 -0.029977 0.0472896 0.436415 -0.898502 1 
0.127113 0.262216 -0.0302781 -0.0145663 -0.144543 -0.989391 1 
0.126552 0.261017 -0.0303635 0.03088 0.962222 0.270509 1 
0.125989 0.261491 -0.0300341 0.0647186 0.645748 -0.760803 1 
0.126817 0.261641 -0.0305641 0.0418651 0.0611874 -0.997248 1 
0.126666 0.261915 -0.0306092 0.0685998 -0.0511776 -0.996331 1 
0.127062 0.262029 -0.0305815 0.0228418 0.0946304 -0.99525 1 
0.126973 0.261744 -0.0306869 -0.00113702 0.180786 -0.983522 1 
0.126314 0.263402 -0.0294923 -0.0304578 0.419787 -0.907111 1 
0.125955 0.263443 -0.0295891 -0.00389102 0.416339 -0.909201 1 
0.125852 0.263067 -0.0301959 0.0443772 0.434358 -0.899646 1 
0.125596 0.263427 -0.0298149 0.00392025 0.435148 -0.900351 1 
0.127038 0.26358 -0.0297252 0.00903832 0.396395 -0.918036 1 
0.125427 0.261734 -0.0302211 0.0294594 0.643899 -0.764543 1 
0.125441 0.263036 -0.0303378 0.0226877 0.455088 -0.890157 1 
0.125489 0.262617 -0.0303829 0.0402584 0.545571 -0.837097 1 
0.125009 0.262769 -0.0302966 0.0568496 0.500554 -0.863837 1 
0.124797 0.261987 -0.0305675 0.0287857 0.519514 -0.853977 1 
0.131087 0.262776 -0.0286614 0.184683 0.521017 -0.833327 1 
0.131384 0.263121 -0.0288919 0.181153 0.516512 -0.836899 1 
0.131368 0.261991 -0.0283879 0.171953 0.530812 -0.829862 1 
0.131233 0.262011 -0.0287064 0.175723 0.533178 -0.827552 1 
0.131067 0.262424 -0.0287366 0.178918 0.530739 -0.828435 1 
0.13077 0.261965 -0.0287643 0.16495 0.512683 -0.842584 1 
0.131026 0.26172 -0.028887 0.1462 0.536066 -0.83142 1 
0.130912 0.262034 -0.0292595 0.211661 0.51621 -0.829895 1 
0.130974 0.26159 -0.0290613 0.134989 0.57704 -0.805483 1 
0.130605 0.262033 -0.0295693 0.208222 0.515236 -0.831369 1 
0.131137 0.261666 -0.0302562 0.219895 0.634734 -0.740783 1 
0.13083 0.261837 -0.0301786 0.214151 0.56542 -0.796517 1 
0.131288 0.264305 -0.0280269 0.128202 0.409964 -0.903047 1 
0.131154 0.264094 -0.028862 0.18059 0.403077 -0.897171 1 
0.130868 0.263233 -0.0284784 0.215049 0.470701 -0.855684 1 
0.130712 0.263015 -0.0286139 0.212824 0.487533 -0.846769 1 
0.131024 0.263278 -0.0287304 0.208705 0.475968 -0.85434 1 
0.131201 0.263674 -0.0289071 0.192875 0.488915 -0.850742 1 
0.130842 0.263831 -0.0287455 0.210104 0.448519 -0.868727 1 
0.130638 0.264206 -0.0284485 0.175702 0.375689 -0.909938 1 
0.130419 0.264547 -0.0285238 0.220132 0.311026 -0.924556 1 
0.130591 0.26451 -0.0286617 0.181927 0.337059 -0.923739 1 
0.130951 0.264353 -0.0288232 0.172054 0.417845 -0.892078 1 
0.130794 0.26425 -0.0287004 0.172054 0.417845 -0.892078 1 
0.130519 0.264085 -0.0287821 0.199512 0.397568 -0.89562 1 
0.130058 0.262309 -0.029384 0.231251 0.509977 -0.828521 1 
0.12975 0.262481 -0.0293064 0.241408 0.499731 -0.83186 1 
0.13035 0.262219 -0.0295757 0.197271 0.507482 -0.838776 1 
0.130522 0.262239 -0.0295844 0.216716 0.495567 -0.841099 1 
0.130246 0.262016 -0.0297952 0.230014 0.538758 -0.810453 1 
0.129527 0.26233 -0.029472 0.26145 0.4966 -0.827667 1 
0.130351 0.262046 -0.0299631 0.246789 0.529277 -0.811764 1 
0.130654 0.261152 -0.0306476 0.365823 0.809922 -0.458476 1 
0.130674 0.26162 -0.0303141 0.237792 0.669283 -0.703928 1 
0.129632 0.262187 -0.0300275 0.273903 0.587388 -0.761546 1 
0.129393 0.262176 -0.030178 0.248787 0.577373 -0.777654 1 
0.129289 0.261973 -0.0303974 0.261404 0.549418 -0.793604 1 
0.12852 0.261926 -0.0307651 0.11799 -0.175122 -0.977451 1 
0.130059 0.261963 -0.0301589 0.226699 0.655082 -0.720746 1 
0.130351 0.261873 -0.0303506 0.223411 0.670232 -0.707727 1 
0.130143 0.261698 -0.0302729 0.233249 0.737319 -0.634 1 
0.129753 0.262019 -0.0303396 0.271664 0.624352 -0.732382 1 
0.129852 0.261615 -0.0304687 0.282656 0.717019 -0.637173 1 
0.1303 0.261743 -0.0305249 0.252789 0.777208 -0.576233 1 
0.130212 0.261458 -0.0306303 0.320362 0.815897 -0.481332 1 
0.128967 0.262054 -0.0308214 0.14353 -0.0447813 -0.988632 1 
0.128915 0.261982 -0.0308666 0.12411 -0.0753939 -0.9894 1 
0.13142 0.260592 -0.0306284 0.628032 -0.587623 -0.510171 1 
0.131133 0.261116 -0.0304756 0.285455 0.793282 -0.537791 1 
0.128728 0.262159 -0.0307137 0.103644 -0.0717537 -0.992023 1 
0.124312 0.264618 -0.0282583 -0.105273 0.370505 -0.922845 1 
0.123302 0.264848 -0.0281309 -0.119726 0.364682 -0.923403 1 
0.123703 0.265222 -0.0285294 -0.141283 0.327831 -0.934112 1 
0.123698 0.264788 -0.0284905 -0.137655 0.323013 -0.93633 1 
0.123355 0.26469 -0.0286022 -0.114749 0.382958 -0.916611 1 
0.122092 0.263319 -0.0291545 -0.180518 0.496799 -0.848884 1 
0.122771 0.264869 -0.0282188 -0.153697 0.565546 -0.810268 1 
0.122427 0.264886 -0.0280723 -0.172829 0.542532 -0.822064 1 
0.12236 0.26478 -0.0284899 -0.147566 0.576847 -0.803412 1 
0.121845 0.264777 -0.0283347 -0.0734006 0.778622 -0.623185 1 
0.123203 0.265079 -0.0283892 -0.131149 0.360315 -0.923565 1 
0.123391 0.264902 -0.0285421 -0.124489 0.348842 -0.928877 1 
0.122823 0.264884 -0.0283029 -0.157211 0.486326 -0.859518 1 
0.12298 0.264929 -0.0285548 -0.141641 0.430646 -0.891337 1 
0.122824 0.264711 -0.0286903 -0.147566 0.576847 -0.803412 1 
0.122688 0.264961 -0.0284922 -0.153697 0.565546 -0.810268 1 
0.122517 0.264883 -0.0286127 -0.170257 0.57104 -0.803072 1 
0.122637 0.264773 -0.0287957 -0.153697 0.565546 -0.810268 1 
0.1231 0.264819 -0.0287378 -0.134811 0.4243 -0.89543 1 
0.123032 0.264886 -0.028768 -0.135345 0.43453 -0.89043 1 
0.123084 0.264901 -0.0288519 -0.140135 0.40908 -0.901674 1 
0.122981 0.264756 -0.0289422 -0.144443 0.43047 -0.890972 1 
0.121762 0.264869 -0.028608 -0.0734006 0.778622 -0.623185 1 
0.122226 0.264742 -0.0289376 -0.114087 0.686003 -0.718599 1 
0.122122 0.264597 -0.0290279 -0.0239262 -0.153811 -0.987811 1 
0.122825 0.26448 -0.0292068 -0.121456 0.461533 -0.87877 1 
0.122721 0.264335 -0.0292972 -0.221451 0.423581 -0.878373 1 
0.122414 0.264507 -0.0292195 -0.107611 0.148721 -0.983007 1 
0.12243 0.264252 -0.0294929 -0.200237 0.443488 -0.873627 1 
0.122054 0.264779 -0.0287997 -0.101751 0.709311 -0.697513 1 
0.125331 0.266755 -0.028436 -0.0255578 0.121122 -0.992309 1 
0.125623 0.266666 -0.0286277 -0.0352878 0.142289 -0.989196 1 
0.125353 0.26555 -0.0285174 -0.0773129 0.318424 -0.94479 1 
0.125374 0.265902 -0.0284422 -0.0701342 0.279262 -0.95765 1 
0.125046 0.265722 -0.0284398 -0.0877129 0.302413 -0.949133 1 
0.125259 0.266388 -0.0284272 -0.0777589 0.213528 -0.973837 1 
0.125175 0.266595 -0.0284423 -0.0735693 0.182114 -0.980521 1 
0.124843 0.265923 -0.0285302 -0.111185 0.31748 -0.941724 1 
0.125713 0.265393 -0.0286789 -0.0658959 0.306222 -0.949677 1 
0.125785 0.26576 -0.0286877 -0.0683542 0.30308 -0.950511 1 
0.125869 0.265438 -0.0289309 -0.0545529 0.290526 -0.955311 1 
0.125874 0.265872 -0.0289698 -0.0521103 0.293597 -0.954508 1 
0.125453 0.265146 -0.0286465 -0.0664905 0.327237 -0.9426 1 
0.12551 0.265595 -0.0287693 -0.0748874 0.327139 -0.942004 1 
0.125968 0.265207 -0.0286726 -0.0439559 0.282573 -0.958238 1 
0.125969 0.265034 -0.02906 -0.0331976 0.259433 -0.96519 1 
0.125765 0.265408 -0.0287629 -0.0683542 0.30308 -0.950511 1 
0.125921 0.265453 -0.0290149 -0.0447284 0.318211 -0.946964 1 
0.125358 0.265984 -0.0285562 -0.0723913 0.265435 -0.961407 1 
0.125462 0.266014 -0.0287242 -0.0696936 0.264836 -0.961772 1 
0.125311 0.266403 -0.0285112 -0.0773205 0.204961 -0.975711 1 
0.125227 0.26661 -0.0285263 -0.0660537 0.181348 -0.981198 1 
0.125175 0.266538 -0.0285715 -0.0690021 0.190058 -0.979345 1 
0.12528 0.266567 -0.0287394 -0.0619994 0.20788 -0.976187 1 
0.125775 0.266276 -0.0288407 -0.0462813 0.186312 -0.9814 1 
0.125692 0.266426 -0.028985 -0.0459126 0.177764 -0.983001 1 
0.125515 0.266029 -0.0288082 -0.066727 0.260613 -0.963135 1 
0.125671 0.266073 -0.0290601 -0.0631384 -0.120537 -0.990699 1 
0.125467 0.266448 -0.0287631 -0.049039 0.19496 -0.979584 1 
0.124657 0.265697 -0.0292813 -0.109691 0.342615 -0.93305 1 
0.124749 0.266646 -0.0286983 -0.0816513 0.188895 -0.978597 1 
0.12464 0.266125 -0.0286206 -0.117062 0.318893 -0.940534 1 
0.124296 0.266026 -0.0287323 -0.114875 0.331112 -0.936573 1 
0.124869 0.266594 -0.0287521 -0.080556 0.216882 -0.972869 1 
0.126094 0.265415 -0.0291528 -0.0276589 0.229689 -0.972871 1 
0.125979 0.265902 -0.0291378 -0.0470093 0.303655 -0.951622 1 
0.126177 0.265151 -0.0292668 -0.0308068 0.269868 -0.962404 1 
0.126051 0.266326 -0.0290173 -0.0138038 0.0753899 -0.997059 1 
0.125828 0.266176 -0.029183 -0.049682 0.214481 -0.975464 1 
0.124365 0.26446 -0.0287297 -0.0985973 0.352519 -0.930596 1 
0.124522 0.264504 -0.0289816 -0.090758 0.375223 -0.922481 1 
0.124876 0.263913 -0.0291043 -0.0386711 0.422715 -0.905437 1 
0.124518 0.263897 -0.0293302 -0.061501 0.44144 -0.895181 1 
0.12443 0.263612 -0.0294355 -0.0563151 0.46563 -0.883186 1 
0.124366 0.264287 -0.0291171 -0.0921678 0.405813 -0.909297 1 
0.12421 0.264069 -0.0292525 -0.102188 0.440949 -0.891696 1 
0.124006 0.264616 -0.0285681 -0.119422 0.363757 -0.923807 1 
0.124016 0.265427 -0.028775 -0.106133 0.334522 -0.936392 1 
0.12385 0.264399 -0.0287036 -0.121208 0.39706 -0.909754 1 
0.124074 0.264376 -0.0289254 -0.10937 0.394562 -0.912337 1 
0.124022 0.264304 -0.0289705 -0.103551 0.401776 -0.909864 1 
0.123491 0.264382 -0.0289294 -0.0931603 0.432431 -0.896842 1 
0.123596 0.264355 -0.0292266 -0.106005 0.456527 -0.883372 1 
0.124023 0.264131 -0.029358 -0.103075 0.458895 -0.882491 1 
0.125032 0.264073 -0.029098 -0.0461764 0.383924 -0.922209 1 
0.124944 0.265058 -0.0296923 -0.0935386 0.372799 -0.923186 1 
0.123544 0.264167 -0.02953 -0.164296 0.446363 -0.87964 1 
0.123786 0.262332 -0.0301818 -0.0285043 0.487288 -0.872776 1 
0.123891 0.262362 -0.0303498 -0.025676 0.479735 -0.877037 1 
0.123813 0.265628 -0.0288654 -0.154842 0.347347 -0.924864 1 
0.123568 0.265299 -0.0287188 -0.150845 0.339055 -0.928595 1 
0.123933 0.265461 -0.0291776 -0.145527 0.345106 -0.927213 1 
0.123236 0.264511 -0.029065 -0.110751 0.430388 -0.895824 1 
0.123237 0.264339 -0.0294524 -0.197111 0.452022 -0.869956 1 
0.124402 0.261873 -0.0305952 0.0432649 0.551279 -0.833199 1 
0.124194 0.261641 -0.0306467 0.0598747 0.508239 -0.859132 1 
0.124282 0.261868 -0.0306705 0.0590528 0.465556 -0.883046 1 
0.123578 0.262099 -0.0302333 0.1947 0.590233 -0.783401 1 
0.123214 0.261707 -0.0302911 -0.135689 0.435635 -0.889837 1 
0.123547 0.262321 -0.0303324 0.328834 0.613932 -0.717604 1 
0.123527 0.261969 -0.0304076 -0.0473484 0.439664 -0.896914 1 
0.123787 0.262159 -0.0305692 -0.0310142 0.46791 -0.883232 1 
0.129298 0.254705 -0.0379941 0.0757404 0.43654 -0.896491 1 
0.129776 0.254669 -0.0378221 0.184059 0.501298 -0.845472 1 
0.129808 0.254332 -0.0379813 0.172657 0.479602 -0.860332 1 
0.129314 0.25445 -0.0382674 0.090523 0.441474 -0.892696 1 
0.131564 0.253074 -0.0384231 0.199929 0.488548 -0.849323 1 
0.130392 0.25421 -0.0382356 0.176992 0.492305 -0.852238 1 
0.130427 0.25448 -0.0380462 0.172462 0.476112 -0.862308 1 
0.13099 0.254122 -0.0381174 0.176608 0.4853 -0.856325 1 
0.130136 0.254512 -0.0379837 0.175766 0.477079 -0.861105 1 
0.130084 0.254324 -0.0382871 0.166629 0.488091 -0.856739 1 
0.129548 0.253969 -0.0382071 0.102314 0.438689 -0.892795 1 
0.129356 0.253597 -0.0382736 0.0782675 0.424292 -0.902136 1 
0.129393 0.253694 -0.0384717 0.0872069 0.430497 -0.898369 1 
0.129054 0.254202 -0.0382349 0.0642199 0.435876 -0.897713 1 
0.128934 0.254139 -0.0384393 0.0470561 0.428883 -0.902134 1 
0.128634 0.25313 -0.0386864 0.0173301 0.457249 -0.88917 1 
0.129029 0.253243 -0.0386586 0.0390572 0.443097 -0.895622 1 
0.128738 0.25316 -0.0388544 0.0173301 0.457249 -0.88917 1 
0.127479 0.252511 -0.0387997 -0.143007 0.654821 -0.742131 1 
0.127546 0.252386 -0.0388988 -0.136222 0.654166 -0.743983 1 
0.128222 0.253157 -0.0386992 -0.00131455 0.45089 -0.892578 1 
0.127754 0.252619 -0.0388473 -0.0846818 0.558326 -0.825289 1 
0.127947 0.252934 -0.0389099 -0.0720866 0.527222 -0.846664 1 
0.127963 0.252679 -0.0391832 -0.0846818 0.558326 -0.825289 1 
0.128634 0.252957 -0.0390738 0.00132182 0.471891 -0.881656 1 
0.128379 0.253202 -0.0389511 -0.00131455 0.45089 -0.892578 1 
0.128306 0.252777 -0.0390715 -0.0514949 0.519125 -0.853146 1 
0.128203 0.252632 -0.0391618 -0.0693595 0.547799 -0.83373 1 
0.12789 0.252485 -0.0387871 -0.0976844 0.599228 -0.794597 1 
0.127859 0.252534 -0.0392735 -0.106889 0.604731 -0.789225 1 
0.127682 0.252137 -0.0390967 -0.139726 0.707642 -0.692618 1 
0.127443 0.252184 -0.0391183 -0.169043 0.732521 -0.659422 1 
0.127683 0.251964 -0.0394842 -0.160729 0.797636 -0.581328 1 
0.128063 0.252159 -0.0395706 -0.120705 0.710821 -0.692939 1 
0.127912 0.252549 -0.0393575 -0.106889 0.604731 -0.789225 1 
0.127839 0.252182 -0.0393488 -0.133257 0.711203 -0.690241 1 
0.127443 0.252068 -0.0393765 -0.167839 0.842167 -0.51243 1 
0.127699 0.251824 -0.0394992 -0.163524 0.855921 -0.490571 1 
0.131236 0.252836 -0.0385498 0.199929 0.488548 -0.849323 1 
0.130362 0.252759 -0.0387495 0.119296 0.48437 -0.866692 1 
0.130258 0.252614 -0.0388399 0.112652 0.477701 -0.87127 1 
0.130155 0.252411 -0.0390593 0.0886945 0.477261 -0.874274 1 
0.131715 0.2528 -0.0383778 0.175157 0.466595 -0.866954 1 
0.131492 0.25265 -0.0385434 0.185146 0.463605 -0.866482 1 
0.131128 0.252199 -0.0387304 0.195603 0.479302 -0.855576 1 
0.130742 0.252954 -0.038836 0.163399 0.481364 -0.861156 1 
0.130618 0.252457 -0.0390014 0.166629 0.488091 -0.856739 1 
0.129999 0.252194 -0.0391949 0.065269 0.487435 -0.870717 1 
0.129955 0.253335 -0.0385429 0.0940905 0.459218 -0.883327 1 
0.129971 0.253138 -0.0386871 0.0940905 0.459218 -0.883327 1 
0.130111 0.253553 -0.0384074 0.130559 0.457675 -0.879482 1 
0.129612 0.253295 -0.0385255 0.0730045 0.442159 -0.893961 1 
0.130315 0.253178 -0.0387045 0.130717 0.461099 -0.877668 1 
0.129696 0.252973 -0.0387687 0.0674379 0.450045 -0.890456 1 
0.129764 0.252732 -0.039126 0.0536747 0.483072 -0.873934 1 
0.129824 0.254077 -0.0382546 0.0928078 0.428024 -0.898989 1 
0.128938 0.252178 -0.0395 -0.0263782 0.578933 -0.814948 1 
0.129198 0.252426 -0.0395325 0.00672061 0.51211 -0.858893 1 
0.129042 0.252208 -0.0396679 -0.0263782 0.578933 -0.814948 1 
0.128917 0.251826 -0.0395752 -0.0586758 0.65402 -0.754198 1 
0.128455 0.251665 -0.0398913 -0.116483 0.779993 -0.614852 1 
0.128926 0.252868 -0.0392655 0.0013319 0.488806 -0.872392 1 
0.128531 0.252754 -0.0392933 -0.0515425 0.52239 -0.851147 1 
0.12851 0.252402 -0.0393685 -0.0667865 0.572659 -0.817069 1 
0.12877 0.25265 -0.039401 -0.017691 0.521203 -0.853249 1 
0.129151 0.252845 -0.0394874 0.0148212 0.494487 -0.869058 1 
0.127709 0.255433 -0.0377804 0.166004 0.417176 -0.893536 1 
0.128328 0.255639 -0.0377162 0.387616 0.631732 -0.671318 1 
0.128172 0.255422 -0.0378517 0.125796 0.422619 -0.897535 1 
0.129006 0.254622 -0.0381898 0.0875416 0.440487 -0.893481 1 
0.128839 0.255266 -0.0377034 0.119154 0.416339 -0.901368 1 
0.129047 0.255326 -0.0380393 0.13272 0.443828 -0.886229 1 
0.128683 0.255048 -0.0378389 0.0688966 0.39852 -0.914568 1 
0.128324 0.255032 -0.0380647 0.0955233 0.416703 -0.90401 1 
0.127662 0.255852 -0.0377353 0.190186 0.440819 -0.877216 1 
0.12773 0.255612 -0.0380926 0.162998 0.419755 -0.892881 1 
0.128746 0.254432 -0.0380282 0.0641386 0.432594 -0.899305 1 
0.126552 0.252419 -0.0389155 -0.186818 0.800432 -0.569568 1 
0.126776 0.252512 -0.0388791 -0.188564 0.825156 -0.532505 1 
0.127218 0.252264 -0.0387673 -0.182381 0.731056 -0.657491 1 
0.127032 0.25221 -0.039131 -0.188564 0.825156 -0.532505 1 
0.127135 0.252355 -0.0390406 -0.182429 0.749645 -0.636202 1 
0.125641 0.252245 -0.0389172 -0.147658 0.912667 -0.381098 1 
0.125777 0.252053 -0.0389861 -0.160982 0.904633 -0.394619 1 
0.12573 0.252357 -0.0391993 -0.166869 0.857971 -0.485839 1 
0.125418 0.252095 -0.0390828 -0.120618 0.93648 -0.329327 1 
0.125673 0.251908 -0.0390764 -0.147658 0.912667 -0.381098 1 
0.126449 0.252217 -0.039135 -0.179241 0.81788 -0.546759 1 
0.126001 0.252031 -0.0392079 -0.179077 0.82616 -0.53422 1 
0.126105 0.252118 -0.0392467 -0.179077 0.82616 -0.53422 1 
0.127084 0.252225 -0.039215 -0.188564 0.825156 -0.532505 1 
0.126808 0.25206 -0.0392966 -0.188564 0.825156 -0.532505 1 
0.126449 0.252044 -0.0395224 -0.179241 0.81788 -0.546759 1 
0.126569 0.251991 -0.0395762 -0.181495 0.832479 -0.523487 1 
0.126189 0.251796 -0.0394899 -0.179077 0.82616 -0.53422 1 
0.126209 0.252321 -0.0390272 -0.196483 0.811826 -0.549848 1 
0.127032 0.252037 -0.0395184 -0.188564 0.825156 -0.532505 1 
0.133543 0.271961 -0.0196694 -0.0554423 0.615552 -0.786144 1 
0.133481 0.270905 -0.0198951 0.0181637 0.708386 -0.705591 1 
0.133586 0.270935 -0.0200632 -0.012521 0.727612 -0.685875 1 
0.134367 0.271505 -0.020548 -0.0618069 0.702874 -0.708624 1 
0.134795 0.269839 -0.0205778 -0.00414414 0.747327 -0.664444 1 
0.133481 0.270848 -0.0200243 -0.00138062 0.724826 -0.68893 1 
0.133466 0.27093 -0.0201384 -0.012521 0.727612 -0.685875 1 
0.133586 0.270762 -0.0204505 0.0181298 0.7489 -0.662435 1 
0.133378 0.270645 -0.0202437 0.0097294 0.743604 -0.668549 1 
0.133379 0.270472 -0.0206312 0.0181253 0.751502 -0.659482 1 
0.133315 0.271146 -0.0203127 -0.00138062 0.724826 -0.68893 1 
0.133487 0.271109 -0.0204506 0.0499615 0.743713 -0.666629 1 
0.13318 0.271165 -0.0206313 0.0499615 0.743713 -0.666629 1 
0.133993 0.270129 -0.0207863 0.0468771 0.754296 -0.654859 1 
0.134233 0.270024 -0.0208941 0.0616604 0.75283 -0.655321 1 
0.134186 0.270443 -0.0208489 0.0266887 0.754306 -0.65598 1 
0.134082 0.270241 -0.0210684 0.0616604 0.75283 -0.655321 1 
0.133822 0.270051 -0.0209068 0.0616604 0.75283 -0.655321 1 
0.134145 0.269739 -0.0209994 0.0768317 0.75527 -0.650895 1 
0.134078 0.269691 -0.0212878 0.222867 0.755878 -0.615612 1 
0.133583 0.269925 -0.0213156 0.225923 0.752557 -0.618561 1 
0.133635 0.26994 -0.0213996 0.2402 0.751998 -0.613844 1 
0.133639 0.27072 -0.0206637 0.0181298 0.7489 -0.662435 1 
0.133431 0.270487 -0.0207151 0.0181253 0.751502 -0.659482 1 
0.133332 0.270776 -0.0208444 0.0181253 0.751502 -0.659482 1 
0.133936 0.271064 -0.0208942 -0.0210101 0.743757 -0.66812 1 
0.133676 0.270644 -0.0212492 0.0646187 0.756757 -0.650495 1 
0.133541 0.270836 -0.0211802 0.0586402 0.759462 -0.647903 1 
0.133327 0.270342 -0.0208054 0.0646187 0.756757 -0.650495 1 
0.133411 0.27002 -0.0210486 0.181801 0.759287 -0.624846 1 
0.133307 0.269817 -0.0212681 0.289285 0.746388 -0.599348 1 
0.133281 0.270415 -0.0215352 0.288984 0.739225 -0.608304 1 
0.133464 0.269804 -0.0216492 0.271131 0.7468 -0.607271 1 
0.136639 0.26751 -0.0229417 0.034295 0.86012 -0.508938 1 
0.135681 0.26764 -0.0231565 -0.0353022 0.67639 -0.735697 1 
0.13628 0.267494 -0.0231674 0.089586 0.851778 -0.516186 1 
0.135868 0.26752 -0.0231802 0.0770099 0.725056 -0.684371 1 
0.135682 0.267467 -0.0235439 0.0588224 0.701565 -0.710173 1 
0.135937 0.26728 -0.0235375 0.155164 0.769792 -0.619148 1 
0.136229 0.26719 -0.0237292 0.185203 0.769892 -0.61071 1 
0.136188 0.26764 -0.024627 0.142004 0.787748 -0.599406 1 
0.134593 0.269867 -0.0210556 0.0616969 0.764755 -0.641361 1 
0.134491 0.269376 -0.0219208 0.254217 0.731071 -0.633174 1 
0.134723 0.270683 -0.0211872 0.0295583 0.753032 -0.65732 1 
0.134391 0.269896 -0.0215334 0.188689 0.765493 -0.615156 1 
0.134287 0.269751 -0.0216237 0.232503 0.759926 -0.607005 1 
0.134131 0.269533 -0.0217592 0.253656 0.748364 -0.612871 1 
0.133995 0.26984 -0.021432 0.222867 0.755878 -0.615612 1 
0.133771 0.26969 -0.0215976 0.281898 0.740578 -0.609982 1 
0.133636 0.269824 -0.0216579 0.271131 0.7468 -0.607271 1 
0.134391 0.269781 -0.0217917 0.232503 0.759926 -0.607005 1 
0.134392 0.269608 -0.0221791 0.275883 0.728777 -0.626716 1 
0.134079 0.269461 -0.0218044 0.286171 0.73701 -0.61231 1 
0.13384 0.26945 -0.0219549 0.300055 0.72687 -0.61776 1 
0.133637 0.269651 -0.0220454 0.300055 0.72687 -0.61776 1 
0.133684 0.269232 -0.0220904 0.311555 0.721581 -0.618267 1 
0.133325 0.269216 -0.0223162 0.326239 0.709286 -0.624886 1 
0.134183 0.26949 -0.0219724 0.289893 0.731941 -0.616624 1 
0.134132 0.26936 -0.0221467 0.300055 0.72687 -0.61776 1 
0.133892 0.269407 -0.022168 0.310721 0.726088 -0.613391 1 
0.134304 0.269323 -0.0222845 0.297327 0.72162 -0.625189 1 
0.134252 0.26925 -0.0223297 0.296729 0.72017 -0.627142 1 
0.133841 0.269277 -0.0223424 0.329802 0.709967 -0.622236 1 
0.133789 0.269204 -0.0223875 0.326146 0.712329 -0.621463 1 
0.133638 0.269478 -0.0224327 0.326239 0.709286 -0.624886 1 
0.133372 0.268797 -0.0223613 0.32566 0.704786 -0.630256 1 
0.133685 0.269059 -0.0224778 0.318537 0.703369 -0.635457 1 
0.133326 0.269043 -0.0227037 0.318537 0.703369 -0.635457 1 
0.133477 0.268769 -0.0226585 0.311994 0.706433 -0.635305 1 
0.133306 0.268691 -0.0227789 0.314977 0.702642 -0.638031 1 
0.133569 0.269834 -0.0218172 0.271131 0.7468 -0.607271 1 
0.133277 0.269808 -0.0218837 0.296212 0.734925 -0.610036 1 
0.133413 0.269501 -0.022211 0.30417 0.729043 -0.613169 1 
0.133051 0.26882 -0.0229144 0.33377 0.695219 -0.636606 1 
0.134081 0.269115 -0.0225792 0.304117 0.709606 -0.635588 1 
0.13379 0.269032 -0.022775 0.304117 0.709606 -0.635588 1 
0.133686 0.268886 -0.0228653 0.286828 0.71627 -0.63615 1 
0.133665 0.268534 -0.0229405 0.27597 0.725816 -0.630104 1 
0.133431 0.269015 -0.0230008 0.314662 0.714848 -0.624484 1 
0.132973 0.269231 -0.023485 0.308365 0.708755 -0.634489 1 
0.133213 0.269184 -0.0234636 0.308365 0.708755 -0.634489 1 
0.135322 0.267624 -0.0233824 0.279559 0.723658 -0.631004 1 
0.13624 0.267828 -0.0243235 0.185203 0.769892 -0.61071 1 
0.135887 0.268131 -0.0248466 0.161393 0.779815 -0.604847 1 
0.135458 0.267316 -0.0237095 0.198933 0.744843 -0.636895 1 
0.135886 0.267092 -0.0238409 0.151923 0.780675 -0.606189 1 
0.136073 0.266973 -0.0238646 0.151842 0.783266 -0.602859 1 
0.135662 0.266942 -0.0240065 0.162629 0.688514 -0.706753 1 
0.135096 0.266635 -0.024413 0.169598 0.710479 -0.682976 1 
0.135679 0.266456 -0.0247964 0.176297 0.703654 -0.688324 1 
0.135424 0.2667 -0.0246737 0.169256 0.705994 -0.687696 1 
0.135576 0.266311 -0.0248867 0.176297 0.703654 -0.688324 1 
0.134432 0.265061 -0.0251054 -0.104108 0.626117 -0.772748 1 
0.134588 0.265105 -0.0253573 0.110205 0.615679 -0.780252 1 
0.134932 0.265088 -0.0255039 0.160902 0.575939 -0.801502 1 
0.135773 0.267175 -0.02473 0.149495 0.696134 -0.702174 1 
0.136039 0.266299 -0.024958 0.14623 0.704014 -0.694969 1 
0.135732 0.266356 -0.0251387 0.169256 0.705994 -0.687696 1 
0.13542 0.266036 -0.0251514 0.175562 0.648817 -0.740415 1 
0.135249 0.265958 -0.0252718 0.129839 0.637257 -0.759635 1 
0.135524 0.266066 -0.0253193 0.149394 0.644357 -0.74999 1 
0.135353 0.265988 -0.0254398 0.129839 0.637257 -0.759635 1 
0.135061 0.26602 -0.0253772 0.119879 0.628994 -0.768112 1 
0.135197 0.26577 -0.0255752 0.126168 0.610062 -0.782244 1 
0.134684 0.264036 -0.0259641 0.386439 0.447371 -0.806551 1 
0.133051 0.268705 -0.0231727 0.312063 0.703354 -0.638678 1 
0.133374 0.268451 -0.0231362 0.265476 0.723303 -0.63746 1 
0.133167 0.268046 -0.0235752 0.251758 0.704605 -0.663437 1 
0.133119 0.26858 -0.0232718 0.279782 0.714642 -0.6411 1 
0.133479 0.268308 -0.0236916 0.220342 0.717283 -0.661025 1 
0.133579 0.267904 -0.0238207 0.521376 0.685668 -0.507964 1 
0.133527 0.267831 -0.0238659 0.139733 0.70167 -0.698665 1 
0.1331 0.26794 -0.0239927 0.223945 0.700023 -0.678098 1 
0.132809 0.267856 -0.0241884 0.268726 0.707592 -0.653529 1 
0.132917 0.268666 -0.0236204 0.279902 0.708552 -0.647773 1 
0.132792 0.268284 -0.0235277 0.279999 0.702398 -0.654398 1 
0.132713 0.268983 -0.0234525 0.311994 0.706433 -0.635305 1 
0.132406 0.26904 -0.0236332 0.3085 0.702605 -0.641228 1 
0.132605 0.268231 -0.0238913 0.244714 0.70888 -0.661516 1 
0.13235 0.26836 -0.0240269 0.308771 0.680589 -0.664423 1 
0.132246 0.268215 -0.0241172 0.305193 0.676593 -0.670134 1 
0.132908 0.267452 -0.0243175 0.32073 0.739773 -0.591496 1 
0.132226 0.267863 -0.0241924 0.373289 0.698889 -0.610089 1 
0.134553 0.267519 -0.0238792 0.18621 0.724836 -0.663279 1 
0.135167 0.267233 -0.0239052 0.0353756 0.677797 -0.734398 1 
0.134944 0.267082 -0.0240708 0.0798634 0.675208 -0.733291 1 
0.134792 0.267472 -0.0238577 0.186173 0.727769 -0.66007 1 
0.134345 0.267171 -0.024189 0.193103 0.709074 -0.678178 1 
0.134293 0.267098 -0.0242341 0.176307 0.694495 -0.697562 1 
0.134653 0.266999 -0.0242665 0.165905 0.713849 -0.680364 1 
0.134533 0.266994 -0.0243418 0.257596 0.734859 -0.627396 1 
0.134242 0.26691 -0.0245376 0.237496 0.72507 -0.646429 1 
0.134432 0.267629 -0.0236962 0.18621 0.724836 -0.663279 1 
0.133818 0.267799 -0.0239284 0.510423 0.694509 -0.507076 1 
0.133934 0.267255 -0.0240725 0.199477 0.706673 -0.678839 1 
0.133918 0.267395 -0.0240575 0.206215 0.714775 -0.66826 1 
0.133575 0.267239 -0.0242984 0.216526 0.708772 -0.671386 1 
0.135199 0.266896 -0.0240644 0.162988 0.699173 -0.696126 1 
0.135251 0.266853 -0.0242776 0.169598 0.710479 -0.682976 1 
0.134856 0.266625 -0.0245636 0.175925 0.702171 -0.689932 1 
0.135429 0.267077 -0.0248417 0.175925 0.702171 -0.689932 1 
0.134867 0.267435 -0.0247705 0.199821 0.717187 -0.667619 1 
0.134811 0.266698 -0.0252933 0.159333 0.690445 -0.705619 1 
0.134763 0.267233 -0.0249899 0.156365 0.708955 -0.687701 1 
0.133758 0.26657 -0.0245415 0.162988 0.696126 -0.699173 1 
0.133763 0.267004 -0.0245804 0.189351 0.68813 -0.700445 1 
0.134993 0.26626 -0.0250199 0.149301 0.66205 -0.734438 1 
0.134785 0.266027 -0.0250714 0.126787 0.64885 -0.750279 1 
0.134244 0.266392 -0.0256998 0.0644552 0.628796 -0.774894 1 
0.133911 0.26595 -0.0252712 -0.0236483 0.610682 -0.791522 1 
0.133828 0.266099 -0.0254154 0.0826338 0.636425 -0.766899 1 
0.133968 0.266457 -0.0252648 0.0675101 0.636319 -0.768466 1 
0.133817 0.266616 -0.0255683 0.0180792 0.635555 -0.771844 1 
0.13388 0.265999 -0.0257576 0.0644837 0.617611 -0.783836 1 
0.133304 0.267565 -0.0242898 0.286054 0.739905 -0.608863 1 
0.133117 0.267627 -0.0243952 0.286054 0.739905 -0.608863 1 
0.134206 0.26791 -0.0252159 0.172963 0.693381 -0.699504 1 
0.132094 0.268777 -0.0235168 0.365936 0.651465 -0.664593 1 
0.132047 0.269196 -0.0234716 0.366735 0.662755 -0.652887 1 
0.131636 0.269165 -0.0236135 0.394975 0.636258 -0.662699 1 
0.132131 0.268816 -0.023844 0.333135 0.690646 -0.641895 1 
0.135533 0.267164 -0.0248805 0.183018 0.6967 -0.693624 1 
0.135362 0.266971 -0.0252592 0.169263 0.702977 -0.690778 1 
0.135222 0.266729 -0.0251515 0.159679 0.701069 -0.694986 1 
0.135071 0.266888 -0.0254549 0.159679 0.701069 -0.694986 1 
0.134536 0.266302 -0.0258915 0.0885623 0.619936 -0.779638 1 
0.133563 0.266514 -0.0262205 0.0409659 0.622964 -0.781177 1 
0.134424 0.265 -0.0265497 -0.073709 0.747207 -0.660491 1 
0.134237 0.265062 -0.0266552 -0.0527838 0.748959 -0.660511 1 
0.14132 0.263021 -0.0248777 0.708101 0.565486 -0.42287 1 
0.139918 0.260947 -0.0263553 0.1812 -0.237573 -0.954319 1 
0.139675 0.260272 -0.0269835 0.644833 -0.53708 -0.543815 1 
0.140368 0.264999 -0.0229749 -0.0849905 0.813892 -0.574766 1 
0.141035 0.264613 -0.0233433 -0.196114 0.699525 -0.687171 1 
0.140628 0.265247 -0.0230074 -0.0849905 0.813892 -0.574766 1 
0.140472 0.265029 -0.0231429 -0.17232 0.754851 -0.632855 1 
0.140546 0.265223 -0.0235391 0.0720866 0.846664 -0.527222 1 
0.14065 0.265253 -0.023707 0.0762999 0.79611 -0.600322 1 
0.140369 0.264826 -0.0233624 0.0762999 0.79611 -0.600322 1 
0.140369 0.264654 -0.0237498 0.518337 0.753796 -0.403878 1 
0.14039 0.265006 -0.0236746 0.518337 0.753796 -0.403878 1 
0.140494 0.265035 -0.0238425 0.518337 0.753796 -0.403878 1 
0.140338 0.264818 -0.023978 0.685469 0.666205 -0.293773 1 
0.141885 0.265 -0.0240563 0.0762999 0.79611 -0.600322 1 
0.140984 0.264252 -0.0240341 0.596877 0.738455 -0.313723 1 
0.141193 0.26437 -0.0242409 0.644442 0.711605 -0.279845 1 
0.141245 0.264385 -0.0243249 0.603623 0.746964 -0.278718 1 
0.140427 0.265045 -0.0240018 0.508767 0.83788 -0.19777 1 
0.140651 0.26508 -0.0240945 -0.515942 0.85431 0.0629197 1 
0.140495 0.264863 -0.0242299 -0.615552 0.786144 0.0554423 1 
0.14037 0.264481 -0.0241372 -0.615552 0.786144 0.0554423 1 
0.140324 0.264727 -0.0244796 -0.682772 0.69219 0.233869 1 
0.140787 0.264773 -0.0244217 -0.646414 0.755377 0.10749 1 
0.140631 0.264555 -0.0245571 -0.560869 0.826617 0.0461563 1 
0.141916 0.264663 -0.0242155 0.0762999 0.79611 -0.600322 1 
0.141609 0.264777 -0.0242671 0.270515 0.839368 -0.471468 1 
0.141402 0.26443 -0.0245768 0.902546 0.364236 -0.229659 1 
0.141298 0.264227 -0.0247962 0.779783 0.546965 -0.304578 1 
0.141302 0.264834 -0.0244477 -0.615552 0.786144 0.0554423 1 
0.140162 0.264248 -0.0241887 -0.631314 0.77473 0.0351511 1 
0.140877 0.26327 -0.0249895 0.757941 0.523224 -0.389566 1 
0.14047 0.264019 -0.0243954 0.851332 0.390648 -0.350182 1 
0.140214 0.264263 -0.0242727 0.744492 0.569317 -0.348727 1 
0.140371 0.264308 -0.0245246 0.793251 0.515533 -0.324004 1 
0.140538 0.263779 -0.0247528 0.757418 0.535894 -0.373008 1 
0.140423 0.264265 -0.0247377 0.847376 0.40106 -0.348002 1 
0.140528 0.264353 -0.0247766 0.801872 0.489413 -0.342748 1 
0.14058 0.26431 -0.0249897 0.813708 0.460199 -0.355101 1 
0.141361 0.263668 -0.0248564 0.749197 0.5468 -0.373783 1 
0.140898 0.263622 -0.0249143 0.796654 0.499705 -0.340055 1 
0.140632 0.264382 -0.0249445 0.793728 0.512649 -0.327393 1 
0.140302 0.261865 -0.0258348 0.767198 0.433491 -0.472751 1 
0.140233 0.264874 -0.025939 0.778177 0.466256 -0.420768 1 
0.139738 0.264992 -0.0262251 0.777262 0.43833 -0.451366 1 
0.139292 0.263249 -0.0264547 0.660304 0.392211 -0.640445 1 
0.139038 0.263262 -0.0268485 0.546041 0.223031 -0.807525 1 
0.138736 0.263753 -0.0270681 0.453332 0.268926 -0.849805 1 
0.137106 0.261297 -0.0258977 -0.521116 -0.726253 -0.448325 1 
0.133904 0.264448 -0.0266139 -0.0944637 0.800761 -0.591488 1 
0.133644 0.2642 -0.0265814 -0.262386 0.82442 -0.501483 1 
0.134024 0.264396 -0.0266678 0.0152865 0.77683 -0.629524 1 
0.137603 0.26314 -0.0278811 0.35771 0.199686 -0.912233 1 
0.13742 0.263694 -0.0278962 0.356775 0.199163 -0.912713 1 
0.13724 0.262633 -0.0281972 0.3661 0.0705574 -0.927897 1 
0.137098 0.26389 -0.0280619 0.309779 0.213592 -0.926507 1 
0.136693 0.262736 -0.0283993 0.149375 0.278563 -0.948731 1 
0.136464 0.262209 -0.0283969 0.11626 0.226133 -0.967134 1 
0.136002 0.262105 -0.0285839 0.0621469 0.208375 -0.976073 1 
0.136121 0.262053 -0.0286378 0.0650914 0.217381 -0.973914 1 
0.136226 0.262083 -0.0288057 0.0680375 0.228853 -0.97108 1 
0.136522 0.262658 -0.0285197 0.133898 0.232697 -0.963288 1 
0.135846 0.261945 -0.0285902 0.0348601 0.219979 -0.974881 1 
0.135304 0.262598 -0.028573 0.0368721 0.201012 -0.978895 1 
0.13544 0.262291 -0.0289001 0.0394118 0.204225 -0.97813 1 
0.13544 0.262291 -0.0289001 0.0394118 0.204225 -0.97813 1 
0.136075 0.262299 -0.0289801 0.0680375 0.228853 -0.97108 1 
0.135898 0.261902 -0.0288034 0.0205441 0.250154 -0.967988 1 
0.135799 0.262134 -0.0290617 0.0276435 0.231965 -0.972331 1 
0.135799 0.262134 -0.0290617 0.0276435 0.231965 -0.972331 1 
0.135492 0.26219 -0.0292424 0.0129031 0.212315 -0.977116 1 
0.136333 0.264277 -0.0284685 0.138155 0.2857 -0.948308 1 
0.13599 0.264179 -0.0285802 0.111896 0.285664 -0.951775 1 
0.135834 0.263961 -0.0287157 0.0828601 0.322234 -0.943027 1 
0.134482 0.262536 -0.0288567 -0.076176 0.134773 -0.987944 1 
0.134647 0.263622 -0.0287989 -0.0993252 -0.0764918 -0.992111 1 
0.134231 0.263329 -0.0285146 -0.08787 0.250875 -0.964023 1 
0.133559 0.263051 -0.0286239 0.0230096 0.496736 -0.867597 1 
0.134522 0.263297 -0.0285771 -0.119238 0.161033 -0.97972 1 
0.134522 0.26324 -0.0287062 -0.0499226 0.433112 -0.899956 1 
0.134382 0.26294 -0.0287276 -0.0357806 0.41214 -0.910418 1 
0.135605 0.26355 -0.028455 -0.0450107 0.473294 -0.879754 1 
0.135621 0.263352 -0.0285992 0.028917 0.305515 -0.951748 1 
0.134789 0.262364 -0.0289343 -0.0127639 0.1961 -0.980501 1 
0.135002 0.263088 -0.0287925 -0.0540116 0.134454 -0.989447 1 
0.134877 0.262649 -0.0288289 -0.010306 0.179783 -0.983652 1 
0.135601 0.26277 -0.0291909 0.0445292 0.213018 -0.976033 1 
0.13511 0.263725 -0.0286119 -0.0323521 0.651261 -0.758164 1 
0.134835 0.263502 -0.0288227 -0.0701657 -0.0768481 -0.994571 1 
0.134584 0.264181 -0.0287388 -0.0954854 0.294304 -0.95093 1 
0.135572 0.260165 -0.0289577 -0.301435 0.187528 -0.934864 1 
0.135468 0.259962 -0.0291771 -0.318905 0.189657 -0.928617 1 
0.136056 0.26039 -0.029212 -0.208371 0.235609 -0.949247 1 
0.135323 0.259228 -0.0291596 -0.50518 0.144965 -0.850752 1 
0.135275 0.259647 -0.0291145 -0.34579 0.194951 -0.917836 1 
0.13537 0.258809 -0.0292047 -0.452022 0.197111 -0.869956 1 
0.13538 0.259677 -0.0292824 -0.368066 0.200632 -0.907896 1 
0.134176 0.259766 -0.028705 -0.863474 -0.479382 -0.156862 1 
0.133139 0.262036 -0.0289463 0.00122939 0.30366 -0.95278 1 
0.133019 0.262031 -0.0290216 -0.0110343 0.288118 -0.957531 1 
0.134847 0.260044 -0.0285956 -0.867536 -0.106839 -0.485763 1 
0.135161 0.260134 -0.0290996 -0.300331 0.178538 -0.936977 1 
0.135009 0.260523 -0.0288865 0.0259517 0.278054 -0.960215 1 
0.1344 0.261185 -0.0290284 -0.0228259 0.234266 -0.971904 1 
0.134623 0.261278 -0.028992 -0.0452884 0.236234 -0.97064 1 
0.134415 0.261046 -0.0290435 -0.0132558 0.25186 -0.967673 1 
0.136045 0.260964 -0.0292358 -0.143157 0.240347 -0.960073 1 
0.13542 0.260439 -0.0290028 -0.26829 0.199498 -0.942455 1 
0.135123 0.261421 -0.0291322 -0.121038 0.212772 -0.969576 1 
0.13518 0.261928 -0.0291259 -0.0692657 0.195645 -0.978226 1 
0.135149 0.262207 -0.0290959 -0.0241443 0.16901 -0.985318 1 
0.135644 0.261916 -0.0291972 -0.0131564 0.242796 -0.969988 1 
0.13554 0.261771 -0.0292874 -0.0838416 0.229 -0.969809 1 
0.135295 0.261384 -0.02927 -0.138286 0.221 -0.96542 1 
0.13414 0.259496 -0.0288943 -0.789579 -0.599962 0.128881 1 
0.134248 0.261575 -0.0288154 -0.02201 0.179556 -0.983502 1 
0.134154 0.262413 -0.0287252 0.0547735 0.399446 -0.915119 1 
0.133857 0.261896 -0.028882 -0.088274 0.130645 -0.987491 1 
0.134513 0.262256 -0.0288867 -0.0462813 0.186312 -0.9814 1 
0.133785 0.261471 -0.0290024 -0.0722081 0.108885 -0.991428 1 
0.133837 0.261544 -0.0289573 -0.0722081 0.108885 -0.991428 1 
0.133743 0.262382 -0.0288671 0.0088955 0.357091 -0.934027 1 
0.134821 0.262085 -0.0289643 -0.0269126 0.188388 -0.981726 1 
0.133409 0.264739 -0.0265125 -0.485786 0.834317 -0.260628 1 
0.141688 0.261395 -0.0260097 0.952184 -0.137168 -0.273004 1 
0.14175 0.262279 -0.0261714 0.824359 0.401855 -0.398678 1 
0.141651 0.26251 -0.0264298 0.815862 0.397553 -0.419906 1 
0.141183 0.261972 -0.0265779 0.82031 0.285936 -0.495311 1 
0.141443 0.26222 -0.0266104 0.821457 0.265537 -0.504676 1 
0.141688 0.262549 -0.026757 0.847624 0.354347 -0.394933 1 
0.140588 0.264052 -0.0265783 0.74057 0.486566 -0.463475 1 
0.140574 0.262635 -0.0267199 0.729345 0.375326 -0.572003 1 
0.14098 0.262174 -0.0266683 0.747316 0.330885 -0.576224 1 
0.140829 0.262448 -0.0267136 0.729191 0.353992 -0.585637 1 
0.14059 0.262322 -0.0271224 0.605328 0.215193 -0.766336 1 
0.14037 0.262951 -0.026552 0.764409 0.427218 -0.482871 1 
0.140683 0.263099 -0.0269268 0.74786 0.373115 -0.549082 1 
0.140527 0.262996 -0.0268039 0.744998 0.397878 -0.535416 1 
0.140376 0.26327 -0.0268492 0.733561 0.385653 -0.559607 1 
0.140428 0.263227 -0.0270623 0.701577 0.351606 -0.619808 1 
0.14083 0.262275 -0.027101 0.630276 0.243623 -0.737156 1 
0.14095 0.262165 -0.0272839 0.56104 0.150305 -0.814029 1 
0.140539 0.262192 -0.0272967 0.461252 0.10015 -0.881599 1 
0.140695 0.262236 -0.0275486 0.366791 -0.00126917 -0.930303 1 
0.14084 0.263143 -0.0271787 0.729735 0.357521 -0.582808 1 
0.140226 0.263256 -0.0275401 0.534835 0.232738 -0.812271 1 
0.140333 0.264239 -0.0265847 0.731076 0.489042 -0.47578 1 
0.140234 0.264528 -0.0267139 0.708772 0.511983 -0.4853 1 
0.139796 0.265383 -0.0264771 0.80442 0.390168 -0.44797 1 
0.139728 0.26545 -0.0265073 0.810567 0.375707 -0.449249 1 
0.13977 0.264597 -0.0265135 0.715529 0.463185 -0.522951 1 
0.13926 0.264855 -0.0267846 0.656152 0.315925 -0.685314 1 
0.139896 0.264864 -0.0268645 0.709463 0.362105 -0.6046 1 
0.13998 0.264542 -0.0271077 0.662238 0.432039 -0.612195 1 
0.139792 0.264603 -0.0272131 0.572881 0.348922 -0.741661 1 
0.139417 0.264842 -0.0271656 0.521767 0.26322 -0.811464 1 
0.139782 0.265177 -0.0272369 0.563288 0.284024 -0.77591 1 
0.139813 0.263629 -0.026778 0.654401 0.431272 -0.621098 1 
0.140277 0.263502 -0.0271075 0.671852 0.391226 -0.628933 1 
0.140022 0.263631 -0.0272431 0.602489 0.351043 -0.716782 1 
0.139663 0.263614 -0.0274689 0.488912 0.254481 -0.834389 1 
0.139375 0.264369 -0.0267995 0.64456 0.405957 -0.647874 1 
0.13922 0.264151 -0.026935 0.555716 0.351575 -0.753376 1 
0.139168 0.264079 -0.0269801 0.555716 0.351575 -0.753376 1 
0.139199 0.263741 -0.0271394 0.4966 0.26145 -0.827667 1 
0.139204 0.264233 -0.0270491 0.54041 0.340378 -0.76948 1 
0.139261 0.264682 -0.027172 0.519494 0.263647 -0.812783 1 
0.139048 0.264016 -0.0271846 0.45574 0.279624 -0.845051 1 
0.139621 0.264525 -0.0273336 0.515225 0.305964 -0.80058 1 
0.139158 0.264479 -0.0273915 0.47832 0.273989 -0.83435 1 
0.13907 0.264195 -0.0274968 0.462211 0.276708 -0.842492 1 
0.138991 0.263509 -0.0271908 0.481431 0.243008 -0.842123 1 
0.138841 0.26361 -0.0276235 0.453332 0.268926 -0.849805 1 
0.13843 0.263694 -0.0275071 0.443885 0.233228 -0.8652 1 
0.139049 0.263843 -0.027572 0.45977 0.286389 -0.84059 1 
0.138638 0.263754 -0.027843 0.44246 0.267925 -0.85583 1 
0.138946 0.263582 -0.0279207 0.444917 0.267562 -0.854669 1 
0.139835 0.263635 -0.0274776 0.4966 0.26145 -0.827667 1 
0.139987 0.263245 -0.0276907 0.504548 0.224074 -0.8338 1 
0.138379 0.263276 -0.0283271 0.400246 0.196484 -0.895096 1 
0.138016 0.262768 -0.0286432 0.36739 0.159062 -0.916364 1 
0.138172 0.262813 -0.0288952 0.370696 0.169014 -0.913246 1 
0.138054 0.261365 -0.0288688 0.208091 0.213461 -0.954533 1 
0.139489 0.26544 -0.0266578 0.708047 0.311283 -0.633855 1 
0.139645 0.265484 -0.0269098 0.653345 0.340521 -0.676155 1 
0.139474 0.265464 -0.0269011 0.645603 0.258559 -0.718571 1 
0.13901 0.265476 -0.0268298 0.484433 0.250675 -0.838145 1 
0.139062 0.265491 -0.0269138 0.484433 0.250675 -0.838145 1 
0.138854 0.265258 -0.0269653 0.476858 0.252995 -0.841784 1 
0.139422 0.265334 -0.0270754 0.563288 0.284024 -0.77591 1 
0.139131 0.265251 -0.0272711 0.474261 0.267255 -0.838839 1 
0.138855 0.265028 -0.0274819 0.476858 0.252995 -0.841784 1 
0.1383 0.264147 -0.0278645 0.427986 0.26654 -0.863588 1 
0.138332 0.26381 -0.0280237 0.435141 0.236391 -0.868776 1 
0.138129 0.264012 -0.0281141 0.395266 0.266016 -0.879204 1 
0.138488 0.263855 -0.0282757 0.430737 0.232628 -0.87198 1 
0.138035 0.263466 -0.0277931 0.389324 0.218903 -0.894711 1 
0.137655 0.263098 -0.0280942 0.37869 0.147816 -0.913643 1 
0.137868 0.26388 -0.0278233 0.393759 0.212249 -0.894374 1 
0.137665 0.264081 -0.0279136 0.411124 0.168777 -0.895819 1 
0.13792 0.263895 -0.0279072 0.3949 0.232207 -0.888895 1 
0.13828 0.263738 -0.0280689 0.423253 0.245517 -0.872112 1 
0.137869 0.263649 -0.0283398 0.379613 0.191972 -0.905009 1 
0.137874 0.264141 -0.0282496 0.396187 0.249673 -0.883572 1 
0.138181 0.263969 -0.0283272 0.38842 0.262446 -0.883319 1 
0.137874 0.264026 -0.0285079 0.397568 0.199512 -0.89562 1 
0.137817 0.263577 -0.028385 0.389611 0.164122 -0.906238 1 
0.137818 0.263461 -0.0286433 0.365422 0.17489 -0.914265 1 
0.137193 0.262936 -0.0284104 0.270061 0.225284 -0.936117 1 
0.137526 0.263493 -0.0285807 0.326259 0.209433 -0.921788 1 
0.137614 0.263836 -0.0283463 0.359901 0.209581 -0.909147 1 
0.137271 0.26368 -0.0285871 0.312887 0.230022 -0.921516 1 
0.137151 0.26379 -0.0284041 0.298312 0.241219 -0.923484 1 
0.137614 0.263778 -0.0284754 0.339927 0.210841 -0.916513 1 
0.136911 0.263837 -0.0284256 0.237908 0.268878 -0.93333 1 
0.136688 0.263686 -0.0285912 0.160726 0.306341 -0.938255 1 
0.136912 0.263664 -0.028813 0.201336 0.284647 -0.937251 1 
0.137323 0.263579 -0.0289294 0.275346 0.241457 -0.930528 1 
0.137048 0.263356 -0.0291401 0.180735 0.264988 -0.947162 1 
0.136741 0.263528 -0.0290626 0.141035 0.288786 -0.946949 1 
0.136565 0.261574 -0.0290425 0.0208058 0.268028 -0.963187 1 
0.136522 0.262485 -0.0289071 0.111293 0.2341 -0.965822 1 
0.136232 0.262344 -0.029232 0.0811586 0.228493 -0.970157 1 
0.1358 0.261961 -0.0294491 -0.0108951 0.262692 -0.964818 1 
0.135753 0.26238 -0.029404 0.0420279 0.212541 -0.976248 1 
0.136126 0.263872 -0.0289074 0.104109 0.293876 -0.950157 1 
0.135394 0.262364 -0.0296299 -0.0105332 0.211835 -0.977249 1 
0.136353 0.260734 -0.0294426 -0.159347 0.261115 -0.952065 1 
0.136416 0.260233 -0.0293735 -0.278874 0.239237 -0.930051 1 
0.136206 0.261558 -0.0292683 -0.0230935 0.256459 -0.966279 1 
0.13605 0.26134 -0.0294038 -0.0956245 0.243524 -0.96517 1 
0.138574 0.260362 -0.0163403 0.168816 0.643328 -0.746747 1 
0.138313 0.260172 -0.0161787 0.168816 0.643328 -0.746747 1 
0.138058 0.260359 -0.016185 0.165841 0.67097 -0.7227 1 
0.138267 0.260419 -0.016521 0.142883 0.645228 -0.75051 1 
0.137752 0.260358 -0.0164949 0.165841 0.67097 -0.7227 1 
0.137887 0.260166 -0.0165638 0.227414 0.697925 -0.679105 1 
0.137992 0.260196 -0.0167317 0.172861 0.671556 -0.720508 1 
0.137597 0.259967 -0.0170178 0.333629 0.701435 -0.629826 1 
0.139628 0.257606 -0.0168889 0.39488 0.20254 -0.896129 1 
0.139318 0.256998 -0.0175473 0.526046 0.201626 -0.82621 1 
0.139886 0.256901 -0.0180448 0.61869 0.0554688 -0.783674 1 
0.140414 0.258783 -0.0170252 -0.0511685 0.363427 -0.930216 1 
0.14057 0.258827 -0.0172772 0.37404 0.065224 -0.925116 1 
0.140008 0.259186 -0.017206 0.544185 0.638533 -0.544185 1 
0.140107 0.258897 -0.0170768 0.249026 0.518159 -0.818228 1 
0.140263 0.258941 -0.0173288 0.20311 0.485959 -0.850053 1 
0.139956 0.259113 -0.0172512 0.544185 0.638533 -0.544185 1 
0.140144 0.258878 -0.0175332 0.20311 0.485959 -0.850053 1 
0.139801 0.25878 -0.0176449 0.268808 0.545477 -0.79385 1 
0.13968 0.258948 -0.0173328 0.255043 0.56172 -0.787034 1 
0.139255 0.257499 -0.0176162 0.437851 0.337412 -0.83333 1 
0.139233 0.258647 -0.017664 0.255221 0.565243 -0.784451 1 
0.138567 0.258802 -0.0178122 0.374022 0.563483 -0.736611 1 
0.138974 0.258226 -0.0180189 0.392367 0.512845 -0.763569 1 
0.138849 0.257902 -0.017797 0.403535 0.46836 -0.786002 1 
0.137835 0.257352 -0.0184056 0.592291 0.324388 -0.737539 1 
0.13896 0.256636 -0.018548 0.595769 0.201669 -0.777425 1 
0.137997 0.257716 -0.0189547 0.62839 0.332868 -0.703082 1 
0.138144 0.256892 -0.0191289 0.598246 0.37206 -0.7097 1 
0.138154 0.257761 -0.0192066 0.62864 0.344527 -0.697218 1 
0.138267 0.260361 -0.0166501 0.172861 0.671556 -0.720508 1 
0.13806 0.259956 -0.017089 0.276502 0.698448 -0.660089 1 
0.137649 0.259982 -0.0171018 0.333629 0.701435 -0.629826 1 
0.137837 0.259805 -0.0172546 0.297416 0.718621 -0.628592 1 
0.1378 0.259593 -0.0173149 0.322341 0.646302 -0.691657 1 
0.137781 0.259068 -0.0177775 0.443909 0.563615 -0.696622 1 
0.137878 0.257711 -0.01903 0.62864 0.344527 -0.697218 1 
0.137207 0.257432 -0.0191393 0.671241 0.226876 -0.705664 1 
0.137326 0.25738 -0.0191931 0.671241 0.226876 -0.705664 1 
0.137072 0.257394 -0.019587 0.678758 0.189313 -0.709541 1 
0.136825 0.258794 -0.0188963 0.692896 0.38348 -0.610605 1 
0.137138 0.258884 -0.0194003 0.693905 0.39063 -0.6049 1 
0.136712 0.25755 -0.0194254 0.644357 0.149394 -0.74999 1 
0.13649 0.257227 -0.0199784 0.529997 0.215359 -0.820197 1 
0.136609 0.257232 -0.0199031 0.577495 0.190467 -0.793865 1 
0.136203 0.257751 -0.0198257 0.594919 0.138665 -0.791734 1 
0.136706 0.258674 -0.0192299 0.703234 0.283536 -0.651973 1 
0.136576 0.259069 -0.0197164 0.743143 0.267785 -0.613212 1 
0.136624 0.25865 -0.0197616 0.726149 0.230548 -0.647731 1 
0.138034 0.257755 -0.0192819 0.633039 0.30766 -0.710357 1 
0.136849 0.25707 -0.0201401 0.538328 0.268379 -0.798859 1 
0.136698 0.257287 -0.0203144 0.555784 0.241307 -0.795534 1 
0.136819 0.257119 -0.0206265 0.519402 0.277747 -0.808133 1 
0.136773 0.257308 -0.021098 0.485253 0.299946 -0.821317 1 
0.136369 0.258664 -0.0201554 0.725284 0.169487 -0.667261 1 
0.136042 0.258368 -0.0204113 0.574597 0.150738 -0.804435 1 
0.136266 0.258461 -0.0203748 0.622887 0.129334 -0.771547 1 
0.136203 0.258962 -0.0204439 0.712128 0.234232 -0.661823 1 
0.135807 0.258849 -0.0204716 0.750681 0.120406 -0.6496 1 
0.135657 0.25895 -0.0209042 0.732691 0.136349 -0.666763 1 
0.135585 0.258526 -0.0210246 0.393844 0.276143 -0.876717 1 
0.129263 0.26589 -0.0229311 0.351923 0.689114 -0.633461 1 
0.128868 0.265662 -0.0232171 0.383754 0.68351 -0.620924 1 
0.130297 0.264109 -0.0239148 0.156278 0.672149 -0.723736 1 
0.130102 0.265582 -0.0231789 0.376627 0.679244 -0.629904 1 
0.130258 0.265627 -0.0234309 0.402863 0.728442 -0.554142 1 
0.130186 0.265202 -0.0235513 0.216526 0.708772 -0.671386 1 
0.129228 0.265505 -0.0233787 0.383671 0.686655 -0.617496 1 
0.129108 0.2655 -0.023454 0.383671 0.686655 -0.617496 1 
0.129212 0.26553 -0.023622 0.373856 0.676893 -0.634072 1 
0.130234 0.264668 -0.0238547 0.213526 0.712274 -0.668634 1 
0.130342 0.265305 -0.0236741 0.234149 0.71816 -0.655302 1 
0.129427 0.264639 -0.023766 0.345421 0.741115 -0.575702 1 
0.128902 0.263595 -0.0239204 0.46746 0.707012 -0.530675 1 
0.129223 0.264898 -0.0237273 0.333185 0.687498 -0.64524 1 
0.128901 0.265094 -0.0238929 0.365936 0.651465 -0.664593 1 
0.130197 0.264513 -0.0237857 0.219806 0.721773 -0.656299 1 
0.13013 0.264407 -0.0242033 0.172861 0.671556 -0.720508 1 
0.130027 0.264262 -0.0242936 0.106645 0.591658 -0.799104 1 
0.129584 0.264568 -0.0242762 0.213168 0.692409 -0.689297 1 
0.129409 0.263768 -0.0250035 0.106749 0.476814 -0.872498 1 
0.129325 0.263975 -0.0250186 0.140849 0.567845 -0.810995 1 
0.129105 0.264605 -0.0244482 0.414764 0.749197 -0.516405 1 
0.129329 0.264582 -0.02467 0.322284 0.720685 -0.613797 1 
0.129101 0.26394 -0.0249259 0.342741 0.739085 -0.579898 1 
0.129018 0.264147 -0.024941 0.426687 0.742996 -0.515649 1 
0.128715 0.264868 -0.0246441 0.333548 0.704518 -0.626419 1 
0.128918 0.264551 -0.0248119 0.44669 0.740087 -0.502732 1 
0.128352 0.265774 -0.0228035 0.376978 0.696339 -0.610737 1 
0.128441 0.265886 -0.0230857 0.387258 0.687177 -0.614669 1 
0.128254 0.265948 -0.0231911 0.3799 0.692371 -0.613431 1 
0.128904 0.265874 -0.023157 0.402105 0.670174 -0.623841 1 
0.128665 0.265864 -0.0233075 0.380766 0.690653 -0.61483 1 
0.128617 0.266398 -0.0230041 0.309931 0.743513 -0.592563 1 
0.128753 0.266091 -0.0233313 0.381014 0.681207 -0.625127 1 
0.128498 0.266277 -0.0233377 0.346546 0.72075 -0.600354 1 
0.128545 0.265858 -0.0233828 0.380766 0.690653 -0.61483 1 
0.128598 0.265873 -0.0234668 0.380766 0.690653 -0.61483 1 
0.12821 0.266974 -0.0227975 0.183034 0.809282 -0.558177 1 
0.128414 0.266599 -0.0230945 0.273391 0.779086 -0.564166 1 
0.128243 0.266522 -0.023215 0.294734 0.763123 -0.57513 1 
0.128363 0.266412 -0.0233979 0.331237 0.741648 -0.583301 1 
0.127566 0.265924 -0.0230271 0.305231 0.771866 -0.557725 1 
0.128457 0.265573 -0.0234881 0.383754 0.68351 -0.620924 1 
0.12825 0.265225 -0.0237979 0.369561 0.648784 -0.665209 1 
0.127719 0.265189 -0.0240151 0.347808 0.66459 -0.661324 1 
0.127723 0.265969 -0.0232791 0.320241 0.748302 -0.580939 1 
0.127687 0.265584 -0.0237267 0.369601 0.70142 -0.60943 1 
0.128905 0.265701 -0.0235444 0.383671 0.686655 -0.617496 1 
0.128666 0.265691 -0.0236949 0.383671 0.686655 -0.617496 1 
0.128749 0.265484 -0.0236799 0.383671 0.686655 -0.617496 1 
0.128593 0.265266 -0.0238153 0.369561 0.648784 -0.665209 1 
0.128203 0.265472 -0.0241402 0.363101 0.662125 -0.655553 1 
0.128616 0.265272 -0.0245149 0.365936 0.651465 -0.664593 1 
0.128443 0.265367 -0.024248 0.369561 0.648784 -0.665209 1 
0.128043 0.26482 -0.0242368 0.369561 0.648784 -0.665209 1 
0.127892 0.264979 -0.0245403 0.392249 0.650438 -0.650438 1 
0.128439 0.264703 -0.0247256 0.344601 0.694101 -0.63204 1 
0.128184 0.264947 -0.0246028 0.370381 0.660101 -0.653517 1 
0.127792 0.265441 -0.0242821 0.366307 0.691549 -0.622558 1 
0.127897 0.265471 -0.0244501 0.347808 0.66459 -0.661324 1 
0.127845 0.265398 -0.0244952 0.340565 0.666464 -0.663205 1 
0.127898 0.26524 -0.0249667 0.452935 0.650154 -0.610041 1 
0.128912 0.265617 -0.0247455 0.387347 0.684038 -0.618106 1 
0.128621 0.265533 -0.0249413 0.369561 0.648784 -0.665209 1 
0.12924 0.265797 -0.0247479 0.406542 0.672039 -0.61894 1 
0.129272 0.26546 -0.0249071 0.333548 0.704518 -0.626419 1 
0.128455 0.264505 -0.0248698 0.638684 0.668391 -0.38123 1 
0.128361 0.265344 -0.0247796 0.369561 0.648784 -0.665209 1 
0.128309 0.265271 -0.0248248 0.369561 0.648784 -0.665209 1 
0.128206 0.264953 -0.0253025 0.524881 0.63627 -0.565386 1 
0.127898 0.265125 -0.0252249 0.470839 0.64845 -0.598183 1 
0.128591 0.262929 -0.0247079 0.326821 0.668277 -0.668277 1 
0.129524 0.263282 -0.0250185 0.117764 0.446937 -0.88678 1 
0.128809 0.26403 -0.0247342 0.526033 0.721844 -0.4497 1 
0.128351 0.264418 -0.024831 0.62724 0.66696 -0.402162 1 
0.127383 0.265179 -0.0249405 0.506517 0.634408 -0.583924 1 
0.127539 0.265224 -0.0251925 0.509801 0.641037 -0.573737 1 
0.131724 0.264056 -0.0245849 0.182894 -0.720816 0.668561 1 
0.132052 0.264178 -0.0247165 0.291973 -0.797007 0.528708 1 
0.132048 0.263744 -0.0246776 0.173289 -0.857558 0.48432 1 
0.131517 0.263765 -0.0247656 -0.124855 -0.815229 0.56552 1 
0.130955 0.263836 -0.0253401 0.178311 -0.831619 0.525943 1 
0.130607 0.263303 -0.0254129 -0.301997 -0.758988 -0.576831 1 
0.130664 0.263752 -0.0255358 -0.0815308 -0.979586 0.183748 1 
0.130508 0.263535 -0.0256713 -0.148713 -0.98796 0.0426541 1 
0.131876 0.263609 -0.0249272 0.136134 -0.944848 0.297876 1 
0.131382 0.263727 -0.0252133 0.271867 -0.824921 0.495574 1 
0.129924 0.263829 -0.0250296 0.0553527 0.419871 -0.905894 1 
0.130196 0.263387 -0.0252965 0.00360048 0.258034 -0.966129 1 
0.130488 0.263298 -0.0254882 -0.314751 -0.627887 -0.711821 1 
0.130752 0.241193 -0.00400663 0.433174 -0.746113 -0.505644 0 
0.12532 0.231218 0.00453865 0.876973 0.0283766 0.4797 0 
0.125179 0.230918 0.00451732 0.876973 0.0283766 0.4797 0 
0.128246 0.232775 0.000442408 -0.767485 -0.450018 -0.456564 0 
0.125299 0.232192 0.00410354 0.908087 0.0721568 0.412519 0 
0.125388 0.232304 0.00382147 0.472263 0.532339 0.702554 0 
0.125461 0.232671 0.00381266 0.406808 0.558331 0.723031 0 
0.125346 0.231773 0.00405841 0.908087 0.0721568 0.412519 0 
0.125331 0.23174 0.003686 0.908087 0.0721568 0.412519 0 
0.1257 0.232567 0.00370499 0.357582 0.602501 0.713531 0 
0.125909 0.232626 0.00336903 0.333831 0.639978 0.692088 0 
0.125769 0.232327 0.0033477 0.321532 0.612366 0.722236 0 
0.125488 0.231785 0.0034341 0.531499 0.464853 0.70811 0 
0.125852 0.232062 0.00323361 0.3508 0.618388 0.703232 0 
0.125623 0.233035 0.00326355 0.793193 0.197152 0.576173 0 
0.127362 0.233302 0.00260608 -0.2825 -0.723009 -0.630438 0 
0.126013 0.232656 0.0032011 0.793193 0.197152 0.576173 0 
0.125931 0.23269 0.00279858 0.859795 -0.495647 0.122828 0 
0.125915 0.232945 0.00307186 0.85579 -0.502469 0.123083 0 
0.125936 0.233124 0.00275967 0.0992886 -0.836039 -0.539612 0 
0.126025 0.233236 0.0024776 0.0870857 -0.843732 -0.529653 0 
0.125734 0.233153 0.00228186 0.120641 -0.844488 -0.52181 0 
0.125978 0.233483 0.00213529 0.00134749 -0.844879 -0.534955 0 
0.126057 0.234111 0.00170023 0.836761 -0.502664 0.217163 0 
0.125588 0.233746 0.00193947 0.120294 -0.850754 -0.511612 0 
0.125796 0.233863 0.0017327 -0.0150032 -0.838816 -0.544208 0 
0.128151 0.23621 -0.000316352 -0.775231 -0.343294 -0.530251 0 
0.128045 0.234103 0.00186284 -0.402864 -0.674756 -0.618388 0 
0.127754 0.234019 0.00166713 -0.427705 -0.65071 -0.627411 0 
0.127519 0.233346 0.00235417 -0.431349 -0.62787 -0.647856 0 
0.127696 0.233743 0.00217743 -0.456359 -0.60012 -0.656956 0 
0.127369 0.233448 0.00192148 -0.527104 -0.537208 -0.658459 0 
0.127286 0.233539 0.00164813 -0.506585 -0.557076 -0.658056 0 
0.12676 0.233879 0.00126293 -0.475656 -0.610117 -0.633647 0 
0.12791 0.234064 0.00141517 -0.461241 -0.615547 -0.639029 0 
0.127963 0.234079 0.00133121 -0.488964 -0.603223 -0.630108 0 
0.128099 0.233772 0.00100399 -0.548859 -0.58939 -0.592768 0 
0.127551 0.234221 0.00157675 -0.449492 -0.626615 -0.636641 0 
0.127692 0.234405 0.0013398 -0.512332 -0.549287 -0.660152 0 
0.127864 0.23431 0.00107282 -0.574218 -0.516965 -0.634839 0 
0.127817 0.23473 0.00111797 -0.579337 -0.525288 -0.623251 0 
0.127207 0.232911 0.00208319 -0.303083 -0.739265 -0.601355 0 
0.127219 0.233433 0.00123055 -0.453112 -0.633688 -0.627 0 
0.126881 0.233596 0.000692524 -0.461241 -0.615547 -0.639029 0 
0.127022 0.233781 0.000455607 -0.500768 -0.608677 -0.615422 0 
0.126729 0.234043 0.00103472 -0.478014 -0.595421 -0.645738 0 
0.12687 0.234343 0.0010561 -0.522954 -0.546495 -0.654112 0 
0.126886 0.234088 0.000782769 -0.46852 -0.626373 -0.623014 0 
0.126687 0.234897 0.00104095 -0.512517 -0.552846 -0.65703 0 
0.12684 0.234334 0.000440452 -0.562465 -0.53544 -0.630029 0 
0.126995 0.234667 0.000834193 -0.538247 -0.544997 -0.64286 0 
0.126845 0.234769 0.00040159 -0.585638 -0.514754 -0.626144 0 
0.125953 0.233908 0.00148076 -0.40593 -0.63789 -0.654459 0 
0.126245 0.233818 0.00128902 -0.499814 -0.567129 -0.654638 0 
0.126417 0.233723 0.00102203 -0.475613 -0.6067 -0.636951 0 
0.126246 0.233645 0.000901643 -0.463834 -0.61119 -0.641331 0 
0.128152 0.233498 0.000274338 -0.610687 -0.559938 -0.559938 0 
0.127958 0.234914 0.000881009 -0.619534 -0.514872 -0.592524 0 
0.127922 0.234644 0.000691693 -0.619534 -0.514872 -0.592524 0 
0.128068 0.233821 0.000517558 -0.575945 -0.555677 -0.599591 0 
0.127918 0.233864 -4.42527e-005 -0.669536 -0.481596 -0.565498 0 
0.128163 0.234194 -0.000190876 -0.741084 -0.402584 -0.537327 0 
0.128298 0.232963 0.000745885 -0.653979 -0.553108 -0.516122 0 
0.128095 0.233165 0.000655472 -0.520427 -0.634955 -0.570954 0 
0.127914 0.233372 -0.000134535 -0.642801 -0.53145 -0.551695 0 
0.127179 0.233826 0.000203684 -0.521642 -0.575663 -0.629684 0 
0.127455 0.233933 0.000156127 -0.571896 -0.538155 -0.619132 0 
0.127845 0.233612 0.000222735 -0.570532 -0.587462 -0.573918 0 
0.127486 0.233596 -3.07709e-006 -0.548859 -0.592768 -0.58939 0 
0.127768 0.233908 -0.000606038 -0.735465 -0.403107 -0.544606 0 
0.127858 0.235261 0.000880945 -0.62417 -0.499672 -0.600616 0 
0.128015 0.235305 0.000629012 -0.686867 -0.437399 -0.580427 0 
0.127724 0.235222 0.000433274 -0.671925 -0.445171 -0.591894 0 
0.128016 0.235132 0.000241581 -0.718567 -0.421229 -0.553379 0 
0.126996 0.234379 0.000188492 -0.575663 -0.521642 -0.629684 0 
0.127136 0.234679 0.000209894 -0.581759 -0.527799 -0.618857 0 
0.127361 0.234657 -1.19433e-005 -0.647269 -0.48251 -0.590108 0 
0.127668 0.234485 -8.95187e-005 -0.67935 -0.45902 -0.572524 0 
0.127089 0.235098 0.00025497 -0.60791 -0.490033 -0.62475 0 
0.127194 0.235128 8.69893e-005 -0.6562 -0.471591 -0.58907 0 
0.127876 0.23466 -0.000167225 -0.691572 -0.441606 -0.571588 0 
0.127658 0.234943 -0.000371676 -0.723384 -0.410302 -0.555309 0 
0.127523 0.235078 -0.000431966 -0.728072 -0.399371 -0.557148 0 
0.127882 0.234921 -0.000593517 -0.744862 -0.384709 -0.545141 0 
0.128122 0.234817 -0.000701178 -0.764156 -0.371533 -0.527284 0 
0.127986 0.234951 -0.000761461 -0.779143 -0.353276 -0.517815 0 
0.127272 0.235756 -0.000348065 -0.767554 -0.31888 -0.556036 0 
0.12784 0.235774 -0.000587303 -0.778987 -0.332475 -0.531639 0 
0.127429 0.235743 -0.000729147 -0.781279 -0.321139 -0.535232 0 
0.127533 0.235773 -0.000897124 -0.77796 -0.32562 -0.537354 0 
0.127199 0.235389 -0.000339311 -0.709585 -0.383604 -0.591047 0 
0.128308 0.236254 -0.000568267 -0.757531 -0.361733 -0.543411 0 
0.12832 0.236777 -0.00142086 -0.705177 -0.382998 -0.596689 0 
0.128737 0.236896 -0.00209274 -0.646239 -0.366695 -0.66926 0 
0.128857 0.234306 -0.00116854 -0.829342 -0.308848 -0.465623 0 
0.129264 0.235056 -0.00173508 -0.748484 -0.285669 -0.598468 0 
0.129206 0.23478 -0.00122486 -0.824794 -0.258425 -0.502923 0 
0.128304 0.235647 -0.000916842 -0.790252 -0.32089 -0.522045 0 
0.127992 0.235212 -0.00118779 -0.763775 -0.34717 -0.544169 0 
0.128102 0.235676 -0.00139461 -0.770229 -0.31866 -0.552451 0 
0.127841 0.235486 -0.001233 -0.773996 -0.325303 -0.543239 0 
0.127686 0.235211 -0.00149761 -0.771631 -0.336682 -0.539658 0 
0.128463 0.235231 -0.00220188 -0.694669 -0.36622 -0.619126 0 
0.128367 0.236358 -0.00146601 -0.756608 -0.354812 -0.549229 0 
0.128259 0.235605 -0.00190488 -0.734167 -0.367901 -0.570655 0 
0.128106 0.23761 -0.00140598 -0.777441 -0.242461 -0.580343 0 
0.128825 0.237296 -0.00172916 -0.629338 -0.354718 -0.691454 0 
0.128632 0.237039 -0.00153742 -0.648925 -0.363069 -0.668639 0 
0.128378 0.237053 -0.00193123 -0.662669 -0.355059 -0.659396 0 
0.127815 0.237411 -0.00186003 -0.777441 -0.242461 -0.580343 0 
0.127904 0.237523 -0.00214207 -0.754457 -0.267302 -0.599453 0 
0.128643 0.237735 -0.0020026 0.664495 -0.607872 -0.43467 0 
0.128883 0.237572 -0.00223946 -0.657051 -0.305117 -0.689339 0 
0.127857 0.237769 -0.00248442 0.689613 -0.57994 -0.433709 0 
0.127879 0.237949 -0.00279664 0.703931 -0.608761 -0.365913 0 
0.128493 0.237778 -0.00256436 0.72075 -0.600354 -0.346546 0 
0.129175 0.238694 -0.00304936 0.888291 -0.459279 0.00131599 0 
0.128909 0.23807 -0.00284882 -0.220401 -0.562563 -0.796835 0 
0.128145 0.238284 -0.00364279 0.88054 -0.469897 -0.0620099 0 
0.128254 0.238921 -0.00346228 0.855388 -0.513793 -0.065799 0 
0.12759 0.236222 -0.00101996 -0.751589 -0.35875 -0.553546 0 
0.127539 0.236034 -0.00132345 -0.746505 -0.362681 -0.557846 0 
0.127497 0.236772 -0.00157551 -0.686466 -0.405263 -0.60376 0 
0.128008 0.236341 -0.00169184 -0.70614 -0.390105 -0.590919 0 
0.127654 0.236817 -0.00182747 -0.657224 -0.402281 -0.637359 0 
0.127498 0.236599 -0.00196291 -0.657224 -0.402281 -0.637359 0 
0.127603 0.236572 -0.00226004 -0.647874 -0.405957 -0.64456 0 
0.127853 0.235951 -0.00221474 -0.684432 -0.369298 -0.628627 0 
0.127555 0.237164 -0.00182751 -0.771154 -0.280276 -0.571636 0 
0.127644 0.237276 -0.0021096 -0.777441 -0.242461 -0.580343 0 
0.127561 0.23731 -0.00251215 -0.746419 -0.295691 -0.596176 0 
0.127665 0.237455 -0.00242181 -0.746419 -0.295691 -0.596176 0 
0.127665 0.237339 -0.00268009 -0.758988 -0.301997 -0.576831 0 
0.127821 0.2375 -0.00267372 -0.720022 -0.282581 -0.633811 0 
0.128113 0.23741 -0.00286546 -0.692701 -0.265933 -0.670407 0 
0.128931 0.236923 -0.00280112 -0.673633 -0.26595 -0.689558 0 
0.129785 0.239186 -0.00365468 0.300799 -0.696503 -0.651463 0 
0.129962 0.239583 -0.0038314 0.404865 -0.712231 -0.573421 0 
0.130665 0.239467 -0.00401036 0.689048 0.276578 0.669863 0 
0.129264 0.238806 -0.00333138 0.897781 -0.440346 0.00920127 0 
0.129696 0.239074 -0.00337258 0.901969 -0.0725408 0.425664 0 
0.129441 0.239203 -0.00350816 0.322098 -0.704084 -0.632866 0 
0.129181 0.23884 -0.00373391 0.906089 -0.421777 0.0332632 0 
0.130208 0.238355 -0.00413469 0.944307 -0.291285 0.153094 0 
0.129737 0.239605 -0.00360954 0.354456 -0.720347 -0.596206 0 
0.129894 0.23965 -0.00386151 0.693588 0.269463 0.668076 0 
0.129951 0.240041 -0.00411353 0.806992 0.19679 0.55681 0 
0.130056 0.240071 -0.00428149 0.280961 -0.769866 -0.573034 0 
0.129853 0.240273 -0.00437187 0.731551 0.350297 0.584915 0 
0.129494 0.240257 -0.00459772 0.39949 -0.767999 -0.500585 0 
0.128521 0.239257 -0.00430851 0.269113 -0.718165 -0.64173 0 
0.128776 0.23907 -0.00430211 0.943268 -0.288031 0.165174 0 
0.128676 0.239475 -0.00417302 0.254491 -0.719214 -0.646502 0 
0.12826 0.239182 -0.00388858 0.92998 -0.353311 0.101526 0 
0.128364 0.239212 -0.00405654 0.934712 -0.306941 0.179165 0 
0.12953 0.2392 -0.00404849 0.325803 -0.698613 -0.637018 0 
0.129098 0.240201 -0.00449637 0.455941 -0.75222 -0.475693 0 
0.128765 0.239587 -0.00445509 0.815997 0.156636 0.55643 0 
0.128787 0.239766 -0.0047673 0.929325 0.0324939 0.367831 0 
0.129255 0.240246 -0.00474831 0.502793 -0.755009 -0.420905 0 
0.129099 0.240028 -0.00488376 0.50718 -0.753384 -0.418547 0 
0.128923 0.239458 -0.00509445 0.960852 -0.0360475 0.274707 0 
0.130477 0.240798 -0.00460485 0.505042 -0.72693 -0.465301 0 
0.129921 0.240033 -0.00472916 0.500885 -0.75379 -0.425341 0 
0.129875 0.240279 -0.0050715 0.341879 -0.781667 -0.521646 0 
0.129879 0.240771 -0.00498124 0.422804 -0.765618 -0.484837 0 
0.13014 0.24096 -0.00514289 0.528508 -0.735959 -0.423135 0 
0.130395 0.240832 -0.00500738 0.509058 -0.727936 -0.459313 0 
0.130296 0.241063 -0.00526569 0.511246 -0.744676 -0.429052 0 
0.130437 0.24119 -0.00563174 0.476866 -0.773075 -0.418275 0 
0.129865 0.24068 -0.00548274 0.492853 -0.746697 -0.446699 0 
0.130401 0.24092 -0.00582105 0.474234 -0.770834 -0.425344 0 
0.129255 0.240188 -0.00487743 0.477286 -0.756113 -0.447763 0 
0.129136 0.240068 -0.00521098 0.453962 -0.758789 -0.467073 0 
0.12962 0.24035 -0.00533618 0.459676 -0.749651 -0.476152 0 
0.12909 0.240314 -0.00555335 0.455941 -0.75222 -0.475693 0 
0.128876 0.239705 -0.00543676 0.370295 -0.781015 -0.502889 0 
0.129506 0.240664 -0.00570859 0.435719 -0.768629 -0.468358 0 
0.128537 0.240214 -0.00520001 0.447955 -0.77374 -0.447955 0 
0.129163 0.240565 -0.00582036 0.459676 -0.749651 -0.476152 0 
0.128752 0.240477 -0.00609138 0.34494 -0.790955 -0.505377 0 
0.129429 0.241074 -0.00627917 0.440486 -0.778572 -0.446988 0 
0.130728 0.24482 -0.00980695 -0.723428 0.448624 0.524775 0 
0.130833 0.24485 -0.00997498 -0.739605 0.436515 0.512288 0 
0.13065 0.245404 -0.00999011 -0.645945 0.406829 0.645945 0 
0.130947 0.245748 -0.0102207 -0.934336 0.275958 0.225529 0 
0.130251 0.245895 -0.0109846 -0.969081 0.23383 0.0787769 0 
0.13036 0.246359 -0.0111914 -0.934111 0.335845 0.121013 0 
0.130468 0.247111 -0.0107526 -0.869823 0.187551 0.456325 0 
0.130312 0.246894 -0.010888 -0.898519 0.230126 0.373772 0 
0.130469 0.246938 -0.01114 -0.952539 0.265856 0.148291 0 
0.130292 0.246599 -0.0108341 -0.90155 0.287729 0.323141 0 
0.13 0.246516 -0.0110299 -0.917206 0.287439 0.275884 0 
0.130245 0.246846 -0.0111765 -0.944432 0.261809 0.198756 0 
0.130137 0.246209 -0.011357 -0.968235 0.247858 0.0329664 0 
0.13045 0.246298 -0.011861 -0.981736 0.161398 -0.100722 0 
0.130606 0.246343 -0.0121129 -0.979406 0.177296 -0.0965956 0 
0.131086 0.247345 -0.0129465 -0.958749 0.265241 -0.102215 0 
0.131196 0.247752 -0.0132825 -0.974129 0.145298 -0.173094 0 
0.130936 0.247389 -0.0135083 -0.904632 0.4218 -0.0610322 0 
0.13078 0.247171 -0.0136438 -0.890208 0.455114 -0.0200197 0 
0.131144 0.247564 -0.013586 -0.97326 0.161153 -0.16369 0 
0.130853 0.247481 -0.0137817 -0.881541 0.472016 0.00930737 0 
0.130749 0.247336 -0.013872 -0.95106 0.297938 -0.0819655 0 
0.131306 0.247928 -0.0141351 -0.899307 0.422295 0.113641 0 
0.131874 0.248003 -0.0142452 -0.881444 0.431157 0.19277 0 
0.131327 0.248222 -0.014189 -0.911222 0.407829 0.0578767 0 
0.131619 0.24819 -0.0142516 -0.887273 0.417972 0.195053 0 
0.131062 0.247598 -0.0139884 -0.922078 0.385834 0.030082 0 
0.130859 0.247742 -0.014208 -0.90289 0.42043 0.0895998 0 
0.130755 0.247597 -0.0142983 -0.925754 0.375306 0.0460902 0 
0.131775 0.248235 -0.0145035 -0.901231 0.398152 0.171047 0 
0.131692 0.248384 -0.0146478 -0.910597 0.387039 0.144964 0 
0.131688 0.247892 -0.014738 -0.900198 0.400567 0.170851 0 
0.13172 0.24744 -0.0151555 -0.897442 0.407666 0.16854 0 
0.131641 0.248139 -0.0150804 -0.910597 0.387039 0.144964 0 
0.131109 0.24839 -0.0146518 -0.909484 0.390585 0.142415 0 
0.130948 0.247911 -0.0143609 -0.896392 0.416029 0.152973 0 
0.130656 0.247828 -0.0145567 -0.896392 0.416029 0.152973 0 
0.130714 0.24822 -0.0148087 -0.901231 0.398152 0.171047 0 
0.130595 0.248156 -0.0150131 -0.904113 0.395639 0.161398 0 
0.131473 0.248783 -0.0145939 -0.91674 0.37699 0.132155 0 
0.131468 0.248406 -0.0144259 -0.901231 0.398152 0.171047 0 
0.131599 0.249049 -0.014945 -0.933633 0.340119 0.11247 0 
0.1315 0.249281 -0.0152033 -0.909484 0.390585 0.142415 0 
0.131058 0.248202 -0.0149552 -0.910597 0.387039 0.144964 0 
0.131078 0.248497 -0.0150091 -0.91674 0.37699 0.132155 0 
0.130767 0.248119 -0.0151509 -0.910597 0.387039 0.144964 0 
0.131059 0.24803 -0.0153426 -0.910597 0.387039 0.144964 0 
0.131283 0.248007 -0.0155645 -0.91674 0.37699 0.132155 0 
0.131319 0.248219 -0.0155043 -0.921634 0.366166 0.128504 0 
0.131131 0.248396 -0.0153514 -0.920601 0.369625 0.125977 0 
0.131027 0.248309 -0.0153126 -0.91674 0.37699 0.132155 0 
0.1319 0.249828 -0.0152144 -0.886172 0.415898 0.204275 0 
0.131766 0.24979 -0.0156621 -0.949916 0.299217 0.0901571 0 
0.131772 0.250051 -0.0160884 -0.911127 0.392078 0.126972 0 
0.131876 0.250081 -0.0162564 -0.910831 0.396316 0.115418 0 
0.131527 0.24851 -0.0153236 -0.921634 0.366166 0.128504 0 
0.131371 0.248234 -0.0155883 -0.921634 0.366166 0.128504 0 
0.131392 0.248586 -0.015513 -0.933633 0.340119 0.11247 0 
0.131424 0.248134 -0.0159305 -0.938717 0.329819 0.100148 0 
0.131345 0.248833 -0.0158554 -0.968913 0.246742 0.0180543 0 
0.13145 0.248862 -0.0160233 -0.907521 0.375377 0.188408 0 
0.131392 0.248413 -0.0159005 -0.938717 0.329819 0.100148 0 
0.131506 0.249542 -0.0156297 -0.971404 0.237189 0.0107272 0 
0.131299 0.249137 -0.0160685 -0.973953 0.226747 0.00117485 0 
0.131511 0.249919 -0.0157976 -0.960446 0.273154 0.0541274 0 
0.131923 0.249777 -0.0160432 -0.967198 0.252472 0.0280524 0 
0.131455 0.249181 -0.0163205 -0.980772 0.179748 -0.0760008 0 
0.131564 0.249645 -0.0165274 -0.949523 0.308819 0.0551005 0 
0.131409 0.249428 -0.0166628 -0.949523 0.308819 0.0551005 0 
0.131461 0.249442 -0.0167468 -0.949523 0.308819 0.0551005 0 
0.13183 0.250269 -0.0167279 -0.910509 0.391421 0.133279 0 
0.131773 0.249705 -0.0168633 -0.921497 0.373802 0.105431 0 
0.13155 0.249554 -0.0170289 -0.918482 0.380298 0.108461 0 
0.13208 0.250918 -0.0171716 -0.843442 0.511402 0.164538 0 
0.132154 0.251054 -0.017697 -0.926414 0.370831 -0.0651281 0 
0.13231 0.251099 -0.0179489 -0.936573 0.114875 -0.331112 0 
0.131783 0.250516 -0.0170702 -0.879264 0.444735 0.170603 0 
0.131524 0.250153 -0.017296 -0.903401 0.399773 0.155072 0 
0.131207 0.250668 -0.0177588 -0.875783 0.46718 0.121438 0 
0.131873 0.250512 -0.0176106 -0.838241 0.515496 0.177809 0 
0.131879 0.250773 -0.0180368 -0.933652 0.34525 -0.0953802 0 
0.132743 0.252405 -0.0189957 -0.960835 0.239228 -0.139877 0 
0.133259 0.252466 -0.0190218 -0.976113 0.133731 -0.171226 0 
0.132343 0.250646 -0.0183664 -0.937941 0.140215 -0.317185 0 
0.132192 0.250863 -0.0185407 -0.829791 -0.201759 -0.520326 0 
0.132797 0.25219 -0.0195963 -0.978185 -0.00348109 -0.207705 0 
0.1329 0.25245 -0.0192476 -0.976826 0.0544699 -0.206986 0 
0.13121 0.252514 -0.0202866 -0.232709 -0.818335 -0.525522 0 
0.133114 0.252944 -0.0196224 0.140426 -0.826299 -0.545446 0 
0.13316 0.25264 -0.0194093 -0.979176 0.0764413 -0.18807 0 
0.13327 0.252989 -0.0198744 0.138146 -0.862324 -0.487148 0 
0.131918 0.25289 -0.0203753 -0.272414 -0.820356 -0.502799 0 
0.132194 0.25294 -0.020552 -0.216941 -0.83894 -0.499116 0 
0.133224 0.253235 -0.0202167 0.138146 -0.862324 -0.487148 0 
0.133308 0.252913 -0.0204599 0.138146 -0.862324 -0.487148 0 
0.133428 0.252803 -0.0206429 0.138146 -0.862324 -0.487148 0 
0.132965 0.252757 -0.0207008 0.138146 -0.862324 -0.487148 0 
0.133225 0.252889 -0.0209916 0.169923 -0.855526 -0.489083 0 
0.13246 0.253391 -0.0211399 -0.196163 -0.816586 -0.54287 0 
0.132304 0.253174 -0.0212753 -0.201986 -0.821613 -0.533061 0 
0.132704 0.253778 -0.0211574 -0.12582 -0.794884 -0.593573 0 
0.132653 0.253706 -0.0212025 -0.192597 -0.814367 -0.547461 0 
0.133891 0.254118 -0.0210741 0.75721 -0.614164 -0.222343 0 
0.133925 0.254646 -0.0226263 0.683981 -0.644803 -0.341174 0 
0.134086 0.255068 -0.0230463 0.67162 -0.687573 -0.275987 0 
0.133936 0.255169 -0.023479 0.58064 -0.736778 -0.346432 0 
0.133936 0.255284 -0.0232207 0.662101 -0.690958 -0.29017 0 
0.133681 0.255355 -0.0234854 0.514263 -0.778649 -0.3595 0 
0.133993 0.255618 -0.0236018 0.58833 -0.754146 -0.291773 0 
0.134046 0.255575 -0.023815 0.517095 -0.793939 -0.319803 0 
0.133634 0.255602 -0.0238277 -0.235709 -0.959953 -0.151433 0 
0.133827 0.255916 -0.0238903 -0.149037 -0.987804 -0.0450577 0 
0.133793 0.252965 -0.0211016 0.129421 -0.853599 -0.504598 0 
0.133569 0.252987 -0.0208798 0.169923 -0.855526 -0.489083 0 
0.13347 0.253219 -0.0211382 0.155088 -0.846335 -0.509573 0 
0.13347 0.253161 -0.0212673 0.155088 -0.846335 -0.509573 0 
0.133241 0.254134 -0.0212374 0.797005 -0.575362 -0.183691 0 
0.134366 0.253302 -0.0216381 0.509945 -0.72256 -0.466757 0 
0.132912 0.254011 -0.0211059 -0.437684 -0.453955 -0.776117 0 
0.13283 0.254103 -0.0213792 -0.38232 -0.475884 -0.792064 0 
0.132414 0.253637 -0.0214822 -0.252332 -0.775802 -0.578325 0 
0.132466 0.253537 -0.0218245 -0.181628 -0.77688 -0.602883 0 
0.132622 0.253755 -0.021689 -0.172038 -0.765798 -0.619642 0 
0.132258 0.25342 -0.0216177 -0.252332 -0.775802 -0.578325 0 
0.132862 0.253593 -0.0219259 0.0789732 -0.805527 -0.587273 0 
0.132779 0.253799 -0.021941 -0.949012 0.115474 -0.293331 0 
0.133195 0.254092 -0.0222254 -0.361546 -0.59058 -0.721457 0 
0.133774 0.254805 -0.0229298 0.665757 -0.665757 -0.336948 0 
0.133707 0.254757 -0.0232182 0.634837 -0.684049 -0.359249 0 
0.1329 0.254786 -0.0230004 0.6552 -0.677961 -0.33329 0 
0.133479 0.255384 -0.0239631 0.960925 0.189013 0.20223 0 
0.133619 0.255626 -0.0240709 0.580191 -0.640733 -0.502832 0 
0.134035 0.256091 -0.0239679 -0.167893 -0.985656 -0.0171319 0 
0.130355 0.241166 -0.00616341 0.467323 -0.773444 -0.428244 0 
0.129815 0.240089 -0.00669023 0.438526 -0.788052 -0.432053 0 
0.130256 0.24157 -0.00603433 0.420338 -0.780627 -0.462534 0 
0.130517 0.241587 -0.00658337 0.476799 -0.758618 -0.444029 0 
0.130314 0.241789 -0.00667374 0.320355 -0.788934 -0.524362 0 
0.130387 0.242041 -0.00694081 0.310887 -0.779609 -0.543654 0 
0.130679 0.241951 -0.00713251 -0.638943 -0.605402 -0.474595 0 
0.130476 0.242152 -0.00722287 0.380982 -0.747248 -0.544494 0 
0.130267 0.242035 -0.00701608 0.100627 -0.80064 -0.590636 0 
0.12945 0.241253 -0.00659138 0.85473 0.392462 0.33972 0 
0.129634 0.240469 -0.00709276 0.984055 0.0103102 0.177565 0 
0.129045 0.241483 -0.00715952 -0.320355 0.788934 0.524362 0 
0.129133 0.241768 -0.00705419 -0.332413 0.772419 0.541175 0 
0.129086 0.242015 -0.00739656 -0.280961 0.769866 0.573034 0 
0.129082 0.241523 -0.00748679 -0.33003 0.767923 0.548976 0 
0.12979 0.240514 -0.00734472 0.915232 0.265432 0.303143 0 
0.12929 0.24164 -0.00769352 -0.946335 0.250621 0.204058 0 
0.129144 0.242406 -0.00764854 -0.925156 -0.235209 -0.297932 0 
0.129149 0.242725 -0.00794569 -0.885953 -0.33242 -0.323395 0 
0.129108 0.242194 -0.00770877 -0.902076 -0.329236 -0.279038 0 
0.128993 0.242507 -0.0080812 -0.791197 -0.451419 -0.412587 0 
0.130581 0.242125 -0.00751993 0.0825692 -0.783684 -0.615648 0 
0.130581 0.242009 -0.00777827 -0.864413 -0.379236 -0.330105 0 
0.130743 0.242488 -0.0080691 -0.885953 -0.33242 -0.323395 0 
0.13054 0.24269 -0.00815949 -0.908389 -0.285243 -0.305722 0 
0.130274 0.242181 -0.00770066 -0.889333 -0.346435 -0.298444 0 
0.130534 0.242371 -0.00786233 -0.883929 -0.353873 -0.305686 0 
0.129983 0.242098 -0.00789638 -0.892143 -0.345201 -0.291404 0 
0.130227 0.242427 -0.00804297 -0.885953 -0.33242 -0.323395 0 
0.129915 0.242107 -0.00805571 -0.883929 -0.353873 -0.305686 0 
0.129988 0.242359 -0.00832271 -0.809765 -0.44561 -0.381723 0 
0.130665 0.243014 -0.00838137 -0.882014 -0.300035 -0.36336 0 
0.130806 0.243198 -0.00861828 -0.88364 -0.299565 -0.359779 0 
0.130577 0.241402 -0.0081268 0.343539 -0.724526 -0.59753 0 
0.129781 0.241953 -0.0087616 -0.747221 0.523876 0.408919 0 
0.12961 0.241818 -0.00901119 -0.923739 0.181927 0.337059 0 
0.130389 0.242906 -0.00833384 -0.8926 -0.287599 -0.347205 0 
0.12941 0.242915 -0.00810735 -0.882881 -0.336551 -0.327496 0 
0.129431 0.243094 -0.00841954 -0.402863 0.728442 0.554142 0 
0.129207 0.242943 -0.00858513 -0.538261 0.672407 0.508078 0 
0.129384 0.24334 -0.00876187 -0.508238 0.682683 0.525012 0 
0.129281 0.243195 -0.00885215 -0.579327 0.649853 0.492008 0 
0.130566 0.243303 -0.0085106 -0.938459 -0.18935 -0.288863 0 
0.130811 0.243633 -0.00865714 -0.944987 -0.158628 -0.286072 0 
0.130655 0.243415 -0.00879263 -0.948696 -0.157891 -0.273948 0 
0.1304 0.243429 -0.00918648 -0.531607 0.639616 0.555234 0 
0.130182 0.242501 -0.00877273 -0.762362 -0.470533 -0.444301 0 
0.129473 0.243452 -0.00904395 -0.595277 0.625631 0.504214 0 
0.129318 0.243234 -0.00917941 -0.957978 -0.110787 0.264584 0 
0.129479 0.243771 -0.00934112 -0.672256 0.568316 0.474435 0 
0.129787 0.243542 -0.00954783 -0.718786 0.532865 0.446544 0 
0.129636 0.243816 -0.00959302 -0.678985 0.55157 0.48451 0 
0.129474 0.243279 -0.00943138 -0.553797 0.658161 0.510032 0 
0.128947 0.242753 -0.00842353 -0.523499 0.661527 0.536965 0 
0.128896 0.242566 -0.00872695 -0.926443 0.14862 0.345854 0 
0.128916 0.242918 -0.00865171 -0.822253 0.408741 0.396018 0 
0.129104 0.242625 -0.00906286 -0.485163 0.780479 0.394296 0 
0.129125 0.242977 -0.00898763 -0.953659 0.0288228 0.299507 0 
0.128897 0.242335 -0.00924348 -0.631697 0.703149 0.326404 0 
0.129927 0.242457 -0.00929571 -0.966231 0.0716192 0.247526 0 
0.130967 0.243677 -0.00890912 -0.944987 -0.158628 -0.286072 0 
0.130676 0.243594 -0.00910483 -0.918966 -0.237292 -0.314951 0 
0.130921 0.243924 -0.00925146 -0.963173 -0.0987541 -0.250091 0 
0.130577 0.243825 -0.00936317 -0.555563 0.606223 0.569072 0 
0.130458 0.24382 -0.00943845 -0.488853 0.636685 0.596368 0 
0.129948 0.244078 -0.00970952 -0.58622 0.58622 0.559189 0 
0.129792 0.24386 -0.009845 -0.711395 0.518135 0.474819 0 
0.129808 0.243721 -0.00986002 -0.747996 0.514556 0.419207 0 
0.129949 0.243905 -0.010097 -0.642838 0.534854 0.548352 0 
0.130844 0.244161 -0.0102094 -0.679627 0.505105 0.531955 0 
0.130005 0.244469 -0.00996153 -0.703181 0.50609 0.499409 0 
0.12985 0.244252 -0.010097 -0.653669 0.505795 0.562928 0 
0.130006 0.244296 -0.0103489 -0.594493 0.510287 0.621439 0 
0.130235 0.244766 -0.0104806 -0.68397 0.463227 0.563565 0 
0.12972 0.244705 -0.0104545 0.678276 0.344858 0.648857 0 
0.130007 0.244181 -0.0106072 -0.50285 0.516215 0.693299 0 
0.12986 0.245005 -0.0104331 -0.661982 0.480984 0.574835 0 
0.129912 0.244962 -0.0106462 -0.633927 0.479229 0.607023 0 
0.129814 0.245251 -0.0107754 -0.961108 0.264209 0.0804114 0 
0.129762 0.245063 -0.0110788 -0.954646 0.272568 0.119825 0 
0.129835 0.24543 -0.0110876 -0.768085 -0.142238 -0.62435 0 
0.129867 0.245093 -0.0112468 -0.927067 0.326788 0.18373 0 
0.129975 0.24573 -0.0110662 -0.974663 0.219148 0.0447982 0 
0.129991 0.245475 -0.0113395 -0.746084 -0.189213 -0.638402 0 
0.130049 0.245924 -0.0114624 -0.983703 0.131886 -0.122207 0 
0.13008 0.245587 -0.0116216 -0.646975 -0.319434 -0.692377 0 
0.130049 0.245751 -0.0118498 -0.749358 0.489142 0.446321 0 
0.130206 0.245796 -0.0121018 -0.899329 0.411895 0.1468 0 
0.130085 0.246021 -0.0116605 -0.982255 0.0881975 -0.165521 0 
0.130263 0.246245 -0.0122246 -0.978814 0.14478 -0.14478 0 
0.130404 0.246372 -0.0125907 -0.798639 0.579051 0.163939 0 
0.131396 0.246597 -0.0143156 -0.905804 0.423236 0.0197774 0 
0.131251 0.247133 -0.0147871 -0.915883 0.390174 0.0944632 0 
0.134004 0.256256 -0.0241962 0.61459 -0.604488 -0.506827 0 
0.134005 0.25614 -0.0244544 0.61459 -0.604488 -0.506827 0 
0.133958 0.256502 -0.0245385 0.61459 -0.604488 -0.506827 0 
0.133589 0.255675 -0.0245574 0.61459 -0.604488 -0.506827 0 
0.133194 0.255331 -0.0251017 0.684591 -0.554033 -0.47369 0 
0.133001 0.256459 -0.0251407 0.802915 -0.383027 -0.456748 0 
0.133397 0.256399 -0.0255004 0.83215 -0.324398 -0.449769 0 
0.133366 0.256679 -0.0254704 0.8484 -0.288981 -0.443517 0 
