0.122099 0.249675 -0.0290067 -0.250061 0.905192 0.343651 2 
0.122706 0.249994 -0.0276395 -0.229579 0.963714 0.136191 2 
0.123625 0.249591 -0.0290727 -0.174086 0.899204 -0.401405 2 
0.123609 0.250236 -0.028887 -0.172293 0.977982 -0.117754 2 
0.124472 0.250141 -0.0288096 -0.478268 0.528261 -0.70157 2 
0.124036 0.250102 -0.0283873 -0.259917 0.773449 -0.578118 2 
0.124499 0.249917 -0.0283524 -0.478268 0.528261 -0.70157 2 
0.124653 0.250257 -0.0288729 -0.478268 0.528261 -0.70157 2 
0.123115 0.250293 -0.027189 -0.16945 0.975279 0.141836 2 
0.122972 0.250639 -0.0277547 -0.152248 0.97909 0.134919 2 
0.123109 0.250809 -0.0275263 -0.129953 0.978982 0.157182 2 
0.12348 0.250098 -0.0276125 -0.168033 0.979989 0.106707 2 
0.123568 0.250502 -0.0283603 -0.111822 0.979365 0.168347 2 
0.123706 0.251185 -0.0282961 -0.116732 0.992774 0.0277932 2 
0.12388 0.251003 -0.0281333 -0.24763 0.87796 -0.409715 2 
0.124078 0.250987 -0.0285465 -0.333703 0.698335 -0.633222 2 
0.123917 0.25065 -0.028199 -0.133462 0.976644 0.168387 2 
0.123768 0.250397 -0.0281395 -0.163486 0.982129 0.0932477 2 
0.12423 0.250513 -0.0285037 -0.333703 0.698335 -0.633222 2 
0.124331 0.251036 -0.0282096 -0.595092 0.168079 -0.785885 2 
0.124272 0.251398 -0.0286629 -0.595092 0.168079 -0.785885 2 
0.124285 0.25118 -0.0285518 -0.428803 0.347126 -0.834045 2 
0.124327 0.250612 -0.0286794 -0.333703 0.698335 -0.633222 2 
0.124763 0.250652 -0.0291016 -0.595092 0.168079 -0.785885 2 
0.124616 0.25061 -0.0288072 -0.595092 0.168079 -0.785885 2 
0.124595 0.251469 -0.0285597 -0.595092 0.168079 -0.785885 2 
0.124378 0.250254 -0.028399 -0.478268 0.528261 -0.70157 2 
0.124752 0.250267 -0.0284146 -0.595092 0.168079 -0.785885 2 
0.124906 0.250306 -0.028536 -0.595092 0.168079 -0.785885 2 
0.125155 0.250745 -0.0292322 -0.551829 0.169909 -0.816466 2 
0.119867 0.24977 -0.0220907 -0.522133 0.816511 -0.246348 2 
0.119925 0.249709 -0.0220365 -0.508277 0.81915 -0.265796 2 
0.118953 0.250259 -0.0211185 -0.506899 0.82737 -0.241894 2 
0.119779 0.25018 -0.0219062 -0.499608 0.823342 -0.269259 2 
0.120237 0.25021 -0.0218095 -0.508277 0.81915 -0.265796 2 
0.12029 0.249213 -0.0220608 -0.522133 0.816511 -0.246348 2 
0.120406 0.249092 -0.0219523 -0.522133 0.816511 -0.246348 2 
0.120447 0.249162 -0.0215482 -0.476356 0.829328 -0.292061 2 
0.119795 0.249873 -0.0211611 -0.453439 0.836758 -0.306967 2 
0.120012 0.249636 -0.0212901 -0.453439 0.836758 -0.306967 2 
0.119975 0.249989 -0.0212244 -0.453439 0.836758 -0.306967 2 
0.12038 0.249864 -0.0212438 -0.490252 0.830491 -0.264458 2 
0.120186 0.249454 -0.0211274 -0.453439 0.836758 -0.306967 2 
0.1204 0.249643 -0.0209596 -0.453439 0.836758 -0.306967 2 
0.119909 0.250017 -0.0227816 -0.495728 0.829301 -0.257902 2 
0.119834 0.250209 -0.022486 -0.508718 0.824155 -0.248947 2 
0.119925 0.249372 -0.0229673 -0.443141 0.863596 -0.240476 2 
0.120093 0.249706 -0.0231418 -0.455323 0.850856 -0.262156 2 
0.12042 0.249049 -0.0229362 -0.360053 0.900868 -0.242485 2 
0.120808 0.249021 -0.0239356 -0.103917 0.994321 -0.0229711 2 
0.120619 0.249245 -0.0231145 -0.278328 0.931056 -0.235943 2 
0.120447 0.248825 -0.022479 -0.33474 0.907744 -0.252882 2 
0.120019 0.249597 -0.022447 -0.499723 0.827714 -0.255276 2 
0.120279 0.249944 -0.0223362 -0.499723 0.827714 -0.255276 2 
0.120644 0.250262 -0.0229239 -0.385255 0.882937 -0.268329 2 
0.120878 0.25023 -0.0224719 -0.229025 0.939695 -0.254009 2 
0.120431 0.24947 -0.0222934 -0.376626 0.883796 -0.277593 2 
0.120605 0.249287 -0.0221306 -0.231798 0.934215 -0.271133 2 
0.121283 0.250106 -0.0224913 -0.058125 0.98338 -0.172003 2 
0.121452 0.250138 -0.0222667 0.0310134 0.986685 -0.159661 2 
0.121363 0.250036 -0.021918 0.0297536 0.977107 -0.210655 2 
0.120591 0.250782 -0.0211784 -0.490252 0.830491 -0.264458 2 
0.120531 0.25033 -0.0210684 -0.453439 0.836758 -0.306967 2 
0.120765 0.250599 -0.0210156 -0.453439 0.836758 -0.306967 2 
0.120597 0.250266 -0.0208411 -0.453439 0.836758 -0.306967 2 
0.120959 0.250196 -0.0205687 -0.460557 0.838927 -0.28998 2 
0.120848 0.250917 -0.0213024 -0.490252 0.830491 -0.264458 2 
0.12121 0.251148 -0.0214291 -0.469156 0.848149 -0.24604 2 
0.120996 0.250657 -0.0211977 -0.485976 0.830662 -0.271712 2 
0.121227 0.250715 -0.0213798 -0.335651 0.900491 -0.276505 2 
0.120905 0.250343 -0.021084 -0.490252 0.830491 -0.264458 2 
0.121137 0.2501 -0.020867 -0.0898883 0.848945 -0.520781 2 
0.121291 0.250139 -0.0209883 -0.0796242 0.87866 -0.470761 2 
0.12152 0.249985 -0.0214054 0.157053 0.92703 -0.340513 2 
0.121112 0.250536 -0.0210892 -0.490252 0.830491 -0.264458 2 
0.121401 0.250533 -0.0212171 -0.171643 0.927987 -0.330726 2 
0.121458 0.250774 -0.021562 -0.190183 0.937035 -0.29291 2 
0.121522 0.250498 -0.0215696 -0.0231478 0.966118 -0.257063 2 
0.121217 0.251145 -0.0212561 -0.474171 0.864664 -0.165886 2 
0.120875 0.249542 -0.0212127 -0.125308 0.899687 -0.418164 2 
0.121496 0.25012 -0.0212285 0.067497 0.933047 -0.353367 2 
0.125923 0.245548 -0.0108057 0.564303 -0.25167 0.786273 2 
0.125571 0.245526 -0.0102711 0.540764 -0.483841 0.688093 2 
0.125667 0.245625 -0.0104468 0.54868 -0.491631 0.676202 2 
0.125862 0.246036 -0.0105632 0.61276 -0.3397 0.713533 2 
0.126036 0.245853 -0.0104004 0.61276 -0.3397 0.713533 2 
0.125902 0.244955 -0.0105266 0.536751 -0.296084 0.790084 2 
0.125714 0.245481 -0.0101046 0.540764 -0.483841 0.688093 2 
0.12583 0.245359 -0.00999604 0.56134 -0.444741 0.697927 2 
0.126035 0.245039 -0.00983711 0.565841 -0.452339 0.689358 2 
0.12623 0.24545 -0.00995352 0.6135 -0.343365 0.711139 2 
0.126114 0.24527 -0.0096629 0.565841 -0.452339 0.689358 2 
0.126579 0.245598 -0.00979222 0.623066 -0.340002 0.704406 2 
0.126674 0.245185 -0.00980368 0.623066 -0.340002 0.704406 2 
0.126102 0.244814 -0.0116357 0.470761 0.0796242 0.87866 2 
0.12757 0.244791 -0.0117559 0.567524 0.0291394 0.822841 2 
0.126128 0.245529 -0.0110459 0.508938 -0.034295 0.86012 2 
0.126343 0.246232 -0.0110424 0.641376 -0.0438911 0.76597 2 
0.126344 0.245931 -0.0106433 0.611377 -0.311334 0.727522 2 
0.126756 0.246105 -0.0108887 0.549642 -0.0548236 0.8336 2 
0.126824 0.245915 -0.0113573 0.510712 0.151595 0.846281 2 
0.126792 0.247204 -0.010986 0.267223 0.520382 0.811045 2 
0.126386 0.246816 -0.0108025 0.658966 -0.0266958 0.751699 2 
0.12654 0.246854 -0.0109239 0.664859 0.0295181 0.746385 2 
0.12656 0.246633 -0.0106397 0.712942 -0.146206 0.685811 2 
0.126676 0.246512 -0.0105312 0.658956 -0.213421 0.721269 2 
0.127222 0.246945 -0.0111822 -0.070654 0.768542 0.635886 2 
0.12685 0.247143 -0.0109318 0.535839 0.219556 0.815274 2 
0.126817 0.246768 -0.0107638 0.570625 0.00136187 0.82121 2 
0.126945 0.24673 -0.0109432 0.430931 0.120095 0.894358 2 
0.127119 0.246548 -0.0107805 0.304715 0.236047 0.92273 2 
0.126965 0.246509 -0.0106591 0.490724 -0.131728 0.8613 2 
0.127292 0.246667 -0.0110168 -0.218149 0.831408 0.511049 2 
0.127375 0.246471 -0.0111394 -0.218149 0.831408 0.511049 2 
0.126388 0.245575 -0.0105359 0.59473 -0.225159 0.771751 2 
0.126793 0.245752 -0.0109544 0.48437 0.119296 0.866692 2 
0.126576 0.245688 -0.0104262 0.611377 -0.311334 0.727522 2 
0.12677 0.246098 -0.0105427 0.593875 -0.0762115 0.80094 2 
0.126751 0.246018 -0.0104277 0.622082 -0.258014 0.739217 2 
0.12696 0.245272 -0.0105656 0.597274 -0.0612954 0.799691 2 
0.126892 0.245762 -0.010496 0.558723 -0.115246 0.821308 2 
0.127099 0.245955 -0.0105013 0.490724 -0.131728 0.8613 2 
0.127156 0.246195 -0.0108462 0.304715 0.236047 0.92273 2 
0.127445 0.246192 -0.010974 -0.230358 0.862714 0.450177 2 
0.127271 0.245561 -0.0105735 0.418987 -0.0954129 0.902965 2 
0.12754 0.245779 -0.0109855 -0.230358 0.862714 0.450177 2 
0.12768 0.245523 -0.0110538 -0.148711 0.779604 0.608361 2 
0.12733 0.246013 -0.0106834 -0.329641 0.937795 0.108983 2 
0.127528 0.245696 -0.0106975 0.0801214 0.397891 0.913927 2 
0.126944 0.244765 -0.0107474 0.491794 0.0770617 0.867295 2 
0.127301 0.244573 -0.0113439 0.538065 0.0663755 0.840286 2 
0.127228 0.244977 -0.0108134 0.45428 0.0731819 0.887848 2 
0.127381 0.244503 -0.0107706 0.545191 0.0518562 0.836707 2 
0.127081 0.246387 -0.0105506 0.467788 -0.175605 0.86622 2 
0.128012 0.250263 -0.0143924 0.599947 -0.215485 0.770474 2 
0.127986 0.251338 -0.014083 0.527643 -0.574844 0.625417 2 
0.127796 0.25135 -0.0134967 0.521863 -0.528575 0.669528 2 
0.128034 0.251405 -0.0135059 0.521863 -0.528575 0.669528 2 
0.127708 0.25176 -0.0133123 0.521863 -0.528575 0.669528 2 
0.128193 0.251867 -0.0131575 0.521863 -0.528575 0.669528 2 
0.128171 0.251877 -0.0136765 0.521863 -0.528575 0.669528 2 
0.128345 0.251694 -0.0135138 0.521863 -0.528575 0.669528 2 
0.127455 0.250597 -0.0126868 0.492992 -0.516388 0.700216 2 
0.127609 0.250635 -0.0128082 0.508301 -0.541853 0.669347 2 
0.127957 0.250572 -0.0128818 0.521863 -0.528575 0.669528 2 
0.127955 0.251174 -0.0136801 0.527643 -0.574844 0.625417 2 
0.127488 0.250972 -0.0128549 0.521863 -0.528575 0.669528 2 
0.127688 0.251167 -0.0130331 0.521863 -0.528575 0.669528 2 
0.127592 0.251068 -0.0128575 0.521863 -0.528575 0.669528 2 
0.127893 0.250847 -0.0128742 0.521863 -0.528575 0.669528 2 
0.127862 0.250985 -0.0128704 0.521863 -0.528575 0.669528 2 
0.128155 0.251406 -0.0125284 0.521863 -0.528575 0.669528 2 
0.12797 0.251168 -0.013334 0.521863 -0.528575 0.669528 2 
0.128229 0.251515 -0.0132232 0.521863 -0.528575 0.669528 2 
0.128051 0.251611 -0.0129249 0.521863 -0.528575 0.669528 2 
0.128461 0.251573 -0.0134053 0.521863 -0.528575 0.669528 2 
0.128144 0.250986 -0.0131713 0.521863 -0.528575 0.669528 2 
0.128093 0.251043 -0.0130525 0.521863 -0.528575 0.669528 2 
0.128151 0.250982 -0.0129983 0.521863 -0.528575 0.669528 2 
0.128377 0.251255 -0.0131185 0.521863 -0.528575 0.669528 2 
0.128555 0.251159 -0.0134167 0.521863 -0.528575 0.669528 2 
0.128461 0.251272 -0.0130062 0.521863 -0.528575 0.669528 2 
0.128861 0.251362 -0.0129636 0.521863 -0.528575 0.669528 2 
0.128518 0.251813 -0.0137501 0.521863 -0.528575 0.669528 2 
0.12917 0.251102 -0.0141373 0.527643 -0.574844 0.625417 2 
0.129247 0.251122 -0.014198 0.527643 -0.574844 0.625417 2 
0.128576 0.251752 -0.0136959 0.521863 -0.528575 0.669528 2 
0.128803 0.251724 -0.013417 0.521863 -0.528575 0.669528 2 
0.128803 0.251724 -0.013417 0.521863 -0.528575 0.669528 2 
0.129137 0.251878 -0.0136017 0.521863 -0.528575 0.669528 2 
0.128897 0.251311 -0.0134284 0.521863 -0.528575 0.669528 2 
0.129438 0.251959 -0.0140176 0.511236 -0.531351 0.675503 2 
0.129695 0.251581 -0.0139774 0.511236 -0.531351 0.675503 2 
0.129849 0.25162 -0.0140988 0.501936 -0.538868 0.676522 2 
0.129006 0.252343 -0.0131255 0.521863 -0.528575 0.669528 2 
0.129211 0.252324 -0.0133657 0.521863 -0.528575 0.669528 2 
0.128945 0.25168 -0.0132504 0.521863 -0.528575 0.669528 2 
0.129234 0.251677 -0.0133783 0.521863 -0.528575 0.669528 2 
0.129311 0.251696 -0.013439 0.521863 -0.528575 0.669528 2 
0.129363 0.252151 -0.013722 0.511236 -0.531351 0.675503 2 
0.129602 0.252206 -0.0137311 0.49738 -0.540922 0.678245 2 
0.129769 0.252027 -0.0137413 0.49738 -0.540922 0.678245 2 
0.12926 0.252392 -0.0127885 0.426762 -0.17624 0.887025 2 
0.128109 0.250399 -0.0132381 0.698872 -0.18976 0.689615 2 
0.128265 0.250649 -0.0131247 0.495399 -0.297239 0.816228 2 
0.128629 0.250454 -0.0135481 0.776198 -0.221549 0.590282 2 
0.128115 0.251034 -0.0125334 0.521863 -0.528575 0.669528 2 
0.128749 0.250756 -0.0129698 0.521863 -0.528575 0.669528 2 
0.128476 0.251265 -0.0126601 0.521863 -0.528575 0.669528 2 
0.129416 0.250853 -0.0135742 0.527643 -0.574844 0.625417 2 
0.12904 0.251266 -0.0132619 0.521863 -0.528575 0.669528 2 
0.129214 0.251084 -0.0130991 0.521863 -0.528575 0.669528 2 
0.129733 0.25144 -0.0138082 0.511236 -0.531351 0.675503 2 
0.129333 0.251687 -0.0129199 0.521863 -0.528575 0.669528 2 
0.12948 0.251729 -0.0132143 0.521863 -0.528575 0.669528 2 
0.129524 0.251373 -0.0131071 0.521863 -0.528575 0.669528 2 
0.12974 0.252075 -0.0131035 0.419769 -0.188677 0.887804 2 
0.12819 0.243842 -0.0221447 0.114875 -0.936573 0.331112 2 
0.127686 0.245143 -0.0208862 0.503732 -0.855912 0.116912 2 
0.127911 0.244903 -0.0208422 0.503732 -0.855912 0.116912 2 
0.127618 0.244182 -0.0207851 0.503732 -0.855912 0.116912 2 
0.127775 0.243794 -0.0212033 0.503732 -0.855912 0.116912 2 
0.128349 0.243702 -0.020998 0.503732 -0.855912 0.116912 2 
0.128048 0.243923 -0.0209813 0.503732 -0.855912 0.116912 2 
0.127697 0.244413 -0.0206109 0.503732 -0.855912 0.116912 2 
0.128009 0.244401 -0.0202197 0.191883 -0.974463 0.116635 2 
0.128008 0.244702 -0.0206188 0.191883 -0.974463 0.116635 2 
0.128111 0.244798 -0.0206214 0.191883 -0.974463 0.116635 2 
0.128342 0.244856 -0.0208036 0.191883 -0.974463 0.116635 2 
0.128208 0.244596 -0.020398 0.191883 -0.974463 0.116635 2 
0.128338 0.24477 -0.0203426 0.191883 -0.974463 0.116635 2 
0.128516 0.244674 -0.0206408 0.191883 -0.974463 0.116635 2 
0.128587 0.244395 -0.0204754 0.191883 -0.974463 0.116635 2 
0.12847 0.244818 -0.020983 0.191883 -0.974463 0.116635 2 
0.128759 0.244815 -0.0211109 0.191883 -0.974463 0.116635 2 
0.128669 0.244501 -0.0209971 0.191883 -0.974463 0.116635 2 
0.129228 0.244415 -0.0211379 0.191883 -0.974463 0.116635 2 
0.128779 0.244594 -0.0208267 0.191883 -0.974463 0.116635 2 
0.128422 0.244786 -0.0202302 0.191883 -0.974463 0.116635 2 
0.12877 0.244723 -0.0203038 0.191883 -0.974463 0.116635 2 
0.128506 0.243952 -0.0208845 0.191883 -0.974463 0.116635 2 
0.128603 0.243751 -0.0206611 0.191883 -0.974463 0.116635 2 
0.127978 0.244237 -0.0198167 0.191883 -0.974463 0.116635 2 
0.128152 0.244055 -0.019654 0.191883 -0.974463 0.116635 2 
0.128748 0.244431 -0.0204238 0.191883 -0.974463 0.116635 2 
0.129337 0.244297 -0.0212024 0.191883 -0.974463 0.116635 2 
0.128903 0.24447 -0.0205452 0.191883 -0.974463 0.116635 2 
0.129154 0.244307 -0.0204432 0.191883 -0.974463 0.116635 2 
0.128649 0.244758 -0.0199514 0.191883 -0.974463 0.116635 2 
0.128794 0.244925 -0.0195499 0.1162 -0.990578 0.0724813 2 
0.128823 0.244575 -0.0197886 0.191883 -0.974463 0.116635 2 
0.12912 0.244268 -0.0193443 0.1162 -0.990578 0.0724813 2 
0.129853 0.244639 -0.0187906 -0.301313 -0.948675 0.0960517 2 
0.132707 0.249152 -0.00351406 0.572051 -0.103348 0.813681 2 
0.132227 0.248353 -0.00223663 0.644508 -0.0410785 0.763494 2 
0.131451 0.250641 -0.00216266 0.065333 0.223119 0.972599 2 
0.130705 0.249162 -0.00209998 0.149075 0.107867 0.982925 2 
0.130899 0.249572 -0.00221638 0.09875 0.132063 0.98631 2 
0.131273 0.249285 -0.00183281 0.660656 -0.159469 0.733556 2 
0.131159 0.249919 -0.0021055 0.07201 0.152283 0.98571 2 
0.131094 0.249682 -0.00193367 0.285453 0.00121469 0.958392 2 
0.13152 0.25015 -0.00223219 0.275654 0.064785 0.959071 2 
0.131405 0.249971 -0.00194156 0.67471 -0.172885 0.717549 2 
0.131637 0.249728 -0.00172457 0.726382 -0.172802 0.665213 2 
0.131947 0.250017 -0.00173249 0.520717 -0.0808743 0.84989 2 
0.131363 0.249086 -0.00178237 0.626305 -0.101206 0.772981 2 
0.132253 0.249068 -0.0016469 0.722486 -0.120663 0.680775 2 
0.131623 0.249433 -0.0016715 0.745009 -0.17216 0.644455 2 
0.131847 0.249193 -0.00162749 0.677089 -0.11112 0.727463 2 
0.132184 0.249559 -0.00157738 0.840181 -0.207396 0.501081 2 
0.13201 0.249741 -0.00174014 0.736064 -0.162389 0.657145 2 
0.132711 0.248761 -0.00248092 0.861625 -0.128882 0.490909 2 
0.132354 0.248953 -0.00188445 0.790141 -0.11624 0.601802 2 
0.132662 0.249031 -0.00212725 0.781407 -0.116694 0.613013 2 
0.132777 0.249511 -0.00281697 0.579014 -0.134758 0.804104 2 
0.133009 0.249268 -0.00259996 0.562254 -0.112451 0.819284 2 
0.132312 0.249521 -0.00175685 0.804815 -0.144301 0.575718 2 
0.132531 0.249797 -0.00205012 0.652701 -0.107556 0.749943 2 
0.132706 0.250127 -0.00205155 0.615195 -0.168609 0.770133 2 
0.132522 0.249287 -0.0020589 0.827502 -0.133753 0.545299 2 
0.13278 0.249422 -0.00218295 0.609092 -0.0853597 0.788492 2 
0.132704 0.249915 -0.00228649 0.612634 -0.164882 0.772977 2 
0.132857 0.249441 -0.00224367 0.599434 -0.0852207 0.795875 2 
0.131879 0.250507 -0.00166296 0.594451 -0.208444 0.776646 2 
0.132438 0.250422 -0.00180374 0.647802 -0.182242 0.739689 2 
0.132296 0.250165 -0.00157121 0.658825 -0.172731 0.732198 2 
0.132746 0.245257 -0.00404823 0.863661 0.0890517 0.496145 2 
0.132888 0.245212 -0.00388166 0.863661 0.0890517 0.496145 2 
0.132849 0.245353 -0.00405087 0.866707 0.0831475 0.491839 2 
0.13308 0.245411 -0.004233 0.881094 0.173881 0.439816 2 
0.133093 0.245193 -0.00412183 0.875202 0.177386 0.450062 2 
0.133394 0.244937 -0.0054685 0.787664 0.477127 0.389789 2 
0.133653 0.244771 -0.00519345 0.777862 0.502942 0.376802 2 
0.133269 0.245187 -0.00505412 0.859614 0.371934 0.350327 2 
0.133406 0.245056 -0.00442653 0.857997 0.31578 0.405122 2 
0.133385 0.245065 -0.00494563 0.859614 0.371934 0.350327 2 
0.133558 0.244883 -0.00478288 0.859614 0.371934 0.350327 2 
0.133348 0.245117 -0.00448079 0.857997 0.31578 0.405122 2 
0.133382 0.24519 -0.0042497 0.882993 0.221119 0.414042 2 
0.13303 0.244016 -0.0040826 0.808191 0.345912 0.476626 2 
0.133036 0.244953 -0.003777 0.862003 0.104355 0.496045 2 
0.133139 0.245049 -0.00377962 0.867487 0.112902 0.484478 2 
0.133234 0.244636 -0.00379106 0.863517 0.172703 0.473827 2 
0.133827 0.244588 -0.0050307 0.777862 0.502942 0.376802 2 
0.133732 0.2447 -0.00462012 0.859614 0.371934 0.350327 2 
0.133964 0.244758 -0.00480222 0.817536 0.475973 0.324168 2 
0.133556 0.245008 -0.00408696 0.871902 0.290634 0.394106 2 
0.133735 0.244912 -0.0043852 0.867574 0.354707 0.348565 2 
0.133651 0.244595 -0.00409839 0.865876 0.352195 0.355271 2 
0.133714 0.244319 -0.00410607 0.822054 0.468618 0.323457 2 
0.13387 0.24457 -0.00399255 0.861462 0.362153 0.355989 2 
0.134102 0.244628 -0.00417467 0.843735 0.4023 0.355339 2 
0.133807 0.244845 -0.00398491 0.868266 0.341487 0.359863 2 
0.133986 0.244749 -0.00428316 0.867451 0.363869 0.339304 2 
0.134138 0.244576 -0.00463946 0.796635 0.492086 0.351032 2 
0.133486 0.250156 -0.00451144 0.385788 -0.079865 0.919124 1 
0.133083 0.250829 -0.00332634 0.57584 -0.170787 0.799525 1 
0.133369 0.250916 -0.00408822 0.514869 -0.164699 0.841299 1 
0.132703 0.251368 -0.00231809 0.612396 -0.239633 0.753357 1 
0.131768 0.251565 -0.00146586 0.668929 -0.265347 -0.694352 1 
0.132325 0.251569 -0.00224064 0.554305 -0.121391 0.823414 1 
0.132635 0.251858 -0.00224859 0.654768 -0.300839 0.693379 1 
0.133377 0.251763 -0.00314857 0.55033 -0.264974 0.791786 1 
0.133549 0.251369 -0.00322074 0.548304 -0.243863 0.799933 1 
0.133728 0.252424 -0.00315148 0.584633 -0.263164 0.76743 1 
0.13356 0.25209 -0.00297701 0.560952 -0.293983 0.773891 1 
0.135304 0.252247 -0.00466617 0.472171 -0.381927 -0.794472 1 
0.132729 0.255801 -0.00235488 0.845794 -0.105184 0.523038 1 
0.1325 0.255955 -0.00193783 0.874983 -0.112396 0.470926 1 
0.133377 0.256155 -0.00191349 0.82267 -0.0550328 0.56585 1 
0.133955 0.25615 -0.00216925 0.77331 -0.0265694 0.633471 1 
0.134209 0.255561 -0.002364 0.783795 -0.0526323 0.618785 1 
0.133826 0.255675 -0.00182555 0.815057 -0.0819369 0.573558 1 
0.132307 0.252339 -0.0013591 0.713668 -0.333262 0.616128 1 
0.133077 0.252532 -0.00196614 0.631377 -0.300426 0.714918 1 
0.132679 0.253292 -0.00124206 0.756264 -0.29579 0.583586 1 
0.134214 0.253044 -0.00316085 0.593646 -0.194814 0.78079 1 
0.133493 0.253129 -0.00174175 0.698051 -0.262366 0.66625 1 
0.133698 0.25311 -0.00198195 0.631117 -0.230209 0.74074 1 
0.132432 0.253878 -0.000874266 0.690037 -0.237348 0.68375 1 
0.132553 0.254693 -0.000460178 0.798144 -0.135253 0.587089 1 
0.13269 0.255164 -0.000630848 0.797791 -0.109788 0.592854 1 
0.132868 0.255068 -0.000929065 0.657145 -0.162389 0.736064 1 
0.133079 0.254533 -0.000832014 0.90398 -0.119129 0.410645 1 
0.132901 0.254629 -0.000533797 0.803412 -0.147566 0.576847 1 
0.132811 0.254828 -0.000584207 0.798436 -0.125447 0.588865 1 
0.133042 0.254886 -0.000766329 0.667842 -0.152953 0.728418 1 
0.133384 0.253886 -0.00114553 0.763613 -0.215299 0.608722 1 
0.133174 0.25412 -0.000843488 0.781723 -0.171524 0.599574 1 
0.133342 0.254453 -0.00101794 0.804421 -0.131848 0.579243 1 
0.133751 0.254717 -0.00189743 0.749497 -0.117248 0.651543 1 
0.133782 0.254579 -0.00190125 0.739574 -0.120534 0.662194 1 
0.134167 0.254977 -0.00260387 0.75299 -0.0439599 0.656562 1 
0.1334 0.255207 -0.00152703 0.816001 -0.0877885 0.571345 1 
0.133574 0.255024 -0.00136428 0.802461 -0.115895 0.585342 1 
0.133793 0.2553 -0.00165751 0.78097 -0.0854865 0.61869 1 
0.133938 0.255468 -0.00125605 0.81942 -0.106248 0.56326 1 
0.133515 0.254572 -0.00125432 0.79033 -0.138419 0.596841 1 
0.134152 0.25532 -0.00201913 0.808757 -0.0436025 0.586525 1 
0.133788 0.255515 -0.00159563 0.809974 -0.103246 0.577306 1 
0.133942 0.255554 -0.00171704 0.807845 -0.100435 0.580775 1 
0.134063 0.255218 -0.00167042 0.770765 -0.0888783 0.63089 1 
0.13412 0.255458 -0.00201531 0.794828 -0.0554531 0.604296 1 
0.133615 0.253944 -0.00132763 0.762022 -0.181725 0.621529 1 
0.133685 0.253967 -0.0015614 0.751676 -0.17534 0.635799 1 
0.133762 0.253986 -0.00162207 0.733994 -0.169383 0.657695 1 
0.133494 0.25428 -0.00137427 0.774104 -0.132746 0.618985 1 
0.133648 0.254319 -0.0014957 0.760781 -0.133025 0.63523 1 
0.133573 0.254512 -0.00120006 0.79033 -0.138419 0.596841 1 
0.13389 0.254726 -0.00369482 0.700592 -0.0470866 0.712007 1 
0.133917 0.254502 -0.00323765 0.707745 -0.0799301 0.701932 1 
0.134896 0.255401 -0.00401418 0.646603 -0.0556678 0.760793 1 
0.134519 0.256151 -0.00277101 0.741079 -0.0295307 0.670768 1 
0.134612 0.255526 -0.00301734 0.718006 -0.0266969 0.695525 1 
0.134619 0.255523 -0.00284435 0.733021 -0.018151 0.679964 1 
0.13496 0.255975 -0.00325519 0.685157 -0.0353174 0.727538 1 
0.1357 0.256005 -0.00345929 0.656562 -0.0439599 0.75299 1 
0.135931 0.256063 -0.00364141 0.630745 -0.0586407 0.773771 1 
0.136085 0.256403 -0.00416191 0.648248 -0.0323421 0.760742 1 
0.136215 0.256577 -0.00410649 0.651117 0.00691207 0.758946 1 
0.136001 0.256086 -0.00387516 0.645826 -0.0440013 0.762216 1 
0.136259 0.256221 -0.00399917 0.497119 -0.107446 0.861004 1 
0.136085 0.256102 -0.00376283 0.645826 -0.0440013 0.762216 1 
0.136673 0.256606 -0.00400973 0.635186 -0.0237322 0.771995 1 
0.136601 0.256372 -0.00401092 0.647039 -0.0677302 0.759442 1 
0.134485 0.253474 -0.00333798 0.674467 -0.136696 0.72554 1 
0.13485 0.252977 -0.00336236 0.635686 -0.104235 0.764878 1 
0.135064 0.253167 -0.00319459 0.649159 -0.0952491 0.754666 1 
0.135296 0.253225 -0.00337669 0.725533 -0.095272 0.681561 1 
0.135476 0.253341 -0.00344006 0.765729 -0.117007 0.63243 1 
0.135681 0.253322 -0.00368021 0.851718 -0.151515 0.501617 1 
0.134738 0.253522 -0.00300103 0.675253 -0.114274 0.72868 1 
0.135086 0.253459 -0.00307464 0.682943 -0.130013 0.718809 1 
0.134839 0.253744 -0.00230775 0.637257 -0.129839 0.759635 1 
0.135124 0.253619 -0.00330456 0.675687 -0.0923389 0.731383 1 
0.135613 0.253812 -0.0036107 0.951088 -0.218438 0.218438 1 
0.1362 0.25398 -0.00478844 -0.538096 0.296826 0.78889 1 
0.135914 0.254707 -0.00458988 0.487147 -0.0202416 0.873086 1 
0.136126 0.253871 -0.00409373 0.88141 -0.211835 0.422188 1 
0.136128 0.254082 -0.00385881 0.907783 -0.267511 0.32306 1 
0.13596 0.253749 -0.0036843 0.87474 -0.183769 0.448396 1 
0.136165 0.25373 -0.0039245 0.846843 -0.138947 0.513371 1 
0.134764 0.255052 -0.00297456 0.715236 -0.0266984 0.698373 1 
0.13494 0.255382 -0.00297604 0.70917 -0.0470878 0.703463 1 
0.135634 0.255255 -0.00312327 0.68505 -0.0891003 0.723027 1 
0.13525 0.255671 -0.00298394 0.693138 -0.0528786 0.718863 1 
0.134725 0.254378 -0.00258047 0.721048 -0.0708043 0.689258 1 
0.136169 0.255268 -0.00441711 0.503765 0.00940362 0.863789 1 
0.135887 0.255605 -0.00318543 0.673459 -0.0617457 0.736641 1 
0.136039 0.255432 -0.00354175 0.591603 -0.0407518 0.805199 1 
0.136047 0.255942 -0.0035329 0.627605 -0.0764668 0.774768 1 
0.136585 0.255866 -0.00419275 0.618039 -0.0438426 0.784924 1 
0.132871 0.25055 -0.00286005 0.558177 -0.183034 0.809282 1 
0.132898 0.250326 -0.00240286 0.566446 -0.183753 0.803351 1 
0.132775 0.250114 -0.00361522 0.554195 -0.166709 0.815522 1 
0.133098 0.250185 -0.00351197 0.551544 -0.172827 0.816045 1 
0.13305 0.250454 -0.00315832 0.554986 -0.172963 0.813679 1 
0.133293 0.250596 -0.00362838 0.573356 -0.167041 0.802097 1 
0.133406 0.250262 -0.00375479 0.560172 -0.144129 0.815741 1 
0.133686 0.250388 -0.00335979 0.546932 -0.209887 0.81044 1 
0.133619 0.25024 -0.00382196 0.530876 -0.117811 0.839221 1 
0.134054 0.250616 -0.00331345 0.549424 -0.206608 0.809597 1 
0.134644 0.24988 -0.00329382 0.430143 -0.163657 0.887803 1 
0.134607 0.250233 -0.0032281 0.498492 -0.190116 0.84579 1 
0.131784 0.250921 -0.00165152 0.668034 -0.175798 0.723067 1 
0.132647 0.250826 -0.00157409 0.651815 -0.22665 0.723718 1 
0.13263 0.250922 -0.00255417 0.582937 -0.23162 0.778804 1 
0.132861 0.25098 -0.00273626 0.573004 -0.220861 0.789232 1 
0.132803 0.250739 -0.00239142 0.583391 -0.221286 0.781465 1 
0.132799 0.250653 -0.00193042 0.578262 -0.204002 0.789934 1 
0.132704 0.251066 -0.00191899 0.60359 -0.23239 0.762676 1 
0.132378 0.251422 -0.00172541 0.671514 -0.234322 0.702967 1 
0.132407 0.25171 -0.00143243 0.693242 -0.294347 0.657856 1 
0.132496 0.251512 -0.00138198 0.696945 -0.25128 0.671659 1 
0.132591 0.251099 -0.00139345 0.645892 -0.213222 0.733048 1 
0.132552 0.251239 -0.00156267 0.645892 -0.213222 0.733048 1 
0.132752 0.251435 -0.00174095 0.64924 -0.240518 0.721553 1 
0.133954 0.251245 -0.00324009 0.542295 -0.230205 0.808035 1 
0.133918 0.251597 -0.00317439 0.546126 -0.244278 0.801296 1 
0.134076 0.250908 -0.00319349 0.56132 -0.200362 0.802979 1 
0.13403 0.250751 -0.00313661 0.563947 -0.220944 0.795706 1 
0.134365 0.250906 -0.00332137 0.516839 -0.218017 0.827856 1 
0.134175 0.251732 -0.00329845 0.535178 -0.260568 0.803548 1 
0.134481 0.250784 -0.00321285 0.51447 -0.234967 0.824688 1 
0.135287 0.250112 -0.00372139 0.0770278 -0.199294 0.976908 1 
0.134838 0.250291 -0.00341024 0.380955 -0.169789 0.90887 1 
0.134696 0.251486 -0.00320931 0.445889 -0.237303 0.863059 1 
0.134903 0.251679 -0.0032146 0.471606 -0.218476 0.854316 1 
0.135193 0.251676 -0.00334247 0.491655 -0.237403 0.837804 1 
0.135755 0.252316 -0.00341251 0.912859 -0.34933 0.211323 1 
0.134765 0.250996 -0.00327883 0.404906 -0.161676 0.899951 1 
0.134886 0.25066 -0.00323221 0.392106 -0.151463 0.907365 1 
0.134924 0.25082 -0.00346214 0.296578 -0.130172 0.946096 1 
0.134998 0.251266 -0.00322603 0.408619 -0.216848 0.886571 1 
0.135208 0.251032 -0.0035281 0.294985 -0.184192 0.93758 1 
0.135098 0.250638 -0.00329936 0.227681 -0.122202 0.966037 1 
0.135303 0.250619 -0.00353956 0.111153 -0.160012 0.980837 1 
0.135645 0.251921 -0.00318378 0.878173 -0.335192 0.341259 1 
0.135722 0.25194 -0.0032445 0.892718 -0.327479 0.309535 1 
0.135223 0.249237 -0.00408124 0.462709 -0.857594 -0.224572 1 
0.135008 0.249685 -0.00371727 0.180943 -0.142983 0.973044 1 
0.135582 0.252197 -0.00317615 0.899068 -0.306601 0.312526 1 
0.133829 0.257515 -0.00271731 0.764543 0.0294594 0.643899 1 
0.133924 0.258554 -0.00276036 0.768617 0.0410495 0.638391 1 
0.134067 0.258208 -0.00219465 0.797144 0.049556 0.601752 1 
0.134161 0.258096 -0.00260524 0.799168 0.0407309 0.599727 1 
0.134387 0.258369 -0.00272549 0.758315 0.0411049 0.650591 1 
0.135646 0.259057 -0.00403779 0.680816 0.149447 0.717046 1 
0.134145 0.259042 -0.0028187 0.616845 0.148583 0.772933 1 
0.1341 0.259398 -0.00292603 0.639909 0.158843 0.751855 1 
0.134532 0.25935 -0.00288731 0.604768 0.151567 0.781846 1 
0.134533 0.259863 -0.00305152 0.360485 0.168226 0.91747 1 
0.134119 0.258664 -0.00247764 0.773634 0.0496829 0.631682 1 
0.134259 0.258407 -0.00254598 0.77989 0.0380778 0.624758 1 
0.134203 0.258981 -0.00276444 0.68688 0.120688 0.71668 1 
0.134377 0.258799 -0.00260171 0.72887 0.086179 0.679207 1 
0.134608 0.258857 -0.00278381 0.60504 0.148633 0.782199 1 
0.13439 0.259094 -0.00265475 0.616845 0.148583 0.772933 1 
0.134571 0.259209 -0.0027181 0.613758 0.168215 0.771365 1 
0.134738 0.25903 -0.00272837 0.616845 0.148583 0.772933 1 
0.134543 0.258619 -0.00261197 0.73202 0.0768259 0.676937 1 
0.13457 0.258696 -0.0025539 0.72489 0.0798977 0.684215 1 
0.134628 0.258636 -0.00249965 0.741773 0.0737436 0.666584 1 
0.134782 0.258674 -0.00262107 0.727309 0.0892673 0.68048 1 
0.134779 0.259915 -0.00288759 0.360485 0.168226 0.91747 1 
0.13499 0.25938 -0.00279054 0.487096 0.163346 0.857937 1 
0.135144 0.259419 -0.00291196 0.956071 -0.209935 0.204586 1 
0.135148 0.258691 -0.00280961 0.700453 0.0800934 0.70919 1 
0.135302 0.25873 -0.00293103 0.739276 0.159392 0.654267 1 
0.135265 0.259082 -0.00286534 0.885044 -0.042145 0.463595 1 
0.135586 0.258942 -0.00299701 0.724658 0.146137 0.673435 1 
0.1349 0.259579 -0.00284099 0.456781 0.164908 0.87416 1 
0.133079 0.257136 -0.000496157 0.879482 -0.130559 0.457675 1 
0.1332 0.2568 -0.000449523 0.871193 -0.118734 0.476367 1 
0.133503 0.256755 -0.0015613 0.790005 -0.015219 0.612911 1 
0.133325 0.256851 -0.00126306 0.814097 -0.0377026 0.579503 1 
0.133467 0.257108 -0.00149559 0.801756 -0.0124196 0.597522 1 
0.133199 0.257101 -0.000848658 0.849007 -0.0543699 0.525576 1 
0.133175 0.257236 -0.000671811 0.863183 -0.0655406 0.500618 1 
0.133546 0.257339 -0.00132137 0.79841 0.015221 0.601921 1 
0.133598 0.256342 -0.00157274 0.796465 -0.0292921 0.603974 1 
0.133478 0.256377 -0.00122023 0.797739 -0.0321331 0.602146 1 
0.133772 0.25616 -0.00140999 0.802901 -0.0493876 0.594062 1 
0.133678 0.256272 -0.000999428 0.800545 -0.0494164 0.597232 1 
0.133714 0.256522 -0.00186334 0.784306 -0.0236824 0.619922 1 
0.133677 0.256573 -0.00139854 0.785217 -0.0152335 0.619033 1 
0.133577 0.25605 -0.00169266 0.805441 -0.0610828 0.58952 1 
0.133982 0.255926 -0.00171205 0.816206 -0.0788952 0.572349 1 
0.133656 0.256281 -0.00151848 0.797807 -0.0293414 0.602198 1 
0.13383 0.256099 -0.00135574 0.786196 -0.0467468 0.616207 1 
0.133409 0.256868 -0.0011507 0.819804 -0.0405014 0.57121 1 
0.133525 0.256746 -0.00104222 0.822021 -0.040473 0.568018 1 
0.133257 0.257041 -0.000794396 0.85302 -0.0542705 0.519048 1 
0.133233 0.257175 -0.000617556 0.862632 -0.0715354 0.500748 1 
0.13331 0.257195 -0.000678249 0.857361 -0.0657357 0.5105 1 
0.133426 0.257073 -0.000569768 0.849674 -0.0690448 0.522768 1 
0.133468 0.256506 -0.000697352 0.856776 -0.0863857 0.508401 1 
0.133579 0.256599 -0.000526942 0.860032 -0.0924001 0.501804 1 
0.133583 0.256685 -0.000987962 0.823227 -0.0433278 0.566056 1 
0.133757 0.256503 -0.000825219 0.95871 -0.165295 0.231413 1 
0.133431 0.256858 -0.00063163 0.850946 -0.083816 0.518523 1 
0.134351 0.257305 -0.00129821 0.783 0.0208615 0.621671 1 
0.133512 0.257602 -0.000621639 0.862769 -0.0540096 0.502705 1 
0.133625 0.25757 -0.00114717 0.797599 0.0236635 0.602723 1 
0.133851 0.257843 -0.00126739 0.791522 0.0236483 0.610682 1 
0.133543 0.257464 -0.000625469 0.847888 -0.0515137 0.527667 1 
0.13392 0.2559 -0.00130529 0.830827 -0.093594 0.548605 1 
0.133794 0.25615 -0.000890911 0.793584 -0.052527 0.60619 1 
0.134079 0.255724 -0.00148859 0.80924 -0.0790554 0.582135 1 
0.133539 0.256227 -0.000531986 0.893101 -0.15339 0.422897 1 
0.133796 0.256362 -0.000656001 0.842409 -0.0809735 0.53272 1 
0.134293 0.25733 -0.0026824 0.77188 0.0152985 0.635584 1 
0.134467 0.257148 -0.00251966 0.75789 0.0152969 0.652203 1 
0.134655 0.256622 -0.00294167 0.712607 -0.0125508 0.701451 1 
0.134966 0.256911 -0.0029496 0.705658 0.0125265 0.708442 1 
0.135171 0.256892 -0.00318975 0.688487 0.0210332 0.724944 1 
0.134698 0.257206 -0.00270178 0.735722 0.0295414 0.676639 1 
0.134929 0.257264 -0.0028839 0.713228 0.0528846 0.698934 1 
0.134198 0.257744 -0.00267096 0.769858 0.0381397 0.637075 1 
0.134145 0.257927 -0.00185628 0.786775 0.0208878 0.616887 1 
0.134429 0.257802 -0.00285307 0.748959 0.0527838 0.660511 1 
0.134577 0.257542 -0.00274839 0.746388 0.0410726 0.664243 1 
0.134654 0.257562 -0.00280909 0.742478 0.0353561 0.668937 1 
0.134739 0.258091 -0.00286098 0.722019 0.0382996 0.690812 1 
0.13499 0.257928 -0.00275894 0.701415 0.061932 0.710057 1 
0.135059 0.257437 -0.00282846 0.701681 0.0559623 0.71029 1 
0.134559 0.256523 -0.002766 0.742454 -0.0238596 0.669472 1 
0.134836 0.256774 -0.00167508 0.760607 0.0181429 0.648959 1 
0.135338 0.257864 -0.00283252 0.718379 0.117499 0.685658 1 
0.136409 0.256987 -0.00422294 0.664449 -0.00138139 0.747332 1 
0.136525 0.256866 -0.00411441 0.667184 -0.00693539 0.74486 1 
0.134224 0.258158 -0.00168208 0.784937 0.0643391 0.616226 1 
0.134255 0.258321 -0.00208499 0.789843 0.0583488 0.610527 1 
0.134526 0.257937 -0.00169882 0.784927 0.0584065 0.61683 1 
0.134896 0.258341 -0.00274748 0.724401 0.0559438 0.687105 1 
0.135301 0.258217 -0.00276683 0.717046 0.149447 0.680816 1 
0.136753 0.256199 -0.00436722 0.585192 -0.0435035 0.809727 1 
0.136926 0.256318 -0.0046036 0.620025 -0.0733672 0.781145 1 
0.136856 0.256296 -0.00436984 0.651028 -0.092168 0.753437 1 
0.136582 0.257106 -0.00445926 0.488329 -0.16376 0.857157 1 
0.136852 0.257325 -0.00487133 0.722064 0.0799065 0.687196 1 
0.136616 0.25718 -0.00422817 0.381684 -0.267927 0.884609 1 
0.136794 0.257084 -0.00452642 0.704333 -0.00138376 0.709868 1 
0.136814 0.256863 -0.00424226 0.678782 -0.00694052 0.734307 1 
0.144285 0.248137 -0.00725823 0.672173 -0.114255 0.731526 1 
0.144006 0.24771 -0.00725417 0.575459 -0.190802 0.795262 1 
0.144243 0.247553 -0.00749817 0.598297 -0.188211 0.778857 1 
0.144606 0.247996 -0.00738992 0.656888 -0.126611 0.743282 1 
0.144533 0.24546 -0.0081261 0.58033 -0.210889 0.786602 1 
0.14435 0.246922 -0.00739844 0.584677 -0.187768 0.789237 1 
0.144087 0.247002 -0.00721253 0.601684 -0.188313 0.776218 1 
0.144103 0.246357 -0.00739818 0.592576 -0.1914 0.782445 1 
0.144101 0.247297 -0.00726561 0.599375 -0.191616 0.777195 1 
0.144448 0.247233 -0.00733922 0.594704 -0.180997 0.783306 1 
0.144628 0.24765 -0.0078017 0.659702 -0.14276 0.737844 1 
0.144852 0.247711 -0.00815681 0.677056 -0.127041 0.724883 1 
0.144995 0.247667 -0.00799024 0.670157 -0.133432 0.730127 1 
0.144721 0.248176 -0.00768053 0.672563 -0.110862 0.731689 1 
0.14496 0.248231 -0.00768963 0.683012 -0.0954748 0.72414 1 
0.145567 0.248177 -0.00858321 0.673934 -0.0529418 0.736892 1 
0.145399 0.247844 -0.00840873 0.675208 -0.0798634 0.733291 1 
0.145683 0.248056 -0.0084747 0.673934 -0.0529418 0.736892 1 
0.146172 0.249063 -0.00934418 0.523487 0.181495 0.832479 1 
0.146281 0.248944 -0.0094087 0.521706 0.171909 0.835626 1 
0.145684 0.248569 -0.00863889 0.682071 -0.0382867 0.730283 1 
0.146108 0.248826 -0.00917234 0.612299 0.0854034 0.786 1 
0.146019 0.248723 -0.00882366 0.637369 0.0556093 0.76855 1 
0.14634 0.248583 -0.00895534 0.612299 0.0854034 0.786 1 
0.145972 0.248053 -0.00860256 0.664563 -0.0352741 0.746399 1 
0.145858 0.248386 -0.00847614 0.682071 -0.0382867 0.730283 1 
0.146114 0.24831 -0.00883511 0.642197 0.0323206 0.765858 1 
0.146268 0.248348 -0.0089565 0.621249 0.0614108 0.781203 1 
0.146055 0.248672 -0.00928845 0.575589 0.112774 0.809925 1 
0.146494 0.248621 -0.00907673 0.573236 0.118752 0.81074 1 
0.146498 0.248708 -0.00953772 0.463515 0.201204 0.862943 1 
0.14657 0.248942 -0.00953655 0.434829 0.239231 0.868154 1 
0.146904 0.248583 -0.00955708 0.340797 0.267032 0.901416 1 
0.14682 0.248266 -0.00927032 0.455404 0.184225 0.871016 1 
0.146552 0.24856 -0.00902247 0.573236 0.118752 0.81074 1 
0.146672 0.248525 -0.00937497 0.455546 0.197354 0.868061 1 
0.14684 0.248859 -0.00954945 0.26836 0.300273 0.915325 1 
0.146954 0.248526 -0.00967592 0.242288 0.302501 0.92184 1 
0.14481 0.245675 -0.00836507 0.581738 -0.211401 0.785424 1 
0.145257 0.246436 -0.00854366 0.616638 -0.138856 0.774904 1 
0.145411 0.246475 -0.00866506 0.62225 -0.132806 0.771471 1 
0.1457 0.246472 -0.00879294 0.634203 -0.116788 0.764296 1 
0.144531 0.245248 -0.00836102 0.607222 -0.195233 0.770172 1 
0.144789 0.245383 -0.00848503 0.604685 -0.208779 0.768614 1 
0.145193 0.24556 -0.00890353 0.587592 -0.208202 0.781913 1 
0.145173 0.246118 -0.00825687 0.601456 -0.181198 0.778086 1 
0.145506 0.246061 -0.00867651 0.594704 -0.180997 0.783306 1 
0.145932 0.24653 -0.00897504 0.63264 -0.088715 0.769348 1 
0.14501 0.247022 -0.00817588 0.646869 -0.129971 0.751444 1 
0.145196 0.246923 -0.00830113 0.646869 -0.129971 0.751444 1 
0.144779 0.246964 -0.00799377 0.634549 -0.162045 0.755704 1 
0.145101 0.247337 -0.00828968 0.664095 -0.117368 0.738378 1 
0.145105 0.246609 -0.00818735 0.63014 -0.158668 0.760097 1 
0.145396 0.247119 -0.00847943 0.663917 -0.104519 0.740466 1 
0.145774 0.246918 -0.00855687 0.641566 -0.0767562 0.763218 1 
0.144564 0.247413 -0.00762985 0.669886 -0.136375 0.729832 1 
0.146508 0.247464 -0.00909819 0.580823 0.0377885 0.813152 1 
0.146393 0.247284 -0.00880758 0.631792 -0.0266165 0.774681 1 
0.146624 0.247342 -0.00898969 0.580823 0.0377885 0.813152 1 
0.146687 0.247368 -0.00939643 0.51072 0.0987106 0.854062 1 
0.147151 0.247696 -0.00952578 0.364831 0.216573 0.905536 1 
0.146093 0.247717 -0.00855596 0.654323 -0.0295501 0.755638 1 
0.146261 0.24805 -0.00873045 0.637493 0.0323672 0.769776 1 
0.14644 0.247954 -0.00902869 0.598418 0.0671257 0.798367 1 
0.146325 0.247775 -0.00873807 0.633232 0.00413877 0.773951 1 
0.146241 0.247457 -0.00845128 0.644508 -0.0410785 0.763494 1 
0.144313 0.249878 -0.0069969 0.646653 -0.209348 0.733494 1 
0.144023 0.249368 -0.00670483 0.32011 -0.311176 0.894818 1 
0.144254 0.249426 -0.00688694 0.660895 -0.169421 0.731105 1 
0.144569 0.248349 -0.00732422 0.661954 -0.123466 0.739306 1 
0.14398 0.248784 -0.00694473 0.66983 -0.162521 0.72451 1 
0.144212 0.248541 -0.00672773 0.642194 -0.165483 0.748467 1 
0.144212 0.248842 -0.00712682 0.70168 -0.123651 0.70168 1 
0.144522 0.249131 -0.00713475 0.676546 -0.146158 0.72175 1 
0.144161 0.250051 -0.00664058 0.621339 -0.219571 0.752148 1 
0.14454 0.24985 -0.00671802 0.64707 -0.20638 0.733967 1 
0.144549 0.24857 -0.00760837 0.677089 -0.11112 0.727463 1 
0.146561 0.249884 -0.00957701 0.335174 0.293463 0.895286 1 
0.146439 0.249708 -0.00945944 0.296926 0.311698 0.902596 1 
0.146288 0.249242 -0.00963478 0.4345 0.252828 0.864458 1 
0.146688 0.249333 -0.00959227 0.296926 0.311698 0.902596 1 
0.146533 0.249294 -0.00947089 0.412462 0.264399 0.871761 1 
0.146866 0.250689 -0.00992213 0.120312 0.328493 0.936812 1 
0.146948 0.250494 -0.0100447 0.138569 0.336132 0.931565 1 
0.147066 0.250584 -0.00970133 0.24022 0.312142 0.919164 1 
0.147123 0.250824 -0.0100462 0.0582213 0.31957 0.945772 1 
0.147102 0.250533 -0.0101662 0.120312 0.328493 0.936812 1 
0.14685 0.249882 -0.00970487 0.307933 0.299093 0.903172 1 
0.147096 0.250235 -0.00994004 0.295098 0.303906 0.905847 1 
0.147076 0.250154 -0.00982508 0.295098 0.303906 0.905847 1 
0.146746 0.249272 -0.00953802 0.296926 0.311698 0.902596 1 
0.146945 0.249468 -0.00971632 0.296926 0.311698 0.902596 1 
0.147256 0.249757 -0.00972421 0.307933 0.299093 0.903172 1 
0.147287 0.249619 -0.00972805 0.279602 0.30888 0.909074 1 
0.147371 0.249937 -0.0100148 0.295098 0.303906 0.905847 1 
0.146787 0.250157 -0.00969722 0.32011 0.311176 0.894818 1 
0.147093 0.249209 -0.00961161 0.296926 0.311698 0.902596 1 
0.121256 0.252592 0.00281146 0.55135 0.0783572 0.830586 1 
0.121791 0.252304 0.00191669 0.428653 0.0527365 0.901929 1 
0.121907 0.252182 0.00202518 0.417216 0.086748 0.904657 1 
0.121967 0.251519 0.00287767 0.456691 0.127415 0.880454 1 
0.122368 0.250635 0.00145769 0.388324 0.0912902 0.91699 1 
0.121926 0.252263 0.00191026 0.416746 0.075151 0.905911 1 
0.122011 0.252279 0.00202259 0.417216 0.086748 0.904657 1 
0.122312 0.252058 0.00200583 0.382214 0.0710783 0.921336 1 
0.122215 0.25226 0.00178237 0.387209 0.0769022 0.918779 1 
0.122621 0.252136 0.00176302 0.375823 0.0682099 0.924178 1 
0.122148 0.252449 0.00225102 0.416746 0.075151 0.905911 1 
0.122237 0.25225 0.00230145 0.375821 0.0405939 0.925803 1 
0.122471 0.25252 0.00235423 0.375821 0.0405939 0.925803 1 
0.122694 0.25143 0.00163163 0.360312 0.0484784 0.931571 1 
0.122757 0.251155 0.00162401 0.358413 0.0349356 0.932909 1 
0.122605 0.251328 0.0019803 0.371681 0.0679416 0.925871 1 
0.122895 0.251325 0.00185244 0.358413 0.0349356 0.932909 1 
0.122875 0.251546 0.00156826 0.358413 0.0349356 0.932909 1 
0.122962 0.251136 0.00138381 0.352609 0.0165485 0.935624 1 
0.123259 0.25113 0.00142898 0.276378 -0.108717 0.95488 1 
0.123352 0.251656 0.0015501 0.281354 -0.117561 0.952376 1 
0.12341 0.251595 0.00160435 0.271133 -0.130937 0.953594 1 
0.122505 0.251956 0.00205363 0.382214 0.0710783 0.921336 1 
0.122679 0.252075 0.00181726 0.375823 0.0682099 0.924178 1 
0.122739 0.252226 0.00210644 0.375823 0.0682099 0.924178 1 
0.122533 0.251732 0.00251082 0.397014 0.106516 0.911611 1 
0.123053 0.251787 0.00220086 0.35447 0.0322246 0.934512 1 
0.122971 0.251983 0.00232345 0.35468 0.040275 0.93412 1 
0.122833 0.252114 0.00169585 0.35447 0.0322246 0.934512 1 
0.123127 0.251896 0.00150612 0.298275 -0.0736002 0.951638 1 
0.123416 0.251893 0.00137824 0.244872 -0.172615 0.954066 1 
0.123491 0.252038 0.00201347 0.255524 -0.177109 0.950442 1 
0.123725 0.251669 0.00153455 0.261225 -0.156735 0.952468 1 
0.124709 0.247785 0.000556096 0.20306 0.114773 0.972417 1 
0.125131 0.248681 0.000554413 0.48171 0.0856685 0.872133 1 
0.125019 0.248075 0.000548176 0.196238 0.0589917 0.97878 1 
0.125136 0.248466 0.000492483 0.392363 0.00385931 0.919802 1 
0.125536 0.248556 0.000535026 0.426589 0.0118132 0.904368 1 
0.125515 0.248265 0.000415012 0.295276 -0.0468893 0.954261 1 
0.125636 0.247928 0.000461645 0.279311 -0.0675957 0.957819 1 
0.126336 0.247923 0.0011834 0.277413 -0.023426 0.960465 1 
0.122852 0.250741 0.00161255 0.346778 0.0373849 0.937202 1 
0.123817 0.250532 0.00145239 0.292033 -0.153487 0.944012 1 
0.122696 0.250828 0.00242984 0.369983 0.0623268 0.926946 1 
0.123337 0.250848 0.00176737 0.286638 -0.075837 0.955033 1 
0.123491 0.250887 0.00164596 0.265753 -0.116513 0.956974 1 
0.123722 0.250945 0.00146386 0.269752 -0.139527 0.952768 1 
0.12337 0.251223 0.00159934 0.276378 -0.108717 0.95488 1 
0.123627 0.251358 0.00147529 0.259599 -0.168134 0.950967 1 
0.12368 0.251512 0.00159144 0.261225 -0.156735 0.952468 1 
0.123607 0.250765 0.00175446 0.265753 -0.116513 0.956974 1 
0.124012 0.250641 0.00173511 0.276155 -0.172767 0.945457 1 
0.123799 0.250964 0.00140315 0.263883 -0.174569 0.948626 1 
0.124006 0.251157 0.00139787 0.266642 -0.190068 0.944869 1 
0.124085 0.251388 0.00157207 0.266642 -0.190068 0.944869 1 
0.124237 0.251215 0.00121577 0.262878 -0.205073 0.942783 1 
0.124548 0.251504 0.00120784 0.272278 -0.219218 0.936914 1 
0.123915 0.250843 0.00151166 0.268202 -0.18107 0.946193 1 
0.124127 0.250821 0.00144448 0.266642 -0.190068 0.944869 1 
0.124199 0.251055 0.00144567 0.259111 -0.20153 0.944588 1 
0.124217 0.250622 0.00149491 0.276369 -0.191121 0.941856 1 
0.124294 0.250641 0.00143422 0.277087 -0.191617 0.941544 1 
0.124411 0.251033 0.00137851 0.269355 -0.224695 0.936462 1 
0.124488 0.251052 0.0013178 0.268984 -0.218811 0.93796 1 
0.12449 0.251264 0.00155269 0.272652 -0.225113 0.935406 1 
0.1247 0.251331 0.000851542 0.280007 -0.226538 0.932886 1 
0.124642 0.251091 0.00119639 0.285362 -0.22351 0.931994 1 
0.124953 0.25138 0.00118849 0.284793 -0.220258 0.932941 1 
0.124951 0.251168 0.00095357 0.286388 -0.210949 0.934603 1 
0.125131 0.251284 0.000890225 0.287544 -0.217411 0.932765 1 
0.123841 0.251548 0.00164305 0.261225 -0.156735 0.952468 1 
0.12399 0.251802 0.00158351 0.255932 -0.182809 0.949252 1 
0.124343 0.251523 0.00144801 0.261809 -0.198756 0.944432 1 
0.125287 0.251534 0.00100373 0.285023 -0.23681 0.928807 1 
0.124609 0.250716 0.00136442 0.285973 -0.205064 0.936039 1 
0.124893 0.250928 0.00129845 0.287944 -0.2017 0.936165 1 
0.125048 0.250967 0.00117704 0.288863 -0.18935 0.938459 1 
0.125226 0.250871 0.000878774 0.285999 -0.171052 0.942839 1 
0.125204 0.251217 0.00129052 0.276488 -0.209798 0.937837 1 
0.125709 0.251616 0.00156533 0.286556 -0.208277 0.935151 1 
0.125638 0.251381 0.00156413 0.286556 -0.208277 0.935151 1 
0.125442 0.24897 0.000546448 0.286465 -0.176813 0.941634 1 
0.125989 0.247987 0.00125698 0.279311 -0.0675957 0.957819 1 
0.126475 0.248305 0.00164673 0.278915 -0.0437759 0.959318 1 
0.125794 0.248692 0.000410974 0.311479 -0.0994081 0.945039 1 
0.125862 0.248201 0.000341415 0.281277 -0.0387538 0.958844 1 
0.125868 0.247986 0.000279546 0.279318 -0.0335182 0.959613 1 
0.12612 0.248336 0.0002174 0.398197 -0.0916812 0.912707 1 
0.126739 0.248703 -3.33413e-005 0.367957 -0.0849131 0.925958 1 
0.126981 0.24803 5.98803e-005 0.372799 -0.0935386 0.923186 1 
0.126867 0.248363 0.000186294 0.37205 -0.0879392 0.924038 1 
0.127135 0.248069 -6.15343e-005 0.372799 -0.0935386 0.923186 1 
0.12802 0.248743 -0.00135829 0.547572 0.130654 0.826496 1 
0.128194 0.248561 -0.00119555 0.501859 -0.0745056 0.861735 1 
0.128239 0.248205 -0.00108822 0.514646 -0.139292 0.846013 1 
0.126682 0.248161 0.000710629 0.390545 -0.0743252 0.917578 1 
0.127076 0.247617 4.84362e-005 0.388766 -0.0686057 0.918779 1 
0.127309 0.247886 0.000101209 0.373533 -0.0849551 0.923718 1 
0.127502 0.248085 -0.000250109 0.436614 -0.120104 0.891596 1 
0.127682 0.248201 -0.000313431 0.471701 -0.085382 0.877615 1 
0.127618 0.247964 -0.000141598 0.456748 -0.0997818 0.883982 1 
0.127798 0.24808 -0.000204898 0.471701 -0.085382 0.877615 1 
0.127812 0.248375 -0.000257999 0.483012 -0.0770019 0.872221 1 
0.128029 0.248138 -0.000387043 0.499538 -0.0953535 0.861028 1 
0.129039 0.248049 -0.001934 0.498112 -0.391026 0.77394 1 
0.125558 0.251452 0.00099083 0.290464 -0.211884 0.933132 1 
0.12551 0.251083 0.000812799 0.294538 -0.165764 0.941153 1 
0.126088 0.251077 0.00055708 0.328775 -0.159532 0.930836 1 
0.125666 0.251333 0.000926301 0.29689 -0.180896 0.937621 1 
0.126031 0.250837 0.00090196 0.333937 -0.129486 0.933659 1 
0.126241 0.250603 0.000599876 0.120859 -0.390361 0.912695 1 
0.126318 0.250623 0.000539184 0.390221 -0.0630254 0.918562 1 
0.12652 0.25103 0.000595763 0.352678 -0.139688 0.92526 1 
0.126804 0.251242 0.000529811 0.312114 -0.176171 0.933568 1 
0.126016 0.251481 0.00108758 0.307428 -0.185013 0.933412 1 
0.126078 0.251507 0.000680849 0.314897 -0.186139 0.930695 1 
0.125825 0.251795 0.00127473 0.286388 -0.210949 0.934603 1 
0.126058 0.252065 0.00132752 0.293798 -0.212266 0.932001 1 
0.126478 0.251597 0.00072334 0.32983 -0.153185 0.931529 1 
0.126634 0.251848 0.000836886 0.324616 -0.221654 0.919507 1 
0.126788 0.251887 0.000715457 0.328897 -0.222616 0.917752 1 
0.127014 0.251008 0.000227734 0.231963 -0.204833 0.950914 1 
0.126967 0.251791 0.000417218 0.249983 -0.266931 0.930729 1 
0.12614 0.249567 0.000469953 0.34202 -0.0952291 0.934855 1 
0.126078 0.248904 0.000344977 0.460443 0.01735 0.88752 1 
0.126336 0.249039 0.000220917 0.447656 -0.0199253 0.893984 1 
0.126068 0.249333 0.000468738 0.337949 -0.0948396 0.936374 1 
0.126583 0.249603 0.000220656 0.360544 -0.107483 0.926529 1 
0.12666 0.249623 0.000159942 0.384344 -0.0998473 0.917775 1 
0.12662 0.249251 0.000154942 0.367123 -0.0820311 0.926548 1 
0.126723 0.249347 0.000152305 0.282368 -0.152668 0.94708 1 
0.127007 0.249559 8.63522e-005 0.306774 -0.136494 0.941944 1 
0.125973 0.249747 0.000480205 0.341164 -0.0949909 0.935192 1 
0.126304 0.250328 0.000592262 0.120149 -0.377019 0.91838 1 
0.126565 0.250036 0.000171408 0.358973 -0.110558 0.926777 1 
0.126514 0.250094 0.000290155 0.340014 -0.115144 0.933345 1 
0.126876 0.250325 0.000163503 0.343903 -0.127422 0.930319 1 
0.126314 0.248747 0.000100978 0.384266 -0.0855433 0.919251 1 
0.126508 0.248645 0.000148796 0.367957 -0.0849131 0.925958 1 
0.126946 0.248896 -3.86089e-005 0.376915 -0.0966099 0.921196 1 
0.126908 0.248434 0.000590429 0.376915 -0.0966099 0.921196 1 
0.126893 0.249079 0.000776075 0.345002 -0.109589 0.932182 1 
0.127604 0.24882 0.00027898 0.398296 -0.0889664 0.912932 1 
0.127182 0.249076 0.000648215 0.376611 -0.0737139 0.923434 1 
0.127245 0.249915 -0.000321887 0.390823 -0.0857904 0.916459 1 
0.127151 0.250028 8.87066e-005 0.386166 -0.117649 0.914896 1 
0.127433 0.248576 -0.000180572 0.438023 -0.0931668 0.894123 1 
0.127606 0.248695 -0.000416927 0.459643 -0.079153 0.88457 1 
0.128223 0.249187 2.82526e-005 0.507785 -0.03148 0.860908 1 
0.128053 0.249455 -0.00059548 0.549263 0.0461213 0.834376 1 
0.128164 0.249548 -0.000425093 0.491704 -0.0424591 0.869727 1 
0.127882 0.249548 -0.000124231 0.494867 -0.0313552 0.868403 1 
0.128154 0.249677 9.77442e-005 0.513619 0.0176175 0.857838 1 
0.128492 0.249405 -0.000383787 0.51424 -0.03154 0.857066 1 
0.126846 0.250675 0.000402227 0.25751 -0.17392 0.950495 1 
0.126976 0.250848 0.000457674 0.25751 -0.17392 0.950495 1 
0.127342 0.24975 0.00123152 0.386877 -0.0943268 0.917294 1 
0.126115 0.252305 0.000982657 0.309448 -0.28305 0.907813 1 
0.125963 0.252478 0.00133895 0.299055 -0.28155 0.911754 1 
0.126216 0.252828 0.0012768 0.307953 -0.316879 0.89708 1 
0.126393 0.252219 0.00114276 0.291753 -0.237672 0.926494 1 
0.126889 0.248354 0.000705384 0.376154 -0.105323 0.920552 1 
0.12734 0.248387 0.000629097 0.380994 -0.0854186 0.920623 1 
0.127352 0.24847 0.000341132 0.383396 -0.0826401 0.919879 1 
0.127624 0.248599 0.000563137 0.383396 -0.0826401 0.919879 1 
0.128344 0.24885 7.48858e-005 0.505976 -0.0540632 0.860852 1 
0.128851 0.249762 0.000185452 0.518834 -0.0121919 0.854788 1 
0.129361 0.248457 -0.000899948 0.40405 0.158479 0.900904 1 
0.129491 0.248631 -0.000844516 0.396518 0.139699 0.907335 1 
0.126513 0.241735 -0.00188316 0.0263691 -0.587059 0.809115 1 
0.128864 0.242175 -0.00353511 0.893464 -0.418676 0.162579 1 
0.129705 0.24209 -0.00397675 0.480146 -0.861914 -0.162985 1 
0.124451 0.243559 -0.000954069 0.311253 0.204216 0.928126 1 
0.124718 0.242752 -0.00103766 0.476858 0.252995 0.841784 1 
0.124336 0.243379 -0.000663429 0.311253 0.204216 0.928126 1 
0.124567 0.243437 -0.000845559 0.404847 0.257357 0.87742 1 
0.124852 0.243348 -0.000512399 0.213095 0.072674 0.974325 1 
0.124968 0.243227 -0.000403933 0.293213 0.041528 0.955145 1 
0.124856 0.243435 -0.000973433 0.293213 0.041528 0.955145 1 
0.125261 0.24331 -0.000992768 0.00883515 -0.347095 0.937788 1 
0.125083 0.243406 -0.000694528 0.00883515 -0.347095 0.937788 1 
0.125199 0.243285 -0.000586018 0.00883515 -0.347095 0.937788 1 
0.12543 0.243343 -0.00076814 -0.116859 -0.509272 0.852635 1 
0.125021 0.241929 -0.000256166 0.293213 0.041528 0.955145 1 
0.12547 0.242564 -0.00113065 -0.0950256 -0.409023 0.907563 1 
0.125567 0.242362 -0.00090716 -0.133216 -0.454081 0.880945 1 
0.125625 0.242301 -0.000852935 -0.130789 -0.40643 0.904272 1 
0.12536 0.24332 -0.000534415 -0.207139 -0.276649 0.938381 1 
0.125373 0.243103 -0.000423267 -0.168917 0.741102 0.649796 1 
0.125604 0.243161 -0.000605367 -0.115778 0.813378 0.570098 1 
0.125667 0.243186 -0.00101212 -0.115778 0.813378 0.570098 1 
0.12592 0.243235 -0.000675149 -0.230728 0.882719 0.409355 1 
0.125725 0.242824 -0.000558779 -0.142437 0.841408 0.521291 1 
0.125956 0.242882 -0.000740893 -0.132806 0.771471 0.62225 1 
0.125257 0.241772 -0.000500157 0.293213 0.041528 0.955145 1 
0.125356 0.242083 -0.000440925 0.10931 -0.104608 0.988488 1 
0.125799 0.242119 -0.000690162 -0.14167 -0.788879 0.597997 1 
0.126088 0.242116 -0.000818036 -0.0982 -0.634636 0.766547 1 
0.125589 0.242353 -0.000388116 -0.115778 0.813378 0.570098 1 
0.12584 0.243305 -0.00124849 -0.0875971 0.822839 0.561483 1 
0.126664 0.2422 -0.00170778 -0.00967742 -0.634562 0.772811 1 
0.126012 0.242911 -0.00132066 -0.0266887 -0.754306 0.65598 1 
0.125898 0.243244 -0.00119423 -0.0554531 -0.604296 0.794828 1 
0.126072 0.243062 -0.00103148 -0.0706616 -0.656144 0.75132 1 
0.12639 0.24271 -0.00139808 -0.0266057 -0.628734 0.777165 1 
0.126265 0.24296 -0.00098373 -0.0382443 -0.746472 0.664317 1 
0.126246 0.24288 -0.000868738 -0.0529591 -0.67988 0.731408 1 
0.126439 0.242777 -0.000820965 -0.038307 -0.699458 0.713646 1 
0.126291 0.241886 -0.00129313 -0.0293515 -0.616382 0.7869 1 
0.126485 0.242296 -0.00140955 -0.0587596 -0.672152 0.738078 1 
0.126362 0.242758 -0.000760257 -0.0706981 -0.662254 0.745937 1 
0.128011 0.242177 -0.00280546 0.0923771 -0.684763 0.722887 1 
0.127236 0.243084 -3.99947e-005 0.0324811 -0.676454 0.735768 1 
0.1276 0.243527 6.82622e-005 0.0677927 -0.690909 0.719757 1 
0.128448 0.243403 -0.00153034 0.286092 -0.63132 0.720824 1 
0.128874 0.24357 -0.00142976 0.520959 -0.601885 0.605257 1 
0.129013 0.243952 -0.000966378 0.573737 -0.509801 0.641037 1 
0.129118 0.245003 -0.00395729 0.771419 0.194772 -0.605786 1 
0.129727 0.248775 -0.00148764 0.330858 0.203059 0.921575 1 
0.129842 0.248955 -0.00177824 0.289441 0.389457 0.874384 1 
0.129759 0.248637 -0.00149144 0.342838 0.0893779 0.935133 1 
0.130251 0.244686 -0.00146782 0.675688 -0.452127 0.58226 1 
0.130151 0.245013 -0.00099539 0.678512 -0.448451 0.581819 1 
0.13079 0.244821 -0.00189276 0.725522 -0.49973 0.473167 1 
0.130334 0.24534 -0.000823788 0.696178 -0.408446 0.590346 1 
0.131095 0.245325 -0.0018388 0.744881 -0.23993 0.622564 1 
0.131312 0.245389 -0.00236697 0.788918 -0.224741 0.571927 1 
0.131641 0.245759 -0.00248984 0.813044 -0.1832 0.552628 1 
0.131673 0.245621 -0.00249364 0.806724 -0.186868 0.560604 1 
0.131789 0.245499 -0.00238515 0.800883 -0.183884 0.569888 1 
0.131276 0.245441 -0.00190216 0.774191 -0.245552 0.58338 1 
0.131738 0.245858 -0.00266548 0.814997 -0.157018 0.557787 1 
0.131679 0.246557 -0.00218802 0.827115 -0.166021 0.536952 1 
0.132031 0.246279 -0.00232353 0.824833 -0.166164 0.540408 1 
0.132031 0.246279 -0.00232353 0.824833 -0.166164 0.540408 1 
0.131926 0.245669 -0.00215668 0.800883 -0.183884 0.569888 1 
0.131931 0.245756 -0.00261769 0.806839 -0.131759 0.575891 1 
0.132126 0.245865 -0.00233498 0.813028 -0.147148 0.563323 1 
0.132126 0.245865 -0.00233498 0.813028 -0.147148 0.563323 1 
0.132359 0.246135 -0.0022822 0.828828 -0.133967 0.543228 1 
0.130803 0.246091 -0.000483312 0.745004 -0.229593 0.626303 1 
0.131029 0.246364 -0.000603557 0.755722 -0.202453 0.622814 1 
0.13126 0.246422 -0.000785679 0.747127 -0.165859 0.643655 1 
0.132183 0.247257 -0.00231234 0.885697 -0.0792539 0.457448 1 
0.131764 0.247423 -0.00130915 0.95704 -0.121757 0.263153 1 
0.131705 0.247785 -0.00176246 0.832401 -0.0262282 0.553553 1 
0.132073 0.248314 -0.00211523 0.641016 -0.0469036 0.766093 1 
0.131692 0.24749 -0.00170941 0.880912 -0.0311229 0.472255 1 
0.131827 0.247449 -0.00171587 0.709868 -0.00138376 0.704333 1 
0.131973 0.24749 -0.00201031 0.722208 -0.0210352 0.691356 1 
0.131207 0.246569 -0.0013009 0.677265 0.00973482 0.735674 1 
0.131392 0.24647 -0.00142616 0.770696 -0.123252 0.625169 1 
0.13222 0.246904 -0.00237808 0.842365 -0.120753 0.525205 1 
0.131818 0.246939 -0.00172466 0.881599 -0.10015 0.461252 1 
0.132015 0.246923 -0.00213788 0.849341 -0.126312 0.512508 1 
0.132111 0.246209 -0.00175021 0.817877 -0.166577 0.550754 1 
0.131435 0.247054 -0.00118622 0.511631 0.0686847 0.856456 1 
0.131769 0.247208 -0.001371 0.952481 -0.145203 0.26776 1 
0.131561 0.247654 -0.000834011 0.808283 -0.00960608 0.588716 1 
0.132675 0.245535 -0.00421363 0.882899 0.158023 0.442174 1 
0.132964 0.245533 -0.00434148 0.881094 0.173881 0.439816 1 
0.132708 0.245096 -0.00381834 0.855946 0.0806428 0.510738 1 
0.133205 0.245462 -0.00504648 0.873164 0.358104 0.330675 1 
0.133053 0.245635 -0.00469018 0.877954 0.208755 0.430834 1 
0.133357 0.245289 -0.00540282 0.862776 0.315275 0.395247 1 
0.133169 0.245514 -0.00458166 0.872173 0.228889 0.432347 1 
0.132947 0.246779 -0.00495407 0.523617 0.641473 -0.560658 1 
0.132784 0.248357 -0.00301147 0.782081 -0.0979429 0.615432 1 
0.132887 0.248454 -0.0030141 0.79472 -0.0915308 0.600035 1 
0.13258 0.24625 -0.00460127 0.713471 0.692791 -0.104879 1 
0.132928 0.245885 -0.00427576 0.887422 0.154397 0.434332 1 
0.13266 0.24618 -0.00402798 0.788154 -0.132101 0.601134 1 
0.132762 0.246914 -0.00349892 0.826157 -0.0966013 0.555097 1 
0.13264 0.246738 -0.0033813 0.829699 -0.078543 0.552657 1 
0.132813 0.246857 -0.00361767 0.81355 -0.100062 0.572821 1 
0.132563 0.245266 -0.00328898 0.845279 0.0204833 0.533932 1 
0.132677 0.245747 -0.0039787 0.87749 0.127401 0.462364 1 
0.132588 0.246283 -0.00309832 0.855541 -0.00946095 0.517649 1 
0.132416 0.246375 -0.00262707 0.856456 -0.0686847 0.511631 1 
0.132315 0.246491 -0.00238952 0.856862 -0.119932 0.501402 1 
0.132357 0.245923 -0.00251711 0.820622 -0.103122 0.56209 1 
0.132511 0.245962 -0.00263851 0.843323 -0.0401582 0.535905 1 
0.132677 0.246084 -0.00304789 0.856281 0.00674237 0.516466 1 
0.13321 0.2467 -0.00513998 0.277787 0.595257 -0.753992 1 
0.132494 0.247209 -0.00325108 0.853702 -0.113731 0.50819 1 
0.13219 0.247555 -0.00253845 0.70274 -0.110959 0.70274 1 
0.132568 0.247655 -0.00301497 0.889351 -0.0673543 0.452236 1 
0.132285 0.247141 -0.00254992 0.855807 -0.0894126 0.50951 1 
0.132824 0.247578 -0.00337397 0.894906 -0.0901843 0.437047 1 
0.132747 0.247559 -0.00331324 0.894906 -0.0901843 0.437047 1 
0.132442 0.247905 -0.0026006 0.744266 -0.0830199 0.662703 1 
0.132322 0.246789 -0.00261561 0.84969 -0.107829 0.51614 1 
0.129685 0.249343 -0.00136007 0.12993 0.643674 0.754189 1 
0.127927 0.240708 -0.00288618 0.0241443 -0.985318 0.16901 1 
0.127797 0.240872 -0.00201079 0.0181855 -0.734414 0.678458 1 
0.127992 0.240981 -0.00172807 0.0382075 -0.731603 0.68066 1 
0.128415 0.241239 -0.0022615 0.145089 -0.782287 0.605786 1 
0.1283 0.241059 -0.0019709 0.154421 -0.793095 0.589199 1 
0.128269 0.240896 -0.00156797 0.0237834 -0.770863 0.636557 1 
0.127965 0.242393 -0.000487842 0.0736015 -0.645096 0.760549 1 
0.128518 0.241973 -0.00173246 0.210183 -0.683483 0.699052 1 
0.128494 0.24147 -0.00208733 0.223773 -0.718266 0.658802 1 
0.128497 0.241681 -0.00185239 0.230898 -0.692695 0.683271 1 
0.128974 0.241791 -0.00187059 0.471692 -0.652983 0.592553 1 
0.128327 0.242287 -0.00154534 0.10465 -0.68833 0.717809 1 
0.12854 0.241964 -0.00121339 0.182621 -0.701327 0.68905 1 
0.128501 0.242105 -0.0013826 0.169256 -0.687696 0.705994 1 
0.128503 0.242316 -0.00114768 0.196531 -0.685536 0.701011 1 
0.128696 0.242214 -0.00109991 0.269504 -0.677746 0.684125 1 
0.128902 0.241557 -0.00187177 0.431086 -0.664105 0.610843 1 
0.129068 0.241378 -0.00188204 0.544006 -0.641692 0.540638 1 
0.129186 0.241769 -0.00193774 0.647006 -0.576423 0.499119 1 
0.12936 0.241587 -0.00177498 0.751378 -0.518926 0.407611 1 
0.128714 0.241781 -0.00105063 0.227432 -0.691706 0.685432 1 
0.12918 0.242321 -0.000945032 0.527943 -0.592039 0.608906 1 
0.127987 0.242684 -0.000367895 0.0858615 -0.635957 0.766933 1 
0.128047 0.242835 -7.87303e-005 0.0978442 -0.608971 0.787135 1 
0.127699 0.243537 0.000526592 0.0739541 -0.729391 0.680088 1 
0.127725 0.243614 0.000584655 0.076932 -0.741741 0.66626 1 
0.127971 0.243329 -0.000182264 0.142787 -0.638784 0.75602 1 
0.128284 0.24383 4.47705e-005 0.351418 -0.655436 0.668512 1 
0.128179 0.24322 0.000211619 0.25131 -0.678062 0.690706 1 
0.128473 0.243003 2.18451e-005 0.250809 -0.616769 0.746117 1 
0.128603 0.243176 7.72923e-005 0.416347 -0.582222 0.698335 1 
0.128593 0.243606 0.000201054 0.520427 -0.570954 0.634955 1 
0.128458 0.243346 0.000606611 0.467204 -0.597821 0.651407 1 
0.128487 0.242961 -0.000962026 0.256981 -0.606978 0.752023 1 
0.128698 0.242426 -0.000864975 0.276198 -0.640203 0.716836 1 
0.128854 0.242676 -0.000751488 0.384138 -0.605058 0.697383 1 
0.129165 0.242965 -0.0007594 0.55125 -0.544507 0.632167 1 
0.128409 0.24358 -0.000369601 0.293401 -0.614057 0.7327 1 
0.12864 0.243638 -0.000551738 0.433814 -0.56346 0.703078 1 
0.128718 0.243657 -0.00061243 0.433814 -0.56346 0.703078 1 
0.128954 0.2435 -0.000856444 0.544507 -0.55125 0.632167 1 
0.128725 0.243654 -0.00043942 0.454594 -0.557835 0.69438 1 
0.128689 0.243705 2.53916e-005 0.523879 -0.567676 0.635056 1 
0.128956 0.243712 -0.000621535 0.563202 -0.509403 0.650624 1 
0.128784 0.243292 1.39549e-005 0.498938 -0.549336 0.670291 1 
0.128978 0.243703 -0.000102445 0.5505 -0.530298 0.644775 1 
0.129183 0.243684 -0.000342645 0.561409 -0.517576 0.645705 1 
0.129127 0.243619 -0.0010928 0.565103 -0.541486 0.622456 1 
0.129534 0.243707 -0.000877254 0.573737 -0.509801 0.641037 1 
0.129517 0.244139 -0.000926517 0.599359 -0.514942 0.612865 1 
0.129361 0.243588 -0.000640884 0.557354 -0.510206 0.655017 1 
0.129749 0.243896 -0.000709519 0.580191 -0.502832 0.640733 1 
0.129786 0.243544 -0.000775188 0.581442 -0.503916 0.638744 1 
0.129119 0.242808 -0.000702508 0.544507 -0.55125 0.632167 1 
0.129387 0.242514 -0.000950314 0.55903 -0.569163 0.602942 1 
0.130404 0.24391 -0.00102596 0.650926 -0.489456 0.580283 1 
0.130944 0.244046 -0.00145089 0.6878 -0.476941 0.547228 1 
0.131118 0.243863 -0.00128812 0.683321 -0.472811 0.556347 1 
0.131554 0.243565 -0.00264125 0.753273 -0.316407 0.576599 1 
0.127932 0.243807 0.000579409 0.293691 -0.694908 0.656391 1 
0.128106 0.243624 0.000742152 0.33682 -0.645978 0.685029 1 
0.128151 0.243782 0.000685275 0.402997 -0.668345 0.625226 1 
0.128211 0.244234 0.000575267 0.559298 -0.542401 0.626887 1 
0.128269 0.244173 0.000629537 0.559298 -0.542401 0.626887 1 
0.128442 0.244292 0.00039316 0.561269 -0.534301 0.63206 1 
0.128364 0.24376 0.0006181 0.470754 -0.594725 0.651685 1 
0.128648 0.243972 0.00055211 0.554036 -0.53046 0.641604 1 
0.128982 0.244126 0.000367358 0.561269 -0.534301 0.63206 1 
0.129746 0.244323 -0.000412717 0.593215 -0.492386 0.636908 1 
0.129982 0.244166 -0.000656709 0.604488 -0.506827 0.61459 1 
0.130061 0.244397 -0.000482507 0.617985 -0.463907 0.634732 1 
0.130156 0.243984 -0.000493959 0.608906 -0.504329 0.612279 1 
0.129955 0.24439 -0.00111392 0.64872 -0.474387 0.595079 1 
0.130444 0.244583 -0.00142004 0.686977 -0.4864 0.539887 1 
0.129906 0.24466 -0.000760227 0.647028 -0.478969 0.593249 1 
0.129986 0.244891 -0.000586018 0.655017 -0.510206 0.557354 1 
0.129964 0.244599 -0.000705957 0.635653 -0.474643 0.608818 1 
0.130059 0.244185 -0.000717394 0.606906 -0.492586 0.623718 1 
0.130447 0.244494 -0.000786029 0.664699 -0.473828 0.577635 1 
0.130217 0.244647 -0.00036902 0.626373 -0.46852 0.623014 1 
0.130254 0.244295 -0.000434712 0.624964 -0.454062 0.635017 1 
0.130488 0.244565 -0.000381932 0.652652 -0.484875 0.582186 1 
0.130524 0.244513 -0.000846714 0.673127 -0.491836 0.552266 1 
0.130794 0.24443 -0.000859641 0.682909 -0.465848 0.562691 1 
0.130908 0.244911 -0.00154938 0.715181 -0.368228 0.594075 1 
0.130808 0.244725 -0.000912726 0.689888 -0.423907 0.58682 1 
0.130468 0.244786 -0.000666074 0.669402 -0.452389 0.589274 1 
0.130829 0.245017 -0.000792772 0.6905 -0.402378 0.601083 1 
0.130662 0.245196 -0.000782467 0.690301 -0.387161 0.611221 1 
0.130603 0.244744 -0.000672534 0.68308 -0.430457 0.590008 1 
0.130734 0.24543 -0.000781298 0.710201 -0.321936 0.626077 1 
0.130992 0.245566 -0.000905365 0.723947 -0.24447 0.645086 1 
0.131139 0.245306 -0.000800662 0.717825 -0.286171 0.634692 1 
0.131157 0.244873 -0.000751428 0.705581 -0.365068 0.607356 1 
0.131492 0.245028 -0.000936173 0.739648 -0.272 0.615578 1 
0.131455 0.245381 -0.000870466 0.743609 -0.230128 0.627763 1 
0.132062 0.24499 -0.00269484 0.79597 -0.125524 0.592178 1 
0.131681 0.245316 -0.00192151 0.780256 -0.221822 0.584804 1 
0.1321 0.245487 -0.00199394 0.797305 -0.193609 0.571682 1 
0.132531 0.245741 -0.00235435 0.807722 -0.0971587 0.581502 1 
0.132379 0.245914 -0.00199804 0.820252 -0.162855 0.548329 1 
0.131381 0.246086 -0.000739045 0.753737 -0.195756 0.627344 1 
0.132689 0.246203 -0.00200596 0.836036 -0.114864 0.536517 1 
0.132735 0.244872 -0.00336114 0.838365 0.0403194 0.543616 1 
0.132802 0.244683 -0.00382978 0.856669 0.154289 0.492254 1 
0.132373 0.245279 -0.00270278 0.814985 -0.0940924 0.571792 1 
0.132604 0.245337 -0.00288488 0.83661 -0.0261871 0.547173 1 
0.120248 0.245183 -0.00791388 0.442428 -0.117321 0.889097 1 
0.120228 0.245404 -0.00819803 0.442428 -0.117321 0.889097 1 
0.120249 0.245696 -0.00807807 0.41752 -0.101259 0.903008 1 
0.120481 0.245453 -0.00786108 0.458199 -0.0910794 0.884171 1 
0.120618 0.245924 -0.00803172 0.41752 -0.101259 0.903008 1 
0.1207 0.245729 -0.00815433 0.353444 -0.142764 0.924498 1 
0.120816 0.245607 -0.00804583 0.416028 -0.107138 0.903018 1 
0.121254 0.245858 -0.00823319 0.274452 -0.232229 0.933138 1 
0.121273 0.243299 -0.010014 0.652432 -0.481357 0.585344 1 
0.12214 0.243291 -0.0103976 0.552306 -0.592842 0.586086 1 
0.122467 0.242634 -0.010192 0.529358 -0.715214 0.456343 1 
0.120833 0.242872 -0.00873156 0.75823 -0.0295414 0.651318 1 
0.121007 0.24269 -0.00856882 0.724142 -0.508722 0.465638 1 
0.120991 0.243334 -0.00838315 0.160224 -0.431593 0.887725 1 
0.120931 0.243183 -0.0086723 0.52741 -0.239732 0.815088 1 
0.121105 0.243001 -0.00850955 0.577904 -0.21421 0.78749 1 
0.121069 0.243354 -0.00844387 0.160224 -0.431593 0.887725 1 
0.121344 0.243056 -0.00851866 0.577904 -0.21421 0.78749 1 
0.12157 0.243329 -0.00863889 0.488035 -0.250945 0.835971 1 
0.121268 0.24355 -0.00862216 0.48535 -0.2267 0.844418 1 
0.122073 0.24348 -0.00992893 0.542364 -0.475611 0.692557 1 
0.121783 0.24382 -0.00887024 0.479105 -0.229666 0.847179 1 
0.122057 0.244461 -0.00881246 0.404134 -0.32981 0.853171 1 
0.122304 0.243875 -0.00918023 0.436341 -0.3697 0.820322 1 
0.122231 0.243942 -0.00958052 0.469104 -0.391726 0.791512 1 
0.12323 0.24462 -0.0100729 0.417248 -0.606755 0.676574 1 
0.123261 0.243331 -0.0104442 0.482412 -0.650499 0.586626 1 
0.12358 0.244467 -0.00951248 0.366521 -0.632783 0.682091 1 
0.123942 0.244061 -0.0101709 0.372492 -0.589096 0.717088 1 
0.123754 0.244285 -0.00934973 0.362713 -0.625311 0.69096 1 
0.120616 0.245411 -0.00786752 0.416028 -0.107138 0.903018 1 
0.121195 0.245406 -0.00812326 0.320091 -0.183109 0.929523 1 
0.121312 0.245797 -0.00817895 0.274452 -0.232229 0.933138 1 
0.121453 0.245541 -0.00824729 0.279629 -0.19147 0.940822 1 
0.12158 0.245503 -0.00842677 0.350642 -0.250878 0.902281 1 
0.122164 0.245282 -0.00874437 0.348753 -0.385953 0.854056 1 
0.123684 0.244564 -0.00951509 0.362713 -0.625311 0.69096 1 
0.124051 0.245093 -0.00986788 0.393944 -0.700528 0.595037 1 
0.124083 0.244955 -0.00987171 0.393944 -0.700528 0.595037 1 
0.124509 0.245123 -0.0097711 0.407991 -0.718527 0.563259 1 
0.123532 0.245888 -0.00879131 0.251723 -0.660178 0.707673 1 
0.12388 0.245523 -0.00846581 0.244125 -0.656776 0.713476 1 
0.124414 0.245536 -0.00975969 0.465122 -0.705185 0.535141 1 
0.125077 0.245547 -0.00990307 0.53845 -0.592464 0.599215 1 
0.124974 0.245451 -0.00990046 0.514379 -0.639179 0.57172 1 
0.124862 0.245996 -0.00953911 0.521863 -0.669528 0.528575 1 
0.123905 0.245901 -0.00880682 0.319263 -0.701729 0.636904 1 
0.124269 0.246043 -0.0082995 0.275588 -0.737558 0.61649 1 
0.124421 0.24587 -0.00865583 0.321341 -0.741184 0.589395 1 
0.123858 0.244381 -0.00935236 0.384104 -0.64457 0.661055 1 
0.125172 0.245134 -0.00991452 0.499333 -0.583396 0.640559 1 
0.125309 0.245304 -0.00968607 0.503271 -0.604262 0.617727 1 
0.125611 0.245083 -0.0097028 0.510519 -0.564435 0.648679 1 
0.125999 0.245091 -0.00937231 0.530015 -0.52665 0.664623 1 
0.124848 0.246038 -0.00855523 0.358909 -0.758418 0.544047 1 
0.12526 0.246212 -0.00880069 0.534489 -0.649143 0.541234 1 
0.125137 0.246035 -0.00868308 0.496968 -0.694416 0.520394 1 
0.125069 0.246224 -0.00821447 0.339056 -0.728402 0.595375 1 
0.125237 0.246558 -0.00838894 0.351705 -0.791738 0.499454 1 
0.125645 0.246645 -0.00817338 0.370947 -0.775911 0.510255 1 
0.1259 0.246569 -0.00853236 0.615174 -0.457609 0.641993 1 
0.127214 0.254249 -0.00243874 0.278212 -0.255384 0.925947 1 
0.127652 0.2545 -0.00262612 0.259208 -0.282122 0.923698 1 
0.128355 0.25258 -0.00349954 0.422425 -0.092795 0.901635 1 
0.1273 0.253326 -0.00245901 0.27171 -0.277461 0.921515 1 
0.127474 0.253143 -0.00229625 0.182207 -0.275365 0.943914 1 
0.12773 0.253067 -0.00265522 0.343903 -0.127422 0.930319 1 
0.127747 0.254086 -0.00263757 0.255856 -0.281584 0.924796 1 
0.12785 0.254183 -0.00264021 0.255856 -0.281584 0.924796 1 
0.127966 0.254061 -0.00253172 0.275606 -0.281378 0.919167 1 
0.128152 0.252811 -0.00302444 0.343146 -0.124408 0.931007 1 
0.127769 0.252926 -0.00248604 0.319751 -0.137425 0.937483 1 
0.128302 0.253577 -0.00324818 0.212457 -0.223282 0.951319 1 
0.128897 0.253741 -0.00425289 0.148138 -0.339195 0.928979 1 
0.128246 0.25385 -0.00306752 0.297731 -0.2379 0.924532 1 
0.128429 0.254177 -0.00289596 0.309448 -0.28305 0.907813 1 
0.128144 0.252814 -0.00319748 0.324977 -0.129175 0.936858 1 
0.128576 0.252767 -0.00315876 0.413723 -0.107262 0.904062 1 
0.12873 0.252805 -0.00328016 0.525181 -0.0839721 0.846837 1 
0.128746 0.253312 -0.00309835 0.367907 -0.131891 0.920461 1 
0.129696 0.253109 -0.00360452 0.627565 -0.129687 0.767687 1 
0.129672 0.253243 -0.00342767 0.5331 -0.124147 0.836894 1 
0.129025 0.253739 -0.00310245 0.13978 -0.272903 0.951833 1 
0.129173 0.25348 -0.00299775 0.258117 -0.211187 0.942749 1 
0.129659 0.253461 -0.00353882 0.21874 -0.224174 0.949684 1 
0.129635 0.253596 -0.00336199 0.135418 -0.288266 0.947926 1 
0.129234 0.254143 -0.00287279 0.273193 -0.228361 0.934461 1 
0.129425 0.25383 -0.00305989 0.11598 -0.305282 0.945173 1 
0.127383 0.255095 -0.00277744 0.254437 -0.271495 0.928199 1 
0.127584 0.25499 -0.00255661 0.256325 -0.284965 0.92363 1 
0.127714 0.255163 -0.0025012 0.25158 -0.274322 0.928146 1 
0.127524 0.254538 -0.00244664 0.265198 -0.305774 0.914425 1 
0.127731 0.254731 -0.00245194 0.254912 -0.274849 0.92708 1 
0.127309 0.254986 -0.00208271 0.235894 -0.190063 0.953011 1 
0.127662 0.254708 -0.00221822 0.265942 -0.283192 0.921454 1 
0.127683 0.255 -0.00209825 0.238767 -0.233247 0.942648 1 
0.127835 0.254827 -0.00245458 0.254912 -0.274849 0.92708 1 
0.127893 0.254766 -0.00240032 0.254912 -0.274849 0.92708 1 
0.127062 0.255573 -0.00171493 0.218632 -0.0446927 0.974783 1 
0.127388 0.255217 -0.00190852 0.210004 -0.140432 0.967563 1 
0.127569 0.255333 -0.00197184 0.222652 -0.167318 0.960433 1 
0.127736 0.255154 -0.00198211 0.222961 -0.206746 0.952651 1 
0.12776 0.255833 -0.00272224 0.194151 -0.173302 0.965542 1 
0.12804 0.254808 -0.00269475 0.259208 -0.282122 0.923698 1 
0.128483 0.254844 -0.00294403 0.312667 -0.286244 0.905706 1 
0.128839 0.25529 -0.00300883 0.312077 -0.262726 0.913008 1 
0.127934 0.255651 -0.0025595 0.224738 -0.197823 0.954127 1 
0.128467 0.255488 -0.00275838 0.249514 -0.263611 0.9318 1 
0.12793 0.254414 -0.00246602 0.255856 -0.281584 0.924796 1 
0.128137 0.254606 -0.0024713 0.255856 -0.281584 0.924796 1 
0.128161 0.254472 -0.00264812 0.255856 -0.281584 0.924796 1 
0.128392 0.25453 -0.00283024 0.312667 -0.286244 0.905706 1 
0.128736 0.254893 -0.00260708 0.307492 -0.275431 0.910816 1 
0.129024 0.254377 -0.00257073 0.309448 -0.28305 0.907813 1 
0.128799 0.254617 -0.00261469 0.312667 -0.286244 0.905706 1 
0.129061 0.254839 -0.00319976 0.312667 -0.286244 0.905706 1 
0.129334 0.254968 -0.00297774 0.292151 -0.306832 0.905815 1 
0.129434 0.254339 -0.00305106 0.279225 -0.245208 0.928389 1 
0.12932 0.254673 -0.00292468 0.299604 -0.284989 0.910504 1 
0.128989 0.255243 -0.00266923 0.263482 -0.26633 0.927171 1 
0.129105 0.255121 -0.00256073 0.312077 -0.262726 0.913008 1 
0.129182 0.25514 -0.00262145 0.318017 -0.254124 0.913393 1 
0.129645 0.254955 -0.00258654 0.238316 -0.352356 0.905014 1 
0.129051 0.254153 -0.00211355 0.259684 -0.285509 0.922523 1 
0.129335 0.254365 -0.00217952 0.312667 -0.286244 0.905706 1 
0.12891 0.253896 -0.001881 0.255724 -0.304846 0.917428 1 
0.129146 0.25374 -0.00212499 0.273193 -0.228361 0.934461 1 
0.129619 0.25424 -0.00317633 -0.0256152 -0.478601 0.877659 1 
0.129315 0.254586 -0.00246368 0.312667 -0.286244 0.905706 1 
0.129392 0.254606 -0.0025244 0.312667 -0.286244 0.905706 1 
0.129952 0.25452 -0.00266515 0.182077 -0.418048 0.889991 1 
0.129915 0.254873 -0.00259947 0.223624 -0.369784 0.901805 1 
0.129899 0.253692 -0.00464293 0.326524 -0.245256 0.912815 1 
0.129822 0.252858 -0.00401891 0.644357 -0.149394 0.74999 1 
0.129538 0.253797 -0.00358544 0.0541554 -0.373804 0.925925 1 
0.129639 0.25432 -0.00329128 -0.00665547 -0.4752 0.879853 1 
0.129781 0.255427 -0.00275721 0.2073 -0.407249 0.88948 1 
0.129955 0.255245 -0.00259449 0.197046 -0.407229 0.891817 1 
0.128589 0.251097 -0.003016 -0.448064 -0.250612 -0.858156 1 
0.128582 0.250799 -0.00278992 -0.326588 -0.400883 -0.85594 1 
0.128676 0.250686 -0.00320049 -0.237076 -0.317538 -0.918131 1 
0.128897 0.251174 -0.00325884 -0.23889 -0.00831956 -0.971011 1 
0.129557 0.251611 -0.00310546 -0.282052 -0.302512 -0.910458 1 
0.129877 0.251772 -0.00363625 0.834376 -0.0461213 -0.549263 1 
0.129841 0.251823 -0.00317141 0.14471 -0.16736 -0.975218 1 
0.130072 0.251882 -0.00335354 0.294665 -0.135896 -0.945888 1 
0.128992 0.250761 -0.00327028 -0.0319811 -0.338999 -0.940243 1 
0.129355 0.251204 -0.00316203 -0.283948 -0.396313 -0.873103 1 
0.12956 0.252637 -0.00343385 0.686559 -0.107782 0.719041 1 
0.129859 0.252205 -0.0036855 0.806174 -0.112659 0.580855 1 
0.129981 0.251868 -0.0036389 0.923858 -0.019436 -0.382241 1 
0.11679 0.249395 -0.0313882 0.563259 -0.718527 -0.407991 0 
0.113422 0.253271 -0.0446424 -0.68947 -0.723448 0.0353938 0 
0.113568 0.253313 -0.0449369 -0.68947 -0.723448 0.0353938 0 
0.1159 0.250187 -0.0411616 0.760654 0.505467 -0.407318 0 
0.113537 0.253487 -0.0436031 -0.651004 -0.751386 0.107763 0 
0.113738 0.253381 -0.0433823 -0.929535 -0.156539 0.333857 0 
0.113617 0.253417 -0.0430298 -0.938755 -0.0807674 0.334986 0 
0.113689 0.253314 -0.0439594 -0.651004 -0.751386 0.107763 0 
0.114044 0.253247 -0.04386 -0.651004 -0.751386 0.107763 0 
0.11368 0.253141 -0.0430374 -0.930581 -0.0245229 0.365263 0 
0.113912 0.252898 -0.0428204 -0.913864 0.00128895 0.406019 0 
0.114059 0.25294 -0.0431149 -0.928856 0.0115306 0.370261 0 
0.114218 0.253065 -0.0436973 -0.932288 -0.229205 0.279827 0 
0.114219 0.252764 -0.0432982 -0.923367 -0.0167885 0.383552 0 
0.113967 0.253264 -0.0424694 -0.803053 -0.580395 0.135079 0 
0.114009 0.251581 -0.0416345 0.867137 -0.0626343 -0.494115 0 
0.114028 0.252776 -0.0427119 -0.803053 -0.580395 0.135079 0 
0.114409 0.252787 -0.0425545 -0.20203 -0.925382 -0.320705 0 
0.114088 0.252927 -0.0424228 -0.199474 -0.923804 -0.326797 0 
0.114315 0.252899 -0.0421439 0.712264 -0.436656 -0.549556 0 
0.114516 0.252794 -0.0419231 0.708428 -0.426384 -0.562429 0 
0.1148 0.253006 -0.0419891 0.694134 -0.451104 -0.560967 0 
0.114769 0.252842 -0.0415861 0.741115 -0.345421 -0.575702 0 
0.114959 0.252865 -0.0408424 -0.279809 -0.887308 -0.366594 0 
0.114978 0.253247 -0.0413565 0.685256 -0.45517 -0.568546 0 
0.115075 0.253045 -0.041133 0.75092 -0.327821 -0.573283 0 
0.115605 0.251114 -0.0377803 0.802576 0.52615 -0.281137 0 
0.114264 0.251027 -0.0404994 0.876549 0.068068 -0.476476 0 
0.114548 0.251239 -0.0405653 0.884227 0.0969979 -0.456874 0 
0.114183 0.251399 -0.0414718 0.89772 0.101918 -0.428616 0 
0.114179 0.251312 -0.0410108 0.905304 0.130938 -0.404078 0 
0.114591 0.251486 -0.0412562 0.905536 0.216573 -0.364831 0 
0.114837 0.251538 -0.0410923 0.906025 0.188695 -0.378831 0 
0.115233 0.252055 -0.040753 0.891819 0.150791 -0.426522 0 
0.114722 0.251057 -0.0404026 0.893207 0.135334 -0.428796 0 
0.11478 0.250996 -0.0403483 0.888481 0.166681 -0.427573 0 
0.115132 0.250718 -0.0404838 0.868249 0.233238 -0.437886 0 
0.114627 0.25147 -0.0403911 0.89012 0.123509 -0.438671 0 
0.114751 0.251346 -0.0401096 0.90745 0.197648 -0.37077 0 
0.114975 0.251106 -0.0400656 0.892331 0.269636 -0.361997 0 
0.114823 0.251279 -0.0397093 0.883796 0.277593 -0.376626 0 
0.114646 0.251515 -0.041836 0.851775 -0.042935 -0.522145 0 
0.115268 0.251491 -0.0410536 0.886372 0.126625 -0.44532 0 
0.115805 0.251751 -0.0407826 0.893207 0.135334 -0.428796 0 
0.115929 0.251627 -0.0405011 0.881772 0.176939 -0.43723 0 
0.115402 0.252087 -0.0405283 0.89812 0.156132 -0.411101 0 
0.115255 0.252046 -0.0402339 0.903217 0.210896 -0.373795 0 
0.115576 0.251905 -0.0403656 0.884451 0.142375 -0.444383 0 
0.115156 0.252373 -0.0397615 0.905961 0.197953 -0.374233 0 
0.115829 0.251954 -0.0400287 0.890909 0.254333 -0.376294 0 
0.115328 0.251979 -0.0398336 0.896566 0.227443 -0.38005 0 
0.115735 0.252066 -0.0396181 0.885272 0.284069 -0.368237 0 
0.115249 0.252863 -0.0409703 0.898631 0.0754576 -0.432166 0 
0.11537 0.252526 -0.0409237 0.903464 0.179544 -0.389251 0 
0.115595 0.252286 -0.0408797 0.89349 0.150588 -0.423081 0 
0.115775 0.252402 -0.040943 0.895598 0.138113 -0.422882 0 
0.115866 0.25045 -0.0404618 0.844175 0.306266 -0.439966 0 
0.114946 0.251154 -0.0394278 0.864976 0.321101 -0.385629 0 
0.115209 0.251074 -0.0396137 0.864976 0.321101 -0.385629 0 
0.115571 0.250668 -0.0402721 0.870706 0.271054 -0.410367 0 
0.116114 0.250714 -0.040063 0.845078 0.382706 -0.373334 0 
0.116083 0.25055 -0.0396601 0.815638 0.476713 -0.327839 0 
0.115552 0.250251 -0.041088 0.815966 0.354699 -0.456496 0 
0.115632 0.250482 -0.0409138 0.853541 0.195821 -0.482826 0 
0.116343 0.25056 -0.04048 0.841099 0.343018 -0.4182 0 
0.116103 0.251444 -0.0403384 0.887792 0.207593 -0.410769 0 
0.116038 0.251207 -0.0401665 0.883975 0.261752 -0.387394 0 
0.115964 0.250761 -0.0404026 0.857194 0.25731 -0.446106 0 
0.116274 0.25105 -0.0404105 0.86444 0.233836 -0.445043 0 
0.116656 0.25076 -0.0398539 0.818964 0.471811 -0.326639 0 
0.114872 0.251346 -0.0391322 0.868812 0.326379 -0.372348 0 
0.115045 0.251164 -0.0389694 0.851251 0.407794 -0.330267 0 
0.115329 0.251376 -0.0390354 0.860653 0.389526 -0.327941 0 
0.115451 0.25104 -0.0389888 0.827805 0.44938 -0.335852 0 
0.116003 0.251771 -0.0398659 0.889155 0.270482 -0.369111 0 
0.115856 0.25173 -0.0395715 0.883136 0.278331 -0.377627 0 
0.116004 0.25147 -0.0394668 0.859712 0.359628 -0.362715 0 
0.116041 0.251118 -0.0395325 0.846576 0.397563 -0.353909 0 
0.115704 0.251903 -0.0392151 0.884153 0.311788 -0.347938 0 
0.11582 0.251781 -0.0391067 0.858854 0.369849 -0.354374 0 
0.116003 0.250957 -0.0393026 0.845984 0.409749 -0.341198 0 
0.116166 0.251205 -0.0390161 0.827836 0.457116 -0.325165 0 
0.116219 0.251359 -0.0388999 0.828318 0.460526 -0.319068 0 
0.116314 0.250945 -0.0389114 0.818141 0.483948 -0.310547 0 
0.116377 0.25067 -0.038919 0.801104 0.512389 -0.309337 0 
0.11643 0.250824 -0.0388029 0.794527 0.528099 -0.299732 0 
0.116011 0.251804 -0.0383629 0.814845 0.523053 -0.249886 0 
0.116068 0.251231 -0.0381445 0.798844 0.535178 -0.274651 0 
0.11632 0.25158 -0.0382067 0.799309 0.539651 -0.264351 0 
0.116436 0.251459 -0.0380981 0.802453 0.533405 -0.267484 0 
0.116132 0.251769 -0.0387154 0.850014 0.442748 -0.285395 0 
0.115779 0.250932 -0.0376175 0.812834 0.50468 -0.290859 0 
0.116402 0.250908 -0.0368351 0.853605 0.438338 -0.281459 0 
0.116865 0.250422 -0.0364011 0.898519 0.373772 -0.230126 0 
0.116752 0.249744 -0.0390671 0.745642 0.601942 -0.285803 0 
0.116936 0.249469 -0.0380974 0.83866 0.506218 -0.200976 0 
0.116567 0.249542 -0.0385428 0.763628 0.604993 -0.225511 0 
0.116279 0.250696 -0.0380475 0.789949 0.551236 -0.268551 0 
0.116741 0.250812 -0.0384117 0.809821 0.51534 -0.280383 0 
0.116763 0.250802 -0.0378926 0.811835 0.526218 -0.253019 0 
0.116743 0.251023 -0.0381768 0.80666 0.528932 -0.263686 0 
0.117109 0.25104 -0.0383653 0.80509 0.525741 -0.274641 0 
0.117533 0.250182 -0.0379363 0.865379 0.428901 -0.259159 0 
0.116554 0.250735 -0.0371914 0.815127 0.505347 -0.283182 0 
0.117207 0.250537 -0.0377428 0.835376 0.472708 -0.280525 0 
0.116201 0.25135 -0.0361251 0.816968 0.549159 -0.176032 0 
0.116391 0.250524 -0.036148 0.910191 0.359172 -0.206271 0 
0.116344 0.250668 -0.0364902 0.897162 0.380303 -0.224658 0 
0.116771 0.250835 -0.0363896 0.892513 0.392588 -0.222025 0 
0.116755 0.25148 -0.036204 0.816968 0.549159 -0.176032 0 
0.116955 0.251374 -0.0359832 0.835539 0.517524 -0.184509 0 
0.116561 0.250768 -0.0356885 0.394536 -0.880581 -0.262524 0 
0.11676 0.250451 -0.0357026 0.900636 0.400762 -0.168061 0 
0.117209 0.251423 -0.0356462 0.378277 -0.896384 -0.231088 0 
0.117435 0.251395 -0.0353674 0.319327 -0.905004 -0.281066 0 
0.117104 0.250814 -0.0354794 0.293735 -0.915931 -0.273477 0 
0.117088 0.250343 -0.0343313 -0.114169 -0.965948 -0.232187 0 
0.117163 0.250452 -0.035026 0.955605 -0.105599 -0.275079 0 
0.118036 0.251079 -0.0347049 -0.0500201 -0.972342 -0.228141 0 
0.117653 0.251194 -0.0341665 -0.0282772 -0.962656 -0.269248 0 
0.1164 0.25151 -0.0376333 0.819283 0.496583 -0.286671 0 
0.116747 0.251447 -0.0377069 0.822591 0.491682 -0.285644 0 
0.116771 0.251649 -0.036953 0.862003 0.411863 -0.2955 0 
0.116864 0.251024 -0.0371993 0.849658 0.439478 -0.291444 0 
0.116945 0.251467 -0.0367902 0.882865 0.380519 -0.275237 0 
0.117177 0.251525 -0.0369723 0.882865 0.380519 -0.275237 0 
0.117428 0.251362 -0.0368703 0.887801 0.369792 -0.273976 0 
0.1175 0.250958 -0.0374008 0.873015 0.41766 -0.251802 0 
0.11687 0.251659 -0.0364946 0.818396 0.53387 -0.21263 0 
0.117071 0.251554 -0.0362738 0.816968 0.549159 -0.176032 0 
0.117452 0.251564 -0.0361163 0.837476 0.504303 -0.210505 0 
0.117298 0.251526 -0.0359949 0.837476 0.504303 -0.210505 0 
0.117568 0.251443 -0.0360078 0.825535 0.516151 -0.228209 0 
0.117471 0.251343 -0.0358322 0.863826 0.471043 -0.178672 0 
0.117593 0.251007 -0.0357856 0.881679 0.448776 -0.145744 0 
0.117452 0.250112 -0.0360847 0.89543 0.4243 -0.134811 0 
0.117328 0.249796 -0.0335421 0.718578 -0.604518 -0.343809 0 
0.117324 0.249709 -0.0330812 0.623894 -0.69267 -0.361891 0 
0.117328 0.248981 -0.0329788 -0.885687 -0.437787 0.154598 0 
0.117289 0.250238 -0.0341105 -0.124569 -0.967018 -0.22217 0 
0.117128 0.249901 -0.033763 -0.617686 -0.785764 -0.0322149 0 
0.117284 0.250151 -0.0336495 0.698486 -0.623239 -0.351697 0 
0.11767 0.250248 -0.033953 -0.157576 -0.964992 -0.209668 0 
0.117896 0.249069 -0.0340416 -0.313049 -0.941834 -0.122264 0 
0.117176 0.249969 -0.0331858 0.658682 -0.655397 -0.369585 0 
0.11735 0.249786 -0.0330231 -0.882062 -0.446083 0.151582 0 
0.117449 0.249796 -0.0325647 -0.789947 -0.59582 0.144849 0 
0.117565 0.249675 -0.0324562 0.67538 -0.595335 -0.435245 0 
0.117644 0.249906 -0.032282 -0.839887 -0.476193 0.260442 0 
0.117955 0.250195 -0.0322899 0.574666 -0.691265 -0.438078 0 
0.118254 0.250878 -0.033504 0.723014 -0.582018 -0.372164 0 
0.118233 0.250586 -0.033624 -0.329943 -0.935517 -0.126274 0 
0.118023 0.25082 -0.0333219 0.732237 -0.568426 -0.375128 0 
0.117964 0.251182 -0.0337753 -0.24698 -0.954543 -0.166878 0 
0.11808 0.25106 -0.0336667 -0.333282 -0.9307 -0.150737 0 
0.117755 0.249963 -0.0334416 0.697218 -0.62864 -0.344527 0 
0.117988 0.25057 -0.0324579 0.530328 -0.731886 -0.427897 0 
0.118223 0.250714 -0.0331011 -0.780252 -0.615679 0.110205 0 
0.11845 0.250686 -0.0328222 -0.60189 -0.793335 0.0913713 0 
0.118162 0.250387 -0.0322952 0.472079 -0.766108 -0.436142 0 
0.118393 0.250446 -0.0324773 0.465292 -0.772222 -0.43264 0 
0.118803 0.250408 -0.0329577 -0.506251 -0.859644 0.0687155 0 
0.11753 0.249425 -0.0315923 0.503061 -0.770057 -0.392355 0 
0.118023 0.249704 -0.0323595 0.476477 -0.764655 -0.433905 0 
0.118276 0.249753 -0.0320225 0.613851 -0.643958 -0.456625 0 
0.118047 0.249907 -0.0316055 0.553169 -0.709319 -0.436887 0 
0.118067 0.249686 -0.0313213 0.457714 -0.787656 -0.412428 0 
0.117911 0.249435 -0.0314348 0.49564 -0.771899 -0.398137 0 
0.118106 0.249545 -0.0311521 0.473696 -0.773215 -0.421606 0 
0.118364 0.249379 -0.030877 0.481948 -0.748417 -0.45563 0 
0.118537 0.249799 -0.0315125 0.49293 -0.761503 -0.420873 0 
0.118627 0.249299 -0.031063 0.486386 -0.746891 -0.453411 0 
0.118297 0.250346 -0.0323017 0.498245 -0.751479 -0.43247 0 
0.11867 0.25036 -0.0323172 0.526444 -0.73108 -0.434027 0 
0.118568 0.249962 -0.0319155 0.528508 -0.735959 -0.423135 0 
0.118924 0.250408 -0.0319802 0.533446 -0.73163 -0.424444 0 
0.119056 0.250456 -0.0326207 0.58751 -0.667853 -0.456952 0 
0.118847 0.250088 -0.0315204 0.538384 -0.717294 -0.442303 0 
0.118783 0.250966 -0.032311 0.515498 -0.727664 -0.452511 0 
0.119073 0.250361 -0.0316406 0.528508 -0.735959 -0.423135 0 
0.119461 0.250669 -0.0317093 0.601271 -0.648167 -0.467283 0 
0.119269 0.250169 -0.0309588 0.518847 -0.721082 -0.459172 0 
0.12103 0.249347 -0.0260198 -0.412437 0.907905 0.0748647 0 
0.121146 0.249226 -0.0259113 -0.392491 0.917598 0.0629593 0 
0.121047 0.249553 -0.0254389 -0.532286 0.846511 0.00948093 0 
0.121074 0.249329 -0.0249817 -0.0298444 0.999274 -0.0236697 0 
0.121922 0.249879 -0.0247186 0.124432 0.992154 -0.0121129 0 
0.121944 0.249869 -0.0241995 0.0469194 0.99622 0.073107 0 
0.12129 0.250067 -0.0236482 -0.229869 0.958009 -0.171405 0 
0.121521 0.250125 -0.0238303 -0.162477 0.980972 -0.106282 0 
0.121695 0.249943 -0.0236675 0.0483458 0.998805 -0.00720045 0 
0.121565 0.250071 -0.0241221 -0.130217 0.990781 -0.0373666 0 
0.121849 0.250283 -0.0241881 -0.0852568 0.996101 -0.0226632 0 
0.121818 0.250119 -0.0237852 0.00502348 0.999672 -0.0251174 0 
0.122201 0.250004 -0.0243236 0.165299 0.986095 0.0170999 0 
0.122549 0.24964 -0.0239981 0.314651 0.948968 -0.021311 0 
0.122723 0.249457 -0.0238354 0.306605 0.95183 -0.00369404 0 
0.123057 0.249135 -0.022526 0.275686 0.957847 0.0807823 0 
0.123214 0.249084 -0.0220133 0.387071 0.922027 -0.00642976 0 
0.123599 0.249181 -0.0223169 0.17945 0.958395 0.221986 0 
0.123831 0.249239 -0.022499 0.128308 0.962956 0.237175 0 
0.123561 0.249021 -0.0220869 0.370724 0.928721 0.00636983 0 
0.123845 0.249233 -0.0221529 0.0928105 0.964975 0.245376 0 
0.123999 0.249271 -0.0222744 0.251133 0.962032 0.106892 0 
0.123911 0.248868 -0.0215266 0.0193935 0.986788 0.160852 0 
0.123833 0.248335 -0.0213016 -0.061785 0.987395 0.145719 0 
0.123868 0.248922 -0.0212348 0.0776719 0.983446 0.163709 0 
0.123854 0.248627 -0.0211817 -0.0539217 0.990094 0.129641 0 
0.123942 0.249031 -0.0219295 0.116064 0.981048 0.155159 0 
0.124156 0.249221 -0.0217617 0.0454773 0.985342 0.164418 0 
0.12431 0.249259 -0.0218831 0.0993526 0.985147 0.140051 0 
0.124028 0.248445 -0.021019 -0.0254654 0.99315 0.114041 0 
0.124139 0.248538 -0.0208485 0.00543914 0.993188 0.116398 0 
0.124368 0.248384 -0.0212656 -0.0233366 0.992363 0.121128 0 
0.124874 0.248145 -0.0215225 -0.0256568 0.991692 0.126053 0 
0.124621 0.248433 -0.0209286 0.00543914 0.993188 0.116398 0 
0.124302 0.249087 -0.0209612 0.00108522 0.992979 0.118289 0 
0.124222 0.249157 -0.0215345 -0.0123024 0.989785 0.142037 0 
0.124506 0.249369 -0.0216004 -0.0123024 0.989785 0.142037 0 
0.124605 0.249379 -0.0211421 -0.0254654 0.99315 0.114041 0 
0.124843 0.249434 -0.0211512 -0.0142912 0.992692 0.119827 0 
0.124032 0.248868 -0.0205491 0.0185887 0.99395 0.108252 0 
0.123991 0.248797 -0.0209532 -0.0254654 0.99315 0.114041 0 
0.12424 0.24876 -0.0201553 0.0540082 0.995293 0.0804612 0 
0.124435 0.248869 -0.0198726 0.00544952 0.992903 0.1188 0 
0.124649 0.249023 -0.0210348 0.00543914 0.993188 0.116398 0 
0.124605 0.249078 -0.020743 0.0185887 0.99395 0.108252 0 
0.124933 0.249235 -0.0211008 0.00543914 0.993188 0.116398 0 
0.125054 0.248899 -0.0210541 0.00543914 0.993188 0.116398 0 
0.125202 0.248639 -0.0209495 0.0207796 0.99414 0.106085 0 
0.125074 0.248678 -0.0207699 0.0273022 0.994891 0.0971957 0 
0.124933 0.248934 -0.0207016 0.0274692 0.994386 0.102186 0 
0.124953 0.249014 -0.0208166 0.0185887 0.99395 0.108252 0 
0.124173 0.248648 -0.0192876 -0.0655554 0.990232 0.12306 0 
0.124631 0.248678 -0.0191908 0.0918392 0.99474 0.0453663 0 
0.124942 0.248666 -0.0187996 0.021063 0.992177 0.123052 0 
0.125058 0.248544 -0.018691 0.030425 0.990501 0.134095 0 
0.124765 0.2486 -0.0205272 0.0273022 0.994891 0.0971957 0 
0.125132 0.248617 -0.0207157 0.0273022 0.994891 0.0971957 0 
0.124953 0.248713 -0.0204175 0.0540082 0.995293 0.0804612 0 
0.12546 0.248473 -0.0206744 0.0724057 0.994744 0.0724057 0 
0.125206 0.248762 -0.0200805 0.176116 0.984175 0.0195684 0 
0.125322 0.24864 -0.019972 -0.0316172 0.995395 0.0904905 0 
0.125359 0.248589 -0.0204368 0.0724057 0.994744 0.0724057 0 
0.124746 0.248857 -0.0194814 0.185877 0.982491 0.0126996 0 
0.125325 0.248852 -0.0197371 0.200115 0.979755 0.00578368 0 
0.124787 0.248928 -0.0190773 0.134677 0.990268 0.0350838 0 
0.12494 0.248454 -0.0190345 0.168645 0.985484 0.0195032 0 
0.125499 0.24867 -0.0195744 0.285858 0.958177 -0.0134954 0 
0.12552 0.24866 -0.0190553 0.120263 0.990741 0.0629951 0 
0.125752 0.248718 -0.0192374 0.120263 0.990741 0.0629951 0 
0.12581 0.248657 -0.0191832 0.120263 0.990741 0.0629951 0 
0.125446 0.248551 -0.0183605 0.0165572 0.992328 0.122523 0 
0.125752 0.248417 -0.0188383 0.0460828 0.992466 0.113521 0 
0.12601 0.248552 -0.0189623 0.0464605 0.991534 0.12125 0 
0.125592 0.248417 -0.0175599 -0.0656946 0.970545 0.23179 0 
0.126011 0.248287 -0.0172333 0.205363 0.96403 0.168738 0 
0.126185 0.248104 -0.0170705 0.525903 0.849958 0.0315816 0 
0.125699 0.2486 -0.0180236 -0.0454773 0.985342 0.164418 0 
0.126085 0.248697 -0.0183271 -0.00990803 0.991904 0.126603 0 
0.126444 0.249054 -0.0177579 -0.00579411 0.979204 0.202794 0 
0.12617 0.248412 -0.0178157 -0.0814588 0.968733 0.234351 0 
0.126481 0.2484 -0.0174245 0.242822 0.956692 0.160554 0 
0.126637 0.247872 -0.0154177 0.321719 0.944315 0.0690327 0 
0.126501 0.247401 -0.0152471 0.388506 0.92124 -0.0194903 0 
0.126692 0.247865 -0.0173274 0.509085 0.859511 0.0455279 0 
0.126829 0.248035 -0.017099 0.766008 0.62039 -0.16837 0 
0.127236 0.247646 -0.0153893 0.461099 0.877668 -0.130717 0 
0.126811 0.24769 -0.015255 0.442159 0.893961 -0.0730045 0 
0.128209 0.249097 -0.0151731 0.787628 -0.116304 -0.605075 0 
0.126949 0.247559 -0.0146274 0.705483 -0.47199 -0.528695 0 
0.126831 0.247469 -0.0149708 0.419421 0.905352 -0.0665101 0 
0.127123 0.247376 -0.0144647 0.661032 -0.466906 -0.587398 0 
0.127984 0.248523 -0.0146538 0.777317 -0.0764337 -0.624449 0 
0.128054 0.248244 -0.0144884 0.764719 -0.132671 -0.630558 0 
0.127376 0.247425 -0.0141277 0.661032 -0.466906 -0.587398 0 
0.127671 0.247208 -0.0143174 0.661032 -0.466906 -0.587398 0 
0.127837 0.247028 -0.0143277 0.661032 -0.466906 -0.587398 0 
0.128032 0.247439 -0.0144441 0.661032 -0.466906 -0.587398 0 
0.128187 0.247177 -0.0141664 0.654483 -0.49633 -0.570359 0 
0.128385 0.248011 -0.013813 0.793095 -0.154421 -0.589199 0 
0.128617 0.248069 -0.0139951 0.784777 -0.148552 -0.601712 0 
0.128219 0.247889 -0.0134036 0.811293 -0.223221 -0.540349 0 
0.128296 0.247908 -0.0134643 0.794123 -0.157624 -0.586961 0 
0.127715 0.246888 -0.0128802 0.177838 -0.928398 -0.326269 0 
0.12897 0.246711 -0.0118383 0.31254 -0.892758 -0.324503 0 
0.129185 0.2466 -0.0112714 0.269441 -0.880574 -0.389861 0 
0.129592 0.246687 -0.0110559 0.376229 -0.823894 -0.423853 0 
0.129322 0.24677 -0.011043 0.285901 -0.875855 -0.388765 0 
0.129613 0.246979 -0.0109359 0.418275 -0.773075 -0.476866 0 
0.129556 0.246738 -0.0105911 0.326388 -0.824643 -0.461989 0 
0.129749 0.246636 -0.0105433 0.384253 -0.77337 -0.504231 0 
0.129866 0.247028 -0.010599 0.487308 -0.0828564 -0.86929 0 
0.129777 0.246925 -0.0102503 0.378531 -0.150568 -0.91326 0 
0.128108 0.246644 -0.0139415 0.676502 -0.462694 -0.572939 0 
0.127961 0.246904 -0.0140462 0.654483 -0.49633 -0.570359 0 
0.128156 0.247013 -0.0137635 0.672824 -0.484903 -0.558729 0 
0.128291 0.246972 -0.0137699 0.672824 -0.484903 -0.558729 0 
0.12804 0.247472 -0.0129412 0.115384 -0.94827 -0.295754 0 
0.128341 0.2461 -0.0133254 0.501178 -0.773663 -0.387642 0 
0.128046 0.24777 -0.0131673 0.965486 0.130192 -0.225581 0 
0.128292 0.247822 -0.0130034 0.970454 0.0733122 -0.229877 0 
0.128638 0.248059 -0.0134761 0.827295 -0.0935203 -0.553928 0 
0.128967 0.247916 -0.0134347 0.831626 -0.165728 -0.530031 0 
0.128735 0.247858 -0.0132526 0.840854 -0.174742 -0.512279 0 
0.12887 0.248117 -0.0136582 0.827295 -0.0935203 -0.553928 0 
0.128934 0.247541 -0.0132667 0.752129 -0.417849 -0.509612 0 
0.128909 0.247675 -0.0130899 0.494466 0.869021 0.0175151 0 
0.128968 0.247313 -0.0126365 0.934103 0.0348835 -0.355295 0 
0.129242 0.24684 -0.0116163 0.323332 -0.878918 -0.350656 0 
0.129538 0.246834 -0.0115711 0.352897 -0.861438 -0.365225 0 
0.129554 0.247642 -0.0117884 0.324513 -0.872986 -0.364125 0 
0.130097 0.247086 -0.0107811 -0.505035 -0.810258 0.297357 0 
0.130086 0.247002 -0.0104931 0.488051 -0.824854 -0.285346 0 
0.129739 0.246765 -0.0100204 0.356215 -0.127907 -0.925608 0 
0.11888 0.249348 -0.030726 0.490565 -0.741628 -0.45753 0 
0.11983 0.249445 -0.0316313 0.50711 -0.71993 -0.473857 0 
0.11867 0.249581 -0.030424 0.537901 -0.707764 -0.457965 0 
0.119095 0.249236 -0.0301592 0.498046 -0.747891 -0.438872 0 
0.119175 0.249467 -0.029985 0.626041 -0.626041 -0.464915 0 
0.119324 0.24942 -0.0296454 0.643253 -0.619862 -0.449441 0 
0.119445 0.249083 -0.0295988 0.790865 0.333921 -0.512864 0 
0.119525 0.249314 -0.0294245 0.61206 -0.678408 -0.406381 0 
0.119428 0.249516 -0.029648 0.749115 -0.43959 -0.495568 0 
0.119496 0.250141 -0.0306799 -0.664707 -0.624924 0.409433 0 
0.120136 0.249648 -0.0311782 -0.43826 -0.886579 0.148003 0 
0.12006 0.250479 -0.0303509 -0.626041 0.626041 0.464915 0 
0.119855 0.250497 -0.0301107 -0.62917 0.639183 0.442255 0 
0.120108 0.250546 -0.0297738 -0.67538 0.595335 0.435245 0 
0.120337 0.250393 -0.0301908 -0.639283 0.635945 0.432309 0 
0.120309 0.249466 -0.0310155 -0.61034 -0.723666 0.322169 0 
0.120434 0.250191 -0.0299673 0.00101443 0.999217 -0.0395629 0 
0.120207 0.250556 -0.0293154 0.598455 0.742855 -0.30003 0 
0.120383 0.250586 -0.0289178 0.636814 0.676306 -0.370241 0 
0.120335 0.250518 -0.0294949 0.60429 0.696498 -0.386943 0 
0.120614 0.250644 -0.0290999 0.726213 0.537629 -0.428449 0 
0.119776 0.249151 -0.0293225 0.770703 -0.422013 -0.477412 0 
0.120046 0.249068 -0.0293354 0.651174 0.641232 -0.405948 0 
0.120126 0.248998 -0.0287621 0.636814 0.676306 -0.370241 0 
0.120205 0.249229 -0.0285879 0.61276 0.713533 -0.3397 0 
0.120009 0.249421 -0.0292697 0.622928 0.679107 -0.388297 0 
0.120029 0.2492 -0.0289855 0.626684 0.669676 -0.398498 0 
0.120293 0.249633 -0.0293357 0.615861 0.681905 -0.394614 0 
0.120262 0.24947 -0.0289328 0.636814 0.676306 -0.370241 0 
0.120454 0.249669 -0.0292841 0.626684 0.669676 -0.398498 0 
0.120604 0.249621 -0.0289445 0.703373 0.560371 -0.437322 0 
0.120278 0.249162 -0.0281876 0.662814 0.675778 -0.322494 0 
0.120401 0.249038 -0.0279061 0.661745 0.674752 -0.326808 0 
0.120545 0.248832 -0.0297653 0.664569 -0.64478 -0.377633 0 
0.121183 0.249616 -0.0292002 -0.322922 0.929624 0.177537 0 
0.121498 0.24969 -0.02927 -0.107649 0.983357 -0.146355 0 
0.120342 0.2494 -0.0283594 0.647752 0.689961 -0.323064 0 
0.120403 0.250364 -0.0286336 0.642749 0.669051 -0.373156 0 
0.12063 0.250336 -0.0283547 -0.614056 0.689784 0.383579 0 
0.120887 0.250471 -0.0284787 -0.51423 0.79443 0.323185 0 
0.120883 0.250385 -0.0280178 -0.541751 0.773241 0.329552 0 
0.121037 0.250424 -0.0281392 -0.481599 0.823581 0.299627 0 
0.120338 0.249313 -0.0278984 0.575539 0.774218 -0.263329 0 
0.120307 0.24915 -0.0274955 0.568884 0.787087 -0.238464 0 
0.120538 0.249208 -0.0276776 0.55931 0.793005 -0.241485 0 
0.120964 0.249375 -0.027577 -0.550836 0.787585 0.276207 0 
0.120921 0.249394 -0.0286152 0.756609 0.494012 -0.428362 0 
0.121083 0.25028 -0.0277969 -0.481508 0.83451 0.267848 0 
0.121314 0.250338 -0.027979 0.0546217 0.917911 -0.39301 0 
0.121259 0.250309 -0.0273993 -0.415945 0.883698 0.214634 0 
0.121431 0.249915 -0.0274714 -0.369613 0.911902 0.178385 0 
0.121433 0.250127 -0.0272365 -0.416886 0.887895 0.194547 0 
0.121488 0.250155 -0.0278163 -0.507945 0.805433 0.3054 0 
0.120867 0.250692 -0.0287629 -0.539763 0.784965 0.304114 0 
0.121215 0.250629 -0.0288365 -0.104812 0.977833 -0.181263 0 
0.121036 0.250725 -0.0285383 -0.254713 0.964897 0.0639919 0 
0.121447 0.250386 -0.0286195 -0.455093 0.757393 0.468237 0 
0.121268 0.250482 -0.0283213 -0.0183347 0.96196 -0.272576 0 
0.121755 0.250463 -0.0288623 -0.332039 0.857124 0.393814 0 
0.121482 0.24952 -0.028521 0.0177702 0.97499 -0.221535 0 
0.120481 0.248967 -0.0273327 0.568884 0.787087 -0.238464 0 
0.120765 0.24918 -0.0273987 0.612617 0.73418 -0.292712 0 
0.120734 0.249016 -0.0269958 0.525047 0.827669 -0.198217 0 
0.12096 0.249289 -0.027116 -0.546398 0.803345 0.236824 0 
0.121063 0.249385 -0.0271187 -0.597421 0.755888 0.267809 0 
0.121376 0.249886 -0.0268917 -0.521967 0.826321 0.211526 0 
0.121607 0.249944 -0.0270738 -0.391376 0.90657 0.157974 0 
0.121658 0.249887 -0.0271925 -0.329479 0.930047 0.162654 0 
0.121781 0.249762 -0.026911 -0.482854 0.861505 0.157038 0 
0.121561 0.248973 -0.0264536 -0.450831 0.883057 0.13024 0 
0.121475 0.249896 -0.0264333 -0.41589 0.898493 0.140523 0 
0.121706 0.249954 -0.0266154 -0.479438 0.868171 0.128138 0 
0.12188 0.249772 -0.0264527 -0.555643 0.822468 0.121684 0 
0.121799 0.249666 -0.0259309 -0.463998 0.882013 0.0822098 0 
0.121935 0.250138 -0.0261016 -0.88414 -0.410229 0.223627 0 
0.12215 0.249689 -0.0264656 -0.646427 0.753421 0.120369 0 
0.121788 0.250096 -0.0258072 -0.483792 0.869691 0.0978934 0 
0.121981 0.249994 -0.0257594 -0.520781 0.848945 0.0898883 0 
0.122041 0.250145 -0.0254702 0.112579 0.993541 0.0142091 0 
0.122389 0.250081 -0.0255439 0.0726658 0.997311 0.00947814 0 
0.122268 0.250116 -0.0251913 0.826038 0.559666 -0.0665931 0 
0.122505 0.24996 -0.0254353 -0.00715831 0.999095 0.0419272 0 
0.122121 0.250075 -0.0248969 0.16308 0.986465 -0.0171063 0 
0.122442 0.249934 -0.0250286 0.84477 0.525283 -0.102178 0 
0.122406 0.249985 -0.0245638 0.343674 0.938347 -0.0373279 0 
0.122642 0.249829 -0.0248078 0.906967 0.38256 -0.176235 0 
0.122811 0.249861 -0.0245831 -0.344535 0.929283 0.133147 0 
0.122985 0.249679 -0.0244204 -0.00774817 0.990658 0.136146 0 
0.122548 0.249941 -0.0243972 0.395724 0.916203 -0.0630476 0 
0.122949 0.24973 -0.0239556 0.360459 0.932576 -0.0192416 0 
0.123208 0.249564 -0.0236805 -0.10186 0.945844 0.308226 0 
0.124444 0.248368 -0.0226562 0.105685 0.976034 0.190233 0 
0.124758 0.248568 -0.0220301 0.0541347 0.989398 0.134761 0 
0.129908 0.246797 -0.00979574 0.470668 -0.84842 -0.242188 0 
0.130178 0.246714 -0.00980863 0.470668 -0.84842 -0.242188 0 
0.130161 0.246846 -0.00945881 0.470668 -0.84842 -0.242188 0 
0.130525 0.246952 -0.0102814 0.470668 -0.84842 -0.242188 0 
0.131233 0.24712 -0.0104817 0.410961 -0.89066 -0.194512 0 
0.130989 0.247617 -0.00947987 0.307932 -0.951224 -0.0187003 0 
0.131226 0.247159 -0.00932476 0.277003 -0.960194 0.0360228 0 
0.131125 0.247274 -0.00908721 0.256443 -0.963873 0.0720063 0 
