0.13611 0.246731 -0.00668706 -0.468138 0.821212 0.326278 2 
0.13522 0.247382 -0.00774661 -0.487519 0.710481 0.507486 2 
0.135053 0.245738 -0.00717354 -0.392864 0.307259 0.866747 2 
0.134611 0.24619 -0.00694883 -0.492711 0.526115 0.693136 2 
0.134024 0.245676 -0.00733802 0.125735 0.11376 0.98552 2 
0.134298 0.246179 -0.00754228 -0.214069 0.187477 0.958659 2 
0.134072 0.245831 -0.00782144 0.125735 0.11376 0.98552 2 
0.133826 0.245587 -0.00728282 0.125735 0.11376 0.98552 2 
0.134645 0.247571 -0.00805412 -0.540588 0.681175 0.493726 2 
0.134621 0.247479 -0.00738254 -0.549014 0.673256 0.495288 2 
0.13437 0.247626 -0.00750552 -0.573733 0.67075 0.470026 2 
0.134578 0.246991 -0.00795728 -0.536018 0.660361 0.525936 2 
0.134377 0.246677 -0.00718834 -0.589695 0.666539 0.456053 2 
0.133816 0.246981 -0.00689878 -0.567107 0.590807 0.573879 2 
0.13378 0.246886 -0.00718112 -0.320904 0.338983 0.88437 2 
0.133715 0.246503 -0.00693803 -0.102958 0.156253 0.982336 2 
0.133995 0.246645 -0.00734051 -0.569802 0.676744 0.466201 2 
0.13426 0.246642 -0.00748028 -0.536479 0.654201 0.533115 2 
0.133906 0.246198 -0.00728561 -0.102958 0.156253 0.982336 2 
0.133439 0.246587 -0.00724912 0.463449 -0.0533172 0.884518 2 
0.133323 0.246523 -0.00668131 0.463449 -0.0533172 0.884518 2 
0.133438 0.246474 -0.00689234 0.233478 -0.0921292 0.967988 2 
0.1338 0.246082 -0.00712658 -0.102958 0.156253 0.982336 2 
0.133526 0.245579 -0.00692242 0.463449 -0.0533172 0.884518 2 
0.133611 0.245829 -0.0071234 0.463449 -0.0533172 0.884518 2 
0.133021 0.246431 -0.00682385 0.463449 -0.0533172 0.884518 2 
0.133949 0.246044 -0.0075583 0.125735 0.11376 0.98552 2 
0.133668 0.245819 -0.00765876 0.463449 -0.0533172 0.884518 2 
0.13355 0.245671 -0.00759391 0.463449 -0.0533172 0.884518 2 
0.133198 0.245311 -0.00689635 0.434798 -0.0902935 0.89599 2 
0.136506 0.252417 -0.0111958 -0.109544 0.571089 0.813546 2 
0.136494 0.252385 -0.0112899 -0.115066 0.552024 0.825851 2 
0.136692 0.253815 -0.01137 -0.125245 0.570232 0.81188 2 
0.13627 0.252792 -0.0110785 -0.127457 0.546452 0.827735 2 
0.135897 0.252595 -0.0112827 -0.115066 0.552024 0.825851 2 
0.136554 0.251901 -0.0116667 -0.109544 0.571089 0.813546 2 
0.13653 0.251838 -0.0118549 -0.109544 0.571089 0.813546 2 
0.136384 0.252102 -0.0121368 -0.139689 0.524935 0.839602 2 
0.136332 0.253091 -0.0118245 -0.161163 0.501232 0.850172 2 
0.13635 0.252761 -0.0119286 -0.161163 0.501232 0.850172 2 
0.136135 0.253003 -0.0117692 -0.161163 0.501232 0.850172 2 
0.135921 0.252687 -0.0119542 -0.140542 0.548853 0.824019 2 
0.136313 0.252667 -0.0122109 -0.161163 0.501232 0.850172 2 
0.136002 0.25274 -0.0123014 -0.161163 0.501232 0.850172 2 
0.136432 0.252086 -0.0105439 -0.1373 0.556581 0.81937 2 
0.13631 0.252413 -0.0106376 -0.124855 0.56552 0.815229 2 
0.136874 0.251635 -0.0107685 -0.196638 0.553331 0.809418 2 
0.136562 0.251595 -0.0105022 -0.178942 0.539834 0.822532 2 
0.136716 0.251196 -0.0111322 -0.284962 0.521119 0.804507 2 
0.13662 0.250327 -0.0105098 -0.568969 0.552085 0.609489 2 
0.136471 0.251065 -0.0109503 -0.364613 0.489899 0.791869 2 
0.136764 0.251351 -0.0116154 -0.301466 0.503496 0.809697 2 
0.136568 0.252017 -0.0110696 -0.131282 0.559056 0.81867 2 
0.136131 0.252107 -0.0110432 -0.131282 0.559056 0.81867 2 
0.135755 0.251684 -0.0105338 -0.248555 0.511005 0.822857 2 
0.135525 0.25181 -0.0109715 -0.401661 0.459733 0.792031 2 
0.136322 0.251802 -0.0113908 -0.251734 0.498835 0.829333 2 
0.136285 0.251708 -0.0116731 -0.392433 0.44369 0.80569 2 
0.135312 0.251494 -0.0111565 -0.575385 0.42615 0.698089 2 
0.135128 0.25155 -0.0113639 -0.642041 0.381263 0.665148 2 
0.135201 0.251768 -0.011659 -0.625227 0.344446 0.70032 2 
0.135154 0.253067 -0.0115573 -0.140542 0.548853 0.824019 2 
0.135475 0.252942 -0.0118757 -0.161163 0.501232 0.850172 2 
0.135118 0.252972 -0.0118396 -0.161163 0.501232 0.850172 2 
0.13543 0.253012 -0.012106 -0.161163 0.501232 0.850172 2 
0.135163 0.252931 -0.0124691 -0.161716 0.520754 0.83825 2 
0.134897 0.252905 -0.0114696 -0.140542 0.548853 0.824019 2 
0.134502 0.252728 -0.0113591 -0.170043 0.555273 0.814099 2 
0.134941 0.25275 -0.0117423 -0.140084 0.544116 0.827233 2 
0.134764 0.252529 -0.011645 -0.296317 0.484455 0.823103 2 
0.135194 0.252716 -0.0119762 -0.140542 0.548853 0.824019 2 
0.135145 0.25259 -0.0123526 -0.407664 0.155914 0.899723 2 
0.135027 0.252442 -0.0122877 -0.438818 0.199463 0.876158 2 
0.135031 0.251968 -0.0121291 -0.664983 0.162822 0.728894 2 
0.134916 0.252687 -0.0119305 -0.140542 0.548853 0.824019 2 
0.134727 0.252434 -0.0119274 -0.425725 0.365586 0.827711 2 
0.134587 0.252307 -0.0115477 -0.42419 0.408183 0.808362 2 
0.134722 0.252125 -0.0117166 -0.569959 0.345873 0.745331 2 
0.134469 0.25283 -0.0114953 -0.191732 0.618142 0.762325 2 
0.135763 0.252247 -0.0123178 -0.424794 0.272538 0.863292 2 
0.13493 0.252161 -0.0121808 -0.600891 0.211625 0.770808 2 
0.132878 0.2537 -0.0241203 -0.384009 0.0273363 -0.922924 2 
0.13306 0.25423 -0.0244283 -0.201087 -0.139608 -0.969574 2 
0.132955 0.254114 -0.0242693 -0.20024 -0.153733 -0.967611 2 
0.132563 0.254134 -0.0240126 -0.350058 -0.0925439 -0.932146 2 
0.132526 0.254039 -0.0242949 -0.350058 -0.0925439 -0.932146 2 
0.133234 0.253585 -0.0246593 -0.333586 0.0240994 -0.942412 2 
0.132956 0.254227 -0.0246261 -0.201087 -0.139608 -0.969574 2 
0.132932 0.254164 -0.0248143 -0.240297 -0.125994 -0.962488 2 
0.132963 0.253978 -0.0251811 -0.239315 -0.137312 -0.961183 2 
0.132571 0.253998 -0.0249244 -0.347613 -0.0952915 -0.932783 2 
0.132723 0.254157 -0.02521 -0.239315 -0.137312 -0.961183 2 
0.132189 0.253965 -0.0250766 -0.358937 -0.101586 -0.927817 2 
0.132392 0.253692 -0.0253301 -0.358937 -0.101586 -0.927817 2 
0.133369 0.252703 -0.0239561 -0.54779 0.308232 -0.777766 2 
0.132324 0.251742 -0.0243486 -0.58092 0.190591 -0.791332 2 
0.132781 0.253418 -0.0240135 -0.498172 0.213502 -0.840382 2 
0.132162 0.253648 -0.0236914 -0.576438 0.0729487 -0.813878 2 
0.13229 0.253744 -0.0241652 -0.367006 -0.0707321 -0.927525 2 
0.131915 0.253433 -0.0240126 -0.511402 0.164538 -0.843442 2 
0.132069 0.253005 -0.0237827 -0.620043 0.304385 -0.723116 2 
0.131185 0.253908 -0.0233334 -0.674771 0.61177 -0.412821 2 
0.131707 0.254068 -0.0235609 -0.600467 0.0613303 -0.797294 2 
0.131589 0.25392 -0.023496 -0.635957 0.0858615 -0.766933 2 
0.131671 0.253973 -0.0238432 -0.545703 -0.0722879 -0.834855 2 
0.131646 0.25391 -0.0240314 -0.466718 -0.0533783 -0.882794 2 
0.131072 0.253399 -0.0234667 -0.559921 0.82813 -0.0262679 2 
0.131173 0.253877 -0.0234275 -0.682199 0.301587 -0.666071 2 
0.131414 0.253811 -0.0237554 -0.558424 0.173096 -0.811295 2 
0.131376 0.253604 -0.023681 -0.551288 0.359394 -0.752939 2 
0.131339 0.253509 -0.0239633 -0.538552 0.511708 -0.669415 2 
0.131457 0.253657 -0.0240282 -0.419798 0.175763 -0.890436 2 
0.131174 0.253319 -0.0237719 -0.471944 0.869829 0.143761 2 
0.131263 0.253094 -0.0238143 -0.471944 0.869829 0.143761 2 
0.132472 0.253604 -0.0244607 -0.423416 0.0144197 -0.905821 2 
0.13213 0.253192 -0.0241719 -0.584255 0.313856 -0.748426 2 
0.132241 0.253617 -0.0245416 -0.367006 -0.0707321 -0.927525 2 
0.131849 0.253637 -0.0242849 -0.525267 0.11142 -0.843611 2 
0.131896 0.253679 -0.0244114 -0.415057 -0.0413722 -0.908854 2 
0.132255 0.253091 -0.0247918 -0.53876 0.111818 -0.835006 2 
0.131972 0.253424 -0.024548 -0.475005 0.12485 -0.871081 2 
0.131694 0.253395 -0.0245023 -0.419798 0.175763 -0.890436 2 
0.131554 0.253267 -0.0241227 -0.538552 0.511708 -0.669415 2 
0.131365 0.253014 -0.0241194 -0.473341 0.855019 0.211876 2 
0.131838 0.253048 -0.0247234 -0.396313 0.26672 -0.878519 2 
0.131568 0.252741 -0.0243729 -0.473341 0.855019 0.211876 2 
0.131644 0.252485 -0.0245095 -0.506381 0.862069 0.0203638 2 
0.131517 0.253173 -0.024405 -0.388684 0.739647 0.549406 2 
0.131581 0.252885 -0.0246356 -0.476882 0.7228 -0.500144 2 
0.132629 0.25273 -0.024932 -0.560606 0.28745 -0.776591 2 
0.132595 0.252049 -0.0246989 -0.581438 0.238499 -0.777849 2 
0.132293 0.252628 -0.0248539 -0.535779 0.318269 -0.782078 2 
0.132483 0.252323 -0.0252015 -0.575408 0.22489 -0.78634 2 
0.131433 0.253594 -0.0242164 -0.380769 0.172558 -0.908426 2 
0.128868 0.25261 -0.0194097 -0.4329 0.0144738 -0.901326 2 
0.128131 0.253363 -0.0190353 -0.123547 -0.212705 -0.969274 2 
0.128162 0.253848 -0.0194145 -0.14939 -0.161943 -0.975427 2 
0.127952 0.253728 -0.0194534 -0.14939 -0.161943 -0.975427 2 
0.127926 0.254223 -0.0192972 -0.14939 -0.161943 -0.975427 2 
0.127473 0.254085 -0.0195111 -0.14939 -0.161943 -0.975427 2 
0.127572 0.253779 -0.0191026 -0.14939 -0.161943 -0.975427 2 
0.127535 0.253685 -0.0193848 -0.14939 -0.161943 -0.975427 2 
0.128767 0.254173 -0.020346 -0.14482 -0.12048 -0.982096 2 
0.128649 0.254026 -0.0202811 -0.132977 -0.160318 -0.978067 2 
0.128448 0.253741 -0.020372 -0.14939 -0.161943 -0.975427 2 
0.128191 0.253549 -0.0194245 -0.123547 -0.212705 -0.969274 2 
0.128526 0.254239 -0.0200179 -0.14939 -0.161943 -0.975427 2 
0.128282 0.254108 -0.0198362 -0.14939 -0.161943 -0.975427 2 
0.128387 0.254225 -0.0199952 -0.14939 -0.161943 -0.975427 2 
0.128313 0.253923 -0.020203 -0.14939 -0.161943 -0.975427 2 
0.128245 0.254014 -0.0201185 -0.14939 -0.161943 -0.975427 2 
0.127695 0.254265 -0.0202378 -0.14939 -0.161943 -0.975427 2 
0.128125 0.253753 -0.0196968 -0.14939 -0.161943 -0.975427 2 
0.127688 0.253843 -0.0196704 -0.14939 -0.161943 -0.975427 2 
0.127705 0.254184 -0.019787 -0.14939 -0.161943 -0.975427 2 
0.127511 0.253622 -0.0195731 -0.14939 -0.161943 -0.975427 2 
0.128089 0.253659 -0.0199791 -0.14939 -0.161943 -0.975427 2 
0.128068 0.253792 -0.0200212 -0.14939 -0.161943 -0.975427 2 
0.128056 0.25376 -0.0201153 -0.14939 -0.161943 -0.975427 2 
0.127731 0.253689 -0.0199431 -0.14939 -0.161943 -0.975427 2 
0.127714 0.253348 -0.0198266 -0.14939 -0.161943 -0.975427 2 
0.127639 0.253717 -0.0200468 -0.14939 -0.161943 -0.975427 2 
0.127278 0.253551 -0.0201569 -0.14939 -0.161943 -0.975427 2 
0.127371 0.253494 -0.0191934 -0.14939 -0.161943 -0.975427 2 
0.127422 0.252505 -0.0195058 -0.123547 -0.212705 -0.969274 2 
0.127363 0.252431 -0.0194733 -0.123547 -0.212705 -0.969274 2 
0.127358 0.253463 -0.0192876 -0.14939 -0.161943 -0.975427 2 
0.127162 0.253487 -0.019589 -0.14939 -0.161943 -0.975427 2 
0.127162 0.253487 -0.019589 -0.14939 -0.161943 -0.975427 2 
0.126846 0.253251 -0.0194689 -0.14939 -0.161943 -0.975427 2 
0.127365 0.253214 -0.0198426 -0.14939 -0.161943 -0.975427 2 
0.126643 0.252853 -0.0192029 -0.148779 -0.156281 -0.976443 2 
0.126695 0.252534 -0.0195278 -0.148779 -0.156281 -0.976443 2 
0.126577 0.252386 -0.0194629 -0.134318 -0.149105 -0.979656 2 
0.126557 0.253861 -0.0195298 -0.14939 -0.161943 -0.975427 2 
0.12646 0.25358 -0.0194228 -0.14939 -0.161943 -0.975427 2 
0.127058 0.253484 -0.0197869 -0.14939 -0.161943 -0.975427 2 
0.126869 0.25323 -0.0197836 -0.14939 -0.161943 -0.975427 2 
0.12681 0.253156 -0.0197512 -0.14939 -0.161943 -0.975427 2 
0.126522 0.25318 -0.0192968 -0.148779 -0.156281 -0.976443 2 
0.126312 0.25306 -0.0193355 -0.131626 -0.146388 -0.980431 2 
0.126308 0.252863 -0.0194817 -0.131626 -0.146388 -0.980431 2 
0.126281 0.253945 -0.0198409 -0.352063 0.208364 -0.912489 2 
0.12851 0.25334 -0.0202459 -0.508524 -0.0835735 -0.856983 2 
0.128212 0.253445 -0.0202422 -0.311657 0.0659523 -0.947903 2 
0.128144 0.252865 -0.0201453 -0.52803 -0.208473 -0.82324 2 
0.127969 0.254098 -0.0204297 -0.14939 -0.161943 -0.975427 2 
0.127759 0.253307 -0.020456 -0.14939 -0.161943 -0.975427 2 
0.127573 0.253921 -0.0203191 -0.14939 -0.161943 -0.975427 2 
0.127307 0.252582 -0.0201545 -0.123547 -0.212705 -0.969274 2 
0.127261 0.25321 -0.0200404 -0.14939 -0.161943 -0.975427 2 
0.127224 0.253116 -0.0203227 -0.14939 -0.161943 -0.975427 2 
0.12673 0.252545 -0.0197484 -0.148779 -0.156281 -0.976443 2 
0.126711 0.253462 -0.0201596 -0.14939 -0.161943 -0.975427 2 
0.126626 0.253212 -0.0199586 -0.14939 -0.161943 -0.975427 2 
0.126808 0.253072 -0.0202542 -0.14939 -0.161943 -0.975427 2 
0.126189 0.253302 -0.0199323 -0.334938 0.206664 -0.919297 2 
0.134269 0.24442 -0.0171505 0.473983 -0.337654 -0.813222 2 
0.133572 0.246164 -0.0172198 0.169421 -0.660895 -0.731105 2 
0.133557 0.245936 -0.01746 0.169421 -0.660895 -0.731105 2 
0.134235 0.24578 -0.0178144 0.169421 -0.660895 -0.731105 2 
0.134445 0.245229 -0.0177632 0.169421 -0.660895 -0.731105 2 
0.134047 0.244968 -0.0181556 0.169421 -0.660895 -0.731105 2 
0.134122 0.24527 -0.0179478 0.169421 -0.660895 -0.731105 2 
0.133996 0.245958 -0.0178433 0.169421 -0.660895 -0.731105 2 
0.133707 0.24601 -0.0182485 0.4788 -0.535522 -0.695678 2 
0.133579 0.245915 -0.0177748 0.4788 -0.535522 -0.695678 2 
0.13344 0.2459 -0.0177519 0.4788 -0.535522 -0.695678 2 
0.133263 0.245679 -0.0176546 0.4788 -0.535522 -0.695678 2 
0.133463 0.24588 -0.0180667 0.4788 -0.535522 -0.695678 2 
0.133244 0.245925 -0.0180535 0.4788 -0.535522 -0.695678 2 
0.133227 0.245584 -0.0179369 0.4788 -0.535522 -0.695678 2 
0.133329 0.245504 -0.018242 0.4788 -0.535522 -0.695678 2 
0.133225 0.245471 -0.0175801 0.4788 -0.535522 -0.695678 2 
0.133036 0.245218 -0.0175769 0.4788 -0.535522 -0.695678 2 
0.133289 0.245184 -0.0178108 0.4788 -0.535522 -0.695678 2 
0.132957 0.244719 -0.0179309 0.4788 -0.535522 -0.695678 2 
0.133117 0.245271 -0.0179241 0.4788 -0.535522 -0.695678 2 
0.133152 0.245953 -0.0181571 0.4788 -0.535522 -0.695678 2 
0.132951 0.245668 -0.0182481 0.4788 -0.535522 -0.695678 2 
0.133749 0.245073 -0.018152 0.4788 -0.535522 -0.695678 2 
0.133771 0.245052 -0.0184667 0.4788 -0.535522 -0.695678 2 
0.133768 0.246197 -0.0186377 0.4788 -0.535522 -0.695678 2 
0.133731 0.246102 -0.01892 0.4788 -0.535522 -0.695678 2 
0.133178 0.245458 -0.0183133 0.4788 -0.535522 -0.695678 2 
0.132966 0.244554 -0.017983 0.4788 -0.535522 -0.695678 2 
0.13306 0.24531 -0.0182484 0.4788 -0.535522 -0.695678 2 
0.132964 0.245141 -0.0184983 0.4788 -0.535522 -0.695678 2 
0.132956 0.245977 -0.0184587 0.4788 -0.535522 -0.695678 2 
0.132671 0.246226 -0.0187178 0.551482 -0.527871 -0.645925 2 
0.132919 0.245882 -0.018741 0.4788 -0.535522 -0.695678 2 
0.132825 0.245826 -0.0193476 0.551482 -0.527871 -0.645925 2 
0.131949 0.245923 -0.0197977 0.825096 -0.242131 -0.51048 2 
0.124275 0.256027 -0.0298431 -0.492311 0.11626 -0.86262 2 
0.124932 0.256704 -0.0311118 -0.581583 0.0728766 -0.810216 2 
0.123993 0.258371 -0.0296365 -0.362963 0.678298 -0.638881 2 
0.125501 0.258105 -0.030274 -0.346432 0.58064 -0.736778 2 
0.125109 0.258125 -0.0300174 -0.325489 0.623448 -0.710893 2 
0.124956 0.257995 -0.0305916 -0.508396 -0.0203358 -0.860883 2 
0.124671 0.258215 -0.029991 -0.322385 0.649631 -0.688511 2 
0.124845 0.258241 -0.0302345 -0.375722 0.426452 -0.822783 2 
0.124276 0.258039 -0.0298804 -0.409557 0.464597 -0.78512 2 
0.124428 0.258197 -0.030166 -0.504752 -0.0398851 -0.862342 2 
0.12438 0.258071 -0.0305424 -0.536493 -0.105563 -0.837276 2 
0.123963 0.258028 -0.0304739 -0.478043 0.179081 -0.859886 2 
0.125011 0.257873 -0.0307703 -0.52674 0.0572848 -0.848094 2 
0.124344 0.257418 -0.0311691 -0.571964 -0.0698909 -0.817296 2 
0.124574 0.257963 -0.0307438 -0.546452 -0.127457 -0.827735 2 
0.124558 0.257735 -0.0309841 -0.553126 -0.0040771 -0.833087 2 
0.124062 0.257751 -0.0309252 -0.572992 -0.295274 -0.764521 2 
0.124098 0.257846 -0.0306428 -0.54531 -0.114879 -0.830325 2 
0.124351 0.25647 -0.0308518 -0.631114 -0.27184 -0.726497 2 
0.124386 0.257152 -0.0310849 -0.607334 -0.155224 -0.779135 2 
0.12415 0.256856 -0.0309552 -0.604629 -0.141827 -0.783778 2 
0.123869 0.256602 -0.0301959 -0.475036 0.0854785 -0.875805 2 
0.12382 0.256475 -0.0305724 -0.480963 0.119164 -0.868605 2 
0.124024 0.257544 -0.0308506 -0.593646 -0.194814 -0.78079 2 
0.123732 0.257371 -0.0305424 -0.538324 0.0232863 -0.842416 2 
0.123387 0.257433 -0.0304121 -0.474392 0.0283824 -0.879856 2 
0.124074 0.257112 -0.0308187 -0.614586 -0.219384 -0.75773 2 
0.123817 0.25695 -0.0307309 -0.530556 0.0839218 -0.843485 2 
0.123567 0.25718 -0.0303509 -0.473342 0.033907 -0.880226 2 
0.123758 0.256876 -0.0306985 -0.519538 0.0987551 -0.848721 2 
0.12368 0.25836 -0.03023 -0.433785 0.0225515 -0.900734 2 
0.123349 0.257896 -0.0303501 -0.480734 -0.0201989 -0.876634 2 
0.123581 0.257995 -0.0306261 -0.49353 -0.0229863 -0.869425 2 
0.126889 0.253696 -0.031632 -0.779815 -0.161393 -0.604847 2 
0.126784 0.253693 -0.0318298 -0.779815 -0.161393 -0.604847 2 
0.12675 0.253682 -0.0316092 -0.774019 -0.168133 -0.61043 2 
0.126573 0.25346 -0.0315118 -0.839545 -0.161965 -0.518586 2 
0.126687 0.253412 -0.0317229 -0.838623 -0.1553 -0.522105 2 
0.126864 0.252263 -0.0309356 -0.958812 0.0159597 -0.283592 2 
0.126736 0.252196 -0.0313216 -0.965669 0.02815 -0.258246 2 
0.126722 0.252723 -0.0310714 -0.936961 -0.108886 -0.332036 2 
0.126599 0.252965 -0.0316679 -0.906833 -0.0979987 -0.409938 2 
0.126698 0.25266 -0.0312595 -0.936961 -0.108886 -0.332036 2 
0.126661 0.252565 -0.0315418 -0.936961 -0.108886 -0.332036 2 
0.126611 0.252997 -0.0315738 -0.906833 -0.0979987 -0.409938 2 
0.126498 0.253158 -0.0317197 -0.866549 -0.153436 -0.474921 2 
0.127497 0.252877 -0.0323924 -0.901849 -0.0118146 -0.43189 2 
0.126828 0.253539 -0.0321025 -0.788474 -0.148119 -0.596966 2 
0.126689 0.253524 -0.0320797 -0.795142 -0.160832 -0.584707 2 
0.126892 0.253251 -0.0323332 -0.828498 -0.136857 -0.543012 2 
0.126699 0.252102 -0.0316039 -0.965669 0.02815 -0.258246 2 
0.126624 0.25247 -0.0318241 -0.936961 -0.108886 -0.332036 2 
0.126447 0.252249 -0.0317268 -0.968634 -0.0454239 -0.244307 2 
0.126461 0.253064 -0.0320019 -0.901274 -0.125138 -0.414783 2 
0.126444 0.252723 -0.0318854 -0.929278 -0.115989 -0.350697 2 
0.126664 0.25279 -0.0322555 -0.928387 -0.115878 -0.353087 2 
0.126799 0.252608 -0.0324244 -0.967068 -0.0532445 -0.248887 2 
0.126501 0.252713 -0.0324208 -0.932455 -0.106914 -0.345103 2 
0.126324 0.252491 -0.0323234 -0.945071 -0.0771219 -0.317638 2 
0.126366 0.252895 -0.0322518 -0.924506 -0.116419 -0.362954 2 
0.126348 0.252554 -0.0321353 -0.934457 -0.120706 -0.334994 2 
0.126411 0.252154 -0.0320092 -0.969616 -0.00834847 -0.244491 2 
0.123215 0.25545 -0.0287687 -0.389603 0.304043 -0.869349 1 
0.122868 0.25677 -0.0291663 -0.44996 0.0701772 -0.890287 1 
0.122731 0.256169 -0.0286281 -0.417653 0.131667 -0.899016 1 
0.122622 0.257897 -0.0295123 -0.42126 -0.0144357 -0.906825 1 
0.123035 0.259085 -0.0297519 -0.201417 -0.965503 0.165032 1 
0.122756 0.258273 -0.0293369 -0.468351 0.121743 -0.875115 1 
0.122339 0.25823 -0.0292684 -0.404459 -0.112581 -0.9076 1 
0.12201 0.257178 -0.0288732 -0.365239 0.0271025 -0.930519 1 
0.122153 0.256831 -0.0290942 -0.381671 0.0462231 -0.923142 1 
0.121319 0.257303 -0.0286129 -0.389255 -0.00642335 -0.921108 1 
0.121631 0.257342 -0.0288792 -0.353743 0.00125887 -0.935342 1 
0.120534 0.25533 -0.0280622 0.0403537 -0.969711 0.240899 1 
0.119707 0.260106 -0.0270063 -0.642958 -0.229963 -0.730563 1 
0.119703 0.26058 -0.0271649 -0.653809 -0.282944 -0.701766 1 
0.118922 0.260175 -0.0273527 -0.66895 -0.169142 -0.723807 1 
0.118544 0.259668 -0.0273462 -0.659992 -0.0797793 -0.747024 1 
0.118776 0.259096 -0.0276097 -0.647854 -0.10773 -0.754108 1 
0.118891 0.259718 -0.0278331 -0.643328 -0.168816 -0.746747 1 
0.122114 0.259223 -0.0295724 -0.414293 -0.207883 -0.886085 1 
0.121524 0.258484 -0.029248 -0.389939 -0.082879 -0.917104 1 
0.121196 0.259557 -0.0292468 -0.46263 -0.238141 -0.853969 1 
0.120557 0.257322 -0.0284142 -0.442075 0.0362797 -0.896244 1 
0.120788 0.258678 -0.029218 -0.459939 -0.130388 -0.878325 1 
0.120691 0.258397 -0.029111 -0.439996 -0.0334343 -0.897377 1 
0.120931 0.260231 -0.0291195 -0.469904 -0.109313 -0.875923 1 
0.120237 0.260829 -0.0290178 -0.596989 -0.17773 -0.782314 1 
0.119857 0.260881 -0.028667 -0.61843 -0.158766 -0.769635 1 
0.11984 0.26054 -0.0285504 -0.504045 -0.0175673 -0.863499 1 
0.120018 0.260204 -0.0289922 -0.655492 -0.34491 -0.671839 1 
0.120036 0.260544 -0.0291087 -0.593646 -0.194814 -0.78079 1 
0.11998 0.260667 -0.0289301 -0.606294 -0.171707 -0.776482 1 
0.119803 0.260445 -0.0288327 -0.517983 -0.020393 -0.855148 1 
0.120271 0.259499 -0.0292135 -0.527995 -0.185024 -0.828847 1 
0.120221 0.25993 -0.0292456 -0.567435 -0.180066 -0.803488 1 
0.119909 0.259891 -0.0289793 -0.602547 -0.184578 -0.776446 1 
0.119586 0.259233 -0.0282917 -0.587354 -0.100564 -0.803058 1 
0.119654 0.259142 -0.0283762 -0.579101 -0.0909809 -0.810163 1 
0.119231 0.258676 -0.0277403 -0.63826 -0.0616746 -0.767346 1 
0.11946 0.259921 -0.0281872 -0.642327 -0.175458 -0.746076 1 
0.119423 0.259826 -0.0284695 -0.611548 -0.171476 -0.772402 1 
0.119132 0.259653 -0.0281612 -0.623741 -0.12297 -0.771898 1 
0.118847 0.259901 -0.0284202 -0.630348 -0.188644 -0.753044 1 
0.119744 0.2597 -0.0287879 -0.592825 -0.171328 -0.786896 1 
0.118917 0.259224 -0.0279893 -0.667952 -0.139594 -0.730995 1 
0.118984 0.259803 -0.0280862 -0.627386 -0.175546 -0.758664 1 
0.118866 0.259655 -0.0280214 -0.626989 -0.168513 -0.760584 1 
0.118989 0.259442 -0.0282845 -0.621545 -0.113679 -0.775086 1 
0.118849 0.259315 -0.0279048 -0.653735 -0.126577 -0.746062 1 
0.120094 0.259277 -0.0291162 -0.548593 -0.159944 -0.820648 1 
0.120068 0.259101 -0.0289476 -0.54641 -0.136971 -0.826242 1 
0.120009 0.259027 -0.0289152 -0.542127 -0.111914 -0.832811 1 
0.119971 0.25949 -0.0288531 -0.587999 -0.141417 -0.796404 1 
0.119853 0.259343 -0.0287882 -0.582222 -0.125288 -0.803319 1 
0.119732 0.259669 -0.028882 -0.592825 -0.171328 -0.786896 1 
0.119786 0.258035 -0.0269594 -0.605914 0.00412186 -0.79552 1 
0.119834 0.25819 -0.0274428 -0.588334 -0.0292081 -0.80809 1 
0.118658 0.257578 -0.0266602 -0.571538 0.060983 -0.818306 1 
0.118231 0.258958 -0.0270675 -0.641865 -0.0352673 -0.766006 1 
0.118615 0.258432 -0.0272597 -0.631566 -0.00690991 -0.775292 1 
0.118582 0.258534 -0.0273958 -0.642616 -0.0238006 -0.765819 1 
0.118105 0.258304 -0.0269381 -0.608433 0.0293726 -0.793061 1 
0.117575 0.257751 -0.027003 -0.581957 0.0552222 -0.811342 1 
0.117398 0.257529 -0.0269056 -0.558042 0.0756425 -0.826358 1 
0.117152 0.257286 -0.026367 -0.584819 0.0729236 -0.807879 1 
0.116933 0.257331 -0.0263538 -0.613539 0.0884773 -0.784692 1 
0.117372 0.257354 -0.026737 -0.579129 0.0668773 -0.812488 1 
0.117115 0.257191 -0.0266493 -0.443437 0.187098 -0.876561 1 
0.11728 0.257382 -0.0268408 -0.579129 0.0668773 -0.812488 1 
0.11656 0.257134 -0.0265581 -0.584944 0.0943458 -0.805568 1 
0.116766 0.257057 -0.0266653 -0.561394 0.0520591 -0.82591 1 
0.120106 0.257267 -0.0281251 -0.53273 -0.0177122 -0.8461 1 
0.120167 0.256783 -0.0285019 -0.530996 0.0487791 -0.845969 1 
0.119856 0.256856 -0.0285924 -0.544418 0.0346322 -0.838099 1 
0.119679 0.256635 -0.028495 -0.588273 -0.0581185 -0.806571 1 
0.119481 0.256546 -0.0284398 -0.593128 -0.119214 -0.796233 1 
0.119384 0.256265 -0.0283329 -0.614658 -0.268417 -0.741719 1 
0.11983 0.257351 -0.0284362 -0.546843 -0.00407079 -0.837225 1 
0.119629 0.257066 -0.0285271 -0.540298 -0.0205176 -0.841224 1 
0.119492 0.257835 -0.0288735 -0.513076 0.0287322 -0.857862 1 
0.119535 0.256982 -0.028274 -0.564391 0.00135998 -0.825507 1 
0.119101 0.256598 -0.028089 -0.595955 -0.541931 -0.592578 1 
0.118761 0.255599 -0.0272848 0.066727 0.963135 -0.260613 1 
0.118461 0.256261 -0.0269369 -0.495775 0.24405 -0.833455 1 
0.118768 0.256021 -0.0278523 -0.582018 -0.372164 -0.723014 1 
0.118588 0.256273 -0.0279135 -0.547228 -0.476941 -0.6878 1 
0.1189 0.256313 -0.0281799 -0.599529 -0.336321 -0.726259 1 
0.118803 0.256031 -0.0280729 -0.623563 -0.251004 -0.740382 1 
0.118805 0.258127 -0.0276073 -0.628881 -0.00137611 -0.7775 1 
0.11846 0.258189 -0.0274772 -0.608548 -0.00965949 -0.793458 1 
0.118057 0.25762 -0.0276589 -0.569351 0.00135883 -0.822094 1 
0.118044 0.258146 -0.0274086 -0.601086 0.00687741 -0.799155 1 
0.119208 0.258055 -0.0282728 -0.601649 -0.0350611 -0.797991 1 
0.117877 0.256502 -0.0268355 -0.524382 0.245949 -0.815189 1 
0.117653 0.257608 -0.0274963 -0.582087 0.0263953 -0.812698 1 
0.117715 0.257208 -0.0273701 -0.546452 0.127457 -0.827735 1 
0.117374 0.257466 -0.0270939 -0.545703 0.0722879 -0.834855 1 
0.117141 0.256697 -0.0268055 -0.56306 0.0969794 -0.820706 1 
0.123127 0.257045 -0.0296108 -0.427597 0.0783699 -0.900566 1 
0.123175 0.2572 -0.0300942 -0.432166 0.0754576 -0.898631 1 
0.123613 0.256411 -0.0292484 -0.438023 0.0931668 -0.894123 1 
0.123311 0.256319 -0.029391 -0.432431 0.0931603 -0.896842 1 
0.123109 0.256704 -0.0294943 -0.431464 0.0901774 -0.897612 1 
0.122918 0.256338 -0.0291343 -0.447672 0.073005 -0.891212 1 
0.123074 0.256023 -0.0292612 -0.460108 0.0999011 -0.882225 1 
0.122719 0.256166 -0.029582 -0.404965 0.0717831 -0.91151 1 
0.122944 0.255843 -0.0292904 -0.456637 0.149313 -0.877034 1 
0.12229 0.256091 -0.0296076 -0.408231 0.0718813 -0.910044 1 
0.122335 0.255379 -0.0302247 -0.359681 0.212342 -0.908593 1 
0.12212 0.255621 -0.0300653 -0.389572 0.129857 -0.911795 1 
0.123478 0.258634 -0.0299765 -0.500369 -0.0370136 -0.865021 1 
0.122891 0.25812 -0.0303657 -0.456981 -0.0504725 -0.888043 1 
0.123009 0.257568 -0.0295584 -0.412736 0.0196541 -0.910639 1 
0.122832 0.257346 -0.0294611 -0.410889 0.0385624 -0.91087 1 
0.122972 0.257473 -0.0298407 -0.41784 0.025044 -0.908175 1 
0.122953 0.257719 -0.0302396 -0.427947 0.0415873 -0.902847 1 
0.12275 0.257993 -0.029986 -0.420458 -0.00390518 -0.907304 1 
0.122725 0.258487 -0.0298299 -0.464102 -0.0794409 -0.882212 1 
0.122464 0.258799 -0.0299008 -0.429966 -0.150991 -0.89013 1 
0.12252 0.258677 -0.0300794 -0.463777 -0.121296 -0.877609 1 
0.122723 0.258404 -0.0303329 -0.460409 -0.0337544 -0.887065 1 
0.122688 0.258393 -0.0301122 -0.460409 -0.0337544 -0.887065 1 
0.122443 0.258262 -0.0299304 -0.440434 -0.0586337 -0.895868 1 
0.12194 0.256515 -0.0292792 -0.386988 0.0629358 -0.919934 1 
0.121725 0.256756 -0.0291198 -0.380241 0.0516704 -0.923443 1 
0.122063 0.256301 -0.0295423 -0.421729 0.0637339 -0.904479 1 
0.122189 0.256284 -0.0296593 -0.404087 0.0466767 -0.913529 1 
0.121874 0.256048 -0.029539 -0.381152 0.0969957 -0.91941 1 
0.121468 0.256594 -0.0290321 -0.362634 0.0458202 -0.930804 1 
0.121849 0.255985 -0.0297273 -0.367957 0.0849131 -0.925958 1 
0.121783 0.254847 -0.0299748 -0.0940905 0.459218 -0.883327 1 
0.121943 0.255399 -0.0299679 -0.328413 0.255433 -0.90934 1 
0.12123 0.256215 -0.0294053 -0.323228 0.152674 -0.933924 1 
0.120952 0.256186 -0.0293597 -0.353582 0.140046 -0.92486 1 
0.120763 0.255932 -0.0293564 -0.348362 0.107084 -0.931223 1 
0.119942 0.255877 -0.0291253 -0.482412 -0.586626 -0.650499 1 
0.121513 0.255882 -0.0296492 -0.345382 0.237541 -0.907902 1 
0.121636 0.255668 -0.0299123 -0.341466 0.256466 -0.904227 1 
0.121542 0.255584 -0.0296592 -0.29765 0.345513 -0.889958 1 
0.121155 0.255913 -0.0296131 -0.31333 0.198114 -0.928749 1 
0.121205 0.255481 -0.0295811 -0.257519 0.318625 -0.912229 1 
0.121505 0.255489 -0.0299415 -0.250395 0.40333 -0.880129 1 
0.121408 0.255208 -0.0298346 -0.146261 0.464851 -0.873225 1 
0.120242 0.255885 -0.0294858 -0.48497 -0.481659 -0.729937 1 
0.120183 0.255811 -0.0294533 -0.495726 -0.50574 -0.706033 1 
0.122464 0.254217 -0.0301706 0.255405 -0.851858 -0.457281 1 
0.122267 0.254799 -0.0301278 -0.205111 0.426455 -0.880946 1 
0.120107 0.256068 -0.0293168 -0.513425 -0.500045 -0.697388 1 
0.117837 0.260093 -0.026122 -0.690812 -0.0382996 -0.722019 1 
0.117094 0.260537 -0.025537 -0.702239 -0.0411413 -0.710751 1 
0.117118 0.260629 -0.0262085 -0.720945 -0.0739803 -0.689032 1 
0.117193 0.26026 -0.0259883 -0.719225 -0.0799139 -0.690166 1 
0.116868 0.260189 -0.025816 -0.69702 -0.0238417 -0.716655 1 
0.115716 0.25897 -0.0248329 -0.721277 0.117486 -0.68261 1 
0.116622 0.260616 -0.0252899 -0.686504 0.189753 -0.701931 1 
0.11644 0.260756 -0.0249944 -0.704459 0.16962 -0.689178 1 
0.116147 0.260499 -0.025189 -0.678229 0.203313 -0.706165 1 
0.115838 0.260656 -0.0247765 -0.536025 0.443092 -0.718572 1 
0.11683 0.260652 -0.025754 -0.710677 -0.0441503 -0.702132 1 
0.116907 0.260396 -0.0258905 -0.707432 -0.0559632 -0.704562 1 
0.11661 0.260585 -0.025384 -0.707853 0.101542 -0.699023 1 
0.116574 0.26049 -0.0256663 -0.708077 0.0353332 -0.705251 1 
0.116397 0.260268 -0.025569 -0.678229 0.203313 -0.706165 1 
0.116379 0.260598 -0.0254648 -0.686504 0.189753 -0.701931 1 
0.116182 0.26051 -0.0254096 -0.695487 0.202915 -0.689291 1 
0.116178 0.260313 -0.0255558 -0.686504 0.189753 -0.701931 1 
0.11657 0.260293 -0.0258124 -0.704039 0.0267001 -0.70966 1 
0.11649 0.260353 -0.0258221 -0.703752 0.038232 -0.709416 1 
0.116478 0.260321 -0.0259161 -0.711236 0.00974296 -0.702885 1 
0.11636 0.260173 -0.0258513 -0.710892 0.0353326 -0.702413 1 
0.115595 0.260638 -0.0249515 -0.536025 0.443092 -0.718572 1 
0.115774 0.260301 -0.0253932 -0.613932 0.328834 -0.717604 1 
0.115656 0.260154 -0.0253283 -0.600593 -0.546455 -0.583674 1 
0.116112 0.259846 -0.0258156 -0.689607 0.0647856 -0.72128 1 
0.115994 0.259698 -0.0257508 -0.760819 0.0497732 -0.647052 1 
0.115779 0.25994 -0.0255913 -0.702765 -0.261752 -0.661519 1 
0.115657 0.259596 -0.0256726 -0.744803 0.0648281 -0.664128 1 
0.115718 0.260424 -0.0252146 -0.593401 0.358002 -0.720909 1 
0.118256 0.261732 -0.0277888 -0.638952 -0.304186 -0.706549 1 
0.118379 0.261519 -0.0280518 -0.64719 -0.282846 -0.707914 1 
0.118376 0.260623 -0.0273258 -0.676757 -0.0983574 -0.729606 1 
0.118393 0.260963 -0.0274424 -0.672544 -0.139925 -0.726709 1 
0.118161 0.260864 -0.0271664 -0.686003 -0.114087 -0.718599 1 
0.118251 0.261423 -0.0275782 -0.681385 -0.203329 -0.703115 1 
0.118151 0.261616 -0.0276298 -0.677409 -0.237329 -0.69627 1 
0.117921 0.261043 -0.0271953 -0.70116 -0.0922194 -0.707015 1 
0.118579 0.26035 -0.0275793 -0.669081 -0.114233 -0.734358 1 
0.118584 0.260659 -0.02779 -0.67031 -0.117416 -0.732733 1 
0.118542 0.260255 -0.0278616 -0.662436 -0.133085 -0.737203 1 
0.118468 0.260623 -0.0280819 -0.659551 -0.130116 -0.740312 1 
0.118426 0.260191 -0.0272938 -0.668138 -0.0921065 -0.738314 1 
0.118339 0.260528 -0.0276081 -0.67424 -0.0921412 -0.732742 1 
0.118806 0.260139 -0.0276446 -0.65336 -0.142688 -0.743479 1 
0.118592 0.259823 -0.0278295 -0.646567 -0.168868 -0.743932 1 
0.118567 0.260318 -0.0276734 -0.67031 -0.117416 -0.732733 1 
0.11853 0.260223 -0.0279557 -0.652701 -0.107556 -0.749943 1 
0.118301 0.260991 -0.027546 -0.677246 -0.153024 -0.719668 1 
0.118277 0.260928 -0.0277342 -0.673807 -0.15596 -0.722261 1 
0.118239 0.261392 -0.0276723 -0.681368 -0.21361 -0.700078 1 
0.118138 0.261584 -0.0277239 -0.672499 -0.237816 -0.700848 1 
0.118079 0.26151 -0.0276915 -0.675437 -0.230369 -0.700511 1 
0.118055 0.261447 -0.0278796 -0.670352 -0.213082 -0.710791 1 
0.118417 0.261055 -0.0281139 -0.658081 -0.23716 -0.714622 1 
0.118246 0.261143 -0.0282273 -0.658254 -0.244675 -0.711924 1 
0.118265 0.260897 -0.0278284 -0.671827 -0.159237 -0.723389 1 
0.118228 0.260802 -0.0281107 -0.639049 -0.510902 -0.574975 1 
0.118202 0.261297 -0.0279545 -0.659344 -0.230222 -0.715725 1 
0.117347 0.26056 -0.0274904 -0.696771 -0.0678017 -0.714082 1 
0.117654 0.261632 -0.0275709 -0.683946 -0.226939 -0.693337 1 
0.117682 0.261221 -0.0272241 -0.704281 -0.0893163 -0.704281 1 
0.117358 0.26115 -0.0270519 -0.702092 -0.0770411 -0.707906 1 
0.117722 0.261541 -0.0276554 -0.68347 -0.199926 -0.702067 1 
0.118585 0.260101 -0.0281343 -0.643467 -0.199058 -0.739139 1 
0.118443 0.26056 -0.0282701 -0.655917 -0.120475 -0.745157 1 
0.118615 0.259802 -0.0281443 -0.644606 -0.159256 -0.747743 1 
0.11852 0.260975 -0.028419 -0.629358 -0.34819 -0.694746 1 
0.118263 0.260813 -0.0283313 -0.659668 -0.209542 -0.721755 1 
0.117611 0.259745 -0.0264011 -0.688421 -0.0589254 -0.722914 1 
0.117574 0.259651 -0.0266835 -0.68066 -0.0382075 -0.731603 1 
0.117852 0.259009 -0.0267167 -0.634881 0.00413155 -0.772599 1 
0.117435 0.258966 -0.0266482 -0.649982 0.0266731 -0.759482 1 
0.117338 0.258684 -0.0265413 -0.640554 0.0527851 -0.766097 1 
0.117397 0.259429 -0.0265861 -0.677411 -0.00415589 -0.735593 1 
0.11722 0.259207 -0.0264888 -0.677797 0.0353756 -0.734398 1 
0.117408 0.260019 -0.0261476 -0.702239 -0.0411413 -0.710751 1 
0.117188 0.26065 -0.0266498 -0.694788 -0.0768763 -0.715095 1 
0.117231 0.259797 -0.0260503 -0.700124 -0.00693192 -0.713988 1 
0.117274 0.259643 -0.0263231 -0.691579 -0.0125236 -0.722192 1 
0.117215 0.259569 -0.0262906 -0.685996 -0.00692926 -0.727572 1 
0.116814 0.259753 -0.0259818 -0.673945 0.0238193 -0.738397 1 
0.116719 0.259585 -0.0262317 -0.679775 0.0558131 -0.731294 1 
0.117001 0.259252 -0.0264756 -0.675252 0.0559126 -0.735465 1 
0.117957 0.259125 -0.0268757 -0.646232 -0.03818 -0.762186 1 
0.117402 0.259767 -0.0276565 -0.682071 -0.0382867 -0.730283 1 
0.116517 0.2593 -0.0263226 -0.721485 0.0588089 -0.689929 1 
0.116541 0.257351 -0.026097 -0.616856 0.0733326 -0.783652 1 
0.116517 0.257288 -0.0262853 -0.616226 0.0643391 -0.784937 1 
0.116948 0.260829 -0.0266787 -0.728673 -0.0499091 -0.683041 1 
0.116887 0.260642 -0.0262894 -0.725584 -0.0617824 -0.685354 1 
0.116873 0.260527 -0.0268864 -0.722974 -0.0558337 -0.688615 1 
0.116516 0.259858 -0.0259782 -0.686915 0.0266899 -0.726248 1 
0.116302 0.259542 -0.0261632 -0.741773 0.0737436 -0.666584 1 
0.116829 0.256657 -0.0265391 -0.541905 0.133641 -0.829746 1 
0.116664 0.256467 -0.0263477 -0.540624 0.0813076 -0.837326 1 
0.11669 0.256642 -0.0265163 -0.549617 0.0318418 -0.834809 1 
0.116376 0.257161 -0.0259057 -0.398044 0.161215 -0.903089 1 
0.116106 0.256854 -0.0255552 -0.703752 0.038232 -0.709416 1 
0.116263 0.257322 -0.0260514 -0.256592 0.18328 -0.948983 1 
0.116246 0.256981 -0.025935 -0.638216 0.0237411 -0.769491 1 
0.116327 0.257034 -0.0262821 -0.620627 0.0497069 -0.782529 1 
0.117058 0.246281 -0.0312718 -0.542465 -0.00135278 -0.840077 1 
0.117542 0.246234 -0.0314247 -0.432832 0.0583441 -0.899585 1 
0.117512 0.245861 -0.0314023 -0.449644 0.0335555 -0.892577 1 
0.116936 0.245937 -0.031353 -0.528668 0.00134521 -0.848828 1 
0.118776 0.244236 -0.03219 -0.423693 0.0414337 -0.904858 1 
0.117829 0.245539 -0.0318668 -0.442914 0.0474067 -0.89531 1 
0.117939 0.245852 -0.0318796 -0.451821 0.0308364 -0.891576 1 
0.118381 0.245401 -0.0321043 -0.445258 0.0390105 -0.894552 1 
0.117745 0.24596 -0.0316782 -0.446465 0.0308369 -0.89427 1 
0.117543 0.245676 -0.0317691 -0.453797 0.0447024 -0.889983 1 
0.117217 0.245492 -0.0312401 -0.520412 -0.0040342 -0.853906 1 
0.117073 0.245168 -0.0310066 -0.542283 -0.0150255 -0.840061 1 
0.116969 0.245164 -0.0312044 -0.533509 -0.00950271 -0.845741 1 
0.116783 0.245778 -0.0310675 -0.55188 -0.00135597 -0.833922 1 
0.116573 0.245658 -0.0311063 -0.566921 -0.00683038 -0.823744 1 
0.116315 0.244713 -0.0306494 -0.586511 0.0292559 -0.809413 1 
0.116627 0.244752 -0.0309157 -0.571319 0.00959049 -0.820672 1 
0.11629 0.24465 -0.0308376 -0.586511 0.0292559 -0.809413 1 
0.11542 0.244327 -0.0297664 -0.647309 0.297152 -0.70192 1 
0.115428 0.244162 -0.0298184 -0.643128 0.293497 -0.70728 1 
0.115982 0.244806 -0.0304251 -0.600904 0.02649 -0.798882 1 
0.115593 0.244352 -0.0300098 -0.638945 0.165428 -0.751254 1 
0.115666 0.24457 -0.030305 -0.639269 0.126662 -0.75848 1 
0.115544 0.244226 -0.0303862 -0.638945 0.165428 -0.751254 1 
0.116101 0.244396 -0.0308344 -0.595411 0.0494997 -0.801895 1 
0.115945 0.244712 -0.0307074 -0.600904 0.02649 -0.798882 1 
0.115869 0.244297 -0.0305585 -0.626572 0.11352 -0.771052 1 
0.115751 0.244149 -0.0304936 -0.631389 0.149183 -0.760982 1 
0.115753 0.244233 -0.0299906 -0.637023 0.216494 -0.739819 1 
0.115426 0.244078 -0.0303214 -0.641947 0.226478 -0.732538 1 
0.115445 0.243832 -0.0299225 -0.621888 0.362631 -0.694085 1 
0.115239 0.243908 -0.0298152 -0.62577 0.406668 -0.665607 1 
0.115232 0.243515 -0.0301075 -0.579627 0.495623 -0.64683 1 
0.115452 0.243583 -0.0304775 -0.60808 0.362226 -0.706422 1 
0.115414 0.244046 -0.0304155 -0.641947 0.226478 -0.732538 1 
0.115409 0.243737 -0.0302048 -0.615682 0.366126 -0.697773 1 
0.115096 0.243698 -0.0299385 -0.548509 0.565386 -0.616017 1 
0.115253 0.243382 -0.0300654 -0.534897 0.585518 -0.609142 1 
0.118473 0.244031 -0.0319757 -0.423693 0.0414337 -0.904858 1 
0.117676 0.244039 -0.0315564 -0.496072 0.0453473 -0.867096 1 
0.117558 0.243892 -0.0314916 -0.50361 0.0370504 -0.863136 1 
0.117369 0.243638 -0.0314883 -0.524216 0.0401115 -0.85064 1 
0.118957 0.243984 -0.0321287 -0.450845 0.0199489 -0.89238 1 
0.1187 0.243821 -0.032041 -0.442406 0.0145268 -0.896697 1 
0.118358 0.243409 -0.0317523 -0.429371 0.0305744 -0.90261 1 
0.117897 0.244107 -0.0319265 -0.457136 0.0364091 -0.888651 1 
0.117761 0.243618 -0.031745 -0.453797 0.0447024 -0.889983 1 
0.117192 0.243416 -0.0313911 -0.539877 0.0546889 -0.839965 1 
0.117411 0.244713 -0.0314291 -0.522389 0.0204591 -0.852462 1 
0.117361 0.244474 -0.0314487 -0.522389 0.0204591 -0.852462 1 
0.117588 0.244935 -0.0315264 -0.490144 0.0147715 -0.871516 1 
0.117158 0.244747 -0.0311952 -0.543696 0.00406755 -0.839272 1 
0.117614 0.24444 -0.0316826 -0.491272 0.0174974 -0.87083 1 
0.117116 0.244343 -0.0312669 -0.547372 0.0150152 -0.836755 1 
0.116982 0.243967 -0.0314423 -0.551682 0.0519395 -0.832436 1 
0.117391 0.245517 -0.0314835 -0.528352 -0.0149405 -0.848894 1 
0.116177 0.243469 -0.0309585 -0.590227 0.177523 -0.787475 1 
0.11633 0.243628 -0.031244 -0.583578 0.0941255 -0.806583 1 
0.116153 0.243406 -0.0311467 -0.590227 0.177523 -0.787475 1 
0.11616 0.243129 -0.0308419 -0.588807 0.274565 -0.760211 1 
0.115625 0.242938 -0.0307086 -0.564985 0.454988 -0.688315 1 
0.116224 0.244183 -0.0310975 -0.593369 0.0672008 -0.802121 1 
0.115912 0.244143 -0.0308311 -0.624563 0.116644 -0.772214 1 
0.115894 0.243802 -0.0307146 -0.621871 0.178769 -0.762442 1 
0.116047 0.243961 -0.0310001 -0.599409 0.109916 -0.792861 1 
0.116267 0.244028 -0.0313702 -0.581583 0.0728766 -0.810216 1 
0.115852 0.24731 -0.0305041 -0.466874 -0.0338314 -0.883677 1 
0.11635 0.247406 -0.0309198 -0.18626 0.207396 -0.960362 1 
0.116173 0.247185 -0.0308225 -0.501117 -0.0230867 -0.865072 1 
0.116721 0.246178 -0.0311937 -0.531813 0.00134636 -0.846861 1 
0.116805 0.246986 -0.0310503 -0.509855 -0.0287049 -0.859782 1 
0.116756 0.24686 -0.0314267 -0.491969 -0.00133325 -0.870612 1 
0.116628 0.246764 -0.030953 -0.553217 -0.0431983 -0.831916 1 
0.116211 0.246721 -0.0308845 -0.527969 -0.0260556 -0.848864 1 
0.11579 0.24771 -0.0306302 -0.441376 -0.0118579 -0.897244 1 
0.115656 0.247334 -0.0308056 -0.469027 -0.0310883 -0.882636 1 
0.11664 0.246125 -0.0308465 -0.553126 -0.0040771 -0.833087 1 
0.114635 0.244366 -0.0292529 -0.594263 0.506723 -0.624566 1 
0.114821 0.244423 -0.0294024 -0.57563 0.545245 -0.609391 1 
0.115267 0.244168 -0.0294809 -0.635919 0.406789 -0.655843 1 
0.114906 0.244002 -0.0295909 -0.57563 0.545245 -0.609391 1 
0.115024 0.24415 -0.0296558 -0.625846 0.432251 -0.649211 1 
0.113943 0.244378 -0.0286358 -0.46358 0.677797 -0.570688 1 
0.114032 0.244154 -0.0286783 -0.480682 0.668265 -0.567774 1 
0.113827 0.244343 -0.0289278 -0.534934 0.588933 -0.605808 1 
0.113686 0.244216 -0.0285481 -0.414454 0.714974 -0.563063 1 
0.113914 0.244006 -0.0286134 -0.46358 0.677797 -0.570688 1 
0.114446 0.244113 -0.0292497 -0.575027 0.531184 -0.622244 1 
0.114075 0.243999 -0.028951 -0.569768 0.542717 -0.617108 1 
0.114122 0.244042 -0.0290775 -0.569768 0.542717 -0.617108 1 
0.114894 0.243971 -0.0296851 -0.57563 0.545245 -0.609391 1 
0.114649 0.24384 -0.0295033 -0.57563 0.545245 -0.609391 1 
0.114233 0.243797 -0.0294347 -0.575027 0.531184 -0.622244 1 
0.1143 0.243706 -0.0295192 -0.566679 0.553146 -0.61066 1 
0.11408 0.243638 -0.0291492 -0.569768 0.542717 -0.617108 1 
0.114311 0.244295 -0.0290807 -0.592039 0.527943 -0.608906 1 
0.114692 0.243686 -0.0297759 -0.57563 0.545245 -0.609391 1 
0.129369 0.268534 -0.0290656 -0.599166 0.228772 -0.767244 1 
0.129317 0.267511 -0.028716 -0.504806 0.329637 -0.797816 1 
0.129292 0.267448 -0.0289043 -0.519222 0.360706 -0.77479 1 
0.129537 0.267608 -0.0299458 -0.568462 0.338486 -0.749852 1 
0.130064 0.266036 -0.0294868 -0.501807 0.384881 -0.774633 1 
0.129246 0.267406 -0.0287777 -0.513564 0.355792 -0.78081 1 
0.129154 0.267434 -0.0288814 -0.519222 0.360706 -0.77479 1 
0.129079 0.267132 -0.0290892 -0.483303 0.383087 -0.787186 1 
0.129056 0.267152 -0.0287744 -0.492528 0.379489 -0.783201 1 
0.128843 0.266836 -0.0289594 -0.483931 0.386821 -0.784972 1 
0.128902 0.267581 -0.0290043 -0.513564 0.355792 -0.78081 1 
0.128957 0.267458 -0.0291829 -0.462285 0.372707 -0.8046 1 
0.1286 0.267489 -0.0291469 -0.462285 0.372707 -0.8046 1 
0.129273 0.266353 -0.0292782 -0.457359 0.386749 -0.80078 1 
0.129408 0.266171 -0.0294472 -0.446765 0.382713 -0.808661 1 
0.129346 0.266571 -0.0295733 -0.473412 0.389394 -0.790097 1 
0.129156 0.266318 -0.0295701 -0.446765 0.382713 -0.808661 1 
0.129075 0.266265 -0.0292229 -0.446765 0.382713 -0.808661 1 
0.129311 0.26589 -0.0293403 -0.431361 0.383609 -0.816561 1 
0.129089 0.265738 -0.0294732 -0.295118 0.373816 -0.879299 1 
0.128655 0.266025 -0.0293006 -0.294208 0.366628 -0.882624 1 
0.128643 0.265993 -0.0293947 -0.280553 0.36757 -0.886669 1 
0.128995 0.266995 -0.0292449 -0.483303 0.383087 -0.787186 1 
0.128831 0.266804 -0.0290535 -0.483931 0.386821 -0.784972 1 
0.128638 0.267025 -0.0292089 -0.483931 0.386821 -0.784972 1 
0.129044 0.26715 -0.0297283 -0.516545 0.386187 -0.764226 1 
0.128678 0.266675 -0.0296278 -0.440522 0.389262 -0.808959 1 
0.128589 0.266899 -0.0295853 -0.44369 0.392433 -0.80569 1 
0.128713 0.266657 -0.0289886 -0.440522 0.389262 -0.808959 1 
0.128671 0.266253 -0.0290603 -0.33372 0.379857 -0.862751 1 
0.128481 0.265999 -0.0290571 -0.232305 0.357953 -0.90438 1 
0.128223 0.266424 -0.0294847 -0.237929 0.348866 -0.906467 1 
0.128374 0.265799 -0.0294011 -0.252353 0.358607 -0.898732 1 
0.130361 0.262635 -0.0311479 -0.391216 0.545083 -0.741509 1 
0.129464 0.262836 -0.0307802 -0.561804 0.297613 -0.771883 1 
0.129944 0.262592 -0.0310793 -0.352975 0.523821 -0.775255 1 
0.129611 0.262686 -0.0308551 -0.447067 0.342804 -0.826206 1 
0.12925 0.26252 -0.0309652 -0.47325 0.316024 -0.822291 1 
0.129477 0.26231 -0.0310304 -0.354347 0.394933 -0.847624 1 
0.1296 0.262096 -0.0312935 -0.32566 0.39357 -0.859679 1 
0.128965 0.262126 -0.0320716 -0.353577 0.42272 -0.834441 1 
0.129611 0.265898 -0.0297007 -0.43854 0.399987 -0.804794 1 
0.129066 0.265117 -0.0300058 -0.279698 0.338893 -0.898288 1 
0.129529 0.266544 -0.0302257 -0.472206 0.388401 -0.791307 1 
0.129158 0.26576 -0.0299144 -0.324327 0.388885 -0.862311 1 
0.12904 0.265612 -0.0298496 -0.284622 0.37799 -0.880973 1 
0.128863 0.26539 -0.0297523 -0.269636 0.361997 -0.892331 1 
0.128917 0.265825 -0.0295865 -0.295118 0.373816 -0.879299 1 
0.12866 0.265663 -0.0294988 -0.244717 0.350223 -0.904133 1 
0.1285 0.265782 -0.029518 -0.252353 0.358607 -0.898732 1 
0.129015 0.265549 -0.0300378 -0.284622 0.37799 -0.880973 1 
0.128802 0.265232 -0.0302228 -0.259028 0.335127 -0.905867 1 
0.128804 0.265316 -0.0297198 -0.240925 0.346055 -0.906753 1 
0.128526 0.265287 -0.0296742 -0.232614 0.33086 -0.914561 1 
0.128287 0.265466 -0.029703 -0.232614 0.33086 -0.914561 1 
0.128349 0.265065 -0.0295769 -0.224962 0.325263 -0.918475 1 
0.127933 0.265022 -0.0295083 -0.213778 0.307218 -0.927317 1 
0.128779 0.265253 -0.0299081 -0.240131 0.339095 -0.909589 1 
0.128649 0.265074 -0.0299373 -0.232614 0.33086 -0.914561 1 
0.128443 0.26515 -0.0298299 -0.222405 0.331455 -0.916883 1 
0.128705 0.264951 -0.0301158 -0.23852 0.325255 -0.91505 1 
0.128646 0.264877 -0.0300834 -0.24147 0.322442 -0.915272 1 
0.128312 0.264971 -0.0298592 -0.210337 0.309153 -0.92746 1 
0.128254 0.264897 -0.0298267 -0.213964 0.313152 -0.925287 1 
0.128073 0.265149 -0.0298879 -0.213778 0.307218 -0.927317 1 
0.127995 0.264622 -0.0293822 -0.218975 0.300914 -0.928171 1 
0.128135 0.264749 -0.0297619 -0.225717 0.299536 -0.927001 1 
0.127719 0.264706 -0.0296934 -0.225717 0.299536 -0.927001 1 
0.127899 0.264453 -0.0296321 -0.232727 0.304116 -0.92377 1 
0.127702 0.264365 -0.0295768 -0.231704 0.299935 -0.925393 1 
0.128349 0.265736 -0.0295893 -0.252353 0.358607 -0.898732 1 
0.128084 0.265739 -0.0294494 -0.23355 0.343796 -0.909538 1 
0.12803 0.265303 -0.0296153 -0.226101 0.335551 -0.914485 1 
0.127403 0.264469 -0.0295732 -0.214562 0.29029 -0.932574 1 
0.128376 0.264683 -0.0300898 -0.239167 0.307909 -0.920864 1 
0.12804 0.26458 -0.0300118 -0.239167 0.307909 -0.920864 1 
0.127922 0.264433 -0.0299468 -0.253451 0.317176 -0.913872 1 
0.127904 0.264092 -0.0298303 -0.258844 0.329039 -0.908148 1 
0.127623 0.264537 -0.0299432 -0.224397 0.315871 -0.921885 1 
0.126943 0.264609 -0.0300917 -0.235841 0.307308 -0.921923 1 
0.12715 0.264532 -0.0301991 -0.235841 0.307308 -0.921923 1 
0.129047 0.262793 -0.0307117 -0.258158 0.328167 -0.908659 1 
0.129166 0.262411 -0.0319807 -0.32566 0.39357 -0.859679 1 
0.128533 0.262526 -0.0322558 -0.341198 0.409749 -0.845984 1 
0.128993 0.262357 -0.0308775 -0.327084 0.35751 -0.874759 1 
0.129276 0.262025 -0.0311213 -0.349434 0.412113 -0.841462 1 
0.129423 0.261874 -0.0311962 -0.346229 0.415161 -0.841289 1 
0.129019 0.261862 -0.0310336 -0.389797 0.28666 -0.875148 1 
0.128366 0.261523 -0.0308353 -0.3731 0.315231 -0.872597 1 
0.128613 0.261096 -0.0313616 -0.371184 0.304522 -0.877205 1 
0.128457 0.261412 -0.0312346 -0.375432 0.308554 -0.873982 1 
0.128495 0.260948 -0.0312966 -0.371184 0.304522 -0.877205 1 
0.127624 0.259955 -0.030213 -0.630318 0.251179 -0.734581 1 
0.127587 0.25986 -0.0304953 -0.467327 0.198577 -0.861494 1 
0.127769 0.25972 -0.0307908 -0.435006 0.145002 -0.888676 1 
0.128635 0.261746 -0.0316887 -0.398064 0.297404 -0.867811 1 
0.128815 0.260823 -0.031615 -0.397545 0.308519 -0.864161 1 
0.128458 0.260854 -0.031579 -0.375432 0.308554 -0.873982 1 
0.128246 0.260621 -0.031261 -0.395941 0.232819 -0.888272 1 
0.128048 0.260533 -0.0312057 -0.442489 0.223494 -0.868478 1 
0.128222 0.260558 -0.0314492 -0.42249 0.231399 -0.876331 1 
0.128024 0.260469 -0.031394 -0.442489 0.223494 -0.868478 1 
0.12783 0.260578 -0.0311925 -0.454121 0.214321 -0.864778 1 
0.127847 0.260248 -0.0312966 -0.454898 0.191146 -0.869788 1 
0.127427 0.258638 -0.0304897 -0.245621 -0.0107834 -0.969306 1 
0.127261 0.264258 -0.0296965 -0.235009 0.300526 -0.924367 1 
0.127568 0.263989 -0.0297522 -0.271401 0.327149 -0.90516 1 
0.127189 0.263482 -0.0297458 -0.29536 0.301238 -0.906652 1 
0.127269 0.264093 -0.0297486 -0.263183 0.315529 -0.911689 1 
0.12733 0.263609 -0.0301253 -0.322075 0.319079 -0.891323 1 
0.12738 0.263178 -0.0300933 0.0111326 0.30058 -0.953692 1 
0.127321 0.263104 -0.0300609 -0.404142 0.305795 -0.862067 1 
0.126896 0.263225 -0.0299403 -0.325172 0.295476 -0.898308 1 
0.126559 0.263122 -0.0298622 -0.275677 0.304849 -0.91163 1 
0.126888 0.264061 -0.0299007 -0.265198 0.305774 -0.914425 1 
0.126895 0.263783 -0.029596 -0.267649 0.299477 -0.915793 1 
0.12679 0.26445 -0.0298062 -0.232727 0.304116 -0.92377 1 
0.126433 0.264481 -0.0297702 -0.238528 0.298517 -0.924117 1 
0.126533 0.263617 -0.0297061 -0.299891 0.308755 -0.902627 1 
0.126235 0.263722 -0.0297025 -0.247796 0.270452 -0.930297 1 
0.126117 0.263574 -0.0296376 -0.256132 0.264622 -0.929716 1 
0.126609 0.262691 -0.0298302 -0.202323 0.351555 -0.914043 1 
0.1261 0.263233 -0.029521 -0.168724 0.297668 -0.939642 1 
0.128155 0.262632 -0.0305423 -0.348805 0.333574 -0.875821 1 
0.128657 0.262255 -0.0307994 -0.506186 0.286786 -0.813345 1 
0.1284 0.262092 -0.0307116 -0.469482 0.277351 -0.83825 1 
0.128362 0.262556 -0.0306496 -0.34845 0.336277 -0.874929 1 
0.127848 0.262231 -0.0304741 -0.351845 0.309563 -0.883389 1 
0.127789 0.262157 -0.0304417 -0.375749 0.291244 -0.879767 1 
0.128063 0.261989 -0.0306336 -0.373731 0.318816 -0.871023 1 
0.127924 0.261975 -0.0306107 -0.273951 0.342068 -0.898855 1 
0.127588 0.261872 -0.0305326 -0.299486 0.329285 -0.895477 1 
0.128159 0.262829 -0.0303961 -0.348805 0.333574 -0.875821 1 
0.127515 0.262995 -0.0302623 0.00370859 0.310286 -0.950636 1 
0.127586 0.26243 -0.0301882 -0.347657 0.305517 -0.88645 1 
0.127565 0.262564 -0.0302303 -0.335739 0.317672 -0.886772 1 
0.12717 0.262387 -0.0301197 -0.330145 0.309231 -0.891841 1 
0.128627 0.261882 -0.0307769 -0.384286 0.299227 -0.873377 1 
0.128543 0.261745 -0.0309327 -0.3731 0.315231 -0.872597 1 
0.128089 0.261495 -0.0307897 -0.371525 0.301769 -0.878012 1 
0.128311 0.261675 -0.0315165 -0.371525 0.301769 -0.878012 1 
0.127868 0.262126 -0.0312918 -0.339889 0.321761 -0.883711 1 
0.127599 0.261262 -0.0312858 -0.393062 0.289864 -0.872629 1 
0.127679 0.261873 -0.0312886 -0.386937 0.313526 -0.867168 1 
0.127249 0.261657 -0.0300977 -0.38722 0.29611 -0.873144 1 
0.127175 0.262025 -0.030318 -0.364661 0.283626 -0.886893 1 
0.127964 0.260954 -0.0310171 -0.413758 0.254273 -0.874157 1 
0.127799 0.260763 -0.0308256 -0.438407 0.239542 -0.866268 1 
0.126947 0.260923 -0.0310876 -0.501332 0.220952 -0.836569 1 
0.127002 0.260771 -0.0304064 -0.577904 0.21421 -0.78749 1 
0.126831 0.260859 -0.0305198 -0.482683 0.229922 -0.845076 1 
0.126987 0.261214 -0.0306591 -0.49572 0.230319 -0.837386 1 
0.126664 0.261255 -0.0308436 -0.537132 0.236833 -0.809567 1 
0.126676 0.260616 -0.0307371 -0.504623 0.207607 -0.838007 1 
0.126922 0.26273 -0.0300965 -0.241318 0.349546 -0.905308 1 
0.126703 0.262775 -0.0300833 -0.241318 0.349546 -0.905308 1 
0.12702 0.262482 -0.0314075 -0.379342 0.291685 -0.878077 1 
0.126293 0.264354 -0.0293906 -0.201584 0.234053 -0.951096 1 
0.12623 0.264754 -0.0295167 -0.194142 0.248448 -0.94899 1 
0.125826 0.264742 -0.0293541 -0.175289 0.214828 -0.960793 1 
0.126117 0.264245 -0.02965 -0.217017 0.284223 -0.933874 1 
0.128358 0.261717 -0.031643 -0.366628 0.294208 -0.882624 1 
0.128017 0.261418 -0.0317111 -0.378392 0.305449 -0.873797 1 
0.128003 0.261274 -0.0314484 -0.385978 0.303595 -0.87112 1 
0.127681 0.261315 -0.031633 -0.385978 0.303595 -0.87112 1 
0.12707 0.260709 -0.0313506 -0.483358 0.206293 -0.85077 1 
0.126081 0.260938 -0.0310867 -0.52169 0.218773 -0.824607 1 
0.126745 0.259296 -0.0311535 -0.554875 0.400103 -0.729405 1 
0.126526 0.259342 -0.0311404 -0.539055 0.398147 -0.742225 1 
0.133412 0.256974 -0.0332577 0.22428 0.194734 -0.95487 1 
0.131676 0.254767 -0.0325051 -0.409595 -0.64507 -0.64507 1 
0.131188 0.253948 -0.0324859 0.241749 -0.823796 -0.512755 1 
0.133576 0.259706 -0.0322824 -0.520394 0.496968 -0.694416 1 
0.133923 0.259085 -0.0327568 -0.660101 0.370381 -0.653517 1 
0.133729 0.259864 -0.0325679 -0.520394 0.496968 -0.694416 1 
0.133552 0.259643 -0.0324705 -0.616087 0.435769 -0.656157 1 
0.133344 0.259635 -0.0328662 -0.371572 0.517604 -0.770727 1 
0.133319 0.259572 -0.0330543 -0.406879 0.44226 -0.799284 1 
0.133363 0.259389 -0.0324673 -0.406879 0.44226 -0.799284 1 
0.133149 0.259073 -0.0326523 0.0634651 0.406447 -0.911467 1 
0.133166 0.259414 -0.0327688 0.0634651 0.406447 -0.911467 1 
0.133142 0.25935 -0.032957 0.0634651 0.406447 -0.911467 1 
0.132965 0.259129 -0.0328597 0.273951 0.342068 -0.898855 1 
0.134105 0.258975 -0.0339121 -0.406879 0.44226 -0.799284 1 
0.133508 0.258484 -0.0330327 0.181825 0.414562 -0.891672 1 
0.13353 0.258463 -0.0333475 0.243119 0.398238 -0.884477 1 
0.133518 0.258432 -0.0334416 0.209574 0.435498 -0.875454 1 
0.132991 0.259304 -0.0330283 0.173479 0.568709 -0.804037 1 
0.133105 0.259256 -0.0332393 -0.473266 0.880464 -0.0283151 1 
0.132929 0.259034 -0.033142 -0.546304 0.835606 0.0575796 1 
0.132935 0.258756 -0.0328373 -0.546304 0.835606 0.0575796 1 
0.132659 0.25884 -0.0331485 -0.478952 0.839321 0.257186 1 
0.133052 0.25882 -0.0334051 -0.535186 0.83559 0.123953 1 
0.132875 0.258599 -0.0333078 -0.516071 0.856545 0.00134045 1 
0.134075 0.258602 -0.0338897 -0.406879 0.44226 -0.799284 1 
0.133789 0.258738 -0.033792 -0.180251 0.499041 -0.847625 1 
0.133482 0.258337 -0.0337239 0.519226 0.0629788 -0.852314 1 
0.133292 0.258084 -0.0337205 0.356941 0.215321 -0.908972 1 
0.133431 0.258769 -0.0337559 -0.546304 0.835606 0.0575796 1 
0.132771 0.258566 -0.0326459 -0.57031 0.819378 0.0580216 1 
0.132966 0.257229 -0.0331793 0.290662 0.162389 -0.942945 1 
0.132914 0.258219 -0.0328669 0.403153 0.0439077 -0.914079 1 
0.132758 0.258535 -0.03274 0.298939 0.222433 -0.927986 1 
0.132722 0.25844 -0.0330223 0.358426 0.177088 -0.916608 1 
0.132781 0.257843 -0.0330423 0.297661 0.181365 -0.937286 1 
0.132638 0.258303 -0.033178 0.400425 0.0549078 -0.914683 1 
0.132685 0.258345 -0.0333046 0.357695 0.143356 -0.922769 1 
0.132602 0.258208 -0.0334604 0.362262 0.110729 -0.925476 1 
0.133376 0.25755 -0.0335524 0.289461 0.192512 -0.937631 1 
0.132984 0.25757 -0.0332958 0.354059 0.155338 -0.922232 1 
0.132661 0.258282 -0.0334928 0.357675 0.173889 -0.917514 1 
0.132178 0.255731 -0.0327872 0.258856 0.0458262 -0.964828 1 
0.13168 0.258375 -0.0341407 0.294304 0.0954854 -0.95093 1 
0.131104 0.25845 -0.0340914 0.276779 0.0568725 -0.959249 1 
0.130835 0.256886 -0.0332131 0.0773003 -0.0402832 -0.996194 1 
0.130394 0.25678 -0.0333329 -0.0926973 -0.239997 -0.966338 1 
0.129962 0.257179 -0.0335171 -0.197247 -0.199894 -0.959758 1 
0.129709 0.255786 -0.0306791 -0.589567 -0.73817 0.327896 1 
0.126368 0.258874 -0.0306442 -0.536766 0.479912 -0.69395 1 
0.126216 0.258715 -0.0303586 -0.615975 0.568722 -0.545096 1 
0.126436 0.258783 -0.0307287 -0.470515 0.424929 -0.773338 1 
0.128657 0.256501 -0.0331206 -0.300836 -0.271769 -0.914133 1 
0.128435 0.25702 -0.0332659 -0.300836 -0.271769 -0.914133 1 
0.128244 0.255984 -0.0328935 -0.287081 -0.393407 -0.873393 1 
0.128057 0.257184 -0.0332719 -0.34873 -0.254559 -0.901991 1 
0.12768 0.256091 -0.0327501 -0.495806 -0.17718 -0.850167 1 
0.127569 0.255665 -0.0323804 -0.527164 -0.225928 -0.819179 1 
0.127106 0.25558 -0.0321854 -0.571408 -0.235102 -0.78627 1 
0.127173 0.255489 -0.03227 -0.569435 -0.228084 -0.789761 1 
0.127149 0.255426 -0.0324582 -0.568523 -0.21724 -0.793466 1 
0.127482 0.256002 -0.0326948 -0.512003 -0.221613 -0.829904 1 
0.127 0.255463 -0.0320265 -0.594123 -0.218724 -0.774066 1 
0.126504 0.25615 -0.03198 -0.593252 -0.239492 -0.768567 1 
0.12645 0.255715 -0.0321458 -0.590842 -0.235402 -0.771681 1 
0.12645 0.255715 -0.0321458 -0.590842 -0.235402 -0.771681 1 
0.126898 0.255572 -0.0325811 -0.568523 -0.21724 -0.793466 1 
0.126917 0.255326 -0.0321822 -0.605064 -0.188412 -0.773562 1 
0.126653 0.255442 -0.0323993 -0.59985 -0.208174 -0.772557 1 
0.126653 0.255442 -0.0323993 -0.59985 -0.208174 -0.772557 1 
0.126295 0.255472 -0.0323632 -0.612222 -0.222768 -0.758656 1 
0.127162 0.257498 -0.0332611 -0.506498 -0.170813 -0.845153 1 
0.126837 0.257427 -0.0330889 -0.528717 -0.165317 -0.832543 1 
0.12666 0.257205 -0.0329916 -0.550034 -0.124674 -0.825784 1 
0.125696 0.256127 -0.0316548 -0.678915 -0.279553 -0.678915 1 
0.125723 0.257086 -0.0321926 -0.671803 -0.467414 -0.574634 1 
0.125607 0.257022 -0.0316248 -0.688048 -0.166291 -0.706355 1 
0.12505 0.256851 -0.0311767 -0.573183 0.0728986 -0.816178 1 
0.125802 0.256914 -0.0318262 -0.711924 -0.244675 -0.658254 1 
0.12573 0.256808 -0.0318879 -0.641614 0.0153097 -0.766875 1 
0.125645 0.256558 -0.0316868 -0.634562 -0.00967742 -0.772811 1 
0.126691 0.25699 -0.0324986 -0.630745 0.0586407 -0.773771 1 
0.126641 0.256752 -0.0325182 -0.595917 -0.132261 -0.792079 1 
0.125911 0.255885 -0.0318142 -0.632122 -0.233713 -0.738783 1 
0.126072 0.25655 -0.0321642 -0.661245 -0.286593 -0.693267 1 
0.126008 0.256166 -0.0319211 -0.630318 -0.251179 -0.734581 1 
0.126339 0.255989 -0.0326483 -0.586818 -0.228812 -0.776717 1 
0.126187 0.257172 -0.0323877 -0.569418 0.26657 -0.777627 1 
0.125871 0.256935 -0.0322675 -0.652983 -0.471692 -0.592553 1 
0.12564 0.25762 -0.0323608 -0.691472 -0.12045 -0.712291 1 
0.126786 0.253777 -0.0313269 -0.830285 -0.169049 -0.531083 1 
0.126597 0.253523 -0.0313236 -0.839545 -0.161965 -0.518586 1 
0.126982 0.253781 -0.031885 -0.771371 -0.151868 -0.617999 1 
0.126587 0.252905 -0.0309023 -0.932276 -0.135529 -0.3354 1 
0.126524 0.253305 -0.0310285 -0.854943 -0.148112 -0.497128 1 
0.126649 0.252505 -0.0307762 -0.908641 -0.106817 -0.403686 1 
0.1265 0.253242 -0.0312167 -0.867287 -0.134654 -0.479252 1 
0.125898 0.253784 -0.0301515 -0.710635 -0.333364 0.619569 1 
0.124653 0.255891 -0.0306969 -0.617798 -0.129514 -0.775597 1 
0.124514 0.255877 -0.0306741 -0.62905 -0.142625 -0.764169 1 
0.126455 0.253954 -0.0305997 -0.961631 -0.139613 0.236167 1 
0.126382 0.253765 -0.0311643 -0.828435 -0.178918 -0.530739 1 
0.126344 0.254228 -0.0311022 -0.599578 -0.161599 -0.783831 1 
0.125697 0.254869 -0.031127 -0.63911 -0.195583 -0.743832 1 
0.125883 0.254926 -0.0312764 -0.65647 -0.1891 -0.730266 1 
0.125718 0.254736 -0.0310849 -0.631801 -0.178985 -0.754183 1 
0.126887 0.254283 -0.0321473 -0.72742 -0.162493 -0.666675 1 
0.126606 0.254029 -0.0313881 -0.809312 -0.170302 -0.562148 1 
0.126171 0.254903 -0.0317309 -0.711661 -0.196054 -0.674612 1 
0.126155 0.255345 -0.0319836 -0.674913 -0.223927 -0.7031 1 
0.126113 0.255612 -0.0320677 -0.640808 -0.257905 -0.723084 1 
0.126476 0.25522 -0.0323019 -0.631806 -0.189081 -0.751711 1 
0.126358 0.255072 -0.032237 -0.685018 -0.189342 -0.703491 1 
0.126226 0.25478 -0.0319095 -0.723767 -0.182863 -0.665374 1 
0.125789 0.253471 -0.0301387 -0.46343 -0.333733 0.820887 1 
0.125659 0.255332 -0.0310649 -0.639407 -0.247869 -0.727819 1 
0.125534 0.256133 -0.0313172 -0.564883 -0.0376589 -0.824311 1 
0.125272 0.255662 -0.0310189 -0.686131 -0.283089 -0.670138 1 
0.125737 0.25586 -0.0315707 -0.658081 -0.23716 -0.714622 1 
0.125196 0.255247 -0.0308699 -0.67337 -0.305197 -0.67337 1 
0.125255 0.255321 -0.0309024 -0.67337 -0.305197 -0.67337 1 
0.12513 0.256121 -0.0311546 -0.606745 -0.0763835 -0.791218 1 
0.125952 0.255618 -0.0317301 -0.642635 -0.240399 -0.727481 1 
0.126006 0.259266 -0.0304099 -0.643187 0.722202 -0.25443 1 
0.133215 0.254986 -0.0335219 0.594407 -0.412277 -0.69044 1 
0.133054 0.255692 -0.0340566 0.350734 0.0375324 -0.935723 1 
0.13279 0.255807 -0.0342736 0.332102 0.0267209 -0.942865 1 
0.132401 0.255353 -0.0338583 0.303343 -0.104647 -0.947118 1 
0.132554 0.255512 -0.0341439 0.301565 -0.127328 -0.944905 1 
0.132614 0.255698 -0.0345331 0.377777 -0.006403 -0.925874 1 
0.131673 0.257311 -0.0344206 0.235546 0.103131 -0.966376 1 
0.131754 0.255994 -0.0338831 0.174307 -0.0409446 -0.98384 1 
0.132162 0.255532 -0.0338871 0.192581 -0.0846375 -0.977624 1 
0.131981 0.255784 -0.0339484 0.170021 -0.0653927 -0.983268 1 
0.131561 0.255544 -0.0340261 -0.0204369 -0.241636 -0.970152 1 
0.131657 0.256383 -0.0337886 0.251291 0.0380002 -0.967165 1 
0.131655 0.2563 -0.0342916 0.203293 -0.0368544 -0.978424 1 
0.131621 0.256289 -0.0340709 0.206415 -0.0081633 -0.97843 1 
0.13144 0.256541 -0.0341322 0.185278 -0.0268012 -0.982321 1 
0.131357 0.256404 -0.034288 0.126976 -0.0757194 -0.989012 1 
0.131768 0.255468 -0.0341334 0.0128862 -0.207351 -0.978182 1 
0.131764 0.255271 -0.0342795 -0.0768681 -0.311381 -0.947171 1 
0.131431 0.255365 -0.0340553 -0.187535 -0.365048 -0.911905 1 
0.131394 0.25527 -0.0343376 -0.279958 -0.459379 -0.842968 1 
0.131619 0.256205 -0.0345738 0.171978 -0.0604889 -0.983242 1 
0.130904 0.256266 -0.0345018 -0.105712 -0.233077 -0.966695 1 
0.131446 0.257521 -0.0343553 0.220734 0.102168 -0.969968 1 
0.131253 0.257742 -0.0345106 0.195133 0.122115 -0.973145 1 
0.130946 0.258682 -0.0344674 0.306512 0.0111685 -0.951801 1 
0.130866 0.258741 -0.034477 0.313252 -0.00371446 -0.949663 1 
0.131003 0.257973 -0.0341306 0.183293 0.0610977 -0.981158 1 
0.130407 0.258182 -0.0341234 0.0560982 -0.12708 -0.990305 1 
0.130854 0.258039 -0.0345587 0.140826 -0.0616842 -0.988111 1 
0.130812 0.257635 -0.0346303 0.0907269 0.00533688 -0.995862 1 
0.130594 0.25768 -0.0346171 -0.0481464 -0.10637 -0.99316 1 
0.130299 0.257982 -0.0344673 -0.120041 -0.203438 -0.971701 1 
0.130498 0.258182 -0.0348794 -0.0681817 -0.175837 -0.982055 1 
0.130998 0.256993 -0.0339075 0.0789499 0.00315799 -0.996874 1 
0.131176 0.256656 -0.0343492 0.0936467 -0.0385604 -0.994858 1 
0.130878 0.256761 -0.0343456 -0.00970123 -0.100246 -0.994915 1 
0.130461 0.256718 -0.0342771 -0.157886 -0.21269 -0.96428 1 
0.130549 0.257722 -0.0339876 0.058325 -0.0286323 -0.997887 1 
0.130372 0.2575 -0.0338903 -0.0694704 -0.105914 -0.991946 1 
0.130313 0.257426 -0.0338578 -0.0694704 -0.105914 -0.991946 1 
0.130283 0.257054 -0.0338354 -0.148525 -0.205353 -0.967352 1 
0.13028 0.257528 -0.033994 -0.0877653 -0.120531 -0.988822 1 
0.130193 0.257865 -0.0343084 -0.122593 -0.200952 -0.9719 1 
0.130103 0.257306 -0.0338967 -0.193033 -0.190407 -0.96254 1 
0.130396 0.257592 -0.0345619 -0.122002 -0.158973 -0.979716 1 
0.130004 0.257612 -0.0343052 -0.167396 -0.193349 -0.966744 1 
0.129906 0.257331 -0.0341982 -0.1874 -0.192642 -0.963208 1 
0.130118 0.256864 -0.033644 -0.167643 -0.225724 -0.959658 1 
0.129724 0.2568 -0.0338903 -0.197247 -0.199894 -0.959758 1 
0.129462 0.256999 -0.0336043 -0.208237 -0.238179 -0.948635 1 
0.129889 0.25699 -0.0340817 -0.189342 -0.181507 -0.96499 1 
0.129414 0.256873 -0.0339808 -0.209512 -0.201506 -0.956818 1 
0.129629 0.256631 -0.0341402 -0.206958 -0.201618 -0.95735 1 
0.130588 0.256701 -0.0343941 -0.148525 -0.205353 -0.967352 1 
0.130626 0.256237 -0.0344561 -0.140494 -0.24291 -0.959821 1 
0.128976 0.256292 -0.0339418 -0.257572 -0.274648 -0.926404 1 
0.128563 0.255774 -0.0337148 -0.289971 -0.310578 -0.905239 1 
0.128526 0.25568 -0.0339971 -0.288438 -0.300151 -0.909238 1 
0.128632 0.254426 -0.0332715 -0.444469 -0.250298 -0.860115 1 
0.130589 0.258713 -0.0344314 0.128931 -0.119291 -0.984452 1 
0.130552 0.258618 -0.0347137 0.0573718 -0.100119 -0.99332 1 
0.130426 0.258635 -0.0345968 0.0341614 -0.189655 -0.981256 1 
0.130105 0.25876 -0.0342784 -0.16402 -0.21913 -0.961811 1 
0.130092 0.258729 -0.0343725 -0.16402 -0.21913 -0.961811 1 
0.129928 0.258539 -0.034181 -0.172732 -0.214926 -0.961234 1 
0.130295 0.258456 -0.0346259 -0.0681817 -0.175837 -0.982055 1 
0.129959 0.258353 -0.0345479 -0.173907 -0.202674 -0.96368 1 
0.129643 0.258117 -0.0344277 -0.172732 -0.214926 -0.961234 1 
0.129086 0.257275 -0.0339672 -0.225072 -0.203509 -0.952852 1 
0.129056 0.256903 -0.0339447 -0.217427 -0.233836 -0.947653 1 
0.128817 0.257082 -0.0339735 -0.259638 -0.204688 -0.943764 1 
0.129019 0.256809 -0.034227 -0.224222 -0.237978 -0.945035 1 
0.129008 0.256748 -0.0334613 -0.267444 -0.253293 -0.929686 1 
0.128574 0.256364 -0.0332763 -0.278089 -0.322231 -0.904894 1 
0.128806 0.257134 -0.0335647 -0.262487 -0.259649 -0.929345 1 
0.128567 0.257312 -0.0335934 -0.244984 -0.30229 -0.921197 1 
0.128794 0.257102 -0.0336587 -0.262084 -0.23966 -0.934813 1 
0.128997 0.256829 -0.0339123 -0.231427 -0.22595 -0.94625 1 
0.128522 0.256712 -0.0338113 -0.278494 -0.278494 -0.919175 1 
0.128518 0.257186 -0.0339699 -0.259677 -0.220795 -0.940116 1 
0.128733 0.256945 -0.0341293 -0.266667 -0.208636 -0.940935 1 
0.128376 0.256975 -0.0340932 -0.260428 -0.271813 -0.926442 1 
0.128463 0.256638 -0.0337789 -0.2686 -0.306349 -0.913239 1 
0.12832 0.256427 -0.0339022 -0.294304 -0.294304 -0.909269 1 
0.128039 0.256173 -0.033143 -0.387575 -0.242049 -0.889493 1 
0.128126 0.256535 -0.0337008 -0.332525 -0.259281 -0.906753 1 
0.128294 0.256922 -0.033746 -0.298351 -0.260877 -0.918112 1 
0.127899 0.256745 -0.0336355 -0.345141 -0.240288 -0.90727 1 
0.127902 0.256942 -0.0334893 -0.35979 -0.228692 -0.904572 1 
0.128223 0.256817 -0.0338077 -0.318386 -0.260233 -0.911542 1 
0.127696 0.257018 -0.0333821 -0.417972 -0.195053 -0.887273 1 
0.127439 0.256856 -0.0332943 -0.484314 -0.150708 -0.861816 1 
0.127482 0.256702 -0.033567 -0.450062 -0.177386 -0.875202 1 
0.127744 0.256503 -0.0338529 -0.381053 -0.228043 -0.895989 1 
0.127428 0.256267 -0.0337328 -0.468728 -0.194931 -0.861566 1 
0.127213 0.256508 -0.0335734 -0.502005 -0.167335 -0.848522 1 
0.127335 0.254812 -0.0325951 -0.605177 -0.168358 -0.778085 1 
0.127269 0.255686 -0.0328798 -0.530974 -0.218816 -0.818649 1 
0.126861 0.255478 -0.0328634 -0.555575 -0.220075 -0.801813 1 
0.126439 0.255125 -0.0325842 -0.628439 -0.168902 -0.7593 1 
0.126377 0.255525 -0.0327104 -0.588854 -0.228394 -0.775298 1 
0.126783 0.256991 -0.0332547 -0.533752 -0.156111 -0.831107 1 
0.12596 0.255482 -0.0326418 -0.629938 -0.219312 -0.745037 1 
0.127031 0.253936 -0.0323684 -0.736694 -0.139537 -0.661674 1 
0.127185 0.253508 -0.0321386 -0.814241 -0.125155 -0.566876 1 
0.126918 0.254768 -0.0325265 -0.639407 -0.172442 -0.749281 1 
0.126741 0.254546 -0.0324293 -0.695329 -0.16963 -0.698386 1 
0.1368 0.258697 -0.0247104 -0.405013 0.226985 -0.885687 1 
0.136718 0.258644 -0.0243633 -0.405013 0.226985 -0.885687 1 
0.136491 0.258854 -0.024298 -0.394536 0.262524 -0.880581 1 
0.136442 0.258728 -0.0246744 -0.427166 0.232319 -0.873818 1 
0.136062 0.258779 -0.0243236 -0.394536 0.262524 -0.880581 1 
0.136151 0.258554 -0.024366 -0.324307 0.29469 -0.898879 1 
0.136126 0.258491 -0.0245543 -0.38842 0.262446 -0.883319 1 
0.135672 0.258241 -0.0244113 -0.212646 0.297141 -0.930854 1 
0.137639 0.255823 -0.024493 -0.263281 -0.268974 -0.926464 1 
0.137071 0.255063 -0.0244834 -0.116302 -0.262658 -0.957854 1 
0.137225 0.254664 -0.0251132 -0.00128212 -0.393609 -0.919277 1 
0.138022 0.256668 -0.0255698 -0.652378 -0.0587857 -0.755611 1 
0.137985 0.256573 -0.0258521 -0.280071 -0.398155 -0.873518 1 
0.137543 0.257025 -0.0256275 0.0131335 0.239985 -0.970688 1 
0.137736 0.256804 -0.0254721 -0.369313 0.0706627 -0.926615 1 
0.137699 0.256709 -0.0257545 -0.419505 0.0386211 -0.906931 1 
0.137484 0.256951 -0.0255951 0.0131335 0.239985 -0.970688 1 
0.137489 0.256589 -0.0257933 -0.419505 0.0386211 -0.906931 1 
0.137165 0.256518 -0.0256211 -0.343466 0.103713 -0.933421 1 
0.137239 0.25682 -0.0254132 -0.35136 0.121677 -0.9283 1 
0.136917 0.255491 -0.0247132 -0.208214 -0.129016 -0.969537 1 
0.136726 0.256495 -0.0252378 -0.349609 0.127505 -0.928179 1 
0.136094 0.256694 -0.0250099 -0.227681 0.122202 -0.966037 1 
0.13636 0.25602 -0.0251372 -0.22262 0.0627271 -0.972885 1 
0.136438 0.255848 -0.0247709 -0.223287 0.0129955 -0.974666 1 
0.135343 0.25529 -0.0243355 -0.0257635 -0.128817 -0.991334 1 
0.136227 0.254387 -0.0247848 -0.0330616 -0.255921 -0.966132 1 
0.135089 0.255353 -0.0249614 0.0209466 -0.113553 -0.993311 1 
0.135202 0.254521 -0.0248032 -0.0116539 -0.0773394 -0.996937 1 
0.135053 0.255258 -0.0252437 0.0229763 -0.101752 -0.994544 1 
0.136371 0.258622 -0.0247361 -0.38842 0.262446 -0.883319 1 
0.135992 0.258115 -0.0247296 -0.273477 0.293735 -0.915931 1 
0.135659 0.258209 -0.0245054 -0.212646 0.297141 -0.930854 1 
0.135736 0.257953 -0.0246419 -0.240832 0.32159 -0.91574 1 
0.135697 0.257746 -0.0245675 -0.250259 0.225371 -0.941583 1 
0.135466 0.257089 -0.0246359 -0.14853 0.126435 -0.980792 1 
0.13495 0.255339 -0.0249386 0.0229763 -0.101752 -0.994544 1 
0.134393 0.255168 -0.0244904 0.0675366 -0.217345 -0.973756 1 
0.134461 0.255077 -0.0245749 0.0675366 -0.217345 -0.973756 1 
0.13402 0.254971 -0.0246947 0.0745671 -0.254034 -0.964317 1 
0.134071 0.256551 -0.0246999 0.122955 -0.0417369 -0.991534 1 
0.133998 0.256362 -0.0252645 0.124651 -0.0348123 -0.99159 1 
0.133817 0.255244 -0.0244412 0.0288228 -0.299507 -0.953659 1 
0.133347 0.254765 -0.0245384 -0.112611 -0.249815 -0.961723 1 
0.133486 0.254779 -0.0245612 -0.056539 -0.270131 -0.961162 1 
0.133149 0.255347 -0.0244956 -0.034242 -0.318324 -0.947363 1 
0.13379 0.256326 -0.0248004 0.118278 -0.149982 -0.981588 1 
0.133342 0.256497 -0.0252248 0.174113 -0.156321 -0.972239 1 
0.133404 0.256097 -0.0250987 0.14506 -0.198977 -0.969209 1 
0.134914 0.255244 -0.0252209 0.023699 -0.141066 -0.989717 1 
0.13355 0.254492 -0.0247919 -0.0979679 -0.194696 -0.975959 1 
0.133298 0.254639 -0.0249148 -0.0809022 -0.220303 -0.972071 1 
0.133223 0.254337 -0.0251226 -0.121694 -0.186932 -0.974806 1 
0.132876 0.254315 -0.0254954 -0.158613 -0.166226 -0.973248 1 
0.132964 0.25599 -0.0252184 0.139019 -0.263474 -0.954597 1 
0.132589 0.25568 -0.0250658 -0.0605026 -0.310237 -0.948732 1 
0.132774 0.255737 -0.0252152 0.00124007 -0.323658 -0.946173 1 
0.13262 0.256165 -0.0254451 0.12539 -0.201383 -0.971454 1 
0.132308 0.256125 -0.0251787 0.175709 -0.302994 -0.936654 1 
0.131914 0.256061 -0.0254249 0.150327 -0.293883 -0.943946 1 
0.131837 0.255646 -0.025276 -0.261274 -0.195613 -0.945236 1 
0.124798 0.262553 -0.0260423 -0.198308 0.281514 -0.938842 1 
0.124343 0.262302 -0.0258994 -0.163863 0.277619 -0.946613 1 
0.125232 0.260367 -0.0265344 -0.402758 0.26398 -0.876414 1 
0.125342 0.262021 -0.0265721 -0.175214 0.270292 -0.946701 1 
0.125305 0.261926 -0.0268545 -0.115144 0.340014 -0.933345 1 
0.125229 0.261511 -0.0267055 -0.330145 0.309231 -0.891841 1 
0.124546 0.262029 -0.0261528 -0.161517 0.280959 -0.946031 1 
0.124407 0.262014 -0.02613 -0.161517 0.280959 -0.946031 1 
0.124382 0.261951 -0.0263182 -0.177975 0.267643 -0.946938 1 
0.125149 0.2609 -0.0267026 -0.330719 0.312761 -0.890396 1 
0.125264 0.261522 -0.026926 -0.307662 0.319552 -0.896232 1 
0.124575 0.26106 -0.0261504 -0.173613 0.354284 -0.91888 1 
0.124202 0.260163 -0.0254824 -0.0473934 0.318945 -0.946588 1 
0.124407 0.261344 -0.0261176 -0.22003 0.278891 -0.934776 1 
0.124028 0.261508 -0.0261236 -0.201584 0.234053 -0.951096 1 
0.125182 0.260798 -0.0265665 -0.319621 0.325624 -0.889838 1 
0.124889 0.260541 -0.0267611 -0.38842 0.262446 -0.883319 1 
0.12477 0.260394 -0.0266962 -0.479845 0.169791 -0.860767 1 
0.124396 0.260754 -0.026556 -0.340129 0.286659 -0.895622 1 
0.123917 0.25977 -0.0265888 -0.506851 0.0370867 -0.861235 1 
0.123816 0.259963 -0.0266404 -0.456024 0.13954 -0.87896 1 
0.123912 0.260802 -0.026403 -0.0849551 0.373533 -0.923718 1 
0.123955 0.260648 -0.0266757 -0.212351 0.323514 -0.922088 1 
0.123702 0.260011 -0.0264295 -0.179904 0.349892 -0.919353 1 
0.123601 0.260204 -0.0264811 -0.0734589 0.364623 -0.928253 1 
0.123454 0.261025 -0.0264187 -0.2096 0.302443 -0.929837 1 
0.123551 0.260636 -0.0265131 -0.0512936 0.364316 -0.929862 1 
0.124177 0.26267 -0.0253635 -0.165337 0.293781 -0.941465 1 
0.12406 0.262635 -0.0256555 -0.158344 0.282853 -0.946003 1 
0.123842 0.26268 -0.0256422 -0.16475 0.287291 -0.943568 1 
0.124381 0.262509 -0.0259739 -0.150349 0.259451 -0.953981 1 
0.124103 0.26248 -0.0259282 -0.16475 0.287291 -0.943568 1 
0.124183 0.263092 -0.025931 -0.212004 0.356225 -0.910032 1 
0.124129 0.262656 -0.0260968 -0.169379 0.272362 -0.947169 1 
0.123902 0.262866 -0.0260315 -0.186609 0.32411 -0.927432 1 
0.123965 0.262466 -0.0259053 -0.16475 0.287291 -0.943568 1 
0.123952 0.262435 -0.0259994 -0.16475 0.287291 -0.943568 1 
0.123918 0.263765 -0.0258037 -0.299735 0.451931 -0.840189 1 
0.123944 0.26327 -0.0259598 -0.226985 0.405013 -0.885687 1 
0.123746 0.263182 -0.0259046 -0.21489 0.381539 -0.899028 1 
0.123743 0.262985 -0.0260507 -0.189394 0.35458 -0.915643 1 
0.123406 0.262854 -0.0251128 -0.199512 0.397568 -0.89562 1 
0.123867 0.262185 -0.0257984 -0.163863 0.277619 -0.946613 1 
0.12356 0.261784 -0.0257303 -0.198089 0.23043 -0.952713 1 
0.123017 0.261757 -0.0255449 -0.213159 0.248915 -0.944777 1 
0.12337 0.262759 -0.0253952 -0.197032 0.363862 -0.910375 1 
0.123118 0.262235 -0.0255056 -0.16916 0.298437 -0.939319 1 
0.124167 0.262193 -0.0261588 -0.161517 0.280959 -0.946031 1 
0.12389 0.262164 -0.0261132 -0.161517 0.280959 -0.946031 1 
0.12399 0.261971 -0.0260615 -0.161517 0.280959 -0.946031 1 
0.123813 0.261749 -0.0259642 -0.198089 0.23043 -0.952713 1 
0.123284 0.261867 -0.0260414 -0.197394 0.246402 -0.948853 1 
0.123404 0.261457 -0.0264507 -0.201584 0.234053 -0.951096 1 
0.123419 0.261685 -0.0262105 -0.198089 0.23043 -0.952713 1 
0.123182 0.261277 -0.0257239 -0.198089 0.23043 -0.952713 1 
0.122859 0.261318 -0.0259085 -0.171737 0.232976 -0.957198 1 
0.123209 0.260895 -0.0262368 -0.202226 0.288696 -0.93582 1 
0.123053 0.26121 -0.0261098 -0.191162 0.245393 -0.950389 1 
0.12288 0.261856 -0.0258788 -0.179931 0.287065 -0.94086 1 
0.122855 0.261793 -0.026067 -0.213159 0.248915 -0.944777 1 
0.122796 0.261719 -0.0260346 -0.222589 0.253005 -0.941511 1 
0.122571 0.261371 -0.0263137 -0.0980292 0.238071 -0.966288 1 
0.123452 0.261612 -0.026934 -0.160813 0.27703 -0.947309 1 
0.123115 0.261509 -0.0268559 -0.198089 0.23043 -0.952713 1 
0.123684 0.261711 -0.02721 -0.14504 0.262136 -0.954069 1 
0.123655 0.261339 -0.0271875 -0.2096 0.302443 -0.929837 1 
0.123159 0.260656 -0.0262564 0.183272 0.317579 -0.930352 1 
0.123034 0.261456 -0.0265087 -0.198089 0.23043 -0.952713 1 
0.122975 0.261382 -0.0264763 -0.198089 0.23043 -0.952713 1 
0.122643 0.260918 -0.0265964 -0.0130949 0.232137 -0.972595 1 
0.122428 0.26116 -0.026437 -0.0765711 0.239756 -0.967809 1 
0.123563 0.259297 -0.0255344 -0.235667 0.252401 -0.938485 1 
0.124059 0.25931 -0.0264531 -0.504616 0.00401551 -0.863335 1 
0.123579 0.260225 -0.0261663 0.0456832 0.356329 -0.933243 1 
0.123112 0.260613 -0.0261299 0.161005 0.309624 -0.937129 1 
0.122191 0.261422 -0.0259629 -0.0398988 0.226093 -0.973288 1 
0.122154 0.261327 -0.0262452 -0.0302401 0.235873 -0.971313 1 
0.125948 0.259776 -0.0278107 0.639612 -0.395006 0.659445 1 
0.126109 0.25977 -0.0281482 0.651088 -0.54005 0.53332 1 
0.126184 0.259401 -0.027928 0.539527 -0.590266 0.600414 1 
0.125712 0.25948 -0.0276808 0.348485 -0.466237 0.813131 1 
0.124914 0.259405 -0.0277646 0.565508 -0.552004 0.612775 1 
0.124664 0.258965 -0.027372 -0.492058 -0.861463 0.12554 1 
0.124577 0.259302 -0.0276865 0.171617 -0.779111 0.602938 1 
0.1244 0.25908 -0.0275891 0.0346346 -0.832615 0.552768 1 
0.125915 0.259207 -0.0279344 0.406046 -0.741404 0.534271 1 
0.125339 0.259283 -0.0278851 0.619054 -0.575198 0.534714 1 
0.124296 0.259718 -0.0269397 -0.561244 -0.0178391 -0.827458 1 
0.124402 0.259164 -0.0270861 -0.617433 -0.175321 -0.766837 1 
0.124525 0.25895 -0.0273493 -0.600593 -0.79941 -0.0151874 1 
0.14061 0.248268 -0.00332235 0.1251 -0.954712 -0.269953 0 
0.142823 0.243982 0.0100488 0.975186 0.0648492 -0.211678 0 
0.142738 0.243733 0.0102499 0.975186 0.0648492 -0.211678 0 
0.142421 0.243111 0.00486714 -0.822106 -0.451445 0.3469 0 
0.142418 0.24467 0.00933924 0.953023 0.0707372 -0.294524 0 
0.142302 0.244635 0.00904734 0.731615 0.680473 -0.0411977 0 
0.142307 0.244944 0.00883666 0.68893 0.724826 -0.00138062 0 
0.142481 0.24427 0.00946537 0.953023 0.0707372 -0.294524 0 
0.142246 0.244087 0.00923829 0.953023 0.0707372 -0.294524 0 
0.142442 0.244762 0.00866771 0.637877 0.770137 0.0013777 0 
0.142394 0.244636 0.00829127 0.601921 0.79841 -0.015221 0 
0.142309 0.244386 0.00849235 0.615119 0.788078 0.0237121 0 
0.14221 0.243992 0.00895606 0.788445 0.613549 -0.0437242 0 
0.142338 0.244088 0.00848228 0.625522 0.780176 -0.00690421 0 
0.142054 0.245007 0.00821079 0.946889 0.273063 -0.169815 0 
0.142981 0.244649 0.00661658 -0.513885 -0.855542 0.0630104 0 
0.142369 0.244572 0.00810309 0.946889 0.273063 -0.169815 0 
0.142055 0.244449 0.00786644 0.81044 -0.546932 -0.209887 0 
0.142177 0.244793 0.00794768 0.808235 -0.551555 -0.20626 0 
0.14198 0.244818 0.0076462 -0.14511 -0.98791 -0.0545614 0 
0.141864 0.244782 0.00735427 -0.147743 -0.988388 -0.0355041 0 
0.141527 0.24468 0.0074324 -0.116755 -0.99185 -0.0510094 0 
0.141588 0.244866 0.00704315 -0.217791 -0.975938 0.0105952 0 
0.141305 0.245228 0.00642726 0.851548 -0.508018 -0.129552 0 
0.14113 0.24509 0.00702752 -0.110582 -0.993007 -0.0413288 0 
0.141152 0.245069 0.00671279 -0.237183 -0.971377 0.0131106 0 
0.141451 0.245863 0.00290091 -0.886632 -0.385946 0.254814 0 
0.142962 0.244924 0.00535803 -0.607678 -0.785102 0.119761 0 
0.142625 0.244821 0.00543614 -0.635415 -0.762794 0.119973 0 
0.142945 0.244554 0.00633433 -0.652101 -0.751748 0.0981815 0 
0.142925 0.2448 0.00593548 -0.681749 -0.725732 0.0923659 0 
0.142551 0.24449 0.00608799 -0.745897 -0.657276 0.107823 0 
0.142308 0.244472 0.00591305 -0.726407 -0.679256 0.104614 0 
0.141619 0.244709 0.00581656 -0.681993 -0.720794 0.123863 0 
0.142588 0.244726 0.00515381 -0.672173 -0.731526 0.114255 0 
0.142576 0.244695 0.0050597 -0.690241 -0.711203 0.133257 0 
0.142522 0.244259 0.00489393 -0.715948 -0.672837 0.186301 0 
0.142386 0.245 0.00540727 -0.659745 -0.742769 0.114158 0 
0.142328 0.245038 0.00508289 -0.735107 -0.670288 0.101648 0 
0.142312 0.24481 0.00484264 -0.770741 -0.621083 0.142176 0 
0.14225 0.245211 0.00471653 -0.767121 -0.622438 0.155233 0 
0.142591 0.244111 0.00652891 -0.510574 -0.853817 0.101543 0 
0.142014 0.244215 0.00571847 -0.656888 -0.743282 0.126611 0 
0.141401 0.244196 0.00548542 -0.672173 -0.731526 0.114255 0 
0.141344 0.244235 0.00516108 -0.691204 -0.706329 0.152761 0 
0.141435 0.244765 0.00560911 -0.69227 -0.713023 0.111178 0 
0.14152 0.245015 0.00540812 -0.738771 -0.664746 0.111038 0 
0.141398 0.24467 0.00532681 -0.666763 -0.732691 0.136349 0 
0.141298 0.245534 0.00526281 -0.7307 -0.674606 0.104807 0 
0.141122 0.244754 0.00501573 -0.757143 -0.636723 0.14601 0 
0.141442 0.245187 0.00504172 -0.744737 -0.65519 0.126859 0 
0.141048 0.245123 0.00479545 -0.775087 -0.612544 0.155017 0 
0.141116 0.244974 0.00643046 -0.636425 -0.766899 0.0826338 0 
0.141239 0.244761 0.00616737 -0.719041 -0.686559 0.107782 0 
0.141223 0.244533 0.0059271 -0.683833 -0.719589 0.120676 0 
0.141025 0.244444 0.00598243 -0.676863 -0.727221 0.114045 0 
0.142154 0.243701 0.00449152 -0.748757 -0.620577 0.232912 0 
0.142193 0.245249 0.00439216 -0.78032 -0.593288 0.197763 0 
0.142083 0.244936 0.00440498 -0.78032 -0.593288 0.197763 0 
0.142196 0.244104 0.0045632 -0.746831 -0.639484 0.182491 0 
0.141731 0.243935 0.00425529 -0.808035 -0.542295 0.230205 0 
0.141791 0.244121 0.00386599 -0.857194 -0.446106 0.25731 0 
0.142623 0.243396 0.00495805 -0.756904 -0.587995 0.285233 0 
0.142383 0.243574 0.00492917 -0.674631 -0.70875 0.206267 0 
0.141734 0.243461 0.00441384 -0.771516 -0.586853 0.245696 0 
0.141308 0.24414 0.00487879 -0.719428 -0.680377 0.13968 0 
0.141481 0.244166 0.00463532 -0.756072 -0.634858 0.159093 0 
0.141868 0.243837 0.0045892 -0.722758 -0.657477 0.212942 0 
0.141451 0.243793 0.00465773 -0.714028 -0.673931 0.189688 0 
0.141265 0.243765 0.00394733 -0.856828 -0.452003 0.248069 0 
0.142071 0.245576 0.00429848 -0.791789 -0.581255 0.187649 0 
0.142035 0.245481 0.00401616 -0.836568 -0.505585 0.21104 0 
0.141698 0.245378 0.00409423 -0.829927 -0.521539 0.198034 0 
0.141821 0.245164 0.00383116 -0.846963 -0.474605 0.239591 0 
0.141086 0.24466 0.0047334 -0.767621 -0.623411 0.148717 0 
0.141171 0.244909 0.00453237 -0.765332 -0.622874 0.162159 0 
0.141214 0.244755 0.00425969 -0.805435 -0.557844 0.200212 0 
0.141429 0.244514 0.00410032 -0.821748 -0.524878 0.221887 0 
0.141108 0.24531 0.00440621 -0.794123 -0.586961 0.157624 0 
0.141084 0.245246 0.004218 -0.812195 -0.547051 0.202668 0 
0.141522 0.244598 0.0038472 -0.834366 -0.504891 0.221176 0 
0.141191 0.244805 0.00371468 -0.851939 -0.466213 0.238422 0 
0.141031 0.244924 0.00369546 -0.859376 -0.454609 0.234101 0 
0.141234 0.244651 0.00344191 -0.866525 -0.434019 0.246498 0 
0.14137 0.244468 0.003273 -0.871761 -0.412462 0.264399 0 
0.14121 0.244587 0.0032538 -0.880574 -0.389861 0.269441 0 
0.140801 0.245608 0.00360218 -0.899289 -0.3758 0.223726 0 
0.141097 0.245419 0.00309555 -0.892187 -0.37558 0.250881 0 
0.140693 0.245408 0.00325818 -0.89717 -0.366823 0.246022 0 
0.140669 0.245345 0.00306995 -0.895281 -0.373157 0.243363 0 
0.140796 0.245299 0.00381278 -0.867388 -0.458159 0.194236 0 
0.141415 0.245768 0.00261863 -0.878212 -0.411428 0.243865 0 
0.140838 0.245873 0.00180817 -0.867923 -0.459836 0.187779 0 
0.140741 0.24562 0.00105536 -0.867535 -0.488254 0.0948203 0 
0.141725 0.243683 0.00274639 -0.894238 -0.317984 0.314999 0 
0.141603 0.244038 0.00179298 -0.914671 -0.367286 0.168753 0 
0.141903 0.244018 0.00229228 -0.919499 -0.289232 0.266209 0 
0.141276 0.245083 0.0026539 -0.896224 -0.359971 0.259238 0 
0.140922 0.24464 0.00284852 -0.885759 -0.397475 0.239676 0 
0.140823 0.244945 0.00244008 -0.899682 -0.373039 0.226749 0 
0.140741 0.244892 0.00278726 -0.895562 -0.376224 0.237538 0 
0.140493 0.244565 0.00282291 -0.890486 -0.383753 0.244476 0 
0.14067 0.244145 0.00187828 -0.874505 -0.458351 0.158604 0 
0.140901 0.245473 0.00193432 -0.882563 -0.406306 0.23664 0 
0.140644 0.24464 0.00203444 -0.875478 -0.432537 0.215525 0 
0.140575 0.246659 0.00157869 -0.931568 -0.316093 0.17963 0 
0.14098 0.246112 0.00107172 -0.868858 -0.490731 0.0653381 0 
0.140979 0.246 0.00142847 -0.869426 -0.484899 0.0947179 0 
0.140538 0.245893 0.0013088 -0.876192 -0.470048 0.106506 0 
0.140096 0.246345 0.00153348 -0.931568 -0.316093 0.17963 0 
0.139979 0.24631 0.00124156 -0.921486 -0.352044 0.1641 0 
0.140616 0.246421 0.000803038 0.332484 -0.844477 -0.419897 0 
0.14068 0.246133 0.000572339 -0.895722 -0.440362 0.0613508 0 
0.139703 0.246394 0.000930384 0.34927 -0.823392 -0.447255 0 
0.139507 0.246418 0.000628904 0.405024 -0.824342 -0.395494 0 
0.140151 0.246251 0.000495136 0.429968 -0.810385 -0.398 0 
0.140274 0.246737 -0.000640154 0.754504 -0.571106 -0.323359 0 
0.140267 0.246315 -7.27177e-005 -0.586961 -0.794123 -0.157624 0 
0.139158 0.246312 -0.000246838 0.710516 -0.60598 -0.357708 0 
0.139273 0.246934 -0.000470355 0.693823 -0.641827 -0.326601 0 
0.140582 0.245682 0.00275564 -0.880976 -0.412911 0.231051 0 
0.14038 0.245397 0.00266472 -0.878722 -0.41922 0.228259 0 
0.140101 0.245955 0.00219499 -0.853839 -0.488544 0.179677 0 
0.140484 0.245429 0.00200282 -0.863526 -0.465204 0.194702 0 
0.140065 0.24586 0.00191268 -0.852264 -0.504341 0.138877 0 
0.139887 0.245638 0.00201003 -0.852264 -0.504341 0.138877 0 
0.139792 0.24547 0.00176015 -0.84948 -0.511436 0.12968 0 
0.140094 0.244891 0.00191514 -0.872534 -0.466029 0.146632 0 
0.139943 0.246186 0.00181897 -0.916871 -0.3465 0.198204 0 
0.139827 0.246151 0.00152704 -0.931568 -0.316093 0.17963 0 
0.139513 0.246028 0.00129043 -0.910879 -0.3749 0.172482 0 
0.13963 0.246175 0.00122553 -0.910879 -0.3749 0.172482 0 
0.139488 0.245964 0.00110225 -0.907957 -0.369802 0.197132 0 
0.139594 0.246081 0.000943303 -0.914036 -0.38537 0.126602 0 
0.139717 0.245867 0.000680149 -0.916961 -0.391435 0.0772035 0 
0.140458 0.245311 0.000451863 -0.9137 -0.40267 0.0548488 0 
0.14032 0.246808 -0.00162646 -0.074094 -0.947624 -0.310675 0 
0.140301 0.247054 -0.00202531 0.0578904 -0.948116 -0.312608 0 
0.140757 0.246747 -0.00251263 0.912484 0.401167 -0.0802334 0 
0.140157 0.246702 -0.000932023 0.764418 -0.55199 -0.333125 0 
0.140437 0.246843 -0.00133453 0.974713 -0.0521951 -0.217277 0 
0.140138 0.246948 -0.00133091 -0.0445466 -0.950752 -0.306735 0 
0.139843 0.246578 -0.00116867 0.782815 -0.526679 -0.331376 0 
0.140464 0.24579 -0.00183508 0.868926 -0.369332 -0.329487 0 
0.140258 0.247209 -0.00175259 0.00613164 -0.955309 -0.295545 0 
0.140221 0.247114 -0.00203486 0.91613 0.392239 -0.082791 0 
0.140063 0.247345 -0.00241095 0.946027 0.260738 -0.192482 0 
0.140039 0.247282 -0.00259914 -0.0321901 -0.976433 -0.213408 0 
0.1398 0.247461 -0.00262795 0.885552 0.421482 -0.195321 0 
0.139383 0.247417 -0.00255942 0.103385 -0.966207 -0.236127 0 
0.138923 0.246829 -0.00134608 -0.0891372 -0.957256 -0.275163 0 
0.139151 0.246619 -0.00141136 0.87467 -0.360516 -0.324008 0 
0.139101 0.247051 -0.0014434 -0.102653 -0.957661 -0.268977 0 
0.138984 0.246987 -0.000875562 0.835745 -0.440608 -0.327712 0 
0.13896 0.246924 -0.00106375 0.878704 -0.370538 -0.300967 0 
0.139879 0.246702 -0.00174613 -0.0446564 -0.947992 -0.315147 0 
0.139142 0.247483 -0.00223149 0.162483 -0.952067 -0.259166 0 
0.138984 0.247015 -0.0017353 0.958395 0.221986 -0.17945 0 
0.138788 0.24704 -0.00203684 0.947842 0.0137368 -0.318445 0 
0.139105 0.247389 -0.00251381 0.231976 -0.940406 -0.248645 0 
0.138928 0.247167 -0.00241646 0.238299 -0.937865 -0.252234 0 
0.138734 0.246604 -0.00220257 0.924117 -0.093633 -0.370461 0 
0.14008 0.247715 -0.00338723 0.202591 -0.934712 -0.29201 0 
0.139666 0.247085 -0.00280333 0.229185 -0.940355 -0.25141 0 
0.13939 0.247169 -0.00311446 0.0494735 -0.976197 -0.211167 0 
0.139386 0.247643 -0.00327303 0.13143 -0.96165 -0.240738 0 
0.139468 0.247696 -0.00362021 0.248258 -0.929196 -0.273794 0 
0.139766 0.247591 -0.00362386 0.211884 -0.933132 -0.290464 0 
0.139502 0.247707 -0.00384088 0.233579 -0.935714 -0.26435 0 
0.139374 0.24764 -0.00422691 0.21615 -0.950245 -0.224307 0 
0.139081 0.247354 -0.00356172 0.208789 -0.941626 -0.264098 0 
0.139264 0.247327 -0.00421403 0.210154 -0.950438 -0.229136 0 
0.139034 0.247283 -0.00257546 0.195014 -0.947797 -0.252291 0 
0.138753 0.247058 -0.00267595 0.167193 -0.95367 -0.250121 0 
0.13902 0.247168 -0.0031725 0.165402 -0.950727 -0.262223 0 
0.138477 0.247141 -0.00298709 0.162483 -0.952067 -0.259166 0 
0.138458 0.246688 -0.00251372 0.0830622 -0.973191 -0.214474 0 
0.138664 0.247311 -0.00349323 0.151433 -0.959953 -0.235709 0 
0.138272 0.247302 -0.00237682 0.174088 -0.958151 -0.227245 0 
0.13834 0.24724 -0.00332102 0.165402 -0.950727 -0.262223 0 
0.137864 0.247122 -0.00322011 0.0616812 -0.978433 -0.197138 0 
0.138204 0.247451 -0.00401179 0.169977 -0.960566 -0.220047 0 
0.1366 0.249062 -0.00880741 -0.303067 0.752056 0.585288 0 
0.136575 0.248999 -0.00899568 -0.321496 0.738309 0.592909 0 
0.136353 0.249518 -0.00914103 -0.162473 0.751628 0.639263 0 
0.136402 0.249673 -0.00962438 -0.629275 0.511181 0.585412 0 
0.135373 0.249611 -0.00978889 -0.739766 0.420134 0.52558 0 
0.135274 0.249916 -0.0101974 -0.700153 0.519684 0.489606 0 
0.135531 0.250749 -0.0102975 -0.425962 0.518062 0.741733 0 
0.135354 0.250528 -0.0102002 -0.503695 0.527122 0.684422 0 
0.135317 0.250433 -0.0104825 -0.689388 0.47239 0.549174 0 
0.135407 0.250292 -0.010022 -0.545805 0.555944 0.626916 0 
0.135071 0.250189 -0.00994389 -0.586857 0.539502 0.603769 0 
0.135131 0.250376 -0.0103331 -0.650926 0.489456 0.580283 0 
0.135017 0.249754 -0.0101096 -0.768883 0.413009 0.488102 0 
0.134944 0.249565 -0.0106743 -0.850448 0.281432 0.444448 0 
0.134907 0.24947 -0.0109566 -0.848027 0.295033 0.440233 0 
0.134648 0.249923 -0.012244 -0.845045 0.370195 0.385816 0 
0.134478 0.250123 -0.0127141 -0.885976 0.235963 0.399209 0 
0.134183 0.249754 -0.0125519 -0.797867 0.515521 0.312485 0 
0.134006 0.249532 -0.0124546 -0.766964 0.558811 0.315432 0 
0.134276 0.249838 -0.012805 -0.882248 0.253141 0.396937 0 
0.13394 0.249736 -0.0127269 -0.744041 0.585872 0.32118 0 
0.133822 0.249588 -0.012662 -0.831331 0.405412 0.380172 0 
0.134023 0.249901 -0.0134309 -0.689888 0.58682 0.423907 0 
0.134391 0.249819 -0.0138758 -0.626041 0.626041 0.464915 0 
0.133969 0.250137 -0.0136091 -0.729405 0.554875 0.400103 0 
0.134163 0.250029 -0.0138105 -0.629029 0.61561 0.474707 0 
0.133962 0.249715 -0.0130416 -0.751782 0.525756 0.398002 0 
0.133652 0.249788 -0.0131321 -0.705683 0.576776 0.411511 0 
0.133534 0.24964 -0.0130673 -0.743744 0.52374 0.41538 0 
0.134127 0.249934 -0.0140928 -0.651948 0.591614 0.474296 0 
0.133955 0.250021 -0.0142061 -0.674926 0.571092 0.467257 0 
0.133958 0.249547 -0.0140476 -0.651948 0.591614 0.474296 0 
0.133786 0.248964 -0.0141485 -0.651407 0.597821 0.467204 0 
0.133682 0.249631 -0.0143587 -0.674926 0.571092 0.467257 0 
0.133495 0.250132 -0.0138649 -0.674684 0.574235 0.463741 0 
0.133606 0.249858 -0.0133624 -0.661172 0.597566 0.453614 0 
0.13327 0.249755 -0.0132843 -0.661172 0.597566 0.453614 0 
0.133112 0.249987 -0.0136603 -0.651948 0.591614 0.474296 0 
0.132902 0.249867 -0.0136991 -0.659401 0.585575 0.47148 0 
0.133766 0.250439 -0.0142153 -0.683123 0.559526 0.469334 0 
0.133912 0.250175 -0.0139334 -0.651948 0.591614 0.474296 0 
0.133617 0.250505 -0.0146434 -0.70459 0.521363 0.481387 0 
0.133353 0.250621 -0.0148604 -0.674684 0.574235 0.463741 0 
0.133294 0.249847 -0.0139558 -0.674926 0.571092 0.467257 0 
0.13324 0.250083 -0.014134 -0.683123 0.559526 0.469334 0 
0.132957 0.249744 -0.0138777 -0.674926 0.571092 0.467257 0 
0.13308 0.249531 -0.0141408 -0.674926 0.571092 0.467257 0 
0.133123 0.249377 -0.0144135 -0.683123 0.559526 0.469334 0 
0.133162 0.249584 -0.014488 -0.689388 0.549174 0.47239 0 
0.133085 0.24984 -0.0143514 -0.690474 0.550039 0.46979 0 
0.133039 0.249798 -0.0142249 -0.683123 0.559526 0.469334 0 
0.13359 0.251029 -0.015347 -0.620875 0.61751 0.482903 0 
0.133217 0.250832 -0.0155512 -0.727185 0.478716 0.491968 0 
0.132929 0.250884 -0.0159565 -0.685256 0.568546 0.45517 0 
0.132905 0.250821 -0.0161446 -0.691864 0.568495 0.445127 0 
0.133398 0.24988 -0.0146177 -0.689388 0.549174 0.47239 0 
0.133149 0.249552 -0.0145821 -0.689388 0.549174 0.47239 0 
0.133167 0.249893 -0.0146986 -0.70459 0.521363 0.481387 0 
0.132995 0.24931 -0.0147995 -0.716043 0.506712 0.480131 0 
0.132891 0.249977 -0.0150098 -0.778613 0.404749 0.479521 0 
0.132867 0.249914 -0.015198 -0.64379 0.579915 0.499232 0 
0.132953 0.249577 -0.0148837 -0.716043 0.506712 0.480131 0 
0.133065 0.250673 -0.0152657 -0.784216 0.392916 0.480231 0 
0.132686 0.250166 -0.0152592 -0.790847 0.381733 0.478374 0 
0.132919 0.250936 -0.0155476 -0.753319 0.441488 0.487442 0 
0.133109 0.250631 -0.0158952 -0.771432 0.412627 0.484388 0 
0.13265 0.250072 -0.0155416 -0.836758 0.306967 0.453439 0 
0.132551 0.250377 -0.01595 -0.748539 0.472155 0.465575 0 
0.132374 0.250155 -0.0158527 -0.748539 0.472155 0.465575 0 
0.132361 0.250124 -0.0159468 -0.748539 0.472155 0.465575 0 
0.132557 0.250799 -0.0165174 -0.680649 0.570273 0.459898 0 
0.132502 0.250251 -0.0163264 -0.704621 0.544707 0.454756 0 
0.132245 0.250089 -0.0162387 -0.70143 0.551481 0.451514 0 
0.132401 0.251143 -0.0172503 -0.624944 0.67771 0.387498 0 
0.132121 0.251031 -0.0177076 -0.811603 0.471714 0.344653 0 
0.132085 0.250936 -0.0179898 -0.94919 0.134836 0.284356 0 
0.132281 0.250883 -0.0168286 -0.639183 0.62917 0.442255 0 
0.131986 0.250513 -0.0166664 -0.66394 0.58701 0.463253 0 
0.131391 0.250835 -0.0170159 -0.670556 0.627508 0.395711 0 
0.132023 0.250637 -0.0172438 -0.613215 0.685941 0.39173 0 
0.131734 0.250689 -0.017649 -0.832367 0.438999 0.338297 0 
0.131621 0.251578 -0.0195267 -0.867182 0.329989 0.372965 0 
0.132001 0.251527 -0.0198776 -0.884621 0.226712 0.407489 0 
0.131913 0.250353 -0.0180908 -0.945325 0.164582 0.281557 0 
0.131661 0.250499 -0.0182137 -0.941369 -0.245394 0.23153 0 
0.131324 0.251125 -0.0198675 -0.891597 0.0904116 0.443712 0 
0.131585 0.251484 -0.019809 -0.897943 0.140882 0.416953 0 
0.12962 0.251415 -0.0195314 -0.398235 -0.905594 0.145972 0 
0.131461 0.251726 -0.0204057 -0.117679 -0.989199 -0.0873851 0 
0.131666 0.251537 -0.0201563 -0.890841 0.169477 0.42152 0 
0.131425 0.251632 -0.020688 -0.0788102 -0.996463 -0.029149 0 
0.130073 0.251582 -0.0201774 -0.415417 -0.890596 0.185116 0 
0.130175 0.251502 -0.0204826 -0.368173 -0.915496 0.162222 0 
0.131149 0.251715 -0.0209991 -0.0788102 -0.996463 -0.029149 0 
0.131107 0.251311 -0.0210709 -0.0788102 -0.996463 -0.029149 0 
0.131103 0.251115 -0.021217 -0.0788102 -0.996463 -0.029149 0 
0.130711 0.251135 -0.0209603 -0.0788102 -0.996463 -0.029149 0 
0.130721 0.251082 -0.0213691 -0.0573702 -0.996943 -0.0530404 0 
0.129969 0.251607 -0.0212349 -0.381144 -0.917773 0.111454 0 
0.129792 0.251385 -0.0211376 -0.378812 -0.917197 0.123496 0 
0.1301 0.251899 -0.0215625 -0.359044 -0.933 0.024451 0 
0.130041 0.251825 -0.0215301 -0.382756 -0.91779 0.105635 0 
0.131037 0.252018 -0.0223615 0.534504 -0.778481 -0.329049 0 
0.130051 0.25183 -0.0236584 0.409055 -0.841619 -0.352634 0 
0.129869 0.251999 -0.0242226 0.444448 -0.850448 -0.281432 0 
0.129475 0.251935 -0.024469 0.337332 -0.906853 -0.252634 0 
0.129617 0.252146 -0.0243456 0.428195 -0.857924 -0.283928 0 
0.129247 0.252145 -0.0244037 0.281933 -0.937461 -0.204158 0 
0.129388 0.252272 -0.0247832 0.37804 -0.900582 -0.214563 0 
0.129304 0.252135 -0.024939 0.308955 -0.935177 -0.173181 0 
0.128971 0.252229 -0.0247148 -0.155557 -0.873736 0.460856 0 
0.129044 0.252447 -0.0250099 -0.0202357 -0.870133 0.492401 0 
0.131089 0.251 -0.021814 -0.0984348 -0.994302 -0.0409223 0 
0.131046 0.251154 -0.0215413 -0.0573702 -0.996943 -0.0530404 0 
0.130782 0.251269 -0.0217584 -0.0813108 -0.994665 -0.0634892 0 
0.130711 0.251164 -0.02182 -0.0813108 -0.994665 -0.0634892 0 
0.130426 0.252083 -0.0220915 0.583442 -0.73621 -0.342914 0 
0.131169 0.250969 -0.0226642 0.206002 -0.931915 -0.298493 0 
0.130265 0.252089 -0.021754 -0.758117 -0.6492 -0.0616239 0 
0.130022 0.252071 -0.0219289 -0.721283 -0.686027 -0.0954856 0 
0.129693 0.251691 -0.0215461 -0.452153 -0.885994 0.102826 0 
0.129538 0.251448 -0.0217635 -0.411795 -0.910215 0.0439782 0 
0.129715 0.25167 -0.0218608 -0.414691 -0.909687 0.0223801 0 
0.129515 0.251469 -0.0214488 -0.452153 -0.885994 0.102826 0 
0.129779 0.251382 -0.0220915 -0.195368 -0.976842 -0.08724 0 
0.129678 0.251575 -0.0221431 -0.935917 0.15255 0.31747 0 
0.129794 0.251639 -0.022711 -0.6479 -0.761664 -0.00971156 0 
0.129728 0.251872 -0.0238431 0.400477 -0.855072 -0.329349 0 
0.129506 0.25172 -0.023976 0.363868 -0.875415 -0.318194 0 
0.129003 0.251985 -0.0233621 0.395247 -0.862776 -0.315275 0 
0.128794 0.252007 -0.0246174 0.851645 0.077679 -0.518331 0 
0.128808 0.252151 -0.0248802 0.229468 -0.886783 -0.401199 0 
0.129138 0.252532 -0.025263 -0.0176659 -0.852038 0.523181 0 
0.138988 0.247411 -0.00452524 0.203509 -0.952852 -0.225072 0 
0.138381 0.246331 -0.00408424 0.180333 -0.962213 -0.204026 0 
0.138938 0.247843 -0.00455725 0.14641 -0.96527 -0.216376 0 
0.138806 0.24758 -0.00508943 0.197261 -0.948213 -0.248957 0 
0.138567 0.247758 -0.00511822 0.031838 -0.979902 -0.196924 0 
0.138429 0.247856 -0.00545222 0.0105195 -0.978309 -0.206883 0 
0.138552 0.247643 -0.00571533 -0.712329 -0.621463 0.326146 0 
0.138313 0.247821 -0.00574413 0.0616703 -0.962811 -0.263043 0 
0.138291 0.247842 -0.00542939 -0.181263 -0.977833 -0.104812 0 
0.138008 0.247475 -0.00431336 0.82663 0.335376 -0.451891 0 
0.137945 0.246534 -0.00441459 0.877095 -0.097455 -0.470326 0 
0.137316 0.247515 -0.00455599 -0.031838 0.979902 0.196924 0 
0.137413 0.247797 -0.00466292 -0.0275103 0.974823 0.221279 0 
0.137137 0.24788 -0.0049741 0.0321901 0.976433 0.213408 0 
0.13714 0.247406 -0.00481547 -0.0203045 0.97342 0.228127 0 
0.137909 0.246439 -0.00469689 0.868566 0.194499 -0.455811 0 
0.137163 0.247385 -0.00513016 -0.647269 0.48251 0.590108 0 
0.136979 0.248112 -0.00535005 -0.876005 -0.164706 0.453307 0 
0.136762 0.24827 -0.00569358 -0.84862 -0.268551 0.455769 0 
0.136941 0.247905 -0.00527556 -0.834722 -0.244421 0.493454 0 
0.136585 0.248048 -0.00559631 -0.813524 -0.429937 0.391578 0 
0.138217 0.247652 -0.00599399 -0.211789 -0.970173 -0.117943 0 
0.138075 0.247441 -0.00611733 -0.829301 -0.318238 0.459329 0 
0.137964 0.247715 -0.00661986 -0.84862 -0.268551 0.455769 0 
0.137724 0.247894 -0.00664873 -0.861649 -0.214288 0.460046 0 
0.13786 0.247683 -0.00595793 -0.833815 -0.270719 0.481107 0 
0.137941 0.247736 -0.00630514 -0.833205 -0.280838 0.476339 0 
0.137523 0.24758 -0.00587985 -0.831749 -0.264859 0.487897 0 
0.137584 0.247767 -0.00626907 -0.84862 -0.268551 0.455769 0 
0.137372 0.247534 -0.00595111 -0.833205 -0.280838 0.476339 0 
0.137235 0.247632 -0.00628512 -0.810559 -0.407678 0.420468 0 
0.137646 0.248066 -0.00701511 -0.873858 -0.258082 0.412026 0 
0.137589 0.248105 -0.00733945 -0.873444 -0.254943 0.414848 0 
0.137936 0.246756 -0.00608204 -0.0036611 -0.957988 -0.286786 0 
0.136857 0.247126 -0.00627865 -0.401142 0.774674 0.488841 0 
0.136588 0.246932 -0.00628498 -0.539604 0.47278 0.69664 0 
0.137473 0.248041 -0.00677164 -0.8737 -0.238282 0.424112 0 
0.136843 0.248323 -0.00604086 -0.847525 -0.27533 0.453756 0 
0.136647 0.248347 -0.00634231 -0.0706172 0.953974 0.291456 0 
0.13639 0.248185 -0.00625463 -0.196825 0.90942 0.366354 0 
0.136371 0.248431 -0.00665346 -0.164362 0.920144 0.355415 0 
0.136253 0.248283 -0.00658853 -0.235549 0.890345 0.389618 0 
0.137454 0.248287 -0.0071705 -0.88678 -0.117764 0.446937 0 
0.137514 0.248473 -0.00755973 -0.894039 -0.0873247 0.439396 0 
0.137337 0.248252 -0.00746241 -0.890028 -0.0819215 0.448485 0 
0.136896 0.248145 -0.00758211 -0.158703 0.899318 0.407481 0 
0.137094 0.247534 -0.00676516 -0.808479 -0.464038 0.361982 0 
0.136255 0.248396 -0.0069454 -0.237634 0.877302 0.41698 0 
0.136078 0.248174 -0.00684807 -0.574394 0.187402 0.796839 0 
0.136038 0.248553 -0.00728895 -0.309197 0.827142 0.469289 0 
0.136182 0.248206 -0.00751001 -0.358455 0.792458 0.493478 0 
0.136001 0.248459 -0.00757125 -0.306433 0.818726 0.485578 0 
0.136041 0.248079 -0.00713043 -0.205188 0.900788 0.382726 0 
0.136309 0.248132 -0.00590745 -0.166583 0.9098 0.380151 0 
0.136107 0.247847 -0.00599828 -0.532865 0.446544 0.718786 0 
0.136125 0.248188 -0.00611483 -0.452854 0.680116 0.576511 0 
0.136059 0.247721 -0.00637472 -0.238659 0.947818 0.211384 0 
0.136076 0.248061 -0.00649124 -0.568336 0.326834 0.755098 0 
0.135823 0.247425 -0.00624494 -0.385169 0.87758 0.285478 0 
0.136582 0.247322 -0.00694655 -0.614921 0.34416 0.709525 0 
0.137478 0.248379 -0.00784205 -0.894039 -0.0873247 0.439396 0 
0.137141 0.248276 -0.00776397 -0.881094 -0.173881 0.439816 0 
0.137202 0.248463 -0.00815319 -0.894559 -0.0172285 0.446617 0 
0.136877 0.248391 -0.00798094 -0.164296 0.87964 0.446363 0 
0.136738 0.248377 -0.0079581 -0.0982446 0.906341 0.410967 0 
0.136142 0.248586 -0.00795087 -0.19184 0.864022 0.465471 0 
0.135965 0.248364 -0.00785357 -0.333921 0.790865 0.512864 0 
0.135985 0.248231 -0.00781152 -0.395749 0.770327 0.499979 0 
0.135928 0.248269 -0.0081359 -0.235563 0.823702 0.515776 0 
0.136528 0.248286 -0.00885673 -0.271969 0.797041 0.539221 0 
0.135984 0.248818 -0.0083269 -0.310685 0.788662 0.530554 0 
0.135807 0.248596 -0.00822958 -0.233317 0.805022 0.545437 0 
0.13577 0.248501 -0.00851187 -0.149833 0.823342 0.547411 0 
0.13581 0.248821 -0.0089432 -0.249545 0.773748 0.582273 0 
0.13543 0.248872 -0.00859243 0.883284 0.453732 -0.118056 0 
0.135628 0.24829 -0.00863525 -0.0373372 0.842161 0.537932 0 
0.135515 0.249122 -0.00879341 -0.228084 0.789761 0.569435 0 
0.135432 0.248985 -0.00894922 -0.187402 0.796839 0.574394 0 
0.135239 0.249206 -0.00910458 -0.737207 0.443644 0.509613 0 
0.135038 0.248921 -0.00919545 -0.70826 0.468285 0.528278 0 
0.135043 0.24923 -0.00940605 -0.96397 -0.247073 0.0985733 0 
0.135013 0.248858 -0.00938368 -0.655374 0.53744 0.530701 0 
0.135128 0.24948 -0.00960709 -0.763569 0.392367 0.512845 0 
0.135006 0.249136 -0.00968836 -0.949441 -0.298096 0.0984898 0 
0.134919 0.249473 -0.0100027 -0.861549 0.246806 0.443645 0 
0.13489 0.2491 -0.00998032 -0.887596 -0.456831 0.0589901 0 
0.134706 0.249156 -0.0101878 -0.376182 0.760507 0.529261 0 
0.134669 0.249062 -0.01047 -0.666235 0.592765 0.452505 0 
0.134815 0.249469 -0.0102005 -0.880819 0.189692 0.433792 0 
0.134583 0.249399 -0.0107843 -0.872571 0.24866 0.420462 0 
0.134454 0.249332 -0.0111704 -0.597991 0.730878 0.328976 0 
0.134151 0.248627 -0.01302 -0.74975 0.551335 0.36593 0 
0.133682 0.248931 -0.0134865 -0.708015 0.555468 0.436084 0 
0.128954 0.252587 -0.0254705 0.249981 -0.862055 -0.440875 0 
0.128811 0.252376 -0.0255937 0.249981 -0.862055 -0.440875 0 
0.128678 0.252671 -0.0257815 0.249981 -0.862055 -0.440875 0 
0.128482 0.251996 -0.0252108 0.249981 -0.862055 -0.440875 0 
0.127885 0.251534 -0.0251912 0.317525 -0.816719 -0.481817 0 
0.127567 0.252556 -0.0255989 0.398289 -0.679241 -0.61644 0 
0.127666 0.252279 -0.0260502 0.417701 -0.630712 -0.65401 0 
0.127624 0.252546 -0.0261343 0.431674 -0.598344 -0.675012 0 
