0.123733 0.253181 -0.0300664 -0.0711406 0.869032 0.489615 2 
0.124119 0.25308 -0.0285897 0.00368816 0.952774 0.303658 2 
0.125168 0.252669 -0.0299282 0.146978 0.963809 -0.222418 2 
0.125282 0.253251 -0.0296135 0.110916 0.991379 0.069751 2 
0.126059 0.252898 -0.0294346 -0.178639 0.752726 -0.633634 2 
0.125553 0.252918 -0.0290977 0.0669347 0.900203 -0.430295 2 
0.125937 0.252604 -0.0290367 -0.178639 0.752726 -0.633634 2 
0.126272 0.252965 -0.029445 -0.178639 0.752726 -0.633634 2 
0.124494 0.253168 -0.0280316 0.0635319 0.945199 0.320253 2 
0.124559 0.253629 -0.0285251 0.0799172 0.944596 0.318359 2 
0.124688 0.253712 -0.0282482 0.0981322 0.934272 0.342791 2 
0.124872 0.252949 -0.02843 0.0706699 0.954686 0.289104 2 
0.125207 0.253427 -0.0290537 0.113077 0.92778 0.355581 2 
0.125501 0.25402 -0.0288259 0.138632 0.965244 0.221553 2 
0.125587 0.253771 -0.0286825 0.0714897 0.966993 -0.24457 2 
0.125851 0.253767 -0.0290566 -0.0121412 0.859328 -0.51128 2 
0.125544 0.253438 -0.0288159 0.0927759 0.931793 0.350935 2 
0.125326 0.253233 -0.0288339 0.0782337 0.958043 0.275742 2 
0.125865 0.253268 -0.0290945 -0.0121412 0.859328 -0.51128 2 
0.126036 0.253683 -0.0286842 -0.365286 0.460994 -0.808734 2 
0.126164 0.254116 -0.0290535 -0.365286 0.460994 -0.808734 2 
0.126097 0.253889 -0.0289908 -0.151132 0.588068 -0.794566 2 
0.126017 0.253363 -0.0292291 -0.0121412 0.859328 -0.51128 2 
0.126523 0.253343 -0.029566 -0.365286 0.460994 -0.808734 2 
0.126315 0.253298 -0.0293116 -0.365286 0.460994 -0.808734 2 
0.126467 0.254073 -0.028892 -0.365286 0.460994 -0.808734 2 
0.125918 0.252964 -0.0290274 -0.178639 0.752726 -0.633634 2 
0.126278 0.25287 -0.0289857 -0.365286 0.460994 -0.808734 2 
0.126457 0.252882 -0.0290726 -0.365286 0.460994 -0.808734 2 
0.126944 0.253339 -0.0296155 -0.317867 0.455661 -0.831465 2 
0.120278 0.252778 -0.023685 -0.236761 0.961433 -0.139964 2 
0.120307 0.252695 -0.0236372 -0.218302 0.963404 -0.155556 2 
0.119347 0.253344 -0.0227729 -0.219583 0.966935 -0.129695 2 
0.120264 0.253159 -0.0234318 -0.209142 0.96517 -0.157181 2 
0.120686 0.253039 -0.0232659 -0.218302 0.963404 -0.155556 2 
0.120529 0.252125 -0.0237141 -0.236761 0.961433 -0.139964 2 
0.120586 0.251959 -0.0236185 -0.236761 0.961433 -0.139964 2 
0.120563 0.251947 -0.023207 -0.179666 0.968128 -0.174496 2 
0.120053 0.252742 -0.0227751 -0.1519 0.971394 -0.182535 2 
0.120223 0.252477 -0.0229191 -0.1519 0.971394 -0.182535 2 
0.120266 0.252809 -0.0227856 -0.1519 0.971394 -0.182535 2 
0.120621 0.252578 -0.0227725 -0.199398 0.968687 -0.14794 2 
0.120308 0.252228 -0.0227757 -0.1519 0.971394 -0.182535 2 
0.120527 0.252317 -0.0225422 -0.1519 0.971394 -0.182535 2 
0.120519 0.253112 -0.0242938 -0.203976 0.968564 -0.142398 2 
0.120439 0.253266 -0.023978 -0.218539 0.965969 -0.138365 2 
0.120404 0.25253 -0.0246085 -0.149351 0.982315 -0.112924 2 
0.120684 0.252825 -0.0246817 -0.1606 0.977298 -0.138191 2 
0.120783 0.252077 -0.0245761 -0.0616197 0.993758 -0.0929898 2 
0.121341 0.252103 -0.025492 0.162477 0.971021 0.17527 2 
0.121058 0.252233 -0.0246778 0.0223053 0.997365 -0.0690401 2 
0.120661 0.251783 -0.0241783 -0.0341371 0.994381 -0.100209 2 
0.120448 0.252629 -0.0240443 -0.209927 0.967209 -0.142956 2 
0.120761 0.252863 -0.0238257 -0.209927 0.967209 -0.142956 2 
0.121305 0.253153 -0.0242731 -0.0853931 0.988454 -0.125165 2 
0.121429 0.252981 -0.0238094 0.0749284 0.994199 -0.077165 2 
0.120775 0.252364 -0.0238636 -0.0735045 0.988228 -0.134175 2 
0.120861 0.252115 -0.0237202 0.0737364 0.992605 -0.0964245 2 
0.121784 0.252749 -0.0237963 0.231259 0.972258 0.0351127 2 
0.121907 0.252694 -0.023548 0.314092 0.947447 0.0607503 2 
0.121728 0.252565 -0.0232457 0.320705 0.947139 0.00873514 2 
0.121042 0.253371 -0.0224832 -0.199398 0.968687 -0.14794 2 
0.120848 0.252944 -0.022482 -0.1519 0.971394 -0.182535 2 
0.121128 0.253121 -0.0223398 -0.1519 0.971394 -0.182535 2 
0.120849 0.252827 -0.0222666 -0.1519 0.971394 -0.182535 2 
0.121119 0.252611 -0.0219661 -0.163959 0.972314 -0.166501 2 
0.121345 0.253444 -0.0225371 -0.199398 0.968687 -0.14794 2 
0.121772 0.253578 -0.0225581 -0.178286 0.976207 -0.123428 2 
0.121398 0.253139 -0.02247 -0.191267 0.969171 -0.155324 2 
0.121667 0.253157 -0.0226003 -0.0324965 0.991702 -0.124383 2 
0.121208 0.25285 -0.0224403 -0.199398 0.968687 -0.14794 2 
0.121323 0.252518 -0.0222491 0.236363 0.912101 -0.334969 2 
0.121502 0.25253 -0.0223359 0.242541 0.929031 -0.279419 2 
0.121762 0.252387 -0.0227386 0.454147 0.884242 -0.108939 2 
0.121455 0.252973 -0.0223744 -0.199398 0.968687 -0.14794 2 
0.121753 0.252907 -0.0224569 0.142305 0.978808 -0.147254 2 
0.121937 0.253174 -0.0227306 0.117573 0.986903 -0.110448 2 
0.121928 0.252897 -0.0227877 0.277241 0.959679 -0.0464158 2 
0.121743 0.253544 -0.0223905 -0.194093 0.979993 -0.044058 2 
0.121 0.252125 -0.0227401 0.194996 0.953464 -0.229961 2 
0.121739 0.252492 -0.0225425 0.3746 0.9177 -0.132294 2 
0.122691 0.245179 -0.0128091 0.31356 -0.530027 0.787878 2 
0.122246 0.245171 -0.0123481 0.251405 -0.725754 0.640372 2 
0.122398 0.245266 -0.0124827 0.257596 -0.734859 0.627396 2 
0.12271 0.245616 -0.0124796 0.3507 -0.614948 0.706293 2 
0.122796 0.245367 -0.0123361 0.3507 -0.614948 0.706293 2 
0.122464 0.24458 -0.0126689 0.276992 -0.565064 0.77716 2 
0.122337 0.24506 -0.0121761 0.251405 -0.725754 0.640372 2 
0.122394 0.244894 -0.0120805 0.27945 -0.697828 0.659503 2 
0.122475 0.244507 -0.0119657 0.282898 -0.704848 0.650506 2 
0.122787 0.244856 -0.0119625 0.3508 -0.618388 0.703232 2 
0.122574 0.244673 -0.0117366 0.282898 -0.704848 0.650506 2 
0.123124 0.244868 -0.0117247 0.361713 -0.617039 0.698875 2 
0.123109 0.244453 -0.0118103 0.361713 -0.617039 0.698875 2 
0.122836 0.244572 -0.0137419 0.291844 -0.205268 0.93418 2 
0.124243 0.244143 -0.0136516 0.383402 -0.27214 0.882577 2 
0.122927 0.245141 -0.0130158 0.301975 -0.322801 0.897001 2 
0.123311 0.24574 -0.0128313 0.445386 -0.353456 0.822618 2 
0.123155 0.24539 -0.0125099 0.353473 -0.591294 0.724864 2 
0.123638 0.245475 -0.0126506 0.340781 -0.34995 0.872584 2 
0.123746 0.245354 -0.0131341 0.35512 -0.146226 0.923313 2 
0.123974 0.246517 -0.0125047 0.226538 0.280007 0.932886 2 
0.123453 0.246238 -0.0124688 0.467328 -0.340595 0.815843 2 
0.123633 0.24625 -0.0125557 0.48887 -0.288949 0.823113 2 
0.123539 0.245989 -0.0123254 0.500459 -0.457515 0.734997 2 
0.123596 0.245823 -0.0122298 0.426364 -0.511966 0.745725 2 
0.124353 0.24618 -0.0126877 0.00414186 0.639228 0.769006 2 
0.124003 0.246434 -0.0124569 0.402075 -0.0831409 0.911824 2 
0.123842 0.246062 -0.0123793 0.378081 -0.299125 0.876116 2 
0.123988 0.246018 -0.0125425 0.261782 -0.159754 0.951813 2 
0.124074 0.245769 -0.0123991 0.168272 -0.0171706 0.985591 2 
0.123894 0.245757 -0.0123123 0.260532 -0.408116 0.874965 2 
0.124315 0.24587 -0.0125772 -0.0951535 0.762692 0.639724 2 
0.124367 0.245682 -0.0127255 -0.0951535 0.762692 0.639724 2 
0.123084 0.245024 -0.0124757 0.352087 -0.512857 0.782951 2 
0.123595 0.245143 -0.0127841 0.317414 -0.170489 0.932836 2 
0.123269 0.245058 -0.0123186 0.353473 -0.591294 0.724864 2 
0.123582 0.245408 -0.0123155 0.383268 -0.377011 0.84319 2 
0.12352 0.245319 -0.0122242 0.376586 -0.546131 0.748281 2 
0.123553 0.244577 -0.0124867 0.39201 -0.363898 0.84493 2 
0.123601 0.245048 -0.0123248 0.337085 -0.405434 0.849704 2 
0.123847 0.24517 -0.0122589 0.260532 -0.408116 0.874965 2 
0.124031 0.245437 -0.0125326 0.168272 -0.0171706 0.985591 2 
0.124329 0.245371 -0.012615 -0.0850166 0.805496 0.586471 2 
0.123923 0.244761 -0.012388 0.193451 -0.359676 0.912803 2 
0.124315 0.244956 -0.0127007 -0.0850166 0.805496 0.586471 2 
0.124396 0.244685 -0.0128012 -0.0618868 0.677876 0.732567 2 
0.124117 0.245188 -0.0123892 -0.0937184 0.961576 0.258047 2 
0.124226 0.244834 -0.0124419 -0.00346863 0.202337 0.97931 2 
0.123444 0.244134 -0.0127729 0.313152 -0.213964 0.925287 2 
0.12385 0.243948 -0.0133388 0.360497 -0.232061 0.903432 2 
0.12378 0.244262 -0.0127505 0.273206 -0.209412 0.938885 2 
0.123794 0.243764 -0.0127883 0.364269 -0.246287 0.898137 2 
0.123951 0.245591 -0.0122167 0.226932 -0.443343 0.86715 2 
0.126588 0.249608 -0.0149676 0.359459 -0.504532 0.785007 2 
0.126778 0.250577 -0.0144431 0.227037 -0.798491 0.557554 2 
0.126485 0.250547 -0.0139013 0.225621 -0.760886 0.608398 2 
0.126727 0.250531 -0.013864 0.225621 -0.760886 0.608398 2 
0.126471 0.250929 -0.0136481 0.225621 -0.760886 0.608398 2 
0.126926 0.250863 -0.0134059 0.225621 -0.760886 0.608398 2 
0.12701 0.250964 -0.0139086 0.225621 -0.760886 0.608398 2 
0.127096 0.250715 -0.0137652 0.225621 -0.760886 0.608398 2 
0.125809 0.249802 -0.0133286 0.195968 -0.745297 0.637283 2 
0.125989 0.249814 -0.0134154 0.208779 -0.768614 0.604685 2 
0.126316 0.249665 -0.0134501 0.225621 -0.760886 0.608398 2 
0.126627 0.250365 -0.0140931 0.227037 -0.798491 0.557554 2 
0.12597 0.250174 -0.0134062 0.225621 -0.760886 0.608398 2 
0.126244 0.25033 -0.0135078 0.225621 -0.760886 0.608398 2 
0.126093 0.250235 -0.0133732 0.225621 -0.760886 0.608398 2 
0.126325 0.249942 -0.013393 0.225621 -0.760886 0.608398 2 
0.12633 0.250081 -0.0133644 0.225621 -0.760886 0.608398 2 
0.126648 0.250336 -0.0129019 0.225621 -0.760886 0.608398 2 
0.126571 0.250298 -0.0137579 0.225621 -0.760886 0.608398 2 
0.126883 0.250531 -0.0135393 0.225621 -0.760886 0.608398 2 
0.12668 0.250624 -0.0132564 0.225621 -0.760886 0.608398 2 
0.127153 0.250549 -0.0136696 0.225621 -0.760886 0.608398 2 
0.126656 0.250049 -0.0136145 0.225621 -0.760886 0.608398 2 
0.126599 0.250098 -0.0134947 0.225621 -0.760886 0.608398 2 
0.126628 0.250015 -0.0134469 0.225621 -0.760886 0.608398 2 
0.126936 0.250227 -0.0134723 0.225621 -0.760886 0.608398 2 
0.127139 0.250134 -0.0137553 0.225621 -0.760886 0.608398 2 
0.126997 0.250199 -0.0133481 0.225621 -0.760886 0.608398 2 
0.127391 0.250161 -0.0132301 0.225621 -0.760886 0.608398 2 
0.127337 0.250816 -0.0139433 0.225621 -0.760886 0.608398 2 
0.127848 0.25002 -0.0143751 0.227037 -0.798491 0.557554 2 
0.127938 0.250026 -0.0144185 0.227037 -0.798491 0.557554 2 
0.127366 0.250733 -0.0138955 0.225621 -0.760886 0.608398 2 
0.127518 0.250594 -0.0135994 0.225621 -0.760886 0.608398 2 
0.127518 0.250594 -0.0135994 0.225621 -0.760886 0.608398 2 
0.127911 0.250673 -0.0136967 0.225621 -0.760886 0.608398 2 
0.127504 0.250179 -0.013685 0.225621 -0.760886 0.608398 2 
0.128298 0.25073 -0.014038 0.212441 -0.761378 0.612514 2 
0.128436 0.250293 -0.0140429 0.212441 -0.761378 0.612514 2 
0.128615 0.250305 -0.0141297 0.201711 -0.765269 0.611291 2 
0.127812 0.25107 -0.0131561 0.225621 -0.760886 0.608398 2 
0.128048 0.251033 -0.0133628 0.225621 -0.760886 0.608398 2 
0.127608 0.250483 -0.0134274 0.225621 -0.760886 0.608398 2 
0.127906 0.250418 -0.0135099 0.225621 -0.760886 0.608398 2 
0.127996 0.250424 -0.0135533 0.225621 -0.760886 0.608398 2 
0.128218 0.250884 -0.0137221 0.212441 -0.761378 0.612514 2 
0.12846 0.250868 -0.0136848 0.198754 -0.765741 0.611668 2 
0.128574 0.250653 -0.0137089 0.198754 -0.765741 0.611668 2 
0.127997 0.250987 -0.0127837 0.183302 -0.435526 0.881316 2 
0.126485 0.249517 -0.0138094 0.476524 -0.496448 0.725578 2 
0.126675 0.249689 -0.0136238 0.231101 -0.559915 0.795668 2 
0.127053 0.249469 -0.0140222 0.561078 -0.530749 0.635214 2 
0.126515 0.249997 -0.012992 0.225621 -0.760886 0.608398 2 
0.12713 0.249623 -0.0133816 0.225621 -0.760886 0.608398 2 
0.126941 0.250132 -0.013013 0.225621 -0.760886 0.608398 2 
0.127906 0.249621 -0.0138487 0.227037 -0.798491 0.557554 2 
0.127594 0.250068 -0.0135131 0.225621 -0.760886 0.608398 2 
0.127679 0.249819 -0.0133696 0.225621 -0.760886 0.608398 2 
0.128403 0.250121 -0.0139038 0.212441 -0.761378 0.612514 2 
0.127912 0.250323 -0.0130506 0.225621 -0.760886 0.608398 2 
0.12812 0.250368 -0.013305 0.225621 -0.760886 0.608398 2 
0.128049 0.250002 -0.0132709 0.225621 -0.760886 0.608398 2 
0.128433 0.250601 -0.0130864 0.174325 -0.4468 0.877485 2 
0.126639 0.244782 -0.0238033 -0.197225 -0.970858 0.136149 2 
0.126249 0.245947 -0.0223821 0.232257 -0.972648 0.0035369 2 
0.126391 0.245649 -0.0223584 0.232257 -0.972648 0.0035369 2 
0.125917 0.245044 -0.0224994 0.232257 -0.972648 0.0035369 2 
0.126049 0.244701 -0.0229637 0.232257 -0.972648 0.0035369 2 
0.126528 0.244414 -0.0227022 0.232257 -0.972648 0.0035369 2 
0.126296 0.244707 -0.0226824 0.232257 -0.972648 0.0035369 2 
0.126017 0.24521 -0.0222704 0.232257 -0.972648 0.0035369 2 
0.126231 0.245043 -0.0218501 -0.0909443 -0.99365 -0.0662434 2 
0.126386 0.245393 -0.0221716 -0.0909443 -0.99365 -0.0662434 2 
0.12651 0.245455 -0.0221387 -0.0909443 -0.99365 -0.0662434 2 
0.126779 0.245472 -0.022269 -0.0909443 -0.99365 -0.0662434 2 
0.126505 0.2452 -0.0219519 -0.0909443 -0.99365 -0.0662434 2 
0.126662 0.245316 -0.0218426 -0.0909443 -0.99365 -0.0662434 2 
0.126865 0.245223 -0.0221255 -0.0909443 -0.99365 -0.0662434 2 
0.126827 0.244913 -0.0220151 -0.0909443 -0.99365 -0.0662434 2 
0.126926 0.245429 -0.0224322 -0.0909443 -0.99365 -0.0662434 2 
0.127224 0.245363 -0.0225146 -0.0909443 -0.99365 -0.0662434 2 
0.127035 0.245075 -0.0224849 -0.0909443 -0.99365 -0.0662434 2 
0.12757 0.244855 -0.0225586 -0.0909443 -0.99365 -0.0662434 2 
0.12713 0.245102 -0.0222843 -0.0909443 -0.99365 -0.0662434 2 
0.126723 0.245288 -0.0217184 -0.0909443 -0.99365 -0.0662434 2 
0.12705 0.24514 -0.0217531 -0.0909443 -0.99365 -0.0662434 2 
0.126717 0.244586 -0.0225166 -0.0909443 -0.99365 -0.0662434 2 
0.126713 0.244331 -0.0223297 -0.0909443 -0.99365 -0.0662434 2 
0.12608 0.244832 -0.0215001 -0.0909443 -0.99365 -0.0662434 2 
0.126166 0.244583 -0.0213567 -0.0909443 -0.99365 -0.0662434 2 
0.126979 0.244891 -0.0219343 -0.0909443 -0.99365 -0.0662434 2 
0.127655 0.244722 -0.0226305 -0.0909443 -0.99365 -0.0662434 2 
0.127159 0.244902 -0.0220212 -0.0909443 -0.99365 -0.0662434 2 
0.127334 0.244659 -0.0219212 -0.0909443 -0.99365 -0.0662434 2 
0.126876 0.24515 -0.0214223 -0.0909443 -0.99365 -0.0662434 2 
0.126976 0.245199 -0.0209779 -0.159309 -0.979318 -0.12473 2 
0.126961 0.244901 -0.0212789 -0.0909443 -0.99365 -0.0662434 2 
0.127076 0.244452 -0.0208723 -0.159309 -0.979318 -0.12473 2 
0.127754 0.244497 -0.0201528 -0.548503 -0.822012 -0.153105 2 
0.128592 0.245403 -0.00401686 0.353909 -0.397563 0.846576 2 
0.12768 0.244579 -0.00302212 0.447922 -0.352956 0.821454 2 
0.127519 0.246948 -0.00257415 -0.0718989 0.0311204 0.996926 2 
0.126421 0.24576 -0.00293691 -0.0252123 -0.104138 0.994243 2 
0.126733 0.24611 -0.00293373 -0.0673943 -0.0673943 0.995448 2 
0.126937 0.245667 -0.00257055 0.439691 -0.462575 0.769868 2 
0.127046 0.246343 -0.00271516 -0.0890726 -0.0406875 0.995194 2 
0.12689 0.24611 -0.00260908 0.0792587 -0.240292 0.967459 2 
0.127472 0.246477 -0.00273616 0.0888937 -0.17657 0.980266 2 
0.127259 0.246293 -0.00251026 0.451495 -0.477764 0.753587 2 
0.127373 0.245961 -0.00231908 0.510774 -0.484154 0.710425 2 
0.127743 0.246145 -0.0022203 0.304864 -0.368567 0.87819 2 
0.126961 0.245445 -0.0025513 0.413561 -0.403981 0.815945 2 
0.127771 0.245148 -0.00229596 0.515963 -0.436838 0.736855 2 
0.127274 0.245678 -0.00233275 0.532654 -0.4859 0.692951 2 
0.127416 0.24538 -0.00230907 0.467437 -0.421834 0.776891 2 
0.127819 0.245619 -0.00213399 0.642604 -0.521167 0.561646 2 
0.127733 0.245868 -0.0022774 0.525453 -0.47541 0.705609 2 
0.128291 0.244863 -0.00310142 0.68499 -0.45166 0.571658 2 
0.127885 0.245049 -0.00253552 0.597952 -0.438054 0.671239 2 
0.128244 0.245073 -0.0027092 0.588802 -0.438683 0.678874 2 
0.128612 0.245606 -0.00325654 0.354961 -0.42753 0.831397 2 
0.128726 0.245274 -0.00306532 0.341162 -0.403474 0.84901 2 
0.127965 0.245575 -0.00229718 0.61119 -0.463834 0.641331 2 
0.128301 0.24582 -0.00249013 0.440766 -0.414934 0.795962 2 
0.128552 0.246081 -0.0023957 0.38485 -0.465363 0.797075 2 
0.128164 0.245344 -0.00260867 0.64067 -0.456665 0.617251 2 
0.128467 0.245417 -0.00266259 0.399149 -0.386528 0.83143 2 
0.128542 0.245921 -0.00266822 0.383449 -0.460459 0.80059 2 
0.128557 0.245422 -0.00270601 0.388064 -0.384922 0.837402 2 
0.12779 0.246615 -0.0020583 0.355082 -0.496472 0.792106 2 
0.128325 0.246396 -0.00213201 0.418674 -0.480579 0.770556 2 
0.128079 0.246156 -0.0019825 0.43282 -0.475285 0.76601 2 
0.127734 0.241808 -0.00535885 0.742386 -0.247462 0.622596 2 
0.127824 0.241697 -0.00518691 0.742386 -0.247462 0.622596 2 
0.127857 0.241869 -0.00532594 0.744119 -0.254359 0.617729 2 
0.128126 0.241887 -0.00545622 0.791119 -0.164251 0.589196 2 
0.12806 0.241659 -0.00539351 0.784992 -0.161217 0.598161 2 
0.128546 0.241552 -0.00670611 0.791606 0.15772 0.590325 2 
0.128693 0.241275 -0.00643856 0.790385 0.187317 0.58327 2 
0.128409 0.241756 -0.00627045 0.839534 0.0431601 0.54159 2 
0.128382 0.241489 -0.00567209 0.813416 -0.0179531 0.581406 2 
0.128466 0.24159 -0.00617484 0.839534 0.0431601 0.54159 2 
0.128552 0.241341 -0.00603143 0.839534 0.0431601 0.54159 2 
0.128353 0.241572 -0.00571989 0.813416 -0.0179531 0.581406 2 
0.128358 0.241594 -0.00547598 0.809655 -0.115665 0.575396 2 
0.127691 0.240562 -0.00561579 0.759099 0.0124898 0.650855 2 
0.127876 0.241392 -0.00511986 0.74453 -0.233547 0.625405 2 
0.127999 0.241454 -0.00508692 0.754008 -0.226358 0.616632 2 
0.127985 0.241038 -0.00517256 0.767644 -0.165036 0.619263 2 
0.128779 0.241026 -0.00629515 0.790385 0.187317 0.58327 2 
0.128637 0.241091 -0.00588802 0.839534 0.0431601 0.54159 2 
0.128907 0.241109 -0.00601827 0.830717 0.15901 0.533502 2 
0.128444 0.241345 -0.00533257 0.822323 -0.0434276 0.567361 2 
0.128647 0.241251 -0.00561553 0.842807 0.0261229 0.537582 2 
0.12843 0.240929 -0.0054182 0.839173 0.0205344 0.543477 2 
0.12842 0.240652 -0.00547532 0.833684 0.14956 0.531603 2 
0.12861 0.240824 -0.00528969 0.837737 0.0317429 0.54515 2 
0.12888 0.240842 -0.00541995 0.830768 0.0755244 0.551471 2 
0.12862 0.241101 -0.00523257 0.837627 0.00953396 0.54616 2 
0.128823 0.241008 -0.00551555 0.846328 0.0345158 0.531543 2 
0.128992 0.24086 -0.00587486 0.810263 0.17352 0.55979 2 
0.129784 0.246288 -0.00465404 0.163041 -0.338624 0.926688 1 
0.129341 0.246844 -0.00342337 0.343511 -0.460654 0.818412 1 
0.129785 0.246968 -0.00409978 0.277868 -0.443668 0.852026 1 
0.128921 0.247295 -0.00238884 0.367816 -0.526608 0.766417 1 
0.127919 0.247612 -0.00165799 0.702401 -0.329301 -0.631026 1 
0.128599 0.247582 -0.00232561 0.330719 -0.411457 0.84931 1 
0.128969 0.247766 -0.00222687 0.405539 -0.587617 0.700175 1 
0.129824 0.247609 -0.00300988 0.296319 -0.540346 0.787542 1 
0.1299 0.247199 -0.00313894 0.299214 -0.520855 0.799488 1 
0.130327 0.248131 -0.00282107 0.332657 -0.544786 0.769771 1 
0.130047 0.247836 -0.00274791 0.301444 -0.566204 0.767167 1 
0.132072 0.247756 -0.00409542 0.504627 -0.365975 -0.78193 1 
0.130091 0.251473 -0.00147443 0.668658 -0.431876 0.605293 1 
0.129832 0.251615 -0.00107166 0.706355 -0.437109 0.556774 1 
0.130708 0.251546 -0.000879012 0.652613 -0.384959 0.652613 1 
0.131304 0.251415 -0.00104396 0.599709 -0.354596 0.717363 1 
0.131432 0.250817 -0.00132136 0.604427 -0.380443 0.69995 1 
0.130992 0.250948 -0.000831746 0.635058 -0.409554 0.654955 1 
0.128606 0.248167 -0.00131209 0.46852 -0.623014 0.626373 1 
0.129505 0.248226 -0.00174632 0.37958 -0.583337 0.718079 1 
0.129179 0.248938 -0.000942051 0.52445 -0.595277 0.608767 1 
0.130947 0.248575 -0.00262789 0.356839 -0.484853 0.798488 1 
0.130007 0.248631 -0.0013421 0.461973 -0.558704 0.68879 1 
0.130243 0.248593 -0.00154874 0.389566 -0.523224 0.757941 1 
0.129023 0.249502 -0.000497065 0.456887 -0.536634 0.709421 1 
0.129266 0.250166 9.4451e-005 0.604892 -0.457439 0.651809 1 
0.12955 0.250599 4.98146e-005 0.60875 -0.431963 0.665456 1 
0.129753 0.250506 -0.000233106 0.435288 -0.464634 0.771129 1 
0.129796 0.249925 -0.000223152 0.742658 -0.44296 0.502241 1 
0.129593 0.250018 5.97835e-005 0.608134 -0.467409 0.64164 1 
0.129569 0.250239 4.0561e-005 0.607106 -0.446549 0.65728 1 
0.129838 0.250257 -8.97199e-005 0.449345 -0.459148 0.766337 1 
0.12998 0.249278 -0.000620306 0.547698 -0.524105 0.652182 1 
0.129781 0.249509 -0.000308804 0.575507 -0.488258 0.656045 1 
0.130061 0.249804 -0.000381969 0.611368 -0.45392 0.648218 1 
0.130689 0.250078 -0.00111669 0.549556 -0.436656 0.712264 1 
0.130684 0.24994 -0.00114523 0.537889 -0.438586 0.719943 1 
0.131289 0.250319 -0.00168382 0.572855 -0.367214 0.732797 1 
0.13041 0.250581 -0.000704668 0.636945 -0.414097 0.650249 1 
0.130496 0.250332 -0.000561252 0.61311 -0.439368 0.656546 1 
0.130832 0.250577 -0.00075417 0.593854 -0.408585 0.693106 1 
0.130932 0.250626 -0.000309765 0.635945 -0.432309 0.639283 1 
0.130302 0.249905 -0.000560038 0.594498 -0.457177 0.661484 1 
0.131248 0.250551 -0.00104767 0.637449 -0.373904 0.673687 1 
0.13087 0.25077 -0.000649288 0.625387 -0.428598 0.65207 1 
0.131049 0.250782 -0.000736132 0.623551 -0.424015 0.656807 1 
0.131068 0.250422 -0.000745416 0.581672 -0.412639 0.70099 1 
0.131252 0.250689 -0.00101911 0.617496 -0.383671 0.686655 1 
0.130249 0.249295 -0.000750549 0.551353 -0.494375 0.672014 1 
0.130367 0.249335 -0.000961579 0.541128 -0.487518 0.685206 1 
0.130457 0.249341 -0.00100499 0.521363 -0.481387 0.70459 1 
0.13023 0.249655 -0.000741288 0.576511 -0.452854 0.680116 1 
0.13041 0.249667 -0.000828154 0.558679 -0.451946 0.69543 1 
0.13033 0.249821 -0.000512227 0.594498 -0.457177 0.661484 1 
0.131178 0.250343 -0.00283149 0.508301 -0.366299 0.779394 1 
0.131056 0.250048 -0.00243367 0.509784 -0.395774 0.763861 1 
0.132367 0.25074 -0.00285105 0.447346 -0.364563 0.816685 1 
0.131957 0.251351 -0.00154403 0.560672 -0.352654 0.749188 1 
0.131933 0.250775 -0.00190212 0.534626 -0.347265 0.770443 1 
0.131905 0.250742 -0.00173456 0.554866 -0.341331 0.758694 1 
0.132425 0.251137 -0.00198581 0.495771 -0.351372 0.794197 1 
0.133173 0.250984 -0.00206999 0.460199 -0.355101 0.813708 1 
0.133443 0.251002 -0.00220027 0.429433 -0.366048 0.825588 1 
0.133778 0.251364 -0.00260857 0.454458 -0.343615 0.821825 1 
0.133934 0.25148 -0.0024993 0.468073 -0.308396 0.82813 1 
0.133561 0.251041 -0.00241128 0.449089 -0.353876 0.820421 1 
0.133864 0.251114 -0.00246516 0.272547 -0.386987 0.880885 1 
0.133622 0.251014 -0.00228713 0.449089 -0.353876 0.820421 1 
0.134356 0.251359 -0.00233348 0.442001 -0.33504 0.832095 1 
0.134228 0.25116 -0.00239496 0.444998 -0.378009 0.811841 1 
0.131349 0.248931 -0.00266814 0.458669 -0.445611 0.768801 1 
0.131572 0.248361 -0.00274504 0.42419 -0.408183 0.808362 1 
0.13179 0.24845 -0.00251158 0.439107 -0.403721 0.802617 1 
0.13206 0.248468 -0.00264185 0.526831 -0.411946 0.743472 1 
0.132273 0.248535 -0.00265236 0.569787 -0.436892 0.696037 1 
0.132509 0.248497 -0.00285896 0.667845 -0.473685 0.574113 1 
0.131535 0.248848 -0.0022957 0.464244 -0.42515 0.776998 1 
0.131861 0.248699 -0.00233035 0.470038 -0.440558 0.764835 1 
0.13155 0.248913 -0.00156391 0.417706 -0.433833 0.798318 1 
0.131984 0.248877 -0.00251281 0.470884 -0.402922 0.784807 1 
0.132557 0.248968 -0.00269696 0.800042 -0.518047 0.30259 1 
0.133388 0.249149 -0.00371467 -0.588229 0.306136 0.74851 1 
0.133266 0.249885 -0.00340874 0.281802 -0.305163 0.90965 1 
0.133153 0.248953 -0.00307731 0.696003 -0.525758 0.489038 1 
0.133163 0.249113 -0.00280484 0.726441 -0.569018 0.385358 1 
0.132884 0.248819 -0.00273161 0.691519 -0.500639 0.520732 1 
0.13312 0.248781 -0.00293826 0.664967 -0.46062 0.587918 1 
0.131947 0.250277 -0.00193997 0.530986 -0.346997 0.773077 1 
0.132198 0.250538 -0.00184559 0.519299 -0.36723 0.771668 1 
0.132851 0.250241 -0.00191491 0.48265 -0.401396 0.778415 1 
0.132568 0.250722 -0.0017468 0.499201 -0.369958 0.783536 1 
0.131659 0.249589 -0.00170853 0.526882 -0.38986 0.755252 1 
0.133616 0.250312 -0.00308528 0.30806 -0.27886 0.90958 1 
0.133192 0.250508 -0.00186393 0.474611 -0.374862 0.796381 1 
0.133362 0.250359 -0.00222324 0.38942 -0.342876 0.854862 1 
0.1335 0.250836 -0.00210465 0.420229 -0.382171 0.823015 1 
0.134119 0.250717 -0.00268111 0.418393 -0.349444 0.838353 1 
0.128977 0.246565 -0.00306283 0.319795 -0.467878 0.823906 1 
0.128855 0.246271 -0.00266499 0.330798 -0.470081 0.818289 1 
0.128924 0.246306 -0.00389951 0.321134 -0.452721 0.831815 1 
0.129227 0.246262 -0.00373804 0.315047 -0.456113 0.832289 1 
0.12918 0.246472 -0.00334582 0.318696 -0.45685 0.830494 1 
0.129539 0.246612 -0.00373486 0.340325 -0.45746 0.821529 1 
0.129586 0.246286 -0.00391173 0.330546 -0.43394 0.838114 1 
0.129805 0.246258 -0.00346296 0.303897 -0.489699 0.817215 1 
0.129795 0.246215 -0.00395078 0.305795 -0.404142 0.862067 1 
0.130203 0.246359 -0.00331635 0.307223 -0.48683 0.817686 1 
0.130568 0.24549 -0.00336958 0.188699 -0.42567 0.884984 1 
0.130611 0.245822 -0.00323611 0.25535 -0.463299 0.848617 1 
0.127805 0.247031 -0.00197267 0.445135 -0.477986 0.757222 1 
0.128582 0.246678 -0.00179367 0.416094 -0.521351 0.745022 1 
0.128783 0.246935 -0.00272278 0.33846 -0.514908 0.787601 1 
0.129053 0.246953 -0.00285302 0.329637 -0.504806 0.797816 1 
0.128869 0.246686 -0.00257937 0.340688 -0.507033 0.791739 1 
0.128751 0.24653 -0.00215299 0.33993 -0.489946 0.802746 1 
0.128766 0.246945 -0.00206738 0.360706 -0.519222 0.77479 1 
0.12851 0.247343 -0.00185145 0.435362 -0.531373 0.726707 1 
0.128553 0.247558 -0.00150263 0.449602 -0.586656 0.673568 1 
0.128577 0.247337 -0.00148335 0.4624 -0.549204 0.696104 1 
0.128563 0.246921 -0.00156902 0.411396 -0.509738 0.755593 1 
0.128596 0.247093 -0.00170805 0.411396 -0.509738 0.755593 1 
0.12887 0.24725 -0.00180976 0.408787 -0.533557 0.740413 1 
0.130255 0.246968 -0.00312579 0.294765 -0.50914 0.808634 1 
0.130298 0.2473 -0.00299236 0.295577 -0.520026 0.801378 1 
0.130274 0.246608 -0.0031351 0.320698 -0.484996 0.813592 1 
0.13018 0.246463 -0.00312024 0.319444 -0.5038 0.802584 1 
0.130573 0.246542 -0.00321758 0.268018 -0.491108 0.828842 1 
0.130601 0.247373 -0.00304629 0.281615 -0.533339 0.797648 1 
0.13063 0.246376 -0.00312195 0.262234 -0.5074 0.82084 1 
0.13132 0.245593 -0.00364062 -0.172218 -0.371479 0.912329 1 
0.13088 0.24584 -0.0033664 0.137761 -0.421806 0.896159 1 
0.131013 0.246975 -0.00293753 0.189917 -0.49498 0.847896 1 
0.13126 0.247098 -0.00287169 0.222663 -0.483194 0.846726 1 
0.131558 0.247032 -0.00295417 0.237774 -0.504694 0.829908 1 
0.132268 0.247483 -0.00280437 0.732798 -0.628338 0.261148 1 
0.130966 0.246505 -0.00309952 0.162579 -0.418676 0.893464 1 
0.130985 0.246145 -0.00310881 0.152335 -0.405753 0.901198 1 
0.131108 0.246322 -0.00329127 0.0594496 -0.365946 0.928735 1 
0.131245 0.246682 -0.00295732 0.156323 -0.468968 0.869271 1 
0.131444 0.246451 -0.00326883 0.0468651 -0.413752 0.909183 1 
0.131193 0.246073 -0.00314784 -0.00629205 -0.341029 0.940032 1 
0.131429 0.246035 -0.00335447 -0.130117 -0.343782 0.929991 1 
0.132018 0.247105 -0.00268339 0.677172 -0.627744 0.383896 1 
0.132107 0.247111 -0.00272683 0.6997 -0.617768 0.358863 1 
0.131106 0.244845 -0.00418434 0.262708 -0.905535 -0.333154 1 
0.130946 0.24527 -0.00376791 -0.0590564 -0.347777 0.935716 1 
0.132027 0.247382 -0.00262631 0.71002 -0.601795 0.365669 1 
0.131644 0.252828 -0.00130028 0.603978 -0.299586 0.738552 1 
0.132009 0.253787 -0.00110653 0.611747 -0.289102 0.736332 1 
0.131944 0.253327 -0.000613078 0.64719 -0.282846 0.707914 1 
0.132085 0.253261 -0.00102022 0.646462 -0.293555 0.704211 1 
0.132393 0.253473 -0.00104561 0.599348 -0.289285 0.746388 1 
0.13402 0.253972 -0.00198548 0.540122 -0.176029 0.822972 1 
0.132355 0.254192 -0.00102703 0.468404 -0.165924 0.867795 1 
0.132426 0.254558 -0.00106115 0.496507 -0.160591 0.853048 1 
0.132814 0.254382 -0.000971645 0.457 -0.162067 0.874577 1 
0.13298 0.254892 -0.00102067 0.20331 -0.0985369 0.974143 1 
0.132166 0.253787 -0.000781864 0.620255 -0.282224 0.731869 1 
0.132246 0.253516 -0.000882387 0.624332 -0.293709 0.72384 1 
0.132383 0.254109 -0.000979207 0.537903 -0.202666 0.818283 1 
0.132469 0.25386 -0.000835806 0.576853 -0.24231 0.780081 1 
0.132739 0.253878 -0.000966065 0.456781 -0.164908 0.87416 1 
0.132568 0.254143 -0.000822105 0.468404 -0.165924 0.867795 1 
0.132781 0.25421 -0.000832617 0.471745 -0.146604 0.869462 1 
0.132895 0.253994 -0.000856765 0.468404 -0.165924 0.867795 1 
0.132583 0.253645 -0.000859968 0.578325 -0.252332 0.775802 1 
0.132616 0.2537 -0.000783615 0.571775 -0.249075 0.781687 1 
0.132644 0.253617 -0.000735819 0.587663 -0.256807 0.76727 1 
0.132824 0.253629 -0.000822663 0.577961 -0.23835 0.780481 1 
0.133193 0.254843 -0.000815779 0.20331 -0.0985369 0.974143 1 
0.133236 0.254261 -0.00080581 0.331511 -0.129603 0.934507 1 
0.133416 0.254273 -0.000892654 0.810467 -0.508312 0.291139 1 
0.133212 0.253569 -0.000948511 0.542578 -0.244082 0.803762 1 
0.133392 0.253581 -0.00103538 0.611548 -0.171476 0.772402 1 
0.133435 0.253913 -0.000901945 0.733751 -0.374229 0.567064 1 
0.133728 0.253709 -0.00101294 0.589007 -0.18416 0.786865 1 
0.133212 0.254483 -0.000825092 0.301004 -0.121739 0.94582 1 
0.130398 0.252323 0.000657015 0.707568 -0.454509 0.541082 1 
0.130417 0.251963 0.000647739 0.69963 -0.443708 0.560036 1 
0.130912 0.252016 -0.000392392 0.623799 -0.34366 0.701978 1 
0.130709 0.252109 -0.000109434 0.646239 -0.366695 0.66926 1 
0.130955 0.252348 -0.000258945 0.63737 -0.343952 0.689533 1 
0.130573 0.252313 0.000326246 0.684909 -0.384539 0.618894 1 
0.130549 0.252418 0.000522375 0.700528 -0.393944 0.595037 1 
0.131055 0.252514 -2.98768e-005 0.639481 -0.315693 0.701001 1 
0.130898 0.251601 -0.000478014 0.626625 -0.358305 0.692069 1 
0.130723 0.251611 -0.000147253 0.627304 -0.361969 0.689543 1 
0.130984 0.251352 -0.000334613 0.629904 -0.376627 0.679244 1 
0.130842 0.251417 7.24941e-005 0.626507 -0.376562 0.682415 1 
0.131111 0.251785 -0.000703879 0.612913 -0.351403 0.70771 1 
0.130998 0.251767 -0.000248969 0.616944 -0.34347 0.708102 1 
0.130827 0.251352 -0.000659235 0.629744 -0.388424 0.672718 1 
0.131182 0.25112 -0.000646114 0.639275 -0.406811 0.652558 1 
0.130927 0.251518 -0.000430204 0.628045 -0.359117 0.690358 1 
0.131012 0.251269 -0.000286803 0.610089 -0.373289 0.698889 1 
0.130771 0.252082 1.47521e-005 0.652098 -0.369577 0.661953 1 
0.130828 0.251915 0.000110343 0.655397 -0.369585 0.658682 1 
0.130601 0.25223 0.000374071 0.691179 -0.384355 0.611999 1 
0.130578 0.252335 0.000570185 0.698378 -0.401196 0.592714 1 
0.130668 0.252341 0.000526771 0.694388 -0.394201 0.602023 1 
0.130725 0.252175 0.000622369 0.682397 -0.398202 0.613 1 
0.130644 0.251649 0.000384025 0.688701 -0.413221 0.595768 1 
0.130739 0.251676 0.000584558 0.689507 -0.42035 0.589819 1 
0.130856 0.251832 0.000158153 0.656013 -0.373221 0.656013 1 
0.130942 0.251583 0.000301555 0.818964 -0.471811 0.326639 1 
0.130687 0.251981 0.000517488 0.681088 -0.41263 0.60486 1 
0.131803 0.252245 0.000101306 0.623672 -0.31103 0.717142 1 
0.130952 0.252657 0.000697523 0.702133 -0.383131 0.600184 1 
0.131155 0.25268 0.000199154 0.641228 -0.3085 0.702605 1 
0.131462 0.252892 0.0001738 0.634489 -0.308365 0.708755 1 
0.130947 0.252518 0.000668965 0.684372 -0.38094 0.621707 1 
0.131036 0.251047 -0.000267535 0.653099 -0.420443 0.629833 1 
0.130899 0.251251 0.000168122 0.616874 -0.379994 0.689254 1 
0.131178 0.250865 -0.000459276 0.629166 -0.406717 0.662368 1 
0.130606 0.251338 0.000494488 0.721526 -0.472724 0.505898 1 
0.130909 0.251411 0.000440598 0.671131 -0.409307 0.618103 1 
0.132028 0.252514 -0.00123931 0.608734 -0.314862 0.72822 1 
0.132114 0.252264 -0.00109591 0.591294 -0.314175 0.742742 1 
0.132241 0.251784 -0.00158866 0.531069 -0.335328 0.778152 1 
0.13261 0.251967 -0.00148989 0.530554 -0.310685 0.788662 1 
0.132847 0.25193 -0.00169648 0.513596 -0.298676 0.80437 1 
0.132383 0.252282 -0.00122619 0.568908 -0.297999 0.766512 1 
0.132653 0.2523 -0.00135646 0.549943 -0.272608 0.78946 1 
0.132042 0.252929 -0.00115368 0.612617 -0.292712 0.73418 1 
0.131878 0.252983 -0.00033506 0.627078 -0.311121 0.714127 1 
0.132312 0.252947 -0.00128394 0.591778 -0.277644 0.756778 1 
0.132364 0.252642 -0.00121689 0.585367 -0.288696 0.757628 1 
0.132454 0.252648 -0.00126031 0.579199 -0.291993 0.761097 1 
0.132682 0.25313 -0.00118516 0.555667 -0.286541 0.780467 1 
0.132857 0.252887 -0.00108517 0.540095 -0.261437 0.799967 1 
0.132809 0.252416 -0.00124717 0.538328 -0.268379 0.798859 1 
0.13209 0.251689 -0.001454 0.563535 -0.349164 0.748674 1 
0.1322 0.251665 -0.000306353 0.596057 -0.310078 0.740653 1 
0.133184 0.252738 -0.00111981 0.573424 -0.210614 0.791724 1 
0.134247 0.25183 -0.00249616 0.480576 -0.316707 0.817767 1 
0.134304 0.251664 -0.00240052 0.482082 -0.324022 0.814007 1 
0.131978 0.253149 -0.000106014 0.63692 -0.268427 0.722689 1 
0.132129 0.25336 -0.000456013 0.642082 -0.275633 0.715372 1 
0.13221 0.252856 -0.000125811 0.635387 -0.275493 0.721379 1 
0.132871 0.253302 -0.000999525 0.56326 -0.269797 0.780991 1 
0.133226 0.253071 -0.000986375 0.58252 -0.180992 0.792409 1 
0.134398 0.251011 -0.00275426 0.381692 -0.344604 0.857647 1 
0.134639 0.251112 -0.00293234 0.412231 -0.377483 0.8292 1 
0.134521 0.251072 -0.00272131 0.442269 -0.400455 0.802517 1 
0.134488 0.251931 -0.0026742 0.24966 -0.437283 0.863975 1 
0.13488 0.252126 -0.00298695 0.56687 -0.248298 0.785497 1 
0.134493 0.251952 -0.00243027 0.116859 -0.509272 0.852635 1 
0.134696 0.251859 -0.00271324 0.525142 -0.324024 0.786915 1 
0.134602 0.251598 -0.00248299 0.494339 -0.325851 0.805885 1 
0.140025 0.241701 -0.00618338 0.460512 -0.424713 0.779454 1 
0.13965 0.241379 -0.00631074 0.338886 -0.478895 0.809825 1 
0.139882 0.241202 -0.00654591 0.363523 -0.478826 0.79911 1 
0.140318 0.241497 -0.00629438 0.442258 -0.432538 0.785696 1 
0.139743 0.239249 -0.00755755 0.339729 -0.496037 0.799082 1 
0.139802 0.24056 -0.00656883 0.348714 -0.476098 0.807297 1 
0.139537 0.240681 -0.00641003 0.368175 -0.480718 0.795837 1 
0.139423 0.240099 -0.00672472 0.357392 -0.4824 0.799726 1 
0.139636 0.240963 -0.00639637 0.363893 -0.482519 0.796717 1 
0.139963 0.240815 -0.00643103 0.359984 -0.471979 0.804765 1 
0.140331 0.241232 -0.00676303 0.440486 -0.446988 0.778572 1 
0.140629 0.241283 -0.00706083 0.464634 -0.435288 0.771129 1 
0.14072 0.241172 -0.00688888 0.454451 -0.44142 0.773707 1 
0.140531 0.241681 -0.00652026 0.462534 -0.420338 0.780627 1 
0.140772 0.241665 -0.00648296 0.478889 -0.407462 0.777586 1 
0.14151 0.241585 -0.00727041 0.477014 -0.367799 0.798236 1 
0.14123 0.24129 -0.00719723 0.472815 -0.39213 0.789101 1 
0.141567 0.241419 -0.0071748 0.477014 -0.367799 0.798236 1 
0.14246 0.242369 -0.00772946 0.377143 -0.117425 0.918681 1 
0.142545 0.242237 -0.00780143 0.37296 -0.126169 0.919229 1 
0.141732 0.241929 -0.00722378 0.491531 -0.353838 0.795736 1 
0.142304 0.242136 -0.00762337 0.445754 -0.226629 0.865993 1 
0.142125 0.242008 -0.00732114 0.465344 -0.259549 0.84622 1 
0.142418 0.241804 -0.00743214 0.445754 -0.226629 0.865993 1 
0.141865 0.241353 -0.00725726 0.472411 -0.348343 0.80962 1 
0.141818 0.24168 -0.00708037 0.491531 -0.353838 0.795736 1 
0.142111 0.241592 -0.00740676 0.462614 -0.283138 0.840132 1 
0.14229 0.241604 -0.0074936 0.449234 -0.251267 0.857353 1 
0.142238 0.242025 -0.00777604 0.413388 -0.194278 0.889588 1 
0.142598 0.241816 -0.00751897 0.411705 -0.187668 0.891785 1 
0.142716 0.241972 -0.00794534 0.318155 -0.0884497 0.943904 1 
0.142844 0.242171 -0.00788388 0.299927 -0.044293 0.952933 1 
0.143071 0.24174 -0.00793221 0.213591 0.00350149 0.976917 1 
0.142854 0.241418 -0.00773492 0.305829 -0.101943 0.946613 1 
0.142627 0.241732 -0.00747116 0.411705 -0.187668 0.891785 1 
0.142801 0.241722 -0.00780193 0.308616 -0.090615 0.946861 1 
0.14308 0.242017 -0.00787511 0.15034 0.054775 0.987116 1 
0.143128 0.241691 -0.00805204 0.125076 0.0608168 0.990281 1 
0.140108 0.23941 -0.00770267 0.340597 -0.497303 0.797924 1 
0.140761 0.240027 -0.00764853 0.395231 -0.436835 0.808064 1 
0.140941 0.240039 -0.00773536 0.402205 -0.434253 0.806012 1 
0.141239 0.239973 -0.00781784 0.41942 -0.41942 0.805093 1 
0.139734 0.239088 -0.00783002 0.371687 -0.487537 0.790036 1 
0.140036 0.239161 -0.00788393 0.366234 -0.49853 0.78571 1 
0.140547 0.23928 -0.00819228 0.347666 -0.495063 0.796267 1 
0.140544 0.239705 -0.0074512 0.367416 -0.473309 0.800615 1 
0.140927 0.239624 -0.00782099 0.362765 -0.471434 0.803835 1 
0.141509 0.239991 -0.0079481 0.423064 -0.394328 0.815796 1 
0.140605 0.240591 -0.00720356 0.428924 -0.435399 0.791487 1 
0.140781 0.240464 -0.00731897 0.428924 -0.435399 0.791487 1 
0.140336 0.240573 -0.00707329 0.409129 -0.460876 0.787532 1 
0.140795 0.240879 -0.00723334 0.45242 -0.426475 0.783221 1 
0.140591 0.240175 -0.00728921 0.404959 -0.456588 0.792171 1 
0.141055 0.24062 -0.00742069 0.45399 -0.411984 0.79004 1 
0.141377 0.240333 -0.0074839 0.436205 -0.385075 0.813291 1 
0.140175 0.240999 -0.00665691 0.455598 -0.442535 0.772394 1 
0.142319 0.240724 -0.00778468 0.398849 -0.266401 0.877468 1 
0.142106 0.24054 -0.0075588 0.437851 -0.337412 0.83333 1 
0.142376 0.240558 -0.00768906 0.398849 -0.266401 0.877468 1 
0.142522 0.240631 -0.00806763 0.339682 -0.197556 0.919558 1 
0.143071 0.240826 -0.00805572 0.222977 -0.0499565 0.973543 1 
0.141884 0.240993 -0.00726655 0.460654 -0.343511 0.818412 1 
0.142163 0.241288 -0.00733975 0.458979 -0.282805 0.842235 1 
0.142366 0.241195 -0.0076227 0.426033 -0.242372 0.871637 1 
0.142153 0.241011 -0.00739682 0.447293 -0.307027 0.840038 1 
0.141936 0.240689 -0.0071995 0.447922 -0.352956 0.821454 1 
0.140447 0.24329 -0.00555523 0.413777 -0.505364 0.757229 1 
0.139983 0.242846 -0.00542377 0.0459297 -0.533063 0.844828 1 
0.140253 0.242863 -0.00555402 0.437236 -0.473263 0.764753 1 
0.140361 0.241829 -0.00616097 0.44921 -0.429749 0.783279 1 
0.13984 0.242347 -0.00578625 0.45023 -0.466602 0.761298 1 
0.139955 0.242015 -0.00559503 0.41703 -0.465711 0.780512 1 
0.14011 0.242365 -0.00591649 0.493836 -0.434773 0.753059 1 
0.14048 0.242549 -0.00581773 0.45962 -0.453077 0.763852 1 
0.140277 0.243439 -0.00519592 0.382137 -0.512226 0.769152 1 
0.140599 0.243152 -0.00525913 0.414461 -0.502923 0.758479 1 
0.140455 0.24209 -0.0063912 0.467437 -0.421834 0.776891 1 
0.143085 0.243069 -0.00772312 0.215698 0.0297926 0.976005 1 
0.142901 0.242919 -0.00766484 0.182889 0.0585724 0.981387 1 
0.142673 0.242553 -0.00795533 0.304785 -0.028848 0.951984 1 
0.143066 0.242515 -0.0078373 0.182889 0.0585724 0.981387 1 
0.142886 0.242504 -0.00775048 0.285858 -0.0134954 0.958177 1 
0.143648 0.243796 -0.00784091 0.0120929 0.11983 0.992721 1 
0.1437 0.243608 -0.00798924 0.0324965 0.124383 0.991702 1 
0.143767 0.243602 -0.00762117 0.126706 0.0732335 0.989233 1 
0.143951 0.243869 -0.00789486 -0.0490101 0.128794 0.99046 1 
0.14388 0.24362 -0.00807609 0.0120929 0.11983 0.992721 1 
0.143383 0.243004 -0.00780559 0.188621 0.043893 0.981068 1 
0.143752 0.243304 -0.00792217 0.17855 0.0508454 0.982616 1 
0.143691 0.243215 -0.00783093 0.17855 0.0508454 0.982616 1 
0.143095 0.242432 -0.0077895 0.182889 0.0585724 0.981387 1 
0.143369 0.242588 -0.00789122 0.182889 0.0585724 0.981387 1 
0.143739 0.242772 -0.00779242 0.188621 0.043893 0.981068 1 
0.143734 0.242633 -0.00782097 0.16391 0.0601397 0.98464 1 
0.143951 0.242956 -0.00801831 0.17855 0.0508454 0.982616 1 
0.143393 0.24328 -0.00774848 0.206037 0.0518106 0.977172 1 
0.143421 0.242284 -0.00782414 0.182889 0.0585724 0.981387 1 
0.117392 0.250928 0.00117978 0.3758 -0.223726 0.899289 1 
0.118001 0.250648 0.000330858 0.240571 -0.224075 0.944413 1 
0.118058 0.250482 0.000426441 0.238437 -0.189942 0.952402 1 
0.117776 0.249699 0.00111723 0.289423 -0.156261 0.944361 1 
0.118209 0.248983 -0.00038588 0.209162 -0.177591 0.96162 1 
0.11812 0.250571 0.000335254 0.233578 -0.198474 0.951866 1 
0.118181 0.250544 0.000459418 0.238437 -0.189942 0.952402 1 
0.118413 0.250251 0.000439607 0.19685 -0.19685 0.960469 1 
0.118418 0.250506 0.000252776 0.202643 -0.192047 0.960236 1 
0.118773 0.250274 0.000265926 0.191276 -0.196552 0.961655 1 
0.11831 0.250627 0.000736259 0.233578 -0.198474 0.951866 1 
0.118333 0.250405 0.000755507 0.182485 -0.222446 0.957715 1 
0.118613 0.250583 0.000897702 0.182485 -0.222446 0.957715 1 
0.118687 0.24961 -9.38773e-007 0.169407 -0.211431 0.9626 1 
0.118678 0.249333 -5.80251e-005 0.162093 -0.225349 0.960699 1 
0.118508 0.249481 0.000301272 0.185243 -0.195753 0.962998 1 
0.118806 0.249416 0.000218801 0.162093 -0.225349 0.960699 1 
0.118901 0.249677 -1.14739e-005 0.162093 -0.225349 0.960699 1 
0.118914 0.249295 -0.00026466 0.151625 -0.241282 0.958537 1 
0.119184 0.249196 -0.000179544 0.0452254 -0.339837 0.939396 1 
0.119384 0.249645 6.31735e-005 0.0481417 -0.350003 0.935511 1 
0.119412 0.249562 0.000110969 0.0349356 -0.358413 0.932909 1 
0.11856 0.25009 0.000491798 0.19685 -0.19685 0.960469 1 
0.118802 0.250191 0.000313714 0.191276 -0.196552 0.961655 1 
0.11884 0.250268 0.000634022 0.191276 -0.196552 0.961655 1 
0.118438 0.249796 0.000889625 0.222186 -0.164339 0.961055 1 
0.119006 0.249748 0.000676923 0.15943 -0.227945 0.960533 1 
0.118954 0.249936 0.000825245 0.161464 -0.219224 0.962222 1 
0.118981 0.250203 0.00022687 0.15943 -0.227945 0.960533 1 
0.119241 0.249944 3.95402e-005 0.0742166 -0.313793 0.946587 1 
0.11954 0.249878 -4.29451e-005 -0.00128341 -0.391439 0.920203 1 
0.119522 0.249888 0.000612512 0.0090598 -0.397337 0.917628 1 
0.119744 0.249552 0.000104867 0.0193896 -0.381328 0.924236 1 
0.11987 0.245766 -0.00152794 0.0298979 -0.11184 0.993276 1 
0.1205 0.246488 -0.00127762 0.304553 -0.203503 0.930502 1 
0.120239 0.24595 -0.00142917 0.00790972 -0.163844 0.986455 1 
0.120462 0.246294 -0.00138255 0.189851 -0.260874 0.946521 1 
0.120855 0.246256 -0.0012645 0.227253 -0.260713 0.938288 1 
0.120784 0.246007 -0.0014458 0.0785851 -0.287286 0.954616 1 
0.120803 0.245647 -0.00145508 0.0576051 -0.303387 0.951125 1 
0.12132 0.245321 -0.000657916 0.066727 -0.260613 0.963135 1 
0.118664 0.248918 -0.000143655 0.152532 -0.220324 0.963427 1 
0.119554 0.248466 -0.000204243 0.0490475 -0.385752 0.921298 1 
0.118376 0.24891 0.000642002 0.182975 -0.201405 0.962266 1 
0.119119 0.248852 9.85041e-005 0.0633766 -0.311709 0.948062 1 
0.119299 0.248864 1.16602e-005 0.0321564 -0.346003 0.937682 1 
0.119568 0.248881 -0.000118598 0.0298247 -0.366974 0.929753 1 
0.11928 0.249224 2.09436e-005 0.0452254 -0.339837 0.939396 1 
0.119582 0.249297 -3.29763e-005 0.0142456 -0.389812 0.920784 1 
0.119649 0.249407 0.000119738 0.0193896 -0.381328 0.924236 1 
0.119356 0.248698 0.000107266 0.0321564 -0.346003 0.937682 1 
0.119711 0.248466 0.000120416 0.0302488 -0.398496 0.916671 1 
0.119658 0.248887 -0.00016202 0.0169214 -0.397002 0.917661 1 
0.119904 0.24901 -9.61721e-005 0.0169938 -0.411772 0.911128 1 
0.120004 0.249176 0.000132866 0.0169938 -0.411772 0.911128 1 
0.120174 0.249027 -0.000226431 0.00914488 -0.424583 0.905343 1 
0.120544 0.249211 -0.000127666 0.0172282 -0.441307 0.897191 1 
0.119715 0.248721 -6.64145e-005 0.0196232 -0.404239 0.914443 1 
0.119923 0.24865 -0.000105463 0.0169938 -0.411772 0.911128 1 
0.120051 0.248849 -4.39808e-005 0.00652395 -0.421447 0.906829 1 
0.119947 0.248428 -8.62107e-005 0.0250115 -0.414665 0.90963 1 
0.120037 0.248434 -0.000129618 0.0277088 -0.415631 0.909111 1 
0.12026 0.248778 -8.30293e-005 0.011872 -0.444542 0.895679 1 
0.12035 0.248784 -0.000126451 0.0118716 -0.43925 0.898286 1 
0.120359 0.248944 0.000146009 0.0145441 -0.445579 0.895124 1 
0.120713 0.249063 -0.000486955 0.0226885 -0.449766 0.892858 1 
0.120529 0.248796 -0.000213295 0.0280567 -0.447572 0.893808 1 
0.120899 0.248979 -0.000114508 0.0280231 -0.444367 0.895406 1 
0.120889 0.248819 -0.000386998 0.0307244 -0.436821 0.899023 1 
0.121102 0.248886 -0.000397481 0.030726 -0.442187 0.896397 1 
0.119801 0.249386 0.000200458 0.0193896 -0.381328 0.924236 1 
0.120018 0.249591 0.000218503 0.00906253 -0.402635 0.915316 1 
0.120307 0.249249 7.89389e-005 0.00914338 -0.419289 0.907807 1 
0.121292 0.249058 -0.000211857 0.0254449 -0.459347 0.887892 1 
0.120369 0.248424 -0.000135742 0.0333102 -0.430367 0.902039 1 
0.120705 0.248552 -0.000113301 0.0360128 -0.428153 0.902989 1 
0.120885 0.248564 -0.000200137 0.0386642 -0.417307 0.907943 1 
0.121088 0.248471 -0.00048314 0.0410515 -0.401245 0.91505 1 
0.121074 0.248736 -1.45361e-005 0.0224977 -0.432751 0.901233 1 
0.121601 0.24892 0.000408925 0.0333519 -0.433574 0.9005 1 
0.121473 0.24872 0.000347435 0.0333519 -0.433574 0.9005 1 
0.120869 0.246672 -0.00117889 0.0384591 -0.404484 0.913736 1 
0.120993 0.245469 -0.000623286 0.0576051 -0.303387 0.951125 1 
0.121458 0.245564 -0.000108629 0.0621666 -0.280384 0.957873 1 
0.121158 0.246329 -0.00131842 0.0808235 -0.340519 0.936758 1 
0.12111 0.245859 -0.00148045 0.0674786 -0.27628 0.958705 1 
0.121072 0.245665 -0.00158533 0.0672436 -0.270243 0.960441 1 
0.121413 0.245932 -0.00153433 0.173787 -0.351812 0.919797 1 
0.122142 0.246139 -0.00160924 0.141851 -0.340167 0.929605 1 
0.12218 0.245419 -0.00162784 0.145387 -0.347544 0.926324 1 
0.122133 0.245745 -0.00145097 0.145154 -0.344221 0.9276 1 
0.12236 0.245431 -0.00171468 0.145387 -0.347544 0.926324 1 
0.123627 0.246023 -0.00269624 0.388636 -0.173524 0.904904 1 
0.123713 0.245774 -0.00255285 0.28624 -0.358175 0.888694 1 
0.123642 0.245408 -0.00251871 0.283172 -0.420931 0.86176 1 
0.121802 0.245522 -0.00101409 0.169213 -0.334231 0.927177 1 
0.122166 0.245004 -0.00171346 0.168495 -0.330028 0.928812 1 
0.122446 0.245181 -0.00157128 0.147999 -0.341642 0.928104 1 
0.122748 0.245371 -0.00184058 0.205496 -0.386216 0.899227 1 
0.122961 0.245438 -0.00185105 0.252085 -0.361175 0.897778 1 
0.122805 0.245205 -0.00174496 0.230378 -0.371246 0.899501 1 
0.123018 0.245272 -0.00175542 0.252085 -0.361175 0.897778 1 
0.123118 0.245555 -0.00174177 0.265033 -0.356833 0.895783 1 
0.123288 0.24529 -0.00188571 0.278331 -0.377627 0.883136 1 
0.124526 0.245168 -0.00325395 0.216562 -0.640337 0.736933 1 
0.121528 0.248904 -0.00020308 0.0362353 -0.438849 0.89783 1 
0.121424 0.248599 -0.000460692 0.0492027 -0.397611 0.916234 1 
0.12202 0.248468 -0.000625618 0.0861554 -0.400691 0.912153 1 
0.121614 0.248771 -0.000275068 0.0494708 -0.410474 0.910529 1 
0.121836 0.248202 -0.000351921 0.0995076 -0.372131 0.922831 1 
0.122034 0.24797 -0.000663452 -0.166301 -0.55284 0.816525 1 
0.122124 0.247976 -0.000706866 0.171068 -0.324056 0.930443 1 
0.122409 0.248292 -0.000536144 0.114627 -0.385314 0.915638 1 
0.122745 0.24842 -0.000513688 0.0662441 -0.409632 0.909842 1 
0.12195 0.248783 -3.72604e-005 0.0581096 -0.417579 0.906781 1 
0.122096 0.248856 -0.000415817 0.0666739 -0.420454 0.904861 1 
0.121813 0.249103 0.000183068 0.0307244 -0.436821 0.899023 1 
0.122093 0.249281 0.000325255 0.0390094 -0.439865 0.897216 1 
0.122489 0.248818 -0.000297807 0.0886191 -0.394014 0.914822 1 
0.122679 0.24899 -0.000112131 0.0675193 -0.453344 0.888775 1 
0.122859 0.249002 -0.000198998 0.0732691 -0.457586 0.886141 1 
0.122943 0.248189 -0.000825197 -0.0224092 -0.417866 0.908232 1 
0.123062 0.248909 -0.000481963 -0.0147096 -0.477394 0.878566 1 
0.121698 0.247045 -0.0010247 0.115329 -0.343273 0.932128 1 
0.121494 0.246458 -0.001296 0.265628 -0.262788 0.927569 1 
0.121797 0.246531 -0.00134993 0.240788 -0.29493 0.924682 1 
0.12157 0.246845 -0.00108622 0.109691 -0.342615 0.93305 1 
0.122176 0.246991 -0.00119404 0.131279 -0.357909 0.924482 1 
0.122266 0.246997 -0.00123747 0.155584 -0.357424 0.920892 1 
0.122133 0.246659 -0.0013275 0.141983 -0.337727 0.930473 1 
0.122256 0.24672 -0.00129457 0.0407102 -0.382151 0.923203 1 
0.122592 0.246848 -0.00127211 0.0681096 -0.3726 0.925489 1 
0.121584 0.24726 -0.00100056 0.11265 -0.343379 0.932417 1 
0.122025 0.247693 -0.000720516 -0.165895 -0.542522 0.823498 1 
0.12228 0.247412 -0.00115183 0.128434 -0.360444 0.923897 1 
0.122223 0.247462 -0.00103208 0.107754 -0.361455 0.926142 1 
0.122649 0.247596 -0.00105304 0.108138 -0.373693 0.921227 1 
0.121726 0.246281 -0.00153117 0.160435 -0.344587 0.924944 1 
0.121873 0.246121 -0.00147896 0.141851 -0.340167 0.929605 1 
0.122389 0.246261 -0.00154339 0.149097 -0.352538 0.923844 1 
0.12211 0.245733 -0.00103945 0.149097 -0.352538 0.923844 1 
0.122224 0.246315 -0.000724755 0.113364 -0.356482 0.927399 1 
0.122929 0.245946 -0.00115778 0.173336 -0.3509 0.920231 1 
0.122522 0.246249 -0.000807226 0.15358 -0.33068 0.931163 1 
0.12299 0.247182 -0.00155631 0.166723 -0.346055 0.923282 1 
0.122848 0.247248 -0.00114918 0.153247 -0.372572 0.915262 1 
0.122796 0.245842 -0.00167857 0.212678 -0.363144 0.907136 1 
0.123037 0.245942 -0.00185663 0.238316 -0.352356 0.905014 1 
0.123658 0.246154 -0.0012327 0.301458 -0.319278 0.898434 1 
0.12369 0.246559 -0.00180247 0.368226 -0.252878 0.894686 1 
0.123785 0.246587 -0.00160195 0.28203 -0.326328 0.902202 1 
0.123459 0.246618 -0.00135194 0.287506 -0.316994 0.903801 1 
0.123706 0.246624 -0.00107072 0.320781 -0.273909 0.906683 1 
0.12405 0.246349 -0.00154543 0.308483 -0.320405 0.895644 1 
0.122664 0.247894 -0.000752017 0.01166 -0.395143 0.918546 1 
0.122821 0.248011 -0.000642724 0.01166 -0.395143 0.918546 1 
0.122732 0.246742 -7.6659e-005 0.161369 -0.352205 0.921907 1 
0.122277 0.249548 5.15804e-005 0.0398296 -0.506798 0.861144 1 
0.122107 0.249696 0.000410877 0.0313753 -0.503368 0.863502 1 
0.122448 0.249963 0.000461876 0.0317378 -0.536784 0.843123 1 
0.122486 0.24936 0.000227928 0.0310181 -0.462574 0.886038 1 
0.122049 0.245644 -0.000948213 0.14631 -0.360898 0.921057 1 
0.122499 0.245557 -0.000949986 0.157309 -0.343851 0.925754 1 
0.122588 0.24568 -0.00120877 0.160175 -0.341242 0.926228 1 
0.122835 0.245685 -0.00092753 0.160175 -0.341242 0.926228 1 
0.123677 0.245794 -0.00124196 0.293952 -0.338716 0.893792 1 
0.124369 0.246487 -0.000867553 0.318991 -0.304155 0.897627 1 
0.124732 0.245289 -0.00212117 0.244269 -0.115026 0.962861 1 
0.124888 0.245405 -0.00201188 0.232116 -0.133564 0.963474 1 
0.120504 0.239942 -0.00491638 -0.2872 -0.694736 0.659438 1 
0.123168 0.239946 -0.00608005 0.705621 -0.680916 0.196092 1 
0.124029 0.239694 -0.00640377 0.263773 -0.925344 -0.272328 1 
0.118839 0.242107 -0.00392639 0.162485 -0.0502651 0.98543 1 
0.1189 0.241282 -0.00414106 0.350699 -0.0401169 0.935629 1 
0.118626 0.241923 -0.00370049 0.162485 -0.0502651 0.98543 1 
0.118896 0.24194 -0.00383077 0.275483 -0.0183655 0.96113 1 
0.119076 0.241719 -0.00348683 0.0286089 -0.154488 0.98758 1 
0.119133 0.241553 -0.00339127 0.098298 -0.202817 0.97427 1 
0.119194 0.241875 -0.00391325 0.098298 -0.202817 0.97427 1 
0.119549 0.241643 -0.00390008 -0.267449 -0.483881 0.833265 1 
0.119346 0.241736 -0.00361711 -0.267449 -0.483881 0.833265 1 
0.119403 0.24157 -0.00352149 -0.267449 -0.483881 0.833265 1 
0.119673 0.241588 -0.00365178 -0.409244 -0.588185 0.697537 1 
0.118821 0.240289 -0.0035179 0.098298 -0.202817 0.97427 1 
0.119582 0.240902 -0.0041626 -0.374352 -0.507239 0.776254 1 
0.119578 0.240647 -0.00397574 -0.416243 -0.534699 0.735417 1 
0.119606 0.240564 -0.00392795 -0.406263 -0.494368 0.768473 1 
0.119555 0.241548 -0.00344077 -0.452792 -0.35429 0.818204 1 
0.119489 0.241321 -0.00337808 -0.0980535 0.639543 0.762476 1 
0.119758 0.241339 -0.00350835 -0.0125265 0.705658 0.708442 1 
0.119904 0.241412 -0.00388692 -0.0125265 0.705658 0.708442 1 
0.12009 0.241329 -0.00351444 -0.0725179 0.831823 0.550283 1 
0.119777 0.240979 -0.00351766 -0.0210005 0.749018 0.662216 1 
0.120047 0.240996 -0.00364793 -0.0499501 0.663623 0.746398 1 
0.119053 0.240113 -0.00375306 0.098298 -0.202817 0.97427 1 
0.119214 0.240368 -0.00361525 -0.11839 -0.29398 0.948451 1 
0.119692 0.240314 -0.00378452 -0.454248 -0.800953 0.390043 1 
0.11999 0.240249 -0.00386699 -0.408446 -0.696178 0.590346 1 
0.119493 0.240546 -0.00347303 -0.0125265 0.705658 0.708442 1 
0.120146 0.241512 -0.004065 0.0181997 0.70699 0.70699 1 
0.120732 0.240308 -0.00462588 -0.325066 -0.722908 0.609701 1 
0.120221 0.241103 -0.00419408 -0.348866 -0.810835 0.469934 1 
0.120174 0.241429 -0.00401719 -0.3657 -0.683843 0.631366 1 
0.12026 0.24118 -0.00387377 -0.38294 -0.721506 0.576876 1 
0.120543 0.240816 -0.00425727 -0.3397 -0.713533 0.61276 1 
0.120407 0.24102 -0.00382163 -0.360365 -0.802412 0.475681 1 
0.120345 0.240931 -0.00373037 -0.370542 -0.745981 0.553364 1 
0.120492 0.240771 -0.00367821 -0.357508 -0.765165 0.535454 1 
0.120216 0.240051 -0.00434609 -0.340782 -0.702761 0.624495 1 
0.120529 0.240401 -0.00434292 -0.37471 -0.737966 0.561247 1 
0.120402 0.240765 -0.00363479 -0.385358 -0.726441 0.569018 1 
0.122217 0.240075 -0.00549751 -0.230863 -0.791752 0.565537 1 
0.121171 0.240699 -0.00274327 -0.288017 -0.768575 0.57126 1 
0.121607 0.240993 -0.00249174 -0.254861 -0.7896 0.558192 1 
0.122693 0.240894 -0.00394074 -0.035002 -0.796645 0.603434 1 
0.12312 0.240911 -0.00374637 0.218816 -0.818649 0.530974 1 
0.123258 0.241154 -0.00319703 0.284846 -0.752693 0.593562 1 
0.124219 0.242607 -0.00584772 0.899065 0.0584868 -0.433891 1 
0.125275 0.245579 -0.00256854 0.18206 -0.0559269 0.981696 1 
0.125488 0.245763 -0.0027944 0.200589 0.139262 0.969727 1 
0.125271 0.24544 -0.00259706 0.161815 -0.169459 0.972162 1 
0.124716 0.241569 -0.00334682 0.407991 -0.718527 0.563259 1 
0.124613 0.241828 -0.00283483 0.411713 -0.715951 0.563832 1 
0.125345 0.24161 -0.00365079 0.464505 -0.759949 0.454657 1 
0.124836 0.242055 -0.0025728 0.437549 -0.683775 0.583954 1 
0.125753 0.241987 -0.00344712 0.520309 -0.543883 0.658384 1 
0.126079 0.242072 -0.00391254 0.575198 -0.534714 0.619054 1 
0.12651 0.242345 -0.00390499 0.612056 -0.500773 0.612056 1 
0.126505 0.242206 -0.00393352 0.604262 -0.503271 0.617727 1 
0.126562 0.24204 -0.00383793 0.597197 -0.499627 0.627478 1 
0.125966 0.242054 -0.00345762 0.555057 -0.551683 0.622541 1 
0.126661 0.242439 -0.00403963 0.620285 -0.47572 0.623647 1 
0.12669 0.243037 -0.00343759 0.634444 -0.486351 0.600786 1 
0.126979 0.242694 -0.00357714 0.629859 -0.485411 0.606344 1 
0.126979 0.242694 -0.00357714 0.629859 -0.485411 0.606344 1 
0.12669 0.242123 -0.00356107 0.598459 -0.500682 0.625431 1 
0.126808 0.242279 -0.00398745 0.614787 -0.453971 0.64494 1 
0.126965 0.242279 -0.00366278 0.619641 -0.468509 0.629717 1 
0.126965 0.242279 -0.00366278 0.619641 -0.468509 0.629717 1 
0.127244 0.242457 -0.00352059 0.641993 -0.457609 0.615174 1 
0.125405 0.242571 -0.00201594 0.522334 -0.53577 0.663414 1 
0.125713 0.242782 -0.00204133 0.539763 -0.512859 0.667557 1 
0.125982 0.2428 -0.00217161 0.536766 -0.479912 0.69395 1 
0.127372 0.24357 -0.00333562 0.727249 -0.407325 0.552445 1 
0.12682 0.243683 -0.00239117 0.822312 -0.435714 0.366 1 
0.126947 0.244116 -0.00276042 0.669816 -0.358655 0.650164 1 
0.1275 0.244567 -0.0029353 0.442341 -0.356726 0.822849 1 
0.126847 0.243834 -0.00277409 0.732298 -0.363702 0.575726 1 
0.126966 0.243756 -0.00276972 0.532395 -0.324553 0.781806 1 
0.127174 0.243802 -0.00302414 0.541155 -0.344077 0.767309 1 
0.126071 0.243039 -0.00264577 0.496525 -0.307373 0.811779 1 
0.126246 0.242912 -0.00276119 0.574296 -0.444455 0.687491 1 
0.127329 0.243238 -0.0034691 0.662386 -0.445483 0.60232 1 
0.126828 0.24328 -0.00288825 0.71727 -0.425724 0.551619 1 
0.127093 0.243276 -0.00326247 0.670412 -0.449728 0.590163 1 
0.126923 0.242511 -0.00302661 0.62115 -0.486483 0.614416 1 
0.126389 0.243411 -0.00239866 0.332115 -0.225723 0.915832 1 
0.126782 0.24349 -0.00249602 0.811017 -0.457292 0.364878 1 
0.126593 0.243881 -0.00191203 0.646704 -0.340456 0.682542 1 
0.127771 0.242118 -0.00546935 0.788456 -0.180783 0.587924 1 
0.128069 0.242053 -0.00555181 0.791119 -0.164251 0.589196 1 
0.127611 0.24163 -0.00517642 0.729004 -0.257761 0.634123 1 
0.128419 0.242033 -0.00621334 0.852011 0.028812 0.522731 1 
0.128249 0.242181 -0.00585404 0.799524 -0.128574 0.586712 1 
0.128588 0.241884 -0.00657269 0.818777 -0.0178893 0.573832 1 
0.128306 0.242015 -0.00575841 0.799176 -0.109978 0.59095 1 
0.128495 0.243334 -0.0058801 0.771894 0.544017 -0.328978 1 
0.128361 0.244548 -0.00368983 0.593332 -0.420485 0.686404 1 
0.128484 0.24461 -0.00365688 0.610215 -0.41734 0.673398 1 
0.127941 0.242883 -0.00570518 0.873337 0.463552 0.149673 1 
0.128112 0.242385 -0.00541835 0.793372 -0.184257 0.580182 1 
0.127885 0.2427 -0.00515467 0.592765 -0.452505 0.666235 1 
0.128066 0.243275 -0.00447191 0.647892 -0.421379 0.634567 1 
0.127882 0.243125 -0.00441358 0.655843 -0.406789 0.635919 1 
0.128123 0.243226 -0.00459164 0.630314 -0.42409 0.650271 1 
0.127413 0.241745 -0.00464951 0.69955 -0.31504 0.641389 1 
0.127781 0.242279 -0.00519685 0.770808 -0.211625 0.600891 1 
0.12766 0.242664 -0.00424479 0.705048 -0.343568 0.620377 1 
0.127428 0.242724 -0.00379428 0.691767 -0.39789 0.602613 1 
0.127315 0.242823 -0.00355473 0.679524 -0.445781 0.582688 1 
0.127234 0.242297 -0.00379306 0.638842 -0.428675 0.638842 1 
0.127414 0.242308 -0.0038799 0.682681 -0.370128 0.630041 1 
0.127683 0.242443 -0.00422554 0.709286 -0.326239 0.624886 1 
0.12876 0.243213 -0.00603887 0.563495 0.604108 -0.563495 1 
0.127839 0.24359 -0.00420818 0.678874 -0.438683 0.588802 1 
0.1275 0.243887 -0.00348955 0.497182 -0.424984 0.756438 1 
0.127977 0.243949 -0.00387421 0.734749 -0.39614 0.550651 1 
0.127485 0.243471 -0.00357519 0.686002 -0.416916 0.596307 1 
0.12827 0.243862 -0.00420063 0.736711 -0.416975 0.532343 1 
0.12818 0.243856 -0.00415719 0.736711 -0.416975 0.532343 1 
0.127841 0.244153 -0.00343855 0.551857 -0.403597 0.729769 1 
0.127443 0.243139 -0.00370862 0.674039 -0.434381 0.597482 1 
0.125356 0.246105 -0.00233021 0.139201 0.443434 0.885432 1 
0.121777 0.238729 -0.00590102 -0.264761 -0.963332 -0.0435053 1 
0.121522 0.238776 -0.00503897 -0.304332 -0.808924 0.503015 1 
0.121679 0.238776 -0.00471431 -0.286786 -0.813345 0.506186 1 
0.122251 0.238984 -0.00511386 -0.183541 -0.879526 0.439029 1 
0.122039 0.2388 -0.00488801 -0.175548 -0.889349 0.422187 1 
0.121888 0.238588 -0.00453796 -0.300094 -0.838086 0.455583 1 
0.121772 0.23991 -0.00321851 -0.246465 -0.755093 0.607528 1 
0.122432 0.239559 -0.00443111 -0.115522 -0.820355 0.560064 1 
0.122351 0.23915 -0.00488484 -0.10189 -0.850998 0.515191 1 
0.122361 0.23931 -0.00461234 -0.0932935 -0.8339 0.543973 1 
0.122844 0.239278 -0.00453773 0.161163 -0.850172 0.501232 1 
0.122295 0.239879 -0.00421081 -0.220783 -0.798217 0.56045 1 
0.122348 0.239458 -0.00392839 -0.143203 -0.828213 0.541808 1 
0.122381 0.23963 -0.00406742 -0.157137 -0.812624 0.561204 1 
0.122391 0.23979 -0.00379493 -0.127861 -0.818605 0.559944 1 
0.122538 0.23963 -0.00374278 -0.0547816 -0.830152 0.554839 1 
0.122716 0.239078 -0.00459921 0.117147 -0.851844 0.510528 1 
0.12283 0.238863 -0.00462338 0.242251 -0.851688 0.464696 1 
0.123053 0.239207 -0.00457677 0.364464 -0.813279 0.45359 1 
0.123138 0.238957 -0.00443336 0.498112 -0.77394 0.391026 1 
0.122434 0.239209 -0.00378496 -0.099694 -0.830783 0.547595 1 
0.122993 0.239565 -0.00350054 0.226519 -0.812078 0.53779 1 
0.121843 0.240159 -0.00303727 -0.233364 -0.75021 0.618649 1 
0.121881 0.240236 -0.00271699 -0.220095 -0.732088 0.644675 1 
0.121612 0.240898 -0.00203247 -0.252088 -0.821219 0.511909 1 
0.121646 0.240954 -0.00195614 -0.248201 -0.830933 0.497943 1 
0.121957 0.24074 -0.0027226 -0.178191 -0.769114 0.613768 1 
0.122336 0.241084 -0.00235131 0.0318912 -0.830559 0.556017 1 
0.122048 0.240513 -0.00233521 -0.0725167 -0.826122 0.558805 1 
0.122308 0.240253 -0.00252261 -0.0674284 -0.776144 0.62694 1 
0.122464 0.24037 -0.00241331 0.107001 -0.784189 0.611227 1 
0.12254 0.240757 -0.00220353 0.220558 -0.794319 0.566049 1 
0.122266 0.240485 -0.00188644 0.160678 -0.806394 0.569131 1 
0.122505 0.240372 -0.00348024 -0.0615153 -0.771087 0.633751 1 
0.122548 0.23979 -0.00347028 -0.0436814 -0.801766 0.59604 1 
0.122737 0.239962 -0.00328466 0.0701281 -0.797171 0.599667 1 
0.123107 0.240146 -0.00318589 0.255725 -0.776588 0.575774 1 
0.122473 0.24088 -0.00278696 -0.0237233 -0.785661 0.618202 1 
0.122743 0.240898 -0.00291725 0.12612 -0.773039 0.621695 1 
0.122832 0.240904 -0.00296066 0.12612 -0.773039 0.621695 1 
0.123064 0.240727 -0.00319584 0.249075 -0.781687 0.571775 1 
0.122804 0.24087 -0.00279309 0.148928 -0.77172 0.618279 1 
0.122692 0.240852 -0.00233819 0.224038 -0.792631 0.567048 1 
0.123074 0.240888 -0.00292336 0.274465 -0.750417 0.601285 1 
0.122677 0.240437 -0.00242381 0.198454 -0.773818 0.601516 1 
0.12299 0.240787 -0.00242063 0.256331 -0.765849 0.58972 1 
0.123226 0.240749 -0.00262725 0.270609 -0.758022 0.593441 1 
0.123305 0.240828 -0.00337391 0.272904 -0.777696 0.566314 1 
0.12367 0.240757 -0.0030883 0.284846 -0.752693 0.593562 1 
0.123775 0.241178 -0.00304608 0.31238 -0.760926 0.568692 1 
0.123429 0.240656 -0.00291021 0.267431 -0.751655 0.602906 1 
0.123889 0.240845 -0.00285487 0.292769 -0.747122 0.596737 1 
0.123846 0.240513 -0.00298829 0.292626 -0.749953 0.593246 1 
0.123012 0.240002 -0.003171 0.249075 -0.781687 0.571775 1 
0.123239 0.239687 -0.0034347 0.265013 -0.798175 0.541003 1 
0.124575 0.24072 -0.00306322 0.374026 -0.746418 0.550422 1 
0.125204 0.240761 -0.00336719 0.420134 -0.739766 0.52558 1 
0.12529 0.240512 -0.00322376 0.416243 -0.735417 0.534699 1 
0.125893 0.240328 -0.00453198 0.517417 -0.611799 0.598316 1 
0.121892 0.241076 -0.00189025 -0.0316095 -0.84796 0.529116 1 
0.121978 0.240827 -0.00174684 0.0179175 -0.820071 0.571982 1 
0.122072 0.240971 -0.00176171 0.0866363 -0.85074 0.518397 1 
0.122266 0.241398 -0.00176297 0.26657 -0.777627 0.569418 1 
0.122295 0.241315 -0.00171514 0.26657 -0.777627 0.569418 1 
0.122536 0.241416 -0.00189322 0.270498 -0.770366 0.577379 1 
0.122281 0.2409 -0.00180077 0.163998 -0.804946 0.570233 1 
0.122617 0.241028 -0.00177835 0.259747 -0.766646 0.587185 1 
0.12301 0.241107 -0.00187568 0.270498 -0.770366 0.577379 1 
0.123937 0.241199 -0.0024775 0.310078 -0.740653 0.596057 1 
0.124168 0.241023 -0.00271265 0.320473 -0.755286 0.571699 1 
0.124268 0.241189 -0.0024836 0.339334 -0.722506 0.602359 1 
0.124254 0.240774 -0.00256924 0.324145 -0.753113 0.572495 1 
0.124291 0.241318 -0.00311051 0.374229 -0.733751 0.567064 1 
0.124863 0.241408 -0.00329465 0.418497 -0.74673 0.516967 1 
0.124244 0.241527 -0.00271825 0.371207 -0.737508 0.564169 1 
0.124344 0.241694 -0.00248919 0.378685 -0.762245 0.524958 1 
0.124272 0.241444 -0.00267043 0.360188 -0.731784 0.578582 1 
0.124258 0.241029 -0.00275606 0.324071 -0.743267 0.585262 1 
0.124717 0.241219 -0.00270071 0.392649 -0.734368 0.553651 1 
0.124458 0.241361 -0.00229798 0.349789 -0.727235 0.590573 1 
0.124415 0.241029 -0.00243142 0.346803 -0.714772 0.607312 1 
0.124695 0.241207 -0.00228923 0.377067 -0.742708 0.553358 1 
0.124807 0.241225 -0.00274412 0.400753 -0.750799 0.525069 1 
0.125044 0.24107 -0.00273537 0.416776 -0.729769 0.541973 1 
0.125412 0.241604 -0.00328274 0.46458 -0.652425 0.598755 1 
0.125144 0.241353 -0.0027217 0.427137 -0.696383 0.576718 1 
0.124789 0.241468 -0.00251947 0.400956 -0.71776 0.569258 1 
0.125215 0.241602 -0.00254047 0.431559 -0.678165 0.594852 1 
0.125101 0.241818 -0.00251628 0.431963 -0.665456 0.60875 1 
0.124907 0.241391 -0.00251509 0.418918 -0.700405 0.577876 1 
0.125229 0.242017 -0.0024548 0.464831 -0.612503 0.639353 1 
0.125532 0.24209 -0.00250874 0.495076 -0.545423 0.676324 1 
0.125584 0.241786 -0.00244167 0.481244 -0.581852 0.655632 1 
0.12548 0.241365 -0.0024839 0.452935 -0.650154 0.610041 1 
0.125873 0.241443 -0.00258123 0.506207 -0.573477 0.644111 1 
0.125916 0.241776 -0.00244779 0.519885 -0.536709 0.664577 1 
0.126751 0.241532 -0.00420652 0.603653 -0.446469 0.660506 1 
0.126321 0.241823 -0.00344448 0.565786 -0.532007 0.629964 1 
0.126776 0.241874 -0.00341766 0.592079 -0.507737 0.625816 1 
0.12732 0.242047 -0.00364964 0.624429 -0.421281 0.657732 1 
0.12715 0.242196 -0.00329033 0.626274 -0.481878 0.612842 1 
0.126001 0.24244 -0.00218088 0.538261 -0.508078 0.672407 1 
0.127519 0.24238 -0.00319156 0.655201 -0.438468 0.615189 1 
0.127489 0.241335 -0.00477858 0.696373 -0.29431 0.654558 1 
0.127597 0.241215 -0.00526205 0.752018 -0.185324 0.632553 1 
0.12712 0.241715 -0.00410777 0.633199 -0.420471 0.649818 1 
0.12739 0.241733 -0.00423803 0.676251 -0.358593 0.643503 1 
0.116657 0.246006 -0.0109104 0.211622 -0.386758 0.897571 1 
0.116751 0.246267 -0.0111406 0.211622 -0.386758 0.897571 1 
0.116822 0.246516 -0.0109594 0.190295 -0.364851 0.911412 1 
0.116936 0.246183 -0.0107682 0.236435 -0.365666 0.900215 1 
0.11722 0.246616 -0.0108128 0.190295 -0.364851 0.911412 1 
0.117272 0.246428 -0.0109611 0.114795 -0.388643 0.914209 1 
0.117329 0.246262 -0.0108655 0.187628 -0.37096 0.909497 1 
0.117845 0.246402 -0.0109299 0.014613 -0.453001 0.89139 1 
0.117557 0.244278 -0.0131941 0.377296 -0.739893 0.556961 1 
0.118452 0.244082 -0.0134415 0.253202 -0.815529 0.520385 1 
0.118552 0.243334 -0.0133359 0.226287 -0.903686 0.363518 1 
0.116778 0.243793 -0.0121094 0.581422 -0.35667 0.731256 1 
0.116864 0.243543 -0.011966 0.462397 -0.766304 0.446058 1 
0.116978 0.244125 -0.0116513 -0.135257 -0.598995 0.789247 1 
0.116939 0.244048 -0.0119715 0.277234 -0.512178 0.812906 1 
0.117025 0.243798 -0.0118281 0.336368 -0.498973 0.798675 1 
0.117068 0.24413 -0.0116947 -0.135257 -0.598995 0.789247 1 
0.117266 0.243782 -0.0117908 0.336368 -0.498973 0.798675 1 
0.117574 0.243994 -0.0118162 0.231695 -0.517093 0.823973 1 
0.117342 0.244287 -0.0117964 0.234156 -0.494328 0.837144 1 
0.118344 0.244203 -0.012958 0.254491 -0.719214 0.646502 1 
0.117948 0.244432 -0.0119043 0.227427 -0.496066 0.837971 1 
0.11836 0.244948 -0.011672 0.128359 -0.568025 0.81294 1 
0.118516 0.244385 -0.012117 0.15494 -0.609231 0.777709 1 
0.118543 0.244535 -0.0124999 0.185817 -0.637305 0.747873 1 
0.11976 0.244965 -0.012687 0.106512 -0.803946 0.585086 1 
0.119532 0.243802 -0.0133164 0.173597 -0.850179 0.497051 1 
0.119941 0.244627 -0.0121278 0.049313 -0.815779 0.576258 1 
0.120309 0.244247 -0.0127986 0.0585646 -0.781337 0.621356 1 
0.120027 0.244378 -0.0119844 0.0436025 -0.808757 0.586525 1 
0.117055 0.246106 -0.0107638 0.187628 -0.37096 0.909497 1 
0.117651 0.245975 -0.0109287 0.0721718 -0.418052 0.905552 1 
0.117873 0.246319 -0.0108821 0.014613 -0.453001 0.89139 1 
0.117954 0.246048 -0.0109826 0.0304183 -0.416599 0.908582 1 
0.1181 0.246005 -0.0111458 0.0887691 -0.486117 0.869374 1 
0.118659 0.24568 -0.0114156 0.0612586 -0.605463 0.793512 1 
0.120064 0.244688 -0.0120948 0.0436025 -0.808757 0.586525 1 
0.120618 0.245139 -0.0122697 0.0740366 -0.873073 0.481936 1 
0.120613 0.245 -0.0122983 0.0738563 -0.873735 0.480763 1 
0.121039 0.245018 -0.0121039 0.0906349 -0.888222 0.450386 1 
0.120118 0.245861 -0.0111347 -0.0699866 -0.812702 0.578461 1 
0.120289 0.245362 -0.0108479 -0.0791064 -0.806885 0.585387 1 
0.121054 0.245433 -0.0120183 0.154002 -0.888033 0.433222 1 
0.121712 0.245274 -0.012059 0.23934 -0.813757 0.529637 1 
0.121589 0.245213 -0.012092 0.20963 -0.84606 0.490141 1 
0.121552 0.2457 -0.0116426 0.216927 -0.869205 0.444327 1 
0.120478 0.245768 -0.011093 -0.00402313 -0.859609 0.510937 1 
0.120758 0.245712 -0.01052 -0.0507521 -0.876502 0.478715 1 
0.120928 0.245564 -0.0108794 -0.00396198 -0.888805 0.458269 1 
0.12015 0.244439 -0.0119514 0.0666988 -0.827348 0.557715 1 
0.121698 0.244859 -0.0121447 0.196744 -0.800704 0.565831 1 
0.121826 0.244942 -0.0118678 0.199413 -0.817441 0.540394 1 
0.122058 0.244649 -0.0118876 0.210889 -0.786602 0.58033 1 
0.122362 0.244489 -0.0115108 0.235897 -0.760808 0.604585 1 
0.121354 0.245581 -0.010685 0.0386642 -0.907943 0.417307 1 
0.121837 0.245666 -0.0108257 0.231203 -0.856809 0.460894 1 
0.121653 0.245516 -0.0107674 0.188699 -0.884984 0.42567 1 
0.121544 0.245636 -0.010284 0.0146616 -0.883693 0.467837 1 
0.121824 0.245931 -0.0103571 0.0297811 -0.930982 0.363847 1 
0.122189 0.24586 -0.0100715 0.0516704 -0.923443 0.380241 1 
0.122482 0.245772 -0.0103979 0.336038 -0.715906 0.612011 1 
0.124492 0.251625 -0.00268134 0.0146938 -0.474208 0.88029 1 
0.125008 0.251765 -0.00274575 -0.00937584 -0.494241 0.869274 1 
0.125352 0.249896 -0.00389817 0.196208 -0.359475 0.912294 1 
0.124341 0.250733 -0.00288555 0.00399972 -0.491965 0.870606 1 
0.124426 0.250484 -0.00274214 -0.0852845 -0.468366 0.879409 1 
0.124719 0.250397 -0.00306854 0.108138 -0.373693 0.921227 1 
0.124994 0.25135 -0.00283137 -0.0120985 -0.49335 0.869747 1 
0.125117 0.251411 -0.00279845 -0.0120985 -0.49335 0.869747 1 
0.125174 0.251245 -0.00270286 0.0066883 -0.496272 0.868141 1 
0.125126 0.250094 -0.00341909 0.107976 -0.370397 0.922576 1 
0.124686 0.250225 -0.00292953 0.0821936 -0.375935 0.922994 1 
0.125509 0.250809 -0.00345005 -0.0443727 -0.428936 0.902244 1 
0.126313 0.250957 -0.00430016 -0.129612 -0.516993 0.84612 1 
0.125491 0.251053 -0.00322537 0.0364931 -0.463597 0.885294 1 
0.125713 0.25128 -0.0029634 0.0398296 -0.506798 0.861144 1 
0.125154 0.250127 -0.00358668 0.0877198 -0.371122 0.924432 1 
0.125542 0.249951 -0.00349717 0.184381 -0.370192 0.910473 1 
0.125722 0.249963 -0.00358399 0.308084 -0.371826 0.875688 1 
0.125831 0.250406 -0.00329789 0.13255 -0.383697 0.913897 1 
0.126778 0.250021 -0.00369359 0.409174 -0.431638 0.803906 1 
0.126755 0.250126 -0.00349746 0.305839 -0.410346 0.859115 1 
0.126206 0.250728 -0.00317056 -0.127095 -0.455542 0.881095 1 
0.126258 0.250423 -0.00310348 0.00391064 -0.428867 0.903359 1 
0.126821 0.250354 -0.00356014 -0.0388637 -0.430181 0.901906 1 
0.126797 0.250459 -0.00336404 -0.133855 -0.467772 0.873654 1 
0.126462 0.25101 -0.00283222 0.0145613 -0.448754 0.893537 1 
0.126599 0.25069 -0.00305249 -0.156684 -0.47591 0.865424 1 
0.124937 0.252429 -0.00280354 -0.0120329 -0.482654 0.875729 1 
0.125056 0.252236 -0.00258376 -0.0120824 -0.49538 0.868593 1 
0.125212 0.252352 -0.00247449 -0.0147409 -0.483769 0.875072 1 
0.124862 0.251809 -0.00258254 -0.00943912 -0.516454 0.856263 1 
0.125108 0.251931 -0.00251672 -0.0120737 -0.486974 0.873333 1 
0.124701 0.252234 -0.00216616 -0.014308 -0.404527 0.914414 1 
0.12499 0.251892 -0.00230572 -0.00401304 -0.496279 0.868154 1 
0.125061 0.252141 -0.00212447 -0.0199016 -0.444469 0.895573 1 
0.125231 0.251992 -0.00248379 -0.0120737 -0.486974 0.873333 1 
0.12526 0.251909 -0.00243597 -0.0120737 -0.486974 0.873333 1 
0.124546 0.252798 -0.0017212 0.0036104 -0.265966 0.963976 1 
0.124801 0.2524 -0.00193712 -0.0295777 -0.353646 0.934912 1 
0.125014 0.252467 -0.00194759 -0.0220481 -0.380005 0.924722 1 
0.125128 0.252251 -0.00197176 -0.0304183 -0.416599 0.908582 1 
0.125472 0.253007 -0.00253833 -0.0515443 -0.379313 0.923832 1 
0.125468 0.251954 -0.0026904 -0.00937584 -0.494241 0.869274 1 
0.125945 0.251901 -0.00285972 0.0427738 -0.509147 0.859616 1 
0.12641 0.252229 -0.0027758 0.0481699 -0.488581 0.871188 1 
0.125558 0.252757 -0.00239493 -0.0276361 -0.409277 0.911991 1 
0.12606 0.252482 -0.00254504 -0.0146938 -0.474208 0.88029 1 
0.125217 0.251577 -0.00256941 -0.0120985 -0.49335 0.869747 1 
0.125463 0.251699 -0.00250357 -0.0120985 -0.49335 0.869747 1 
0.125487 0.251595 -0.00269967 -0.0120985 -0.49335 0.869747 1 
0.125756 0.251612 -0.00282994 0.0427738 -0.509147 0.859616 1 
0.126131 0.251818 -0.00248725 0.0398056 -0.498257 0.866115 1 
0.126264 0.251242 -0.0025207 0.0398296 -0.506798 0.861144 1 
0.126121 0.251541 -0.00254434 0.0427738 -0.509147 0.859616 1 
0.126542 0.25177 -0.00302465 0.0427738 -0.509147 0.859616 1 
0.126789 0.251776 -0.00274339 0.0177069 -0.524395 0.851291 1 
0.126736 0.251167 -0.0029339 0.0173482 -0.465731 0.884756 1 
0.126689 0.251493 -0.00275706 0.0314059 -0.506591 0.861614 1 
0.126472 0.252084 -0.00243627 -0.00132606 -0.481358 0.876523 1 
0.126529 0.251918 -0.00234067 0.0481699 -0.488581 0.871188 1 
0.126619 0.251924 -0.00238409 0.0536747 -0.483072 0.873934 1 
0.127002 0.251609 -0.00232313 -0.0431645 -0.549999 0.834049 1 
0.126141 0.250947 -0.00212288 -0.00938521 -0.497416 0.867461 1 
0.126477 0.251076 -0.00210043 0.0427738 -0.509147 0.859616 1 
0.125895 0.250708 -0.00197335 -0.0176175 -0.513619 0.857838 1 
0.126127 0.250532 -0.00220849 0.0145613 -0.448754 0.893537 1 
0.126911 0.25104 -0.00304934 -0.320573 -0.587986 0.742634 1 
0.126572 0.251337 -0.00233068 0.0427738 -0.509147 0.859616 1 
0.126662 0.251343 -0.00237413 0.0427738 -0.509147 0.859616 1 
0.127197 0.251123 -0.00244781 -0.110045 -0.594241 0.796723 1 
0.127239 0.251455 -0.00231439 -0.0607542 -0.563742 0.823713 1 
0.127325 0.250684 -0.00454317 0.0650571 -0.477547 0.876194 1 
0.126915 0.249818 -0.00412926 0.422738 -0.451893 0.785548 1 
0.126802 0.250714 -0.00355086 -0.228424 -0.519702 0.823245 1 
0.126973 0.251129 -0.00314055 -0.302653 -0.590895 0.747826 1 
0.127286 0.252042 -0.00236776 -0.085267 -0.591088 0.802088 1 
0.127372 0.251793 -0.00222438 -0.0944055 -0.588219 0.803173 1 
0.125097 0.24835 -0.00371384 -0.318324 0.034242 -0.947363 1 
0.12497 0.248033 -0.00355995 -0.24291 -0.140494 -0.959821 1 
0.125111 0.247968 -0.00396705 -0.124373 -0.0778786 -0.989175 1 
0.125457 0.248373 -0.00388753 -0.0348416 0.222265 -0.974364 1 
0.126163 0.248568 -0.00355096 -0.165502 -0.0528197 -0.984794 1 
0.126612 0.248714 -0.00398343 0.885552 -0.195321 -0.421482 1 
0.126499 0.248697 -0.00352851 0.287246 -0.0388848 -0.957067 1 
0.126769 0.248714 -0.00365879 0.429571 -0.0582699 -0.901151 1 
0.125443 0.247958 -0.00397319 0.0696354 -0.154614 -0.985518 1 
0.125879 0.248252 -0.00372167 -0.199398 -0.14794 -0.968687 1 
0.126494 0.249589 -0.00364894 0.480579 -0.418674 0.770556 1 
0.126716 0.249136 -0.00394122 0.618152 -0.434873 0.654808 1 
0.126735 0.248776 -0.00395053 0.944413 -0.224075 -0.240571 1 
0.11911 0.254851 -0.0331923 0.428244 -0.773444 -0.467323 0 
0.119541 0.261669 -0.0456575 -0.845187 -0.487083 -0.220022 0 
0.119749 0.261714 -0.0459119 -0.845187 -0.487083 -0.220022 0 
0.120404 0.257468 -0.0425953 0.929624 0.322922 -0.177537 0 
0.1195 0.261667 -0.0445905 -0.830141 -0.53715 -0.149455 0 
0.119619 0.261473 -0.0443708 -0.985744 0.0671295 0.15428 0 
0.119444 0.261483 -0.04404 -0.975082 0.139657 0.172369 0 
0.11967 0.261518 -0.0449498 -0.830141 -0.53715 -0.149455 0 
0.119968 0.261336 -0.0448169 -0.830141 -0.53715 -0.149455 0 
0.119435 0.261206 -0.0440971 -0.958873 0.187 0.213525 0 
0.119549 0.260874 -0.0439059 -0.944432 0.198756 0.261809 0 
0.119757 0.260919 -0.0441603 -0.948832 0.219171 0.227338 0 
0.120054 0.261087 -0.0446735 -0.996241 0.00745849 0.0863054 0 
0.119898 0.260737 -0.044352 -0.953258 0.189576 0.235289 0 
0.119625 0.261145 -0.0434807 -0.935789 -0.335268 -0.109063 0 
0.119068 0.259409 -0.0430271 0.901582 -0.229414 -0.36677 0 
0.119606 0.260708 -0.0438103 -0.935789 -0.335268 -0.109063 0 
0.119938 0.260581 -0.043601 -0.364928 -0.760671 -0.536849 0 
0.119644 0.260785 -0.04349 -0.362371 -0.758866 -0.541119 0 
0.119796 0.260646 -0.0431939 0.669528 -0.528575 -0.521863 0 
0.119915 0.260452 -0.0429741 0.672513 -0.514867 -0.531637 0 
0.120251 0.260581 -0.0429517 0.652271 -0.534289 -0.53766 0 
0.120101 0.260369 -0.0426017 0.727329 -0.445675 -0.521887 0 
0.12014 0.260213 -0.0418506 -0.420053 -0.695661 -0.582761 0 
0.120357 0.260652 -0.0422633 0.644811 -0.533695 -0.547164 0 
0.120352 0.260397 -0.0420765 0.739413 -0.433108 -0.515448 0 
0.119695 0.25787 -0.0391724 0.950007 0.309039 -0.0445117 0 
0.118942 0.258626 -0.0420117 0.940613 -0.111371 -0.320694 0 
0.119278 0.258754 -0.0419892 0.95164 -0.0900729 -0.293716 0 
0.119153 0.259159 -0.0428837 0.960092 -0.0938242 -0.263479 0 
0.119036 0.259003 -0.0424573 0.96975 -0.073447 -0.23279 0 
0.119518 0.259088 -0.042598 0.984462 0.00113287 -0.175594 0 
0.119732 0.259038 -0.0423932 0.980518 -0.0222048 -0.195169 0 
0.120173 0.259355 -0.0418978 0.966986 -0.0456941 -0.2507 0 
0.119364 0.258505 -0.0418458 0.964604 -0.0613043 -0.256477 0 
0.119392 0.258422 -0.041798 0.967876 -0.0304364 -0.249578 0 
0.119681 0.258079 -0.0419376 0.967509 0.040569 -0.249561 0 
0.119378 0.25892 -0.0417602 0.960274 -0.0697689 -0.270196 0 
0.119407 0.25872 -0.041497 0.982379 -0.0150423 -0.186293 0 
0.119549 0.258422 -0.0414733 0.985049 0.0551815 -0.163196 0 
0.119379 0.25857 -0.041114 0.98197 0.0683422 -0.176251 0 
0.119693 0.259195 -0.0431442 0.897725 -0.202243 -0.391391 0 
0.12012 0.258862 -0.0423037 0.959274 -0.0646275 -0.274984 0 
0.120642 0.258907 -0.0419088 0.964604 -0.0613043 -0.256477 0 
0.120671 0.258708 -0.0416456 0.965974 -0.0157562 -0.258159 0 
0.120297 0.259299 -0.0416494 0.971338 -0.0452069 -0.233365 0 
0.120089 0.259254 -0.041395 0.982468 -0.00114373 -0.186429 0 
0.120382 0.25905 -0.041506 0.961081 -0.0488685 -0.27191 0 
0.119985 0.259513 -0.040883 0.98187 -0.01507 -0.188955 0 
0.120568 0.258967 -0.0411336 0.98261 0.0436453 -0.180479 0 
0.120061 0.259104 -0.0410121 0.981833 0.0173878 -0.188948 0 
0.120426 0.259032 -0.0407265 0.98302 0.0728605 -0.168415 0 
0.120438 0.260147 -0.0419331 0.954646 -0.119825 -0.272568 0 
0.120457 0.259787 -0.0419424 0.977805 -0.0296304 -0.207413 0 
0.120599 0.259489 -0.0419187 0.96747 -0.0481882 -0.248354 0 
0.120812 0.259556 -0.0419292 0.966311 -0.0586021 -0.250617 0 
0.120301 0.25761 -0.0418678 0.964141 0.117139 -0.238139 0 
0.119408 0.25837 -0.0408509 0.976873 0.115437 -0.179983 0 
0.119673 0.258249 -0.0410097 0.976873 0.115437 -0.179983 0 
0.120041 0.25787 -0.0416805 0.974743 0.0698872 -0.212114 0 
0.120525 0.257721 -0.0413905 0.971521 0.177453 -0.157026 0 
0.120374 0.257509 -0.0410404 0.958791 0.267119 -0.0967824 0 
0.120078 0.257616 -0.0425606 0.952948 0.173385 -0.248653 0 
0.120177 0.257782 -0.0423315 0.953176 0.0161555 -0.301984 0 
0.120785 0.257578 -0.0417932 0.966667 0.148818 -0.208345 0 
0.120756 0.258458 -0.0415022 0.974335 0.00589078 -0.225028 0 
0.1206 0.258225 -0.0413961 0.980247 0.0538597 -0.190304 0 
0.120463 0.257865 -0.04173 0.964739 0.0664905 -0.254671 0 
0.120832 0.258049 -0.0416312 0.965718 0.043278 -0.255959 0 
0.121008 0.257572 -0.0411005 0.960304 0.261667 -0.0966749 0 
0.119328 0.258525 -0.040535 0.979514 0.117049 -0.163868 0 
0.119414 0.258275 -0.0403916 0.975267 0.191057 -0.111138 0 
0.11975 0.258404 -0.0403691 0.979223 0.17078 -0.109349 0 
0.119769 0.258044 -0.0403784 0.964748 0.239586 -0.108903 0 
0.120653 0.258718 -0.0409902 0.983855 0.0580131 -0.169304 0 
0.120445 0.258672 -0.0407357 0.981464 0.0684743 -0.178994 0 
0.120497 0.258368 -0.0406687 0.977307 0.148531 -0.151027 0 
0.120455 0.258035 -0.0408021 0.973169 0.186028 -0.135408 0 
0.120275 0.258821 -0.0403764 0.98541 0.0941323 -0.141794 0 
0.120332 0.258654 -0.0402808 0.977234 0.158504 -0.141031 0 
0.120332 0.257857 -0.0406197 0.973441 0.195192 -0.119634 0 
0.120494 0.257996 -0.0402665 0.964931 0.243463 -0.0981502 0 
0.12056 0.258106 -0.0401138 0.9652 0.245433 -0.0902888 0 
0.120546 0.257691 -0.0401994 0.959794 0.269662 -0.0779593 0 
0.120536 0.257414 -0.0402565 0.950655 0.301364 -0.0737242 0 
0.120603 0.257525 -0.0401038 0.946254 0.317144 -0.0634288 0 
0.120372 0.258498 -0.0395298 0.954369 0.298318 -0.0136162 0 
0.120235 0.257905 -0.039433 0.947783 0.316776 -0.0368936 0 
0.120576 0.258172 -0.039382 0.947654 0.318402 -0.0239116 0 
0.120633 0.258006 -0.0392864 0.949038 0.313825 -0.0289879 0 
0.120546 0.258488 -0.0398606 0.973944 0.21874 -0.0598786 0 
0.119781 0.257621 -0.039029 0.955877 0.288159 -0.0571241 0 
0.120209 0.257288 -0.0381885 0.975722 0.212113 -0.0545435 0 
0.120437 0.256624 -0.0378061 0.991527 0.12933 -0.0121592 0 
0.120683 0.256457 -0.0405432 0.916021 0.399019 -0.041095 0 
0.120595 0.255985 -0.0396382 0.962966 0.267559 0.0332908 0 
0.120352 0.256234 -0.0401063 0.922118 0.386275 0.02211 0 
0.120277 0.257324 -0.039423 0.942066 0.334363 -0.0266982 0 
0.120817 0.257359 -0.0396836 0.953883 0.296904 -0.0442197 0 
0.120732 0.257258 -0.0391808 0.953176 0.301984 -0.0161555 0 
0.120827 0.257519 -0.0394111 0.95132 0.30708 -0.0263211 0 
0.121215 0.257459 -0.039537 0.950792 0.307646 -0.036715 0 
0.12131 0.256457 -0.0392445 0.980278 0.19464 -0.0342095 0 
0.120378 0.25714 -0.0385478 0.95691 0.286191 -0.0491693 0 
0.121055 0.256854 -0.0390287 0.967352 0.248324 -0.0506532 0 
0.119992 0.257646 -0.0374369 0.948923 0.308561 0.0658436 0 
0.119964 0.256816 -0.0376082 0.993934 0.109713 0.00760387 0 
0.120024 0.257021 -0.0379148 0.990617 0.136446 -0.0077652 0 
0.120451 0.257039 -0.0377204 0.988993 0.14796 -0.00111248 0 
0.120565 0.25762 -0.0374058 0.948923 0.308561 0.0658436 0 
0.120684 0.257426 -0.037186 0.959911 0.275518 0.0515811 0 
0.120097 0.25692 -0.0370874 0.198338 -0.90193 -0.383646 0 
0.120206 0.256566 -0.0371402 0.988087 0.144796 0.0521265 0 
0.120869 0.257343 -0.0368135 0.174164 -0.91613 -0.361071 0 
0.121021 0.257205 -0.0365174 0.125627 -0.899148 -0.419226 0 
0.120581 0.256772 -0.0367974 0.0955233 -0.90401 -0.416703 0 
0.120218 0.256143 -0.0357908 -0.310657 -0.838307 -0.448034 0 
0.120453 0.256339 -0.0364282 0.931068 -0.332426 -0.15035 0 
0.121378 0.256623 -0.0358581 -0.252828 -0.864458 -0.4345 0 
0.120938 0.256754 -0.0353686 -0.221656 -0.854961 -0.468947 0 
0.12052 0.257988 -0.0388314 0.95871 0.27915 -0.0543143 0 
0.120847 0.257839 -0.0388661 0.960768 0.272532 -0.0514921 0 
0.120772 0.257899 -0.0380909 0.979897 0.18532 -0.0738859 0 
0.120748 0.257323 -0.038449 0.974555 0.214525 -0.0649704 0 
0.120858 0.25765 -0.0379475 0.987389 0.147701 -0.0569871 0 
0.121127 0.257667 -0.0380778 0.987389 0.147701 -0.0569871 0 
0.121303 0.257424 -0.0379778 0.989041 0.135342 -0.0589954 0 
0.121373 0.257109 -0.0385662 0.982598 0.183434 -0.0292092 0 
0.120778 0.257804 -0.0376316 0.953236 0.301087 0.0262358 0 
0.120897 0.25761 -0.0374119 0.948923 0.308561 0.0658436 0 
0.121228 0.257483 -0.0372026 0.963531 0.266352 0.025776 0 
0.121049 0.257472 -0.0371158 0.963531 0.266352 0.025776 0 
0.121285 0.257317 -0.037107 0.958429 0.285203 0.00856833 0 
0.121134 0.257222 -0.0369724 0.973293 0.223479 0.0525114 0 
0.121153 0.256862 -0.0369816 0.977932 0.192159 0.0820043 0 
0.120849 0.256109 -0.0374819 0.982899 0.160399 0.0904508 0 
0.120148 0.255427 -0.0351105 0.592004 -0.722474 -0.35716 0 
0.120031 0.255271 -0.0346841 0.482599 -0.775083 -0.407853 0 
0.119827 0.254567 -0.03474 -0.980784 -0.181716 -0.0710016 0 
0.120337 0.255949 -0.035571 -0.323209 -0.83847 -0.438753 0 
0.120029 0.255621 -0.0353303 -0.779225 -0.557043 -0.28725 0 
0.120219 0.255793 -0.0351447 0.569967 -0.733281 -0.370724 0 
0.120669 0.255823 -0.0353618 -0.35541 -0.829291 -0.431231 0 
0.120597 0.25466 -0.0356665 -0.514954 -0.776466 -0.363212 0 
0.119978 0.255576 -0.0347512 0.52636 -0.749367 -0.401739 0 
0.120064 0.255327 -0.0346078 -0.979176 -0.18807 -0.0764413 0 
0.12007 0.255232 -0.0341485 -0.929089 -0.355677 -0.101429 0 
0.120127 0.255066 -0.0340529 0.571658 -0.68499 -0.45166 0 
0.120226 0.255232 -0.0338238 -0.968613 -0.246711 0.0303831 0 
0.120596 0.255415 -0.033725 0.452683 -0.745692 -0.488898 0 
0.121295 0.256172 -0.0347093 0.607906 -0.696868 -0.380559 0 
0.121223 0.255923 -0.0348905 -0.527918 -0.765075 -0.368731 0 
0.121025 0.256155 -0.034579 0.621079 -0.686976 -0.37726 0 
0.121152 0.256588 -0.0349483 -0.444851 -0.801374 -0.399884 0 
0.121209 0.256421 -0.0348527 -0.523848 -0.755581 -0.393294 0 
0.120575 0.255445 -0.0349161 0.565712 -0.738523 -0.366816 0 
0.120757 0.255787 -0.0338026 0.398778 -0.773141 -0.493183 0 
0.121144 0.255961 -0.0343592 -0.917523 -0.372875 -0.138257 0 
0.121296 0.255822 -0.0340631 -0.790999 -0.588334 -0.167879 0 
0.120842 0.255538 -0.0336592 0.335059 -0.787147 -0.517818 0 
0.121112 0.255555 -0.0337894 0.327684 -0.791237 -0.516302 0 
0.121585 0.25548 -0.0342027 -0.714028 -0.673931 -0.189688 0 
0.119858 0.254698 -0.0332765 0.355357 -0.80792 -0.470092 0 
0.120548 0.254945 -0.033887 0.341296 -0.786743 -0.514347 0 
0.120734 0.254862 -0.0335146 0.50538 -0.708866 -0.492036 0 
0.120474 0.255004 -0.0331118 0.4273 -0.758008 -0.492787 0 
0.12038 0.254743 -0.0328816 0.312117 -0.806435 -0.50224 0 
0.12019 0.254571 -0.0330672 0.349079 -0.804954 -0.479784 0 
0.120347 0.254571 -0.0327425 0.333853 -0.797093 -0.503175 0 
0.120494 0.254294 -0.032475 0.353534 -0.770025 -0.531107 0 
0.120891 0.254745 -0.0329745 0.354515 -0.790841 -0.498888 0 
0.120759 0.254173 -0.0326338 0.356963 -0.770459 -0.528176 0 
0.120961 0.255461 -0.0336548 0.362585 -0.781572 -0.507619 0 
0.121321 0.255367 -0.0336131 0.394758 -0.771646 -0.498727 0 
0.121042 0.254956 -0.0333246 0.39467 -0.777972 -0.488872 0 
0.121506 0.255284 -0.0332407 0.402153 -0.773371 -0.490073 0 
0.12177 0.255397 -0.0338302 0.475738 -0.724381 -0.498944 0 
0.12126 0.254928 -0.0328758 0.410717 -0.76089 -0.502351 0 
0.121581 0.255905 -0.0334616 0.389922 -0.761898 -0.517177 0 
0.121568 0.25514 -0.0329011 0.39467 -0.777972 -0.488872 0 
0.122027 0.255329 -0.0328458 0.494559 -0.707702 -0.50455 0 
0.121569 0.25479 -0.032255 0.397703 -0.754491 -0.522088 0 
0.122047 0.252689 -0.0274042 -0.17171 0.963414 0.20579 0 
0.122104 0.252523 -0.0273086 -0.14794 0.968687 0.199398 0 
0.122001 0.252782 -0.0267966 -0.288802 0.950804 0.112092 0 
0.121879 0.252488 -0.0263987 0.232268 0.954581 0.18662 0 
0.12277 0.252717 -0.0259051 0.374312 0.901552 0.217013 0 
0.122685 0.252616 -0.0254023 0.286885 0.91308 0.289797 0 
0.122009 0.252901 -0.0249215 0.0612782 0.998107 0.00519307 0 
0.122279 0.252919 -0.0250518 0.120023 0.989318 0.0827345 0 
0.122364 0.25267 -0.0249083 0.303055 0.9289 0.212844 0 
0.122363 0.252903 -0.0253391 0.137964 0.978176 0.155365 0 
0.1227 0.253031 -0.0253167 0.180034 0.967523 0.177444 0 
0.122549 0.25282 -0.0249667 0.266642 0.944869 0.190068 0 
0.122988 0.252689 -0.0254563 0.405836 0.879063 0.250091 0 
0.123159 0.25219 -0.0251694 0.544855 0.80725 0.226894 0 
0.123245 0.251941 -0.025026 0.53547 0.808637 0.243677 0 
0.123219 0.251324 -0.0237816 0.489914 0.810182 0.321853 0 
0.123253 0.251146 -0.0232744 0.604102 0.757874 0.246348 0 
0.123702 0.251176 -0.0234915 0.371553 0.814866 0.444907 0 
0.123972 0.251193 -0.0236218 0.321134 0.831815 0.452721 0 
0.12358 0.250998 -0.0233091 0.587663 0.76727 0.256807 0 
0.123916 0.251126 -0.0232867 0.286049 0.842686 0.456133 0 
0.124096 0.251138 -0.0233735 0.464341 0.816163 0.343898 0 
0.123761 0.250659 -0.0227498 0.240213 0.897482 0.369898 0 
0.123505 0.250143 -0.0226574 0.166453 0.924582 0.342697 0 
0.123676 0.250675 -0.0224624 0.292461 0.877383 0.380351 0 
0.123577 0.250393 -0.0224761 0.178137 0.927154 0.329624 0 
0.123912 0.250871 -0.0230998 0.330488 0.865418 0.376603 0 
0.12413 0.25096 -0.0228664 0.26434 0.888599 0.374855 0 
0.12431 0.250972 -0.0229532 0.320426 0.876237 0.35991 0 
0.123662 0.250143 -0.0223327 0.208719 0.924325 0.319467 0 
0.123757 0.250171 -0.0221322 0.237891 0.915519 0.324396 0 
0.124017 0.250028 -0.0225349 0.208884 0.922215 0.325404 0 
0.124485 0.249698 -0.0227614 0.206513 0.921474 0.328996 0 
0.124202 0.249945 -0.0221625 0.237891 0.915519 0.324396 0 
0.124074 0.250659 -0.0221005 0.231608 0.916363 0.326553 0 
0.12413 0.250843 -0.022651 0.214282 0.913214 0.34659 0 
0.124466 0.250971 -0.0226286 0.214282 0.913214 0.34659 0 
0.124472 0.250877 -0.0221693 0.208719 0.924325 0.319467 0 
0.124714 0.250861 -0.022132 0.218932 0.920087 0.324821 0 
0.123682 0.250464 -0.0217878 0.250506 0.913696 0.320011 0 
0.123705 0.250476 -0.0221993 0.208719 0.924325 0.319467 0 
0.123773 0.250236 -0.0214004 0.291374 0.909261 0.29723 0 
0.12393 0.250236 -0.0210758 0.235568 0.914813 0.328061 0 
0.124401 0.250511 -0.0221352 0.237891 0.915519 0.324396 0 
0.124316 0.250527 -0.0218478 0.250506 0.913696 0.320011 0 
0.124737 0.250639 -0.0221127 0.237891 0.915519 0.324396 0 
0.124756 0.250279 -0.022122 0.237891 0.915519 0.324396 0 
0.124809 0.249975 -0.022055 0.253451 0.913872 0.317176 0 
0.124662 0.250018 -0.0218917 0.262963 0.913832 0.309453 0 
0.124582 0.250289 -0.0217912 0.260473 0.912383 0.315769 0 
0.124643 0.250378 -0.0218825 0.250506 0.913696 0.320011 0 
0.123509 0.250007 -0.0205955 0.167647 0.932449 0.320053 0 
0.123931 0.249886 -0.0204296 0.334407 0.903047 0.269588 0 
0.124145 0.24972 -0.0200094 0.249479 0.908922 0.334098 0 
0.124202 0.249554 -0.0199138 0.256888 0.902778 0.344964 0 
0.124303 0.249995 -0.0217181 0.262963 0.913832 0.309453 0 
0.124691 0.249935 -0.0218439 0.262963 0.913832 0.309453 0 
0.124487 0.250028 -0.021561 0.291374 0.909261 0.29723 0 
0.124956 0.249698 -0.0217874 0.310312 0.904464 0.292664 0 
0.124673 0.249945 -0.0211885 0.414848 0.873444 0.254943 0 
0.12473 0.249779 -0.0210929 0.208857 0.932149 0.295765 0 
0.124843 0.249797 -0.0215478 0.310312 0.904464 0.292664 0 
0.124143 0.25007 -0.0206555 0.426521 0.86962 0.248678 0 
0.12474 0.249939 -0.0208204 0.439233 0.864881 0.243012 0 
0.12412 0.250058 -0.020244 0.374855 0.888599 0.26434 0 
0.124135 0.24956 -0.0202818 0.407673 0.877023 0.254231 0 
0.124825 0.24969 -0.020677 0.518403 0.822984 0.232282 0 
0.124741 0.249589 -0.0201743 0.355251 0.888878 0.289297 0 
0.125011 0.249607 -0.0203046 0.355251 0.888878 0.289297 0 
0.125039 0.249524 -0.0202568 0.355251 0.888878 0.289297 0 
0.124505 0.249393 -0.0195369 0.245436 0.910581 0.332572 0 
0.124855 0.249257 -0.0199831 0.275577 0.903361 0.328629 0 
0.125158 0.24933 -0.020037 0.275771 0.901048 0.334759 0 
0.12445 0.249093 -0.018771 0.140905 0.895242 0.422714 0 
0.124749 0.248794 -0.0184227 0.409292 0.820177 0.399737 0 
0.124835 0.248545 -0.0182793 0.710196 0.642864 0.286964 0 
0.124691 0.24931 -0.0191645 0.177829 0.914753 0.362772 0 
0.12514 0.24934 -0.0193816 0.219675 0.917464 0.331666 0 
0.125459 0.249478 -0.0187037 0.207005 0.89115 0.403733 0 
0.125046 0.248962 -0.0189359 0.125478 0.898082 0.421549 0 
0.12526 0.248796 -0.0185157 0.444837 0.804561 0.393448 0 
0.124876 0.247922 -0.0166668 0.533643 0.785332 0.313814 0 
0.124592 0.247489 -0.0166221 0.608446 0.758603 0.233055 0 
0.125303 0.248214 -0.0185057 0.693379 0.654768 0.300839 0 
0.125431 0.248297 -0.0182288 0.917736 0.389055 0.0799799 0 
0.125378 0.24753 -0.0166015 0.68784 0.714697 0.126825 0 
0.124961 0.247673 -0.0165233 0.662176 0.726703 0.182828 0 
0.126629 0.248579 -0.0159426 0.835619 -0.237653 -0.495239 0 
0.124934 0.247406 -0.015925 0.651856 -0.560899 -0.510368 0 
0.124867 0.247412 -0.0162931 0.641685 0.743247 0.189274 0 
0.125019 0.247157 -0.0157816 0.622329 -0.534629 -0.571733 0 
0.126165 0.248018 -0.0155957 0.840159 -0.193883 -0.5065 0 
0.126128 0.247708 -0.0154852 0.81448 -0.242644 -0.527016 0 
0.125205 0.247073 -0.0154091 0.622329 -0.534629 -0.571733 0 
0.125465 0.246814 -0.0155965 0.622329 -0.534629 -0.571733 0 
0.125579 0.246599 -0.0156206 0.622329 -0.534629 -0.571733 0 
0.125891 0.246948 -0.0156175 0.622329 -0.534629 -0.571733 0 
0.125915 0.24661 -0.0153829 0.604108 -0.563495 -0.563495 0 
0.126247 0.24728 -0.0148347 0.827296 -0.278881 -0.487653 0 
0.126517 0.247298 -0.014965 0.823342 -0.269259 -0.499608 0 
0.125978 0.247146 -0.0144891 0.816222 -0.357992 -0.453457 0 
0.126068 0.247152 -0.0145325 0.827827 -0.282178 -0.484848 0 
0.125141 0.246263 -0.0142696 -0.00399566 -0.872386 -0.488802 0 
0.126076 0.24556 -0.0131198 0.130388 -0.878325 -0.459939 0 
0.126138 0.245299 -0.0125649 0.105281 -0.84369 -0.526405 0 
0.126503 0.245228 -0.0122793 0.229045 -0.81626 -0.530338 0 
0.126267 0.245382 -0.012288 0.120346 -0.845319 -0.520531 0 
0.126575 0.245477 -0.012098 0.29127 -0.771946 -0.565032 0 
0.126391 0.24521 -0.0118243 0.187074 -0.795444 -0.576431 0 
0.126538 0.24505 -0.0117722 0.264229 -0.757878 -0.596493 0 
0.12676 0.245394 -0.0117255 0.611753 -0.0762892 -0.787362 0 
0.126581 0.245265 -0.0114233 0.500484 -0.101238 -0.859806 0 
0.12566 0.246094 -0.0152904 0.635315 -0.537574 -0.554426 0 
0.125607 0.246399 -0.0153575 0.604108 -0.563495 -0.563495 0 
0.125764 0.246399 -0.0150328 0.622499 -0.561767 -0.544897 0 
0.125883 0.246322 -0.0150284 0.622499 -0.561767 -0.544897 0 
0.12561 0.246729 -0.0141571 -0.0765584 -0.878334 -0.471878 0 
0.125618 0.245412 -0.0147777 0.35166 -0.809932 -0.46941 0 
0.125737 0.247045 -0.014311 0.991276 -0.121497 -0.0510967 0 
0.12595 0.246996 -0.0141062 0.982297 -0.175453 -0.0656456 0 
0.126433 0.247197 -0.0144623 0.868776 -0.236391 -0.435141 0 
0.126698 0.24696 -0.0144057 0.848868 -0.311924 -0.426762 0 
0.126428 0.246942 -0.0142754 0.851898 -0.324311 -0.411208 0 
0.126702 0.247215 -0.0145925 0.868776 -0.236391 -0.435141 0 
0.126537 0.246588 -0.0143281 0.705483 -0.528695 -0.47199 0 
0.126514 0.246693 -0.014132 0.688176 0.672209 0.273035 0 
0.126387 0.24626 -0.0137627 0.963109 -0.179518 -0.200484 0 
0.126322 0.245566 -0.0128386 0.150161 -0.864521 -0.479641 0 
0.126593 0.245467 -0.0127535 0.186426 -0.854578 -0.484708 0 
0.126857 0.24626 -0.0127888 0.153901 -0.857448 -0.491017 0 
0.12703 0.245411 -0.0118558 -0.743722 -0.667225 0.0410818 0 
0.12694 0.245289 -0.011597 0.305907 -0.872063 -0.382003 0 
0.126458 0.245087 -0.0112409 0.486307 -0.0710649 -0.870893 0 
0.120944 0.25409 -0.0322613 0.364384 -0.766015 -0.529571 0 
0.122047 0.254056 -0.0329785 0.387921 -0.748016 -0.538506 0 
0.120746 0.254322 -0.0319498 0.418497 -0.74673 -0.516967 0 
0.121007 0.253829 -0.0317064 0.366616 -0.776839 -0.511971 0 
0.121107 0.253995 -0.0314774 0.523693 -0.694354 -0.493577 0 
0.121169 0.253851 -0.0311378 0.539604 -0.69664 -0.47278 0 
0.121188 0.253491 -0.0311471 0.935166 0.169905 -0.310801 0 
0.121288 0.253657 -0.0309181 0.485911 -0.749456 -0.449674 0 
0.121292 0.253912 -0.0311049 0.695028 -0.548355 -0.465019 0 
0.121721 0.254651 -0.0319589 -0.869704 -0.464918 0.165728 0 
0.122298 0.254083 -0.0324534 -0.671326 -0.733294 -0.107707 0 
0.122276 0.254752 -0.0314876 -0.522478 0.696081 0.492431 0 
0.12204 0.254789 -0.031281 -0.518135 0.711395 0.474819 0 
0.122225 0.254706 -0.0309085 -0.572517 0.686019 0.449 0 
0.122485 0.254564 -0.0313113 -0.527412 0.713753 0.460861 0 
0.122384 0.253834 -0.03231 -0.827188 -0.557607 0.0695236 0 
0.122481 0.254309 -0.0311245 0.264562 0.948354 0.175018 0 
0.122231 0.254611 -0.0304492 0.816828 0.575013 -0.0463947 0 
0.122326 0.254522 -0.0300334 0.849492 0.513747 -0.120116 0 
0.122377 0.254568 -0.0306124 0.826242 0.54641 -0.136971 0 
0.122596 0.25454 -0.0301636 0.909931 0.36656 -0.194061 0 
0.121463 0.253413 -0.0308181 0.715443 -0.542807 -0.439889 0 
0.1217 0.253259 -0.0308093 0.860343 0.483851 -0.160303 0 
0.121644 0.253075 -0.0302588 0.849492 0.513747 -0.120116 0 
0.121744 0.253241 -0.0300297 0.829527 0.551586 -0.0873941 0 
0.121743 0.253591 -0.0306759 0.840466 0.523641 -0.139344 0 
0.121649 0.25333 -0.0304456 0.843315 0.515441 -0.152122 0 
0.122079 0.25372 -0.0306535 0.835841 0.529218 -0.14594 0 
0.121928 0.253508 -0.0303034 0.849492 0.513747 -0.120116 0 
0.122231 0.253698 -0.0305727 0.843315 0.515441 -0.152122 0 
0.122293 0.253553 -0.0302332 0.896129 0.39488 -0.20254 0 
0.121716 0.253091 -0.0296468 0.865259 0.496231 -0.0712895 0 
0.121745 0.252891 -0.0293836 0.863482 0.498433 -0.077222 0 
0.122197 0.252962 -0.0312033 0.53792 -0.738612 -0.406319 0 
0.122889 0.253422 -0.0303981 -0.102712 0.940416 0.324143 0 
0.123221 0.253412 -0.0304042 0.178944 0.982413 0.0533276 0 
0.121872 0.253324 -0.0297529 0.853543 0.516063 -0.0717145 0 
0.122232 0.254261 -0.0298031 0.853452 0.505696 -0.126062 0 
0.122384 0.254123 -0.029507 -0.47848 0.765895 0.429489 0 
0.122687 0.254196 -0.0295609 -0.345294 0.845268 0.407791 0 
0.122569 0.25404 -0.0291345 -0.380172 0.831331 0.405412 0 
0.122749 0.254051 -0.0292214 -0.30412 0.866512 0.395814 0 
0.121755 0.253168 -0.0293265 0.794495 0.607231 -0.00688471 0 
0.121604 0.252957 -0.0289765 0.787875 0.615571 0.0180641 0 
0.121874 0.252974 -0.0291068 0.780372 0.625129 0.0152471 0 
0.1223 0.252992 -0.0289124 -0.373506 0.857049 0.354908 0 
0.122469 0.253193 -0.0299178 0.927142 0.317515 -0.198976 0 
0.122688 0.253846 -0.0289148 -0.294208 0.882624 0.366628 0 
0.122958 0.253863 -0.029045 0.365422 0.914265 -0.17489 0 
0.122784 0.253757 -0.0284989 -0.210491 0.917857 0.3365 0 
0.122859 0.253347 -0.028628 -0.1519 0.937401 0.313379 0 
0.122869 0.253508 -0.0283555 -0.204923 0.925685 0.317983 0 
0.123043 0.253614 -0.0289016 -0.335669 0.855415 0.39445 0 
0.122781 0.254457 -0.0297912 -0.369662 0.846947 0.38214 0 
0.123108 0.254308 -0.0298258 0.188948 0.981833 0.0173878 0 
0.122905 0.254401 -0.0295429 -0.00591156 0.973042 0.230551 0 
0.123222 0.253976 -0.0296346 -0.329215 0.769239 0.547621 0 
0.123019 0.254069 -0.0293517 0.283451 0.957124 -0.0597408 0 
0.123582 0.253999 -0.0298083 -0.171317 0.838709 0.516931 0 
0.123014 0.253134 -0.0297191 0.310286 0.950636 -0.00370859 0 
0.12169 0.252707 -0.0288331 0.787875 0.615571 0.0180641 0 
0.122026 0.252836 -0.0288106 0.826496 0.561683 -0.0376314 0 
0.121875 0.252624 -0.0284606 0.747488 0.661405 0.0616928 0 
0.122183 0.252836 -0.028486 -0.357262 0.877193 0.320776 0 
0.122306 0.252897 -0.0284531 -0.423577 0.842464 0.332922 0 
0.122685 0.253241 -0.0280818 -0.323371 0.895605 0.305489 0 
0.122955 0.253258 -0.0282121 -0.168128 0.941789 0.291148 0 
0.123011 0.253209 -0.0283319 -0.104739 0.945305 0.308915 0 
0.12304 0.253009 -0.0280687 -0.266129 0.926472 0.266129 0 
0.122539 0.252254 -0.0278267 -0.225371 0.941583 0.250259 0 
0.122691 0.253146 -0.0276225 -0.190068 0.944869 0.266642 0 
0.12296 0.253163 -0.0277528 -0.256178 0.93652 0.23938 0 
0.123046 0.252914 -0.0276094 -0.33972 0.915955 0.21358 0 
0.122838 0.252752 -0.0271396 -0.228339 0.95254 0.201317 0 
0.123122 0.253185 -0.0271842 -0.986179 -0.165678 0.00112706 0 
0.123283 0.25276 -0.0276006 -0.442535 0.877718 0.183777 0 
0.122915 0.25314 -0.0269298 -0.254212 0.944021 0.21024 0 
0.123061 0.252979 -0.0268776 -0.292754 0.936537 0.192857 0 
0.1231 0.253057 -0.0265573 0.359102 0.90142 0.241844 0 
0.123427 0.252908 -0.026592 0.323979 0.917221 0.231825 0 
0.123252 0.252918 -0.0262612 0.937771 0.2997 0.1754 0 
0.123484 0.252742 -0.0264964 0.241555 0.9369 0.252726 0 
0.123044 0.252873 -0.0260068 0.412147 0.884861 0.217153 0 
0.123338 0.252669 -0.0261178 0.954617 0.266128 0.133726 0 
0.123225 0.252651 -0.0256629 0.572376 0.791453 0.214448 0 
0.123456 0.252475 -0.025898 0.991217 0.125456 0.0418187 0 
0.12358 0.25242 -0.0256497 -0.114176 0.954089 0.276909 0 
0.123665 0.25217 -0.0255063 0.220775 0.913403 0.341985 0 
0.123315 0.25254 -0.0254909 0.62293 0.758283 0.192262 0 
0.123553 0.252153 -0.0250514 0.584351 0.777577 0.232182 0 
0.1237 0.251876 -0.0247838 0.0857619 0.870273 0.485047 0 
0.12436 0.25022 -0.0238712 0.31261 0.857753 0.408087 0 
0.124584 0.250214 -0.0231784 0.278332 0.894532 0.349776 0 
0.126582 0.245032 -0.0109926 0.274849 -0.89586 -0.349133 0 
0.126818 0.244877 -0.0109838 0.274849 -0.89586 -0.349133 0 
0.126767 0.244949 -0.0106201 0.274849 -0.89586 -0.349133 0 
0.127301 0.245079 -0.01134 0.274849 -0.89586 -0.349133 0 
0.128053 0.245064 -0.0113956 0.198976 -0.927142 -0.317515 0 
0.127752 0.245438 -0.0103567 0.0508667 -0.983029 -0.176259 0 
0.127828 0.244912 -0.0102704 0.00771887 -0.991323 -0.131221 0 
0.127715 0.245011 -0.0100308 -0.018445 -0.994943 -0.0987348 0 
