0.11052 0.198478 0.0273507 0.795266 0.395213 0.459738 2 
0.110553 0.198428 0.0271354 0.774521 0.425579 0.467974 2 
0.110701 0.19834 0.0269929 0.774521 0.425579 0.467974 2 
0.110483 0.199567 0.0278342 0.8067 0.389718 0.444246 2 
0.11052 0.199348 0.0279374 0.81166 0.374735 0.448087 2 
0.110544 0.198847 0.02764 0.795266 0.395213 0.459738 2 
0.11038 0.198822 0.0270634 0.774331 0.381484 0.504857 2 
0.110492 0.199148 0.0273296 0.785399 0.375766 0.491882 2 
0.110701 0.199014 0.0270679 0.774331 0.381484 0.504857 2 
0.110613 0.199252 0.0276028 0.843702 0.31231 0.436612 2 
0.110664 0.199429 0.0274764 0.785399 0.375766 0.491882 2 
0.110873 0.199295 0.0272147 0.755073 0.404562 0.51594 2 
0.110818 0.199287 0.0270225 0.755073 0.404562 0.51594 2 
0.110607 0.199785 0.0274774 0.449401 0.646536 0.616465 2 
0.110649 0.199511 0.0272691 0.520687 0.551018 0.652123 2 
0.110537 0.199859 0.0270779 0.617045 0.53928 0.573091 2 
0.110273 0.199115 0.0265608 0.548352 0.534854 0.642838 2 
0.110326 0.202501 0.0245258 0.543077 -0.117934 -0.83136 2 
0.110641 0.202553 0.0243299 0.543077 -0.117934 -0.83136 2 
0.111294 0.202155 0.0236409 0.543077 -0.117934 -0.83136 2 
0.111564 0.201975 0.0232599 0.687767 -0.0923866 -0.720029 2 
0.111291 0.202324 0.0233224 0.568931 -0.112616 -0.814638 2 
0.111009 0.202222 0.0233028 0.543077 -0.117934 -0.83136 2 
0.111221 0.202398 0.0229229 0.568931 -0.112616 -0.814638 2 
0.111509 0.202641 0.0231427 0.600804 -0.110172 -0.791768 2 
0.111421 0.202683 0.0231658 0.600804 -0.110172 -0.791768 2 
0.11196 0.201844 0.0228407 0.912078 -0.01171 -0.40985 2 
0.111572 0.20223 0.0228302 0.720179 -0.0891094 -0.688042 2 
0.11169 0.202503 0.0227849 0.662672 -0.101384 -0.742016 2 
0.111927 0.202763 0.0236427 0.703437 -0.101755 -0.703437 2 
0.111457 0.202942 0.0228322 0.772452 -0.0439376 -0.633552 2 
0.11145 0.202801 0.022632 0.756837 -0.0586585 -0.650966 2 
0.11229 0.202487 0.0229271 0.627538 -0.104345 -0.771563 2 
0.112447 0.20285 0.0228667 0.794699 -0.0582874 -0.604199 2 
0.111808 0.202775 0.0227396 0.719656 -0.070952 -0.690696 2 
0.11242 0.202172 0.0226956 0.846612 -0.0401829 -0.530691 2 
0.110108 0.213213 0.0194406 0.491964 -0.391298 -0.777725 2 
0.109862 0.213176 0.0185757 -0.931915 -0.182483 -0.313424 2 
0.110528 0.212581 0.018724 0.0121807 -0.515651 -0.856712 2 
0.110734 0.212811 0.0186555 -0.242188 -0.470668 -0.84842 2 
0.110835 0.212377 0.0189579 -0.518931 -0.482222 -0.705813 2 
0.110958 0.212595 0.0186011 -0.143232 -0.467312 -0.872413 2 
0.110967 0.212851 0.0181714 -0.184636 -0.414341 -0.891196 2 
0.110226 0.213486 0.0193953 0.574062 -0.3315 -0.748706 2 
0.110256 0.2138 0.0193731 -0.338229 -0.338229 -0.878181 2 
0.110077 0.214052 0.0191009 0.767496 -0.107538 -0.631969 2 
0.110229 0.213795 0.019277 -0.343136 -0.324996 -0.881269 2 
0.110077 0.213378 0.019026 -0.960055 -0.126701 -0.249484 2 
0.110107 0.213692 0.0190038 0.79912 -0.200162 -0.566871 2 
0.109892 0.21349 0.0185536 -0.953024 -0.119952 -0.27813 2 
0.109907 0.214082 0.0188358 0.506305 -0.177729 -0.843841 2 
0.109719 0.213884 0.0184816 -0.882138 -0.167127 -0.440342 2 
0.110688 0.213059 0.0180336 -0.189487 -0.321425 -0.927783 2 
0.110113 0.214312 0.0187673 0.759163 -0.0766393 -0.646373 2 
0.110179 0.214211 0.0183366 -0.341667 -0.239894 -0.908688 2 
0.111269 0.212816 0.0180868 -0.172734 -0.4224 -0.889798 2 
0.109595 0.213471 0.0183267 -0.938296 -0.137544 -0.317305 2 
0.109894 0.213604 0.0179236 0.382697 -0.268638 -0.883955 2 
0.109749 0.214002 0.0179477 0.435206 -0.173209 -0.883512 2 
0.110397 0.21318 0.018007 -0.304017 -0.336964 -0.891083 2 
0.11013 0.213475 0.017758 0.778857 -0.188211 -0.598297 2 
0.110778 0.213327 0.0178922 -0.178852 -0.303632 -0.935852 2 
0.11046 0.213444 0.0177695 -0.291895 -0.300695 -0.907954 2 
0.11066 0.213729 0.0180124 -0.171223 -0.291764 -0.94104 2 
0.110896 0.213599 0.0178468 -0.17288 -0.305652 -0.936317 2 
0.110248 0.213747 0.0177127 -0.393407 -0.287081 -0.873393 2 
0.110959 0.213863 0.0176093 -0.183968 -0.263006 -0.947092 2 
0.110366 0.214019 0.0176673 -0.316916 -0.233743 -0.9192 2 
0.11103 0.213114 0.0179338 -0.189487 -0.321425 -0.927783 2 
0.111356 0.213927 0.0177018 -0.128336 -0.271226 -0.953922 2 
0.107839 0.230568 0.0118413 0.0416552 -0.120462 -0.991844 2 
0.108248 0.230719 0.0118226 -0.13543 -0.329682 -0.934328 2 
0.108075 0.231113 0.0117507 -0.151198 -0.494697 -0.855812 2 
0.108293 0.230755 0.011496 -0.00626772 -0.337203 -0.941411 2 
0.10802 0.2313 0.0120702 -0.213475 -0.40781 -0.887761 2 
0.108032 0.231191 0.0114473 0.159033 -0.63159 -0.758817 2 
0.107923 0.231369 0.0115746 0.0324754 -0.673512 -0.738463 2 
0.108377 0.231078 0.011666 -0.123149 -0.511431 -0.850454 2 
0.107684 0.232059 0.0124451 -0.451661 -0.250923 -0.856178 2 
0.107681 0.232228 0.0121266 -0.440875 -0.249981 -0.862055 2 
0.108277 0.231512 0.0113636 0.0296262 -0.706796 -0.706796 2 
0.10678 0.232676 0.0104905 0.264728 -0.746627 -0.610301 2 
0.107353 0.231699 0.0114102 0.424525 -0.818841 -0.386366 2 
0.107754 0.230725 0.0112345 0.23083 -0.380795 -0.895384 2 
0.107596 0.231036 0.0113699 0.406789 -0.655843 -0.635919 2 
0.108038 0.231136 0.0111358 0.308121 -0.672704 -0.672704 2 
0.108313 0.231771 0.01103 0.135575 -0.788122 -0.600403 2 
0.108416 0.231452 0.0107024 0.327688 -0.812096 -0.482825 2 
0.108133 0.231829 0.0102461 0.255306 -0.790978 -0.556034 2 
0.108317 0.232001 0.00977003 0.161406 -0.842569 -0.513834 2 
0.108015 0.233295 0.0114648 -0.112547 -0.876155 -0.468707 2 
0.108436 0.232859 0.0112599 -0.37192 -0.71271 -0.594744 2 
0.108385 0.233551 0.0119728 -0.702186 -0.355185 -0.617073 2 
0.107566 0.234012 0.010625 -0.207357 -0.936586 -0.282507 2 
0.107405 0.233818 0.010367 -0.229624 -0.939369 -0.254673 2 
0.108143 0.232475 0.0108398 -0.275989 -0.843386 -0.46101 2 
0.108052 0.232881 0.0110562 -0.25003 -0.839057 -0.483186 2 
0.108257 0.233111 0.0109877 -0.312032 -0.826337 -0.468832 2 
0.107624 0.232982 0.0105491 -0.0386135 -0.909414 -0.414096 2 
0.107769 0.233258 0.0105999 -0.151408 -0.909861 -0.386302 2 
0.108151 0.23273 0.0104101 -0.113943 -0.896068 -0.429044 2 
0.107342 0.232684 0.0100178 0.062612 -0.864046 -0.499505 2 
0.107872 0.232938 0.0102723 -0.0769022 -0.918779 -0.387209 2 
0.10779 0.232926 0.00998398 -0.0878504 -0.923105 -0.374378 2 
0.108154 0.233236 0.0108035 -0.247668 -0.875092 -0.415781 2 
0.108327 0.233516 0.0109504 -0.2729 -0.86139 -0.428408 2 
0.109298 0.233675 0.010459 -0.370574 -0.834187 -0.40842 2 
0.108602 0.230861 0.0116116 -0.168174 -0.457726 -0.873043 2 
0.108792 0.2305 0.0112609 -0.0142117 -0.388884 -0.921177 2 
0.10868 0.231043 0.0115814 -0.224189 -0.498706 -0.837277 2 
0.10891 0.230772 0.0112156 -0.128072 -0.557921 -0.819952 2 
0.108843 0.231351 0.0112095 -0.152856 -0.658339 -0.737037 2 
0.109094 0.231139 0.0112512 -0.29679 -0.608019 -0.736361 2 
0.109182 0.230228 0.0106414 0.136883 -0.459639 -0.877493 2 
0.109594 0.230014 0.0104295 0.0370705 -0.512122 -0.858113 2 
0.109052 0.230543 0.0108729 0.112774 -0.575589 -0.809925 2 
0.109373 0.230736 0.0108773 -0.233989 -0.645433 -0.727094 2 
0.10953 0.230424 0.0107419 -0.315219 -0.555233 -0.769645 2 
0.108661 0.231294 0.0110556 0.0325091 -0.70248 -0.710961 2 
0.109103 0.231394 0.0108215 -0.0439376 -0.772452 -0.633552 2 
0.10884 0.23152 0.010891 -0.00969054 -0.776628 -0.629885 2 
0.109463 0.231004 0.0107359 -0.358041 -0.616353 -0.701367 2 
0.109727 0.230878 0.0106664 -0.329976 -0.629067 -0.70384 2 
0.109723 0.231047 0.0103479 -0.315972 -0.66273 -0.678934 2 
0.10946 0.231173 0.0104174 -0.0408568 -0.784732 -0.618487 2 
0.110089 0.231276 0.0100257 -0.353462 -0.737872 -0.574986 2 
0.108506 0.231525 0.0100493 0.248298 -0.785497 -0.56687 2 
0.108793 0.231767 0.0102691 -0.36408 -0.800334 -0.476351 2 
0.108663 0.231887 0.00998884 -0.00401304 -0.868154 -0.496279 2 
0.108923 0.231452 0.0100376 -0.227764 -0.79485 -0.562438 2 
0.10948 0.231515 0.00987641 -0.304578 -0.779783 -0.546965 2 
0.109905 0.230909 0.00999007 -0.117095 -0.760379 -0.638837 2 
0.109759 0.231307 0.0100142 -0.367701 -0.737035 -0.567076 2 
0.110514 0.23067 0.0101394 -0.387616 -0.631732 -0.671318 2 
0.110168 0.230783 0.00992057 -0.321748 -0.716252 -0.619243 2 
0.110325 0.231146 0.00986011 -0.320573 -0.742634 -0.587986 2 
0.110577 0.230934 0.00990184 -0.30861 -0.696392 -0.647919 2 
0.110961 0.230911 0.0101055 -0.529076 -0.529076 -0.663444 2 
0.110325 0.23182 0.00993504 -0.349566 -0.781288 -0.5171 2 
0.109005 0.231943 0.00988911 -0.185146 -0.866482 -0.463605 2 
0.10919 0.231636 0.00984982 -0.229819 -0.812851 -0.535217 2 
0.109307 0.231908 0.00980449 -0.300449 -0.835963 -0.459235 2 
0.108659 0.232056 0.00967031 -0.0119139 -0.890895 -0.454052 2 
0.10915 0.232219 0.00993989 -0.254143 -0.859824 -0.442847 2 
0.108762 0.232411 0.00941768 -0.174963 -0.928005 -0.328931 2 
0.109158 0.232475 0.00951014 -0.192211 -0.918342 -0.34598 2 
0.109371 0.232172 0.00956699 -0.248939 -0.886939 -0.389061 2 
0.109532 0.231692 0.00975012 -0.309846 -0.839231 -0.446863 2 
0.109795 0.231566 0.0096806 -0.302934 -0.824044 -0.47873 2 
0.109689 0.232055 0.00968967 -0.209847 -0.873617 -0.439041 2 
0.109913 0.231838 0.00963528 -0.310222 -0.837132 -0.450524 2 
0.110113 0.232123 0.00987824 -0.358807 -0.811701 -0.460868 2 
0.110352 0.232498 0.0101061 -0.388583 -0.794902 -0.465977 2 
0.110006 0.232611 0.00988731 -0.370589 -0.815933 -0.443753 2 
0.109461 0.23244 0.00942554 -0.264885 -0.898241 -0.350713 2 
0.109579 0.232712 0.0093802 -0.288528 -0.889504 -0.354307 2 
0.109724 0.232988 0.00943095 -0.263933 -0.890213 -0.371295 2 
0.109767 0.232236 0.00965944 -0.253818 -0.861767 -0.439243 2 
0.110294 0.231985 0.00952041 -0.332181 -0.829664 -0.44868 2 
0.11007 0.232875 0.00964976 -0.377563 -0.814071 -0.441287 2 
0.110404 0.231327 0.0098299 -0.302183 -0.765849 -0.567592 2 
0.110749 0.231214 0.0100487 -0.34491 -0.671839 -0.655492 2 
0.110785 0.231474 0.00971507 -0.361977 -0.712488 -0.601111 2 
0.111013 0.231089 0.00997916 -0.394424 -0.608965 -0.68818 2 
0.111421 0.231239 0.00996043 -0.299586 -0.603978 -0.738552 2 
0.111115 0.231443 0.00972656 -0.301543 -0.688549 -0.659524 2 
0.11014 0.231453 0.00989941 -0.299732 -0.794527 -0.528099 2 
0.110479 0.231678 0.00948112 -0.307675 -0.809423 -0.50017 2 
0.110821 0.231734 0.00938141 -0.325008 -0.738949 -0.590189 2 
0.110533 0.23236 0.00974829 -0.389394 -0.790097 -0.473412 2 
0.111021 0.232018 0.0096244 -0.35113 -0.690827 -0.632033 2 
0.111248 0.231633 0.00988851 -0.326766 -0.655158 -0.681169 2 
0.111515 0.232012 0.0102125 -0.367214 -0.572855 -0.732797 2 
0.110797 0.232235 0.00967878 -0.389793 -0.712153 -0.583867 2 
0.110645 0.231817 0.00942775 -0.289081 -0.797739 -0.529193 2 
0.108737 0.232521 0.00869159 -0.186946 -0.945646 -0.266091 2 
0.108858 0.231755 0.00837813 -0.154438 -0.938929 -0.307509 2 
0.109061 0.232545 0.00901455 -0.202591 -0.934712 -0.29201 2 
0.108912 0.233111 0.00872019 -0.281216 -0.956649 -0.0757615 2 
0.109269 0.233085 0.00882775 -0.298262 -0.94781 -0.112677 2 
0.110601 0.233048 0.00876249 -0.30805 -0.915471 -0.258877 2 
0.112915 0.231121 0.00849982 -0.364328 -0.300835 -0.881342 2 
0.113121 0.231351 0.00843131 -0.388799 -0.339231 -0.856597 2 
0.104846 0.227976 0.0116607 0.422669 0.771901 -0.47489 2 
0.104907 0.22793 0.0115414 0.438872 0.747891 -0.498046 2 
0.104737 0.227959 0.0112763 0.243623 0.752874 -0.611415 2 
0.104843 0.228145 0.0113421 0.149563 0.738752 -0.657172 2 
0.104855 0.228231 0.0112309 0.149563 0.738752 -0.657172 2 
0.104997 0.228002 0.0108883 0.324679 0.599283 -0.73174 2 
0.105997 0.228077 0.0119532 0.595329 0.0642441 -0.80091 2 
0.105206 0.227868 0.0106266 0.463892 0.577771 -0.671554 2 
0.104472 0.227499 0.00981063 0.76397 0.597685 0.243153 2 
0.104505 0.227449 0.00959526 0.76397 0.597685 0.243153 2 
0.104502 0.227618 0.00927673 0.733521 0.0737861 0.67565 2 
0.105377 0.227563 0.00923824 0.735465 0.675252 0.0559126 2 
0.105059 0.22768 0.00911556 0.76397 0.597685 0.243153 2 
0.105362 0.227645 0.00903092 0.76397 0.597685 0.243153 2 
0.104576 0.228635 0.0116049 0.158164 0.778767 -0.607047 2 
0.104552 0.22894 0.0113905 0.178436 0.773223 -0.608512 2 
0.104518 0.228795 0.0110941 0.165483 0.748467 -0.642194 2 
0.104424 0.22937 0.0109919 0.145914 0.744615 -0.65135 2 
0.104545 0.229278 0.0107534 0.0181996 0.704184 -0.709784 2 
0.104933 0.228413 0.0112007 0.0953302 0.746508 -0.658511 2 
0.105103 0.228383 0.0114658 0.14578 0.752946 -0.641732 2 
0.104821 0.22876 0.0110095 0.0324284 0.728934 -0.683816 2 
0.105193 0.228456 0.0108127 -0.012521 0.685875 -0.727612 2 
0.104906 0.229083 0.0111795 0.0153693 0.713975 -0.700003 2 
0.104939 0.229032 0.0109642 0.0153396 0.709807 -0.704229 2 
0.104954 0.228755 0.0106598 0.0181927 0.687126 -0.72631 2 
0.105729 0.22972 0.0118541 -0.18927 0.672449 -0.715535 2 
0.104923 0.229789 0.0108318 -0.149123 0.628124 -0.76369 2 
0.104908 0.229871 0.0106245 -0.142298 0.627609 -0.765414 2 
0.105066 0.229277 0.0114376 -0.0923056 0.669582 -0.73698 2 
0.104981 0.229433 0.0108308 -0.0558914 0.669264 -0.74092 2 
0.105526 0.229604 0.0112926 -0.182549 0.642757 -0.744002 2 
0.104323 0.228935 0.0101029 0.162103 0.752945 -0.637806 2 
0.104441 0.229207 0.0100576 -0.0441488 0.713502 -0.699261 2 
0.104832 0.228651 0.0103866 0.15921 0.726302 -0.668683 2 
0.104781 0.229148 0.0105878 0.0181927 0.687126 -0.72631 2 
0.10466 0.229045 0.0103146 0.0411234 0.727459 -0.684918 2 
0.104689 0.228294 0.00919411 0.733521 0.0737861 0.67565 2 
0.104826 0.228989 0.00974955 0.233789 0.635466 -0.735885 2 
0.104623 0.229069 0.00969977 -0.120698 0.713757 -0.689915 2 
0.104862 0.228575 0.00934101 0.0678701 0.737907 -0.671481 2 
0.104456 0.229799 0.0103398 -0.0797585 0.65692 -0.74973 2 
0.104514 0.229443 0.0103388 -0.0125224 0.688732 -0.724908 2 
0.104826 0.229859 0.0103362 -0.158368 0.601798 -0.782789 2 
0.104759 0.229764 0.0102552 -0.155303 0.610658 -0.776516 2 
0.104738 0.229227 0.0102844 -0.0617457 0.673459 -0.736641 2 
0.104895 0.229589 0.010224 -0.0556297 0.640455 -0.765978 2 
0.104901 0.229535 0.00991249 -0.104851 0.683749 -0.722145 2 
0.105183 0.228963 0.00985714 -0.246405 0.895616 -0.370345 2 
0.105164 0.229409 0.00984302 -0.344527 0.697218 -0.62864 2 
0.104958 0.229853 0.00998645 -0.30677 0.526119 -0.793152 2 
0.105198 0.229554 0.0101394 -0.325291 0.616596 -0.716935 2 
0.104413 0.229682 0.00952468 -0.236223 0.614805 -0.752472 2 
0.10567 0.228621 0.00973321 -0.246405 0.895616 -0.370345 2 
0.106438 0.227592 0.0101839 0.641268 0.247369 -0.72635 2 
0.106092 0.227705 0.00996514 0.390541 0.581692 -0.713521 2 
0.106331 0.227885 0.00968126 -0.00367635 0.954626 -0.297785 2 
0.105982 0.228363 0.00965566 -0.246405 0.895616 -0.370345 2 
0.106328 0.228249 0.00987446 0.305414 0.27911 -0.910396 2 
0.104832 0.228261 0.00936313 0.405246 0.769804 -0.49313 2 
0.105573 0.228017 0.00916269 0.508282 0.726826 -0.461924 2 
0.104977 0.228537 0.00941395 0.326428 0.760593 -0.561198 2 
0.105664 0.22848 0.00953299 0.00692745 0.732924 -0.680275 2 
0.105471 0.228336 0.00949028 0.324679 0.599283 -0.73174 2 
0.105946 0.227908 0.00947761 0.279639 0.63438 -0.720669 2 
0.105428 0.229284 0.00977353 -0.0407966 0.609135 -0.792016 2 
0.105788 0.228893 0.0096879 -0.0678418 0.665427 -0.743373 2 
0.105682 0.229381 0.00969695 0.717561 -0.548528 -0.429211 2 
0.10613 0.228949 0.00958817 0.353213 -0.104205 -0.929721 2 
0.106155 0.229317 0.00987747 0.545167 -0.468477 -0.695213 2 
0.1061 0.228635 0.00961034 -0.143727 0.86672 -0.477639 2 
0.106539 0.228425 0.00949449 0.200236 0.274807 -0.940418 2 
0.106657 0.228697 0.00944914 0.324849 -0.0691445 -0.943235 2 
0.105216 0.228913 0.00964178 0.0558483 0.700252 -0.711708 2 
0.105891 0.228573 0.00936035 0.00692745 0.732924 -0.680275 2 
0.105824 0.229153 0.00935426 0.716933 -0.575195 -0.393901 2 
0.105119 0.230242 0.0107562 -0.250108 0.596169 -0.762908 2 
0.104856 0.230368 0.0108257 -0.178769 0.621871 -0.762442 2 
0.10568 0.230136 0.0109136 -0.228812 0.586818 -0.776717 2 
0.105501 0.230389 0.0106414 -0.40893 0.581111 -0.703624 2 
0.105155 0.230502 0.0104226 -0.481954 0.528648 -0.69875 2 
0.105476 0.230021 0.0103521 -0.373115 0.549082 -0.74786 2 
0.10551 0.22997 0.0101368 -0.435245 0.595335 -0.67538 2 
0.105858 0.230167 0.0102373 -0.235009 0.300526 -0.924367 2 
0.106185 0.229631 0.00985532 0.536254 -0.52953 -0.65729 2 
0.106924 0.229077 0.00977314 0.435048 -0.454601 -0.77722 2 
0.105581 0.229815 0.00939456 0.73702 -0.574322 -0.356308 2 
0.104092 0.22862 0.00893365 0.611196 -0.219284 0.760496 2 
0.104516 0.228688 0.00912218 0.682943 -0.130013 0.718809 2 
0.106776 0.227817 0.00976567 0.411101 0.156132 -0.89812 2 
0.106767 0.22804 0.00975863 0.325154 0.0942282 -0.940955 2 
0.106812 0.228076 0.00943206 0.0981728 0.499401 -0.860791 2 
0.106803 0.2283 0.009425 0.200236 0.274807 -0.940418 2 
0.10693 0.228348 0.00938673 0.200236 0.274807 -0.940418 2 
0.10712 0.228856 0.00962264 0.390524 -0.371704 -0.842215 2 
0.106948 0.228576 0.00947575 0.296592 -0.0764144 -0.951942 2 
0.112313 0.21408 0.0184633 -0.0607009 -0.316419 -0.946675 1 
0.112549 0.214624 0.0183726 -0.0511013 -0.262985 -0.963446 1 
0.114718 0.213964 0.0187208 0.166046 0.0033887 -0.986112 1 
0.115396 0.213455 0.0187578 0.0699393 -0.270856 -0.960076 1 
0.114957 0.213665 0.0188737 0.0699393 -0.270856 -0.960076 1 
0.115514 0.213728 0.0187125 0.0699393 -0.270856 -0.960076 1 
0.115129 0.21375 0.0185089 0.0699393 -0.270856 -0.960076 1 
0.115632 0.214 0.0186672 0.0699393 -0.270856 -0.960076 1 
0.115938 0.213796 0.0189011 0.0905842 -0.207227 -0.97409 1 
0.116056 0.214068 0.0188557 0.106961 -0.248717 -0.962652 1 
0.116319 0.213942 0.0187862 0.106961 -0.248717 -0.962652 1 
0.1137 0.214052 0.0185902 -0.0031519 -0.0766961 -0.99705 1 
0.1135 0.214441 0.0184222 -0.00960971 -0.0864874 -0.996207 1 
0.113657 0.21413 0.0182868 0.0516491 0.0305678 -0.998197 1 
0.113848 0.214638 0.0185227 0.115865 0.0924583 -0.988952 1 
0.114027 0.21419 0.0182832 0.149876 -0.0923235 -0.984385 1 
0.115165 0.21401 0.0181752 0.0699393 -0.270856 -0.960076 1 
0.107341 0.232099 0.00848272 0.251229 -0.703126 -0.665205 1 
0.107262 0.231917 0.00851291 0.318537 -0.635457 -0.703369 1 
0.104078 0.233454 0.00747917 -0.567546 -0.823148 -0.0178646 1 
0.105033 0.233103 0.00784726 -0.47569 -0.865024 0.159539 1 
0.10552 0.232761 0.0077234 -0.3867 -0.921526 -0.0353929 1 
0.10665 0.232325 0.00804509 0.230857 -0.701995 -0.673727 1 
0.106914 0.232199 0.00797561 0.227164 -0.722224 -0.653291 1 
0.106898 0.232282 0.0077683 -0.309039 -0.950007 -0.0445117 1 
0.107304 0.232122 0.00786781 -0.130464 -0.955415 -0.264881 1 
0.106734 0.232257 0.0071917 -0.316601 -0.947241 -0.0499897 1 
0.106589 0.23198 0.00714095 -0.273363 -0.949363 -0.154861 1 
0.106507 0.231968 0.00685266 -0.267648 -0.934666 -0.234017 1 
0.106707 0.232252 0.00709561 -0.297715 -0.946547 -0.124159 1 
0.106307 0.232357 0.00668459 -0.393065 -0.918041 0.0519646 1 
0.10431 0.234639 0.00923513 -0.499533 -0.862574 0.0802067 1 
0.104573 0.234513 0.00916561 -0.487328 -0.858346 0.16048 1 
0.107326 0.232181 0.00827537 0.216423 -0.742689 -0.633699 1 
0.107298 0.232851 0.0082542 -0.36443 -0.928964 0.0649347 1 
0.107726 0.232076 0.00868636 0.161853 -0.763887 -0.624724 1 
0.108156 0.23209 0.00856348 0.0541682 -0.856968 -0.512514 1 
0.107498 0.232461 0.00842226 -0.0733872 -0.927347 -0.366936 1 
0.108337 0.232626 0.00828062 -0.24594 -0.955844 -0.160858 1 
0.107879 0.232608 0.0083074 -0.240322 -0.957306 -0.160657 1 
0.108104 0.232392 0.00825302 -0.225981 -0.951284 -0.209743 1 
0.108185 0.233078 0.00861626 -0.278178 -0.954686 -0.105786 1 
0.108454 0.232898 0.00823528 -0.304368 -0.952535 -0.00616129 1 
0.103797 0.234417 0.00855801 -0.540067 -0.839008 -0.0662746 1 
0.104203 0.234063 0.00814582 -0.573247 -0.819121 -0.0207198 1 
0.10473 0.233812 0.00800681 -0.519436 -0.846434 0.117199 1 
0.10493 0.234096 0.0082498 -0.497538 -0.842337 0.207182 1 
0.103912 0.234184 0.00811923 -0.574772 -0.816035 -0.0610252 1 
0.104584 0.233535 0.00795602 -0.536308 -0.84277 0.0459693 1 
0.104321 0.233661 0.00802553 -0.563126 -0.82637 -0.00135693 1 
0.104769 0.233228 0.00791675 -0.500618 -0.863183 0.0655406 1 
0.104887 0.2335 0.00787143 -0.502233 -0.854525 0.132473 1 
0.105005 0.233772 0.0078261 -0.489361 -0.861101 0.13795 1 
0.104868 0.233752 0.00734559 -0.528352 -0.848894 0.0149405 1 
0.104223 0.23421 0.00709317 -0.573247 -0.819121 -0.0207198 1 
0.104777 0.233962 0.00705025 -0.538618 -0.842523 -0.0067836 1 
0.104519 0.234034 0.0068083 -0.567546 -0.823148 -0.0178646 1 
0.104586 0.233933 0.00637756 -0.573247 -0.819121 -0.0207198 1 
0.104658 0.233974 0.00614708 -0.573247 -0.819121 -0.0207198 1 
0.106186 0.23284 0.00794658 -0.355414 -0.934701 -0.00379446 1 
0.106407 0.232793 0.00757369 -0.424995 -0.883813 0.195586 1 
0.105111 0.233284 0.00781702 -0.47569 -0.865024 0.159539 1 
0.10532 0.23315 0.00755534 -0.45952 -0.873818 0.159009 1 
0.105241 0.232969 0.00758556 -0.456527 -0.883372 0.106005 1 
0.105556 0.23302 0.00738974 -0.451755 -0.8851 0.111877 1 
0.105277 0.233228 0.00725193 -0.478106 -0.872507 0.100728 1 
0.105174 0.233548 0.00757951 -0.471878 -0.878334 0.0765584 1 
0.105214 0.233638 0.0075644 -0.478641 -0.865628 0.146939 1 
0.105104 0.233622 0.00718002 -0.491794 -0.867295 0.0770617 1 
0.105411 0.233418 0.00741392 -0.456527 -0.883372 0.106005 1 
0.105619 0.233284 0.00715221 -0.45456 -0.882047 0.123971 1 
0.105819 0.232895 0.00732023 -0.427419 -0.885473 0.182346 1 
0.106267 0.233136 0.00728641 -0.411705 -0.891785 0.187668 1 
0.10607 0.233161 0.00692517 -0.428466 -0.887434 0.169934 1 
0.105367 0.23417 0.00718544 -0.478191 -0.873156 0.0945096 1 
0.106713 0.232589 0.0078076 -0.39073 -0.916242 0.0884929 1 
0.106713 0.232589 0.0078076 -0.39073 -0.916242 0.0884929 1 
0.106631 0.232576 0.00751928 -0.412846 -0.893776 0.175279 1 
0.107065 0.232421 0.0077149 -0.402335 -0.902766 0.15212 1 
0.106831 0.232861 0.00776224 -0.420626 -0.886686 0.191993 1 
0.107685 0.232269 0.00775301 -0.382979 -0.913257 0.138882 1 
0.106549 0.232564 0.00723097 -0.40078 -0.90494 0.143034 1 
0.106546 0.232928 0.0074242 -0.421482 -0.885552 0.195321 1 
0.108003 0.23263 0.0074389 -0.347683 -0.926693 0.142675 1 
0.105128 0.233795 0.00695759 -0.507207 -0.859318 0.0656715 1 
0.105489 0.233404 0.00687195 -0.461922 -0.879784 0.112283 1 
0.105576 0.233362 0.00684881 -0.461922 -0.879784 0.112283 1 
0.10531 0.233657 0.00659981 -0.507207 -0.859318 0.0656715 1 
0.10514 0.233686 0.00633465 -0.528352 -0.848894 0.0149405 1 
0.106067 0.23333 0.00660665 -0.424155 -0.887666 0.179282 1 
0.105409 0.233506 0.00595368 -0.515126 -0.856721 -0.0259613 1 
0.105667 0.233435 0.00619563 -0.478191 -0.873156 0.0945096 1 
0.105215 0.234036 0.00598593 -0.541762 -0.840478 -0.0095046 1 
0.108718 0.232772 0.00816578 -0.317678 -0.948012 0.0188347 1 
0.109015 0.232792 0.00839263 -0.316042 -0.948126 -0.0342696 1 
0.104434 0.23079 0.0162345 -0.0752307 0.997071 0.0137746 1 
0.0998775 0.230811 0.0157613 -0.324998 0.943918 0.0582666 1 
0.0996503 0.230522 0.0154222 -0.383538 0.922848 -0.0353431 1 
0.100114 0.230681 0.0155956 -0.294206 0.95523 0.0312985 1 
0.100047 0.229912 0.0154397 -0.294206 0.95523 0.0312985 1 
0.100138 0.23018 0.0152983 -0.294206 0.95523 0.0312985 1 
0.100752 0.230756 0.0157227 -0.240637 0.963835 0.114528 1 
0.100637 0.230598 0.0151381 -0.221078 0.965762 0.13575 1 
0.100837 0.230883 0.0153811 -0.217604 0.966985 0.132622 1 
0.10005 0.230222 0.0153214 -0.294206 0.95523 0.0312985 1 
0.100032 0.230668 0.0153073 -0.30204 0.951999 0.0497027 1 
0.100377 0.23036 0.0150144 -0.261504 0.958847 0.110586 1 
0.100389 0.230446 0.0149032 -0.261504 0.958847 0.110586 1 
0.100613 0.23023 0.0148488 -0.254671 0.964739 0.0664905 1 
0.10073 0.230502 0.0148035 -0.200163 0.970219 0.136417 1 
0.100854 0.23072 0.0144467 -0.186028 0.973169 0.135408 1 
0.100994 0.230376 0.014734 -0.213809 0.970365 0.112598 1 
0.101057 0.23064 0.0144964 -0.206365 0.971055 0.120274 1 
0.101518 0.23088 0.0158116 -0.215667 0.968589 0.123785 1 
0.100943 0.231069 0.0154469 -0.230118 0.965469 0.12213 1 
0.100958 0.230791 0.0151425 -0.22322 0.968135 0.113523 1 
0.101479 0.231659 0.0164133 -0.221879 0.957934 0.182021 1 
0.102302 0.23171 0.0155527 -0.176188 0.975906 0.128705 1 
0.101887 0.231223 0.0148595 -0.178494 0.973487 0.143048 1 
0.101917 0.231733 0.015349 -0.196032 0.972571 0.125207 1 
0.101057 0.230836 0.0150081 -0.215735 0.968892 0.121271 1 
0.101399 0.230891 0.0149084 -0.192667 0.97099 0.141629 1 
0.10119 0.23083 0.0146584 -0.206365 0.971055 0.120274 1 
0.101744 0.230583 0.0146155 -0.178494 0.973487 0.143048 1 
0.101542 0.230663 0.0145657 -0.192667 0.97099 0.141629 1 
0.101781 0.231038 0.0147936 -0.178494 0.973487 0.143048 1 
0.101956 0.230954 0.0147472 -0.170514 0.973824 0.150305 1 
0.102068 0.231085 0.0145017 -0.170514 0.973824 0.150305 1 
0.101982 0.231242 0.0138949 -0.170514 0.973824 0.150305 1 
0.101931 0.231739 0.0140961 -0.170514 0.973824 0.150305 1 
0.102194 0.231613 0.0140266 -0.170514 0.973824 0.150305 1 
0.10161 0.231351 0.0135799 -0.196452 0.972121 0.128011 1 
0.100828 0.231309 0.0132838 0.627538 0.104345 0.771563 1 
0.103244 0.230598 0.0159571 -0.201478 0.979437 0.0104815 1 
0.102302 0.230841 0.0149661 -0.170514 0.973824 0.150305 1 
0.103053 0.231243 0.0153593 -0.176188 0.975906 0.128705 1 
0.102444 0.231482 0.01521 -0.170514 0.973824 0.150305 1 
0.102971 0.23123 0.015071 -0.170514 0.973824 0.150305 1 
0.103631 0.231169 0.015094 -0.156144 0.979897 0.124178 1 
0.104185 0.230922 0.0150511 -0.131299 0.984144 0.119254 1 
0.102173 0.231076 0.0140558 -0.170514 0.973824 0.150305 1 
0.102642 0.23118 0.0139178 -0.170514 0.973824 0.150305 1 
0.103134 0.230669 0.0141124 -0.15031 0.987914 -0.0378643 1 
0.102297 0.231293 0.013699 -0.170514 0.973824 0.150305 1 
0.103296 0.230782 0.0132288 -0.148759 0.882444 -0.446277 1 
0.103205 0.231189 0.0134452 -0.0840333 0.955394 -0.283128 1 
0.103735 0.230768 0.0136247 -0.0243785 0.935364 -0.352846 1 
0.103441 0.230863 0.0127679 -0.175742 0.821634 -0.542248 1 
0.103743 0.230829 0.0126832 -0.050984 0.872239 -0.486415 1 
0.104318 0.231785 0.015288 -0.0937838 0.993204 0.0689254 1 
0.104196 0.231682 0.0150148 -0.105258 0.987528 0.117084 1 
0.104236 0.231773 0.0149997 -0.100313 0.98779 0.119196 1 
0.104154 0.23176 0.0147114 -0.117754 0.991192 0.0605919 1 
0.103945 0.231699 0.0144614 -0.11784 0.982808 0.142137 1 
0.104624 0.231582 0.0155219 -0.0626833 0.997621 0.0286856 1 
0.104266 0.231413 0.0149026 -0.105258 0.987528 0.117084 1 
0.104245 0.231354 0.014495 -0.0433208 0.994158 0.0988604 1 
0.104178 0.231259 0.014414 -0.0549935 0.99325 0.102131 1 
0.102941 0.231988 0.0135896 -0.145079 0.978355 0.147559 1 
0.103526 0.231576 0.0139613 -0.106932 0.988242 0.109282 1 
0.103008 0.231409 0.0135957 -0.149876 0.984385 0.0923235 1 
0.103142 0.231599 0.0137577 -0.145079 0.978355 0.147559 1 
0.102741 0.231704 0.0133467 -0.142128 0.985341 0.0943539 1 
0.102832 0.231972 0.0132052 -0.1503 0.985825 0.0745582 1 
0.103235 0.231503 0.013423 -0.0797925 0.984901 -0.15363 1 
0.105307 0.231107 0.0137873 -0.0489075 0.923954 -0.379363 1 
0.104059 0.231075 0.0129992 0.158815 0.917755 -0.36401 1 
0.103861 0.231101 0.0126379 0.0503527 0.891379 -0.450453 1 
0.104183 0.231488 0.0131541 0.159474 0.941851 -0.295777 1 
0.103834 0.231771 0.0126168 0.103809 0.934282 -0.341087 1 
0.105067 0.231406 0.0136344 -0.0265536 0.947077 -0.319907 1 
0.102244 0.231878 0.0124401 -0.156659 0.9842 0.0825149 1 
0.102828 0.231945 0.012375 -0.0791136 0.9682 -0.237341 1 
0.103016 0.231469 0.0126542 -0.10548 0.919179 -0.379452 1 
0.10321 0.231418 0.0121852 -0.014383 0.908744 -0.417107 1 
0.103488 0.231884 0.0123979 0.100472 0.936399 -0.336246 1 
0.103025 0.231725 0.0122245 0.0115197 0.927973 -0.372469 1 
0.102373 0.232042 0.0117718 -0.00113287 0.984462 -0.175594 1 
0.103067 0.232321 0.0126028 -0.0578445 0.998081 -0.0220861 1 
0.103143 0.231997 0.0121792 0.0983968 0.951169 -0.292567 1 
0.103516 0.231214 0.0124191 0.00920127 0.897781 -0.440346 1 
0.120872 0.215557 0.00722295 0.672209 0.688176 -0.273035 1 
0.121275 0.215088 0.00744072 0.64227 0.70954 -0.289902 1 
0.12132 0.215124 0.00711417 0.64227 0.70954 -0.289902 1 
0.118907 0.219811 0.0097829 -0.189786 0.485673 -0.85329 1 
0.118309 0.219941 0.00901069 -0.336205 0.366909 -0.867378 1 
0.118427 0.220213 0.00896536 -0.295808 0.441389 -0.847156 1 
0.118443 0.217043 0.00784948 0.807145 0.540679 -0.237031 1 
0.119121 0.217209 0.0079615 0.807145 0.540679 -0.237031 1 
0.119008 0.218036 0.00733351 0.795858 0.537401 -0.278944 1 
0.11846 0.220162 0.00875 -0.410346 0.305839 -0.859115 1 
0.118817 0.219941 0.00834586 -0.32774 0.315768 -0.890436 1 
0.118665 0.220002 0.00765804 -0.349131 0.318903 -0.88114 1 
0.119212 0.218151 0.007895 0.790084 0.536751 -0.296084 1 
0.119275 0.218415 0.00765751 0.80619 0.524415 -0.273948 1 
0.11895 0.218392 0.00733454 0.816823 0.511876 -0.266051 1 
0.119068 0.218664 0.00728919 0.825772 0.507811 -0.245416 1 
0.11971 0.219244 0.0078098 0.823837 0.52426 -0.215512 1 
0.119428 0.218947 0.00727852 0.825772 0.507811 -0.245416 1 
0.118148 0.219161 0.00721744 0.842872 0.504525 -0.187139 1 
0.118181 0.219111 0.00700212 0.835283 0.50784 -0.210716 1 
0.118698 0.219083 0.00685602 0.821671 0.520648 -0.231911 1 
0.119292 0.218252 0.00672309 0.803149 0.542164 -0.247003 1 
0.118986 0.218651 0.00700089 0.825772 0.507811 -0.245416 1 
0.119198 0.218827 0.00662094 0.830634 0.509394 -0.224868 1 
0.118299 0.219383 0.00695679 0.848423 0.496529 -0.183403 1 
0.119648 0.216958 0.0078225 0.738813 0.576436 -0.349109 1 
0.120309 0.216222 0.00777052 0.243673 0.345811 0.906112 1 
0.120603 0.216606 0.00819058 0.243673 0.345811 0.906112 1 
0.120075 0.216662 0.00781789 0.312959 0.377077 0.871705 1 
0.120175 0.216707 0.00768351 0.312959 0.377077 0.871705 1 
0.120229 0.21652 0.00736397 0.246287 0.364269 0.898137 1 
0.120438 0.216386 0.00710227 0.245113 0.353726 0.902661 1 
0.119354 0.217444 0.00798912 0.773901 0.556889 -0.301582 1 
0.119809 0.217152 0.00808056 0.742499 0.573527 -0.346066 1 
0.120072 0.217026 0.00801107 0.724411 0.587051 -0.361388 1 
0.120311 0.217402 0.0082389 0.721467 0.570271 -0.39278 1 
0.119621 0.217628 0.00780133 0.748326 0.560027 -0.355496 1 
0.119824 0.217548 0.00785109 0.748326 0.560027 -0.355496 1 
0.119966 0.217515 0.00802014 0.748326 0.560027 -0.355496 1 
0.120254 0.216888 0.00765327 0.365881 0.400427 0.840113 1 
0.120599 0.216775 0.00787207 0.245248 0.359795 0.900223 1 
0.120635 0.217035 0.00753845 0.365881 0.400427 0.840113 1 
0.120487 0.217318 0.00819259 0.718529 0.573837 -0.392971 1 
0.119884 0.217502 0.00773182 0.748326 0.560027 -0.355496 1 
0.11988 0.217671 0.00741331 0.748326 0.560027 -0.355496 1 
0.120166 0.21693 0.00767644 0.365881 0.400427 0.840113 1 
0.120435 0.21675 0.00729548 0.246287 0.364269 0.898137 1 
0.120611 0.216187 0.00768591 0.243673 0.345811 0.906112 1 
0.121535 0.216 0.0076394 0.672209 0.688176 -0.273035 1 
0.121798 0.215875 0.00756987 0.663287 0.707401 -0.244203 1 
0.121756 0.215953 0.00726648 0.668389 0.690722 -0.27597 1 
0.120648 0.215773 0.00727735 0.722682 0.660783 -0.202723 1 
0.120545 0.216093 0.00760493 0.257725 0.351978 0.899827 1 
0.120726 0.215954 0.00724712 0.257725 0.351978 0.899827 1 
0.120671 0.215946 0.00705493 0.257725 0.351978 0.899827 1 
0.121059 0.216234 0.00714033 0.257725 0.351978 0.899827 1 
0.12135 0.215438 0.007092 0.663287 0.707401 -0.244203 1 
0.121062 0.216934 0.00804551 0.243673 0.345811 0.906112 1 
0.120907 0.21649 0.00696428 0.243673 0.345811 0.906112 1 
0.120562 0.216604 0.00674549 0.245248 0.359795 0.900223 1 
0.119277 0.217856 0.00695259 0.807145 0.540679 -0.237031 1 
0.119371 0.217759 0.00661792 0.80142 0.543098 -0.250541 1 
0.119547 0.217676 0.00657158 0.804703 0.544221 -0.237225 1 
0.119571 0.218044 0.00686091 0.807145 0.540679 -0.237031 1 
0.119489 0.218032 0.00657257 0.80142 0.543098 -0.250541 1 
0.122881 0.215288 0.00884818 0.518319 0.622995 -0.585852 1 
0.122205 0.215237 0.00810617 0.517346 0.618456 -0.591494 1 
0.122356 0.215459 0.00784549 0.517346 0.618456 -0.591494 1 
0.122564 0.215999 0.00765871 0.518319 0.622995 -0.585852 1 
0.118603 0.220998 0.00950566 0.417612 0.82411 -0.382679 1 
0.118866 0.220873 0.00943619 0.484495 0.790322 -0.375041 1 
0.118463 0.220472 0.00863174 -0.442001 0.33504 -0.832095 1 
0.118672 0.220338 0.00837003 -0.305839 0.410346 -0.859115 1 
0.118543 0.220573 0.00745983 -0.251346 0.50115 -0.828054 1 
0.102583 0.223487 0.0185349 -0.0118593 0.995105 -0.0981089 1 
0.100163 0.223685 0.0180701 -0.081783 0.929109 -0.36065 1 
0.100427 0.22356 0.0180006 -0.0396856 0.943493 -0.329007 1 
0.100484 0.224073 0.0185863 -0.0396856 0.943493 -0.329007 1 
0.10052 0.224333 0.0182527 -0.0396856 0.943493 -0.329007 1 
0.100399 0.22423 0.0179794 -0.0396856 0.943493 -0.329007 1 
0.10072 0.223748 0.017909 -0.0424766 0.940921 -0.335951 1 
0.100901 0.22361 0.0175511 -0.0732858 0.981549 -0.176607 1 
0.101059 0.223973 0.0174907 -0.0732858 0.981549 -0.176607 1 
0.101201 0.223744 0.017148 -0.0874295 0.994925 -0.0498016 1 
0.101729 0.224079 0.0185442 0.00893874 0.928352 -0.371596 1 
0.102994 0.223947 0.0183979 0.00534612 0.995448 -0.0951609 1 
0.103036 0.224543 0.0187763 -0.0118593 0.995105 -0.0981089 1 
0.103388 0.224376 0.0186836 0.0204216 0.99636 -0.0827613 1 
0.103306 0.224363 0.0183952 0.0115197 0.998023 -0.0617874 1 
0.103242 0.224773 0.0187077 0.00105452 0.996523 -0.0833072 1 
0.10316 0.224761 0.0184194 0.00523436 0.997668 -0.0680466 1 
0.101126 0.224263 0.0180834 -0.0683422 0.98197 -0.176251 1 
0.102352 0.224041 0.0179522 -0.0118593 0.995105 -0.0981089 1 
0.102091 0.223802 0.0178285 -0.0138016 0.996897 -0.077501 1 
0.101319 0.224016 0.0171027 -0.0646728 0.997658 -0.0222644 1 
0.1038 0.223683 0.0189084 0.021028 0.992741 -0.118421 1 
0.104087 0.224405 0.0186914 0.0416132 0.997651 -0.0544173 1 
0.104653 0.224244 0.0185373 0.126597 0.991493 -0.0302489 1 
0.103542 0.224233 0.0182297 0.0200996 0.997574 -0.066646 1 
0.104462 0.223541 0.0177897 0.0422026 0.99663 -0.0703376 1 
0.106567 0.223291 0.0184503 0.346977 0.936182 -0.0563019 1 
0.105183 0.223629 0.0182051 0.141058 0.989661 -0.0259546 1 
0.105067 0.223471 0.0176204 0.129936 0.990903 -0.0350262 1 
0.105567 0.22389 0.0174603 0.150966 0.987619 -0.0426393 1 
0.106351 0.223567 0.0175632 0.369854 0.929082 -0.00381292 1 
0.104075 0.224326 0.0162007 0.0151808 0.979742 -0.199685 1 
0.104819 0.223319 0.0173855 0.0852207 0.988793 -0.122578 1 
0.104761 0.223675 0.0173866 0.0645116 0.996103 -0.060138 1 
0.104816 0.223488 0.017067 0.044058 0.979993 -0.194093 1 
0.104969 0.22402 0.0166881 0.0540377 0.978683 -0.198138 1 
0.10517 0.22363 0.0168561 0.0762945 0.979718 -0.185287 1 
0.105418 0.223587 0.0165793 0.0762945 0.979718 -0.185287 1 
0.105681 0.223461 0.0165098 0.301078 0.938978 -0.166349 1 
0.105423 0.223533 0.0162678 0.165972 0.968815 -0.183985 1 
0.105941 0.223505 0.0161218 0.124715 0.973787 -0.190222 1 
0.105568 0.223614 0.0158069 0.00112498 0.986605 -0.163122 1 
0.105062 0.224395 0.0185185 0.141058 0.989661 -0.0259546 1 
0.10498 0.224382 0.0182303 0.141058 0.989661 -0.0259546 1 
0.105733 0.224225 0.0179186 0.197878 0.980024 -0.0199049 1 
0.105869 0.223855 0.0173757 0.265556 0.964003 -0.0133384 1 
0.106532 0.224298 0.0177921 0.0508136 0.998643 -0.0114071 1 
0.105491 0.224018 0.0173722 0.150966 0.987619 -0.0426393 1 
0.104932 0.224044 0.0160732 0.0540377 0.978683 -0.198138 1 
0.101509 0.223655 0.0167519 -0.0364244 0.994496 -0.0982355 1 
0.104236 0.221716 0.0141871 0.802767 0.410231 -0.432754 1 
0.104669 0.2233 0.0155561 0.0639991 0.979306 -0.191997 1 
0.104723 0.223982 0.0158232 0.0540377 0.978683 -0.198138 1 
0.104705 0.223559 0.0152224 0.0758264 0.970826 -0.227479 1 
0.104195 0.223648 0.014427 0.0892928 0.969644 -0.227634 1 
0.104154 0.224312 0.0156588 0.00823667 0.975457 -0.220037 1 
0.104238 0.224439 0.0153171 0.032792 0.970402 -0.23926 1 
0.104271 0.224584 0.0156134 0.00823667 0.975457 -0.220037 1 
0.105289 0.223822 0.015669 -0.0359009 0.985538 -0.165607 1 
0.105207 0.223809 0.0153808 -0.0288818 0.985447 -0.167514 1 
0.105004 0.224563 0.0154059 0.25141 0.940355 -0.229185 1 
0.10535 0.223776 0.0155498 -0.0752661 0.983239 -0.166063 1 
0.105443 0.223679 0.0152152 -0.0684286 0.989315 -0.128739 1 
0.105652 0.223545 0.0149535 0.0758264 0.970826 -0.227479 1 
0.105176 0.223974 0.0149661 -0.192597 0.970636 -0.144129 1 
0.10495 0.221663 0.0144023 0.45562 0.783147 -0.423191 1 
0.114835 0.221308 0.0115008 0.131527 0.969214 0.208145 1 
0.115345 0.22122 0.0122962 0.120102 0.972198 0.201014 1 
0.115625 0.221606 0.0113672 0.207923 0.960155 0.186734 1 
0.115716 0.221874 0.0112258 0.200072 0.963746 0.176534 1 
0.116352 0.221639 0.0114711 0.316686 0.927537 0.198456 1 
0.116207 0.221363 0.0114204 0.350116 0.916018 0.195779 1 
0.115861 0.221476 0.0112016 0.224162 0.954368 0.197316 1 
0.114674 0.221398 0.0102942 0.152024 0.965418 0.211794 1 
0.116892 0.221003 0.00905579 0.190186 0.877216 -0.440819 1 
0.117765 0.221224 0.0106707 0.490909 0.861625 0.128882 1 
0.116578 0.222016 0.01035 0.46471 0.862179 0.201723 1 
0.115705 0.22238 0.0102702 0.219244 0.958029 0.184696 1 
0.115857 0.221928 0.0099346 0.43608 0.873648 0.215807 1 
0.116778 0.222301 0.010593 0.46471 0.862179 0.201723 1 
0.116744 0.222156 0.0102966 0.462156 0.870026 0.171658 1 
0.117825 0.220983 0.0100397 0.372073 0.910938 -0.178196 1 
0.117943 0.221255 0.00999442 0.415662 0.904514 -0.0952847 1 
0.116989 0.221607 0.00962635 0.441285 0.897147 0.0198777 1 
0.117065 0.222348 0.010301 0.473126 0.873354 0.11578 1 
0.115668 0.222209 0.00914361 0.38486 0.921813 0.046289 1 
0.118352 0.221406 0.00997566 0.533712 0.842331 -0.0750312 1 
0.117843 0.22082 0.00910538 0.239297 0.819785 -0.520278 1 
0.115203 0.2196 0.0207315 0.131041 0.980967 0.143287 1 
0.115749 0.219772 0.0211933 0.131041 0.980967 0.143287 1 
0.115942 0.219525 0.0202125 0.131041 0.980967 0.143287 1 
0.116096 0.219578 0.0202703 0.131041 0.980967 0.143287 1 
0.11546 0.219812 0.020025 0.131041 0.980967 0.143287 1 
0.117936 0.218664 0.0215555 0.141839 0.969872 0.198064 1 
0.11706 0.219198 0.0211572 0.131041 0.980967 0.143287 1 
0.117415 0.218861 0.021383 0.141839 0.969872 0.198064 1 
0.117708 0.21905 0.0212913 0.141839 0.969872 0.198064 1 
0.117972 0.218924 0.0212219 0.141839 0.969872 0.198064 1 
0.118396 0.218992 0.0214104 0.141839 0.969872 0.198064 1 
0.117102 0.219403 0.0205121 0.131041 0.980967 0.143287 1 
0.116274 0.218934 0.0195191 0.131041 0.980967 0.143287 1 
0.116586 0.219546 0.0200282 0.131041 0.980967 0.143287 1 
0.116771 0.219239 0.0199889 0.131041 0.980967 0.143287 1 
0.116307 0.219754 0.0198904 0.131041 0.980967 0.143287 1 
0.116559 0.220216 0.020007 0.131041 0.980967 0.143287 1 
0.118467 0.219512 0.0207432 0.141839 0.969872 0.198064 1 
0.117219 0.219675 0.0204668 0.131041 0.980967 0.143287 1 
0.117662 0.219297 0.0206694 0.131041 0.980967 0.143287 1 
0.117658 0.219466 0.0203509 0.131041 0.980967 0.143287 1 
0.118043 0.219443 0.0205546 0.145886 0.972997 0.178869 1 
0.115841 0.219764 0.0193984 0.131041 0.980967 0.143287 1 
0.114844 0.21952 0.018652 0.796262 0.122615 -0.592395 1 
0.116171 0.219059 0.0193349 0.131041 0.980967 0.143287 1 
0.115959 0.220036 0.019353 0.131041 0.980967 0.143287 1 
0.115431 0.219896 0.0184687 0.729769 0.551857 -0.403597 1 
0.114234 0.221397 0.0151022 0.161731 0.983565 -0.0802666 1 
0.113492 0.220772 0.014716 0.227355 0.972097 -0.0577605 1 
0.113646 0.22063 0.0142621 0.166703 0.985063 -0.0431329 1 
0.114227 0.221061 0.0143902 0.177166 0.984127 0.010287 1 
0.115017 0.220684 0.0141817 0.172839 0.979423 0.104194 1 
0.114169 0.221222 0.0138795 0.172839 0.979423 0.104194 1 
0.114236 0.220643 0.0138855 0.172839 0.979423 0.104194 1 
0.114617 0.220789 0.0137707 0.153931 0.984443 0.0847217 1 
0.114272 0.220902 0.0135519 0.153931 0.984443 0.0847217 1 
0.114844 0.220883 0.013598 0.153931 0.984443 0.0847217 1 
0.113983 0.222196 0.0165956 0.266067 0.937501 0.224276 1 
0.114351 0.22167 0.0150568 0.161731 0.983565 -0.0802666 1 
0.11469 0.221894 0.0146386 0.173897 0.982218 0.0707581 1 
0.114481 0.221833 0.0143885 0.172839 0.979423 0.104194 1 
0.115256 0.220864 0.0138978 0.172839 0.979423 0.104194 1 
0.115574 0.221421 0.0140954 0.172839 0.979423 0.104194 1 
0.114472 0.221187 0.0137949 0.153931 0.984443 0.0847217 1 
0.114847 0.221388 0.0139915 0.172839 0.979423 0.104194 1 
0.11488 0.221142 0.0132644 0.0244266 0.98288 0.182618 1 
0.114917 0.221988 0.0144659 0.172839 0.979423 0.104194 1 
0.11438 0.222267 0.0140862 0.172839 0.979423 0.104194 1 
0.116077 0.220518 0.0146156 0.16918 0.982682 0.0755909 1 
0.115617 0.220669 0.0143239 0.172839 0.979423 0.104194 1 
0.116314 0.220388 0.01445 0.128104 0.982132 0.137864 1 
0.115853 0.220734 0.01467 0.16918 0.982682 0.0755909 1 
0.116289 0.220889 0.0147474 0.167179 0.982628 0.0805827 1 
0.115971 0.221006 0.0146247 0.172839 0.979423 0.104194 1 
0.116671 0.221036 0.0146326 0.168269 0.981772 0.0883716 1 
0.117133 0.220999 0.0142943 0.164702 0.971616 0.169809 1 
0.11568 0.220933 0.0140864 0.172839 0.979423 0.104194 1 
0.116149 0.221037 0.0139484 0.126903 0.979496 0.156473 1 
0.116101 0.22117 0.0139564 0.172839 0.979423 0.104194 1 
0.116377 0.220652 0.0142125 0.126903 0.979496 0.156473 1 
0.116934 0.220715 0.0140513 0.134091 0.980461 0.143932 1 
0.115689 0.221188 0.0136566 0.114463 0.984384 0.133741 1 
0.116075 0.22128 0.0132303 -0.0862567 0.986634 0.138247 1 
0.115933 0.221314 0.0130613 -0.0862567 0.986634 0.138247 1 
0.116448 0.221171 0.0135452 0.0985733 0.96397 0.247073 1 
0.116578 0.221335 0.012877 0.141839 0.969872 0.198064 1 
0.115088 0.221008 0.0130027 -0.00112041 0.987081 0.160219 1 
0.114652 0.221527 0.0130003 -0.0266126 0.984667 0.172403 1 
0.112219 0.195974 0.0266636 0.723155 0.623741 -0.296638 0 
0.112101 0.196376 0.0267839 0.743533 0.547436 -0.384022 0 
0.112528 0.19695 0.0273658 0.750157 0.531157 -0.393873 0 
0.111928 0.19677 0.0267119 0.809825 0.478895 0.338886 0 
0.112219 0.196649 0.0267385 0.74362 0.554038 -0.374261 0 
0.112046 0.197042 0.0266666 0.789924 0.457154 0.408693 0 
0.112638 0.196292 0.0276753 0.718245 0.556434 -0.417738 0 
0.113165 0.196041 0.0275363 0.879215 -0.41647 -0.231372 0 
0.112109 0.197306 0.026429 0.769621 0.429746 0.47223 0 
0.106634 0.227169 0.0121237 0.637827 0.212609 -0.740252 0 
0.10681 0.230091 0.0122588 -0.0908922 0.378491 -0.921131 0 
0.106944 0.229412 0.0118341 0.373533 -0.153642 -0.914804 0 
0.107022 0.229593 0.0118039 0.351296 -0.160952 -0.922326 0 
0.107373 0.229425 0.0117112 0.355565 -0.272253 -0.894121 0 
0.10793 0.230162 0.0116249 0.175122 -0.188094 -0.966413 0 
0.108272 0.231087 0.0121119 -0.319621 -0.325624 -0.889838 0 
0.10836 0.231241 0.0126005 -0.435667 -0.387792 -0.812288 0 
0.108569 0.231107 0.0123388 -0.423064 -0.394328 -0.815796 0 
0.108517 0.231604 0.01254 -0.527952 -0.375252 -0.761875 0 
0.108781 0.231478 0.0124705 -0.528182 -0.390822 -0.753845 0 
0.106649 0.230376 0.0115639 0.592705 -0.720063 -0.360848 0 
0.10707 0.230613 0.011434 0.602782 -0.737806 -0.303802 0 
0.10773 0.229878 0.011382 0.230461 -0.289843 -0.928913 0 
0.107357 0.230661 0.011142 0.191819 -0.282898 -0.939773 0 
0.111467 0.200015 0.0251414 0.506081 0.569972 0.647313 0 
0.11173 0.19989 0.0250719 0.575217 0.51449 0.635944 0 
0.111827 0.200298 0.0251307 0.374026 0.654134 0.657429 0 
0.11153 0.200279 0.0249039 0.374026 0.654134 0.657429 0 
0.111566 0.200539 0.0245703 0.136489 0.745441 0.652448 0 
0.111305 0.200974 0.0245215 0.484755 0.578687 0.655846 0 
0.111778 0.20091 0.024702 0.496589 0.57739 0.64809 0 
0.111302 0.201143 0.024203 0.504668 0.541554 0.672332 0 
0.112546 0.202018 0.0247476 0.790005 -0.0733884 -0.608692 0 
0.111574 0.201468 0.0242155 0.704084 0.322098 0.632866 0 
0.111814 0.201169 0.0243684 0.504668 0.541554 0.672332 0 
0.111035 0.201438 0.023954 0.954016 -0.103384 -0.281363 0 
0.111153 0.20171 0.0239086 0.861942 -0.0369991 -0.505655 0 
0.111849 0.201429 0.0240348 0.989685 0.0328761 -0.13944 0 
0.111885 0.201689 0.0237011 0.861942 -0.0369991 -0.505655 0 
0.1115 0.201711 0.0234975 0.861942 -0.0369991 -0.505655 0 
0.112484 0.202347 0.0239183 0.543077 -0.117934 -0.83136 0 
0.112039 0.20222 0.0233222 0.687767 -0.0923866 -0.720029 0 
0.111254 0.204282 0.0243925 -0.527741 0.048736 0.848006 0 
0.111247 0.204424 0.0232438 -0.402075 0.0831409 0.911824 0 
0.112153 0.2044 0.0241316 -0.584522 0.049297 0.809879 0 
0.110861 0.206469 0.0232649 -0.681515 -0.416205 -0.601922 0 
0.111116 0.206762 0.0237001 -0.695752 -0.404891 -0.59329 0 
0.111073 0.20684 0.0233967 0.640808 -0.257905 -0.723084 0 
0.111003 0.20711 0.0235089 -0.690606 -0.431004 -0.580774 0 
0.110957 0.207357 0.0228869 0.655908 -0.272896 -0.703784 0 
0.111075 0.207629 0.0228416 -0.639183 -0.442255 -0.62917 0 
0.111196 0.208211 0.022678 0.64692 -0.268623 -0.713678 0 
0.111035 0.208017 0.0224199 0.64692 -0.268623 -0.713678 0 
0.110923 0.20769 0.0221538 0.646 -0.265066 -0.715838 0 
0.111216 0.207879 0.0220621 0.64692 -0.268623 -0.713678 0 
0.11149 0.204826 0.0243018 -0.257411 0.0934875 0.961769 0 
0.111465 0.205132 0.0240875 -0.979836 -0.104238 -0.17046 0 
0.111777 0.204874 0.02401 -0.232626 0.100423 0.967368 0 
0.111583 0.205404 0.0240422 -0.990186 -0.0799098 -0.114653 0 
0.11178 0.205183 0.0238917 -0.976404 -0.102975 -0.189822 0 
0.111501 0.205391 0.0237539 -0.987433 -0.0884796 -0.13095 0 
0.111371 0.205707 0.0239853 -0.986919 -0.0668898 -0.146688 0 
0.111298 0.206145 0.023779 -0.995266 -0.0719603 0.0653178 0 
0.111086 0.206448 0.0237222 -0.621023 -0.42123 -0.660981 0 
0.110925 0.206254 0.0234641 -0.640181 -0.370285 -0.673095 0 
0.111074 0.204818 0.0231718 -0.976764 -0.100276 -0.189411 0 
0.111225 0.20504 0.0229111 -0.200581 0.117321 0.972627 0 
0.111416 0.204874 0.0230721 -0.307538 0.0989929 0.946372 0 
0.111343 0.205312 0.0228658 -0.984874 -0.0845538 -0.151244 0 
0.111622 0.205104 0.0230036 -0.200581 0.117321 0.972627 0 
0.11174 0.205376 0.0229583 -0.200581 0.117321 0.972627 0 
0.11113 0.206289 0.022884 -0.528182 -0.390822 -0.753845 0 
0.111448 0.206172 0.0230066 -0.986642 -0.0742634 0.14499 0 
0.111594 0.205774 0.0229825 -0.996419 -0.0840097 0.00957073 0 
0.111712 0.206046 0.0229371 -0.993592 -0.0821429 0.0776419 0 
0.111975 0.20592 0.0228676 -0.993384 -0.11331 -0.0187016 0 
0.111403 0.207005 0.0239199 0.623433 -0.268092 -0.734478 0 
0.112526 0.206907 0.0236046 -0.655337 -0.403157 -0.638747 0 
0.111424 0.206673 0.023304 -0.695752 -0.404891 -0.59329 0 
0.111642 0.207185 0.023636 0.605263 -0.271654 -0.748239 0 
0.111415 0.206896 0.0232969 -0.668063 -0.438156 -0.601424 0 
0.111503 0.206854 0.0232738 -0.668063 -0.438156 -0.601424 0 
0.111512 0.206435 0.0227691 -0.600478 -0.430814 -0.673666 0 
0.11126 0.206648 0.0227274 -0.668063 -0.438156 -0.601424 0 
0.111665 0.206967 0.0223901 -0.693327 -0.427303 -0.580267 0 
0.11183 0.206318 0.0228918 -0.990378 -0.0868752 0.107725 0 
0.111723 0.206611 0.0223891 -0.653672 -0.443026 -0.613549 0 
0.111241 0.206899 0.0222016 0.655908 -0.272896 -0.703784 0 
0.111311 0.207499 0.022676 0.651701 -0.269285 -0.709064 0 
0.11145 0.207439 0.0220148 -0.639183 -0.442255 -0.62917 0 
0.111186 0.207565 0.0220843 -0.639183 -0.442255 -0.62917 0 
0.111332 0.207167 0.0220602 0.651701 -0.269285 -0.709064 0 
0.111304 0.207837 0.022039 0.64692 -0.268623 -0.713678 0 
0.112489 0.206061 0.0224031 -0.993528 -0.103935 0.0458208 0 
0.110431 0.208875 0.0220341 -0.720385 -0.44548 -0.531595 0 
0.110731 0.208335 0.0215561 -0.729306 -0.43163 -0.530856 0 
0.111331 0.20832 0.0216983 -0.71362 -0.432146 -0.551358 0 
0.110667 0.20942 0.0219434 -0.620875 -0.482903 -0.61751 0 
0.110721 0.209233 0.0216239 -0.620875 -0.482903 -0.61751 0 
0.110558 0.209403 0.0215591 -0.4497 -0.526033 -0.721844 0 
0.110658 0.209643 0.0219364 -0.512565 -0.502548 -0.69622 0 
0.1106 0.209999 0.0219374 -0.423135 -0.528508 -0.735959 0 
0.110676 0.209675 0.0215137 -0.387237 -0.540824 -0.746697 0 
0.111648 0.208877 0.0218959 -0.720385 -0.44548 -0.531595 0 
0.111363 0.209618 0.0216328 -0.564935 -0.517717 -0.642509 0 
0.111375 0.210378 0.0215965 -0.49102 -0.461262 -0.739011 0 
0.111422 0.208109 0.0219936 0.642677 -0.265005 -0.718846 0 
0.111367 0.208579 0.0213647 -0.720385 -0.44548 -0.531595 0 
0.110978 0.208771 0.0208424 -0.601079 -0.489955 -0.631386 0 
0.110621 0.209667 0.0213215 -0.387237 -0.540824 -0.746697 0 
0.110629 0.209922 0.0208918 -0.485742 -0.479111 -0.7311 0 
0.110911 0.20935 0.0208364 -0.429693 -0.518595 -0.739204 0 
0.110739 0.209069 0.0206895 -0.440989 -0.510358 -0.738284 0 
0.111014 0.20903 0.0205088 -0.43758 -0.513538 -0.738107 0 
0.110947 0.20961 0.0205028 -0.378721 -0.515255 -0.768819 0 
0.110417 0.210899 0.0209099 -0.535975 -0.472526 -0.699606 0 
0.110706 0.209989 0.0214916 -0.381147 -0.501167 -0.77689 0 
0.110554 0.210246 0.0213155 -0.55469 -0.458077 -0.694611 0 
0.11073 0.210162 0.0212691 -0.537901 -0.457965 -0.707764 0 
0.110739 0.209939 0.0212762 -0.49102 -0.461262 -0.739011 0 
0.110629 0.210596 0.0209667 -0.562709 -0.455845 -0.689611 0 
0.111065 0.209882 0.0204574 -0.464609 -0.487757 -0.739075 0 
0.113121 0.201634 0.0246005 0.431757 0.457825 0.777163 0 
0.11237 0.201232 0.0242072 0.505245 0.50191 0.702007 0 
0.113173 0.201137 0.0243992 0.365913 0.608761 0.703931 0 
0.112324 0.201479 0.0235853 0.987247 0.0356283 -0.155155 0 
0.112858 0.201564 0.0241583 0.989685 0.0328761 -0.13944 0 
0.11283 0.20156 0.0240622 0.989685 0.0328761 -0.13944 0 
0.112951 0.202337 0.0244103 0.612635 -0.107248 -0.783056 0 
0.11282 0.202067 0.0231066 0.888735 -0.0337153 -0.457179 0 
0.113005 0.20176 0.0230674 0.0551449 -0.415604 -0.907872 0 
0.109556 0.215119 0.0195151 0.676448 -0.0617564 -0.733896 0 
0.109216 0.215177 0.0189849 0.791712 -0.0293227 -0.610191 0 
0.109313 0.214912 0.0189687 0.695769 -0.0588176 -0.715853 0 
0.109374 0.214866 0.0188495 0.716157 -0.0500309 -0.696144 0 
0.109356 0.217449 0.0184302 -0.0166458 -0.364928 -0.930887 0 
0.109302 0.217636 0.0187497 -0.0274786 -0.391242 -0.919877 0 
0.109592 0.217994 0.0183395 -0.0441516 -0.421447 -0.905777 0 
0.109829 0.217385 0.0186107 0.0838713 -0.342142 -0.935898 0 
0.109804 0.217691 0.0183963 -0.00128166 -0.388343 -0.921514 0 
0.110746 0.216862 0.0178522 0.948827 0.0713891 -0.307622 0 
0.110391 0.218068 0.018213 -0.0441516 -0.421447 -0.905777 0 
0.110458 0.217488 0.0182191 -0.066914 -0.339818 -0.938108 0 
0.110428 0.216305 0.0176546 0.913284 0.0356855 -0.405757 0 
0.108753 0.217634 0.0179695 0.0145612 -0.443456 -0.896178 0 
0.109431 0.2178 0.0180815 0.0332258 -0.423961 -0.905071 0 
0.109113 0.217917 0.0179588 0.116871 -0.432282 -0.894133 0 
0.108973 0.218261 0.0176715 0.185146 -0.463605 -0.866482 0 
0.109237 0.218135 0.017602 0.222044 -0.430677 -0.874765 0 
0.109746 0.218526 0.0179606 0.370756 -0.343064 -0.863045 0 
0.109091 0.218533 0.0176261 0.395095 -0.360739 -0.844848 0 
0.109355 0.218407 0.0175567 0.258115 -0.418117 -0.870951 0 
0.108707 0.218555 0.0174225 0.437493 -0.355364 -0.826024 0 
0.109351 0.218576 0.0172381 0.552966 -0.261602 -0.791071 0 
0.109995 0.217329 0.0180456 0.9929 0.0598677 -0.102792 0 
0.110282 0.216703 0.0176788 0.961553 0.0830025 -0.261777 0 
0.110546 0.216577 0.0176092 0.935001 0.0563886 -0.350134 0 
0.110219 0.217113 0.0179912 0.975983 0.0849216 -0.200612 0 
0.110313 0.217017 0.0176566 0.933129 0.0482878 -0.356285 0 
0.110573 0.217255 0.0177803 0.96613 0.0664136 -0.249364 0 
0.109846 0.217896 0.0177512 0.132023 -0.424461 -0.895769 0 
0.110306 0.218224 0.0176062 0.156349 -0.414541 -0.896499 0 
0.109936 0.218164 0.0176098 0.243471 -0.401801 -0.882767 0 
0.109618 0.218281 0.0174871 0.219208 -0.43096 -0.875341 0 
0.110373 0.217645 0.0176123 0.988874 0.0875627 -0.120253 0 
0.110715 0.217701 0.0175125 -0.0805444 -0.405452 -0.910561 0 
0.11049 0.217917 0.0175669 0.116871 -0.432282 -0.894133 0 
0.110887 0.217981 0.0176594 0.97037 0.138989 -0.197644 0 
0.110645 0.212455 0.0202571 -0.0753392 -0.541589 -0.83726 0 
0.11059 0.213121 0.0201399 -0.0259485 -0.520335 -0.853568 0 
0.110669 0.213303 0.0201097 -0.526602 -0.463476 -0.712657 0 
0.111018 0.211672 0.0204971 -0.386187 -0.516545 -0.764226 0 
0.110163 0.213222 0.0196328 0.0393806 -0.465777 -0.884025 0 
0.110414 0.21301 0.0196745 -0.0259485 -0.520335 -0.853568 0 
0.110536 0.211569 0.0192861 -0.261202 -0.545865 -0.796119 0 
0.110799 0.212118 0.0192915 0.207396 -0.501081 -0.840181 0 
0.11095 0.211666 0.0189559 -0.309893 -0.519667 -0.796186 0 
0.111107 0.212028 0.0188955 -0.402153 -0.490073 -0.773371 0 
0.110468 0.213692 0.0199417 -0.317495 -0.384982 -0.866594 0 
0.110471 0.214002 0.0198234 -0.280159 -0.342417 -0.896806 0 
0.111071 0.214856 0.0205523 -0.225284 -0.270061 -0.936117 0 
0.11028 0.213494 0.0195875 0.574062 -0.3315 -0.748706 0 
0.110334 0.213981 0.0193429 -0.302576 -0.30848 -0.901825 0 
0.11031 0.214482 0.0196403 0.745937 -0.0706981 -0.662254 0 
0.110277 0.214337 0.0193439 -0.345382 -0.237541 -0.907902 0 
0.110195 0.214324 0.0190556 -0.345382 -0.237541 -0.907902 0 
0.111111 0.214475 0.018372 -0.201292 -0.253326 -0.946207 0 
0.110923 0.214951 0.0180928 -0.204306 -0.231366 -0.951172 0 
0.11071 0.215928 0.0181109 -0.147746 -0.259554 -0.95436 0 
0.11111 0.216497 0.0185968 -0.130076 -0.256209 -0.957829 0 
0.111134 0.21667 0.0183744 -0.152118 -0.275966 -0.949054 0 
0.110605 0.215068 0.0179701 -0.19266 -0.235772 -0.95252 0 
0.110746 0.216188 0.0177773 -0.189495 -0.257658 -0.947473 0 
0.109306 0.219409 0.0181514 0.525351 -0.263455 -0.809072 0 
0.109103 0.221909 0.0167479 -0.572833 -0.401148 -0.714803 0 
0.108758 0.222022 0.0165291 -0.473149 -0.417867 -0.775575 0 
0.109527 0.218687 0.0177035 0.511315 -0.27364 -0.814664 0 
0.109751 0.219145 0.017724 0.523538 -0.270364 -0.807967 0 
0.109127 0.218792 0.0172925 0.570623 -0.262518 -0.778122 0 
0.109469 0.218848 0.0171928 0.570623 -0.262518 -0.778122 0 
0.109426 0.218926 0.0168894 0.572944 -0.266742 -0.774973 0 
0.109763 0.219036 0.0171011 0.572944 -0.266742 -0.774973 0 
0.109705 0.219392 0.0171021 0.580392 -0.273591 -0.767003 0 
0.109623 0.21938 0.0168138 0.608182 -0.274714 -0.744746 0 
0.109738 0.219537 0.0173985 0.580392 -0.273591 -0.767003 0 
0.109799 0.219491 0.0172792 0.580392 -0.273591 -0.767003 0 
0.109399 0.219596 0.0168682 0.62005 -0.289997 -0.728999 0 
0.10945 0.219773 0.0167419 0.620875 -0.308018 -0.72086 0 
0.110526 0.218177 0.0172333 0.239676 -0.397475 -0.885759 0 
0.110805 0.218643 0.017446 0.435888 -0.30869 -0.845406 0 
0.109808 0.219073 0.0167746 0.569844 -0.273083 -0.775051 0 
0.109235 0.219571 0.0162916 0.627989 -0.300342 -0.717931 0 
0.109313 0.219753 0.0162614 0.636904 -0.319263 -0.701729 0 
0.108779 0.220342 0.0157634 0.708592 -0.322677 -0.627517 0 
0.10984 0.219501 0.0161224 0.611568 -0.317886 -0.724522 0 
0.109876 0.219761 0.0157888 0.618139 -0.332595 -0.712239 0 
0.110542 0.219166 0.0159371 0.595313 -0.29207 -0.74853 0 
0.110458 0.220778 0.017452 0.633524 -0.319192 -0.704815 0 
0.109458 0.221377 0.0164621 0.69901 -0.337284 -0.630575 0 
0.109394 0.221787 0.0167745 0.727163 -0.332001 -0.600841 0 
0.109594 0.222072 0.0170175 -0.509049 -0.414114 -0.754572 0 
0.108922 0.220982 0.0160073 0.719253 -0.321643 -0.61581 0 
0.109094 0.221067 0.0156425 0.710751 -0.351291 -0.609449 0 
0.108776 0.220511 0.0154449 0.722236 -0.321532 -0.612366 0 
0.108521 0.220892 0.0150846 0.811014 -0.294485 -0.505506 0 
0.108588 0.220987 0.0151656 0.784774 -0.310408 -0.536448 0 
0.108491 0.221252 0.0151818 0.488841 -0.401142 -0.774674 0 
0.108639 0.221164 0.0150393 0.744041 -0.32118 -0.585872 0 
0.109215 0.220301 0.015329 0.702401 -0.329301 -0.631026 0 
0.108957 0.220373 0.0150871 0.733795 -0.328831 -0.594487 0 
0.109493 0.221637 0.0161284 0.678276 -0.344858 -0.648857 0 
0.10956 0.221058 0.0161345 0.698891 -0.343744 -0.62721 0 
0.109036 0.221423 0.0156435 0.760593 -0.326428 -0.561198 0 
0.109075 0.221514 0.0156284 0.755286 -0.320473 -0.571699 0 
0.108784 0.22144 0.0150901 0.735565 -0.313862 -0.600362 0 
0.109994 0.220033 0.0157434 0.615656 -0.354369 -0.70384 0 
0.108675 0.222293 0.0152923 -0.208574 -0.349541 -0.91341 0 
0.109113 0.222758 0.0152514 0.0889664 -0.398296 -0.912932 0 
0.108612 0.225709 0.0157863 -0.20242 -0.641255 -0.740147 0 
0.108909 0.225534 0.0155014 -0.740852 -0.437251 -0.509852 0 
0.109002 0.225437 0.0151668 -0.53228 -0.482222 -0.695802 0 
0.109979 0.22205 0.0172212 0.747095 -0.306871 -0.589643 0 
0.110418 0.22184 0.0171053 0.755286 -0.320473 -0.571699 0 
0.110478 0.221794 0.016986 0.533982 -0.428178 -0.729059 0 
0.109604 0.222247 0.015446 0.766252 -0.270163 -0.582983 0 
0.109404 0.221962 0.0152031 0.738552 -0.299586 -0.603978 0 
0.10911 0.222252 0.014858 0.782877 -0.26621 -0.562348 0 
0.109347 0.222318 0.0152041 0.776848 -0.245403 -0.579901 0 
0.110067 0.222884 0.0151827 0.875981 -0.241082 -0.417776 0 
0.110603 0.22241 0.0150508 0.315275 -0.395247 -0.862776 0 
0.110221 0.222937 0.0152406 0.877764 -0.24075 -0.414209 0 
0.110393 0.223023 0.0148757 0.907609 -0.234551 -0.348184 0 
0.110072 0.223504 0.0149462 -0.359628 -0.362715 -0.859712 0 
0.110429 0.223282 0.0145421 -0.328334 -0.38691 -0.861683 0 
0.110489 0.22391 0.0144978 -0.296129 -0.45117 -0.841875 0 
0.108848 0.22103 0.0147776 0.752636 -0.31293 -0.579321 0 
0.108448 0.22133 0.0148783 0.286747 -0.42782 -0.857174 0 
0.108484 0.22159 0.0145447 0.184337 -0.404961 -0.895559 0 
0.108609 0.22414 0.0142945 -0.112932 -0.478891 -0.87058 0 
0.108451 0.224451 0.0144299 -0.209572 -0.441439 -0.872474 0 
0.108866 0.224068 0.0145364 0.113897 -0.50605 -0.854951 0 
0.109248 0.224215 0.0144216 0.522592 -0.407917 -0.748666 0 
0.10919 0.223701 0.0138359 0.443399 -0.407927 -0.798118 0 
0.108827 0.224652 0.0146264 -0.00668357 -0.4879 -0.872874 0 
0.109366 0.224487 0.0143762 0.0281231 -0.453987 -0.890564 0 
0.109444 0.224668 0.014346 -0.342319 -0.44959 -0.825037 0 
0.109562 0.22494 0.0143007 -0.441603 -0.448121 -0.777286 0 
0.110025 0.223165 0.0127891 -0.174978 -0.371295 -0.911879 0 
0.110047 0.224289 0.0142951 0.0337886 -0.468986 -0.882559 0 
0.110419 0.223984 0.0140982 -0.569259 -0.309484 -0.761685 0 
0.110038 0.224512 0.014288 -0.35429 -0.452792 -0.818204 0 
0.109952 0.224864 0.0141929 -0.525709 -0.456057 -0.718082 0 
0.10929 0.22568 0.0153866 -0.470142 -0.50669 -0.722656 0 
0.108882 0.226601 0.0139018 0.0545138 -0.535353 -0.842867 0 
0.108813 0.226197 0.0139391 0.00675092 -0.527922 -0.849266 0 
0.109743 0.225476 0.0140178 -0.542818 -0.469328 -0.696477 0 
0.109398 0.22559 0.013799 -0.323714 -0.511882 -0.79573 0 
0.109889 0.225079 0.0139937 -0.525709 -0.456057 -0.718082 0 
0.109124 0.225743 0.0133498 0.0628598 -0.512656 -0.85629 0 
0.109312 0.225941 0.0137039 -0.110725 -0.510486 -0.852727 0 
0.108567 0.226159 0.0130741 0.269891 -0.464213 -0.843603 0 
0.109788 0.225317 0.0131795 -0.334502 -0.520158 -0.785839 0 
0.109878 0.225585 0.0130381 -0.234042 -0.500206 -0.833677 0 
0.109106 0.226385 0.0138474 0.0512757 -0.511371 -0.857829 0 
0.109941 0.225849 0.0128006 0.0369628 -0.50242 -0.863833 0 
0.109796 0.226247 0.0128247 0.0741728 -0.494019 -0.866282 0 
0.11015 0.226389 0.0126138 0.143232 -0.467312 -0.872413 0 
0.108079 0.226306 0.0126863 0.247819 -0.500256 -0.829656 0 
0.108288 0.226367 0.0129363 0.168095 -0.510234 -0.843448 0 
0.108251 0.226586 0.0128332 0.164622 -0.50573 -0.846839 0 
0.107906 0.2267 0.0126144 0.285214 -0.524731 -0.802066 0 
0.108433 0.226448 0.0124754 0.310217 -0.480285 -0.820422 0 
0.108397 0.226863 0.012884 0.306266 -0.439966 -0.844175 0 
0.110032 0.226117 0.0126591 0.0231094 -0.504328 -0.863203 0 
0.109886 0.226515 0.0126833 0.057043 -0.505039 -0.86121 0 
0.110031 0.226791 0.012734 0.0430874 -0.535117 -0.843678 0 
0.110019 0.227379 0.0129202 0.0782943 -0.54806 -0.832767 0 
0.110094 0.227729 0.0125715 0.286367 -0.424191 -0.859102 0 
0.109831 0.227855 0.012641 0.215214 -0.385042 -0.897455 0 
0.110382 0.227102 0.0122046 0.222663 -0.483194 -0.846726 0 
0.110188 0.225213 0.0135905 -0.542818 -0.469328 -0.696477 0 
0.110224 0.225472 0.0132569 -0.573342 -0.466363 -0.673635 0 
0.110181 0.22555 0.0129535 -0.234042 -0.500206 -0.833677 0 
0.107354 0.226866 0.0115156 0.222242 -0.610777 -0.759974 0 
0.107205 0.227433 0.0112213 0.449306 -0.187088 -0.873569 0 
0.110251 0.228766 0.012586 -0.155693 -0.404232 -0.901308 0 
0.110209 0.22904 0.0127943 -0.209512 -0.399977 -0.892257 0 
0.108485 0.229436 0.0120188 0.300363 -0.360738 -0.882978 0 
0.109902 0.228374 0.0119737 -0.0925468 -0.41577 -0.904749 0 
0.10973 0.228963 0.0124135 -0.19173 -0.417122 -0.888397 0 
0.109766 0.229223 0.0120799 -0.306674 -0.417632 -0.855298 0 
0.109119 0.229964 0.010879 0.0716617 -0.396168 -0.915377 0 
0.109476 0.229742 0.0104748 0.257435 -0.541393 -0.800388 0 
