0.117533 0.203141 0.00402792 -0.331064 -0.744491 0.579766 2 
0.117688 0.203271 0.00412422 -0.368094 -0.73128 0.574227 2 
0.11787 0.203266 0.00425348 -0.368094 -0.73128 0.574227 2 
0.116384 0.203052 0.00433075 -0.314019 -0.745593 0.587778 2 
0.116527 0.202901 0.00420085 -0.302902 -0.754851 0.581764 2 
0.117094 0.202994 0.0041007 -0.331064 -0.744491 0.579766 2 
0.117347 0.203523 0.00422741 -0.350101 -0.769576 0.534024 2 
0.116978 0.203329 0.00435426 -0.336097 -0.770289 0.541936 2 
0.117273 0.203366 0.00455871 -0.350101 -0.769576 0.534024 2 
0.116794 0.203072 0.00437234 -0.238499 -0.777849 0.581438 2 
0.116721 0.203176 0.00455631 -0.336097 -0.770289 0.541936 2 
0.117016 0.203213 0.00476076 -0.378973 -0.759573 0.52861 2 
0.1171 0.20339 0.00480299 -0.378973 -0.759573 0.52861 2 
0.116409 0.203294 0.00469245 -0.709585 -0.591047 0.383604 2 
0.116748 0.203361 0.00467997 -0.628627 -0.684432 0.369298 2 
0.11652 0.203654 0.00485835 -0.55682 -0.687246 0.466525 2 
0.117316 0.204034 0.0045232 -0.600808 -0.699571 0.386821 2 
0.11549 0.206312 0.00718519 0.645071 0.261515 0.717978 2 
0.115627 0.206277 0.00753137 0.645071 0.261515 0.717978 2 
0.116469 0.206299 0.0081236 0.645071 0.261515 0.717978 2 
0.116876 0.206378 0.00840323 0.612798 0.0946125 0.784556 2 
0.116481 0.20658 0.00834981 0.642121 0.233927 0.73004 2 
0.116498 0.206745 0.00809993 0.645071 0.261515 0.717978 2 
0.116592 0.20694 0.00851569 0.642121 0.233927 0.73004 2 
0.116363 0.206653 0.00875071 0.636895 0.198933 0.744843 2 
0.116293 0.2067 0.00869663 0.636895 0.198933 0.744843 2 
0.117296 0.206418 0.00881837 0.455323 -0.262156 0.850856 2 
0.116873 0.206754 0.00873198 0.601665 0.0523802 0.797029 2 
0.1167 0.206778 0.00897627 0.625169 0.123252 0.770696 2 
0.116135 0.206047 0.00889499 0.613808 0.070437 0.786307 2 
0.116247 0.206988 0.00900426 0.553711 -0.0123047 0.832618 2 
0.116459 0.20711 0.00901914 0.568187 0.00958387 0.822844 2 
0.116809 0.206297 0.00934613 0.63242 0.165309 0.756781 2 
0.116579 0.206329 0.00967184 0.558076 -0.0548236 0.827977 2 
0.116528 0.206802 0.00922055 0.58962 0.0582516 0.805577 2 
0.117219 0.206318 0.00938772 0.522563 -0.13613 0.841663 2 
0.108957 0.212741 0.0147114 0.834985 0.191069 0.516036 2 
0.109337 0.213535 0.0149015 0.0468866 0.768656 -0.637942 2 
0.109943 0.212874 0.0150264 0.84591 0.515728 0.135872 2 
0.109841 0.212852 0.0153247 0.734363 0.677982 -0.0324191 2 
0.110084 0.212462 0.0150438 0.596057 0.740653 -0.310078 2 
0.110109 0.212704 0.0154055 0.769832 0.636072 0.0526502 2 
0.110105 0.213081 0.0157343 0.724401 0.687105 0.0559438 2 
0.108784 0.212765 0.0149557 0.793183 0.13195 0.594517 2 
0.108542 0.212836 0.0151459 0.608933 0.792868 -0.0236885 2 
0.108413 0.213209 0.015264 0.602681 -0.0264456 0.797544 2 
0.108584 0.212924 0.015167 0.601894 0.798374 -0.0179876 2 
0.109011 0.21311 0.0149587 -0.0352567 0.751672 -0.658594 2 
0.108768 0.213181 0.0151489 0.655917 -0.120475 0.745157 2 
0.109094 0.213605 0.0150917 -0.0237834 0.770863 -0.636557 2 
0.10847 0.21352 0.0152732 0.693054 0.280103 0.664243 2 
0.108753 0.213857 0.0151949 0.10859 0.838315 -0.534263 2 
0.109922 0.213405 0.0156957 0.664095 0.738378 0.117368 2 
0.108367 0.213498 0.0155716 0.581753 0.00136242 0.813364 2 
0.108676 0.213758 0.0157642 0.544364 0.838015 0.037399 2 
0.110258 0.212949 0.0159779 0.732598 0.678119 0.0587799 2 
0.109138 0.213955 0.0149655 0.00967365 0.78633 -0.617732 2 
0.109302 0.214104 0.0154353 0.753401 0.362869 0.548372 2 
0.10892 0.214267 0.0155174 0.687211 0.359187 0.631447 2 
0.109754 0.213632 0.0155546 0.623822 0.781506 0.00968238 2 
0.109555 0.214052 0.0156186 0.660491 -0.073709 0.747207 2 
0.109791 0.213517 0.0159611 0.652178 0.745133 0.139431 2 
0.109665 0.213833 0.0158412 0.604149 0.795674 0.0436565 2 
0.109366 0.213592 0.0160221 0.650785 0.744401 0.149484 2 
0.109619 0.213541 0.0162054 0.656815 0.740983 0.13978 2 
0.109382 0.214077 0.0158629 0.548847 0.835081 -0.0375161 2 
0.109531 0.213741 0.0164919 0.626866 0.762813 0.158605 2 
0.10921 0.214101 0.0161072 0.549982 0.832749 0.0636226 2 
0.110017 0.213281 0.0160208 0.664095 0.738378 0.117368 2 
0.109542 0.213442 0.0167748 0.64821 0.734844 0.199568 2 
0.0975397 0.22386 0.0252049 0.588469 0.691244 0.419388 2 
0.0975353 0.223656 0.0255903 0.687372 0.708615 0.159325 2 
0.0971947 0.223908 0.0256934 0.783175 0.621235 0.0265246 2 
0.0976745 0.223882 0.0257891 0.731655 0.63368 0.251259 2 
0.0968704 0.223745 0.0256034 0.708077 0.705251 0.0353332 2 
0.0972639 0.224181 0.0258382 0.935162 0.326283 0.137885 2 
0.097024 0.224194 0.0257904 0.923783 0.382655 0.0141724 2 
0.0973475 0.223777 0.0259371 0.800267 0.598448 0.037841 2 
0.0959657 0.223846 0.0255687 0.499538 0.863348 -0.0713626 2 
0.0959773 0.224126 0.0257949 0.50288 0.862278 -0.0598998 2 
0.097104 0.224166 0.026218 0.937605 0.347308 -0.0165385 2 
0.096144 0.226016 0.0260948 0.988681 0.118174 0.0924329 2 
0.0966725 0.224745 0.0256107 0.984572 -0.160334 0.0700721 2 
0.0976779 0.224405 0.0254944 0.809765 0.44561 0.381723 2 
0.0973105 0.224473 0.025474 0.963329 0.0772182 0.256972 2 
0.0974606 0.224399 0.0259556 0.968463 0.158616 0.192145 2 
0.0970581 0.224455 0.0265256 0.98246 0.184865 -0.0244162 2 
0.09751 0.224564 0.0265883 0.998609 -0.024 0.0469565 2 
0.0973383 0.225168 0.026776 0.99649 0.0746556 0.0378688 2 
0.0974748 0.225452 0.0272129 0.992852 0.0939644 -0.0735865 2 
0.0954985 0.224663 0.0268776 0.923319 0.220515 -0.314412 2 
0.0960762 0.224457 0.0270603 0.777756 0.512575 -0.363815 2 
0.0951428 0.224112 0.0270492 0.400771 0.815912 -0.416738 2 
0.0951829 0.225738 0.0272858 0.858729 0.125986 -0.496702 2 
0.0954245 0.225986 0.0271863 0.84121 0.114381 -0.528471 2 
0.0965172 0.224865 0.0268401 0.848599 0.321133 -0.420421 2 
0.09605 0.224853 0.02688 0.862132 0.321186 -0.391878 2 
0.0959477 0.22483 0.0271783 0.830067 0.351243 -0.433147 2 
0.096093 0.225521 0.0268445 0.946268 0.124474 -0.298469 2 
0.0958783 0.225457 0.0270676 0.901358 0.176821 -0.395332 2 
0.0965136 0.225242 0.0271689 0.921535 0.18544 -0.341152 2 
0.0965187 0.226026 0.0267269 0.977631 0.135748 -0.160655 2 
0.0963302 0.225566 0.0271304 0.930319 0.127422 -0.343903 2 
0.0964568 0.22583 0.0271937 0.924019 0.12256 -0.362171 2 
0.0959045 0.225061 0.0272479 0.860542 0.26654 -0.434079 2 
0.0956476 0.224909 0.02745 0.847639 0.29181 -0.443119 2 
0.0960179 0.224715 0.0284674 0.788461 0.345253 -0.509047 2 
0.0976153 0.223629 0.0260179 0.754393 0.654944 0.0440418 2 
0.0981373 0.223692 0.0261347 0.765404 0.607685 0.211839 2 
0.0975003 0.223645 0.0261807 0.755605 0.653916 -0.0381333 2 
0.0979648 0.223716 0.0263789 0.822468 0.568771 -0.0068198 2 
0.0974671 0.223895 0.0266238 0.859991 0.498192 -0.11055 2 
0.0976926 0.22366 0.0266835 0.779829 0.595979 -0.19151 2 
0.0987689 0.223853 0.0265647 0.843977 0.465802 0.265953 2 
0.0991616 0.223709 0.0268561 0.851335 0.501391 0.154387 2 
0.0983592 0.223833 0.0265231 0.900904 0.40405 0.158479 2 
0.0982847 0.223675 0.0268544 0.824419 0.540137 -0.169073 2 
0.0986522 0.223608 0.0268748 0.747379 0.644292 -0.16221 2 
0.0975389 0.22411 0.0265306 0.936007 0.351796 -0.0114302 2 
0.097689 0.224036 0.0270123 0.93585 0.325572 -0.13486 2 
0.0974787 0.224176 0.0268501 0.948002 0.2965 -0.115675 2 
0.0981545 0.223788 0.0271198 0.752023 0.606978 -0.256981 2 
0.0983647 0.223648 0.027282 0.770686 0.589348 -0.242305 2 
0.0983764 0.223929 0.0275082 0.791716 0.553417 -0.258679 2 
0.0981661 0.224068 0.027346 0.939614 0.309568 -0.14592 2 
0.0984411 0.223998 0.0280384 0.792474 0.483843 -0.371322 2 
0.0977885 0.225016 0.026986 0.99474 0.0918392 0.0453663 2 
0.0975595 0.224729 0.027221 0.795423 0.398518 -0.456602 2 
0.0975585 0.225048 0.0273118 0.96059 0.175734 -0.215373 2 
0.0979691 0.22475 0.0272626 0.868371 0.381348 -0.317024 2 
0.0981472 0.224541 0.0277773 0.828985 0.41844 -0.371069 2 
0.0987133 0.224054 0.0277337 0.908012 0.377262 -0.182176 2 
0.0983305 0.224217 0.0278158 0.787186 0.483303 -0.383087 2 
0.0990072 0.22351 0.0279948 0.739981 0.601937 -0.300166 2 
0.0989236 0.223914 0.027896 0.806913 0.499367 -0.315473 2 
0.0986936 0.223946 0.0282217 0.81478 0.468538 -0.341477 2 
0.0989192 0.223711 0.0282813 0.806928 0.517504 -0.284706 2 
0.0989454 0.223315 0.0284616 0.615656 0.70384 -0.354369 2 
0.0980962 0.224046 0.0285269 0.80285 0.426363 -0.41671 2 
0.0976538 0.224924 0.0276368 0.893385 0.26311 -0.364192 2 
0.0979791 0.224769 0.0276362 0.869918 0.359281 -0.337877 2 
0.0978066 0.224793 0.0278805 0.836559 0.337449 -0.431621 2 
0.0975701 0.225328 0.027538 0.957798 0.143604 -0.249001 2 
0.0974391 0.22486 0.02786 0.857884 0.293123 -0.422036 2 
0.0974246 0.225537 0.0279059 0.882685 0.142554 -0.447822 2 
0.0974355 0.225237 0.0281887 0.87898 0.164718 -0.447507 2 
0.0977185 0.224993 0.028167 0.857097 0.244235 -0.453579 2 
0.0980744 0.224645 0.0279612 0.82663 0.335376 -0.451891 2 
0.0982846 0.224506 0.0281235 0.833656 0.357731 -0.420768 2 
0.0978444 0.224677 0.0282869 0.881576 0.255941 -0.396634 2 
0.0981122 0.22453 0.0283677 0.828093 0.339124 -0.446382 2 
0.0978131 0.224289 0.0285487 0.800384 0.380142 -0.463549 2 
0.0974565 0.224057 0.028811 0.778794 0.408094 -0.476381 2 
0.0973728 0.224461 0.0287122 0.793706 0.371899 -0.481375 2 
0.0975883 0.225105 0.0284324 0.845187 0.220022 -0.487083 2 
0.0974158 0.22513 0.0286766 0.83186 0.241408 -0.499731 2 
0.0972011 0.225065 0.0288998 0.846963 0.239591 -0.474605 2 
0.0977294 0.224693 0.0284498 0.859102 0.286367 -0.424191 2 
0.09815 0.224414 0.0287742 0.813427 0.351795 -0.463224 2 
0.0972848 0.224661 0.0289987 0.787871 0.375407 -0.48819 2 
0.0985786 0.223962 0.0283845 0.827945 0.436839 -0.351679 2 
0.0986623 0.223558 0.0284834 0.778549 0.552467 -0.297727 2 
0.0986164 0.223847 0.028791 0.784241 0.510482 -0.352667 2 
0.0988726 0.223419 0.0286456 0.730495 0.618603 -0.289321 2 
0.0988682 0.223215 0.029031 0.775767 0.601334 -0.191264 2 
0.098727 0.223627 0.0290136 0.8086 0.520819 -0.273704 2 
0.0983683 0.224102 0.0282223 0.835365 0.398018 -0.379139 2 
0.0984753 0.224259 0.0287736 0.828292 0.38168 -0.410187 2 
0.0985706 0.224135 0.0290986 0.811603 0.471714 -0.344653 2 
0.0977934 0.224182 0.0290366 0.780381 0.413715 -0.468877 2 
0.0982715 0.223895 0.0292796 0.781806 0.532395 -0.324553 2 
0.0985276 0.223467 0.0291342 0.785947 0.560046 -0.261982 2 
0.0981288 0.223146 0.0293754 0.728147 0.64672 -0.227057 2 
0.0980037 0.224042 0.0291988 0.76787 0.514619 -0.3815 2 
0.0984304 0.224228 0.0289905 0.839277 0.393754 -0.374929 2 
0.0976751 0.226123 0.0282706 0.864915 0.0951548 -0.492817 2 
0.0984972 0.226107 0.0281158 0.885987 0.108805 -0.450765 2 
0.097589 0.225686 0.0283757 0.861625 0.128882 -0.490909 2 
0.0972179 0.22613 0.028684 0.755196 0.00969977 -0.655427 2 
0.0972863 0.225822 0.0288854 0.759618 0.0498811 -0.648454 2 
0.0977133 0.22504 0.0298781 0.802541 0.176831 -0.569789 2 
0.100079 0.223362 0.0307313 0.575097 0.817824 -0.0206869 2 
0.099977 0.22334 0.0310297 0.586172 0.806883 -0.0730924 2 
0.0989647 0.225247 0.0217761 -0.297952 0.274697 0.914203 2 
0.099077 0.225288 0.0218513 -0.260913 0.27517 0.925314 2 
0.0991335 0.2256 0.0218606 -0.263893 0.483032 0.834889 2 
0.0989764 0.225527 0.0220023 -0.259587 0.571092 0.778761 2 
0.0989611 0.225624 0.0221049 -0.259587 0.571092 0.778761 2 
0.0993555 0.225741 0.022249 -0.0537889 0.489617 0.870277 2 
0.0990549 0.224339 0.0225432 0.491636 0.251212 0.833778 2 
0.0996502 0.225777 0.0224535 -0.0295777 0.353646 0.934912 2 
0.100149 0.226758 0.0220953 -0.407296 -0.515254 0.754071 2 
0.100304 0.226888 0.0221916 -0.407296 -0.515254 0.754071 2 
0.100316 0.227169 0.0224178 -0.188124 -0.943365 0.27326 2 
0.100619 0.226644 0.0230524 -0.38942 -0.342876 0.854862 2 
0.100494 0.22696 0.0229324 -0.407296 -0.515254 0.754071 2 
0.100646 0.226829 0.0231761 -0.407296 -0.515254 0.754071 2 
0.098369 0.225608 0.021934 -0.31065 0.540053 0.782201 2 
0.0982108 0.225855 0.0221665 -0.305998 0.524795 0.794327 2 
0.098465 0.226065 0.0222025 -0.26583 0.555255 0.788052 2 
0.0980095 0.226332 0.0224685 -0.270158 0.570333 0.775716 2 
0.0982341 0.226416 0.0226189 -0.241354 0.686203 0.686203 2 
0.0988461 0.22564 0.0222677 -0.278961 0.610527 0.74124 2 
0.0987895 0.225329 0.0222585 -0.280096 0.568104 0.773824 2 
0.0986178 0.225933 0.0224461 -0.268808 0.660089 0.701445 2 
0.099068 0.225781 0.0226562 -0.226819 0.711742 0.664814 2 
0.0982908 0.225827 0.0225941 -0.251859 0.679544 0.689048 2 
0.0984453 0.225957 0.0226904 -0.247817 0.686627 0.68347 2 
0.0988271 0.226112 0.022699 -0.213626 0.693895 0.687658 2 
0.0976613 0.224958 0.0232177 -0.267223 0.811045 0.520382 2 
0.0978748 0.226241 0.0231193 -0.199566 0.80893 0.552997 2 
0.0979017 0.226425 0.023243 -0.192902 0.809583 0.554405 2 
0.0980492 0.225579 0.0226936 -0.22932 0.765959 0.600599 2 
0.0981875 0.226124 0.0229832 -0.222705 0.745984 0.627623 2 
0.0979721 0.225479 0.0232629 -0.225928 0.819179 0.527164 2 
0.0987721 0.226962 0.0225765 -0.276207 0.550836 0.787585 2 
0.0985996 0.226986 0.0228208 -0.264938 0.721838 0.639342 2 
0.0990112 0.226369 0.022681 -0.244929 0.569421 0.784709 2 
0.0984866 0.226364 0.0228022 -0.210195 0.692865 0.689751 2 
0.0986707 0.226621 0.0227842 -0.265219 0.6559 0.706721 2 
0.099843 0.227271 0.0229337 -0.188124 -0.943365 0.27326 2 
0.0990345 0.22693 0.0231334 -0.112009 0.554227 0.824795 2 
0.0989365 0.227111 0.0230463 -0.29579 0.756264 0.583586 2 
0.0995861 0.227119 0.0231358 -0.275415 0.632022 0.724358 2 
0.0979753 0.226901 0.0230024 -0.20849 0.764462 0.610025 2 
0.0982879 0.226784 0.0228662 -0.227324 0.710193 0.666296 2 
0.0980283 0.22669 0.0233063 -0.165895 0.823498 0.542522 2 
0.0981281 0.22677 0.023246 -0.179093 0.820215 0.543298 2 
0.0985557 0.226637 0.022947 -0.226186 0.744076 0.628642 2 
0.0983257 0.226669 0.0232727 -0.181874 0.756535 0.628153 2 
0.0985225 0.226887 0.0233901 -0.249974 0.765645 0.592707 2 
0.0991029 0.226622 0.0233348 -0.636378 0.636378 0.435944 2 
0.0987327 0.226747 0.0235523 -0.373779 0.846086 0.380035 2 
0.0982377 0.226869 0.0235592 -0.139699 0.907335 0.396518 2 
0.0984785 0.226537 0.0235164 -0.256245 0.88262 0.394107 2 
0.0984531 0.227514 0.0232794 -0.215541 0.851612 0.477807 2 
0.099581 0.226335 0.0235778 -0.636378 0.636378 0.435944 2 
0.100431 0.225285 0.0234218 0.322014 0.208529 0.923484 2 
0.100347 0.225689 0.0233229 -0.0333483 0.428192 0.903072 2 
0.1004 0.225796 0.0237176 -0.650779 0.446679 0.613974 2 
0.0999188 0.226141 0.0237126 -0.636378 0.636378 0.435944 2 
0.100003 0.225737 0.0238115 0.29036 0.560092 0.775879 2 
0.0998287 0.227049 0.0229456 -0.291119 0.299896 0.908467 2 
0.100332 0.226684 0.0234595 -0.243577 0.202754 0.948452 2 
0.099614 0.226984 0.0231687 -0.276875 0.394888 0.876016 2 
0.099793 0.226457 0.0235927 -0.27955 0.675713 0.682103 2 
0.0998801 0.226576 0.0233968 -0.0537889 0.489617 0.870277 2 
0.100373 0.226192 0.0235373 -0.104985 0.516298 0.84995 2 
0.098943 0.226608 0.0237146 -0.136217 0.761919 0.633186 2 
0.0994085 0.226359 0.0238221 -0.216096 0.754005 0.620305 2 
0.0989682 0.226531 0.0239855 0.861549 -0.246806 0.443645 2 
0.0995038 0.226236 0.0241471 0.632043 0.457686 0.625337 2 
0.0990645 0.226088 0.0242199 0.873871 0.0796971 0.479581 2 
0.0997464 0.226165 0.0239569 -0.530123 0.647929 0.546953 2 
0.100097 0.225933 0.0242273 0.275751 0.648732 0.709301 2 
0.0999244 0.225957 0.0244716 0.600086 0.492508 0.630343 2 
0.0992574 0.226752 0.0234311 -0.227291 0.663062 0.713223 2 
0.0998604 0.226468 0.0238848 -0.27955 0.675713 0.682103 2 
0.0993626 0.226648 0.0241297 0.865163 -0.279233 0.41656 2 
0.0975874 0.226281 0.0235264 -0.197832 0.864213 0.462599 2 
0.0973771 0.22642 0.0233642 -0.198532 0.828983 0.52285 2 
0.0977537 0.225792 0.0238149 -0.175766 0.861105 0.477079 2 
0.0976252 0.226166 0.0239329 -0.258877 0.915471 0.30805 2 
0.0975415 0.22657 0.0238341 -0.237831 0.944449 0.226833 2 
0.0980645 0.226313 0.0238601 -0.200809 0.918596 0.340379 2 
0.098219 0.226443 0.0239564 -0.292462 0.912306 0.286642 2 
0.0981023 0.226197 0.0242666 0.130046 0.910324 0.392936 2 
0.098822 0.226159 0.0244101 0.904858 0.0414337 0.423693 2 
0.0995256 0.225636 0.0247128 0.871762 0.210117 0.442587 2 
0.0987247 0.22692 0.0242665 0.853597 -0.32068 0.410532 2 
0.0995337 0.227911 0.0227752 -0.0148646 -0.999889 -0.00099097 2 
0.0995024 0.227523 0.0230369 -0.0509083 -0.992146 0.114261 2 
0.100538 0.225442 0.0239731 0.41678 0.455701 0.786531 2 
0.100353 0.225505 0.0240818 0.464575 0.52785 0.711016 2 
0.100492 0.225731 0.0242807 0.0267521 0.699779 0.713859 2 
0.100307 0.225793 0.0243895 0.275751 0.648732 0.709301 2 
0.10032 0.225755 0.024525 0.275751 0.648732 0.709301 2 
0.0998356 0.225577 0.0248147 0.822243 0.306572 0.479511 2 
0.100092 0.225729 0.0246127 0.6047 0.510374 0.611438 2 
0.10931 0.212313 0.0172137 0.700023 0.678098 0.223945 1 
0.108965 0.212361 0.0177023 0.668929 0.694352 0.265347 1 
0.109942 0.210607 0.0188106 0.514379 0.639179 0.57172 1 
0.110534 0.210043 0.0190381 0.705677 0.617671 0.347134 1 
0.110183 0.210275 0.0187677 0.705677 0.617671 0.347134 1 
0.110361 0.210067 0.0192823 0.705677 0.617671 0.347134 1 
0.110335 0.210463 0.0191021 0.705677 0.617671 0.347134 1 
0.110189 0.210091 0.0195266 0.705677 0.617671 0.347134 1 
0.11033 0.209679 0.0195441 0.66696 0.62724 0.402162 1 
0.110158 0.209703 0.0197884 0.699571 0.600808 0.386821 1 
0.110368 0.209563 0.0199506 0.699571 0.600808 0.386821 1 
0.109653 0.211354 0.0181641 0.544465 0.731984 0.409582 1 
0.109355 0.211694 0.0182884 0.552935 0.733419 0.395423 1 
0.109722 0.211627 0.0183089 0.466423 0.725362 0.50626 1 
0.109238 0.211449 0.0185986 0.433709 0.689613 0.57994 1 
0.109775 0.211415 0.0186129 0.592079 0.625816 0.507737 1 
0.110289 0.210751 0.0194097 0.705677 0.617671 0.347134 1 
0.0977448 0.227045 0.0271238 0.974788 0.18191 0.129219 1 
0.0978598 0.227029 0.0269609 0.954099 0.18921 0.232151 1 
0.096204 0.230129 0.025855 0.536366 0.178789 -0.824831 1 
0.0965816 0.229181 0.026215 0.515126 -0.0259613 -0.856721 1 
0.0970597 0.228894 0.026458 0.676912 0.0529509 -0.734157 1 
0.0975775 0.227853 0.0269261 0.97126 0.203876 0.122832 1 
0.0977878 0.227714 0.0270883 0.978537 0.180483 0.0994499 1 
0.0978147 0.227898 0.0272119 0.728957 0.00694244 -0.684525 1 
0.0980106 0.227536 0.027386 0.886482 0.0589161 -0.458998 1 
0.0980679 0.228427 0.0273386 0.723583 0.0125477 -0.690123 1 
0.0982826 0.228491 0.0271155 0.787556 0.0674228 -0.612544 1 
0.0984092 0.228756 0.0271788 0.81891 0.124968 -0.560152 1 
0.0981101 0.228515 0.0273598 0.766074 0.0587085 -0.640066 1 
0.0981109 0.229096 0.0273031 0.631551 -0.00967365 -0.775274 1 
0.0944362 0.228939 0.0258293 0.546028 0.0460842 -0.836498 1 
0.0946464 0.2288 0.0259915 0.502893 -0.0148306 -0.864221 1 
0.0977717 0.22723 0.0272474 0.982952 0.170792 0.0680781 1 
0.0972165 0.227417 0.0275738 0.643187 -0.0381672 -0.764757 1 
0.097771 0.226649 0.0273041 0.981749 0.189379 0.0174275 1 
0.0979364 0.226479 0.0276832 0.974827 0.155115 -0.160159 1 
0.0975148 0.227077 0.0274495 0.928439 0.110108 -0.354792 1 
0.0976759 0.226704 0.028214 0.807811 0.052345 -0.587113 1 
0.0975527 0.226962 0.027856 0.808907 0.0494097 -0.585857 1 
0.0978204 0.226814 0.0279368 0.831648 0.0753459 -0.550167 1 
0.0970964 0.226649 0.0281786 0.768294 0.0265894 -0.639545 1 
0.0975034 0.226728 0.0284583 0.711065 -0.0267529 -0.702617 1 
0.0948061 0.229714 0.0256458 0.58327 0.187317 -0.790385 1 
0.0954108 0.229691 0.0259521 0.53393 0.181987 -0.825711 1 
0.0958313 0.229412 0.0262766 0.504752 0.0398851 -0.862342 1 
0.0955323 0.229172 0.0264575 0.462481 -0.0420438 -0.885632 1 
0.0952427 0.229919 0.025811 0.553575 0.213149 -0.80506 1 
0.096046 0.229476 0.0260534 0.530714 0.102116 -0.841377 1 
0.0958358 0.229616 0.0258912 0.536944 0.15915 -0.82847 1 
0.0963713 0.229321 0.0260528 0.548786 0.0606627 -0.833759 1 
0.0961988 0.229345 0.026297 0.509283 0.012158 -0.860513 1 
0.0960264 0.229369 0.0265413 0.516071 0.00134045 -0.856545 1 
0.0962374 0.229809 0.0266469 0.555643 0.121684 -0.822468 1 
0.0958005 0.230504 0.0265157 0.53393 0.181987 -0.825711 1 
0.0961789 0.230136 0.0268191 0.555657 0.140766 -0.819409 1 
0.0961653 0.230494 0.0267743 0.536366 0.178789 -0.824831 1 
0.0964743 0.230754 0.0269669 0.53393 0.181987 -0.825711 1 
0.0965714 0.230891 0.0271446 0.53393 0.181987 -0.825711 1 
0.0970688 0.228333 0.0268881 0.681659 0.00694153 -0.731638 1 
0.0973482 0.228466 0.0271951 0.522988 -0.0869271 -0.847896 1 
0.0964666 0.229197 0.0263778 0.515126 -0.0259613 -0.856721 1 
0.0967613 0.229234 0.0265823 0.525041 -0.0372076 -0.850263 1 
0.0968763 0.229218 0.0264194 0.560008 -0.00135595 -0.828486 1 
0.0970138 0.229182 0.0267656 0.560018 -0.0123231 -0.828389 1 
0.0968304 0.229506 0.0267271 0.5486 0.017785 -0.835896 1 
0.0963785 0.229397 0.0266643 0.563056 0.029052 -0.825908 1 
0.096321 0.229405 0.0267458 0.521995 -0.0149141 -0.852818 1 
0.0964899 0.229758 0.0268302 0.551279 0.0432649 -0.833199 1 
0.096631 0.229346 0.0268477 0.560008 -0.00135595 -0.828486 1 
0.0969257 0.229383 0.0270521 0.554928 -0.0178125 -0.831707 1 
0.0972241 0.229043 0.0269278 0.534871 -0.0780316 -0.841323 1 
0.0971622 0.228847 0.0273946 0.54079 -0.0903708 -0.836289 1 
0.0972609 0.229247 0.027425 0.541244 -0.0692453 -0.83801 1 
0.0961027 0.229718 0.0272977 0.552998 0.0205831 -0.832928 1 
0.0974894 0.228054 0.0272126 0.614082 -0.037941 -0.78833 1 
0.0974894 0.228054 0.0272126 0.614082 -0.037941 -0.78833 1 
0.097616 0.228318 0.0272759 0.545103 -0.0844123 -0.834108 1 
0.0977698 0.227868 0.0274289 0.570633 -0.0697282 -0.818239 1 
0.097317 0.228078 0.0274568 0.530657 -0.0929723 -0.842472 1 
0.0980484 0.22742 0.0277925 0.587404 -0.0761184 -0.805706 1 
0.0977427 0.228583 0.0273393 0.573879 -0.0697769 -0.815962 1 
0.0973456 0.228523 0.0274332 0.527322 -0.0928887 -0.844573 1 
0.0979856 0.227544 0.02835 0.604731 -0.106889 -0.789225 1 
0.0964593 0.22995 0.0270353 0.54869 0.0634731 -0.833613 1 
0.0969248 0.229702 0.0271428 0.555013 -0.001357 -0.831841 1 
0.0969949 0.229655 0.0271969 0.555013 -0.001357 -0.831841 1 
0.0967962 0.230075 0.0272609 0.54869 0.0634731 -0.833613 1 
0.0968527 0.230386 0.0272702 0.555643 0.121684 -0.822468 1 
0.0972726 0.229527 0.0276512 0.538173 -0.0780989 -0.839208 1 
0.0972597 0.230465 0.0275498 0.586046 0.141665 -0.797798 1 
0.0972733 0.230107 0.0275946 0.552998 0.0205831 -0.832928 1 
0.0967494 0.230683 0.0276592 0.554478 0.147167 -0.819082 1 
0.0977137 0.226588 0.0286205 0.692363 -0.0353969 -0.720681 1 
0.0976698 0.226239 0.0287467 0.716707 0.00138094 -0.697373 1 
0.0943078 0.222713 0.0208254 -0.8593 0.264048 0.438044 1 
0.0932689 0.225889 0.0176914 -0.90169 0.377282 0.21122 1 
0.0936102 0.226218 0.0175316 -0.856294 0.476715 0.198756 1 
0.0935214 0.225838 0.0178747 -0.890231 0.381952 0.248195 1 
0.0942186 0.225819 0.0175092 -0.890231 0.381952 0.248195 1 
0.0940883 0.225931 0.0177746 -0.890231 0.381952 0.248195 1 
0.0935728 0.225365 0.018326 -0.92363 0.284965 0.256325 1 
0.0939537 0.22584 0.0184253 -0.92933 0.256807 0.26532 1 
0.0936545 0.225599 0.0186063 -0.92865 0.259455 0.265126 1 
0.0940182 0.225977 0.0177205 -0.890231 0.381952 0.248195 1 
0.093648 0.226103 0.0179381 -0.899246 0.368207 0.23618 1 
0.0941404 0.226038 0.0181692 -0.923951 0.301319 0.235629 1 
0.0941251 0.226134 0.0182718 -0.923951 0.301319 0.235629 1 
0.0943929 0.225987 0.0183525 -0.904628 0.32802 0.272124 1 
0.0942204 0.226011 0.0185968 -0.928389 0.245208 0.279225 1 
0.0942447 0.226253 0.0189585 -0.927517 0.234365 0.291181 1 
0.0944307 0.225871 0.018759 -0.920338 0.272213 0.280854 1 
0.0943426 0.226072 0.0190456 -0.922584 0.262571 0.282658 1 
0.0936368 0.224854 0.0189128 -0.925344 0.263773 0.272328 1 
0.0934974 0.225527 0.018748 -0.925344 0.272328 0.263773 1 
0.0938791 0.225682 0.0187566 -0.921946 0.276727 0.270992 1 
0.0926882 0.224605 0.0190043 -0.945328 0.223641 0.237361 1 
0.0932848 0.224756 0.0200248 -0.923153 0.235425 0.303913 1 
0.0939099 0.225421 0.0197866 -0.929515 0.227781 0.290031 1 
0.0932586 0.225152 0.0198445 -0.923448 0.250548 0.290636 1 
0.093934 0.225732 0.0189133 -0.92423 0.267127 0.272841 1 
0.0940293 0.225609 0.0192383 -0.928807 0.23681 0.285023 1 
0.0941433 0.225912 0.0191662 -0.922584 0.262571 0.282658 1 
0.0945216 0.225544 0.0194695 -0.929515 0.227781 0.290031 1 
0.0944237 0.225726 0.0193825 -0.928807 0.23681 0.285023 1 
0.0940671 0.225493 0.0196448 -0.929515 0.227781 0.290031 1 
0.0942073 0.2254 0.019753 -0.929129 0.215716 0.30031 1 
0.0942468 0.225546 0.0200121 -0.929129 0.215716 0.30031 1 
0.094385 0.226091 0.0203017 -0.929129 0.215716 0.30031 1 
0.0938604 0.226086 0.0204229 -0.929129 0.215716 0.30031 1 
0.0940707 0.225947 0.0205852 -0.929129 0.215716 0.30031 1 
0.0943436 0.226583 0.0202239 -0.924524 0.247207 0.290075 1 
0.0943065 0.227279 0.0197608 -0.282155 -0.944606 0.167657 1 
0.0942751 0.223613 0.0199769 -0.874953 0.345416 0.33933 1 
0.0942909 0.224996 0.0198518 -0.929129 0.215716 0.30031 1 
0.0939731 0.224329 0.02043 -0.923153 0.235425 0.303913 1 
0.0936792 0.224873 0.0201689 -0.929129 0.215716 0.30031 1 
0.0940998 0.224594 0.0204933 -0.929129 0.215716 0.30031 1 
0.0943209 0.224154 0.0209384 -0.918731 0.227891 0.322488 1 
0.0946993 0.223787 0.0212417 -0.913076 0.217811 0.344747 1 
0.0944983 0.225814 0.0202862 -0.929129 0.215716 0.30031 1 
0.0946062 0.225652 0.0207467 -0.929129 0.215716 0.30031 1 
0.0950727 0.225084 0.0207635 -0.845425 0.348484 0.404741 1 
0.0945226 0.226056 0.0206479 -0.929129 0.215716 0.30031 1 
0.0954481 0.225674 0.0213389 -0.561269 0.63206 0.534301 1 
0.0949809 0.225661 0.0213788 -0.680931 0.486857 0.547087 1 
0.0953899 0.225102 0.021477 -0.613922 0.496184 0.613922 1 
0.0956421 0.22595 0.0216944 -0.474576 0.704371 0.527862 1 
0.0957949 0.225818 0.021938 -0.506769 0.597685 0.621255 1 
0.0939025 0.223726 0.0216675 -0.884279 0.236303 0.402756 1 
0.0940866 0.223983 0.0216495 -0.90779 0.206381 0.365136 1 
0.0940291 0.223991 0.0217309 -0.906415 0.200944 0.371529 1 
0.0941557 0.224255 0.0217942 -0.88828 0.254432 0.382392 1 
0.0942697 0.224558 0.0217221 -0.917836 0.194951 0.34579 1 
0.0940436 0.223314 0.021685 -0.861549 0.246806 0.443645 1 
0.094384 0.223962 0.0216159 -0.90779 0.206381 0.365136 1 
0.0946229 0.224268 0.0217544 -0.888292 0.182326 0.421538 1 
0.0947226 0.224348 0.0216941 -0.892268 0.184858 0.411928 1 
0.0941732 0.2259 0.0215218 -0.924325 0.208719 0.319467 1 
0.0944978 0.225164 0.0215778 -0.904726 0.21057 0.370313 1 
0.094671 0.225721 0.0212769 -0.9061 0.250312 0.341068 1 
0.0944716 0.22556 0.0213975 -0.924325 0.208719 0.319467 1 
0.0944723 0.226141 0.0213409 -0.904133 0.244717 0.350223 1 
0.094342 0.226253 0.0216063 -0.897533 0.267633 0.350437 1 
0.0947384 0.225732 0.021569 -0.768795 0.391712 0.505487 1 
0.0954604 0.224087 0.022732 -0.59897 0.53148 0.59897 1 
0.0955237 0.225443 0.0221519 -0.548075 0.387742 0.741128 1 
0.0956225 0.225842 0.0221823 -0.513511 0.513511 0.687469 1 
0.0951393 0.225345 0.0223813 -0.599618 0.342871 0.723117 1 
0.0950672 0.22603 0.0225087 -0.582725 0.404441 0.704883 1 
0.0952195 0.224419 0.0227749 -0.642217 0.474536 0.601974 1 
0.0946266 0.22717 0.0214713 -0.90246 0.26058 0.343023 1 
0.0947624 0.226873 0.0219648 -0.710292 0.450794 0.54062 1 
0.095076 0.226437 0.0217379 -0.612795 0.562151 0.555399 1 
0.0953976 0.226658 0.022066 -0.561078 0.530749 0.635214 1 
0.0949836 0.226434 0.0224098 -0.588185 0.409244 0.697537 1 
0.0950724 0.226814 0.0220667 -0.589462 0.488699 0.643202 1 
0.0948475 0.22763 0.0219504 -0.734669 0.360004 0.575029 1 
0.0944058 0.226641 0.0222271 -0.836599 0.280936 0.470296 1 
0.0948999 0.226838 0.022311 -0.623724 0.380159 0.68297 1 
0.0955388 0.226246 0.0220835 -0.533852 0.530484 0.658474 1 
0.115835 0.215814 0.0293356 -0.257128 -0.0484444 0.965162 1 
0.116231 0.215293 0.0292984 -0.274858 -0.0134375 0.961391 1 
0.116371 0.215519 0.0294972 -0.274858 -0.0134375 0.961391 1 
0.110523 0.216086 0.0288738 -0.0453621 0.870127 0.490735 1 
0.110622 0.217065 0.0288476 0.0189531 0.943866 0.329785 1 
0.11045 0.217089 0.0290919 -0.0434987 0.921382 0.386216 1 
0.11363 0.217187 0.0280119 -0.113826 -0.193879 0.9744 1 
0.113624 0.216722 0.0285446 -0.113826 -0.193879 0.9744 1 
0.113207 0.217454 0.0291605 -0.0981229 -0.158693 0.98244 1 
0.110604 0.217219 0.0291882 0.0478446 0.970387 0.23677 1 
0.111081 0.217251 0.0295219 0.0771219 0.945071 0.317638 1 
0.111319 0.217876 0.0297511 0.0629567 0.952059 0.299365 1 
0.112896 0.216933 0.0291152 -0.0840787 -0.140921 0.986444 1 
0.112808 0.217134 0.0294017 -0.0831345 -0.169884 0.981951 1 
0.112894 0.217571 0.0292966 -0.0764413 -0.18807 0.979176 1 
0.112722 0.217595 0.0295409 -0.0751631 -0.210703 0.974656 1 
0.112164 0.216941 0.0300712 -0.108153 -0.225213 0.968288 1 
0.11259 0.217446 0.0299536 -0.0751631 -0.210703 0.974656 1 
0.11209 0.218333 0.029145 -0.0992279 -0.261601 0.960062 1 
0.112244 0.218463 0.0292413 -0.0901234 -0.242445 0.96597 1 
0.11248 0.218246 0.0296745 -0.0963329 -0.213934 0.972086 1 
0.113398 0.217788 0.029754 -0.116122 -0.188542 0.975176 1 
0.112848 0.21786 0.0296042 -0.0751631 -0.210703 0.974656 1 
0.112943 0.218055 0.03002 -0.0865854 -0.22713 0.970008 1 
0.112072 0.218487 0.0294856 -0.0945606 -0.273319 0.957264 1 
0.114044 0.216443 0.028869 -0.107727 -0.0623683 0.992222 1 
0.114863 0.215904 0.0290088 -0.658795 -0.750255 -0.0557332 1 
0.114422 0.215495 0.0292289 -0.658795 -0.750255 -0.0557332 1 
0.11441 0.216114 0.0290368 -0.648304 -0.760808 0.0295323 1 
0.114465 0.216163 0.0291934 -0.648304 -0.760808 0.0295323 1 
0.114789 0.216327 0.0292835 -0.665896 -0.745068 -0.0381724 1 
0.115084 0.216364 0.0294879 -0.663897 -0.746351 -0.0469135 1 
0.113479 0.216611 0.0288218 -0.1031 -0.122061 0.987153 1 
0.113803 0.216194 0.0289685 -0.107954 -0.0647726 0.992044 1 
0.114013 0.216055 0.0291307 -0.112798 -0.0390885 0.992849 1 
0.113656 0.215822 0.0293931 -0.091881 -0.0205381 0.995558 1 
0.113489 0.21663 0.0291953 -0.0909443 -0.0662434 0.99365 1 
0.113587 0.216449 0.0292824 -0.0909443 -0.0662434 0.99365 1 
0.113573 0.216226 0.0292942 -0.0909443 -0.0662434 0.99365 1 
0.11435 0.21618 0.0293563 -0.635796 -0.766738 0.0887496 1 
0.114434 0.215775 0.0294551 -0.664243 -0.746388 -0.0410726 1 
0.114388 0.216064 0.0297628 -0.635796 -0.766738 0.0887496 1 
0.113797 0.215729 0.0295012 -0.0914944 -0.0161461 0.995675 1 
0.113699 0.216491 0.0293576 -0.0909443 -0.0662434 0.99365 1 
0.113711 0.216771 0.0295838 -0.0909443 -0.0662434 0.99365 1 
0.11428 0.216226 0.0293022 -0.635796 -0.766738 0.0887496 1 
0.114687 0.216304 0.0295818 -0.665896 -0.745068 -0.0381724 1 
0.115016 0.215772 0.0292524 -0.658795 -0.750255 -0.0557332 1 
0.115447 0.215193 0.0298597 -0.257128 -0.0484444 0.965162 1 
0.115658 0.215054 0.0300219 -0.289476 -0.062486 0.955144 1 
0.115727 0.215326 0.0301667 -0.262418 -0.0460164 0.963857 1 
0.115567 0.215961 0.0292548 -0.255315 -0.141548 0.95644 1 
0.115115 0.215852 0.0291921 -0.655314 -0.754389 -0.0382148 1 
0.115452 0.215977 0.0294177 -0.655314 -0.754389 -0.0382148 1 
0.115537 0.216154 0.0294599 -0.655314 -0.754389 -0.0382148 1 
0.115363 0.215916 0.0298516 -0.655314 -0.754389 -0.0382148 1 
0.116128 0.215589 0.0296874 -0.289476 -0.062486 0.955144 1 
0.114345 0.215396 0.0297983 -0.658795 -0.750255 -0.0557332 1 
0.115192 0.216202 0.0299485 -0.658795 -0.750255 -0.0557332 1 
0.115108 0.216606 0.0298496 -0.664243 -0.746388 -0.0410726 1 
0.113614 0.217533 0.0294401 -0.113826 -0.193879 0.9744 1 
0.113881 0.217704 0.0296116 -0.110485 -0.182486 0.976981 1 
0.114021 0.217611 0.0297197 -0.119634 -0.195192 0.973441 1 
0.113581 0.217464 0.0297925 -0.113826 -0.193879 0.9744 1 
0.113708 0.217728 0.0298559 -0.110485 -0.182486 0.976981 1 
0.115828 0.213289 0.0299475 -0.093992 0.266525 0.959234 1 
0.116042 0.214252 0.0297584 -0.0856907 0.264746 0.960503 1 
0.116024 0.214406 0.030099 -0.0856907 0.264746 0.960503 1 
0.115722 0.214542 0.0306087 -0.0967824 0.267119 0.958791 1 
0.109584 0.216756 0.0293729 -0.38581 0.218577 0.896312 1 
0.109794 0.216616 0.0295351 -0.345322 0.163573 0.92412 1 
0.110404 0.217378 0.0293995 0.00350773 0.976318 0.21631 1 
0.110698 0.217415 0.0296039 -0.0115306 0.928856 0.370261 1 
0.110906 0.218232 0.0300383 -0.0875416 0.893481 0.440487 1 
0.0987747 0.220443 0.0147465 -0.786114 0.310938 0.534175 1 
0.0981694 0.222333 0.0132733 -0.622329 0.534629 0.571733 1 
0.0983796 0.222194 0.0134355 -0.637961 0.489833 0.594196 1 
0.0976861 0.221836 0.0134723 -0.637961 0.489833 0.594196 1 
0.0976403 0.222125 0.01378 -0.637961 0.489833 0.594196 1 
0.0978244 0.222381 0.0137619 -0.637961 0.489833 0.594196 1 
0.0983474 0.222125 0.013788 -0.633848 0.495982 0.593497 1 
0.0986843 0.22225 0.0140135 -0.752379 0.404875 0.519617 1 
0.0984543 0.222282 0.0143392 -0.752379 0.404875 0.519617 1 
0.0988487 0.222399 0.0144834 -0.830494 0.318696 0.45685 1 
0.0980431 0.2211 0.0144109 -0.594196 0.489833 0.637961 1 
0.0985699 0.220398 0.0153432 -0.781163 0.29751 0.548882 1 
0.0979033 0.220225 0.0155037 -0.786114 0.310938 0.534175 1 
0.0981837 0.220039 0.01572 -0.786895 0.279119 0.550353 1 
0.0983103 0.220303 0.0157833 -0.795008 0.268139 0.544118 1 
0.097801 0.220202 0.015802 -0.791388 0.28907 0.538649 1 
0.0979276 0.220467 0.0158654 -0.798352 0.278715 0.533809 1 
0.0979459 0.221862 0.0142672 -0.751097 0.404185 0.522004 1 
0.0985301 0.221151 0.0151181 -0.784202 0.307 0.539238 1 
0.0987169 0.22135 0.014862 -0.793944 0.296342 0.530881 1 
0.0986762 0.222423 0.0147276 -0.838005 0.290736 0.461758 1 
0.0987651 0.219455 0.0155739 -0.763777 0.305831 0.568429 1 
0.0983474 0.219608 0.0162464 -0.79455 0.248199 0.554155 1 
0.0987105 0.219337 0.0166523 -0.777684 0.171303 0.604866 1 
0.0985628 0.220252 0.0159666 -0.792488 0.268347 0.54768 1 
0.0996034 0.219854 0.0164949 -0.784451 0.255221 0.565243 1 
0.100071 0.217999 0.0176219 -0.657966 0.0440539 0.751758 1 
0.0995281 0.219117 0.0168828 -0.774572 0.161558 0.611504 1 
0.099909 0.219591 0.0169822 -0.770767 0.174829 0.612661 1 
0.0997743 0.2195 0.0176329 -0.759521 0.165245 0.629144 1 
0.100208 0.218863 0.0180021 -0.671273 -0.0153513 0.741051 1 
0.0996085 0.221469 0.017322 -0.714645 0.364682 0.5969 1 
0.10008 0.219886 0.0168286 -0.741719 0.268417 0.614658 1 
0.0997678 0.220003 0.0169647 -0.782269 0.234836 0.576982 1 
0.100092 0.220167 0.0170548 -0.711139 0.343365 0.6135 1 
0.0998738 0.220479 0.0176067 -0.705048 0.343568 0.620377 1 
0.100172 0.220139 0.0174824 -0.703369 0.318537 0.635457 1 
0.100409 0.220184 0.0177683 -0.703369 0.318537 0.635457 1 
0.10062 0.220045 0.0179305 -0.620586 0.155524 0.76856 1 
0.100606 0.220402 0.0178857 -0.672719 0.262408 0.691803 1 
0.100842 0.220186 0.0183189 -0.685469 0.293773 0.666205 1 
0.1008 0.220678 0.0182412 -0.741661 0.348922 0.572881 1 
0.0987061 0.219133 0.0170377 -0.774572 0.161558 0.611504 1 
0.0988327 0.219397 0.017101 -0.774572 0.161558 0.611504 1 
0.0993207 0.21913 0.0177176 -0.751975 0.120138 0.648152 1 
0.0999271 0.219368 0.0178766 -0.72401 0.0679211 0.686437 1 
0.0995392 0.218748 0.0184006 -0.81044 0.209887 0.546932 1 
0.0996889 0.219643 0.0176814 -0.759521 0.165245 0.629144 1 
0.10014 0.22097 0.0178689 -0.705048 0.343568 0.620377 1 
0.0991982 0.222485 0.0148444 -0.78944 0.32375 0.521509 1 
0.102794 0.222281 0.0170349 0.0894424 -0.0781206 0.992924 1 
0.100935 0.22135 0.0175337 -0.706912 0.329892 0.625657 1 
0.100254 0.221273 0.0177967 -0.705048 0.343568 0.620377 1 
0.10089 0.221638 0.0178414 -0.677509 0.347733 0.648123 1 
0.101059 0.222571 0.0178692 -0.67438 0.341272 0.654786 1 
0.0999022 0.221824 0.0176171 -0.705177 0.382998 0.596689 1 
0.0999839 0.222058 0.0178974 -0.68351 0.383754 0.620924 1 
0.0997297 0.221848 0.0178614 -0.705177 0.382998 0.596689 1 
0.100617 0.221002 0.0182026 -0.75337 0.372617 0.54184 1 
0.100743 0.221266 0.0182659 -0.746418 0.374026 0.550422 1 
0.100048 0.221547 0.0184842 -0.605028 0.232944 0.761366 1 
0.100729 0.221043 0.0182778 -0.758861 0.39983 0.514067 1 
0.100996 0.221215 0.0184493 -0.781015 0.370295 0.502889 1 
0.101291 0.221252 0.0186537 -0.677509 0.347733 0.648123 1 
0.100797 0.221635 0.0185133 -0.792403 0.450265 0.411533 1 
0.102931 0.221665 0.0174378 -0.323968 0.218357 0.920524 1 
0.107332 0.217656 0.0258527 -0.870399 -0.0120703 0.492198 1 
0.107163 0.216723 0.0258249 -0.874782 -0.00132744 0.484515 1 
0.107366 0.217337 0.0266446 -0.833095 -0.0460505 0.55121 1 
0.107236 0.217449 0.02691 -0.832692 -0.0318667 0.552819 1 
0.107487 0.216817 0.0271499 -0.781948 -0.129088 0.609831 1 
0.107702 0.216881 0.0269268 -0.760982 -0.149183 0.631389 1 
0.107618 0.217285 0.0268279 -0.828393 -0.0637226 0.55651 1 
0.107794 0.218683 0.026323 -0.864687 -0.0314183 0.501327 1 
0.109327 0.218152 0.0283174 -0.46634 0.414344 0.781566 1 
0.108605 0.21645 0.0283438 -0.644937 -0.199513 0.737734 1 
0.107775 0.217608 0.0280119 -0.686203 -0.241354 0.686203 1 
0.10727 0.218291 0.0275886 -0.825618 -0.0490605 0.562093 1 
0.10785 0.218345 0.027624 -0.709684 -0.230295 0.665818 1 
0.107476 0.217367 0.0281928 -0.686203 -0.241354 0.686203 1 
0.10773 0.217577 0.0282288 -0.680911 -0.216583 0.699609 1 
0.109126 0.216831 0.0285513 -0.572071 0.115585 0.812019 1 
0.108954 0.216855 0.0287956 -0.591519 0.0264444 0.805857 1 
0.108576 0.217803 0.0284357 -0.635957 -0.0858615 0.766933 1 
0.107655 0.21742 0.0285601 -0.651403 -0.179327 0.737235 1 
0.107945 0.219121 0.0279831 -0.685354 -0.0617824 0.725584 1 
0.108949 0.216652 0.029181 -0.520717 -0.0808743 0.84989 1 
0.109716 0.217485 0.0289036 -0.363251 0.436218 0.823263 1 
0.104415 0.210096 0.0210986 -0.848261 0.0372407 0.528267 1 
0.104199 0.209452 0.0213784 -0.848261 0.0372407 0.528267 1 
0.10493 0.210013 0.0218388 -0.848261 0.0372407 0.528267 1 
0.1049 0.209886 0.0219531 -0.848261 0.0372407 0.528267 1 
0.104648 0.210518 0.0217132 -0.848261 0.0372407 0.528267 1 
0.105547 0.207573 0.0222691 -0.865392 -0.0148507 0.500875 1 
0.105054 0.208536 0.022072 -0.848261 0.0372407 0.528267 1 
0.105323 0.20807 0.0220621 -0.865392 -0.0148507 0.500875 1 
0.105291 0.208001 0.0224145 -0.865392 -0.0148507 0.500875 1 
0.105501 0.207861 0.0225767 -0.865392 -0.0148507 0.500875 1 
0.10547 0.207473 0.0228384 -0.865392 -0.0148507 0.500875 1 
0.105205 0.209043 0.0224971 -0.848261 0.0372407 0.528267 1 
0.105846 0.210192 0.0220997 -0.848261 0.0372407 0.528267 1 
0.105178 0.209758 0.0224075 -0.848261 0.0372407 0.528267 1 
0.105503 0.209602 0.0224068 -0.848261 0.0372407 0.528267 1 
0.104994 0.210082 0.0223689 -0.848261 0.0372407 0.528267 1 
0.104623 0.209946 0.0227338 -0.848261 0.0372407 0.528267 1 
0.105378 0.20805 0.0234537 -0.865392 -0.0148507 0.500875 1 
0.105033 0.209067 0.0227413 -0.848261 0.0372407 0.528267 1 
0.105371 0.208554 0.0227855 -0.848261 0.0372407 0.528267 1 
0.105383 0.208834 0.0230117 -0.848261 0.0372407 0.528267 1 
0.105409 0.208438 0.023192 -0.856545 -0.00134045 0.516071 1 
0.105095 0.210742 0.022252 -0.848261 0.0372407 0.528267 1 
0.105384 0.211863 0.0217316 0.398259 -0.0142699 0.917162 1 
0.105803 0.210423 0.0221693 -0.848261 0.0372407 0.528267 1 
0.104922 0.210766 0.0224963 -0.848261 0.0372407 0.528267 1 
0.105319 0.211725 0.0224364 -0.0645363 -0.0222174 0.997668 1 
0.105361 0.215341 0.0238289 -0.736053 0.189007 0.650001 1 
0.105864 0.215946 0.0231419 -0.717076 0.133235 0.684142 1 
0.106243 0.216159 0.0233886 -0.752213 0.155891 0.640214 1 
0.105981 0.215803 0.023976 -0.777683 0.110258 0.618912 1 
0.106612 0.215384 0.0244627 -0.818789 0.0433888 0.572453 1 
0.106078 0.21626 0.0242445 -0.818789 0.0433888 0.572453 1 
0.106575 0.21608 0.0239996 -0.818789 0.0433888 0.572453 1 
0.106613 0.215965 0.024406 -0.817069 0.0667865 0.572659 1 
0.106529 0.216369 0.0243072 -0.817069 0.0667865 0.572659 1 
0.10668 0.215976 0.0246982 -0.817069 0.0667865 0.572659 1 
0.103909 0.214558 0.0233723 -0.814367 -0.115503 0.568741 1 
0.105188 0.215365 0.0240732 -0.736053 0.189007 0.650001 1 
0.105295 0.215523 0.0246244 -0.804296 0.064059 0.590766 1 
0.105409 0.215826 0.0245523 -0.818789 0.0433888 0.572453 1 
0.106664 0.215492 0.0248573 -0.818789 0.0433888 0.572453 1 
0.106193 0.215275 0.0252825 -0.818789 0.0433888 0.572453 1 
0.10623 0.216128 0.0244881 -0.817069 0.0667865 0.572659 1 
0.106071 0.215795 0.0247772 -0.818789 0.0433888 0.572453 1 
0.106635 0.216265 0.0250058 -0.898631 0.0754576 0.432166 1 
0.105363 0.215534 0.0249165 -0.818789 0.0433888 0.572453 1 
0.105166 0.216215 0.0248332 -0.818789 0.0433888 0.572453 1 
0.106833 0.214365 0.0249644 -0.809192 0.0670759 0.583703 1 
0.106721 0.214903 0.0248325 -0.818789 0.0433888 0.572453 1 
0.107085 0.214313 0.0251477 -0.847654 0.0457817 0.52857 1 
0.106565 0.214512 0.0248836 -0.809192 0.0670759 0.583703 1 
0.106518 0.214221 0.0252478 -0.810325 0.0640855 0.582466 1 
0.106393 0.214536 0.0251279 -0.818789 0.0433888 0.572453 1 
0.106556 0.214105 0.0256543 -0.81592 0.0551489 0.575528 1 
0.106876 0.214065 0.0261298 -0.844099 -0.00405168 0.536172 1 
0.106633 0.215104 0.0251191 -0.818789 0.0433888 0.572453 1 
0.106741 0.214942 0.0255796 -0.855122 0.0315695 0.517465 1 
0.106613 0.214996 0.025607 -0.818789 0.0433888 0.572453 1 
0.106997 0.214514 0.0254342 -0.855122 0.0315695 0.517465 1 
0.107175 0.214305 0.0259488 -0.850029 0.0288378 0.525947 1 
0.106629 0.215481 0.0254478 -0.853363 0.0572633 0.518163 1 
0.106864 0.215583 0.0259717 -0.911902 0.178385 0.369613 1 
0.106878 0.215806 0.0259599 -0.911902 0.178385 0.369613 1 
0.106905 0.215091 0.0260495 -0.894464 -0.0226615 0.446565 1 
0.107126 0.215551 0.0265286 -0.865392 -0.0148507 0.500875 1 
0.106929 0.216301 0.0252102 -0.898533 0.104806 0.426209 1 
0.106378 0.216693 0.0251512 -0.909825 0.115291 0.398656 1 
0.120415 0.20203 0.00432976 -0.177379 -0.0784327 0.981012 0 
0.11999 0.202105 0.00439072 -0.0704897 -0.0422938 0.996616 0 
0.11935 0.201536 0.00473146 -0.0480221 -0.0458877 0.997792 0 
0.119649 0.202357 0.00449391 -0.340456 -0.646704 0.682542 0 
0.119818 0.202129 0.004635 -0.0729484 -0.0468177 0.996236 0 
0.119477 0.202381 0.0047382 -0.359187 -0.687211 0.631447 0 
0.119778 0.201084 0.00434177 -0.063217 -0.00103634 0.997999 0 
0.120199 0.200805 0.00466619 0.700979 -0.464544 0.541136 0 
0.119389 0.202581 0.00502471 -0.375128 -0.732237 0.568426 0 
0.0999041 0.223608 0.0224779 0.352774 0.211665 0.911454 0 
0.0974541 0.224072 0.0240183 0.102543 0.836228 0.53871 0 
0.0982609 0.224152 0.023966 0.672462 0.420081 0.609366 0 
0.0981459 0.224168 0.0241289 0.675733 0.43881 0.592309 0 
0.0984263 0.223982 0.0243452 0.755252 0.38986 0.526882 0 
0.0980069 0.223873 0.025165 0.668903 0.575022 0.471082 0 
0.097096 0.223509 0.025663 0.610705 0.791857 0.00137237 0 
0.0967574 0.223123 0.0255848 0.593629 0.791006 -0.148033 0 
0.0970521 0.22316 0.0257893 0.606046 0.782623 -0.142159 0 
0.0965274 0.223155 0.0259105 0.533581 0.811971 -0.236632 0 
0.0967377 0.223015 0.0260727 0.545708 0.800683 -0.247201 0 
0.097507 0.22476 0.0243564 0.934813 -0.262084 0.23966 0 
0.0974873 0.224652 0.0248443 0.926248 -0.31252 0.210704 0 
0.098306 0.224113 0.0249841 0.751894 0.488649 0.442581 0 
0.097667 0.224705 0.0252116 0.73898 0.52173 0.426271 0 
0.117576 0.204571 0.00649648 -0.646876 -0.666628 0.370349 0 
0.117787 0.204431 0.0066587 -0.578755 -0.713963 0.394081 0 
0.117445 0.204422 0.00690922 -0.757543 -0.574964 0.309103 0 
0.117488 0.204771 0.006783 -0.757543 -0.574964 0.309103 0 
0.117443 0.20506 0.00709064 -0.897171 -0.403077 0.18059 0 
0.117032 0.205358 0.00713974 -0.665264 -0.658726 0.35143 0 
0.117128 0.204916 0.00737411 -0.654127 -0.663964 0.362311 0 
0.117044 0.205639 0.00736596 -0.633995 -0.692669 0.34389 0 
0.116394 0.204662 0.00847746 0.571808 -0.0463628 0.819076 0 
0.116841 0.205536 0.00772462 -0.379139 -0.835365 0.398018 0 
0.117082 0.205204 0.00768174 -0.633995 -0.692669 0.34389 0 
0.116845 0.206059 0.00742994 0.485137 -0.400765 0.777193 0 
0.116672 0.206083 0.00767422 0.511649 -0.161652 0.843851 0 
0.117036 0.205493 0.00798937 0.311814 -0.498586 0.808817 0 
0.116991 0.205781 0.008297 0.511649 -0.161652 0.843851 0 
0.116964 0.206177 0.00811671 0.511649 -0.161652 0.843851 0 
0.116502 0.2054 0.00897211 0.645071 0.261515 0.717978 0 
0.116772 0.206094 0.00884892 0.612798 0.0946125 0.784556 0 
0.114326 0.20625 0.00882557 -0.593544 -0.299172 -0.747129 0 
0.114758 0.207151 0.00941028 -0.619657 -0.420303 -0.66285 0 
0.114599 0.205918 0.00966527 -0.589792 -0.239359 -0.771267 0 
0.112939 0.207845 0.0101457 0.451366 0.777262 -0.43833 0 
0.112556 0.207428 0.0102844 0.430843 0.782021 -0.450353 0 
0.112625 0.207701 0.0104292 0.740025 0.0861173 0.667044 0 
0.112328 0.207722 0.0104628 0.446496 0.763787 -0.466123 0 
0.112408 0.208275 0.0108338 0.746199 0.058722 0.663128 0 
0.112236 0.208299 0.011078 0.494948 0.766108 -0.410006 0 
0.111863 0.208482 0.0115336 0.743042 0.0767665 0.664827 0 
0.112105 0.20873 0.0114341 0.743042 0.0767665 0.664827 0 
0.112474 0.208924 0.0113073 0.740469 0.0739019 0.668016 0 
0.112441 0.208855 0.0116597 0.743042 0.0767665 0.664827 0 
0.113981 0.206298 0.00931413 -0.609322 -0.541807 -0.57894 0 
0.113823 0.206545 0.00954659 -0.0955119 0.709727 -0.697972 0 
0.114161 0.206351 0.00968145 -0.613958 -0.559835 -0.556453 0 
0.11365 0.206569 0.00979087 -0.149447 0.680816 -0.717046 0 
0.11396 0.206509 0.00989277 -0.0892971 0.718769 -0.689491 0 
0.113777 0.206833 0.00985421 -0.133533 0.688668 -0.712674 0 
0.113367 0.206813 0.00981262 -0.142973 0.705836 -0.693797 0 
0.113081 0.207114 0.0100724 -0.248011 0.550615 -0.797066 0 
0.112798 0.207358 0.0100942 0.498603 0.782597 -0.372742 0 
0.11304 0.207606 0.00999469 0.456496 0.815966 -0.354699 0 
0.114417 0.207402 0.00951347 -0.0952834 0.722688 -0.684575 0 
0.114399 0.207556 0.00985406 -0.620071 -0.579522 -0.528835 0 
0.114513 0.207279 0.00983854 -0.620622 -0.496161 -0.607167 0 
0.114227 0.20758 0.0100983 -0.126848 0.702886 -0.699901 0 
0.11441 0.207256 0.0101369 -0.620071 -0.579522 -0.528835 0 
0.114238 0.20728 0.0103812 -0.620071 -0.579522 -0.528835 0 
0.113346 0.207923 0.0104253 0.542164 0.803149 -0.247003 0 
0.113472 0.207608 0.0105453 -0.278282 0.480387 -0.831738 0 
0.113855 0.207444 0.0104632 -0.208202 0.587592 -0.781913 0 
0.113682 0.207468 0.0107075 -0.239952 0.540279 -0.806549 0 
0.113893 0.207329 0.0108697 -0.171212 0.601513 -0.7803 0 
0.112327 0.207141 0.0105194 0.747437 0.104671 0.656035 0 
0.112868 0.206662 0.0114399 0.465991 0.791702 -0.395045 0 
0.112905 0.207515 0.0106455 0.430843 0.782021 -0.450353 0 
0.112379 0.207249 0.0109141 0.751579 0.126503 0.6474 0 
0.11272 0.207577 0.0107542 0.466802 0.764901 -0.443872 0 
0.11279 0.207531 0.0108083 0.466802 0.764901 -0.443872 0 
0.113384 0.207808 0.0108318 0.517223 0.778252 -0.356095 0 
0.113159 0.208044 0.0107722 0.466802 0.764901 -0.443872 0 
0.113166 0.208121 0.0113837 0.446058 0.766304 -0.462397 0 
0.11351 0.207492 0.0109518 -0.252487 0.509621 -0.822519 0 
0.113478 0.208004 0.0112476 0.489083 0.760614 -0.426925 0 
0.113197 0.208509 0.011122 0.746199 0.058722 0.663128 0 
0.112488 0.208247 0.0112614 0.744661 0.0676964 0.664001 0 
0.112894 0.208645 0.0116317 0.494948 0.766108 -0.410006 0 
0.112684 0.208784 0.0114695 0.494948 0.766108 -0.410006 0 
0.113067 0.208621 0.0113874 0.744661 0.0676964 0.664001 0 
0.112512 0.208808 0.0117138 0.743042 0.0767665 0.664827 0 
0.11414 0.207393 0.0115291 -0.206771 0.55292 -0.807171 0 
0.11141 0.209591 0.0115957 0.429377 0.74195 -0.514923 0 
0.112172 0.209641 0.0117603 0.418881 0.7507 -0.51087 0 
0.112281 0.20916 0.0121302 0.427667 0.755381 -0.496487 0 
0.111065 0.209639 0.0120843 0.528508 0.735959 -0.423135 0 
0.111389 0.209803 0.0121744 0.528508 0.735959 -0.423135 0 
0.111234 0.209992 0.0121688 0.662467 0.697586 -0.272968 0 
0.11088 0.209702 0.0121931 0.614207 0.723829 -0.314358 0 
0.110567 0.209819 0.0123292 0.680829 0.690306 -0.244846 0 
0.111061 0.210016 0.012413 0.700616 0.678771 -0.220015 0 
0.111809 0.208943 0.0125554 0.429377 0.74195 -0.514923 0 
0.11124 0.209488 0.012837 0.583242 0.714677 -0.38609 0 
0.110628 0.209684 0.0132447 0.604981 0.753462 -0.257472 0 
0.112339 0.208833 0.0119581 0.741572 0.0798169 0.666109 0 
0.112235 0.209448 0.0124378 0.429377 0.74195 -0.514923 0 
0.11222 0.210125 0.0124837 0.543882 0.734487 -0.405858 0 
0.111146 0.210192 0.0124553 0.700616 0.678771 -0.220015 0 
0.111142 0.210569 0.012784 0.618078 0.738834 -0.268522 0 
0.111722 0.210304 0.0127287 0.67123 0.699659 -0.244802 0 
0.111979 0.210456 0.0125266 0.6587 0.709248 -0.251159 0 
0.112174 0.210413 0.0127914 0.66425 0.705273 -0.247713 0 
0.111677 0.210593 0.0130363 0.693792 0.693792 -0.193149 0 
0.110262 0.210912 0.013111 0.581536 0.74907 -0.317348 0 
0.110819 0.210086 0.0126033 0.687043 0.702413 -0.185978 0 
0.110648 0.210372 0.0127002 0.563983 0.760011 -0.322965 0 
0.110788 0.210279 0.0128083 0.572814 0.758938 -0.309672 0 
0.110973 0.210216 0.0126996 0.604981 0.753462 -0.257472 0 
0.110545 0.210668 0.0130893 0.559768 0.759801 -0.330699 0 
0.111504 0.210617 0.0132806 0.634123 0.729004 -0.257761 0 
0.116943 0.204329 0.00877453 -0.636895 -0.744843 0.198933 0 
0.11726 0.204996 0.00819638 -0.616005 -0.725374 0.307198 0 
0.117467 0.204333 0.00865326 -0.744356 -0.614766 0.260762 0 
0.117341 0.205549 0.00856736 0.317041 -0.484237 0.815475 0 
0.117141 0.204808 0.00874461 0.311814 -0.498586 0.808817 0 
0.117183 0.204896 0.00876573 0.311814 -0.498586 0.808817 0 
0.116402 0.204739 0.00908905 0.635843 0.18539 0.749222 0 
0.117218 0.205738 0.00944434 0.493683 -0.209853 0.843942 0 
0.117543 0.205582 0.0094437 0.796673 0.55441 0.24071 0 
0.107183 0.213466 0.0152299 0.593128 0.119214 0.796233 0 
0.107296 0.214088 0.0152484 0.532678 -0.0401238 0.845367 0 
0.107551 0.213979 0.0151937 0.580303 0.094064 0.80895 0 
0.107664 0.214021 0.0152689 0.573879 0.0697769 0.815962 0 
0.105709 0.214943 0.0167458 0.748376 0.623387 0.226544 0 
0.105385 0.214779 0.0166558 0.760271 0.618395 0.198935 0 
0.105365 0.214991 0.0172344 0.77441 0.610739 0.165187 0 
0.105806 0.2145 0.0169802 0.758181 0.572242 0.312569 0 
0.105648 0.214747 0.0172126 0.766887 0.601999 0.222444 0 
0.106858 0.214383 0.0177346 0.349019 -0.339875 0.87331 0 
0.105583 0.214609 0.0179175 0.77441 0.610739 0.165187 0 
0.106081 0.21443 0.0176726 0.71674 0.667203 0.202792 0 
0.10733 0.214599 0.0173094 0.416563 -0.251141 0.87373 0 
0.105612 0.215704 0.0166022 0.8061 0.559241 0.193525 0 
0.105606 0.215239 0.0171349 0.798217 0.56045 0.220783 0 
0.10548 0.215555 0.0170149 0.820356 0.502799 0.272414 0 
0.105294 0.215937 0.0172144 0.854001 0.429309 0.293899 0 
0.105504 0.215797 0.0173766 0.839995 0.42078 0.342568 0 
0.105146 0.215303 0.0177863 0.802746 0.33993 0.489946 0 
0.105122 0.215961 0.0174587 0.815377 0.307541 0.490488 0 
0.105332 0.215821 0.0176209 0.837236 0.400554 0.37228 0 
0.105096 0.216357 0.0172784 0.81168 0.27056 0.517661 0 
0.105344 0.216102 0.0178471 0.75094 0.19583 0.630666 0 
0.10617 0.21481 0.0173294 0.270122 -0.519945 0.810365 0 
0.106947 0.214763 0.0173915 0.323753 -0.37899 0.86692 0 
0.107157 0.214623 0.0175537 0.375131 -0.302231 0.876318 0 
0.106437 0.214662 0.0174102 0.293899 -0.429309 0.854001 0 
0.106704 0.214834 0.0175817 0.38722 -0.29611 0.873144 0 
0.106517 0.214635 0.0178378 0.326126 -0.397225 0.85782 0 
0.105798 0.215254 0.0176377 0.821578 0.492947 0.286379 0 
0.105721 0.215154 0.018207 0.81858 0.481054 0.313868 0 
0.105668 0.215366 0.0179031 0.827993 0.419538 0.372043 0 
0.105542 0.215682 0.0177831 0.839781 0.4238 0.339353 0 
0.106219 0.214975 0.0179621 0.258166 -0.499326 0.827057 0 
0.106314 0.214851 0.0182872 0.754399 0.639959 0.146061 0 
0.106047 0.214999 0.0182064 0.820356 0.502799 0.272414 0 
0.106057 0.214699 0.0184892 0.244873 -0.422143 0.87283 0 
0.109342 0.211621 0.0143572 0.832127 0.552421 0.0489487 0 
0.108829 0.211896 0.0147047 0.838138 0.535196 0.105308 0 
0.108714 0.211912 0.0148675 0.584442 0.75417 -0.299426 0 
0.109981 0.211029 0.0141297 0.691766 0.694861 -0.196542 0 
0.108872 0.212565 0.0146692 0.824559 0.531046 0.195171 0 
0.109098 0.212329 0.0147289 0.838138 0.535196 0.105308 0 
0.110517 0.212214 0.0142688 0.763418 0.636917 -0.107379 0 
0.11013 0.212174 0.0147362 0.877308 0.388069 0.282369 0 
0.11071 0.212228 0.0147716 0.73181 0.668956 -0.130199 0 
0.11048 0.21226 0.0150973 0.66866 0.718076 -0.193031 0 
0.108416 0.212252 0.0149918 0.650899 0.758206 -0.0381221 0 
0.108216 0.212411 0.0152032 0.639545 0.768294 0.0265894 0 
0.107318 0.21169 0.015746 0.61095 0.782549 0.119823 0 
0.1087 0.212589 0.0149135 0.793183 0.13195 0.594517 0 
0.108427 0.212852 0.0153088 0.608433 0.793061 0.0293726 0 
0.10786 0.212759 0.0154089 0.581406 0.0179531 0.813416 0 
0.108114 0.212969 0.0154449 0.537986 0.842245 0.0345749 0 
0.108241 0.213234 0.0155082 0.537986 0.842245 0.0345749 0 
0.108695 0.213216 0.0165679 0.609512 0.778068 0.152002 0 
0.108382 0.213652 0.0167948 0.592856 0.788966 0.161414 0 
0.107501 0.213995 0.0171218 0.632896 0.749928 0.192487 0 
0.106903 0.213514 0.0174836 0.638246 0.740738 0.209643 0 
0.106872 0.213706 0.0176887 0.644909 0.742947 0.179226 0 
0.108256 0.213968 0.0166748 0.601823 0.780702 0.168268 0 
0.107455 0.214284 0.0174294 0.61585 0.772448 0.155092 0 
0.104198 0.215635 0.0178212 0.753083 0.222963 0.618994 0 
0.102736 0.217393 0.0195633 0.521676 0.797578 -0.302858 0 
0.102653 0.217797 0.0194645 0.591983 0.779573 -0.204503 0 
0.105075 0.215669 0.017823 0.760808 0.235897 0.604585 0 
0.104745 0.215621 0.018209 0.754428 0.22244 0.617542 0 
0.105076 0.216249 0.0177663 0.748209 0.169147 0.64154 0 
0.105171 0.216126 0.0180914 0.748209 0.169147 0.64154 0 
0.10524 0.216398 0.0182362 0.752712 0.165749 0.637144 0 
0.105139 0.216057 0.0184438 0.752712 0.165749 0.637144 0 
0.104826 0.216174 0.0185799 0.757913 0.152185 0.634356 0 
0.104953 0.216438 0.0186433 0.753421 0.120369 0.646427 0 
0.104572 0.215964 0.018544 0.757913 0.152185 0.634356 0 
0.104684 0.216006 0.0186191 0.757913 0.152185 0.634356 0 
0.104685 0.216586 0.0185625 0.761264 0.0949754 0.641449 0 
0.104612 0.21669 0.0187465 0.771943 0.088679 0.629475 0 
0.106001 0.215287 0.018514 0.821755 0.427567 0.376704 0 
0.105587 0.215063 0.0188578 0.781769 0.293362 0.550251 0 
0.105278 0.216283 0.0186426 0.755481 0.165689 0.633874 0 
0.104938 0.217115 0.0186892 0.766899 0.0826338 0.636425 0 
0.104823 0.217131 0.0188521 0.777568 0.0615753 0.625777 0 
0.104426 0.217971 0.01898 0.765927 -0.0380848 0.641799 0 
0.105244 0.216852 0.0191765 0.779487 0.094704 0.619218 0 
0.105198 0.217141 0.0194841 0.787362 0.0762892 0.611753 0 
0.105805 0.21648 0.0196091 0.766618 0.123074 0.630198 0 
0.103711 0.215765 0.0196747 0.779945 0.0643992 0.622525 0 
0.103414 0.217266 0.0196857 0.774902 -0.0381099 0.630931 0 
0.102904 0.217165 0.0197044 0.763333 -0.0707057 0.642124 0 
0.102605 0.216925 0.0198854 0.567307 0.786104 -0.245364 0 
0.103814 0.217848 0.0192971 0.762109 -0.0527066 0.6453 0 
0.103966 0.218035 0.0196315 0.781336 -0.064514 0.620768 0 
0.104438 0.218252 0.0192063 0.76074 -0.0616041 0.646127 0 
0.104224 0.218768 0.0193728 0.714028 -0.189688 0.673931 0 
0.104124 0.218688 0.0194331 0.731305 -0.152923 0.664686 0 
0.103869 0.218797 0.0194878 0.840722 0.187327 0.50803 0 
0.104051 0.218792 0.0196171 0.752003 -0.0919926 0.652709 0 
0.104788 0.218019 0.0194766 0.769703 -0.0351784 0.637432 0 
0.104775 0.218377 0.0194318 0.760429 -0.0828766 0.644111 0 
0.103368 0.217554 0.0199933 0.785247 -0.0124642 0.619057 0 
0.103866 0.217375 0.0197484 0.777316 -0.0409114 0.627778 0 
0.103653 0.218152 0.0197676 0.75041 -0.123335 0.649364 0 
0.103596 0.21816 0.019849 0.748048 -0.117021 0.653246 0 
0.103837 0.218728 0.0198402 0.7499 -0.0768756 0.657069 0 
0.105026 0.217165 0.0197284 0.80193 0.0640974 0.593969 0 
0.102999 0.21884 0.0200976 0.673146 0.734474 0.086151 0 
0.102752 0.218707 0.0206732 0.79385 0.542333 0.275096 0 
0.0998997 0.219296 0.0215486 0.835238 0.531783 -0.139943 0 
0.100265 0.219286 0.0218071 0.406046 0.741404 -0.534271 0 
0.100531 0.219458 0.0219786 0.589395 0.741184 -0.321341 0 
0.102631 0.216529 0.0200657 0.74657 -0.0920428 0.65891 0 
0.102982 0.216296 0.020336 0.748048 -0.117021 0.653246 0 
0.103094 0.216338 0.0204112 0.853595 0.119879 0.506957 0 
0.103219 0.21814 0.02069 0.715531 -0.095502 0.692023 0 
0.103518 0.21838 0.0205091 0.743373 -0.0678418 0.665427 0 
0.103361 0.218888 0.0205942 0.706122 -0.123907 0.697165 0 
0.103205 0.218497 0.0206452 0.697301 -0.104669 0.709095 0 
0.102941 0.218199 0.0214707 0.643863 -0.282788 0.710965 0 
0.103547 0.217857 0.0216863 0.830793 0.364162 0.420914 0 
0.102912 0.218072 0.0215851 0.638922 -0.289837 0.712582 0 
0.103063 0.21826 0.0219194 0.613621 -0.355082 0.705256 0 
0.10254 0.218516 0.0218934 0.619491 0.78259 -0.0615199 0 
0.103018 0.218548 0.0222271 0.647476 0.760819 -0.0439207 0 
0.102532 0.218689 0.0226075 0.698208 0.712664 -0.0679416 0 
0.104346 0.218829 0.0198215 0.747738 -0.0984253 0.656658 0 
0.103938 0.219069 0.0196326 0.846906 0.366525 0.385241 0 
0.103892 0.219358 0.0199402 0.820018 0.462939 0.336539 0 
0.101924 0.220057 0.021429 0.785075 0.615717 0.0674562 0 
0.101556 0.220124 0.0214085 0.728973 0.684371 0.0153321 0 
0.101937 0.2197 0.0214738 0.862276 0.457381 0.217444 0 
0.101975 0.219584 0.0218802 0.842338 0.145535 0.518927 0 
0.102669 0.219941 0.0218434 0.845288 0.226118 0.484106 0 
0.101397 0.219791 0.0216976 0.824019 0.548853 0.140542 0 
0.101803 0.219608 0.0221245 0.816731 0.543982 0.192439 0 
0.101688 0.219624 0.0222874 0.679463 0.726627 -0.101698 0 
0.101515 0.219648 0.0225317 0.628419 0.751942 -0.19918 0 
0.103847 0.220089 0.0226612 0.699474 0.708273 0.0953162 0 
0.102194 0.219202 0.0225633 0.824294 0.534962 0.185353 0 
0.102644 0.21905 0.0227734 0.465672 0.853985 -0.232078 0 
0.102008 0.219265 0.0226721 0.674625 0.728238 -0.120628 0 
0.101738 0.21947 0.0228294 0.582723 0.758338 -0.29216 0 
0.100302 0.219171 0.0222136 0.639298 0.719011 -0.272618 0 
0.100138 0.220751 0.023047 0.865345 0.47718 0.153223 0 
0.100438 0.220673 0.0227753 0.852808 0.50821 0.120175 0 
0.101255 0.219873 0.0230625 0.575254 0.752503 -0.32066 0 
0.101171 0.220277 0.0229636 0.72117 0.679189 -0.136438 0 
0.101637 0.219709 0.0229804 0.582723 0.758338 -0.29216 0 
0.101184 0.220819 0.0230425 0.857558 0.48432 0.173289 0 
0.1009 0.220482 0.0231209 0.80634 0.589627 0.0464384 0 
0.100818 0.221466 0.0229654 0.866594 0.360442 0.345104 0 
0.101802 0.220438 0.0233936 0.718192 0.678881 -0.15271 0 
0.101672 0.220551 0.023659 0.754296 0.654859 -0.0468771 0 
0.100405 0.220604 0.0231277 0.852667 0.495049 0.166987 0 
0.101584 0.220751 0.0239455 0.84472 0.509208 0.164787 0 
0.101201 0.220915 0.0240276 0.848579 0.491124 0.19675 0 
0.101281 0.220887 0.0244552 0.849666 0.457748 0.261789 0 
0.100748 0.222093 0.0228547 0.884049 0.350909 0.308739 0 
0.100634 0.22179 0.0229268 0.87796 0.409715 0.24763 0 
0.100491 0.221941 0.0230567 0.873287 0.419358 0.248008 0 
0.100408 0.222345 0.0229579 0.899897 0.306884 0.309849 0 
0.100828 0.222066 0.0232823 0.881777 0.310059 0.355433 0 
0.100277 0.221877 0.0232799 0.85395 0.345609 0.389004 0 
0.101454 0.220863 0.0242109 0.844165 0.51416 0.151743 0 
0.101071 0.221027 0.024293 0.850167 0.495806 0.17718 0 
0.100856 0.220963 0.0245162 0.864051 0.482295 0.144251 0 
0.100274 0.220966 0.0247189 0.878571 0.451629 0.155384 0 
0.100171 0.221263 0.0251079 0.844182 0.374322 0.383719 0 
0.0999607 0.221402 0.0249457 0.810153 0.455412 0.369123 0 
0.100948 0.221216 0.02517 0.869568 0.386645 0.307176 0 
0.101802 0.219858 0.0234502 0.575254 0.752503 -0.32066 0 
0.101756 0.220147 0.0237579 0.555716 0.753376 -0.351575 0 
0.101825 0.220419 0.0239026 0.754296 0.654859 -0.0468771 0 
0.100646 0.22355 0.0231305 0.934471 0.294729 0.199745 0 
0.100275 0.223994 0.0234387 0.698335 0.333703 0.633222 0 
0.0993435 0.221394 0.0257389 0.725861 0.682047 0.0890896 0 
0.099004 0.221327 0.0257513 0.706322 0.706322 0.0470882 0 
0.098574 0.223066 0.0250308 0.805813 0.395698 0.440554 0 
0.0998689 0.221979 0.025561 0.756623 0.640219 0.132819 0 
0.0991197 0.221891 0.0255318 0.721662 0.690223 0.0528742 0 
0.0990738 0.22218 0.0258395 0.675591 0.73558 -0.0499909 0 
0.098857 0.223653 0.0262781 0.78739 0.554788 0.26875 0 
0.0993341 0.223685 0.0266118 0.906799 0.317893 0.276874 0 
