0.127145 0.2051 0.0234281 -0.100984 -0.410854 -0.906091 2 
0.126979 0.205052 0.0235699 -0.0995542 -0.377761 -0.920536 2 
0.126846 0.204887 0.0236399 -0.0995542 -0.377761 -0.920536 2 
0.127077 0.205769 0.0224442 -0.11046 -0.423663 -0.89906 2 
0.127243 0.205602 0.0225126 -0.102314 -0.438689 -0.892795 2 
0.127211 0.205292 0.0230051 -0.100984 -0.410854 -0.906091 2 
0.126814 0.205431 0.0234326 -0.0465632 -0.403104 -0.913969 2 
0.126845 0.205529 0.023009 -0.0579675 -0.416557 -0.907259 2 
0.126612 0.205293 0.0231496 -0.0465632 -0.403104 -0.913969 2 
0.126977 0.205484 0.0227251 -0.101238 -0.500484 -0.859806 2 
0.126777 0.205556 0.022656 -0.0579675 -0.416557 -0.907259 2 
0.126543 0.20532 0.0227967 -0.0433558 -0.374437 -0.926238 2 
0.126411 0.205367 0.0229392 -0.0433558 -0.374437 -0.926238 2 
0.126643 0.205818 0.0224469 0.0462931 0.00720115 -0.998902 2 
0.126577 0.205627 0.0227284 0.091681 -0.107928 -0.989922 2 
0.126312 0.205935 0.0226617 -0.00114373 -0.186429 -0.982468 2 
0.126316 0.205715 0.0235791 0.0790031 -0.140319 -0.986949 2 
0.123152 0.207813 0.022482 -0.831657 -0.466539 0.301144 2 
0.122851 0.207603 0.0224111 -0.831657 -0.466539 0.301144 2 
0.122216 0.206872 0.0227616 -0.831657 -0.466539 0.301144 2 
0.121883 0.206565 0.0229728 -0.80686 -0.571215 0.150634 2 
0.121884 0.20699 0.0228351 -0.829958 -0.485564 0.274584 2 
0.122019 0.207153 0.0230479 -0.831657 -0.466539 0.301144 2 
0.121552 0.207108 0.02305 -0.829958 -0.485564 0.274584 2 
0.121516 0.207017 0.0226251 -0.824476 -0.510097 0.245031 2 
0.12155 0.207111 0.0226257 -0.824476 -0.510097 0.245031 2 
0.121448 0.206188 0.0231133 -0.673931 -0.714028 -0.189688 2 
0.121417 0.206731 0.0230474 -0.793994 -0.59733 0.113008 2 
0.121216 0.206805 0.0228369 -0.809282 -0.558177 0.183034 2 
0.121712 0.206738 0.0220559 -0.79534 -0.590187 0.138255 2 
0.121151 0.207255 0.022629 -0.789375 -0.613337 0.0265454 2 
0.121051 0.207182 0.022841 -0.792218 -0.607981 0.0524366 2 
0.121112 0.206313 0.0224796 -0.819194 -0.531328 0.2159 2 
0.120845 0.206411 0.022199 -0.766502 -0.642205 0.00690543 2 
0.121016 0.206878 0.0226264 -0.804193 -0.585266 0.103626 2 
0.121013 0.206028 0.0227606 -0.735154 -0.674493 -0.0678826 2 
0.114394 0.214698 0.0184145 -0.64872 -0.595079 0.474387 2 
0.113798 0.214908 0.0190558 0.175458 0.642327 0.746076 2 
0.113928 0.214011 0.0190474 -0.477962 -0.288023 0.829817 2 
0.113693 0.213991 0.0188363 -0.394881 -0.0575589 0.916927 2 
0.114092 0.213635 0.0189018 -0.165195 0.150063 0.974778 2 
0.113659 0.213684 0.0189045 -0.454081 -0.133216 0.880945 2 
0.113193 0.21385 0.0189791 -0.475318 -0.0679025 0.87719 2 
0.114193 0.214772 0.018204 -0.68297 -0.623724 0.380159 2 
0.114026 0.214939 0.0179942 -0.440949 0.102188 0.891696 2 
0.113761 0.215246 0.0180689 -0.758067 -0.648328 0.0707529 2 
0.11396 0.214963 0.0180654 -0.448369 0.111739 0.886837 2 
0.113996 0.21484 0.0185592 0.217064 0.694916 0.685547 2 
0.113829 0.215008 0.0183493 -0.675362 -0.733458 0.0769768 2 
0.113631 0.215075 0.018846 0.186387 0.694716 0.694716 2 
0.113597 0.21541 0.0182833 -0.8027 -0.472648 0.363698 2 
0.113466 0.215454 0.0187087 0.0467689 0.619334 0.783734 2 
0.113095 0.214204 0.0190533 -0.543688 -0.00677916 0.83926 2 
0.113362 0.215389 0.0180722 -0.78259 -0.619491 0.0615199 2 
0.11303 0.215294 0.0183559 -0.507933 0.164375 0.845568 2 
0.113025 0.213592 0.018907 -0.473984 -0.0824928 0.876661 2 
0.113567 0.215309 0.0191311 0.15596 0.673807 0.722261 2 
0.113067 0.215169 0.0191325 -0.746113 -0.433174 0.505644 2 
0.112967 0.215525 0.018924 -0.809483 -0.411955 0.418366 2 
0.11313 0.214509 0.0191265 -0.465244 0.0763834 0.881881 2 
0.112899 0.21491 0.0192019 -0.700481 -0.70638 0.101754 2 
0.112828 0.2143 0.0189141 -0.563126 -0.00135693 0.82637 2 
0.112797 0.214629 0.0190585 -0.497359 0.0892696 0.86294 2 
0.112795 0.214633 0.0186343 -0.573736 -0.00136279 0.819039 2 
0.112628 0.214374 0.0187036 -0.562521 -0.00681018 0.826755 2 
0.112698 0.214984 0.0189914 -0.439591 0.176713 0.880643 2 
0.112294 0.214494 0.0186357 -0.5871 0.023595 0.809171 2 
0.112498 0.215057 0.0187809 -0.528165 0.149425 0.835891 2 
0.11286 0.21397 0.0189111 -0.543688 -0.00677916 0.83926 2 
0.112192 0.214214 0.0183509 -0.61072 -0.0208674 0.791571 2 
0.101451 0.227347 0.0123675 -0.772347 -0.0644816 0.63192 2 
0.101215 0.227115 0.0120839 -0.567764 -0.0549449 0.821356 2 
0.101049 0.227494 0.0119466 -0.423621 -0.14406 0.894311 2 
0.100916 0.227115 0.0122268 -0.620292 -0.158469 0.768196 2 
0.101248 0.227637 0.0116639 -0.462481 -0.0420438 0.885632 2 
0.100784 0.227588 0.0120901 -0.399991 -0.477722 0.782169 2 
0.100851 0.227778 0.01195 -0.31934 -0.399561 0.859287 2 
0.100881 0.227236 0.0118745 -0.423279 -0.176002 0.88874 2 
0.101349 0.228348 0.0111038 -0.415299 0.241383 0.877075 2 
0.101016 0.228467 0.0111773 -0.429612 0.232021 0.872697 2 
0.100482 0.227592 0.0118089 -0.275709 -0.421941 0.863684 2 
0.0998263 0.229524 0.0122532 -0.269045 -0.638384 0.721167 2 
0.100788 0.228437 0.0120975 -0.115419 -0.816697 0.565406 2 
0.10092 0.227536 0.0126547 -0.650824 -0.374018 0.66071 2 
0.100953 0.227844 0.0124451 -0.38425 -0.69429 0.608534 2 
0.100551 0.227564 0.0123033 -0.369984 -0.623218 0.688993 2 
0.100083 0.227735 0.0118122 -0.196456 -0.558909 0.805621 2 
0.0999169 0.227474 0.0121644 -0.162461 -0.730316 0.66351 2 
0.0994864 0.227946 0.012312 -0.199305 -0.659715 0.724605 2 
0.0989534 0.227924 0.0123854 -0.110205 -0.615679 0.780252 2 
0.0998821 0.228877 0.0106916 0.0441516 -0.421447 0.905777 2 
0.0997473 0.228287 0.0108994 -0.0321812 -0.112079 0.993178 2 
0.100045 0.228717 0.010053 -0.0819499 0.369447 0.925631 2 
0.0990535 0.229704 0.0109152 0.258661 -0.390235 0.883635 2 
0.0989887 0.229725 0.0112693 0.292019 -0.376749 0.879082 2 
0.099684 0.228305 0.0115363 0.0999394 -0.27386 0.956563 2 
0.0997168 0.228614 0.0111852 0.0706699 -0.289104 0.954686 2 
0.0994823 0.228594 0.0109741 0.0978473 -0.235088 0.967036 2 
0.0994209 0.229036 0.0116147 0.0744004 -0.503958 0.860518 2 
0.0992863 0.229086 0.0113329 0.140329 -0.412483 0.900092 2 
0.0992184 0.228471 0.0116108 0.0872142 -0.436071 0.895676 2 
0.0992245 0.229102 0.0122527 -0.0519801 -0.554923 0.830276 2 
0.0991203 0.228825 0.0116851 0.115754 -0.478734 0.870296 2 
0.0989217 0.228894 0.0118989 0.134348 -0.472384 0.871094 2 
0.0993167 0.228759 0.0110471 0.137193 -0.316496 0.938621 2 
0.0992483 0.228786 0.0106941 0.132447 -0.287638 0.948537 2 
0.0984107 0.228132 0.0104099 0.172954 -0.19116 0.966201 2 
0.100847 0.226929 0.0119427 -0.449639 -0.108534 0.886592 2 
0.100647 0.226573 0.0122942 -0.574394 -0.187402 0.796839 2 
0.100713 0.226978 0.0118024 -0.381857 -0.08833 0.919991 2 
0.100446 0.226647 0.0120838 -0.374017 -0.200727 0.905439 2 
0.100213 0.227052 0.0117349 -0.256502 -0.245289 0.934901 2 
0.100245 0.226722 0.0117319 -0.221275 -0.102419 0.969818 2 
0.100114 0.226125 0.0126467 -0.564262 -0.352867 0.746387 2 
0.0998787 0.225678 0.0127148 -0.488442 -0.303116 0.818257 2 
0.100213 0.22641 0.0123658 -0.450298 -0.405107 0.795688 2 
0.100011 0.226272 0.0120828 -0.220964 -0.175977 0.959274 2 
0.0999777 0.225964 0.0122925 -0.266546 -0.0538098 0.962319 2 
0.100181 0.227168 0.0119482 -0.282806 -0.423445 0.860648 2 
0.0997792 0.226888 0.0118065 -0.161676 -0.404906 0.899951 2 
0.0998804 0.22717 0.0118084 -0.16734 -0.437995 0.883265 2 
0.0997443 0.226368 0.0119436 -0.16659 -0.0602561 0.984183 2 
0.0996431 0.226086 0.0119416 -0.173793 -0.0887197 0.980778 2 
0.0993106 0.226205 0.0120151 -0.145167 -0.120769 0.982009 2 
0.0994119 0.226487 0.012017 -0.146829 -0.417678 0.896653 2 
0.0988093 0.226067 0.0118751 -0.0122752 -0.141723 0.98983 2 
0.0993184 0.227474 0.0124503 -0.213278 -0.649175 0.730127 2 
0.0992825 0.227383 0.0120254 0.0992979 -0.175304 0.979494 2 
0.0990507 0.227572 0.0121697 -0.0230552 -0.503147 0.863893 2 
0.0991827 0.227098 0.0123063 -0.0233865 -0.274483 0.961307 2 
0.0988132 0.226701 0.0120927 0.0128862 -0.207351 0.978182 2 
0.0990108 0.225992 0.012227 -0.142215 -0.34104 0.929229 2 
0.0989113 0.226348 0.0120184 -0.00109793 -0.130653 0.991428 2 
0.0990069 0.225357 0.0120094 -0.126009 -0.0442733 0.991041 2 
0.0989096 0.22571 0.012225 -0.0697978 -0.154975 0.98545 2 
0.0986419 0.225807 0.0119444 -0.033715 -0.1709 0.984711 2 
0.0986738 0.225477 0.0119414 -0.107611 -0.148721 0.983007 2 
0.0987042 0.22515 0.0116556 -0.110871 0.125177 0.98592 2 
0.0984077 0.226213 0.0114541 0.0507696 -0.173561 0.983514 2 
0.0988156 0.227338 0.0120274 0.0703453 -0.35969 0.930416 2 
0.0988482 0.227007 0.0121658 0.00610176 -0.286783 0.957976 2 
0.0986475 0.22708 0.0119554 0.104345 -0.251201 0.962294 2 
0.0987183 0.22769 0.0122431 0.0231217 -0.512757 0.858222 2 
0.0986811 0.227388 0.0117457 0.112677 -0.298262 0.94781 2 
0.0983182 0.227835 0.012105 0.203706 -0.408877 0.889564 2 
0.0982155 0.227555 0.0118203 0.192836 -0.390023 0.900387 2 
0.0983143 0.2272 0.0118874 0.162108 -0.322831 0.93247 2 
0.0986132 0.226773 0.0120236 0.120498 -0.242292 0.962691 2 
0.0985119 0.226491 0.0120217 0.0844617 -0.240779 0.966898 2 
0.0983455 0.226871 0.011743 0.103878 -0.346709 0.932203 2 
0.0983111 0.226564 0.0118112 0.117357 -0.241163 0.963363 2 
0.098309 0.226568 0.011387 0.113657 -0.188596 0.975455 2 
0.0982398 0.226596 0.0108926 0.116108 -0.152773 0.981417 2 
0.0981425 0.226948 0.0111082 0.135076 -0.185571 0.973303 2 
0.0980473 0.227297 0.0117482 0.205274 -0.32136 0.924441 2 
0.0978465 0.22737 0.0115377 0.208857 -0.295765 0.932149 2 
0.0977119 0.22742 0.011256 0.185655 -0.314078 0.931068 2 
0.0982116 0.22692 0.0116026 0.116074 -0.302861 0.94594 2 
0.0980091 0.226355 0.0115988 0.124331 -0.219181 0.96773 2 
0.0978093 0.227068 0.0110403 0.139939 -0.175239 0.97453 2 
0.098508 0.225856 0.0118041 -0.0128163 -0.199236 0.979868 2 
0.0986054 0.225504 0.0115884 -0.10931 -0.104608 0.988488 2 
0.098206 0.225647 0.0115917 -0.0416664 -0.118242 0.99211 2 
0.0985041 0.225222 0.0115865 -0.143589 -0.0260043 0.989296 2 
0.0982683 0.22499 0.0113029 -0.225639 -0.0970624 0.969364 2 
0.098104 0.225366 0.0114483 -0.118562 -0.150342 0.981499 2 
0.0986093 0.226139 0.011806 0.0299704 -0.221781 0.974636 2 
0.0980417 0.226024 0.0117372 0.0627271 -0.22262 0.972885 2 
0.0978066 0.225791 0.011595 -0.0335109 -0.165244 0.985683 2 
0.09794 0.226383 0.0111044 0.105432 -0.151483 0.982821 2 
0.0978044 0.225794 0.0111707 -0.0797269 -0.114391 0.990231 2 
0.0981026 0.225369 0.0111655 -0.143948 -0.110078 0.983444 2 
0.0980997 0.225374 0.0105999 -0.209222 -0.024823 0.977553 2 
0.0978388 0.226101 0.0111025 -0.0162756 -0.0987385 0.99498 2 
0.0978741 0.225979 0.0115963 0.0252414 -0.23198 0.972393 2 
0.0976872 0.227952 0.0124628 0.26791 -0.413218 0.87033 2 
0.0977214 0.227404 0.0130944 0.222337 -0.434228 0.872933 2 
0.0978176 0.227695 0.0121064 0.249307 -0.392622 0.885265 2 
0.0973856 0.22817 0.0119713 0.463224 -0.351795 0.813427 2 
0.0973498 0.227865 0.0117567 0.437623 -0.330962 0.836032 2 
0.0968088 0.226788 0.0111845 0.30445 -0.298567 0.904526 2 
0.0965642 0.223793 0.0115135 -0.45012 0.14237 0.881545 2 
0.0963296 0.223772 0.0113023 -0.403314 0.140099 0.904273 2 
0.103571 0.228158 0.0156164 -0.88558 0.151197 -0.43919 2 
0.103471 0.228088 0.015687 -0.900744 0.125456 -0.415837 2 
0.103306 0.228251 0.0159015 -0.921332 0.288904 -0.260158 2 
0.103239 0.228277 0.0156899 -0.915688 0.357446 -0.183707 2 
0.103106 0.228325 0.015691 -0.915688 0.357446 -0.183707 2 
0.102873 0.228088 0.015973 -0.982544 0.135145 -0.12784 2 
0.10333 0.227294 0.0148323 -0.907171 -0.39803 0.136427 2 
0.102639 0.227852 0.0161136 -0.976545 0.0105763 -0.215052 2 
0.102413 0.228244 0.0171788 -0.351573 -0.251544 -0.901733 2 
0.102247 0.228197 0.0173207 -0.351573 -0.251544 -0.901733 2 
0.101914 0.228315 0.0173942 0.241234 -0.564955 -0.78907 2 
0.101576 0.227589 0.0170361 -0.526222 -0.175407 -0.83206 2 
0.101545 0.227918 0.0171805 -0.351573 -0.251544 -0.901733 2 
0.101377 0.22766 0.0171085 -0.351573 -0.251544 -0.901733 2 
0.103339 0.228775 0.0153401 -0.896501 0.372438 -0.23995 2 
0.10304 0.228989 0.0152728 -0.90146 0.354408 -0.248526 2 
0.102874 0.22894 0.0155561 -0.915429 0.348121 -0.201996 2 
0.102575 0.229368 0.0152785 -0.911412 0.364851 -0.190295 2 
0.102375 0.229226 0.0154197 -0.89377 0.443453 -0.067273 2 
0.102972 0.228374 0.0155507 -0.900364 0.405092 -0.158888 2 
0.103137 0.22821 0.0153362 -0.90745 0.37077 -0.197648 2 
0.102706 0.228682 0.015484 -0.89028 0.44303 -0.105483 2 
0.102538 0.22821 0.0156222 -0.890008 0.455072 -0.0281903 2 
0.102672 0.228803 0.0151316 -0.889886 0.449787 -0.0761178 2 
0.102505 0.228755 0.0152735 -0.889714 0.451065 -0.0703495 2 
0.102373 0.228588 0.0156263 -0.901809 0.430135 -0.0415395 2 
0.102631 0.228507 0.0139271 -0.804228 0.591469 0.058154 2 
0.102072 0.229232 0.0148556 -0.841639 0.531939 0.0931968 2 
0.101873 0.229303 0.0149279 -0.845845 0.525254 0.0930286 2 
0.102736 0.228782 0.0147775 -0.859419 0.510748 0.0231539 2 
0.102205 0.228971 0.0150648 -0.873993 0.485849 0.00936899 2 
0.1023 0.228622 0.0144248 -0.819423 0.565963 0.090727 2 
0.102079 0.229221 0.0161283 -0.911076 0.355507 -0.208698 2 
0.101878 0.229295 0.0159178 -0.865224 0.499326 -0.0453933 2 
0.102242 0.228633 0.0159102 -0.922463 0.345043 -0.173226 2 
0.102207 0.228967 0.015489 -0.901809 0.430135 -0.0415395 2 
0.102076 0.229012 0.0157729 -0.893364 0.436164 -0.107989 2 
0.10148 0.228581 0.0169037 0.241234 -0.564955 -0.78907 2 
0.101577 0.228871 0.0160571 -0.966837 0.231172 -0.108562 2 
0.101578 0.229082 0.0161297 -0.82959 0.558088 -0.0178259 2 
0.101411 0.228608 0.0165507 -0.897062 0.420897 -0.13463 2 
0.101843 0.22963 0.0153552 -0.868403 0.494867 0.0313552 2 
0.101976 0.229368 0.0155644 -0.888735 0.457179 -0.0337153 2 
0.101674 0.229373 0.0151417 -0.843043 0.522716 0.126675 2 
0.101675 0.229372 0.0152831 -0.842214 0.526202 0.117417 2 
0.101942 0.229061 0.0156326 -0.872386 0.488802 0.00399566 2 
0.101674 0.229159 0.015352 -0.885044 0.463595 0.042145 2 
0.101442 0.229135 0.0155651 -0.848894 0.528352 0.0149405 2 
0.101541 0.228566 0.0158425 -0.601978 0.753658 -0.263859 2 
0.101341 0.228852 0.0155632 -0.686785 0.72422 0.0619114 2 
0.101341 0.229279 0.015284 -0.762304 0.595698 0.253054 2 
0.101506 0.228901 0.0152799 -0.730673 0.663834 0.159502 2 
0.101246 0.229627 0.0159239 -0.79534 0.590187 0.138255 2 
0.101405 0.227977 0.0159089 -0.601978 0.753658 -0.263859 2 
0.101933 0.226725 0.0159661 -0.943124 -0.328997 -0.0477368 2 
0.101836 0.227077 0.0161817 -0.984645 0.0699086 -0.15996 2 
0.101435 0.227009 0.0161125 -0.66047 0.593587 -0.459821 2 
0.101337 0.227576 0.0159765 -0.601978 0.753658 -0.263859 2 
0.101435 0.227224 0.0157608 -0.980103 -0.0366504 0.195075 2 
0.101578 0.22844 0.0167606 -0.893536 0.166004 -0.417176 2 
0.101241 0.227712 0.0166853 -0.888315 0.0561185 -0.455792 2 
0.101444 0.22849 0.0164788 -0.914012 0.226698 -0.336437 2 
0.101306 0.227905 0.0161209 -0.879543 0.465806 -0.0971016 2 
0.101407 0.227973 0.0163331 -0.982544 0.135145 -0.12784 2 
0.101405 0.227336 0.0163983 -0.971486 0.194297 -0.135881 2 
0.101239 0.22857 0.0155613 -0.897746 0.434482 0.0726421 2 
0.101204 0.22805 0.0156984 -0.871937 0.489201 0.0202149 2 
0.101038 0.228431 0.0154197 -0.379822 -0.88425 0.27173 2 
0.100969 0.227817 0.0155562 -0.845065 -0.305464 0.438814 2 
0.101035 0.228009 0.0151332 -0.569408 -0.686295 0.45252 2 
0.101136 0.227649 0.015766 -0.715725 0.659344 -0.230222 2 
0.100968 0.227179 0.0157628 -0.962931 0.0485826 0.265336 2 
0.100767 0.227252 0.0155524 -0.861568 -0.259838 0.436102 2 
0.101375 0.228519 0.0159844 -0.908061 0.411017 -0.0805648 2 
0.101039 0.227789 0.0160506 -0.879543 0.465806 -0.0971016 2 
0.100805 0.228193 0.0157017 -0.340528 -0.900703 0.269769 2 
0.101737 0.229355 0.0145048 -0.789988 0.590603 0.164644 2 
0.101839 0.229637 0.0145067 -0.825851 0.552024 0.115066 2 
0.1017 0.228839 0.0142177 -0.803481 0.571331 0.167329 2 
0.101435 0.229146 0.0142924 -0.673541 0.707763 0.213107 2 
0.101338 0.229498 0.0145081 -0.620255 0.731869 0.282224 2 
0.10137 0.228954 0.0147153 -0.710446 0.660037 0.244167 2 
0.101204 0.228906 0.0148572 -0.646738 0.736263 0.199115 2 
0.101068 0.228745 0.014503 -0.795796 0.40839 0.447131 2 
0.100868 0.228176 0.0149234 -0.50631 -0.718794 0.476429 2 
0.100764 0.227257 0.0149867 -0.60051 -0.586977 0.542996 2 
0.100639 0.228786 0.0153541 -0.314951 -0.918966 0.237292 2 
0.101351 0.229263 0.0171224 0.484985 -0.649443 -0.585674 2 
0.101314 0.22896 0.0167664 0.384129 -0.651206 -0.654504 2 
0.101366 0.22661 0.0158973 -0.956468 -0.193969 0.218048 2 
0.101266 0.226753 0.0157576 -0.931267 -0.162382 0.326151 2 
0.100967 0.226753 0.0159006 -0.958427 0.259493 0.118662 2 
0.100866 0.226896 0.0157609 -0.962931 0.0485826 0.265336 2 
0.100766 0.226827 0.0156901 -0.962931 0.0485826 0.265336 2 
0.100664 0.226973 0.0151262 -0.669166 -0.501456 0.548415 2 
0.100732 0.226946 0.0154792 -0.854283 -0.245169 0.458359 2 
0.112383 0.213514 0.0173539 -0.612027 -0.100787 0.784388 1 
0.111982 0.213661 0.016933 -0.652173 -0.0798876 0.753849 1 
0.111735 0.211524 0.0161379 -0.869374 -0.0887691 0.486117 1 
0.111731 0.210675 0.0161306 -0.691039 -0.179272 0.700233 1 
0.1119 0.211146 0.0161339 -0.691039 -0.179272 0.700233 1 
0.111531 0.210749 0.0159202 -0.691039 -0.179272 0.700233 1 
0.1115 0.211076 0.016206 -0.691039 -0.179272 0.700233 1 
0.11133 0.210822 0.0157097 -0.691039 -0.179272 0.700233 1 
0.111494 0.210446 0.0155642 -0.738161 -0.15612 0.656312 1 
0.111293 0.210519 0.0153537 -0.716143 -0.196437 0.66974 1 
0.111192 0.210237 0.0153518 -0.716143 -0.196437 0.66974 1 
0.111975 0.212391 0.0166392 -0.778841 -0.00413544 0.627208 1 
0.111743 0.212793 0.0165731 -0.770131 -0.00413308 0.637872 1 
0.111709 0.212485 0.0167828 -0.847284 0.0204658 0.530746 1 
0.111607 0.212632 0.0162189 -0.890972 0.00394818 0.454041 1 
0.11154 0.212228 0.0165693 -0.819698 -0.134401 0.556804 1 
0.111101 0.21122 0.0162093 -0.691039 -0.179272 0.700233 1 
0.0982298 0.228813 0.0135282 -0.328198 -0.596576 0.732382 1 
0.0983637 0.228764 0.0136685 -0.417248 -0.606755 0.676574 1 
0.0980512 0.232268 0.0147611 0.560869 -0.0461563 0.826617 1 
0.0981447 0.231281 0.0143278 0.687701 -0.156365 0.708955 1 
0.0980092 0.230692 0.0143941 0.523053 -0.249886 0.814845 1 
0.0980351 0.229517 0.0139595 -0.331064 -0.579766 0.744491 1 
0.0979339 0.229235 0.0139576 -0.302653 -0.590895 0.747826 1 
0.0977346 0.229306 0.01403 0.495091 -0.32953 0.803925 1 
0.0977319 0.228883 0.0138849 0.252488 -0.463659 0.849276 1 
0.0973374 0.229445 0.0144575 0.495977 -0.321672 0.806557 1 
0.097472 0.229395 0.0147393 0.394323 -0.350682 0.84943 1 
0.0972734 0.229465 0.014953 0.319239 -0.346473 0.882068 1 
0.0972712 0.229468 0.0145288 0.427258 -0.333355 0.840431 1 
0.0970414 0.229867 0.014887 0.593776 -0.245971 0.766112 1 
0.0988767 0.232729 0.0128515 0.631998 -0.132973 0.763477 1 
0.0987754 0.232446 0.0128496 0.689576 -0.139718 0.710608 1 
0.0980305 0.228884 0.0136006 -0.271259 -0.594867 0.756671 1 
0.0977302 0.229313 0.0131815 0.598727 -0.277924 0.751188 1 
0.0982602 0.228485 0.0132423 -0.234367 -0.566517 0.790019 1 
0.0979914 0.228158 0.0130995 -0.063466 -0.540166 0.839162 1 
0.0979621 0.228911 0.0132475 0.134762 -0.488332 0.862189 1 
0.0974574 0.228351 0.012821 0.380594 -0.377462 0.844198 1 
0.0976601 0.228702 0.0130352 0.378007 -0.384281 0.842282 1 
0.0976258 0.228395 0.0131034 0.331562 -0.390163 0.858976 1 
0.0975903 0.228731 0.0123993 0.437983 -0.3526 0.826949 1 
0.0972567 0.228424 0.0126106 0.528759 -0.335899 0.779478 1 
0.0986154 0.233029 0.0136333 0.51958 -0.0778663 0.850866 1 
0.0982812 0.23251 0.0139134 0.558418 -0.0403844 0.828576 1 
0.0980787 0.231945 0.0139096 0.662266 -0.104724 0.741915 1 
0.0980766 0.231949 0.0134853 0.727973 -0.123562 0.67438 1 
0.0983163 0.232816 0.0139866 0.52304 -0.0372614 0.851493 1 
0.0982133 0.231895 0.0141913 0.610484 -0.0855548 0.787394 1 
0.0983146 0.232177 0.0141932 0.572306 -0.055111 0.818186 1 
0.0982459 0.231564 0.0143297 0.622887 -0.129334 0.771547 1 
0.0980452 0.231637 0.0141192 0.672752 -0.12381 0.729436 1 
0.0978444 0.23171 0.0139087 0.674187 -0.139642 0.725239 1 
0.0975134 0.231827 0.014265 0.582867 -0.0973867 0.806711 1 
0.097351 0.232628 0.0144142 0.558418 -0.0403844 0.828576 1 
0.0972147 0.23204 0.0143391 0.567003 -0.0818207 0.819642 1 
0.0970836 0.232298 0.0145542 0.560869 -0.0461563 0.826617 1 
0.0967513 0.232202 0.0148379 0.558418 -0.0403844 0.828576 1 
0.0965182 0.232179 0.0149096 0.558418 -0.0403844 0.828576 1 
0.0979044 0.230202 0.0138954 0.541863 -0.28278 0.791467 1 
0.0975377 0.230014 0.0140371 0.70875 -0.206267 0.674631 1 
0.0980108 0.23133 0.0141875 0.687701 -0.156365 0.708955 1 
0.0977772 0.231094 0.0143281 0.685725 -0.172577 0.707106 1 
0.0979111 0.231045 0.0144684 0.646693 -0.178873 0.74148 1 
0.0976098 0.230835 0.0143974 0.650376 -0.186041 0.736478 1 
0.0975117 0.231189 0.0144717 0.645222 -0.155639 0.747974 1 
0.0976777 0.23145 0.0141195 0.62617 -0.162228 0.762623 1 
0.0976108 0.231475 0.0140493 0.678881 -0.15271 0.718192 1 
0.097346 0.231568 0.0143344 0.62905 -0.142625 0.764169 1 
0.0975102 0.231191 0.0141888 0.646693 -0.178873 0.74148 1 
0.0972766 0.230955 0.0143294 0.658966 -0.18279 0.729624 1 
0.0975085 0.230553 0.0143955 0.698017 -0.206762 0.685581 1 
0.0972058 0.230345 0.0140417 0.698537 -0.223469 0.679785 1 
0.0969747 0.230532 0.0143273 0.68871 -0.206768 0.694928 1 
0.0970106 0.231691 0.0138422 0.640214 -0.155891 0.752213 1 
0.097702 0.229637 0.0138916 0.620171 -0.250909 0.743258 1 
0.097702 0.229637 0.0138916 0.620171 -0.250909 0.743258 1 
0.0975033 0.229707 0.0141053 0.692821 -0.220514 0.686566 1 
0.097567 0.22926 0.013889 0.670031 -0.233805 0.704552 1 
0.0975012 0.22971 0.0136811 0.70472 -0.213127 0.676718 1 
0.09743 0.228674 0.0136725 0.657856 -0.255217 0.708583 1 
0.0973048 0.229776 0.0143191 0.666054 -0.237764 0.706994 1 
0.0973039 0.229992 0.0139674 0.707763 -0.213107 0.673541 1 
0.0968954 0.228654 0.013463 0.65554 -0.290105 0.697213 1 
0.0970797 0.231663 0.0143365 0.621925 -0.123198 0.773325 1 
0.0970448 0.231143 0.0144737 0.650924 -0.172259 0.73934 1 
0.0970111 0.231049 0.014473 0.650924 -0.172259 0.73934 1 
0.0967799 0.23145 0.0145484 0.621925 -0.123198 0.773325 1 
0.096615 0.231614 0.0147628 0.582867 -0.0973867 0.806711 1 
0.0966423 0.230651 0.0144008 0.694479 -0.209742 0.688264 1 
0.0962815 0.231307 0.014974 0.547704 -0.10896 0.829547 1 
0.0964125 0.231049 0.014759 0.640214 -0.155891 0.752213 1 
0.0961488 0.231782 0.014696 0.565801 -0.0787824 0.820769 1 
0.0971554 0.228142 0.0126086 0.549655 -0.322101 0.770799 1 
0.0972196 0.227908 0.0123234 0.508228 -0.323418 0.798189 1 
0.106224 0.229999 0.0113051 -0.395807 0.664094 -0.634284 1 
0.107552 0.233649 0.013734 -0.245173 0.828038 -0.504225 1 
0.107488 0.233669 0.0142295 -0.288366 0.865099 -0.410426 1 
0.107385 0.23339 0.0138033 -0.28057 0.813497 -0.509415 1 
0.10762 0.232983 0.014435 -0.28057 0.813497 -0.509415 1 
0.107353 0.23308 0.0142958 -0.28057 0.813497 -0.509415 1 
0.107214 0.232923 0.0133759 -0.238917 0.769844 -0.591827 1 
0.10685 0.232944 0.013873 -0.229758 0.754921 -0.614252 1 
0.106848 0.232948 0.0134487 -0.232716 0.754375 -0.613809 1 
0.107386 0.233174 0.0142965 -0.28057 0.813497 -0.509415 1 
0.107186 0.23346 0.0140171 -0.263404 0.815149 -0.515897 1 
0.106952 0.233011 0.0142266 -0.231744 0.78544 -0.573915 1 
0.106819 0.233059 0.0142277 -0.231744 0.78544 -0.573915 1 
0.106784 0.232752 0.0142959 -0.27301 0.784311 -0.557066 1 
0.106584 0.232826 0.0140854 -0.24002 0.742022 -0.625934 1 
0.106151 0.232875 0.0140881 -0.243777 0.731332 -0.636966 1 
0.106482 0.232543 0.0140835 -0.254032 0.752629 -0.607468 1 
0.106149 0.232663 0.0140156 -0.250219 0.747511 -0.615319 1 
0.106942 0.232387 0.0128777 -0.243623 0.752874 -0.611415 1 
0.10678 0.232973 0.0132371 -0.236343 0.762246 -0.602597 1 
0.106648 0.232806 0.01359 -0.246227 0.760638 -0.600668 1 
0.107107 0.232864 0.0120324 -0.189149 0.748906 -0.635109 1 
0.106071 0.232279 0.0121034 -0.254879 0.726642 -0.637988 1 
0.105876 0.232343 0.0130242 -0.240399 0.727481 -0.642635 1 
0.106041 0.232607 0.0123893 -0.251004 0.740382 -0.623563 1 
0.106481 0.23276 0.0135904 -0.243047 0.754231 -0.60997 1 
0.106246 0.232526 0.0134482 -0.236752 0.735342 -0.634997 1 
0.106148 0.232665 0.0137327 -0.250219 0.747511 -0.615319 1 
0.106012 0.232077 0.0136577 -0.240399 0.727481 -0.642635 1 
0.106013 0.232289 0.0137302 -0.236752 0.735342 -0.634997 1 
0.105944 0.232317 0.0132358 -0.240399 0.727481 -0.642635 1 
0.105876 0.232129 0.0132345 -0.24057 0.718565 -0.652526 1 
0.105576 0.23213 0.0132361 -0.24057 0.718565 -0.652526 1 
0.105045 0.232319 0.0135233 -0.24057 0.718565 -0.652526 1 
0.105011 0.232652 0.013102 -0.24057 0.718565 -0.652526 1 
0.10491 0.23237 0.0131002 -0.24057 0.718565 -0.652526 1 
0.104882 0.232694 0.0138102 -0.247553 0.739506 -0.625978 1 
0.104954 0.233302 0.0143808 0.345169 -0.469239 -0.812818 1 
0.106532 0.230839 0.0121593 -0.345251 0.753716 -0.559209 1 
0.105974 0.231777 0.0130188 -0.24057 0.718565 -0.652526 1 
0.105834 0.231407 0.0121678 -0.254879 0.726642 -0.637988 1 
0.105838 0.232042 0.0123854 -0.24057 0.718565 -0.652526 1 
0.105636 0.231477 0.0123816 -0.24057 0.718565 -0.652526 1 
0.105432 0.230915 0.0120949 -0.269233 0.712113 -0.648389 1 
0.105295 0.230327 0.0120198 -0.28302 0.695557 -0.660379 1 
0.105177 0.232059 0.0134497 -0.24057 0.718565 -0.652526 1 
0.104841 0.231756 0.0132366 -0.24057 0.718565 -0.652526 1 
0.105038 0.231048 0.0132295 -0.407024 0.72012 -0.561924 1 
0.104744 0.232108 0.0134523 -0.24057 0.718565 -0.652526 1 
0.104207 0.231025 0.0135872 -0.693114 0.674081 -0.255358 1 
0.104239 0.231335 0.0132361 -0.618578 0.658594 -0.428503 1 
0.104369 0.230651 0.0131588 -0.689578 0.600281 -0.405148 1 
0.10374 0.230979 0.0137306 -0.734438 0.66205 -0.149301 1 
0.103572 0.230721 0.0136585 -0.758791 0.590874 -0.274052 1 
0.10506 0.230735 0.0112467 -0.344153 0.673626 -0.654054 1 
0.104928 0.230781 0.0115306 -0.298017 0.67819 -0.671747 1 
0.104861 0.230805 0.0114605 -0.29802 0.674976 -0.674976 1 
0.104663 0.230875 0.0116742 -0.340305 0.692007 -0.636647 1 
0.104565 0.231014 0.0119588 -0.269504 0.684125 -0.677746 1 
0.105224 0.230359 0.0111012 -0.391405 0.652342 -0.649039 1 
0.104928 0.230567 0.0117409 -0.298017 0.67819 -0.671747 1 
0.10463 0.230565 0.0120253 -0.336659 0.635912 -0.694461 1 
0.104631 0.230564 0.0121667 -0.329499 0.641143 -0.693084 1 
0.104107 0.232023 0.0127477 -0.255288 0.70244 -0.664384 1 
0.104369 0.231293 0.0125279 -0.304527 0.678338 -0.668671 1 
0.10434 0.231618 0.0130966 -0.297576 0.712573 -0.635364 1 
0.104338 0.231621 0.0128138 -0.255288 0.70244 -0.664384 1 
0.104109 0.232019 0.013172 -0.301261 0.707238 -0.639575 1 
0.103842 0.232116 0.0130328 -0.314662 0.714848 -0.624484 1 
0.104072 0.231502 0.0130262 -0.526406 0.667678 -0.526406 1 
0.103759 0.229602 0.0120922 -0.696932 0.61494 -0.368964 1 
0.103603 0.230607 0.0131624 -0.757295 0.448463 -0.474747 1 
0.103371 0.230794 0.0134481 -0.775674 0.520879 -0.356391 1 
0.103501 0.230753 0.0127399 -0.7125 0.460052 -0.529808 1 
0.103071 0.231224 0.013029 -0.728289 0.496033 -0.472807 1 
0.103594 0.22998 0.0120963 -0.665456 0.60875 -0.431963 1 
0.103481 0.232559 0.0138163 -0.303871 0.71868 -0.625429 1 
0.103178 0.232138 0.0135314 -0.590884 0.657839 -0.467016 1 
0.103543 0.231688 0.0135963 -0.67115 0.658087 -0.341291 1 
0.10311 0.231523 0.0138093 -0.731256 0.581422 -0.35667 1 
0.102974 0.231576 0.0132447 -0.722736 0.503423 -0.473517 1 
0.103077 0.231855 0.0136709 -0.7152 0.569848 -0.404675 1 
0.102816 0.232583 0.0140321 -0.572417 0.606188 -0.552155 1 
0.103109 0.232166 0.013037 -0.434921 0.651548 -0.621554 1 
0.102876 0.231928 0.0134604 -0.691589 0.510737 -0.510737 1 
0.103274 0.231147 0.0136637 -0.755625 0.554988 -0.347879 1 
0.0993337 0.208091 0.0187887 -0.780479 -0.103966 -0.616476 1 
0.0995644 0.207477 0.0187822 -0.791096 -0.067236 -0.607985 1 
0.0992651 0.207477 0.0189252 -0.791096 -0.067236 -0.607985 1 
0.1003 0.212122 0.0154242 -0.836495 0.482179 0.260346 1 
0.0998397 0.212708 0.016068 -0.743744 0.52374 0.41538 1 
0.0996389 0.212782 0.0158576 -0.772929 0.538319 0.335847 1 
0.100112 0.210894 0.0185967 -0.736376 -0.303214 -0.604823 1 
0.0998738 0.210451 0.0180991 -0.736376 -0.303214 -0.604823 1 
0.0990424 0.211069 0.0179673 -0.763123 -0.294734 -0.57513 1 
0.0994728 0.212734 0.0159994 -0.678017 0.547436 0.490516 1 
0.0991054 0.212333 0.01621 -0.740506 0.489822 0.460136 1 
0.0985751 0.21252 0.0166387 -0.725259 0.509507 0.463037 1 
0.0993727 0.210954 0.0174696 -0.775879 -0.29036 -0.560092 1 
0.0990395 0.211074 0.0174016 -0.757543 -0.309103 -0.574964 1 
0.0989091 0.211331 0.0177581 -0.749529 -0.327214 -0.575445 1 
0.0987083 0.211404 0.0175476 -0.735627 -0.339395 -0.586228 1 
0.0986358 0.211224 0.0165564 -0.716935 -0.325291 -0.616596 1 
0.0984394 0.21129 0.0171945 -0.735627 -0.339395 -0.586228 1 
0.0987803 0.21244 0.0176976 -0.692878 -0.355448 -0.627357 1 
0.0986141 0.212392 0.0178395 -0.710145 -0.347726 -0.612194 1 
0.0983115 0.21197 0.017696 -0.726523 -0.328472 -0.603548 1 
0.0983425 0.211001 0.018041 -0.742137 -0.296534 -0.601083 1 
0.0985097 0.211474 0.0177614 -0.735627 -0.339395 -0.586228 1 
0.0980429 0.211429 0.0177634 -0.720148 -0.343005 -0.603104 1 
0.0984134 0.212465 0.017629 -0.686997 -0.365633 -0.627971 1 
0.0996713 0.209886 0.0180953 -0.816059 -0.222841 -0.533282 1 
0.0997014 0.208918 0.0182989 0.495601 -0.0202562 -0.868314 1 
0.0997647 0.2089 0.017662 0.495601 -0.0202562 -0.868314 1 
0.0996357 0.209368 0.018091 0.426379 -0.0554969 -0.902841 1 
0.0994688 0.209322 0.0180914 0.426379 -0.0554969 -0.902841 1 
0.0992696 0.209179 0.0183741 0.478518 -0.0147443 -0.877954 1 
0.099036 0.208943 0.0185147 0.486026 -0.0175023 -0.873769 1 
0.0997054 0.210407 0.0178167 -0.782877 -0.26621 -0.562348 1 
0.099736 0.209866 0.0177412 -0.815497 -0.225759 -0.532914 1 
0.0996348 0.209583 0.0177393 -0.827016 -0.204857 -0.523524 1 
0.0995657 0.209611 0.0172449 -0.841806 -0.210074 -0.497225 1 
0.099371 0.210316 0.0176763 -0.818468 -0.238912 -0.522524 1 
0.0993697 0.210104 0.0176037 -0.818468 -0.238912 -0.522524 1 
0.0994683 0.209964 0.0174606 -0.818468 -0.238912 -0.522524 1 
0.099335 0.209371 0.0179512 0.373533 -0.0849551 -0.923718 1 
0.0994323 0.209018 0.0177354 0.482826 -0.0174839 -0.875542 1 
0.0990329 0.209162 0.0177387 0.373533 -0.0849551 -0.923718 1 
0.0994982 0.209423 0.0172436 -0.843212 -0.206655 -0.496273 1 
0.0992697 0.210033 0.0176743 -0.818468 -0.238912 -0.522524 1 
0.0989373 0.210152 0.0177478 -0.818468 -0.238912 -0.522524 1 
0.0993687 0.209465 0.0179518 0.373533 -0.0849551 -0.923718 1 
0.0990351 0.209158 0.018163 0.478518 -0.0147443 -0.877954 1 
0.0995333 0.20866 0.0182269 0.495601 -0.0202562 -0.868314 1 
0.0992281 0.207816 0.0179383 -0.780479 -0.103966 -0.616476 1 
0.0991269 0.207533 0.0179364 -0.760245 -0.0890115 -0.643509 1 
0.0988614 0.207627 0.01808 -0.77812 -0.0978125 -0.620453 1 
0.0993681 0.208397 0.0187204 -0.728894 -0.162822 -0.664983 1 
0.099534 0.208659 0.0183683 0.48084 -0.028444 -0.876347 1 
0.0992342 0.208446 0.0185801 0.48084 -0.028444 -0.876347 1 
0.0991018 0.208493 0.0187226 0.48084 -0.028444 -0.876347 1 
0.098899 0.208356 0.0182982 0.48084 -0.028444 -0.876347 1 
0.0990981 0.207644 0.0187153 -0.760245 -0.0890115 -0.643509 1 
0.0993289 0.20874 0.0173093 0.495601 -0.0202562 -0.868314 1 
0.0987003 0.20864 0.0183017 0.495601 -0.0202562 -0.868314 1 
0.0986029 0.208992 0.0185174 0.482826 -0.0174839 -0.875542 1 
0.0987088 0.210762 0.0181785 -0.736376 -0.303214 -0.604823 1 
0.0984427 0.210644 0.018391 -0.744998 -0.296397 -0.597601 1 
0.0983752 0.210455 0.0183897 -0.735657 -0.299712 -0.607438 1 
0.0984406 0.210647 0.0179667 -0.736376 -0.303214 -0.604823 1 
0.0982419 0.210717 0.0181805 -0.744998 -0.296397 -0.597601 1 
0.100017 0.206264 0.0170722 -0.947413 -0.00622479 -0.319954 1 
0.09969 0.206801 0.0178564 -0.948843 -0.0137152 -0.31545 1 
0.099323 0.206826 0.0177878 -0.948843 -0.0137152 -0.31545 1 
0.0988553 0.206996 0.0174381 -0.947413 -0.00622479 -0.319954 1 
0.0996688 0.213096 0.0149409 -0.831555 0.18195 -0.524797 1 
0.0995676 0.212813 0.0149389 -0.835882 0.111547 -0.537456 1 
0.0992395 0.212925 0.0158609 -0.658105 0.587773 0.470553 1 
0.0990059 0.212689 0.0160015 -0.765075 0.527918 0.368731 1 
0.0982094 0.212972 0.0164323 -0.800658 0.537428 0.264797 1 
0.112 0.226942 0.0157039 -0.51139 0.616031 -0.599154 1 
0.112449 0.229003 0.0169922 -0.671678 0.642118 -0.369505 1 
0.112348 0.228721 0.0169903 -0.665629 0.619151 -0.416641 1 
0.112578 0.228962 0.0162841 -0.665629 0.619151 -0.416641 1 
0.112179 0.229105 0.0162873 -0.665629 0.619151 -0.416641 1 
0.112047 0.22915 0.0165713 -0.665629 0.619151 -0.416641 1 
0.112079 0.228606 0.0167786 -0.671131 0.618103 -0.409307 1 
0.11178 0.228393 0.0169904 -0.546934 0.66137 -0.513277 1 
0.111512 0.228491 0.0167098 -0.546934 0.66137 -0.513277 1 
0.111279 0.228254 0.0169918 -0.442368 0.676072 -0.589268 1 
0.112071 0.227979 0.0157125 -0.712231 0.573421 -0.404865 1 
0.111531 0.226901 0.0152817 -0.51496 0.602756 -0.60951 1 
0.111562 0.227212 0.0146478 -0.51139 0.616031 -0.599154 1 
0.111427 0.226836 0.0146452 -0.511309 0.592308 -0.622683 1 
0.111229 0.226906 0.014859 -0.493502 0.597929 -0.631615 1 
0.111328 0.227192 0.0144367 -0.503288 0.607648 -0.614381 1 
0.111129 0.227261 0.0146504 -0.493591 0.604776 -0.624991 1 
0.111843 0.228589 0.0161432 -0.547201 0.658325 -0.516894 1 
0.111369 0.227486 0.0157826 -0.51139 0.616031 -0.599154 1 
0.111472 0.227554 0.0161362 -0.496178 0.617279 -0.610552 1 
0.111078 0.228328 0.0167813 -0.431219 0.657651 -0.617693 1 
0.111758 0.226079 0.0147784 -0.539527 0.590266 -0.600414 1 
0.111156 0.226298 0.0142884 -0.496589 0.57739 -0.64809 1 
0.110887 0.225758 0.0142144 -0.506429 0.503086 -0.70031 1 
0.111061 0.226646 0.0149283 -0.499503 0.590321 -0.634049 1 
0.110658 0.225514 0.0152035 -0.509801 0.573737 -0.641037 1 
0.11051 0.223663 0.0139862 -0.587102 0.295951 -0.753475 1 
0.110685 0.224978 0.0145623 -0.507857 0.491206 -0.70767 1 
0.110321 0.224999 0.0150594 -0.512228 0.49888 -0.6991 1 
0.109819 0.224863 0.0146365 -0.525852 0.479109 -0.702805 1 
0.109747 0.22404 0.0144176 -0.549044 0.269016 -0.791316 1 
0.109164 0.226365 0.0157843 -0.597147 0.590381 -0.543015 1 
0.11029 0.225114 0.0154141 -0.566135 0.539095 -0.623593 1 
0.110157 0.225375 0.0152049 -0.509081 0.556125 -0.656933 1 
0.109958 0.225232 0.0154875 -0.604101 0.566873 -0.560105 1 
0.109358 0.225449 0.0152803 -0.610687 0.559938 -0.559938 1 
0.10959 0.225047 0.0153464 -0.610436 0.539416 -0.579999 1 
0.109289 0.224835 0.0154169 -0.610436 0.539416 -0.579999 1 
0.109188 0.224553 0.0154149 -0.660662 0.337672 -0.67045 1 
0.109057 0.224811 0.01563 -0.638039 0.463876 -0.614594 1 
0.108754 0.224389 0.0154865 -0.628739 0.500631 -0.595026 1 
0.108591 0.224764 0.0157734 -0.566873 0.604101 -0.560105 1 
0.110651 0.225525 0.0139308 -0.507857 0.491206 -0.70767 1 
0.110453 0.225595 0.0141445 -0.507857 0.491206 -0.70767 1 
0.109983 0.224914 0.0140704 -0.520893 0.438212 -0.732558 1 
0.109651 0.224605 0.0145644 -0.532913 0.376462 -0.757813 1 
0.109545 0.22433 0.013714 -0.467089 0.567538 -0.678032 1 
0.109719 0.225005 0.0146382 -0.525852 0.479109 -0.702805 1 
0.10886 0.225519 0.0156371 -0.610687 0.559938 -0.559938 1 
0.110878 0.227972 0.0171328 -0.503014 0.634235 -0.58713 1 
0.108605 0.22474 0.0186017 -0.83621 -0.370074 -0.404719 1 
0.108864 0.225299 0.0165545 -0.609489 0.552085 -0.568969 1 
0.108762 0.225658 0.0159216 -0.610687 0.559938 -0.559938 1 
0.108464 0.225442 0.0165578 -0.639689 0.538419 -0.548546 1 
0.10797 0.225933 0.017201 -0.644724 0.526889 -0.553823 1 
0.108699 0.226317 0.0160691 -0.60999 0.593092 -0.525504 1 
0.108333 0.226342 0.0161419 -0.632938 0.572176 -0.521541 1 
0.108498 0.22639 0.0158586 -0.60999 0.593092 -0.525504 1 
0.108493 0.225118 0.0158477 -0.552262 0.633328 -0.542128 1 
0.108294 0.225187 0.0160614 -0.558114 0.628932 -0.541252 1 
0.108061 0.225805 0.0156437 -0.693769 0.380667 -0.611374 1 
0.108393 0.225047 0.0159183 -0.536709 0.664577 -0.519885 1 
0.108127 0.224928 0.0161308 -0.512332 0.660152 -0.549287 1 
0.107893 0.224692 0.0162714 -0.639689 0.538419 -0.548546 1 
0.107895 0.225329 0.0162062 -0.470026 0.747095 -0.470026 1 
0.108534 0.224131 0.0181725 -0.86055 0.132057 -0.49195 1 
0.102585 0.216191 0.0153768 -0.306239 0.475849 -0.824491 1 
0.103079 0.215699 0.0147336 -0.306433 0.485578 -0.818726 1 
0.102047 0.215749 0.0148808 -0.344854 0.410391 -0.844189 1 
0.10178 0.215846 0.0147416 -0.354045 0.420134 -0.835547 1 
0.101842 0.215188 0.0144527 -0.363996 0.303581 -0.880537 1 
0.101977 0.215138 0.0147344 -0.376247 0.271317 -0.885904 1 
0.101879 0.21549 0.0149501 -0.343369 0.393087 -0.852983 1 
0.101623 0.216424 0.0160909 -0.304502 0.457534 -0.835429 1 
0.0999471 0.214476 0.0160121 -0.815862 0.397553 -0.419906 1 
0.100837 0.213849 0.014517 -0.456691 0.127415 -0.880454 1 
0.100677 0.215285 0.0147424 -0.388033 0.145336 -0.910114 1 
0.100782 0.216202 0.0149619 -0.354846 0.398615 -0.845689 1 
0.10065 0.215822 0.0153836 -0.373929 0.172036 -0.911362 1 
0.100675 0.215289 0.0143182 -0.388033 0.145336 -0.910114 1 
0.10051 0.21524 0.0146014 -0.416029 0.152973 -0.896392 1 
0.100405 0.213681 0.0150128 -0.684922 0.265387 -0.678566 1 
0.100204 0.213755 0.0148023 -0.632427 0.223302 -0.741736 1 
0.100111 0.214741 0.0152356 -0.543982 0.192439 -0.816731 1 
0.100308 0.215102 0.0143184 -0.46701 0.149851 -0.871462 1 
0.0999531 0.216175 0.0157438 -0.509621 0.252487 -0.822519 1 
0.0999685 0.213522 0.0145187 -0.630724 0.0917682 -0.770562 1 
0.0997081 0.213608 0.0156522 -0.874832 0.330154 -0.354497 1 
0.110721 0.214472 0.0110065 -0.364824 0.483753 -0.795541 1 
0.110816 0.214123 0.0103665 -0.364824 0.483753 -0.795541 1 
0.110052 0.213862 0.0110046 -0.364824 0.483753 -0.795541 1 
0.110018 0.213769 0.0108626 -0.364824 0.483753 -0.795541 1 
0.109955 0.214427 0.0111515 -0.364824 0.483753 -0.795541 1 
0.11077 0.2117 0.0098509 -0.31532 0.465921 -0.826735 1 
0.110543 0.212736 0.0101438 -0.364824 0.483753 -0.795541 1 
0.11074 0.212241 0.0100678 -0.31532 0.465921 -0.826735 1 
0.110472 0.212126 0.0098561 -0.31532 0.465921 -0.826735 1 
0.110371 0.211843 0.00985416 -0.31532 0.465921 -0.826735 1 
0.110334 0.21154 0.00949817 -0.31532 0.465921 -0.826735 1 
0.109911 0.212855 0.0103603 -0.364824 0.483753 -0.795541 1 
0.109619 0.213269 0.0116382 -0.364824 0.483753 -0.795541 1 
0.109649 0.213371 0.0107904 -0.364824 0.483753 -0.795541 1 
0.109681 0.213039 0.0109288 -0.364824 0.483753 -0.795541 1 
0.109551 0.213724 0.0108646 -0.364824 0.483753 -0.795541 1 
0.109348 0.2138 0.0103713 -0.364824 0.483753 -0.795541 1 
0.109535 0.211826 0.00950476 -0.31532 0.465921 -0.826735 1 
0.10971 0.212928 0.0101498 -0.364824 0.483753 -0.795541 1 
0.109874 0.212339 0.0100731 -0.364824 0.483753 -0.795541 1 
0.109541 0.212457 0.0101466 -0.364824 0.483753 -0.795541 1 
0.109572 0.21213 0.00986078 -0.333243 0.465908 -0.819682 1 
0.109322 0.214121 0.0113642 -0.364824 0.483753 -0.795541 1 
0.109197 0.214796 0.0124314 -0.840078 -0.529583 -0.117524 1 
0.109454 0.213434 0.0117112 -0.364824 0.483753 -0.795541 1 
0.109121 0.214195 0.0111538 -0.364824 0.483753 -0.795541 1 
0.10866 0.214567 0.0120079 -0.845943 -0.229331 -0.481443 1 
0.10571 0.21657 0.0135254 -0.556347 0.472811 -0.683321 1 
0.10595 0.216796 0.0145161 -0.562499 0.41074 -0.717557 1 
0.105584 0.216607 0.0147992 -0.531499 0.464853 -0.70811 1 
0.105279 0.216401 0.0141626 -0.489365 0.456411 -0.743109 1 
0.104976 0.215554 0.0141568 -0.409296 0.454593 -0.791089 1 
0.104814 0.216567 0.0143786 -0.409296 0.454593 -0.791089 1 
0.105048 0.216162 0.0147274 -0.409296 0.454593 -0.791089 1 
0.104746 0.215953 0.014515 -0.421191 0.469977 -0.775706 1 
0.104648 0.216305 0.0147307 -0.421191 0.469977 -0.775706 1 
0.104478 0.215837 0.0144447 -0.421191 0.469977 -0.775706 1 
0.106673 0.21719 0.0122529 -0.329101 0.3473 -0.878109 1 
0.105509 0.216643 0.0133149 -0.556347 0.472811 -0.683321 1 
0.104942 0.216529 0.0132461 -0.437684 0.453955 -0.776117 1 
0.104844 0.216668 0.0135307 -0.409296 0.454593 -0.791089 1 
0.104575 0.215486 0.0140876 -0.409296 0.454593 -0.791089 1 
0.104372 0.215563 0.0134529 -0.409296 0.454593 -0.791089 1 
0.104646 0.216309 0.0143065 -0.421191 0.469977 -0.775706 1 
0.104577 0.216124 0.013881 -0.409296 0.454593 -0.791089 1 
0.104079 0.21598 0.014448 -0.291459 0.568585 -0.769261 1 
0.104674 0.216413 0.0131758 -0.409296 0.454593 -0.791089 1 
0.104445 0.217024 0.0134651 -0.409296 0.454593 -0.791089 1 
0.105001 0.214593 0.013512 -0.431112 0.460395 -0.776002 1 
0.104872 0.215063 0.0137996 -0.409296 0.454593 -0.791089 1 
0.104834 0.214334 0.0135813 -0.36797 0.486877 -0.79218 1 
0.105036 0.2149 0.0134437 -0.431112 0.460395 -0.776002 1 
0.104866 0.214645 0.0130889 -0.427375 0.459875 -0.778374 1 
0.104835 0.214973 0.0132333 -0.409296 0.454593 -0.791089 1 
0.104564 0.214436 0.0128764 -0.4199 0.45881 -0.783057 1 
0.104129 0.21406 0.0128755 -0.349682 0.450948 -0.821199 1 
0.104538 0.215183 0.0137316 -0.409296 0.454593 -0.791089 1 
0.104203 0.21488 0.0135185 -0.349791 0.487151 -0.800206 1 
0.104169 0.214998 0.0134491 -0.409296 0.454593 -0.791089 1 
0.104501 0.214454 0.0135134 -0.349791 0.487151 -0.800206 1 
0.104131 0.214057 0.0132997 -0.360184 0.481846 -0.798807 1 
0.104073 0.215349 0.0138062 -0.365645 0.500949 -0.784445 1 
0.103538 0.215116 0.0138069 -0.286593 0.661245 -0.693267 1 
0.10344 0.215256 0.0139501 -0.286593 0.661245 -0.693267 1 
0.103702 0.21474 0.01352 -0.257902 0.495728 -0.829301 1 
0.103037 0.214765 0.0137358 -0.31532 0.465921 -0.826735 1 
0.103845 0.215744 0.0145886 -0.302653 0.590895 -0.747826 1 
0.103781 0.216405 0.0144532 -0.282563 0.611423 -0.739135 1 
0.12704 0.202261 0.024677 -0.789426 -0.184047 -0.585605 0 
0.127006 0.202594 0.0243972 -0.835007 -0.240543 -0.494876 0 
0.127068 0.202578 0.0234774 -0.837163 -0.25747 -0.482563 0 
0.126841 0.202973 0.0242599 -0.239838 -0.366378 -0.899024 0 
0.126805 0.202667 0.0241867 -0.831192 -0.238142 -0.502403 0 
0.12664 0.203046 0.0240494 -0.168753 -0.367286 -0.914671 0 
0.127567 0.202079 0.0236827 -0.856894 -0.215353 -0.468355 0 
0.127364 0.201514 0.0236789 -0.337994 -0.941107 -0.00879539 0 
0.126307 0.203166 0.0239814 -0.093633 -0.370461 -0.924117 0 
0.103627 0.22623 0.0150338 -0.938692 -0.344229 -0.0190533 0 
0.102389 0.227857 0.0129328 -0.882181 0.340464 0.325333 0 
0.10229 0.227357 0.0135654 -0.81925 -0.353371 0.451618 0 
0.102157 0.227406 0.0134251 -0.814443 -0.33816 0.471519 0 
0.102022 0.227029 0.0134225 -0.743183 -0.408505 0.529908 0 
0.101418 0.227038 0.0127186 -0.770808 -0.211625 0.600891 0 
0.10128 0.227307 0.0116609 -0.46143 0.093969 0.882186 0 
0.101578 0.227309 0.0112351 -0.330993 0.144209 0.932549 0 
0.101345 0.227073 0.0113757 -0.331511 0.129603 0.934507 0 
0.10131 0.227407 0.0109544 -0.256926 0.223595 0.94021 0 
0.101209 0.227125 0.0109525 -0.241853 0.211792 0.946917 0 
0.101759 0.228187 0.0132217 -0.203127 -0.892883 0.40187 0 
0.10139 0.228003 0.0129392 -0.153712 -0.912399 0.379343 0 
0.10142 0.227034 0.0131428 -0.716995 -0.318844 0.619885 0 
0.101022 0.227816 0.0129395 -0.715462 -0.283304 0.638634 0 
0.124312 0.205373 0.0232329 0.0849163 -0.0826518 -0.992954 0 
0.124211 0.205091 0.023231 0.0755909 -0.16918 -0.982682 0 
0.124043 0.20526 0.0228797 0.108656 0.0697685 -0.991628 0 
0.123979 0.205493 0.023165 0.108656 0.0697685 -0.991628 0 
0.12358 0.205636 0.0231682 0.155633 0.318153 -0.935177 0 
0.123448 0.20611 0.0230316 0.100106 -0.0596139 -0.993189 0 
0.123444 0.205688 0.0227451 0.0892723 -0.0734519 -0.993295 0 
0.123115 0.206228 0.023105 0.119446 -0.102889 -0.987495 0 
0.122705 0.205748 0.021618 -0.763222 -0.645588 0.0266077 0 
0.12288 0.206209 0.0227525 0.105943 -0.389376 -0.914966 0 
0.123045 0.205831 0.0227484 0.119446 -0.102889 -0.987495 0 
0.122884 0.206629 0.0231804 -0.545056 -0.80914 -0.219558 0 
0.122683 0.206703 0.0229699 -0.721437 -0.686316 -0.0921917 0 
0.122646 0.205974 0.0227517 -0.502351 -0.76089 -0.410717 0 
0.122246 0.206117 0.0227549 -0.721437 -0.686316 -0.0921917 0 
0.122216 0.206445 0.0230408 -0.721437 -0.686316 -0.0921917 0 
0.121908 0.206032 0.0219074 -0.831657 -0.466539 0.301144 0 
0.121646 0.206334 0.0225478 -0.80686 -0.571215 0.150634 0 
0.121912 0.208162 0.0209358 0.869593 0.414309 -0.268618 0 
0.120916 0.208302 0.0215078 0.859852 0.328812 -0.390561 0 
0.121308 0.207531 0.0205799 0.859578 0.459144 -0.224303 0 
0.120183 0.209848 0.0203228 -0.0499487 0.311219 0.949025 0 
0.120313 0.209805 0.019756 -0.0424103 0.332857 0.942023 0 
0.120048 0.209899 0.0198996 -0.718479 -0.63527 0.283231 0 
0.120048 0.210113 0.0196893 -0.0212771 0.311647 0.94996 0 
0.11945 0.210326 0.0199064 -0.700693 -0.659194 0.272935 0 
0.119249 0.2104 0.0196959 -0.0777685 0.269002 0.959995 0 
0.118815 0.210664 0.0193469 -0.710965 -0.643863 0.282788 0 
0.11875 0.210685 0.019701 -0.710965 -0.643863 0.282788 0 
0.118719 0.210587 0.0201246 -0.711605 -0.644442 0.279845 0 
0.11845 0.210472 0.0199128 -0.710965 -0.643863 0.282788 0 
0.121511 0.208308 0.0205148 0.841803 0.219931 -0.492948 0 
0.121211 0.208522 0.0204475 0.276127 0.719846 0.636848 0 
0.121143 0.208121 0.0205151 0.831525 0.204473 -0.516485 0 
0.121011 0.208596 0.020237 0.314175 0.742742 0.591294 0 
0.12091 0.208312 0.0203765 0.26205 0.719447 0.643215 0 
0.120812 0.208666 0.0204508 0.303931 0.734902 0.606254 0 
0.120912 0.20895 0.0201699 0.281521 0.749132 0.599623 0 
0.120579 0.209283 0.020033 0.460487 0.744371 0.483594 0 
0.12048 0.209638 0.0199659 -0.119094 0.265672 0.956679 0 
0.120416 0.209658 0.02032 -0.143127 0.312154 0.939188 0 
0.12075 0.208681 0.0213705 0.257905 0.723084 0.640808 0 
0.120383 0.208707 0.0213019 0.818208 0.18905 -0.542951 0 
0.120515 0.208448 0.0212283 0.845185 0.266333 -0.463389 0 
0.120182 0.208781 0.0210915 0.286171 0.73701 0.61231 0 
0.120281 0.208427 0.0210172 0.818208 0.18905 -0.542951 0 
0.12008 0.208501 0.0208067 0.818208 0.18905 -0.542951 0 
0.11985 0.209541 0.020534 -0.242968 0.215514 0.945791 0 
0.119881 0.209212 0.0203896 0.524051 0.732349 0.434781 0 
0.11998 0.208856 0.0205981 0.422842 0.73874 0.524851 0 
0.119779 0.20893 0.0203877 0.474239 0.735318 0.484153 0 
0.119678 0.208647 0.0203857 0.410525 0.72048 0.558908 0 
0.120277 0.209715 0.0193311 -0.71712 -0.626876 0.304575 0 
0.119638 0.208777 0.0190435 -0.0989047 0.301989 0.948167 0 
0.119913 0.209523 0.0198971 -0.0424103 0.332857 0.942023 0 
0.119877 0.209646 0.0192619 -0.71993 -0.613154 0.325182 0 
0.119813 0.209666 0.0197574 -0.0441462 0.293888 0.95482 0 
0.119779 0.209572 0.0197568 -0.0441462 0.293888 0.95482 0 
0.119548 0.209332 0.0203216 -0.134574 0.244324 0.96031 0 
0.119516 0.209662 0.0203246 -0.0441462 0.293888 0.95482 0 
0.118947 0.209549 0.0201144 -0.0239307 0.316137 0.948412 0 
0.119579 0.209003 0.0201772 0.502569 0.728145 0.466079 0 
0.119081 0.209287 0.0203236 -0.0594328 0.274402 0.959777 0 
0.118984 0.209852 0.0204704 -0.700693 -0.659194 0.272935 0 
0.119081 0.21014 0.0197653 -0.707084 -0.649624 0.279322 0 
0.118516 0.210022 0.0201207 -0.0777685 0.269002 0.959995 0 
0.118617 0.210304 0.0201226 -0.0777685 0.269002 0.959995 0 
0.118717 0.209949 0.0203312 -0.707084 -0.649624 0.279322 0 
0.118417 0.210378 0.0199122 -0.710965 -0.643863 0.282788 0 
0.119043 0.208344 0.0203157 0.459961 0.722321 0.516418 0 
0.118288 0.211701 0.0196414 0.034351 0.324426 0.945287 0 
0.118021 0.211155 0.0201331 0.0293542 0.338212 0.940612 0 
0.117917 0.210664 0.0197758 0.0112923 0.327478 0.944791 0 
0.117886 0.211848 0.0192205 -0.0576228 0.226813 0.972232 0 
0.117687 0.211705 0.0195031 -0.0576228 0.226813 0.972232 0 
0.117621 0.211941 0.0195055 -0.186836 0.0687075 0.979985 0 
0.117786 0.211991 0.0190808 -0.154392 0.129689 0.979461 0 
0.117653 0.212252 0.0188716 -0.207926 0.0444698 0.977133 0 
0.11742 0.212014 0.019295 -0.22605 0.0130186 0.974029 0 
0.117714 0.210741 0.0191411 0.034351 0.324426 0.945287 0 
0.117283 0.211428 0.0189371 -0.0828092 0.164418 0.982909 0 
0.116916 0.211882 0.0184479 -0.215996 0.14098 0.966163 0 
0.118216 0.210451 0.0197017 -0.714 -0.640524 0.282725 0 
0.117518 0.210807 0.0197791 0.034351 0.324426 0.945287 0 
0.117155 0.211254 0.0201384 -0.0723642 0.209734 0.975077 0 
0.117288 0.21206 0.0194375 -0.22605 0.0130186 0.974029 0 
0.116823 0.212227 0.019512 -0.204314 0.125634 0.97081 0 
0.116921 0.211658 0.0197895 -0.212616 0.0546728 0.975605 0 
0.11699 0.211631 0.0201425 -0.209734 0.0723642 0.975077 0 
0.116756 0.211397 0.0201417 -0.211174 0.0646948 0.975305 0 
0.116522 0.211801 0.0197928 -0.256459 0.0230935 0.966279 0 
0.11649 0.212987 0.0189546 -0.159262 0.172003 0.972137 0 
0.117253 0.212181 0.0190852 -0.268196 0.03337 0.962786 0 
0.117055 0.212465 0.0190886 -0.158221 0.191666 0.968623 0 
0.116987 0.212277 0.0190874 -0.171907 0.182247 0.968108 0 
0.117087 0.212134 0.019227 -0.215996 0.14098 0.966163 0 
0.116588 0.212633 0.0190218 -0.150532 0.19685 0.968809 0 
0.116321 0.211875 0.0195823 -0.20996 0.106866 0.971852 0 
0.122536 0.205064 0.0216837 0.267714 -0.0995844 -0.958338 0 
0.122675 0.205434 0.0225347 0.162056 -0.127418 -0.978521 0 
0.12257 0.204731 0.0221049 0.167823 0.0481172 -0.984642 0 
0.122078 0.205647 0.0227518 -0.514665 -0.756476 -0.403563 0 
0.122306 0.20525 0.0221108 -0.502351 -0.76089 -0.410717 0 
0.12224 0.205274 0.022182 -0.502351 -0.76089 -0.410717 0 
0.122137 0.205634 0.0214078 -0.822984 -0.518403 0.232282 0 
0.121242 0.20563 0.0224023 -0.694745 -0.706749 -0.133547 0 
0.121275 0.205298 0.0225407 -0.579271 -0.255884 0.773931 0 
0.113829 0.216289 0.0173704 -0.827282 -0.543135 0.143553 0 
0.113499 0.216617 0.0177992 -0.783664 -0.621147 -0.00688633 0 
0.113566 0.21638 0.0179383 -0.822366 -0.556521 0.118316 0 
0.113466 0.216309 0.0180089 -0.815954 -0.570445 0.0938708 0 
0.111998 0.217907 0.0165452 -0.592825 -0.171328 0.786896 0 
0.112198 0.21805 0.0162626 -0.567742 -0.177136 0.803923 0 
0.111597 0.218054 0.0161243 -0.537405 -0.182146 0.823419 0 
0.111995 0.217485 0.0162587 -0.64726 -0.233515 0.725621 0 
0.111696 0.217699 0.0161915 -0.579609 -0.197281 0.790654 0 
0.111259 0.216472 0.0166074 -0.639608 -0.697902 -0.322233 0 
0.111159 0.21747 0.0157679 -0.537405 -0.182146 0.823419 0 
0.111392 0.217065 0.0161168 -0.590757 -0.112874 0.798915 0 
0.111462 0.216395 0.0172421 -0.69234 -0.686089 -0.223487 0 
0.11177 0.218517 0.016976 -0.542578 -0.244082 0.803762 0 
0.111532 0.218075 0.0164784 -0.563791 -0.245194 0.788682 0 
0.111501 0.218404 0.0166228 -0.584255 -0.313856 0.748426 0 
0.111169 0.218735 0.0166274 -0.573837 -0.392971 0.718529 0 
0.111068 0.218453 0.0166255 -0.610931 -0.399009 0.68378 0 
0.110997 0.21827 0.0159171 -0.695028 -0.465019 0.548355 0 
0.110968 0.218808 0.0164169 -0.679474 -0.498281 0.538546 0 
0.110867 0.218526 0.016415 -0.624429 -0.421281 0.657732 0 
0.110938 0.219136 0.0167028 -0.684422 -0.527122 0.503695 0 
0.110535 0.218645 0.0164884 -0.739885 -0.563489 0.367493 0 
0.111496 0.217344 0.016543 -0.486386 -0.746891 -0.453411 0 
0.111363 0.216751 0.0170336 -0.613595 -0.701953 -0.361612 0 
0.111261 0.216468 0.0170316 -0.663645 -0.69243 -0.283049 0 
0.111462 0.217037 0.0166112 -0.569848 -0.7152 -0.404675 0 
0.111195 0.216918 0.0168237 -0.6666 -0.695237 -0.268867 0 
0.111093 0.216851 0.0164701 -0.596212 -0.717088 -0.360994 0 
0.111064 0.217818 0.0164079 -0.592291 -0.324388 0.737539 0 
0.110628 0.217658 0.0160552 -0.609974 -0.336706 0.717329 0 
0.110797 0.217915 0.0162687 -0.634842 -0.39947 0.661362 0 
0.110766 0.218244 0.0164131 -0.609549 -0.398107 0.685537 0 
0.110861 0.217253 0.016404 -0.511509 -0.726707 -0.458537 0 
0.110626 0.21702 0.0162618 -0.532871 -0.143181 0.833995 0 
0.110661 0.217327 0.0161936 -0.584255 -0.313856 0.748426 0 
0.110558 0.217047 0.0159088 -0.587939 -0.677879 -0.441371 0 
0.115189 0.213778 0.0181903 -0.416181 -0.234195 0.878605 0 
0.114823 0.21423 0.0178425 -0.458113 -0.258934 0.850344 0 
0.114689 0.214279 0.0177022 -0.178928 0.16863 0.969303 0 
0.115587 0.212996 0.0183936 -0.251302 0.0254944 0.967573 0 
0.114527 0.214652 0.0182719 -0.53247 -0.278015 0.79949 0 
0.114558 0.214322 0.018269 -0.458113 -0.258934 0.850344 0 
0.114827 0.213368 0.0193908 -0.311837 -0.0881564 0.946037 0 
0.114491 0.213492 0.0188986 -0.545424 -0.432692 0.717837 0 
0.114359 0.213111 0.0193203 -0.303886 -0.0365671 0.952007 0 
0.114091 0.213209 0.0190396 -0.264182 0.0563422 0.962826 0 
0.114457 0.214681 0.0176362 -0.416621 0.0552798 0.907398 0 
0.114224 0.214872 0.0174976 -0.476528 0.0535579 0.877526 0 
0.114217 0.214883 0.0162249 -0.559289 0.0577603 0.826958 0 
0.114326 0.214725 0.0180615 -0.68297 -0.623724 0.380159 0 
0.113893 0.214988 0.0178539 -0.485027 0.0919148 0.869655 0 
0.113925 0.215299 0.0173614 -0.791083 -0.607311 0.0732218 0 
0.113759 0.21525 0.0176447 -0.504284 0.17107 0.846424 0 
0.113561 0.21532 0.0178584 -0.504284 0.17107 0.846424 0 
0.112591 0.214712 0.0177168 -0.583269 0.0463804 0.810954 0 
0.112226 0.215162 0.0176518 -0.595915 0.0611559 0.800716 0 
0.111893 0.215923 0.0170944 -0.609379 -0.00136939 0.792878 0 
0.111888 0.21593 0.0162459 -0.620761 -0.0124429 0.783901 0 
0.111622 0.216026 0.0162481 -0.596689 -0.00685849 0.802443 0 
0.112194 0.215491 0.0177962 -0.601665 0.0523802 0.797029 0 
0.111493 0.216066 0.0170976 -0.587167 0.0378365 0.808581 0 
0.110931 0.219147 0.01543 -0.742832 -0.542775 0.391913 0 
0.108768 0.220884 0.0146783 -0.190307 0.241595 0.951533 0 
0.108671 0.221236 0.014894 -0.272666 0.154466 0.949628 0 
0.110799 0.218553 0.016062 -0.737622 -0.537199 0.40906 0 
0.11053 0.218652 0.01564 -0.740397 -0.543395 0.395644 0 
0.110569 0.218952 0.0164202 -0.735945 -0.579984 0.34929 0 
0.110334 0.218718 0.016278 -0.735945 -0.579984 0.34929 0 
0.110068 0.218812 0.0164216 -0.730713 -0.584245 0.353151 0 
0.110066 0.218603 0.0160662 -0.730713 -0.584245 0.353151 0 
0.109932 0.218865 0.015857 -0.722743 -0.595488 0.350767 0 
0.109734 0.218935 0.0160708 -0.717687 -0.617243 0.322392 0 
0.110098 0.218914 0.0155737 -0.722743 -0.595488 0.350767 0 
0.109998 0.218843 0.0156443 -0.722743 -0.595488 0.350767 0 
0.109768 0.219242 0.0160025 -0.700282 -0.638825 0.318604 0 
0.109568 0.219314 0.0159335 -0.689961 -0.647752 0.323064 0 
0.110261 0.21747 0.0161969 -0.640445 -0.392211 0.660304 0 
0.110125 0.217522 0.0156323 -0.720097 -0.49725 0.483945 0 
0.109766 0.218603 0.0162092 -0.728346 -0.584958 0.356841 0 
0.109371 0.219381 0.01643 -0.691635 -0.649522 0.315852 0 
0.109237 0.21943 0.0162897 -0.674264 -0.667796 0.315303 0 
0.108775 0.220232 0.0164405 -0.639315 -0.730422 0.240332 0 
0.109034 0.218865 0.0162859 -0.683296 -0.647419 0.337571 0 
0.108635 0.219008 0.0162892 -0.669737 -0.663219 0.334054 0 
0.108764 0.218112 0.0162808 -0.707465 -0.619642 0.339908 0 
0.109326 0.219093 0.0143771 -0.671803 -0.668566 0.318904 0 
0.108634 0.220292 0.0150274 -0.631276 -0.732534 0.254725 0 
0.108733 0.220578 0.0146051 -0.620912 -0.75163 0.222532 0 
0.108731 0.220582 0.0141809 -0.241219 0.18462 0.952748 0 
0.108639 0.220497 0.0158071 -0.633448 -0.739804 0.22679 0 
0.108239 0.220428 0.0158792 -0.610945 -0.752294 0.246577 0 
0.108442 0.220351 0.0165139 -0.630964 -0.743136 0.222785 0 
0.108078 0.2208 0.0165904 -0.588556 -0.801779 0.103691 0 
0.108077 0.220801 0.016449 -0.598247 -0.789209 0.138746 0 
0.108011 0.221038 0.0163099 -0.642485 -0.598869 0.478089 0 
0.107877 0.220873 0.0163799 -0.620671 -0.759282 0.195596 0 
0.108273 0.21988 0.0165108 -0.636065 -0.730765 0.247797 0 
0.108142 0.220138 0.0167258 -0.617814 -0.75717 0.212132 0 
0.108235 0.220435 0.0150307 -0.63438 -0.720669 0.279639 0 
0.108468 0.22003 0.0153796 -0.624523 -0.73836 0.254552 0 
0.108106 0.22069 0.01567 -0.601785 -0.778512 0.17825 0 
0.108039 0.220714 0.0155999 -0.608179 -0.772798 0.181387 0 
0.107742 0.220923 0.0160982 -0.629489 -0.750128 0.202612 0 
0.108434 0.219082 0.0160787 -0.651444 -0.674301 0.347763 0 
0.107575 0.221519 0.0154678 -0.515275 -0.00672683 0.856998 0 
0.107172 0.221454 0.0149743 -0.603826 -0.271009 0.749632 0 
0.106504 0.223619 0.0129457 -0.245767 -0.196885 0.949123 0 
0.106237 0.223289 0.0130857 0.0562148 0.343826 0.937349 0 
0.105971 0.223171 0.0132982 -0.155115 0.160159 0.974827 0 
0.108761 0.220254 0.013895 -0.627039 -0.755819 0.188572 0 
0.108593 0.219783 0.0138918 -0.608179 -0.772798 0.181387 0 
0.108493 0.219713 0.0139625 -0.609633 -0.653059 0.449291 0 
0.107369 0.220746 0.0149672 -0.647281 -0.746863 0.15239 0 
0.107371 0.220742 0.0153914 -0.640576 -0.742451 0.196032 0 
0.107074 0.221167 0.015538 -0.639269 -0.75848 0.126662 0 
0.107238 0.221004 0.0151822 -0.658345 -0.741944 0.126892 0 
0.1067 0.220777 0.0144759 -0.564423 -0.825348 -0.0151062 0 
0.106598 0.220069 0.0146117 -0.650154 -0.452935 0.610041 0 
0.106666 0.220684 0.0143338 -0.563772 -0.825671 -0.0206762 0 
0.106266 0.220614 0.014406 -0.521756 -0.849797 -0.0749405 0 
0.106234 0.221158 0.0141987 -0.404202 0.100706 0.909109 0 
0.105866 0.220757 0.0144093 -0.408698 0.0633954 0.910465 0 
0.105532 0.221092 0.0139896 -0.375114 -0.00127157 0.926978 0 
0.107643 0.220637 0.0165205 -0.620749 -0.761759 0.185458 0 
0.107745 0.221132 0.0164536 -0.621195 -0.450408 0.641287 0 
0.107346 0.221275 0.0164569 -0.62252 -0.354559 0.69768 0 
0.105977 0.222733 0.0148501 -0.455835 -0.161654 0.875261 0 
0.106011 0.223041 0.0146404 -0.438085 -0.0641433 0.896642 0 
0.106108 0.222475 0.014635 -0.521579 -0.3601 0.773488 0 
0.105806 0.222266 0.0144226 -0.628329 -0.63168 0.454073 0 
0.105575 0.222025 0.0151289 -0.639296 -0.56845 0.517846 0 
0.105941 0.222857 0.0142149 -0.493968 -0.250831 0.832514 0 
0.105605 0.22234 0.0142122 -0.536523 -0.261222 0.802438 0 
0.105472 0.222388 0.0140718 -0.348265 0.0321278 0.936845 0 
0.105271 0.222462 0.0138614 -0.270771 0.111186 0.956201 0 
0.104641 0.221082 0.0156913 -0.514705 -0.048557 0.855991 0 
0.105368 0.221682 0.0140663 -0.525741 -0.274641 0.80509 0 
0.1052 0.22121 0.0142045 -0.271284 0.297397 0.915402 0 
0.105268 0.221825 0.0139266 -0.332892 0.0398442 0.942123 0 
0.105069 0.22211 0.0137887 -0.187321 0.169235 0.967611 0 
0.105935 0.22308 0.0128733 -0.19138 0.0975422 0.976657 0 
0.104475 0.224026 0.0133132 -0.473764 -0.33116 0.816015 0 
0.104709 0.223834 0.0135932 -0.461758 -0.290736 0.838005 0 
0.104737 0.222655 0.0135829 -0.157026 0.177453 0.971521 0 
0.104639 0.223007 0.0137986 -0.303393 -0.021225 0.952629 0 
0.104836 0.222299 0.0137915 -0.187321 0.169235 0.967611 0 
0.104309 0.223336 0.014086 -0.496736 -0.325338 0.804617 0 
0.10444 0.223292 0.0136607 -0.429405 -0.186124 0.883725 0 
0.104113 0.224043 0.0142346 -0.587918 -0.46062 0.664967 0 
0.104106 0.222559 0.0141511 -0.287198 -0.0160239 0.957737 0 
0.103839 0.222655 0.0140119 -0.375935 -0.0821936 0.922994 0 
0.10444 0.223719 0.0133815 -0.49444 -0.314356 0.810376 0 
0.103506 0.222775 0.0139439 -0.499043 -0.297537 0.813897 0 
0.103406 0.223131 0.0137353 -0.517871 -0.32347 0.791945 0 
0.103038 0.222945 0.0135942 -0.558502 -0.359851 0.747384 0 
0.103917 0.224536 0.0145934 -0.549627 -0.466097 0.693299 0 
0.104015 0.224396 0.0143088 -0.527542 -0.409215 0.744475 0 
0.103849 0.224563 0.0142404 -0.532376 -0.401329 0.745326 0 
0.103751 0.224915 0.0144561 -0.531351 -0.511236 0.675503 0 
0.103549 0.22435 0.0144522 -0.573477 -0.506207 0.644111 0 
0.103714 0.224613 0.0139587 -0.61222 -0.474681 0.632348 0 
0.103239 0.222872 0.0138047 -0.490129 -0.289693 0.822102 0 
0.103139 0.223228 0.0135961 -0.503023 -0.315778 0.80452 0 
0.103005 0.223278 0.0133144 -0.468618 -0.323457 0.822054 0 
0.102904 0.223636 0.012823 -0.467071 -0.358672 0.808208 0 
0.102437 0.223804 0.0127561 -0.622842 -0.445841 0.642879 0 
0.102539 0.224086 0.012758 -0.644818 -0.365889 0.67107 0 
0.102304 0.223211 0.0132467 -0.565722 -0.433001 0.701761 0 
0.104336 0.22216 0.0137929 -0.157026 0.177453 0.971521 0 
0.103936 0.222303 0.0137962 -0.128262 0.199378 0.971492 0 
0.103671 0.222397 0.0139398 -0.375935 -0.0821936 0.922994 0 
0.102991 0.225501 0.0152429 -0.43758 -0.513538 0.738107 0 
0.102559 0.225975 0.0151078 -0.800553 -0.433297 0.413968 0 
0.101936 0.224308 0.0119852 -0.498514 -0.0833211 0.862868 0 
0.102002 0.224498 0.0117036 -0.472269 -0.0394692 0.88057 0 
0.101847 0.22614 0.0127086 -0.678789 -0.419886 0.602446 0 
0.10174 0.224373 0.0127646 -0.521291 -0.142437 0.841408 0 
0.101906 0.224848 0.0122022 -0.47104 -0.0621607 0.879919 0 
0.101506 0.224991 0.0122054 -0.397567 0.0275541 0.917159 0 
0.100447 0.226005 0.0127147 -0.601534 -0.257349 0.756259 0 
0.100079 0.225604 0.0129252 -0.512228 -0.49888 0.6991 0 
