0.1141 0.2061 -0.0002 0.427241 -0.673279 0.603457 2 
0.1142 0.2063 -0.0002 0.391902 -0.679627 0.620097 2 
0.1144 0.2064 -0.0002 0.391902 -0.679627 0.620097 2 
0.1135 0.2056 0.0007 0.445389 -0.665582 0.598857 2 
0.1136 0.2055 0.0005 0.452389 -0.669402 0.589274 2 
0.1139 0.2058 0.0001 0.427241 -0.673279 0.603457 2 
0.1139 0.2064 0.0001 0.400389 -0.713451 0.575045 2 
0.1138 0.2061 0.0004 0.415826 -0.707401 0.571553 2 
0.1141 0.2063 0.0004 0.400389 -0.713451 0.575045 2 
0.1138 0.2058 0.0005 0.509651 -0.664397 0.546656 2 
0.1138 0.2059 0.0007 0.415826 -0.707401 0.571553 2 
0.1141 0.2061 0.0007 0.371617 -0.718677 0.587711 2 
0.1141 0.2063 0.0007 0.371617 -0.718677 0.587711 2 
0.1136 0.2059 0.001 -0.0153542 -0.738398 0.67419 2 
0.1138 0.2061 0.0008 0.0763835 -0.791218 0.606745 2 
0.1136 0.2063 0.0011 0.182189 -0.742536 0.644552 2 
0.1138 0.2069 0.0004 0.113398 -0.787894 0.60528 2 
0.1129 0.2087 0.0038 0.719677 0.653824 0.233621 2 
0.1132 0.2088 0.004 0.719677 0.653824 0.233621 2 
0.1141 0.2093 0.004 0.719677 0.653824 0.233621 2 
0.1145 0.2096 0.004 0.809721 0.507845 0.294015 2 
0.1141 0.2096 0.0042 0.737156 0.630276 0.243623 2 
0.1139 0.2097 0.004 0.719677 0.653824 0.233621 2 
0.1141 0.21 0.0043 0.737156 0.630276 0.243623 2 
0.1142 0.2097 0.0046 0.756259 0.601534 0.257349 2 
0.1141 0.2097 0.0046 0.756259 0.601534 0.257349 2 
0.115 0.2099 0.0041 0.901674 0.140135 0.40908 2 
0.1145 0.21 0.0043 0.82813 0.468073 0.308396 2 
0.1145 0.21 0.0046 0.797009 0.536056 0.278246 2 
0.1144 0.2091 0.0048 0.82261 0.487299 0.293006 2 
0.1141 0.21 0.0049 0.843851 0.399224 0.358519 2 
0.1142 0.2102 0.0048 0.83907 0.421888 0.34347 2 
0.115 0.2097 0.0048 0.77623 0.571544 0.266091 2 
0.115 0.2097 0.0052 0.864126 0.361978 0.349655 2 
0.1145 0.21 0.0049 0.820837 0.471075 0.322978 2 
0.1153 0.2099 0.0046 0.884792 0.277906 0.374046 2 
0.1094 0.2132 0.0142 0.776103 0.629082 -0.0438237 2 
0.1094 0.2141 0.0142 -0.669717 0.562293 -0.485083 2 
0.1102 0.2138 0.0139 0.427258 0.840431 -0.333355 2 
0.1103 0.2138 0.0142 0.183064 0.900907 -0.393516 2 
0.1105 0.2135 0.0138 -0.0932789 0.83951 -0.535277 2 
0.1106 0.2138 0.0141 0.271375 0.897169 -0.348487 2 
0.1106 0.2142 0.0144 0.217806 0.923895 -0.314608 2 
0.1094 0.2132 0.0145 0.816349 0.576329 0.0376777 2 
0.1093 0.2132 0.0148 0.044439 0.950996 -0.305995 2 
0.1091 0.2135 0.015 0.865495 0.399813 0.301774 2 
0.1093 0.2133 0.0148 0.0415971 0.954213 -0.296222 2 
0.1094 0.2136 0.0144 -0.730594 0.5086 -0.455586 2 
0.1093 0.2136 0.0147 0.919229 0.327377 0.218728 2 
0.1093 0.2141 0.0145 -0.720172 0.534748 -0.442037 2 
0.109 0.2138 0.015 0.713849 0.680364 0.165905 2 
0.109 0.2142 0.0148 -0.601825 0.671843 -0.43178 2 
0.1103 0.2144 0.0145 0.185421 0.95645 -0.225439 2 
0.1091 0.2138 0.0153 0.84712 0.41812 0.327968 2 
0.1093 0.2142 0.0153 0.0105763 0.976545 -0.215052 2 
0.1109 0.2142 0.0145 0.230818 0.918973 -0.319705 2 
0.1091 0.2144 0.0144 -0.691864 0.568495 -0.445127 2 
0.1094 0.2147 0.0147 0.654944 0.754393 0.0440418 2 
0.1091 0.2147 0.015 0.655707 0.74012 0.14923 2 
0.11 0.2145 0.0145 0.0785851 0.954616 -0.287286 2 
0.1097 0.2148 0.0147 0.900828 0.372303 0.223382 2 
0.1103 0.2145 0.0148 0.185989 0.961602 -0.201818 2 
0.11 0.2147 0.0148 0.0769901 0.965531 -0.24864 2 
0.11 0.2144 0.0151 0.190889 0.962346 -0.193522 2 
0.1103 0.2145 0.0151 0.191944 0.959718 -0.205181 2 
0.1097 0.2148 0.015 -0.0234099 0.959806 -0.279687 2 
0.1103 0.2147 0.0154 0.170509 0.970491 -0.170509 2 
0.1097 0.2148 0.0153 0.0342729 0.979731 -0.197364 2 
0.1106 0.2144 0.0147 0.185421 0.95645 -0.225439 2 
0.1106 0.2145 0.0156 0.220324 0.963427 -0.152532 2 
0.1019 0.2204 0.0302 0.316468 0.946821 0.0581268 2 
0.1022 0.2203 0.0305 0.238796 0.948361 -0.208776 2 
0.1019 0.2204 0.0308 0.274508 0.883525 -0.379511 2 
0.1023 0.2206 0.0306 0.355415 0.920144 -0.164362 2 
0.1017 0.2201 0.0309 0.186778 0.928273 -0.321595 2 
0.1019 0.2207 0.0309 0.578598 0.710472 -0.400568 2 
0.1017 0.2206 0.031 0.478339 0.729921 -0.488269 2 
0.1022 0.2204 0.0309 0.30234 0.873595 -0.381343 2 
0.101 0.2198 0.0314 -0.0891372 0.957256 -0.275163 2 
0.101 0.2201 0.0316 -0.0806969 0.959397 -0.270271 2 
0.102 0.2207 0.0313 0.485359 0.698851 -0.525389 2 
0.1004 0.2219 0.0319 0.688093 0.540764 -0.483841 2 
0.1011 0.2209 0.0311 0.802664 0.288581 -0.521968 2 
0.1019 0.221 0.0304 0.567918 0.814457 -0.118867 2 
0.1016 0.2209 0.0306 0.778634 0.528187 -0.338746 2 
0.102 0.221 0.0309 0.708687 0.590298 -0.386407 2 
0.102 0.221 0.0316 0.589673 0.572776 -0.569397 2 
0.1023 0.2213 0.0314 0.736119 0.410053 -0.538503 2 
0.102 0.2218 0.0317 0.684192 0.493488 -0.536982 2 
0.1022 0.2222 0.032 0.613132 0.485466 -0.623211 2 
0.101 0.2206 0.0328 0.374364 0.516978 -0.769795 2 
0.1016 0.2207 0.0326 0.110959 0.70274 -0.70274 2 
0.1011 0.22 0.0331 -0.323116 0.800628 -0.50457 2 
0.1005 0.2215 0.0334 0.273976 0.369792 -0.887801 2 
0.1005 0.2218 0.0332 0.250061 0.343651 -0.905192 2 
0.1016 0.2212 0.0322 0.219907 0.552073 -0.804274 2 
0.1013 0.221 0.0325 0.245194 0.563791 -0.788682 2 
0.1014 0.221 0.0328 0.183437 0.568504 -0.801969 2 
0.101 0.2216 0.0325 0.444221 0.447475 -0.776166 2 
0.101 0.2215 0.0328 0.33625 0.45307 -0.825629 2 
0.1016 0.2216 0.0325 0.374668 0.480797 -0.792753 2 
0.101 0.2222 0.0322 0.534932 0.49804 -0.682499 2 
0.1013 0.2218 0.0326 0.406497 0.432204 -0.80496 2 
0.1013 0.2221 0.0326 0.393303 0.421964 -0.816859 2 
0.1013 0.2212 0.0329 0.244792 0.506519 -0.82675 2 
0.1013 0.221 0.0332 0.218222 0.520377 -0.825583 2 
0.1022 0.2212 0.0338 0.117811 0.530876 -0.839221 2 
0.1025 0.2204 0.0308 0.247316 0.905851 -0.343901 2 
0.1029 0.2207 0.0306 0.36905 0.902932 -0.220263 2 
0.1025 0.2204 0.031 0.204524 0.887253 -0.413463 2 
0.1029 0.2207 0.0309 0.308295 0.847425 -0.432233 2 
0.1026 0.2207 0.0314 0.311661 0.778354 -0.545007 2 
0.1029 0.2206 0.0313 0.166431 0.814164 -0.556271 2 
0.1035 0.2212 0.0306 0.517093 0.823973 -0.231695 2 
0.104 0.2213 0.0306 0.446096 0.834277 -0.324006 2 
0.1032 0.221 0.0308 0.528176 0.770459 -0.356963 2 
0.1034 0.2209 0.0311 0.234943 0.788848 -0.567909 2 
0.1037 0.221 0.0309 0.13881 0.848934 -0.509945 2 
0.1025 0.2209 0.0313 0.485917 0.702993 -0.519313 2 
0.1029 0.221 0.0316 0.431272 0.654401 -0.621098 2 
0.1026 0.221 0.0316 0.463876 0.638039 -0.614594 2 
0.1034 0.221 0.0314 0.106894 0.798044 -0.593042 2 
0.1037 0.221 0.0314 0.135419 0.793166 -0.593759 2 
0.1037 0.2213 0.0316 0.158469 0.768196 -0.620292 2 
0.1034 0.2213 0.0316 0.435939 0.639711 -0.63303 2 
0.104 0.2215 0.032 0.130013 0.682943 -0.718809 2 
0.1025 0.2219 0.0316 0.67852 0.510984 -0.527737 2 
0.1026 0.2216 0.0319 0.125744 0.590255 -0.797363 2 
0.1025 0.2219 0.032 0.474508 0.514467 -0.714259 2 
0.1029 0.2218 0.0317 0.258356 0.635587 -0.727517 2 
0.1034 0.2218 0.032 0.185878 0.640588 -0.745048 2 
0.104 0.2216 0.0316 0.362202 0.676875 -0.640819 2 
0.1037 0.2216 0.0319 0.120647 0.677706 -0.725368 2 
0.1046 0.2213 0.0316 0.0763994 0.779851 -0.621286 2 
0.1043 0.2216 0.0316 0.162943 0.714207 -0.680704 2 
0.1043 0.2216 0.032 0.169244 0.684602 -0.708997 2 
0.1046 0.2215 0.0319 0.169342 0.736867 -0.654485 2 
0.1049 0.2212 0.032 -0.0882304 0.805645 -0.585792 2 
0.104 0.2215 0.0326 0.139361 0.627874 -0.765737 2 
0.1028 0.2219 0.0322 0.30651 0.532026 -0.789304 2 
0.1031 0.2219 0.032 0.261269 0.612794 -0.745803 2 
0.1031 0.2219 0.0323 0.196456 0.558909 -0.805621 2 
0.1025 0.2222 0.0322 0.470867 0.477476 -0.741823 2 
0.1028 0.2218 0.0325 0.236426 0.530026 -0.814355 2 
0.1025 0.2224 0.0326 0.308577 0.403761 -0.861253 2 
0.1028 0.2222 0.0328 0.296704 0.422765 -0.856292 2 
0.1031 0.2221 0.0326 0.243008 0.481431 -0.842123 2 
0.1034 0.2219 0.0322 0.179683 0.548109 -0.816879 2 
0.1037 0.2219 0.0322 0.190467 0.577495 -0.793865 2 
0.1034 0.2219 0.0326 0.284444 0.513885 -0.809329 2 
0.1037 0.2219 0.0325 0.179969 0.55503 -0.812128 2 
0.1037 0.2216 0.0328 0.134667 0.575664 -0.806521 2 
0.1037 0.2213 0.0332 0.0972832 0.588055 -0.802949 2 
0.1034 0.2216 0.0332 0.121579 0.56102 -0.818826 2 
0.1031 0.2222 0.0329 0.226913 0.449318 -0.864074 2 
0.1031 0.2222 0.0332 0.201238 0.457631 -0.86607 2 
0.1031 0.2221 0.0335 0.22542 0.467481 -0.854779 2 
0.1034 0.2219 0.0328 0.239128 0.526082 -0.816122 2 
0.104 0.2219 0.0328 0.156636 0.55643 -0.815997 2 
0.1034 0.2218 0.0335 0.115522 0.560064 -0.820355 2 
0.1043 0.2216 0.0322 0.186173 0.66007 -0.727769 2 
0.1046 0.2213 0.0322 0.126747 0.753028 -0.645666 2 
0.1046 0.2216 0.0325 0.120461 0.706405 -0.697482 2 
0.1049 0.2213 0.0322 0.0672003 0.793535 -0.604802 2 
0.1052 0.2212 0.0325 0.160073 0.818317 -0.552027 2 
0.1049 0.2215 0.0326 0.17591 0.741883 -0.647044 2 
0.104 0.2216 0.0322 0.195222 0.622559 -0.757831 2 
0.1043 0.2219 0.0326 0.18153 0.599507 -0.779512 2 
0.1046 0.2219 0.0328 0.16297 0.68691 -0.708234 2 
0.104 0.2216 0.0332 0.100688 0.593911 -0.798205 2 
0.1046 0.2216 0.0331 0.127001 0.730627 -0.670862 2 
0.1049 0.2213 0.0328 0.148651 0.770285 -0.620132 2 
0.1049 0.2209 0.0332 0.0876022 0.828631 -0.552899 2 
0.1043 0.2216 0.0332 0.092217 0.698214 -0.709924 2 
0.1044 0.2219 0.0328 0.201981 0.621361 -0.757043 2 
0.1026 0.2231 0.0328 0.29492 0.34582 -0.890748 2 
0.1031 0.2234 0.0322 0.326874 0.375981 -0.867059 2 
0.1028 0.2227 0.0329 0.277906 0.374046 -0.884792 2 
0.1025 0.223 0.0334 0.169659 0.187791 -0.967445 2 
0.1028 0.2228 0.0335 0.15943 0.227945 -0.960533 2 
0.104 0.2225 0.034 0.172036 0.373929 -0.911362 2 
0.1069 0.2222 0.0332 0.0110055 0.959928 -0.28003 2 
0.107 0.2222 0.0335 -0.00374613 0.942776 -0.333406 2 
0.1004 0.2215 0.0267 0.157508 0.308169 0.938202 2 
0.1005 0.2216 0.0267 0.190129 0.328149 0.925294 2 
0.1004 0.2219 0.0267 0.0424591 0.491704 0.869727 2 
0.1004 0.2218 0.0269 -0.0262078 0.558641 0.828995 2 
0.1004 0.2219 0.027 -0.0262078 0.558641 0.828995 2 
0.1007 0.2222 0.0269 0.204503 0.591983 0.779573 2 
0.1013 0.2209 0.0272 0.67837 0.605392 0.41631 2 
0.101 0.2224 0.0269 0.321672 0.495977 0.806557 2 
0.1007 0.2234 0.0264 0.362917 -0.465237 0.80737 2 
0.1008 0.2236 0.0264 0.362917 -0.465237 0.80737 2 
0.1008 0.2239 0.0266 0.453671 -0.853879 0.255094 2 
0.1016 0.2237 0.0269 0.347502 -0.284862 0.893362 2 
0.1013 0.2239 0.0269 0.362917 -0.465237 0.80737 2 
0.1016 0.2239 0.027 0.362917 -0.465237 0.80737 2 
0.0999 0.2216 0.0272 -0.0456361 0.510294 0.858788 2 
0.0998 0.2218 0.0275 -0.028582 0.502226 0.864264 2 
0.0999 0.2221 0.0274 -0.0177974 0.543506 0.839217 2 
0.0996 0.2222 0.0279 -0.0346876 0.550839 0.83389 2 
0.0998 0.2224 0.0279 -0.116952 0.646935 0.753524 2 
0.1004 0.2219 0.0272 -0.0789498 0.575616 0.8139 2 
0.1005 0.2216 0.0272 -0.0402584 0.545571 0.837097 2 
0.1002 0.2221 0.0275 -0.116751 0.616269 0.778834 2 
0.1007 0.2222 0.0274 -0.130223 0.672069 0.728948 2 
0.1001 0.2219 0.0278 -0.120018 0.638612 0.760112 2 
0.1002 0.2221 0.0278 -0.123297 0.646193 0.753149 2 
0.1004 0.2224 0.0276 -0.101407 0.66576 0.739243 2 
0.1004 0.221 0.0286 -0.283371 0.712429 0.641986 2 
0.0999 0.2222 0.0285 -0.216347 0.745543 0.630365 2 
0.0999 0.2224 0.0286 -0.212388 0.748785 0.627863 2 
0.1001 0.2216 0.028 -0.192713 0.70456 0.682976 2 
0.1001 0.2222 0.0282 -0.162988 0.696126 0.699173 2 
0.1004 0.2216 0.0285 -0.254552 0.73836 0.624523 2 
0.0999 0.2231 0.0276 -0.0232667 0.535135 0.844446 2 
0.0999 0.2231 0.0279 -0.176088 0.659949 0.730384 2 
0.1004 0.2227 0.0275 -0.0123131 0.565033 0.824976 2 
0.1001 0.2225 0.0279 -0.098304 0.667587 0.738014 2 
0.1001 0.2228 0.0278 -0.107301 0.615876 0.780502 2 
0.1007 0.2239 0.0273 0.453671 -0.853879 0.255094 2 
0.1004 0.2233 0.0279 0.110205 0.615679 0.780252 2 
0.1002 0.2234 0.0279 -0.244748 0.664767 0.705821 2 
0.1007 0.2237 0.0276 -0.0943013 0.593373 0.799385 2 
0.0996 0.2228 0.0284 -0.172906 0.714576 0.677853 2 
0.0998 0.2228 0.0281 -0.129939 0.670604 0.730346 2 
0.0999 0.2227 0.0286 -0.205328 0.770367 0.603634 2 
0.0999 0.2228 0.0285 -0.211941 0.762676 0.611069 2 
0.1001 0.2228 0.028 -0.165948 0.69272 0.701855 2 
0.1001 0.2228 0.0284 -0.139947 0.723811 0.675657 2 
0.1002 0.2231 0.0284 -0.209742 0.694479 0.688264 2 
0.1007 0.2231 0.028 -0.505497 0.385218 0.772062 2 
0.1005 0.2231 0.0284 -0.449843 0.66724 0.59366 2 
0.1001 0.223 0.0287 -0.306239 0.824491 0.475849 2 
0.1004 0.2228 0.0285 -0.376999 0.752366 0.540202 2 
0.0998 0.2236 0.0284 -0.288535 0.760392 0.581852 2 
0.1013 0.2231 0.0279 -0.505497 0.385218 0.772062 2 
0.1023 0.2225 0.0272 0.628189 0.513667 0.584401 2 
0.102 0.2228 0.0272 0.265172 0.55388 0.78924 2 
0.1022 0.223 0.0275 -0.333214 0.248819 0.909427 2 
0.1017 0.2231 0.0278 -0.505497 0.385218 0.772062 2 
0.102 0.2228 0.0278 0.3635 0.780313 0.5089 2 
0.1008 0.2237 0.0273 0.147516 0.335014 0.930594 2 
0.1016 0.2237 0.0274 0.248065 0.276415 0.928471 2 
0.1008 0.2236 0.0276 0.0952847 0.415662 0.904514 2 
0.1014 0.2233 0.0278 -0.142176 0.621083 0.770741 2 
0.1013 0.2234 0.0276 0.204503 0.591983 0.779573 2 
0.1019 0.2233 0.0274 0.145019 0.590543 0.793869 2 
0.1008 0.2231 0.0284 -0.107586 0.747203 0.655829 2 
0.1013 0.2231 0.0282 -0.165942 0.704874 0.68965 2 
0.101 0.2231 0.0286 0.958757 0.2387 -0.154298 2 
0.1016 0.2231 0.0284 0.568504 0.801969 0.183437 2 
0.1014 0.2228 0.0287 0.835104 0.539851 -0.105654 2 
0.1017 0.2231 0.0281 -0.377393 0.464113 0.801358 2 
0.1022 0.2231 0.0281 0.273376 0.838663 0.471072 2 
0.1022 0.2231 0.0284 0.532878 0.81993 0.209181 2 
0.1008 0.2233 0.028 -0.0826644 0.639561 0.764283 2 
0.1016 0.2234 0.028 -0.142176 0.621083 0.770741 2 
0.1013 0.2234 0.0285 0.961693 0.206547 -0.180235 2 
0.0999 0.2222 0.029 -0.290875 0.777258 0.557909 2 
0.0996 0.2222 0.029 -0.242935 0.757017 0.606554 2 
0.1004 0.2219 0.0291 -0.266022 0.785474 0.558804 2 
0.1002 0.2222 0.0293 -0.439879 0.763656 0.472584 2 
0.0999 0.2225 0.0293 -0.484541 0.779478 0.397032 2 
0.1004 0.2225 0.029 -0.38485 0.797075 0.465363 2 
0.1005 0.2227 0.029 -0.474177 0.741831 0.474177 2 
0.1007 0.2225 0.0293 -0.120019 0.939921 0.3196 2 
0.1013 0.2228 0.029 0.844301 0.507772 -0.171243 2 
0.1022 0.2227 0.0288 0.753149 0.646193 -0.123297 2 
0.1008 0.2234 0.029 0.969271 0.16605 -0.181497 2 
0.1001 0.2243 0.0274 0.45428 -0.887848 -0.0731819 2 
0.1004 0.224 0.0276 0.486368 -0.872721 0.0424715 2 
0.1026 0.2228 0.0276 0.504921 0.745047 0.435844 2 
0.1025 0.2228 0.0278 0.463901 0.811429 0.355498 2 
0.1026 0.2231 0.0279 0.079443 0.778542 0.622544 2 
0.1025 0.2231 0.0281 0.273376 0.838663 0.471072 2 
0.1026 0.2231 0.0282 0.273376 0.838663 0.471072 2 
0.1025 0.2228 0.0287 0.692854 0.718675 -0.0588137 2 
0.1025 0.223 0.0284 0.517335 0.83407 0.19155 2 
0.1112 0.2135 0.016 0.297804 0.940073 -0.166057 1 
0.1112 0.2135 0.0166 0.289528 0.95055 -0.112374 1 
0.1133 0.2126 0.0168 0.371566 0.901958 0.220025 1 
0.1141 0.2124 0.0166 0.39609 0.915197 -0.0743513 1 
0.1136 0.2124 0.0166 0.39609 0.915197 -0.0743513 1 
0.1141 0.2124 0.0169 0.39609 0.915197 -0.0743513 1 
0.1138 0.2127 0.0168 0.39609 0.915197 -0.0743513 1 
0.1141 0.2124 0.0172 0.39609 0.915197 -0.0743513 1 
0.1144 0.2121 0.0171 0.393289 0.919393 -0.00644735 1 
0.1144 0.2121 0.0174 0.419505 0.906931 -0.0386211 1 
0.1147 0.2121 0.0174 0.419505 0.906931 -0.0386211 1 
0.1124 0.213 0.0165 0.263562 0.961302 0.0802146 1 
0.1121 0.2132 0.0168 0.260025 0.963474 0.0640641 1 
0.1124 0.2133 0.0166 0.263026 0.943312 0.202433 1 
0.1123 0.213 0.0171 0.297713 0.91347 0.277381 1 
0.1127 0.2132 0.0168 0.398068 0.909272 0.121516 1 
0.1138 0.213 0.0171 0.39609 0.915197 -0.0743513 1 
0.1016 0.2237 0.0319 0.66842 0.598411 -0.441724 1 
0.1016 0.2237 0.0317 0.706473 0.618368 -0.344263 1 
0.0984 0.2255 0.032 -0.154259 0.208703 -0.965737 1 
0.0993 0.2249 0.032 -0.0889803 0.0139367 -0.995936 1 
0.0999 0.2249 0.0319 0.0533276 0.178944 -0.982413 1 
0.101 0.2243 0.0319 0.652331 0.615627 -0.442117 1 
0.1013 0.2243 0.0319 0.655934 0.592186 -0.468045 1 
0.1013 0.2245 0.032 0.136576 0.169154 -0.976081 1 
0.1017 0.2243 0.032 0.3473 0.329101 -0.878109 1 
0.1013 0.2251 0.032 0.128503 0.170921 -0.976869 1 
0.1013 0.2252 0.0317 0.189715 0.263417 -0.945844 1 
0.1013 0.2255 0.0317 0.213226 0.336296 -0.9173 1 
0.1013 0.2252 0.032 0.163243 0.240219 -0.956894 1 
0.101 0.2257 0.032 0.0273079 0.0950315 -0.9951 1 
0.0977 0.2237 0.0329 -0.0909519 0.095557 -0.99126 1 
0.098 0.2237 0.0329 -0.108256 0.0164024 -0.993988 1 
0.1016 0.2239 0.032 0.64683 0.579627 -0.495623 1 
0.1013 0.2239 0.0326 0.0562252 0.0760693 -0.995516 1 
0.1019 0.2234 0.032 0.609142 0.585518 -0.534897 1 
0.1023 0.2234 0.0322 0.52441 0.514358 -0.67855 1 
0.1016 0.2237 0.0323 0.407707 0.414102 -0.813815 1 
0.1023 0.2236 0.0328 0.224442 0.263475 -0.938193 1 
0.1019 0.2237 0.0326 0.227253 0.260713 -0.938288 1 
0.1022 0.2237 0.0325 0.251902 0.300843 -0.919803 1 
0.1019 0.2233 0.0331 0.180951 0.21265 -0.960227 1 
0.1023 0.2236 0.0331 0.132121 0.127273 -0.983029 1 
0.0975 0.2245 0.0326 -0.1065 0.245079 -0.963636 1 
0.0981 0.2248 0.0325 -0.15749 0.212156 -0.964462 1 
0.0987 0.2248 0.0325 -0.131039 0.0660994 -0.989171 1 
0.0987 0.2245 0.0328 -0.136621 -0.0282275 -0.990221 1 
0.0978 0.2249 0.0325 -0.146826 0.252647 -0.956353 1 
0.0987 0.2249 0.0322 -0.130234 0.135103 -0.982235 1 
0.0984 0.2249 0.0322 -0.146697 0.190068 -0.970749 1 
0.099 0.2249 0.032 -0.0944154 0.108403 -0.989613 1 
0.099 0.2249 0.0323 -0.11328 0.0437417 -0.9926 1 
0.099 0.2249 0.0326 -0.102831 0.0364883 -0.994029 1 
0.099 0.2254 0.0326 -0.111822 0.168347 -0.979365 1 
0.0983 0.2258 0.0328 -0.15749 0.212156 -0.964462 1 
0.0989 0.2257 0.0328 -0.11893 0.186532 -0.975224 1 
0.0987 0.226 0.0328 -0.154259 0.208703 -0.965737 1 
0.0989 0.2264 0.0328 -0.15749 0.212156 -0.964462 1 
0.099 0.2266 0.0329 -0.15749 0.212156 -0.964462 1 
0.1004 0.2245 0.0322 0.0788197 0.139993 -0.98701 1 
0.1007 0.2248 0.0323 -0.0518602 -0.0349262 -0.998043 1 
0.0993 0.2249 0.0322 -0.0889803 0.0139367 -0.995936 1 
0.0996 0.2251 0.0322 -0.0749177 0.00949661 -0.997145 1 
0.0996 0.2251 0.032 -0.055431 0.0597785 -0.996671 1 
0.0999 0.2252 0.0322 -0.0482175 0.0503605 -0.997567 1 
0.0996 0.2254 0.0323 -0.0744682 0.0700224 -0.994762 1 
0.0993 0.2251 0.0325 -0.0662567 0.0887166 -0.993851 1 
0.0993 0.2251 0.0326 -0.0879565 0.0271471 -0.995754 1 
0.0993 0.2255 0.0326 -0.085794 0.0949454 -0.991779 1 
0.0996 0.2252 0.0325 -0.055431 0.0597785 -0.996671 1 
0.0999 0.2254 0.0325 -0.0523961 0.0438416 -0.997664 1 
0.1002 0.2252 0.0322 -0.044599 -0.0197065 -0.998811 1 
0.1005 0.2251 0.0326 -0.0299645 -0.027898 -0.999162 1 
0.1004 0.2255 0.0326 -0.0420124 -0.00922223 -0.999075 1 
0.0993 0.2254 0.0332 -0.0725546 0.0747871 -0.994557 1 
0.101 0.2245 0.0322 0.0221326 0.0579662 -0.998073 1 
0.101 0.2245 0.0322 0.0221326 0.0579662 -0.998073 1 
0.101 0.2248 0.0322 -0.029664 -0.0194351 -0.999371 1 
0.1014 0.2245 0.0322 -0.0109226 0.00695076 -0.999916 1 
0.101 0.2245 0.0325 -0.0409473 -0.0367476 -0.998485 1 
0.102 0.2243 0.0323 0.010966 0.00897218 -0.9999 1 
0.101 0.2251 0.0322 -0.00693712 0.00891915 -0.999936 1 
0.1008 0.2249 0.0325 -0.0454245 -0.0369735 -0.998283 1 
0.1022 0.2245 0.0328 0.0461042 -0.00512268 -0.998923 1 
0.0993 0.2257 0.0328 -0.0946095 0.110962 -0.989311 1 
0.0998 0.2257 0.0326 -0.059901 0.0577227 -0.996534 1 
0.0999 0.2257 0.0326 -0.059901 0.0577227 -0.996534 1 
0.0996 0.226 0.0328 -0.0946095 0.110962 -0.989311 1 
0.0995 0.2263 0.0328 -0.111822 0.168347 -0.979365 1 
0.1004 0.2258 0.0328 -0.0402919 -0.0175632 -0.999034 1 
0.0999 0.2266 0.0328 -0.0879541 0.2044 -0.974928 1 
0.1001 0.2263 0.0328 -0.0725546 0.0747871 -0.994557 1 
0.0995 0.2266 0.0332 -0.121876 0.192237 -0.973751 1 
0.1026 0.2236 0.0331 0.111863 0.107153 -0.98793 1 
0.1028 0.2233 0.0332 0.124478 0.156521 -0.979799 1 
0.0978 0.2171 0.0284 -0.487398 -0.036862 0.872401 1 
0.0939 0.2188 0.0267 -0.69313 -0.00415048 0.7208 1 
0.0939 0.2192 0.0264 -0.715135 0.101741 0.691543 1 
0.0942 0.2189 0.0267 -0.666987 0.0125321 0.744964 1 
0.0945 0.2191 0.026 -0.666987 0.0125321 0.744964 1 
0.0945 0.2192 0.0263 -0.666987 0.0125321 0.744964 1 
0.0947 0.2186 0.027 -0.640981 -0.0828479 0.763073 1 
0.0948 0.2192 0.0269 -0.626779 -0.110608 0.771307 1 
0.0948 0.2189 0.0272 -0.627343 -0.107251 0.771323 1 
0.0944 0.2192 0.0263 -0.666987 0.0125321 0.744964 1 
0.0942 0.2192 0.0267 -0.674526 -0.00415519 0.738239 1 
0.0947 0.2194 0.0266 -0.660491 -0.073709 0.747207 1 
0.0947 0.2195 0.0267 -0.660491 -0.073709 0.747207 1 
0.095 0.2195 0.0266 -0.638815 -0.0352547 0.768552 1 
0.095 0.2195 0.0269 -0.613013 -0.116694 0.781407 1 
0.0951 0.2198 0.0272 -0.602301 -0.122828 0.788763 1 
0.0953 0.2195 0.0269 -0.619936 -0.0885623 0.779638 1 
0.0953 0.2197 0.0272 -0.615432 -0.0979429 0.782081 1 
0.0953 0.2183 0.0274 -0.623098 -0.101162 0.775574 1 
0.0948 0.2188 0.0274 -0.63197 -0.0948685 0.769164 1 
0.095 0.2191 0.0272 -0.627715 -0.0888414 0.773357 1 
0.0948 0.2177 0.028 -0.637602 -0.152241 0.755174 1 
0.0957 0.2183 0.0285 -0.593128 -0.119214 0.796233 1 
0.0957 0.2191 0.028 -0.601368 -0.129183 0.78846 1 
0.0954 0.2186 0.0284 -0.607982 -0.106946 0.786715 1 
0.0951 0.2192 0.0273 -0.625069 -0.0980788 0.774383 1 
0.0954 0.2192 0.0275 -0.60746 -0.122674 0.784821 1 
0.0953 0.2195 0.0274 -0.615432 -0.0979429 0.782081 1 
0.0959 0.2194 0.0274 -0.601368 -0.129183 0.78846 1 
0.0957 0.2195 0.0274 -0.60746 -0.122674 0.784821 1 
0.0957 0.2192 0.0278 -0.601368 -0.129183 0.78846 1 
0.0959 0.2192 0.0278 -0.590187 -0.138255 0.79534 1 
0.096 0.2194 0.028 -0.590187 -0.138255 0.79534 1 
0.096 0.22 0.0282 -0.590187 -0.138255 0.79534 1 
0.0957 0.2198 0.0286 -0.590187 -0.138255 0.79534 1 
0.096 0.2198 0.0286 -0.590187 -0.138255 0.79534 1 
0.0957 0.2204 0.0282 -0.60734 -0.110292 0.786749 1 
0.0951 0.2209 0.0279 0.332329 -0.916423 0.222992 1 
0.0969 0.2177 0.0278 -0.590518 0.00685056 0.806995 1 
0.0962 0.2189 0.0278 -0.590187 -0.138255 0.79534 1 
0.0966 0.2183 0.0284 -0.593128 -0.119214 0.796233 1 
0.096 0.2186 0.0284 -0.590187 -0.138255 0.79534 1 
0.0966 0.2186 0.0284 -0.590187 -0.138255 0.79534 1 
0.0972 0.2184 0.0286 -0.574601 -0.119035 0.809731 1 
0.0978 0.2183 0.0286 -0.554305 -0.121391 0.823414 1 
0.0962 0.2198 0.0281 -0.590187 -0.138255 0.79534 1 
0.0966 0.2198 0.0284 -0.590187 -0.138255 0.79534 1 
0.0972 0.2195 0.0281 -0.534712 0.0373055 0.84421 1 
0.0963 0.2201 0.0284 -0.590187 -0.138255 0.79534 1 
0.0975 0.2203 0.0284 -0.398481 0.433688 0.808163 1 
0.0972 0.2201 0.0287 -0.407359 0.257042 0.876349 1 
0.0978 0.2198 0.0285 -0.330449 0.306525 0.892662 1 
0.0977 0.2207 0.0286 -0.372735 0.532247 0.76012 1 
0.098 0.2207 0.0287 -0.295403 0.443877 0.845996 1 
0.0975 0.218 0.0294 -0.512825 -0.0805262 0.854708 1 
0.0975 0.2183 0.0293 -0.535186 -0.123953 0.83559 1 
0.0975 0.2183 0.0294 -0.527406 -0.127103 0.840052 1 
0.0975 0.2186 0.0294 -0.534678 -0.0691272 0.842224 1 
0.0974 0.2189 0.0293 -0.54655 -0.143673 0.82501 1 
0.0978 0.2177 0.0293 -0.4798 -0.0536166 0.875738 1 
0.0977 0.2184 0.0291 -0.535186 -0.123953 0.83559 1 
0.0978 0.2188 0.0291 -0.479613 -0.125304 0.868488 1 
0.0978 0.2189 0.029 -0.489866 -0.125718 0.862685 1 
0.0966 0.22 0.0293 -0.573448 -0.137805 0.807569 1 
0.0972 0.2195 0.0291 -0.53296 -0.117629 0.837924 1 
0.0969 0.22 0.0288 -0.565963 -0.090727 0.819423 1 
0.0969 0.2198 0.029 -0.573448 -0.137805 0.807569 1 
0.0966 0.2203 0.029 -0.557388 -0.0907375 0.825279 1 
0.0966 0.2204 0.0293 -0.564128 -0.0696279 0.822746 1 
0.0971 0.2201 0.029 -0.446446 0.126945 0.88576 1 
0.099 0.2192 0.0294 -0.34329 0.34329 0.874245 1 
0.0981 0.2203 0.029 -0.162969 0.268023 0.949529 1 
0.098 0.2207 0.029 -0.228043 0.381053 0.895989 1 
0.098 0.2201 0.0294 -0.188534 0.201718 0.961127 1 
0.0977 0.2207 0.0296 -0.214379 0.258638 0.941885 1 
0.0987 0.2194 0.0296 -0.344679 0.273673 0.897942 1 
0.0963 0.2213 0.0291 -0.567744 -0.0786547 0.819439 1 
0.0968 0.2212 0.0294 -0.41512 0.211253 0.8849 1 
0.0971 0.2209 0.029 -0.391255 0.353844 0.849538 1 
0.0974 0.2213 0.0291 -0.296961 0.366302 0.881838 1 
0.0974 0.221 0.0296 -0.226659 0.260033 0.938621 1 
0.0971 0.2213 0.0293 -0.293682 0.317295 0.901707 1 
0.0965 0.2219 0.0294 -0.369495 0.1287 0.920277 1 
0.0968 0.2209 0.0298 -0.462511 -0.00662623 0.886589 1 
0.0971 0.2213 0.0296 -0.242968 0.215514 0.945791 1 
0.0977 0.221 0.029 -0.265145 0.381989 0.885315 1 
0.1207 0.2219 0.0224 0.364316 0.0512936 0.929862 1 
0.1212 0.2216 0.0221 0.332641 0.0749427 0.940071 1 
0.1213 0.2219 0.0222 0.332641 0.0749427 0.940071 1 
0.1166 0.2198 0.0251 -0.170717 0.850614 0.497305 1 
0.1162 0.2207 0.0251 -0.246086 0.910082 0.333454 1 
0.1162 0.2207 0.0254 -0.250794 0.875526 0.412984 1 
0.1178 0.2219 0.0227 0.536659 -0.0122277 0.84371 1 
0.1183 0.2216 0.0231 0.536659 -0.0122277 0.84371 1 
0.118 0.2222 0.0239 0.536338 0.0260625 0.843601 1 
0.1163 0.2209 0.0254 -0.289513 0.925585 0.243875 1 
0.1168 0.2212 0.0254 -0.214562 0.932574 0.29029 1 
0.1168 0.2219 0.0255 -0.23681 0.928807 0.285023 1 
0.118 0.2216 0.024 0.539479 0.0487901 0.840584 1 
0.118 0.2218 0.0243 0.552321 0.0234151 0.833302 1 
0.1178 0.2222 0.0242 0.563777 0.00955554 0.825872 1 
0.1178 0.2222 0.0245 0.572589 -0.012358 0.81975 1 
0.118 0.2215 0.0252 0.552001 -0.0403225 0.832868 1 
0.118 0.2221 0.0249 0.572589 -0.012358 0.81975 1 
0.1168 0.2225 0.0246 0.571964 -0.0698909 0.817296 1 
0.1169 0.2227 0.0246 0.571731 -0.0491661 0.818966 1 
0.1174 0.2227 0.0248 0.557404 -0.0233972 0.829912 1 
0.1183 0.2227 0.0243 0.533509 -0.00950271 0.845741 1 
0.1178 0.2225 0.0245 0.572589 -0.012358 0.81975 1 
0.118 0.2228 0.0248 0.568774 -0.0319849 0.821872 1 
0.1169 0.2227 0.0249 0.578878 -0.0790032 0.811578 1 
0.1189 0.2216 0.0231 0.490199 0.110045 0.864636 1 
0.1198 0.2215 0.0227 -0.143113 -0.950967 0.274189 1 
0.1198 0.221 0.0231 -0.143113 -0.950967 0.274189 1 
0.1194 0.2215 0.023 -0.0836051 -0.938235 0.335747 1 
0.1195 0.2216 0.0231 -0.0836051 -0.938235 0.335747 1 
0.1197 0.2219 0.023 -0.141644 -0.945645 0.292732 1 
0.12 0.2221 0.023 -0.143888 -0.948044 0.283741 1 
0.1184 0.2215 0.0234 0.518163 0.0572633 0.853363 1 
0.1189 0.2213 0.0233 0.490351 0.10722 0.864905 1 
0.1192 0.2213 0.0233 0.476022 0.127994 0.87007 1 
0.1192 0.221 0.0237 0.484099 0.153566 0.861432 1 
0.1186 0.2216 0.0237 0.504805 0.113617 0.855724 1 
0.1188 0.2215 0.0237 0.504805 0.113617 0.855724 1 
0.1189 0.2213 0.0237 0.504805 0.113617 0.855724 1 
0.1195 0.2216 0.0233 -0.0405939 -0.925803 0.375821 1 
0.1198 0.2213 0.0233 -0.141035 -0.946949 0.288786 1 
0.1198 0.2216 0.0236 -0.0405939 -0.925803 0.375821 1 
0.1194 0.221 0.0237 0.482854 0.157038 0.861505 1 
0.1189 0.2216 0.0237 0.504805 0.113617 0.855724 1 
0.1189 0.2219 0.0239 0.504805 0.113617 0.855724 1 
0.1194 0.2216 0.0233 -0.0405939 -0.925803 0.375821 1 
0.1198 0.2219 0.0233 -0.141644 -0.945645 0.292732 1 
0.1201 0.2215 0.0228 -0.143113 -0.950967 0.274189 1 
0.121 0.2213 0.023 0.364316 0.0512936 0.929862 1 
0.1213 0.2213 0.023 0.34359 0.0242685 0.938806 1 
0.1213 0.2216 0.0231 0.357982 0.0511403 0.932327 1 
0.1204 0.2219 0.0225 0.403876 -0.0302578 0.914313 1 
0.1201 0.2216 0.0227 -0.129259 -0.95012 0.283837 1 
0.1204 0.2219 0.0227 -0.129259 -0.95012 0.283837 1 
0.1204 0.2221 0.0227 -0.129259 -0.95012 0.283837 1 
0.1206 0.2219 0.0231 -0.129259 -0.95012 0.283837 1 
0.1212 0.2219 0.0225 0.34359 0.0242685 0.938806 1 
0.1201 0.221 0.0236 -0.143113 -0.950967 0.274189 1 
0.1204 0.2221 0.0233 -0.143113 -0.950967 0.274189 1 
0.1201 0.2224 0.0233 -0.141035 -0.946949 0.288786 1 
0.1184 0.2225 0.0239 0.536659 -0.0122277 0.84371 1 
0.1186 0.2228 0.0239 0.536176 -0.00135057 0.844105 1 
0.1188 0.2228 0.0239 0.53273 -0.0177122 0.8461 1 
0.1186 0.2225 0.0242 0.536659 -0.0122277 0.84371 1 
0.1186 0.2228 0.0242 0.536176 -0.00135057 0.844105 1 
0.1222 0.2198 0.0227 0.329757 0.397875 0.856128 1 
0.1218 0.2207 0.0225 0.337037 0.399163 0.852687 1 
0.1219 0.2209 0.0228 0.337037 0.399163 0.852687 1 
0.1219 0.221 0.0234 0.326126 0.397225 0.85782 1 
0.1159 0.2201 0.0261 0.113307 0.220249 0.96884 1 
0.1162 0.2201 0.0261 0.181782 0.19486 0.963839 1 
0.1162 0.221 0.0257 -0.33474 0.907744 0.252882 1 
0.1165 0.2212 0.0257 -0.24105 0.891736 0.383018 1 
0.1165 0.2221 0.026 -0.239511 0.843628 0.480548 1 
0.0987 0.2157 0.0207 -0.405898 0.0549235 0.912266 1 
0.0966 0.2168 0.02 -0.375603 0.329611 0.866187 1 
0.0969 0.2168 0.02 -0.354307 0.288528 0.889504 1 
0.0966 0.2162 0.0204 -0.354307 0.288528 0.889504 1 
0.0966 0.2165 0.0207 -0.354307 0.288528 0.889504 1 
0.0966 0.2168 0.0206 -0.354307 0.288528 0.889504 1 
0.0971 0.2168 0.0203 -0.352949 0.295876 0.887629 1 
0.0974 0.2171 0.0203 -0.433412 0.15119 0.888423 1 
0.0974 0.2171 0.0207 -0.433412 0.15119 0.888423 1 
0.0977 0.2174 0.0206 -0.482953 0.0257034 0.875269 1 
0.0977 0.2159 0.0209 -0.300137 0.314922 0.900412 1 
0.0989 0.2157 0.0213 -0.388005 0.0489973 0.920354 1 
0.0986 0.2153 0.0218 -0.405898 0.0549235 0.912266 1 
0.099 0.2153 0.0218 -0.384905 0.0300096 0.922468 1 
0.099 0.2156 0.0218 -0.388884 0.0142117 0.921177 1 
0.0987 0.2153 0.0221 -0.398462 0.0328764 0.916595 1 
0.0987 0.2156 0.0221 -0.402024 0.0222619 0.915358 1 
0.0972 0.2165 0.0209 -0.432491 0.147995 0.889409 1 
0.0984 0.2163 0.0212 -0.401745 0.0520534 0.914271 1 
0.0983 0.2165 0.0209 -0.406699 0.0384178 0.912754 1 
0.0977 0.2174 0.0209 -0.471891 0.00132182 0.881656 1 
0.0996 0.215 0.0213 -0.369381 0.0680088 0.926786 1 
0.0996 0.2151 0.0221 -0.372926 0.00127278 0.92786 1 
0.1002 0.2151 0.0222 -0.295955 -0.0495376 0.953916 1 
0.0993 0.2157 0.0218 -0.384469 0.0168286 0.922984 1 
0.1005 0.2159 0.0216 -0.363222 0.0114702 0.931632 1 
0.1023 0.2147 0.0221 -0.0750822 -0.0795647 0.993998 1 
0.101 0.2153 0.0219 -0.287502 -0.0544608 0.95623 1 
0.1011 0.2159 0.0218 -0.290211 -0.0414588 0.956064 1 
0.1014 0.2159 0.0224 -0.270049 -0.0410673 0.961971 1 
0.1022 0.2156 0.0224 -0.0616842 -0.140826 0.988111 1 
0.1002 0.2175 0.0224 -0.348438 0.145761 0.925929 1 
0.101 0.2162 0.0216 -0.311893 0.0551909 0.948513 1 
0.1008 0.2162 0.0219 -0.344659 -0.00125331 0.938727 1 
0.101 0.2165 0.0218 -0.325691 0.132184 0.936191 1 
0.101 0.2168 0.0224 -0.319869 0.134754 0.93783 1 
0.1013 0.2166 0.0221 -0.297156 0.118596 0.947435 1 
0.1016 0.2168 0.0222 -0.297156 0.118596 0.947435 1 
0.1019 0.2168 0.0222 -0.0912618 0.0384839 0.995083 1 
0.1017 0.2171 0.0222 -0.219286 0.0939797 0.971124 1 
0.1022 0.2171 0.0224 -0.255368 0.110184 0.960545 1 
0.1019 0.2175 0.0224 -0.37299 0.114237 0.920776 1 
0.1005 0.215 0.0225 -0.2882 -0.054593 0.956013 1 
0.1005 0.2153 0.0225 -0.287502 -0.0544608 0.95623 1 
0.1013 0.2154 0.0227 -0.233353 -0.0736248 0.969601 1 
0.1017 0.2159 0.0225 -0.167314 -0.101365 0.980679 1 
0.102 0.2153 0.0231 -0.36951 -0.0404764 0.928345 1 
0.1013 0.216 0.0225 -0.270049 -0.0410673 0.961971 1 
0.1011 0.2174 0.0225 -0.319869 0.134754 0.93783 1 
0.0981 0.2177 0.0207 -0.422766 0.0638906 0.903984 1 
0.1019 0.2195 0.0204 0.635092 0.17905 0.751398 1 
0.1013 0.218 0.0218 -0.310519 0.125014 0.942311 1 
0.101 0.2177 0.0224 -0.319869 0.134754 0.93783 1 
0.1013 0.2183 0.0221 -0.286807 0.159035 0.944696 1 
0.101 0.2192 0.0221 -0.276558 0.155142 0.948392 1 
0.1004 0.218 0.0225 -0.350327 0.167425 0.921542 1 
0.1005 0.2183 0.0227 -0.320254 0.180405 0.929995 1 
0.1004 0.218 0.0228 -0.350327 0.167425 0.921542 1 
0.1016 0.2177 0.0225 -0.408031 0.124793 0.904399 1 
0.1016 0.218 0.0225 -0.399675 0.13042 0.907332 1 
0.1011 0.218 0.0231 -0.120196 0.110676 0.986562 1 
0.1017 0.2178 0.0225 -0.440945 0.142194 0.886199 1 
0.1019 0.2181 0.0225 -0.448784 0.1027 0.88772 1 
0.1022 0.2183 0.0225 -0.286072 0.158628 0.944987 1 
0.1016 0.2184 0.0227 -0.541902 0.149951 0.826957 1 
0.1025 0.2191 0.0206 0.170226 0.250647 0.952995 1 
0.112 0.2192 0.0246 -0.338546 -0.273498 0.900325 1 
0.1123 0.2183 0.0246 -0.35137 -0.268346 0.896956 1 
0.1126 0.2191 0.0252 -0.264963 -0.276421 0.923789 1 
0.1126 0.2192 0.0255 -0.269685 -0.263977 0.92606 1 
0.1132 0.2188 0.0255 -0.15805 -0.314726 0.935932 1 
0.1132 0.2189 0.0252 -0.122987 -0.320307 0.939296 1 
0.1129 0.2192 0.0252 -0.250093 -0.28725 0.92463 1 
0.1121 0.2204 0.0248 -0.320495 -0.288002 0.902407 1 
0.1145 0.221 0.0255 -0.0976611 0.333118 0.937814 1 
0.1148 0.2192 0.0258 0.0389215 -0.292539 0.955461 1 
0.1135 0.2198 0.0261 0.00379104 -0.357621 0.933859 1 
0.1126 0.2201 0.0261 -0.25158 -0.274322 0.928146 1 
0.113 0.2204 0.0258 -0.0297094 -0.362972 0.931326 1 
0.1135 0.2195 0.0264 0.00379104 -0.357621 0.933859 1 
0.1136 0.2198 0.0263 0.00124389 -0.32963 0.944109 1 
0.1151 0.2198 0.0257 -0.0153123 0.0316454 0.999382 1 
0.1151 0.2198 0.026 0.00933127 -0.0549508 0.998446 1 
0.1142 0.2204 0.026 0.0103483 -0.182821 0.983092 1 
0.1138 0.2197 0.0266 0.0258903 -0.277396 0.960407 1 
0.1129 0.2212 0.0261 -0.0589077 -0.19115 0.979792 1 
0.1154 0.2197 0.0263 0.133146 -0.111555 0.984798 1 
0.1154 0.2207 0.0257 -0.0116946 0.406713 0.913481 1 
0.1109 0.2103 0.0218 -0.32692 -0.212712 0.920802 1 
0.1112 0.2097 0.0221 -0.32692 -0.212712 0.920802 1 
0.1117 0.2106 0.0221 -0.32692 -0.212712 0.920802 1 
0.1118 0.2105 0.0222 -0.32692 -0.212712 0.920802 1 
0.1112 0.2109 0.0222 -0.32692 -0.212712 0.920802 1 
0.1135 0.2088 0.0219 -0.32802 -0.272124 0.904628 1 
0.1126 0.2094 0.0221 -0.32692 -0.212712 0.920802 1 
0.113 0.2091 0.0219 -0.32802 -0.272124 0.904628 1 
0.1132 0.2091 0.0222 -0.32802 -0.272124 0.904628 1 
0.1135 0.2091 0.0222 -0.32802 -0.272124 0.904628 1 
0.1138 0.2088 0.0224 -0.32802 -0.272124 0.904628 1 
0.1127 0.21 0.0224 -0.32692 -0.212712 0.920802 1 
0.1124 0.2112 0.0218 -0.32692 -0.212712 0.920802 1 
0.1123 0.2106 0.0224 -0.32692 -0.212712 0.920802 1 
0.1126 0.2106 0.0222 -0.32692 -0.212712 0.920802 1 
0.112 0.2108 0.0225 -0.32692 -0.212712 0.920802 1 
0.112 0.2106 0.023 -0.32692 -0.212712 0.920802 1 
0.1138 0.2094 0.023 -0.32802 -0.272124 0.904628 1 
0.1127 0.21 0.0227 -0.32692 -0.212712 0.920802 1 
0.1132 0.2097 0.0225 -0.32692 -0.212712 0.920802 1 
0.1132 0.21 0.0227 -0.32692 -0.212712 0.920802 1 
0.1135 0.2097 0.0228 -0.320624 -0.253888 0.912546 1 
0.1117 0.2114 0.0224 -0.32692 -0.212712 0.920802 1 
0.1111 0.2124 0.0219 0.781288 0.349566 0.5171 1 
0.1123 0.2114 0.0219 -0.32692 -0.212712 0.920802 1 
0.1117 0.2114 0.0227 -0.32692 -0.212712 0.920802 1 
0.1115 0.2124 0.0225 0.504463 0.164209 0.847675 1 
0.1106 0.2159 0.0239 -0.252369 -0.0059803 0.967613 1 
0.1103 0.2165 0.0231 -0.193211 -0.041487 0.98028 1 
0.1106 0.2169 0.0231 -0.253013 -0.0456657 0.966385 1 
0.1109 0.2166 0.0237 -0.262833 -0.102285 0.959404 1 
0.1118 0.2166 0.0237 -0.284992 -0.185865 0.940337 1 
0.1109 0.2171 0.0239 -0.284992 -0.185865 0.940337 1 
0.1112 0.2171 0.0234 -0.284992 -0.185865 0.940337 1 
0.1115 0.2171 0.0237 -0.294538 -0.165764 0.941153 1 
0.1112 0.2174 0.0237 -0.294538 -0.165764 0.941153 1 
0.1117 0.2172 0.0239 -0.294538 -0.165764 0.941153 1 
0.1097 0.2145 0.0243 -0.208884 -0.325404 0.922215 1 
0.1106 0.2159 0.0242 -0.252369 -0.0059803 0.967613 1 
0.1109 0.2162 0.0246 -0.273948 -0.157891 0.948696 1 
0.1108 0.2165 0.0245 -0.284992 -0.185865 0.940337 1 
0.112 0.2168 0.024 -0.284992 -0.185865 0.940337 1 
0.112 0.2165 0.0246 -0.284992 -0.185865 0.940337 1 
0.1112 0.2171 0.024 -0.294538 -0.165764 0.941153 1 
0.1114 0.2168 0.0243 -0.284992 -0.185865 0.940337 1 
0.1117 0.2175 0.0242 -0.430677 -0.222044 0.874765 1 
0.1111 0.2163 0.0248 -0.284992 -0.185865 0.940337 1 
0.1106 0.2168 0.0249 -0.284992 -0.185865 0.940337 1 
0.1127 0.2159 0.0239 -0.283579 -0.15875 0.945717 1 
0.1123 0.2163 0.0239 -0.284992 -0.185865 0.940337 1 
0.113 0.216 0.0239 -0.328135 -0.205972 0.921902 1 
0.1124 0.2159 0.024 -0.283579 -0.15875 0.945717 1 
0.1127 0.2157 0.0243 -0.284185 -0.161809 0.945017 1 
0.1124 0.2159 0.0243 -0.284992 -0.185865 0.940337 1 
0.113 0.2157 0.0246 -0.285864 -0.173707 0.942395 1 
0.1135 0.2159 0.0248 -0.299683 -0.245195 0.921992 1 
0.1123 0.2165 0.0242 -0.284992 -0.185865 0.940337 1 
0.1127 0.2165 0.0245 -0.334885 -0.222778 0.915545 1 
0.1126 0.2165 0.0246 -0.284992 -0.185865 0.940337 1 
0.113 0.2162 0.0242 -0.334885 -0.222778 0.915545 1 
0.1135 0.2162 0.0245 -0.324616 -0.221654 0.919507 1 
0.1123 0.2169 0.0245 -0.343987 -0.198399 0.917775 1 
0.1127 0.2172 0.0248 -0.523426 -0.148918 0.838957 1 
0.1126 0.2174 0.0248 -0.523426 -0.148918 0.838957 1 
0.113 0.2168 0.0248 -0.375131 -0.302231 0.876318 1 
0.1132 0.2174 0.0251 -0.32802 -0.272124 0.904628 1 
0.112 0.2177 0.0242 -0.448498 -0.196866 0.871833 1 
0.1114 0.2178 0.0245 -0.476715 -0.198756 0.856294 1 
0.1168 0.2064 -0.0017 0.442446 0.0643807 0.894481 0 
0.1165 0.2063 -0.0014 0.508833 0.142239 0.849033 0 
0.1165 0.2056 -0.0008 0.526861 0.149056 0.836779 0 
0.1162 0.2064 -0.0011 0.43049 -0.570108 0.699754 0 
0.1165 0.2063 -0.0011 0.509945 0.13881 0.848934 0 
0.1162 0.2064 -0.0008 0.409433 -0.624924 0.664707 0 
0.1168 0.2053 -0.0014 0.496529 0.183403 0.848423 0 
0.1174 0.2053 -0.0014 0.999999 0.000977516 0.000977516 0 
0.1162 0.2066 -0.0005 0.384539 -0.684909 0.618894 0 
0.1022 0.2206 0.0266 0.641546 0.527044 0.557354 0 
0.1011 0.2203 0.0293 -0.025326 0.894407 0.446537 0 
0.1016 0.2207 0.0288 0.606046 0.782623 0.142159 0 
0.1016 0.2207 0.029 0.591427 0.79598 0.128958 0 
0.102 0.2207 0.029 0.633471 0.77331 0.0265694 0 
0.1022 0.2206 0.0299 0.454836 0.889306 0.0475202 0 
0.102 0.22 0.0308 0.0623798 0.956066 -0.286438 0 
0.1019 0.2195 0.0309 -0.0329559 0.916173 -0.399425 0 
0.1022 0.2197 0.0309 -0.0169266 0.915337 -0.402332 0 
0.1019 0.2195 0.0313 -0.132547 0.89077 -0.434696 0 
0.1022 0.2195 0.0313 -0.123978 0.884947 -0.448886 0 
0.101 0.221 0.0296 0.906621 0.213237 -0.364099 0 
0.1013 0.221 0.03 0.908666 0.160687 -0.385365 0 
0.1022 0.2209 0.0296 0.538744 0.841873 -0.0316908 0 
0.1016 0.2212 0.0302 0.505655 0.861942 -0.0369991 0 
0.1148 0.2079 0.0019 0.058434 -0.782446 0.619971 0 
0.1151 0.2079 0.0019 0.138746 -0.789209 0.598247 0 
0.115 0.2078 0.0023 -0.0982727 -0.761247 0.640973 0 
0.1148 0.2081 0.0022 -0.0982727 -0.761247 0.640973 0 
0.1148 0.2084 0.0025 -0.34382 -0.695788 0.630609 0 
0.1144 0.2085 0.0028 0.0293515 -0.7869 0.616382 0 
0.1148 0.2082 0.0029 0.0466652 -0.784823 0.61796 0 
0.1144 0.2088 0.003 0.0640195 -0.806646 0.587557 0 
0.115 0.2079 0.0042 0.866301 0.372586 0.332721 0 
0.1145 0.2087 0.0034 0.337654 -0.813222 0.473983 0 
0.1148 0.2085 0.0032 0.0640195 -0.806646 0.587557 0 
0.1141 0.2091 0.0032 0.946568 0.0137911 0.322209 0 
0.1141 0.2091 0.0035 0.890578 0.251265 0.379127 0 
0.1148 0.2088 0.0035 0.888127 -0.135865 0.439058 0 
0.1148 0.2091 0.0038 0.890578 0.251265 0.379127 0 
0.1145 0.2094 0.0037 0.890578 0.251265 0.379127 0 
0.115 0.2087 0.0046 0.719677 0.653824 0.233621 0 
0.1148 0.2094 0.0044 0.809721 0.507845 0.294015 0 
0.113 0.2085 0.0058 -0.681465 -0.671845 -0.290224 0 
0.1132 0.2096 0.0061 -0.597553 -0.771387 -0.218844 0 
0.1138 0.2085 0.0063 -0.719417 -0.622851 -0.307402 0 
0.112 0.2096 0.0078 -0.282929 0.782403 -0.554795 0 
0.112 0.2091 0.0081 -0.304265 0.775797 -0.552776 0 
0.112 0.2094 0.0082 0.839064 0.529705 0.124036 0 
0.1118 0.2093 0.0084 -0.295274 0.764521 -0.572992 0 
0.1118 0.2099 0.0087 0.854666 0.505882 0.116742 0 
0.1118 0.2099 0.009 -0.230929 0.798179 -0.556401 0 
0.1117 0.21 0.0096 0.845319 0.520531 0.120346 0 
0.1117 0.2103 0.0094 0.845319 0.520531 0.120346 0 
0.1118 0.2106 0.0091 0.845468 0.519504 0.123691 0 
0.112 0.2106 0.0094 0.845319 0.520531 0.120346 0 
0.113 0.2085 0.0064 -0.488329 -0.857157 -0.16376 0 
0.1129 0.2087 0.0067 -0.774818 0.438792 -0.455104 0 
0.1133 0.2087 0.0066 -0.469483 -0.870651 -0.146804 0 
0.1129 0.2087 0.007 -0.808818 0.385991 -0.443649 0 
0.1132 0.2088 0.0069 -0.769967 0.449556 -0.452825 0 
0.1129 0.209 0.007 -0.799069 0.400339 -0.448572 0 
0.1126 0.2088 0.0072 -0.803989 0.415635 -0.425264 0 
0.1124 0.209 0.0076 -0.861007 0.211134 -0.462698 0 
0.1121 0.2091 0.0078 -0.215708 0.821525 -0.527795 0 
0.1121 0.2094 0.0076 -0.250301 0.836895 -0.486781 0 
0.1129 0.2097 0.0064 -0.772419 0.452347 -0.445815 0 
0.113 0.2099 0.0067 -0.451315 -0.884121 -0.121015 0 
0.1132 0.2097 0.0066 -0.533178 -0.827552 -0.175723 0 
0.113 0.2099 0.007 -0.793702 0.418674 -0.441305 0 
0.1133 0.2097 0.0069 -0.451315 -0.884121 -0.121015 0 
0.1133 0.2097 0.0072 -0.450181 -0.884741 -0.120711 0 
0.1124 0.2099 0.0078 -0.126783 0.884631 -0.448726 0 
0.1127 0.2097 0.0078 -0.869043 0.131149 -0.477037 0 
0.113 0.2097 0.0075 -0.842561 0.263397 -0.469801 0 
0.113 0.2097 0.0078 -0.854872 0.20583 -0.476264 0 
0.1133 0.2097 0.0078 -0.821353 0.292558 -0.489683 0 
0.1121 0.2088 0.0084 0.829281 0.547529 0.111829 0 
0.1132 0.2088 0.0088 -0.253019 0.811835 -0.526218 0 
0.1124 0.2094 0.0082 -0.304265 0.775797 -0.552776 0 
0.1123 0.209 0.0087 0.818076 0.565243 0.106074 0 
0.1123 0.2094 0.0084 -0.269497 0.77697 -0.568937 0 
0.1124 0.2094 0.0084 -0.269497 0.77697 -0.568937 0 
0.1127 0.2099 0.0081 -0.19191 0.829594 -0.524352 0 
0.1124 0.21 0.0082 -0.269497 0.77697 -0.568937 0 
0.1127 0.2102 0.0087 -0.294555 0.765843 -0.571596 0 
0.113 0.2097 0.0081 -0.858773 0.169981 -0.483337 0 
0.1129 0.2102 0.0084 -0.241401 0.786498 -0.568459 0 
0.1124 0.2105 0.0085 0.854666 0.505882 0.116742 0 
0.1121 0.21 0.009 0.849784 0.513924 0.117261 0 
0.1124 0.2106 0.0091 -0.230929 0.798179 -0.556401 0 
0.1121 0.2106 0.0091 -0.230929 0.798179 -0.556401 0 
0.1124 0.2106 0.0088 0.849784 0.513924 0.117261 0 
0.1121 0.2106 0.0094 0.845319 0.520531 0.120346 0 
0.1138 0.21 0.0082 -0.838651 0.230667 -0.493414 0 
0.1109 0.2108 0.01 -0.322047 0.726629 -0.606873 0 
0.1115 0.2112 0.0097 -0.331862 0.730096 -0.597351 0 
0.112 0.2109 0.0099 -0.321341 0.741184 -0.589395 0 
0.1109 0.2108 0.0106 -0.201436 0.782678 -0.58893 0 
0.1111 0.2111 0.0105 -0.201436 0.782678 -0.58893 0 
0.1109 0.2112 0.0106 -0.00678455 0.837213 -0.546835 0 
0.1108 0.2108 0.0108 -0.0753459 0.831648 -0.550167 0 
0.1106 0.2108 0.0111 0.0233206 0.843658 -0.536374 0 
0.1109 0.2112 0.0109 0.0574208 0.847307 -0.527991 0 
0.112 0.2106 0.0105 -0.322047 0.726629 -0.606873 0 
0.1115 0.2109 0.0111 -0.131871 0.795673 -0.591198 0 
0.1112 0.2109 0.0118 -0.0654739 0.865091 -0.497323 0 
0.1121 0.2106 0.0097 0.843351 0.522907 0.123808 0 
0.112 0.2112 0.0102 -0.322047 0.726629 -0.606873 0 
0.1117 0.2118 0.0103 -0.180671 0.791005 -0.584524 0 
0.1109 0.2114 0.0109 0.0574208 0.847307 -0.527991 0 
0.1109 0.2118 0.0112 -0.0542974 0.856228 -0.513737 0 
0.1114 0.2118 0.0108 0.0122245 0.848925 -0.528371 0 
0.1114 0.212 0.0105 -0.00404134 0.850028 -0.526721 0 
0.1117 0.2121 0.0106 0.00404134 0.850028 -0.526721 0 
0.1114 0.2121 0.0111 0.0568496 0.863837 -0.500554 0 
0.1103 0.2118 0.012 -0.111622 0.839343 -0.532019 0 
0.1108 0.2112 0.0112 0.0537889 0.870277 -0.489617 0 
0.1106 0.2114 0.0114 -0.133378 0.839845 -0.526185 0 
0.1108 0.2114 0.0114 -0.120346 0.845319 -0.520531 0 
0.1109 0.2114 0.0112 -0.0654739 0.865091 -0.497323 0 
0.1106 0.2117 0.0118 -0.139599 0.836126 -0.530477 0 
0.1114 0.2121 0.0114 -0.0342796 0.856989 -0.514193 0 
0.1157 0.2079 0.0041 0.00664098 -0.883251 0.468854 0 
0.1153 0.2085 0.0035 0.0724593 -0.833993 0.546997 0 
0.116 0.2081 0.0037 -0.0944637 -0.800761 0.591488 0 
0.1153 0.2091 0.0038 0.888203 -0.12041 0.443393 0 
0.1156 0.2084 0.004 0.888127 -0.135865 0.439058 0 
0.1156 0.2085 0.004 0.888127 -0.135865 0.439058 0 
0.1153 0.2081 0.0047 0.763922 0.590661 0.259891 0 
0.1156 0.2094 0.0046 0.899304 0.201944 0.387906 0 
0.1159 0.2094 0.0044 0.43096 0.875341 -0.219208 0 
0.1081 0.2132 0.0157 0.790933 0.523575 0.316692 0 
0.1079 0.2138 0.0157 0.848828 0.369124 0.378468 0 
0.1081 0.2138 0.0155 0.800676 0.498234 0.332687 0 
0.1082 0.2139 0.0155 0.812144 0.475208 0.338526 0 
0.1072 0.2142 0.0179 0.356977 0.913231 -0.196409 0 
0.107 0.2139 0.018 0.352136 0.908597 -0.224613 0 
0.1072 0.2142 0.0185 0.349127 0.900069 -0.26074 0 
0.1076 0.2139 0.018 0.43453 0.89043 -0.135345 0 
0.1075 0.2141 0.0183 0.379777 0.900696 -0.210987 0 
0.1088 0.2144 0.018 0.874498 0.0311837 0.484025 0 
0.1079 0.2141 0.0189 0.349127 0.900069 -0.26074 0 
0.1082 0.2141 0.0184 0.300147 0.933947 -0.194049 0 
0.1088 0.2147 0.0174 0.880759 0.13937 0.452592 0 
0.1067 0.2148 0.0179 0.409194 0.874256 -0.26122 0 
0.1072 0.2145 0.0183 0.417274 0.877922 -0.23481 0 
0.1069 0.2147 0.0183 0.487845 0.847309 -0.209939 0 
0.1067 0.215 0.0186 0.558071 0.800978 -0.216772 0 
0.107 0.215 0.0186 0.577855 0.798134 -0.17049 0 
0.1072 0.2145 0.0191 0.668937 0.742478 -0.0353561 0 
0.1067 0.215 0.0189 0.693485 0.719117 -0.0441438 0 
0.107 0.215 0.0189 0.602471 0.784857 -0.145012 0 
0.1064 0.2153 0.0188 0.723564 0.689844 -0.0238846 0 
0.107 0.2153 0.0191 0.776965 0.621864 0.0980351 0 
0.1079 0.2144 0.0181 0.86931 -0.172097 0.463338 0 
0.1085 0.2147 0.0177 0.871516 -0.0147715 0.490144 0 
0.1088 0.2147 0.0177 0.877695 0.076746 0.473034 0 
0.1082 0.2144 0.018 0.867479 -0.0742752 0.491898 0 
0.1084 0.2147 0.018 0.881186 0.085186 0.465032 0 
0.1085 0.2145 0.0183 0.877417 -0.031191 0.478714 0 
0.1076 0.2147 0.0186 0.501413 0.841712 -0.200264 0 
0.1079 0.2147 0.0191 0.519255 0.836494 -0.17508 0 
0.1076 0.2148 0.0189 0.58685 0.797819 -0.13817 0 
0.1073 0.215 0.0189 0.57554 0.799109 -0.173719 0 
0.1082 0.2147 0.0186 0.860283 -0.156815 0.4851 0 
0.1085 0.2147 0.0188 0.309453 0.913832 -0.262963 0 
0.1082 0.2147 0.0189 0.487845 0.847309 -0.209939 0 
0.1085 0.2145 0.0191 0.839264 -0.0840689 0.537186 0 
0.11 0.2123 0.0136 0.353412 0.848499 -0.39389 0 
0.1097 0.2124 0.0142 0.394933 0.847624 -0.354347 0 
0.1097 0.2124 0.0144 -0.101988 0.848939 -0.518557 0 
0.1106 0.212 0.013 0.0540096 0.862769 -0.502705 0 
0.1094 0.213 0.0142 0.435642 0.857527 -0.273614 0 
0.1097 0.2129 0.0141 0.394933 0.847624 -0.354347 0 
0.1105 0.2133 0.0129 0.182201 0.860641 -0.4755 0 
0.1105 0.2132 0.0135 0.587302 0.772106 -0.242751 0 
0.1109 0.2135 0.0132 0.131 0.870935 -0.473616 0 
0.1109 0.2135 0.0136 0.0284743 0.874569 -0.484064 0 
0.1094 0.2126 0.0147 0.0837948 0.935043 -0.34449 0 
0.1093 0.2127 0.015 0.103566 0.953072 -0.284479 0 
0.1093 0.2118 0.0159 0.13031 0.972895 -0.191037 0 
0.1094 0.213 0.0145 0.816349 0.576329 0.0376777 0 
0.1093 0.2132 0.015 0.0747848 0.962062 -0.262381 0 
0.109 0.2129 0.0154 0.839043 0.432802 0.32968 0 
0.1091 0.2132 0.0153 0.00583576 0.976906 -0.213589 0 
0.1091 0.2135 0.0153 0.00583576 0.976906 -0.213589 0 
0.11 0.2139 0.0159 0.146873 0.97539 -0.164448 0 
0.1097 0.2142 0.0163 0.136786 0.979686 -0.146645 0 
0.1091 0.2142 0.0171 0.199398 0.968687 -0.14794 0 
0.1091 0.2136 0.0177 0.215535 0.966682 -0.138097 0 
0.1091 0.2138 0.0179 0.204421 0.964815 -0.16536 0 
0.1094 0.2144 0.0163 0.150348 0.977886 -0.145378 0 
0.1091 0.2145 0.0174 0.155752 0.973768 -0.165882 0 
0.1064 0.2144 0.0197 0.758818 0.645214 0.0888444 0 
0.1055 0.2157 0.0221 -0.169981 0.858773 -0.483337 0 
0.1052 0.216 0.0221 -0.0585632 0.894791 -0.442629 0 
0.107 0.2148 0.0192 0.749904 0.65743 0.07369 0 
0.107 0.2147 0.0197 0.759012 0.645378 0.0859533 0 
0.1067 0.2153 0.0192 0.791963 0.601658 0.103936 0 
0.107 0.2153 0.0194 0.791963 0.601658 0.103936 0 
0.107 0.2156 0.0195 0.794367 0.599055 0.100571 0 
0.1072 0.2153 0.0197 0.794367 0.599055 0.100571 0 
0.107 0.2153 0.02 0.8042 0.586849 0.0941856 0 
0.107 0.2156 0.02 0.821567 0.560752 0.102877 0 
0.1069 0.215 0.0201 0.8042 0.586849 0.0941856 0 
0.107 0.2151 0.0201 0.8042 0.586849 0.0941856 0 
0.1067 0.2156 0.0201 0.837148 0.539495 0.0901544 0 
0.1067 0.2157 0.0203 0.840227 0.537009 0.0750962 0 
0.1082 0.215 0.0192 0.581206 0.803041 -0.131622 0 
0.1082 0.2147 0.0197 0.709745 0.704146 0.0209984 0 
0.1073 0.2156 0.0198 0.794505 0.599873 0.094411 0 
0.1067 0.2162 0.0201 0.842661 0.531832 0.0841235 0 
0.1067 0.2162 0.0203 0.854472 0.514928 0.0687506 0 
0.1061 0.2168 0.0207 0.901084 0.42654 0.0781762 0 
0.1073 0.2162 0.0203 0.837883 0.542159 0.0633693 0 
0.1073 0.2165 0.0206 0.847888 0.527667 0.0515137 0 
0.1081 0.2162 0.0203 0.820581 0.565671 0.0816285 0 
0.107 0.2147 0.0215 0.853552 0.517177 0.0630703 0 
0.1061 0.2159 0.0218 0.90244 0.426039 0.0639739 0 
0.1058 0.2156 0.0221 0.91555 0.394704 0.0773131 0 
0.1058 0.2153 0.0224 -0.100268 0.879815 -0.464621 0 
0.1059 0.2165 0.0213 0.907376 0.411946 0.0834841 0 
0.1061 0.2168 0.0215 0.913831 0.402728 0.0521807 0 
0.1061 0.2171 0.0209 0.911363 0.403077 0.083348 0 
0.1058 0.2175 0.0212 0.953415 0.275607 0.122638 0 
0.1058 0.2174 0.0213 0.943392 0.313575 0.108083 0 
0.1056 0.2174 0.0215 0.777567 0.626334 -0.0556424 0 
0.1058 0.2175 0.0215 0.922481 0.375223 0.090758 0 
0.1066 0.2171 0.0209 0.9004 0.428958 0.072635 0 
0.1064 0.2174 0.0209 0.920295 0.382443 0.0824346 0 
0.1061 0.2162 0.0221 0.891254 0.450389 0.053067 0 
0.1064 0.2162 0.0216 0.903097 0.425067 0.0611118 0 
0.1059 0.2168 0.0218 0.934156 0.346132 0.0868671 0 
0.1059 0.2168 0.0219 0.932146 0.350058 0.0925439 0 
0.1058 0.2174 0.0218 0.917054 0.386776 0.0970356 0 
0.1073 0.2165 0.0209 0.853977 0.519514 0.0287857 0 
0.1053 0.2172 0.0225 0.176986 0.949782 -0.258049 0 
0.1055 0.2171 0.0231 0.453982 0.870994 -0.187803 0 
0.1037 0.2166 0.0255 0.262055 0.792441 -0.550786 0 
0.1041 0.2168 0.0255 -0.347611 0.713174 -0.608728 0 
0.1043 0.2171 0.0255 -0.105489 0.833798 -0.541897 0 
0.1061 0.215 0.0225 0.922831 0.372131 0.0995076 0 
0.1066 0.215 0.0225 0.931793 0.350935 0.0927759 0 
0.1067 0.2151 0.0225 0.817296 0.571964 -0.0698909 0 
0.1061 0.2168 0.0228 0.920073 0.364399 0.143805 0 
0.1061 0.2171 0.0225 0.912337 0.394562 0.10937 0 
0.1058 0.2175 0.0227 0.929839 0.335737 0.150598 0 
0.1059 0.2171 0.0228 0.920631 0.352792 0.16726 0 
0.1063 0.2169 0.0236 0.967484 0.172256 0.185208 0 
0.107 0.2169 0.0234 0.641527 0.759509 -0.107658 0 
0.1064 0.2168 0.0237 0.968135 0.163719 0.189502 0 
0.1066 0.2171 0.0239 0.976425 0.0950502 0.193804 0 
0.1061 0.2171 0.0242 0.0374183 0.938038 -0.344506 0 
0.1066 0.2174 0.0242 0.0756049 0.935113 -0.346191 0 
0.1064 0.2174 0.0248 0.12138 0.908259 -0.400415 0 
0.1061 0.2177 0.0215 0.925197 0.367098 0.0961771 0 
0.1056 0.2177 0.0216 0.632304 0.761468 -0.142681 0 
0.1056 0.218 0.0219 0.541714 0.825256 -0.159679 0 
0.1047 0.2181 0.0243 0.301173 0.888534 -0.346124 0 
0.1044 0.218 0.0245 0.201794 0.914513 -0.350635 0 
0.1049 0.2178 0.0243 0.508965 0.812778 -0.283454 0 
0.1052 0.2178 0.0246 0.804248 0.592232 -0.0494704 0 
0.1055 0.2184 0.0242 0.749904 0.65743 -0.07369 0 
0.1046 0.2177 0.0248 0.398893 0.860931 -0.315726 0 
0.1052 0.2178 0.0249 0.424028 0.864775 -0.269007 0 
0.1052 0.2178 0.0251 0.0808742 0.906065 -0.415337 0 
0.1052 0.2178 0.0254 -0.0173287 0.886428 -0.462542 0 
0.1067 0.2192 0.0242 0.211827 0.940069 -0.267207 0 
0.1059 0.2177 0.025 0.429938 0.858345 -0.279995 0 
0.1064 0.2178 0.0249 -0.195626 0.89988 -0.389803 0 
0.1058 0.2177 0.0252 0.069564 0.901604 -0.426932 0 
0.1056 0.2178 0.0255 -0.101642 0.851786 -0.513935 0 
0.1044 0.2168 0.0258 -0.0345158 0.846328 -0.531543 0 
0.104 0.2183 0.0267 0.467117 0.818642 -0.334107 0 
0.1041 0.2183 0.0263 0.426885 0.833292 -0.351274 0 
0.1052 0.218 0.026 -0.120973 0.838065 -0.531989 0 
0.1049 0.2183 0.026 0.115647 0.875205 -0.469726 0 
0.1055 0.218 0.0257 -0.101642 0.851786 -0.513935 0 
0.1047 0.2188 0.0261 0.468832 0.826337 -0.312032 0 
0.1047 0.2184 0.0263 0.31655 0.870129 -0.377719 0 
0.1041 0.2192 0.0263 0.625173 0.757273 -0.188934 0 
0.1055 0.2188 0.026 0.106723 0.869433 -0.482386 0 
0.1055 0.2189 0.0263 0.198388 0.886133 -0.418819 0 
0.1043 0.2183 0.0266 0.458591 0.831098 -0.314596 0 
0.1055 0.2191 0.0266 0.444366 0.840397 -0.310277 0 
0.1052 0.2191 0.0269 0.471908 0.833237 -0.288129 0 
0.1055 0.2192 0.0272 0.523845 0.817446 -0.239516 0 
0.1037 0.2197 0.0263 0.622943 0.747844 -0.229505 0 
0.1038 0.2194 0.0264 0.558334 0.784813 -0.268944 0 
0.1037 0.2195 0.0266 0.551699 0.790612 -0.265633 0 
0.1034 0.2198 0.0266 0.655801 0.715562 -0.240618 0 
0.104 0.2198 0.0266 0.665464 0.721047 -0.193 0 
0.1037 0.2194 0.0269 0.648154 0.747407 -0.145872 0 
0.1055 0.2192 0.0269 0.435519 0.84138 -0.320005 0 
0.1052 0.2192 0.0272 0.461197 0.833282 -0.304859 0 
0.1052 0.2191 0.0275 0.459958 0.820337 -0.339831 0 
0.1049 0.2189 0.028 0.489413 0.801872 -0.342748 0 
0.1049 0.2192 0.0284 0.62435 0.768085 -0.142238 0 
0.1046 0.2192 0.0284 0.556576 0.820914 -0.127763 0 
0.1055 0.2195 0.028 0.596125 0.772639 -0.218321 0 
0.1058 0.2183 0.026 -0.120973 0.838065 -0.531989 0 
0.1058 0.2186 0.0263 -0.150077 0.824678 -0.545328 0 
0.1058 0.2189 0.0264 0.198388 0.886133 -0.418819 0 
0.1031 0.221 0.0267 0.625234 0.697062 -0.35098 0 
0.1028 0.2213 0.0272 0.675657 0.723811 0.139947 0 
0.1046 0.2191 0.0294 0.240554 0.92663 -0.288949 0 
0.1044 0.2189 0.0296 0.191869 0.931337 -0.309512 0 
0.1029 0.2201 0.0294 0.618249 0.782539 -0.0734981 0 
0.1046 0.2198 0.029 0.30404 0.912121 -0.274946 0 
0.1041 0.2194 0.0294 0.211623 0.924609 -0.316725 0 
0.1041 0.2197 0.0297 0.105008 0.923249 -0.369573 0 
0.1035 0.221 0.0303 0.437305 0.879026 -0.18994 0 
0.104 0.2213 0.0303 0.637834 0.720546 -0.271994 0 
