0.121932 0.202849 0.0276281 0.465284 -0.158984 -0.870767 2 
0.12172 0.202779 0.0276337 0.471595 -0.124708 -0.872953 2 
0.121585 0.202611 0.027572 0.471595 -0.124708 -0.872953 2 
0.122372 0.203748 0.026982 0.452858 -0.17147 -0.874939 2 
0.122485 0.203559 0.0270887 0.4575 -0.188034 -0.869101 2 
0.122208 0.203136 0.0273804 0.465284 -0.158984 -0.870767 2 
0.121628 0.203191 0.027526 0.511755 -0.154854 -0.84506 2 
0.121884 0.20339 0.0272353 0.499785 -0.167584 -0.849783 2 
0.121634 0.203144 0.0271549 0.511755 -0.154854 -0.84506 2 
0.122157 0.203409 0.0270755 0.446106 -0.25731 -0.857194 2 
0.122025 0.203511 0.0269259 0.499785 -0.167584 -0.849783 2 
0.121775 0.203264 0.0268454 0.519504 -0.123691 -0.845468 2 
0.121581 0.203282 0.026894 0.519504 -0.123691 -0.845468 2 
0.122011 0.203826 0.026751 0.601534 0.257349 -0.756259 2 
0.121814 0.203575 0.0268874 0.644046 0.139618 -0.752138 2 
0.121607 0.203908 0.0267611 0.570633 0.0697282 -0.818239 2 
0.121112 0.203463 0.0274295 0.63496 0.110492 -0.764603 2 
0.118949 0.205989 0.0252964 -0.812226 -0.465719 -0.351276 2 
0.11876 0.205825 0.0250177 -0.812226 -0.465719 -0.351276 2 
0.118105 0.205076 0.0247522 -0.812226 -0.465719 -0.351276 2 
0.117739 0.20475 0.024653 -0.69692 -0.533136 -0.479655 2 
0.11778 0.205196 0.024651 -0.793978 -0.478319 -0.375247 2 
0.117757 0.205289 0.0249352 -0.812226 -0.465719 -0.351276 2 
0.117377 0.205278 0.0246612 -0.793978 -0.478319 -0.375247 2 
0.117595 0.205301 0.0242844 -0.769576 -0.496238 -0.401872 2 
0.117614 0.205389 0.0243275 -0.769576 -0.496238 -0.401872 2 
0.117337 0.204382 0.0244239 -0.382858 -0.593183 -0.708205 2 
0.1173 0.204925 0.0244892 -0.663175 -0.549008 -0.508714 2 
0.117248 0.205063 0.0242283 -0.719167 -0.526503 -0.453424 2 
0.118101 0.205163 0.0238789 -0.67913 -0.548334 -0.487967 2 
0.117271 0.205555 0.0241394 -0.609322 -0.541807 -0.57894 2 
0.117077 0.205439 0.0242319 -0.625737 -0.544779 -0.558272 2 
0.117407 0.204687 0.0237666 -0.748433 -0.508277 -0.426031 2 
0.117337 0.204872 0.0234187 -0.577291 -0.567133 -0.587448 2 
0.117195 0.205202 0.0239674 -0.667648 -0.533109 -0.519655 2 
0.117192 0.204348 0.0238601 -0.506425 -0.580454 -0.637658 2 
0.113446 0.214284 0.0188487 -0.747732 -0.648436 -0.142927 2 
0.112577 0.214365 0.0190671 -0.331609 0.418792 0.845369 2 
0.112767 0.213494 0.0189113 -0.835014 -0.454185 0.310594 2 
0.112695 0.213544 0.0186074 -0.836495 -0.260346 0.482179 2 
0.113017 0.213156 0.0187964 -0.698214 -0.092217 0.709924 2 
0.112656 0.213233 0.0185654 -0.858225 -0.318945 0.402149 2 
0.112217 0.213408 0.0184015 -0.878784 -0.253871 0.40409 2 
0.113394 0.214423 0.0185878 -0.719491 -0.650218 -0.244029 2 
0.11336 0.214649 0.0183698 -0.874096 -0.0974356 0.475881 2 
0.113074 0.214945 0.0183547 -0.605808 -0.588933 -0.534934 2 
0.113264 0.214658 0.0183941 -0.877615 -0.085382 0.471701 2 
0.113025 0.214413 0.0187718 -0.270719 0.481107 0.833815 2 
0.112991 0.214639 0.0185539 -0.534355 -0.678413 -0.504203 2 
0.112544 0.214592 0.0188492 -0.299627 0.481599 0.823581 2 
0.112803 0.215061 0.0184705 -0.822591 -0.491682 -0.285644 2 
0.112452 0.215004 0.0187415 -0.45856 0.394201 0.796447 2 
0.112063 0.213737 0.0184921 -0.919353 -0.179904 0.349892 2 
0.112731 0.215111 0.0181666 -0.622527 -0.558419 -0.548296 2 
0.112307 0.21497 0.0181777 -0.908743 -0.0197267 0.416891 2 
0.112142 0.213189 0.0181856 -0.876773 -0.267106 0.399905 2 
0.11231 0.21475 0.0190949 -0.339442 0.456273 0.822554 2 
0.11191 0.21465 0.0187779 -0.86055 -0.49195 -0.132057 2 
0.111915 0.215054 0.0186459 -0.863278 -0.447458 -0.233522 2 
0.112024 0.214011 0.0186453 -0.885654 -0.117615 0.449204 2 
0.111756 0.214395 0.0186732 -0.570049 -0.65749 -0.492697 2 
0.111914 0.213884 0.0182554 -0.927987 -0.171643 0.330726 2 
0.111778 0.214167 0.018433 -0.90221 -0.0983977 0.419923 2 
0.112015 0.214278 0.0180993 -0.933273 -0.167795 0.317563 2 
0.111861 0.214023 0.0179946 -0.927547 -0.177675 0.328768 2 
0.111704 0.214533 0.0184123 -0.873035 -0.0229391 0.487118 2 
0.111616 0.214179 0.0177822 -0.940976 -0.139856 0.308227 2 
0.111651 0.214672 0.0181514 -0.918045 -0.0302075 0.395324 2 
0.111971 0.213564 0.0181892 -0.919353 -0.179904 0.349892 2 
0.111717 0.213989 0.0174307 -0.945962 -0.178304 0.270858 2 
0.105117 0.228938 0.00990568 -0.984994 -0.167087 0.0432322 2 
0.105104 0.228803 0.00949155 -0.924556 -0.220132 0.311026 2 
0.105012 0.229215 0.00938389 -0.839551 -0.336133 0.426811 2 
0.104778 0.228788 0.00943442 -0.928512 -0.303851 0.213402 2 
0.105322 0.22941 0.00931008 -0.875636 -0.232006 0.423598 2 
0.104705 0.229288 0.00936972 -0.727122 -0.631657 0.268892 2 
0.104822 0.229502 0.00934448 -0.710974 -0.582306 0.394253 2 
0.104937 0.228996 0.00916796 -0.833954 -0.364165 0.414613 2 
0.105658 0.230232 0.00910338 -0.857295 0.0399062 0.513276 2 
0.105333 0.230351 0.00900229 -0.86461 0.0341473 0.501282 2 
0.104616 0.229384 0.00897889 -0.676574 -0.606755 0.417248 2 
0.103656 0.231182 0.00943613 -0.57227 -0.779228 0.255562 2 
0.104629 0.230105 0.00958825 -0.34239 -0.922902 0.176126 2 
0.104503 0.229085 0.00987736 -0.874314 -0.482047 0.0566301 2 
0.104621 0.229433 0.00980812 -0.597428 -0.797053 0.08824 2 
0.104396 0.229227 0.00939957 -0.637258 -0.750345 0.175743 2 
0.104273 0.22955 0.0087908 -0.566153 -0.730255 0.382358 2 
0.103961 0.22922 0.00890857 -0.443645 -0.861549 0.246806 2 
0.103483 0.229669 0.00889795 -0.515568 -0.805674 0.291682 2 
0.103006 0.229667 0.00864818 -0.477127 -0.784429 0.396258 2 
0.10464 0.23095 0.00808001 -0.438639 -0.638778 0.632107 2 
0.104464 0.230337 0.00802027 -0.575702 -0.357163 0.735528 2 
0.105148 0.230946 0.00763053 -0.623124 0.126409 0.77184 2 
0.103761 0.23175 0.0079916 -0.250909 -0.620171 0.743258 2 
0.103506 0.231685 0.00823832 -0.222137 -0.607381 0.762721 2 
0.104051 0.230198 0.0084895 -0.433843 -0.513023 0.740667 2 
0.104249 0.230583 0.00830901 -0.456057 -0.525709 0.718082 2 
0.104177 0.230633 0.00800513 -0.445135 -0.477986 0.757222 2 
0.103727 0.230902 0.0085836 -0.380048 -0.709094 0.593928 2 
0.103771 0.231032 0.0082984 -0.355643 -0.637534 0.683424 2 
0.103612 0.230373 0.00832566 -0.395885 -0.654287 0.644348 2 
0.1032 0.230818 0.00899012 -0.463475 -0.74057 0.486566 2 
0.103459 0.230702 0.00841618 -0.354718 -0.691454 0.629338 2 
0.103169 0.230729 0.00848902 -0.340413 -0.685712 0.643364 2 
0.103986 0.230786 0.00800969 -0.388922 -0.553025 0.736819 2 
0.104126 0.230906 0.00770026 -0.401045 -0.528725 0.748072 2 
0.103656 0.230407 0.00684012 -0.384992 -0.442502 0.809922 2 
0.104898 0.228685 0.00912597 -0.859318 -0.296688 0.416592 2 
0.104567 0.228267 0.00920073 -0.904903 -0.341722 0.253725 2 
0.104863 0.228778 0.00895204 -0.823619 -0.292252 0.486045 2 
0.104514 0.228406 0.00893984 -0.800096 -0.397633 0.449148 2 
0.104484 0.228901 0.00863399 -0.715214 -0.456343 0.529358 2 
0.104541 0.228581 0.00856771 -0.719032 -0.329489 0.611907 2 
0.103969 0.227783 0.00906416 -0.853031 -0.489786 0.180134 2 
0.103777 0.227351 0.00887347 -0.835866 -0.465408 0.291074 2 
0.104185 0.228122 0.00897066 -0.783601 -0.559715 0.269609 2 
0.10419 0.228075 0.00859952 -0.707044 -0.397197 0.585083 2 
0.104072 0.227727 0.00866874 -0.756778 -0.277644 0.591778 2 
0.104327 0.228961 0.00881248 -0.682018 -0.605685 0.409875 2 
0.104102 0.228756 0.0084039 -0.604899 -0.608269 0.513912 2 
0.104159 0.229021 0.00853285 -0.597644 -0.634681 0.4899 2 
0.104041 0.228222 0.0083629 -0.686283 -0.297336 0.663782 2 
0.103984 0.227957 0.00823392 -0.688511 -0.322385 0.649631 2 
0.103659 0.228077 0.00813279 -0.662669 -0.355059 0.659396 2 
0.103717 0.228342 0.00826176 -0.589296 -0.619689 0.518378 2 
0.103339 0.228015 0.0077045 -0.555297 -0.388216 0.735482 2 
0.103309 0.22919 0.00879429 -0.528708 -0.797007 0.291973 2 
0.103527 0.229213 0.00841756 -0.456779 -0.424268 0.781889 2 
0.103238 0.229375 0.00844639 -0.461927 -0.702062 0.541972 2 
0.103311 0.228874 0.00851107 -0.538261 -0.508078 0.672407 2 
0.103163 0.228571 0.00803524 -0.522369 -0.449404 0.724684 2 
0.103312 0.227839 0.00807665 -0.609516 -0.555487 0.565618 2 
0.103317 0.228243 0.0079447 -0.547465 -0.377506 0.746841 2 
0.103488 0.227283 0.00774589 -0.657969 -0.286561 0.696391 2 
0.103255 0.227575 0.00794766 -0.599913 -0.394984 0.695767 2 
0.103185 0.227759 0.00759978 -0.567418 -0.411916 0.712995 2 
0.103242 0.227439 0.00753353 -0.629146 -0.384753 0.675382 2 
0.103457 0.227193 0.00724479 -0.659061 -0.120505 0.742373 2 
0.103234 0.228292 0.00718269 -0.496637 -0.42124 0.758887 2 
0.103146 0.229202 0.00814351 -0.434993 -0.588324 0.681656 2 
0.103124 0.228845 0.00818845 -0.510445 -0.520487 0.684499 2 
0.103071 0.228984 0.00792758 -0.434773 -0.493836 0.753059 2 
0.102914 0.229494 0.00834528 -0.418946 -0.713698 0.561354 2 
0.10319 0.229332 0.00785835 -0.417251 -0.535995 0.733901 2 
0.10265 0.229697 0.00804594 -0.297576 -0.635364 0.712573 2 
0.102751 0.229506 0.00769453 -0.315198 -0.619081 0.719298 2 
0.102826 0.22914 0.00771521 -0.363563 -0.559203 0.74506 2 
0.103032 0.228673 0.00788558 -0.423862 -0.486051 0.764261 2 
0.102975 0.228408 0.00775661 -0.45563 -0.481948 0.748417 2 
0.102962 0.228857 0.0075377 -0.408759 -0.577559 0.706641 2 
0.102922 0.228547 0.00749572 -0.426542 -0.485375 0.763199 2 
0.103159 0.228658 0.007162 -0.440147 -0.436898 0.784468 2 
0.103379 0.228815 0.00674134 -0.445421 -0.403613 0.799185 2 
0.103146 0.229107 0.00694311 -0.421444 -0.434362 0.796062 2 
0.102677 0.229288 0.00747859 -0.323339 -0.558202 0.764109 2 
0.102624 0.229426 0.00721771 -0.328484 -0.536791 0.777145 2 
0.102668 0.229556 0.00693253 -0.344802 -0.552006 0.759211 2 
0.102927 0.22895 0.00736378 -0.413051 -0.541409 0.732301 2 
0.102812 0.22842 0.00710585 -0.424506 -0.466794 0.775821 2 
0.102901 0.229264 0.00673074 -0.419363 -0.42579 0.801771 2 
0.10315 0.227851 0.00742588 -0.546434 -0.440137 0.712523 2 
0.103383 0.22756 0.00722411 -0.63737 -0.343952 0.689533 2 
0.10304 0.227725 0.00703598 -0.582821 -0.364059 0.726485 2 
0.103325 0.227295 0.00709513 -0.673633 -0.26595 0.689558 2 
0.103312 0.227159 0.006681 -0.723666 -0.322169 0.61034 2 
0.103062 0.227497 0.00679579 -0.639284 -0.384892 0.665714 2 
0.103207 0.228116 0.00755485 -0.50582 -0.462701 0.728049 2 
0.10279 0.228063 0.00715082 -0.477044 -0.46714 0.744453 2 
0.102698 0.227891 0.00684792 -0.569085 -0.407432 0.714242 2 
0.103032 0.228578 0.00668517 -0.453455 -0.401816 0.795564 2 
0.102935 0.228002 0.0065142 -0.613621 -0.355082 0.705256 2 
0.10322 0.227572 0.00657334 -0.663904 -0.344186 0.663904 2 
0.103536 0.22772 0.00612839 -0.7201 -0.25797 0.644133 2 
0.102975 0.228313 0.00655621 -0.566383 -0.345672 0.748145 2 
0.102736 0.228067 0.0069339 -0.505898 -0.472724 0.721526 2 
0.10192 0.229764 0.00799891 -0.23386 -0.638799 0.73297 2 
0.10164 0.229073 0.00837856 -0.272896 -0.655908 0.703784 2 
0.102251 0.229598 0.00772889 -0.260965 -0.621572 0.738611 2 
0.101931 0.23012 0.00749586 -0.0464259 -0.578214 0.814564 2 
0.102049 0.229884 0.00723139 -0.0817607 -0.563719 0.82191 2 
0.102022 0.229028 0.00620787 -0.233518 -0.539721 0.808808 2 
0.101899 0.226073 0.00558412 -0.879298 -0.0534986 0.473257 2 
0.101828 0.226123 0.00528023 -0.853397 -0.0658615 0.517083 2 
0.104954 0.228746 0.0138613 -0.492319 0.321353 -0.808922 2 
0.104839 0.228667 0.0138425 -0.515568 0.291682 -0.805674 2 
0.104568 0.228782 0.0139583 -0.635058 0.409554 -0.654955 2 
0.104629 0.228865 0.0137601 -0.68039 0.456379 -0.5734 2 
0.104515 0.228921 0.0136975 -0.68039 0.456379 -0.5734 2 
0.104186 0.228637 0.0137283 -0.745922 0.233003 -0.623947 2 
0.105275 0.228128 0.0128939 -0.785866 -0.355166 -0.506233 2 
0.103936 0.22839 0.0136478 -0.681074 0.133221 -0.719993 2 
0.103114 0.228515 0.0144543 0.242241 0.0107397 -0.970157 2 
0.102902 0.228445 0.0144598 0.242241 0.0107397 -0.970157 2 
0.102577 0.228564 0.0143587 0.69267 -0.361891 -0.623894 2 
0.102565 0.227978 0.0137054 0.0517054 0.0781081 -0.995603 2 
0.102429 0.228261 0.0138829 0.242241 0.0107397 -0.970157 2 
0.102355 0.228042 0.013667 0.242241 0.0107397 -0.970157 2 
0.104865 0.229427 0.0136657 -0.634192 0.482794 -0.603913 2 
0.104639 0.229672 0.0134963 -0.631737 0.467519 -0.618332 2 
0.104347 0.229565 0.0136131 -0.667554 0.453401 -0.590593 2 
0.10422 0.230069 0.0133315 -0.674684 0.463741 -0.574235 2 
0.103989 0.229911 0.013294 -0.735849 0.507653 -0.448124 2 
0.10448 0.229013 0.0135235 -0.685421 0.494375 -0.534595 2 
0.104751 0.228898 0.0134077 -0.665752 0.471225 -0.578551 2 
0.104273 0.229346 0.0133971 -0.710268 0.517315 -0.477393 2 
0.104098 0.228868 0.0132934 -0.754572 0.509049 -0.414114 2 
0.104432 0.229555 0.0131307 -0.727664 0.515498 -0.452511 2 
0.10422 0.229484 0.0131362 -0.730306 0.515023 -0.448782 2 
0.103927 0.229243 0.013297 -0.753197 0.490645 -0.438134 2 
0.105104 0.229578 0.0120876 -0.745183 0.612284 -0.264216 2 
0.104058 0.230081 0.0126807 -0.790643 0.548577 -0.271931 2 
0.103847 0.230146 0.0126423 -0.792682 0.543689 -0.275784 2 
0.104687 0.22962 0.012884 -0.764126 0.54765 -0.340868 2 
0.104072 0.229766 0.0128556 -0.766417 0.526608 -0.367816 2 
0.104542 0.229586 0.0123202 -0.773139 0.581814 -0.252485 2 
0.103346 0.229747 0.0136818 -0.661781 0.460734 -0.591414 2 
0.103294 0.229886 0.0134209 -0.728442 0.554142 -0.402863 2 
0.103655 0.229224 0.0134568 -0.690254 0.440765 -0.573826 2 
0.103835 0.229655 0.0131893 -0.753197 0.490645 -0.438134 2 
0.103563 0.229636 0.0133491 -0.711569 0.511596 -0.4816 2 
0.102474 0.228975 0.013793 0.69267 -0.361891 -0.623894 2 
0.103005 0.229463 0.0132545 -0.752503 0.32066 -0.575254 2 
0.102947 0.229648 0.0133648 -0.72075 0.600354 -0.346546 2 
0.102614 0.229096 0.0134835 -0.697411 0.503407 -0.510097 2 
0.103553 0.230354 0.0130422 -0.775231 0.530251 -0.343294 2 
0.103568 0.230039 0.0132172 -0.750465 0.513995 -0.415465 2 
0.103557 0.230173 0.0127151 -0.809362 0.532843 -0.247003 2 
0.103478 0.230136 0.0128263 -0.803493 0.538262 -0.254309 2 
0.103528 0.229728 0.0131752 -0.762406 0.531571 -0.369011 2 
0.103458 0.229913 0.0128273 -0.791738 0.499454 -0.351705 2 
0.103149 0.229852 0.0128571 -0.751265 0.567084 -0.337665 2 
0.103124 0.229226 0.0129901 -0.410299 0.83789 -0.359994 2 
0.103092 0.229587 0.0127281 -0.663834 0.730673 -0.159502 2 
0.103212 0.230069 0.012615 -0.820779 0.564915 -0.0848091 2 
0.103383 0.229694 0.0126114 -0.749107 0.650814 -0.12361 2 
0.102742 0.23025 0.0131504 -0.783401 0.590233 -0.1947 2 
0.103027 0.22865 0.0128191 -0.410299 0.83789 -0.359994 2 
0.103538 0.22739 0.0128523 -0.719106 -0.237604 -0.653017 2 
0.103306 0.227682 0.0130541 -0.72415 0.179124 -0.665973 2 
0.103022 0.227662 0.0127558 -0.335075 0.736517 -0.587595 2 
0.102968 0.228251 0.0127341 -0.410299 0.83789 -0.359994 2 
0.103201 0.227959 0.0125323 -0.911166 -0.0143799 -0.411789 2 
0.102648 0.228869 0.0137014 -0.512112 0.33024 -0.792895 2 
0.102478 0.228209 0.0132705 -0.47642 0.232883 -0.847815 2 
0.102692 0.228998 0.0134163 -0.581343 0.368457 -0.725451 2 
0.102832 0.228534 0.0129116 -0.707764 0.537901 -0.457965 2 
0.10279 0.228539 0.0131528 -0.745922 0.233003 -0.623947 2 
0.102807 0.227908 0.0130445 -0.737772 0.289667 -0.609742 2 
0.103035 0.229322 0.0125992 -0.816163 0.464341 -0.343898 2 
0.102974 0.228789 0.0125582 -0.770459 0.528176 -0.356963 2 
0.102961 0.229238 0.0123393 -0.386576 -0.895152 -0.221951 2 
0.102882 0.228616 0.0122553 -0.914246 -0.345892 -0.21098 2 
0.103157 0.228904 0.0120076 -0.661948 -0.736999 -0.136592 2 
0.102916 0.22839 0.0124732 -0.515107 0.745507 -0.422947 2 
0.10282 0.227948 0.0122582 -0.944481 0.0475453 -0.325107 2 
0.102768 0.228087 0.0119974 -0.930625 -0.299884 -0.209778 2 
0.102912 0.229156 0.0129956 -0.736494 0.481617 -0.474997 2 
0.102662 0.228459 0.0126759 -0.707764 0.537901 -0.457965 2 
0.102632 0.228954 0.0123701 -0.35135 -0.913509 -0.205073 2 
0.10397 0.230312 0.0122459 -0.793125 0.584646 -0.170711 2 
0.104027 0.230577 0.0123748 -0.791623 0.561446 -0.241064 2 
0.104147 0.22989 0.0118712 -0.804868 0.565378 -0.180375 2 
0.10386 0.230186 0.011856 -0.735731 0.676192 -0.038275 2 
0.103628 0.230478 0.0120578 -0.732735 0.678459 0.0528484 2 
0.103585 0.229898 0.0121037 -0.778766 0.625566 -0.0468111 2 
0.103373 0.229828 0.0121093 -0.70826 0.705444 -0.0267534 2 
0.103475 0.229772 0.0117139 -0.941713 0.336415 0.00125061 2 
0.103124 0.229131 0.0117896 -0.621179 -0.778292 -0.0916493 2 
0.103084 0.228235 0.0115524 -0.747617 -0.661519 -0.0588336 2 
0.10264 0.229626 0.0121502 -0.311026 -0.924556 -0.220132 2 
0.102184 0.229587 0.014061 0.785947 -0.512714 -0.34556 2 
0.102382 0.229387 0.0136853 0.741628 -0.490565 -0.45753 2 
0.103121 0.227337 0.0124483 -0.891036 -0.175309 -0.418714 2 
0.103105 0.227518 0.0123174 -0.934373 -0.173032 -0.311458 2 
0.102779 0.227503 0.0122602 -0.87612 0.289014 -0.385856 2 
0.102763 0.227684 0.0121293 -0.944481 0.0475453 -0.325107 2 
0.102726 0.227641 0.0119993 -0.944481 0.0475453 -0.325107 2 
0.102948 0.227933 0.0115347 -0.814841 -0.575098 -0.0727791 2 
0.102807 0.227813 0.0118441 -0.938674 -0.291694 -0.183864 2 
0.112498 0.213553 0.0165823 -0.935919 -0.253216 0.244822 1 
0.112393 0.21383 0.0160605 -0.953671 -0.22194 0.203109 1 
0.112827 0.211988 0.0147654 -0.980431 -0.146388 -0.131626 1 
0.112902 0.211171 0.0145468 -0.946508 -0.30219 0.113155 1 
0.112998 0.211613 0.0147618 -0.946508 -0.30219 0.113155 1 
0.11285 0.21131 0.014286 -0.946508 -0.30219 0.113155 1 
0.112635 0.211556 0.0145747 -0.946508 -0.30219 0.113155 1 
0.112797 0.211448 0.0140251 -0.946508 -0.30219 0.113155 1 
0.113047 0.21111 0.0139103 -0.962503 -0.264782 0.05898 1 
0.112995 0.211249 0.0136494 -0.948827 -0.307622 0.0713891 1 
0.112937 0.210984 0.0135204 -0.948827 -0.307622 0.0713891 1 
0.112664 0.21268 0.0155103 -0.992988 -0.106833 0.0506053 1 
0.112476 0.213101 0.0154268 -0.99176 -0.110449 0.0649028 1 
0.112357 0.212753 0.0154961 -0.996826 -0.0551988 -0.0573635 1 
0.112578 0.213045 0.0150314 -0.988037 -0.0473795 -0.146761 1 
0.112362 0.212572 0.0151689 -0.975216 -0.213062 -0.0596574 1 
0.112292 0.211721 0.0143866 -0.946508 -0.30219 0.113155 1 
0.101689 0.230286 0.0093571 -0.630757 -0.737718 0.240663 1 
0.101724 0.230193 0.00953104 -0.670312 -0.727552 0.146113 1 
0.100543 0.233319 0.0110826 -0.00122063 -0.294171 0.955752 1 
0.100951 0.23247 0.0105501 0.17874 -0.378929 0.908 1 
0.100854 0.231895 0.0103791 -0.00934711 -0.484714 0.874622 1 
0.101224 0.230869 0.00976063 -0.63986 -0.725175 0.254364 1 
0.101167 0.230605 0.00963169 -0.618078 -0.738834 0.268522 1 
0.100956 0.230669 0.00959326 -0.0178532 -0.556195 0.83086 1 
0.101073 0.230298 0.00937274 -0.230889 -0.680103 0.695809 1 
0.100376 0.230723 0.00973888 -0.0205671 -0.549828 0.835025 1 
0.100332 0.230594 0.0100241 -0.125288 -0.582222 0.803319 1 
0.100043 0.230621 0.0100968 -0.204498 -0.579666 0.788776 1 
0.10028 0.230732 0.00976314 -0.093957 -0.565188 0.819594 1 
0.0998541 0.231042 0.0100134 0.076746 -0.473034 0.877695 1 
0.102257 0.234189 0.010164 0.0992072 -0.365572 0.925481 1 
0.1022 0.233924 0.0100351 0.177829 -0.362772 0.914753 1 
0.101478 0.23035 0.00931869 -0.596737 -0.747122 0.292769 1 
0.10143 0.230892 0.00892583 0.0921747 -0.500579 0.86077 1 
0.101904 0.23004 0.00906836 -0.587718 -0.730984 0.34677 1 
0.101793 0.229779 0.0087225 -0.478339 -0.729921 0.488269 1 
0.101619 0.23047 0.00900923 -0.332945 -0.699997 0.631784 1 
0.101494 0.230074 0.00824921 -0.129253 -0.604668 0.78592 1 
0.101509 0.230344 0.00861938 -0.132311 -0.61101 0.780487 1 
0.101469 0.230033 0.00857738 -0.178274 -0.617101 0.766424 1 
0.101808 0.230539 0.00808749 -0.0760206 -0.580912 0.810408 1 
0.101442 0.230213 0.00798835 0.0234507 -0.558679 0.829052 1 
0.101575 0.234299 0.010705 -0.0476209 -0.328198 0.943408 1 
0.101189 0.233751 0.0106069 -0.00611174 -0.289697 0.957099 1 
0.101074 0.233221 0.0103489 0.135529 -0.3354 0.932276 1 
0.101311 0.233333 0.0100152 0.226851 -0.342444 0.91174 1 
0.101149 0.234025 0.0107601 -0.0467323 -0.289235 0.956117 1 
0.10103 0.233092 0.0106341 0.0637371 -0.32649 0.943049 1 
0.101087 0.233357 0.0107631 0.0136383 -0.301281 0.953438 1 
0.101008 0.232735 0.0106791 0.0874564 -0.364626 0.927038 1 
0.100955 0.232873 0.0104182 0.15182 -0.35239 0.923457 1 
0.100903 0.233012 0.0101573 0.155913 -0.366607 0.917219 1 
0.10042 0.233057 0.0102786 0.0320582 -0.339816 0.939945 1 
0.100132 0.233803 0.0105027 -0.00611174 -0.289697 0.957099 1 
0.100114 0.233265 0.0102205 0.0112656 -0.326703 0.94506 1 
0.0998626 0.233468 0.0103793 -0.00122063 -0.294171 0.955752 1 
0.0994381 0.233328 0.0103904 -0.00611174 -0.289697 0.957099 1 
0.0992083 0.233304 0.0103089 -0.00611174 -0.289697 0.957099 1 
0.101092 0.231556 0.00980621 0.0231217 -0.512757 0.858222 1 
0.100728 0.231364 0.00966309 0.218324 -0.420311 0.880723 1 
0.100916 0.232563 0.0103762 0.17874 -0.378929 0.908 1 
0.100665 0.232316 0.0102957 0.180276 -0.393722 0.901379 1 
0.100701 0.232224 0.0104697 0.128023 -0.406578 0.904602 1 
0.100512 0.23206 0.0101911 0.134421 -0.411752 0.901327 1 
0.100358 0.232389 0.0102816 0.120812 -0.384656 0.91512 1 
0.10067 0.232719 0.0101638 0.0975596 -0.394361 0.913762 1 
0.100653 0.232765 0.0100768 0.166331 -0.376733 0.911266 1 
0.100266 0.232801 0.0101739 0.0967088 -0.374576 0.922139 1 
0.100516 0.232463 0.0100591 0.128023 -0.406578 0.904602 1 
0.100266 0.232217 0.0099787 0.14622 -0.407429 0.901455 1 
0.100454 0.231795 0.0100621 0.204835 -0.422933 0.882706 1 
0.100424 0.231706 0.00956099 0.209302 -0.437902 0.874319 1 
0.100056 0.231831 0.00970104 0.192254 -0.424134 0.884957 1 
0.100258 0.233069 0.00962786 0.114918 -0.386291 0.91519 1 
0.100978 0.231026 0.00954829 0.112525 -0.474313 0.873135 1 
0.100978 0.231026 0.00954829 0.112525 -0.474313 0.873135 1 
0.100688 0.231053 0.00962108 0.199721 -0.436427 0.877293 1 
0.100902 0.230673 0.00937633 0.174313 -0.452628 0.874496 1 
0.100925 0.231164 0.00928739 0.215514 -0.426568 0.878404 1 
0.100963 0.230172 0.00898289 0.162616 -0.473197 0.865818 1 
0.100399 0.23108 0.00969392 0.168399 -0.455409 0.87421 1 
0.100577 0.231377 0.00947045 0.218916 -0.427408 0.877154 1 
0.100644 0.230244 0.00851063 0.17064 -0.503017 0.847264 1 
0.100038 0.232912 0.0100485 0.0845271 -0.358234 0.929798 1 
0.0999777 0.232378 0.0100075 0.133515 -0.400545 0.906497 1 
0.0999586 0.23229 0.00996453 0.133515 -0.400545 0.906497 1 
0.099691 0.232674 0.00999238 0.0845271 -0.358234 0.929798 1 
0.0994203 0.23279 0.0101082 0.0320582 -0.339816 0.939945 1 
0.0997316 0.23195 0.00959991 0.201756 -0.425603 0.882132 1 
0.0990543 0.232464 0.010009 -0.00888243 -0.354028 0.935193 1 
0.0993059 0.23226 0.00985022 0.114918 -0.386291 0.91519 1 
0.0990604 0.233001 0.00983313 0.00874878 -0.323705 0.946118 1 
0.101385 0.229948 0.00785936 0.0459767 -0.544755 0.837334 1 
0.101619 0.22979 0.00761362 -0.00407397 -0.549986 0.835164 1 
0.109402 0.231427 0.0124327 -0.0262078 0.828995 -0.558641 1 
0.108801 0.234238 0.0160003 0.011283 0.944013 -0.329715 1 
0.108468 0.234136 0.0163582 -0.0806969 0.959397 -0.270271 1 
0.108648 0.233983 0.0158956 -0.0140111 0.933647 -0.357919 1 
0.10852 0.233413 0.0164239 -0.0140111 0.933647 -0.357919 1 
0.108371 0.23356 0.0161873 -0.0140111 0.933647 -0.357919 1 
0.108789 0.233653 0.015347 0.069182 0.910218 -0.40831 1 
0.108208 0.233572 0.0155365 0.0926863 0.900579 -0.424697 1 
0.108446 0.233684 0.0152028 0.0898364 0.899746 -0.427068 1 
0.10839 0.233649 0.0162303 -0.0140111 0.933647 -0.357919 1 
0.108358 0.23401 0.0159684 0.00377995 0.936167 -0.351535 1 
0.108087 0.23354 0.015889 0.0656027 0.919776 -0.386922 1 
0.107973 0.233596 0.0158263 0.0656027 0.919776 -0.386922 1 
0.107933 0.233285 0.0157843 0.0221787 0.917155 -0.397912 1 
0.10788 0.233423 0.0155234 0.0904116 0.891597 -0.443712 1 
0.107519 0.2335 0.0152922 0.0939778 0.885075 -0.455863 1 
0.107823 0.233158 0.0153944 0.0670203 0.898619 -0.43358 1 
0.107577 0.233315 0.015182 0.075836 0.894864 -0.439849 1 
0.108895 0.233281 0.0146683 0.0784714 0.898979 -0.430904 1 
0.108507 0.233767 0.0150046 0.0780606 0.905229 -0.417693 1 
0.108214 0.233525 0.0151654 0.0694736 0.903157 -0.423653 1 
0.109464 0.233944 0.0142159 0.137926 0.897231 -0.419466 1 
0.108626 0.233435 0.0135398 0.0853961 0.88056 -0.466179 1 
0.10794 0.233277 0.0141687 0.10015 0.881599 -0.461252 1 
0.108411 0.233681 0.0138285 0.0817194 0.890603 -0.447379 1 
0.108081 0.233492 0.0150597 0.0782776 0.899505 -0.42984 1 
0.107989 0.23332 0.0147568 0.0995399 0.887447 -0.450032 1 
0.107736 0.233389 0.0149596 0.075836 0.894864 -0.439849 1 
0.107718 0.232851 0.0146774 0.10015 0.881599 -0.461252 1 
0.107659 0.233036 0.0147876 0.0995399 0.887447 -0.450032 1 
0.107879 0.233194 0.0143669 0.10015 0.881599 -0.461252 1 
0.107841 0.233017 0.014281 0.106506 0.876192 -0.470048 1 
0.107594 0.233039 0.0141126 0.106506 0.876192 -0.470048 1 
0.106979 0.233186 0.0140843 0.106506 0.876192 -0.470048 1 
0.107159 0.233617 0.0138168 0.106506 0.876192 -0.470048 1 
0.107102 0.233352 0.0136879 0.106506 0.876192 -0.470048 1 
0.10665 0.233487 0.0143103 0.0846789 0.889822 -0.448382 1 
0.106334 0.233923 0.0149505 0.783601 -0.269609 -0.559715 1 
0.109099 0.231999 0.013487 -0.033596 0.893653 -0.447499 1 
0.108073 0.232725 0.0140792 0.106506 0.876192 -0.470048 1 
0.108471 0.232595 0.0132398 0.0853961 0.88056 -0.466179 1 
0.108296 0.233151 0.0135706 0.106506 0.876192 -0.470048 1 
0.108182 0.232622 0.0133127 0.106506 0.876192 -0.470048 1 
0.108225 0.232167 0.0128322 0.082767 0.871158 -0.483977 1 
0.108208 0.231628 0.01255 0.0775659 0.858866 -0.506294 1 
0.107152 0.232945 0.0140367 0.106506 0.876192 -0.470048 1 
0.107023 0.23273 0.0136039 0.106506 0.876192 -0.470048 1 
0.107251 0.232035 0.013534 -0.0802359 0.865704 -0.494085 1 
0.10679 0.233022 0.0138056 0.106506 0.876192 -0.470048 1 
0.106368 0.231981 0.0133383 -0.485375 0.763199 -0.426542 1 
0.106566 0.232366 0.0131578 -0.324567 0.788233 -0.522824 1 
0.106776 0.231718 0.013001 -0.389376 0.731106 -0.560241 1 
0.105909 0.231933 0.0131755 -0.577789 0.728375 -0.368279 1 
0.105834 0.231715 0.0129595 -0.519527 0.69326 -0.499481 1 
0.108414 0.232235 0.0119105 0.0261446 0.840757 -0.540781 1 
0.108142 0.232216 0.0120702 0.0750775 0.845685 -0.528376 1 
0.108125 0.232262 0.0119833 0.0779632 0.84342 -0.531567 1 
0.107835 0.232289 0.0120561 0.017691 0.853249 -0.521203 1 
0.107582 0.232358 0.0122588 0.10189 0.850998 -0.515191 1 
0.108664 0.231897 0.0117956 -0.0123496 0.821932 -0.569452 1 
0.108042 0.231956 0.0121825 0.0750775 0.845685 -0.528376 1 
0.107637 0.231904 0.0122366 0.0581405 0.812549 -0.579987 1 
0.107558 0.231867 0.0123478 0.0639564 0.817221 -0.572765 1 
0.106672 0.233164 0.0128697 0.103989 0.864673 -0.491453 1 
0.107075 0.232497 0.0126644 0.0662014 0.846533 -0.528203 1 
0.106702 0.232668 0.0131756 0.0509689 0.869226 -0.491781 1 
0.10686 0.232743 0.0129531 0.103989 0.864673 -0.491453 1 
0.106435 0.233053 0.0132034 0.0510737 0.865491 -0.498313 1 
0.106285 0.2332 0.0129668 0.0313231 0.870237 -0.491636 1 
0.106532 0.232593 0.0129399 -0.192917 0.815719 -0.545331 1 
0.106969 0.23102 0.0115569 -0.416975 0.736711 -0.532343 1 
0.106149 0.231729 0.0125586 -0.394317 0.605499 -0.691292 1 
0.105781 0.231853 0.0126987 -0.48251 0.647269 -0.590108 1 
0.106291 0.231983 0.0122052 -0.326325 0.628297 -0.706226 1 
0.105733 0.232395 0.0123058 -0.374018 0.650824 -0.66071 1 
0.106798 0.231395 0.0115604 -0.356572 0.74408 -0.564979 1 
0.105508 0.233454 0.0134881 0.0396411 0.87347 -0.485261 1 
0.105457 0.233142 0.012988 -0.278944 0.795858 -0.537401 1 
0.10576 0.232666 0.0131341 -0.416372 0.769063 -0.48495 1 
0.105299 0.232483 0.0130152 -0.45046 0.703117 -0.550193 1 
0.105501 0.232687 0.0125076 -0.370385 0.656816 -0.656816 1 
0.105321 0.23284 0.0129702 -0.40893 0.703624 -0.581111 1 
0.104838 0.23347 0.0132868 -0.211839 0.765404 -0.607685 1 
0.105677 0.233299 0.0125673 -0.0639564 0.817221 -0.572765 1 
0.105268 0.232979 0.0127094 -0.326112 0.670071 -0.666826 1 
0.105549 0.232145 0.0129004 -0.473192 0.677183 -0.563483 1 
0.101451 0.208883 0.00897111 -0.283243 0.11198 -0.952488 1 
0.101698 0.208276 0.0089443 -0.299824 0.145164 -0.942885 1 
0.101372 0.208261 0.00888713 -0.299824 0.145164 -0.942885 1 
0.103788 0.213557 0.00787593 -0.875871 0.458928 -0.149115 1 
0.102995 0.213991 0.00826632 -0.890306 0.453908 0.0363665 1 
0.102943 0.21413 0.00800541 -0.871655 0.48851 -0.0396829 1 
0.101952 0.21158 0.00995691 -0.235969 -0.0870688 -0.967852 1 
0.102076 0.211297 0.0093213 -0.235969 -0.0870688 -0.967852 1 
0.101414 0.211985 0.00890013 -0.276988 -0.0837404 -0.957218 1 
0.10273 0.21406 0.00801095 -0.881108 0.452772 0.13655 1 
0.102345 0.213646 0.00786883 -0.910465 0.408698 0.0633954 1 
0.101652 0.213755 0.00795175 -0.902136 0.424292 0.0782675 1 
0.101976 0.211977 0.00866756 -0.294833 -0.081826 -0.952039 1 
0.10173 0.212133 0.00845519 -0.270783 -0.0997621 -0.957457 1 
0.101399 0.2123 0.00872523 -0.262658 -0.116302 -0.957854 1 
0.101346 0.212438 0.00846431 -0.24335 -0.12623 -0.961689 1 
0.101862 0.212521 0.0075997 -0.212882 -0.107071 -0.971194 1 
0.101335 0.212437 0.00800623 -0.24335 -0.12623 -0.961689 1 
0.10123 0.213394 0.00888006 -0.183132 -0.135139 -0.973756 1 
0.101018 0.213324 0.00888559 -0.208214 -0.129016 -0.969537 1 
0.100887 0.212975 0.00849672 -0.228124 -0.110876 -0.967298 1 
0.100803 0.21195 0.00854466 -0.243203 -0.0819077 -0.966511 1 
0.101057 0.212465 0.00853714 -0.24335 -0.12623 -0.961689 1 
0.100676 0.212454 0.00826308 -0.222098 -0.127097 -0.966705 1 
0.100965 0.213462 0.0086247 -0.178429 -0.145527 -0.973132 1 
0.101962 0.210767 0.00906336 -0.348939 -0.0217288 -0.936894 1 
0.101957 0.209779 0.00900004 0.898431 0.165311 -0.40681 1 
0.10237 0.209918 0.00853082 0.898431 0.165311 -0.40681 1 
0.101981 0.210271 0.00891111 0.864051 0.144251 -0.482295 1 
0.101847 0.210238 0.00880542 0.864051 0.144251 -0.482295 1 
0.101537 0.210042 0.00887922 0.889349 0.175548 -0.422187 1 
0.101287 0.209795 0.00879878 0.894177 0.169013 -0.414586 1 
0.102101 0.211338 0.00899312 -0.30106 -0.0576497 -0.951861 1 
0.102216 0.210832 0.00881661 -0.349755 -0.024342 -0.936525 1 
0.102159 0.210567 0.00868764 -0.365448 -0.00636669 -0.93081 1 
0.102379 0.210725 0.00826698 -0.392924 -0.0168581 -0.919416 1 
0.101914 0.211309 0.00867052 -0.356948 -0.0402378 -0.933257 1 
0.101972 0.211123 0.00856028 -0.356948 -0.0402378 -0.933257 1 
0.102146 0.211017 0.00846878 -0.356948 -0.0402378 -0.933257 1 
0.101812 0.21033 0.00863151 0.8344 0.127133 -0.536296 1 
0.102045 0.210038 0.00842971 0.892078 0.172054 -0.417845 1 
0.101703 0.210203 0.00824162 0.8344 0.127133 -0.536296 1 
0.102341 0.210548 0.00818101 -0.39513 -0.0142506 -0.918515 1 
0.101857 0.211044 0.00854156 -0.356948 -0.0402378 -0.933257 1 
0.101532 0.211163 0.00844043 -0.356948 -0.0402378 -0.933257 1 
0.101831 0.210418 0.00867447 0.8344 0.127133 -0.536296 1 
0.101465 0.210092 0.00857533 0.889349 0.175548 -0.422187 1 
0.101882 0.20956 0.00878411 0.898431 0.165311 -0.40681 1 
0.101869 0.20884 0.00817475 -0.283243 0.11198 -0.952488 1 
0.101811 0.208576 0.00804578 -0.253027 0.132413 -0.958355 1 
0.101504 0.208649 0.00803161 -0.281354 0.117561 -0.952376 1 
0.101491 0.209193 0.00901312 -0.208375 0.0621469 -0.976073 1 
0.101803 0.209523 0.00889535 0.892213 0.159993 -0.422324 1 
0.101456 0.209286 0.00883921 0.892213 0.159993 -0.422324 1 
0.101263 0.209304 0.00888772 0.892213 0.159993 -0.422324 1 
0.101348 0.209294 0.00840536 0.892213 0.159993 -0.422324 1 
0.101339 0.208487 0.0086692 -0.253027 0.132413 -0.958355 1 
0.102225 0.209885 0.00796705 0.898431 0.165311 -0.40681 1 
0.101158 0.209581 0.00836594 0.898431 0.165311 -0.40681 1 
0.100925 0.209873 0.00856772 0.892078 0.172054 -0.417845 1 
0.101048 0.211659 0.00880101 -0.235969 -0.0870688 -0.967852 1 
0.10072 0.211509 0.00878783 -0.249147 -0.0822059 -0.96497 1 
0.100681 0.211333 0.00870184 -0.234921 -0.0816571 -0.968578 1 
0.100957 0.211621 0.00845411 -0.235969 -0.0870688 -0.967852 1 
0.100667 0.211648 0.00852693 -0.249147 -0.0822059 -0.96497 1 
0.103141 0.207507 0.00755575 -0.596076 0.141923 -0.790286 1 
0.102383 0.207849 0.00812005 -0.598995 0.135257 -0.789247 1 
0.102118 0.207918 0.00786471 -0.598995 0.135257 -0.789247 1 
0.101917 0.208204 0.00736719 -0.596076 0.141923 -0.790286 1 
0.103457 0.214663 0.00738002 -0.403656 0.369102 -0.837154 1 
0.103399 0.214399 0.00725104 -0.39219 0.30368 -0.868312 1 
0.1026 0.214295 0.00781734 -0.857232 0.495063 0.141655 1 
0.10235 0.214049 0.00773694 -0.882621 0.469932 -0.0119813 1 
0.101428 0.214269 0.00769443 -0.853979 0.508355 -0.110888 1 
0.111932 0.226953 0.0184024 -0.135722 0.783011 -0.60702 1 
0.111393 0.228583 0.0201809 -0.399507 0.761509 -0.51039 1 
0.111336 0.228318 0.0200519 -0.36593 0.74975 -0.551335 1 
0.111902 0.228713 0.0196874 -0.36593 0.74975 -0.551335 1 
0.11156 0.228878 0.0194993 -0.36593 0.74975 -0.551335 1 
0.111288 0.228859 0.0196591 -0.36593 0.74975 -0.551335 1 
0.111245 0.22828 0.019705 -0.373115 0.74786 -0.549082 1 
0.110898 0.228042 0.0196489 -0.216806 0.807258 -0.548935 1 
0.110828 0.228227 0.019301 -0.216806 0.807258 -0.548935 1 
0.110498 0.227943 0.0193319 -0.0903054 0.832817 -0.546133 1 
0.111895 0.227946 0.0187069 -0.407978 0.70529 -0.579758 1 
0.111789 0.227053 0.0177946 -0.132501 0.772675 -0.62082 1 
0.112145 0.227513 0.0173917 -0.135722 0.783011 -0.60702 1 
0.112069 0.22716 0.0172198 -0.119927 0.765461 -0.632208 1 
0.111779 0.227187 0.0172926 -0.10102 0.771561 -0.628083 1 
0.112073 0.227563 0.0170878 -0.119941 0.777394 -0.617473 1 
0.111783 0.22759 0.0171606 -0.107156 0.776516 -0.620919 1 
0.11141 0.228441 0.0190675 -0.216977 0.804814 -0.552444 1 
0.111322 0.227503 0.0182422 -0.135722 0.783011 -0.60702 1 
0.111201 0.227471 0.0185946 -0.116574 0.786506 -0.60648 1 
0.110446 0.228081 0.0190709 -0.0638656 0.821738 -0.566275 1 
0.112332 0.226372 0.0173238 -0.15572 0.760458 -0.63044 1 
0.112095 0.22675 0.0166524 -0.0921396 0.75613 -0.647903 1 
0.111963 0.226267 0.0163075 -0.0647985 0.698384 -0.712784 1 
0.111625 0.226931 0.0171878 -0.104429 0.766307 -0.633931 1 
0.111238 0.225798 0.0168945 -0.107524 0.752667 -0.649562 1 
0.111966 0.224331 0.0153946 -0.0836138 0.517272 -0.851727 1 
0.11167 0.225441 0.016273 -0.0617891 0.688302 -0.722788 1 
0.111089 0.225361 0.0164626 -0.0708149 0.695143 -0.715375 1 
0.110926 0.225373 0.0158118 -0.0769891 0.678376 -0.73067 1 
0.111064 0.224639 0.0153951 -0.0285536 0.499009 -0.866127 1 
0.10961 0.226576 0.016716 -0.236322 0.749658 -0.618194 1 
0.110853 0.225384 0.0167523 -0.159609 0.718999 -0.676436 1 
0.110839 0.225699 0.0165774 -0.0953967 0.738223 -0.667777 1 
0.110528 0.225503 0.0166512 -0.230426 0.732033 -0.641117 1 
0.110133 0.225807 0.0162022 -0.233515 0.725621 -0.64726 1 
0.110322 0.225386 0.0162856 -0.220411 0.711254 -0.667485 1 
0.110054 0.225185 0.0161182 -0.220411 0.711254 -0.667485 1 
0.109997 0.22492 0.0159893 -0.192757 0.541843 -0.818077 1 
0.109745 0.225124 0.016148 -0.216738 0.650215 -0.728179 1 
0.109615 0.224775 0.0157592 -0.223945 0.678098 -0.700023 1 
0.109286 0.225076 0.0159852 -0.201711 0.765269 -0.611291 1 
0.11195 0.226132 0.0158933 -0.0617891 0.688302 -0.722788 1 
0.11166 0.226159 0.0159662 -0.0617891 0.688302 -0.722788 1 
0.111376 0.225554 0.0154726 -0.0527066 0.6453 -0.762109 1 
0.110852 0.225154 0.0155959 -0.0436558 0.592874 -0.804111 1 
0.111269 0.225112 0.0147995 -0.0499249 0.751727 -0.657582 1 
0.110831 0.225516 0.0157921 -0.0769891 0.678376 -0.73067 1 
0.109517 0.225819 0.0162179 -0.233515 0.725621 -0.64726 1 
0.110115 0.227663 0.0191457 -0.138498 0.796735 -0.588244 1 
0.107704 0.224334 0.0182099 -0.424995 -0.195586 -0.883813 1 
0.109022 0.225374 0.0168863 -0.22721 0.719239 -0.65656 1 
0.109264 0.225888 0.0164206 -0.233515 0.725621 -0.64726 1 
0.10868 0.22554 0.0166982 -0.262302 0.704241 -0.659729 1 
0.107868 0.225886 0.0170456 -0.262389 0.694934 -0.669491 1 
0.109071 0.226491 0.0166644 -0.257096 0.749205 -0.610405 1 
0.108727 0.226522 0.0165203 -0.275883 0.728777 -0.626716 1 
0.109018 0.22663 0.0164035 -0.257096 0.749205 -0.610405 1 
0.109132 0.225405 0.0160757 -0.204133 0.78737 -0.581702 1 
0.108842 0.225432 0.0161485 -0.2077 0.783108 -0.586177 1 
0.108832 0.22615 0.0158417 -0.259587 0.571092 -0.778761 1 
0.109016 0.225326 0.016057 -0.206097 0.810647 -0.548065 1 
0.108689 0.225177 0.0160438 -0.169759 0.812738 -0.557349 1 
0.108438 0.22493 0.0159634 -0.262302 0.704241 -0.659729 1 
0.108421 0.225561 0.0160717 -0.187088 0.873569 -0.449306 1 
0.107941 0.223861 0.017681 -0.440272 0.312702 -0.841652 1 
0.105332 0.217332 0.0101427 0.172586 0.688818 -0.704091 1 
0.106144 0.216985 0.00979529 0.166305 0.69726 -0.69726 1 
0.105209 0.21707 0.00933865 0.15578 0.633707 -0.757726 1 
0.10506 0.217217 0.00910202 0.142836 0.642011 -0.753273 1 
0.105332 0.216652 0.00874706 0.172403 0.541194 -0.823035 1 
0.105288 0.216522 0.0090322 0.167839 0.51243 -0.842167 1 
0.105056 0.216814 0.00923394 0.165036 0.619263 -0.767644 1 
0.104119 0.217444 0.010217 0.179576 0.673792 -0.716768 1 
0.102959 0.215703 0.00872208 -0.468706 0.54877 -0.692218 1 
0.104588 0.215414 0.00789538 0.111289 0.377832 -0.919162 1 
0.104204 0.216754 0.00833893 0.180539 0.397185 -0.899805 1 
0.104086 0.217576 0.00879867 0.152003 0.624567 -0.766036 1 
0.103772 0.217111 0.00896039 0.192254 0.424134 -0.884957 1 
0.104441 0.216866 0.00800525 0.180539 0.397185 -0.899805 1 
0.10415 0.216758 0.00812202 0.149552 0.405927 -0.901586 1 
0.103969 0.215158 0.00799899 -0.20214 0.47765 -0.854979 1 
0.103916 0.215296 0.00773808 -0.120865 0.447912 -0.88587 1 
0.103508 0.216145 0.00827059 -0.00391546 0.432006 -0.901862 1 
0.104156 0.216711 0.00775088 0.0946301 0.399092 -0.912015 1 
0.102966 0.21741 0.00893668 0.0229932 0.488268 -0.872391 1 
0.103903 0.215161 0.00732396 -0.091746 0.328424 -0.940064 1 
0.103043 0.214974 0.00808845 -0.546432 0.469564 -0.693485 1 
0.114629 0.216205 0.0108907 0.107805 0.695563 -0.710331 1 
0.115099 0.216025 0.0103552 0.107805 0.695563 -0.710331 1 
0.114134 0.215665 0.0103586 0.107805 0.695563 -0.710331 1 
0.114194 0.215614 0.0102044 0.107805 0.695563 -0.710331 1 
0.113922 0.216179 0.0105594 0.107805 0.695563 -0.710331 1 
0.115565 0.213821 0.00932197 0.166266 0.681844 -0.712351 1 
0.115122 0.214762 0.00968052 0.107805 0.695563 -0.710331 1 
0.11537 0.21429 0.00960971 0.166266 0.681844 -0.712351 1 
0.11528 0.214252 0.00926284 0.166266 0.681844 -0.712351 1 
0.115222 0.213987 0.00913386 0.166266 0.681844 -0.712351 1 
0.11542 0.213787 0.00875815 0.166266 0.681844 -0.712351 1 
0.114471 0.214867 0.00952225 0.107805 0.695563 -0.710331 1 
0.113474 0.214963 0.0104642 0.107805 0.695563 -0.710331 1 
0.113967 0.215274 0.00983983 0.107805 0.695563 -0.710331 1 
0.113945 0.214917 0.0098848 0.107805 0.695563 -0.710331 1 
0.113814 0.215603 0.00993038 0.107805 0.695563 -0.710331 1 
0.113919 0.215815 0.00944699 0.107805 0.695563 -0.710331 1 
0.114735 0.214118 0.00838199 0.166266 0.681844 -0.712351 1 
0.114418 0.215005 0.00926137 0.107805 0.695563 -0.710331 1 
0.114648 0.214444 0.00914752 0.107805 0.695563 -0.710331 1 
0.114323 0.214564 0.00904643 0.107805 0.695563 -0.710331 1 
0.114538 0.214318 0.0087577 0.146494 0.681121 -0.717366 1 
0.113309 0.215876 0.0102919 0.107805 0.695563 -0.710331 1 
0.112545 0.216265 0.0112273 -0.576197 -0.42343 -0.699074 1 
0.113282 0.215115 0.0104688 0.107805 0.695563 -0.710331 1 
0.113256 0.216014 0.010031 0.107805 0.695563 -0.710331 1 
0.112364 0.216189 0.0105336 -0.403506 -0.0383661 -0.914172 1 
0.108909 0.217946 0.0105524 -0.113985 0.667625 -0.73572 1 
0.108527 0.217895 0.0115227 -0.091815 0.619387 -0.779699 1 
0.108084 0.217667 0.0114908 -0.076932 0.66626 -0.741741 1 
0.108211 0.217652 0.0107672 -0.0238491 0.663565 -0.747738 1 
0.10804 0.216858 0.0103803 0.0707299 0.668325 -0.740499 1 
0.107693 0.217789 0.0107146 0.0707299 0.668325 -0.740499 1 
0.107724 0.217294 0.0110205 0.0707299 0.668325 -0.740499 1 
0.107614 0.217168 0.0106307 0.0499022 0.680095 -0.731423 1 
0.107381 0.21746 0.0108324 0.0499022 0.680095 -0.731423 1 
0.107444 0.217092 0.010395 0.0499022 0.680095 -0.731423 1 
0.110363 0.218798 0.0102517 0.193994 0.581982 -0.789724 1 
0.108857 0.218084 0.0102915 -0.113985 0.667625 -0.73572 1 
0.10844 0.218031 0.00988747 0.0381724 0.665896 -0.745068 1 
0.108187 0.2181 0.0100902 0.0707299 0.668325 -0.740499 1 
0.107756 0.216838 0.010082 0.0707299 0.668325 -0.740499 1 
0.10794 0.217087 0.00948742 0.0707299 0.668325 -0.740499 1 
0.107618 0.217571 0.0104987 0.0499022 0.680095 -0.731423 1 
0.107817 0.217506 0.010079 0.0707299 0.668325 -0.740499 1 
0.107102 0.217258 0.0102069 0.145564 0.763838 -0.628778 1 
0.10827 0.217956 0.00965182 0.0707299 0.668325 -0.740499 1 
0.107865 0.218489 0.00990114 0.0707299 0.668325 -0.740499 1 
0.108509 0.216092 0.00964961 0.0440112 0.671526 -0.739673 1 
0.108199 0.216482 0.00991865 0.0707299 0.668325 -0.740499 1 
0.108355 0.215837 0.00954492 0.101751 0.697513 -0.709311 1 
0.108549 0.216403 0.00969161 0.0440112 0.671526 -0.739673 1 
0.108632 0.216259 0.00925322 0.047033 0.67129 -0.739701 1 
0.108496 0.216542 0.00943072 0.0707299 0.668325 -0.740499 1 
0.108522 0.216133 0.00886334 0.0557843 0.670842 -0.739499 1 
0.108199 0.215802 0.00852301 0.136649 0.668229 -0.731298 1 
0.107953 0.216638 0.00970627 0.0707299 0.668325 -0.740499 1 
0.107824 0.216424 0.00927342 0.120461 0.697482 -0.706405 1 
0.107826 0.216558 0.00922946 0.0707299 0.668325 -0.740499 1 
0.108109 0.215993 0.00933256 0.120461 0.697482 -0.706405 1 
0.107962 0.21569 0.00885671 0.111178 0.69227 -0.713023 1 
0.107514 0.216813 0.00954247 0.0986281 0.708062 -0.699229 1 
0.107096 0.216625 0.00918243 0.0965194 0.834101 -0.543102 1 
0.106921 0.216732 0.00927395 0.0965194 0.834101 -0.543102 1 
0.107425 0.216324 0.00895641 0.213107 0.707763 -0.673541 1 
0.106755 0.216341 0.00875513 0.166266 0.681844 -0.712351 1 
0.106851 0.217011 0.0101265 0.122738 0.782268 -0.610731 1 
0.106817 0.217688 0.0101478 0.13179 0.798145 -0.587873 1 
0.121391 0.199801 0.0278447 -0.301806 0.0262985 -0.953007 0 
0.121492 0.200195 0.0276885 -0.38486 -0.046289 -0.921813 0 
0.122063 0.200409 0.0269968 -0.39339 -0.0657888 -0.917015 0 
0.1214 0.200607 0.0275809 0.341751 -0.109414 -0.933399 0 
0.121439 0.200333 0.0274276 -0.37761 -0.0434185 -0.924946 0 
0.121347 0.200746 0.0273199 0.41025 -0.109864 -0.905331 0 
0.122401 0.19984 0.0273168 -0.41982 -0.0278114 -0.907181 0 
0.122286 0.19931 0.0270589 -0.189202 -0.881475 -0.432671 0 
0.121102 0.200902 0.0271076 0.476527 -0.115912 -0.871485 0 
0.105498 0.22703 0.012956 -0.729866 -0.261232 -0.631706 0 
0.105524 0.22922 0.011008 -0.937463 0.308827 -0.16059 0 
0.10513 0.228584 0.011325 -0.896137 -0.397797 -0.196713 0 
0.105095 0.228676 0.0111511 -0.904904 -0.388636 -0.173524 0 
0.105019 0.228323 0.0109791 -0.873175 -0.475632 -0.106485 0 
0.104919 0.228553 0.0100862 -0.953176 -0.301984 -0.0161555 0 
0.105379 0.22909 0.00924384 -0.885116 -0.0999098 0.454519 0 
0.105864 0.22918 0.0090785 -0.810216 -0.0728766 0.581583 0 
0.105613 0.228933 0.00899808 -0.810373 -0.0881154 0.579251 0 
0.105794 0.229364 0.00873064 -0.761489 -0.00414604 0.648164 0 
0.105736 0.229099 0.00860168 -0.751502 -0.0181253 0.659482 0 
0.104814 0.22951 0.01096 -0.314651 -0.948968 -0.021311 0 
0.104687 0.229429 0.0104832 -0.260419 -0.965367 -0.0157463 0 
0.104682 0.228442 0.0104199 -0.910632 -0.413217 0.00129535 0 
0.104402 0.229275 0.0102288 -0.922924 -0.384009 0.0273363 0 
0.119692 0.203363 0.0259378 0.637144 0.165749 -0.752712 0 
0.119635 0.203098 0.0258088 0.630277 0.0796901 -0.77227 0 
0.119681 0.203362 0.0254797 0.642039 0.312125 -0.70026 0 
0.119446 0.203519 0.0257254 0.642039 0.312125 -0.70026 0 
0.119104 0.203685 0.0255373 0.626715 0.532117 -0.56928 0 
0.119031 0.204185 0.0254726 0.647124 0.18599 -0.73935 0 
0.119227 0.203851 0.0251409 0.639068 0.1754 -0.748884 0 
0.118706 0.204305 0.0253715 0.664323 0.143108 -0.733618 0 
0.119251 0.204248 0.0238516 -0.582967 -0.576208 -0.572829 0 
0.118714 0.204392 0.0249564 0.637602 -0.152241 -0.755174 0 
0.118885 0.204017 0.0249528 0.664323 0.143108 -0.733618 0 
0.118439 0.204689 0.0253994 -0.251864 -0.685894 -0.682726 0 
0.118386 0.204827 0.0251385 -0.478774 -0.586288 -0.653484 0 
0.118542 0.204183 0.0247647 -0.112942 -0.594047 -0.796463 0 
0.1182 0.204348 0.0245766 -0.478774 -0.586288 -0.653484 0 
0.117985 0.204594 0.0248654 -0.478774 -0.586288 -0.653484 0 
0.118408 0.204505 0.0236979 -0.812226 -0.465719 -0.351276 0 
0.117805 0.204652 0.0241277 -0.69692 -0.533136 -0.479655 0 
0.118772 0.206805 0.0234655 0.829349 0.405986 0.38387 0 
0.117619 0.206867 0.0233856 0.897063 0.356165 0.261582 0 
0.118532 0.20633 0.0226868 0.791462 0.438622 0.425674 0 
0.11755 0.20871 0.0224231 -0.603545 0.0642069 0.794739 0 
0.11798 0.208804 0.0220408 -0.596202 0.0851717 0.798304 0 
0.117673 0.208877 0.0220267 -0.693443 -0.634704 -0.341011 0 
0.117773 0.209137 0.0219144 -0.581227 0.061107 0.811444 0 
0.11714 0.209329 0.0217991 -0.671839 -0.655492 -0.34491 0 
0.117088 0.209468 0.0215383 -0.629141 0.0209249 0.77701 0 
0.116905 0.209842 0.0210837 -0.685712 -0.643364 -0.340413 0 
0.11665 0.209777 0.0213305 -0.685712 -0.643364 -0.340413 0 
0.116394 0.209577 0.0216212 -0.686383 -0.640733 -0.344007 0 
0.116303 0.209539 0.0212743 -0.685712 -0.643364 -0.340413 0 
0.118667 0.207082 0.0229437 0.950007 0.277365 0.143372 0 
0.11844 0.207327 0.0227744 -0.194756 0.51482 0.834884 0 
0.118382 0.206928 0.0226894 0.956081 0.268857 0.116723 0 
0.118388 0.207466 0.0225135 -0.140084 0.544116 0.827233 0 
0.118251 0.207164 0.0224957 -0.211458 0.51267 0.832139 0 
0.118098 0.207493 0.0225863 -0.156111 0.533752 0.831107 0 
0.118313 0.207832 0.0224928 -0.172827 0.551544 0.816045 0 
0.118088 0.208211 0.0222794 0.0405077 0.562918 0.82552 0 
0.118014 0.208577 0.0222587 -0.660829 0.0209565 0.750244 0 
0.117759 0.208512 0.0225055 -0.67565 0.0737861 0.733521 0 
0.117527 0.207279 0.0232779 -0.214568 0.515875 0.829357 0 
0.117262 0.207347 0.0230226 0.961553 0.261777 0.0830025 0 
0.117435 0.207107 0.0229751 0.932385 0.313583 0.179787 0 
0.11721 0.207486 0.0227617 -0.175442 0.535323 0.826226 0 
0.117363 0.207157 0.0226712 0.961553 0.261777 0.0830025 0 
0.117311 0.207295 0.0224103 0.961553 0.261777 0.0830025 0 
0.117184 0.208385 0.0223239 -0.752747 -0.0153054 0.658132 0 
0.11732 0.208102 0.0221464 0.121486 0.557665 0.821128 0 
0.117315 0.207698 0.0222783 -0.0150269 0.550533 0.834678 0 
0.117263 0.207837 0.0220174 0.051859 0.55363 0.831146 0 
0.117205 0.207572 0.0218885 -0.0428729 0.524156 0.850543 0 
0.118198 0.208827 0.0216641 -0.705527 -0.630919 -0.322758 0 
0.117918 0.20804 0.0208434 -0.641751 0.0586009 0.76467 0 
0.117597 0.208524 0.0218547 -0.596202 0.0851717 0.798304 0 
0.117914 0.208807 0.0213658 -0.720126 -0.623465 -0.304483 0 
0.117581 0.208704 0.0217238 -0.601004 0.0436326 0.798054 0 
0.117562 0.208616 0.0216808 -0.601004 0.0436326 0.798054 0 
0.117074 0.208258 0.0219341 -0.673154 0.00138225 0.739501 0 
0.117017 0.208578 0.0220003 -0.601004 0.0436326 0.798054 0 
0.116679 0.208562 0.0214851 -0.582357 0.0669212 0.810174 0 
0.11721 0.207975 0.0217566 0.0844815 0.548414 0.831928 0 
0.116694 0.208247 0.02166 -0.615076 0.0264999 0.788022 0 
0.116482 0.208762 0.0218608 -0.671839 -0.655492 -0.34491 0 
0.116934 0.209212 0.0214336 -0.680796 -0.648144 -0.341214 0 
0.11628 0.209048 0.0213633 -0.629141 0.0209249 0.77701 0 
0.116337 0.209313 0.0214922 -0.629141 0.0209249 0.77701 0 
0.116332 0.208909 0.0216242 -0.680796 -0.648144 -0.341214 0 
0.116284 0.209451 0.0212313 -0.685712 -0.643364 -0.340413 0 
0.11675 0.207343 0.0213985 0.0233008 0.533177 0.845682 0 
0.116215 0.210805 0.0212739 -0.532552 0.0720429 0.843325 0 
0.115767 0.210173 0.021374 -0.535154 0.0841975 0.840548 0 
0.115926 0.209797 0.0209123 -0.553449 0.0754057 0.829462 0 
0.11611 0.211082 0.0207521 -0.615119 -0.0237121 0.788078 0 
0.115799 0.210886 0.0208259 -0.615119 -0.0237121 0.788078 0 
0.115723 0.211118 0.0208492 -0.711987 -0.16923 0.681495 0 
0.116094 0.211262 0.0206212 -0.690808 -0.110943 0.714476 0 
0.116079 0.211577 0.0204462 -0.725896 -0.189565 0.661166 0 
0.115671 0.211257 0.0205883 -0.736432 -0.219528 0.639902 0 
0.116111 0.210047 0.0203177 -0.532552 0.0720429 0.843325 0 
0.115811 0.210792 0.0200836 -0.637686 -0.0857027 0.765514 0 
0.115745 0.21138 0.0196038 -0.733987 -0.0952278 0.672455 0 
0.116232 0.209589 0.0209704 -0.690304 -0.638083 -0.341072 0 
0.115584 0.209963 0.0207242 -0.532552 0.0720429 0.843325 0 
0.115044 0.210328 0.0209118 -0.627778 -0.0409114 0.777316 0 
0.115478 0.211275 0.0206369 -0.736432 -0.219528 0.639902 0 
0.115039 0.211449 0.020473 -0.726005 -0.110897 0.678689 0 
0.115013 0.210823 0.0206059 -0.729987 -0.179053 0.65959 0 
0.114873 0.210703 0.0209154 -0.728894 -0.162822 0.664983 0 
0.114701 0.210493 0.0207237 -0.729631 -0.169079 0.662609 0 
0.114671 0.210989 0.0204178 -0.758017 -0.205328 0.619073 0 
0.115013 0.212348 0.0200352 -0.695143 -0.0708149 0.715375 0 
0.115637 0.211483 0.0203704 -0.76649 -0.192006 0.612884 0 
0.115447 0.21177 0.020331 -0.69324 -0.0500276 0.718968 0 
0.115409 0.211594 0.020245 -0.704446 -0.0588234 0.707316 0 
0.115425 0.211413 0.0203759 -0.733987 -0.0952278 0.672455 0 
0.115087 0.211982 0.0200559 -0.687667 -0.044136 0.724684 0 
0.114618 0.211127 0.020157 -0.730346 -0.129939 0.670604 0 
0.119135 0.203584 0.0236376 0.768907 0.129391 -0.626131 0 
0.118737 0.203714 0.024477 0.696503 0.114351 -0.708384 0 
0.118955 0.203153 0.0239051 0.689288 0.283072 -0.666898 0 
0.118105 0.203907 0.0243617 -0.128654 -0.590033 -0.797063 0 
0.118689 0.203671 0.0238889 -0.112942 -0.594047 -0.796463 0 
0.118592 0.20368 0.0239132 -0.112942 -0.594047 -0.796463 0 
0.118913 0.204232 0.0233363 -0.759866 -0.501675 -0.413432 0 
0.117618 0.204038 0.0236098 -0.431674 -0.598344 -0.675012 0 
0.117595 0.203681 0.0236548 -0.88932 -0.402627 0.216799 0 
0.113431 0.216124 0.018103 -0.711711 -0.501698 -0.491697 0 
0.11289 0.216354 0.0183346 -0.585785 -0.541893 -0.602667 0 
0.112887 0.216086 0.0184226 -0.69333 -0.509556 -0.509556 0 
0.112771 0.216006 0.0184039 -0.673712 -0.515784 -0.529225 0 
0.112251 0.218024 0.0168194 -0.91574 -0.32159 0.240832 0 
0.112562 0.218219 0.0167456 -0.904299 -0.333782 0.266143 0 
0.112146 0.2183 0.0162976 -0.889958 -0.345513 0.29765 0 
0.112447 0.21769 0.0164877 -0.9197 -0.364251 0.146538 0 
0.112221 0.217934 0.0163183 -0.904666 -0.349298 0.24407 0 
0.111736 0.216676 0.0160931 -0.283 -0.545447 -0.788922 0 
0.112039 0.217858 0.0156245 -0.889958 -0.345513 0.29765 0 
0.11207 0.217363 0.0159304 -0.92606 -0.269685 0.263977 0 
0.111551 0.216426 0.0166877 -0.381705 -0.555357 -0.738837 0 
0.111767 0.218519 0.0171799 -0.87711 -0.401695 0.263284 0 
0.111891 0.218235 0.0165443 -0.886398 -0.396429 0.239045 0 
0.111755 0.218518 0.0167218 -0.874513 -0.451219 0.177842 0 
0.111451 0.21886 0.0166197 -0.841408 -0.521291 0.142437 0 
0.111394 0.218595 0.0164908 -0.852027 -0.515212 0.0927668 0 
0.111751 0.218604 0.0158486 -0.839208 -0.538173 -0.0780989 0 
0.111399 0.218999 0.0163588 -0.8185 -0.568203 -0.0848708 0 
0.111342 0.218734 0.0162298 -0.847307 -0.527991 0.0574208 0 
0.111184 0.219244 0.0166476 -0.799794 -0.587694 -0.122252 0 
0.111017 0.218853 0.0161287 -0.764943 -0.584397 -0.270818 0 
0.11189 0.217516 0.0163931 -0.0787107 -0.571011 -0.817161 0 
0.111556 0.216829 0.0165558 -0.237031 -0.540679 -0.807145 0 
0.111498 0.216564 0.0164269 -0.325771 -0.550441 -0.768692 0 
0.11185 0.217205 0.016351 -0.176323 -0.547052 -0.818318 0 
0.111522 0.217056 0.0163379 -0.33335 -0.555583 -0.761712 0 
0.111644 0.217088 0.0159855 -0.223552 -0.556567 -0.800161 0 
0.111569 0.218039 0.01616 -0.874577 -0.457 0.162067 0 
0.111425 0.218005 0.0155962 -0.875503 -0.464348 0.133698 0 
0.11142 0.218186 0.0159234 -0.8584 -0.509457 0.0600182 0 
0.111284 0.218469 0.0161009 -0.851798 -0.515074 0.0955954 0 
0.111455 0.217509 0.0159021 -0.0964474 -0.548455 -0.830599 0 
0.111363 0.217337 0.0155992 -0.895668 -0.311472 0.317433 0 
0.111402 0.217648 0.0156412 -0.874513 -0.451219 0.177842 0 
0.111503 0.217457 0.0152897 -0.173777 -0.500539 -0.848093 0 
0.114306 0.213396 0.0188941 -0.816926 -0.418814 0.396519 0 
0.114162 0.213947 0.0185255 -0.832862 -0.432962 0.344796 0 
0.114127 0.214039 0.0183516 -0.708215 -0.0709663 0.702421 0 
0.114587 0.212563 0.0190851 -0.754268 -0.202064 0.6247 0 
0.11364 0.214266 0.0188001 -0.86416 -0.432839 0.256666 0 
0.113697 0.213946 0.0187338 -0.832862 -0.432962 0.344796 0 
0.113368 0.212722 0.0195306 -0.781029 -0.303822 0.545607 0 
0.113359 0.21299 0.0189845 -0.814389 -0.561289 0.147394 0 
0.113046 0.212526 0.0191463 -0.783242 -0.255848 0.566634 0 
0.112976 0.212711 0.0187984 -0.764354 -0.171714 0.621512 0 
0.113938 0.214461 0.0182682 -0.858978 -0.147797 0.490217 0 
0.113808 0.214696 0.0180746 -0.891183 -0.138312 0.432045 0 
0.11452 0.21503 0.0170735 -0.930896 -0.115513 0.346538 0 
0.113587 0.214404 0.0185392 -0.719491 -0.650218 -0.244029 0 
0.113325 0.214742 0.0181959 -0.897439 -0.0987878 0.429936 0 
0.113602 0.215164 0.0179042 -0.636524 -0.548727 -0.541974 0 
0.113311 0.215056 0.018021 -0.906825 -0.0144357 0.42126 0 
0.113021 0.215084 0.0180938 -0.906825 -0.0144357 0.42126 0 
0.112358 0.214602 0.0172822 -0.940234 -0.119715 0.318792 0 
0.112055 0.215079 0.0171361 -0.946613 -0.101943 0.305829 0 
0.112029 0.215978 0.0166983 -0.947717 -0.158178 0.27715 0 
0.112504 0.2162 0.0160309 -0.950727 -0.165402 0.262223 0 
0.112275 0.216311 0.0159055 -0.941789 -0.168128 0.291148 0 
0.111919 0.215362 0.0173136 -0.948357 -0.109782 0.297602 0 
0.111687 0.216143 0.0165102 -0.941687 -0.127983 0.311201 0 
0.111895 0.219578 0.0156464 -0.782901 -0.570377 -0.248466 0 
0.11039 0.221598 0.0142617 -0.713999 0.00415922 0.700135 0 
0.110158 0.22189 0.0144634 -0.773532 -0.0734639 0.629485 0 
0.111482 0.218854 0.0159204 -0.789199 -0.569029 -0.231023 0 
0.111491 0.219076 0.0154613 -0.782703 -0.573357 -0.242154 0 
0.111056 0.219164 0.0161707 -0.751309 -0.594986 -0.285529 0 
0.110964 0.218992 0.0158678 -0.751309 -0.594986 -0.285529 0 
0.110657 0.219065 0.0158537 -0.747731 -0.601054 -0.282193 0 
0.110873 0.218954 0.015521 -0.747731 -0.601054 -0.282193 0 
0.110859 0.219269 0.015346 -0.739135 -0.611423 -0.282563 0 
0.110569 0.219296 0.0154188 -0.716413 -0.626258 -0.307494 0 
0.11115 0.219376 0.0152292 -0.739135 -0.611423 -0.282563 0 
0.111035 0.219297 0.0152105 -0.739135 -0.611423 -0.282563 0 
0.110609 0.219607 0.0154608 -0.698741 -0.647102 -0.304993 0 
0.110477 0.219708 0.0153112 -0.690905 -0.658695 -0.297943 0 
0.11106 0.217813 0.0154531 -0.86299 -0.501674 0.0597562 0 
0.111262 0.218017 0.0149454 -0.820069 -0.55217 -0.150321 0 
0.110547 0.218939 0.0154638 -0.748367 -0.602189 -0.278056 0 
0.110029 0.219661 0.0156064 -0.689339 -0.657051 -0.305117 0 
0.109994 0.219753 0.0154325 -0.671099 -0.677537 -0.300949 0 
0.109459 0.220522 0.0154882 -0.596206 -0.720347 -0.354456 0 
0.10988 0.219224 0.0151746 -0.6939 -0.66185 -0.28365 0 
0.109537 0.219389 0.0149865 -0.680389 -0.677187 -0.28016 0 
0.109727 0.218518 0.0148307 -0.719283 -0.632776 -0.286752 0 
0.111175 0.219907 0.0138959 -0.673509 -0.676724 -0.297373 0 
0.110135 0.220948 0.0143132 -0.596784 -0.726874 -0.339858 0 
0.11043 0.221324 0.0141084 -0.568598 -0.738037 -0.363316 0 
0.110667 0.221435 0.0137747 -0.751661 -0.04689 0.657881 0 
0.109682 0.220948 0.0149796 -0.582821 -0.726485 -0.364059 0 
0.109319 0.220891 0.0147925 -0.575593 -0.744217 -0.33887 0 
0.109134 0.220641 0.0153871 -0.577789 -0.728375 -0.368279 0 
0.108752 0.22108 0.0153522 -0.471497 -0.757352 -0.451783 0 
0.108831 0.221118 0.015241 -0.500885 -0.75379 -0.425341 0 
0.108835 0.221386 0.015153 -0.745441 -0.652448 -0.136489 0 
0.1087 0.221219 0.0150913 -0.552388 -0.73925 -0.385197 0 
0.109039 0.2202 0.0151721 -0.598267 -0.722159 -0.347223 0 
0.108787 0.220403 0.0153309 -0.560575 -0.740351 -0.370993 0 
0.109793 0.221113 0.0141251 -0.615013 -0.721551 -0.317999 0 
0.109824 0.220618 0.0144309 -0.592518 -0.732125 -0.336031 0 
0.109304 0.221206 0.0146176 -0.525142 -0.754176 -0.394265 0 
0.109287 0.221252 0.0145306 -0.534803 -0.747416 -0.394151 0 
0.108744 0.221348 0.0148061 -0.566153 -0.730255 -0.382358 0 
0.109485 0.219528 0.0147256 -0.672719 -0.691803 -0.262408 0 
0.10891 0.222095 0.0143638 -0.905034 -0.188489 0.381294 0 
0.108863 0.222186 0.0137318 -0.893918 -0.410014 0.181102 0 
0.109268 0.224837 0.0122971 -0.719234 -0.415006 0.5572 0 
0.108999 0.224502 0.0121736 -0.512849 0.0894999 0.853801 0 
0.108671 0.224352 0.0121605 -0.691446 -0.0829735 0.717648 0 
0.110882 0.22119 0.013486 -0.554268 -0.731897 -0.396376 0 
0.110787 0.220748 0.013271 -0.534803 -0.747416 -0.394151 0 
0.110671 0.220669 0.0132523 -0.695733 -0.701796 -0.153092 0 
0.109091 0.221491 0.0136619 -0.551358 -0.71362 -0.432146 0 
0.108854 0.221379 0.0139956 -0.571625 -0.719885 -0.393713 0 
0.108489 0.221773 0.0140477 -0.529691 -0.718984 -0.449988 0 
0.108839 0.221694 0.0138207 -0.547492 -0.70059 -0.45763 0 
0.108816 0.221693 0.0129045 -0.383249 -0.751821 -0.536549 0 
0.108717 0.220982 0.0127775 -0.83804 -0.545606 -0.00135386 0 
0.108876 0.221641 0.0127503 -0.379794 -0.751437 -0.539535 0 
0.108513 0.221584 0.0125632 -0.312185 -0.763652 -0.565134 0 
0.108556 0.222164 0.0125172 -0.854037 -0.104781 0.509551 0 
0.108171 0.22175 0.0123751 -0.853962 -0.141597 0.500699 0 
0.108104 0.222203 0.0119393 -0.83084 -0.211128 0.514908 0 
0.108449 0.220972 0.0150109 -0.547027 -0.737583 -0.395896 0 
0.108527 0.22146 0.0151389 -0.832013 -0.553282 0.040416 0 
0.108185 0.221625 0.0149508 -0.873175 -0.475632 0.106485 0 
0.107839 0.223536 0.0132748 -0.85395 -0.345609 0.389004 0 
0.107958 0.223884 0.0132056 -0.86031 -0.257332 0.440053 0 
0.108091 0.223332 0.013116 -0.831579 -0.508102 0.224297 0 
0.107981 0.223206 0.0127261 -0.716388 -0.680038 -0.156 0 
0.107414 0.222811 0.0130906 -0.767968 -0.633391 -0.0950818 0 
0.108157 0.223819 0.0127859 -0.852811 -0.419441 0.311098 0 
0.107928 0.223345 0.0124652 -0.870634 -0.41639 0.261947 0 
0.107893 0.223437 0.0122913 -0.816432 -0.182603 0.547809 0 
0.107841 0.223575 0.0120304 -0.772214 -0.116644 0.624563 0 
0.106413 0.221824 0.0127689 -0.901212 -0.226399 0.369541 0 
0.107874 0.222764 0.0120531 -0.861678 -0.431602 0.266891 0 
0.1077 0.222286 0.0119494 -0.764589 0.0737127 0.640289 0 
0.107858 0.222945 0.0119221 -0.808793 -0.176876 0.560864 0 
0.107747 0.223268 0.0117715 -0.715519 -0.0679382 0.695282 0 
0.108889 0.224376 0.0117838 -0.716501 -0.139695 0.683455 0 
0.107359 0.22528 0.0115371 -0.819815 -0.49377 0.289992 0 
0.10741 0.225007 0.0118419 -0.825648 -0.46079 0.325541 0 
0.107542 0.22387 0.0115572 -0.692544 -0.064791 0.71846 0 
0.10731 0.224162 0.0117589 -0.783909 -0.241562 0.571957 0 
0.107538 0.223467 0.0116891 -0.715519 -0.0679382 0.695282 0 
0.106848 0.22443 0.0118793 -0.832869 -0.48235 0.271419 0 
0.107199 0.224486 0.0116083 -0.834278 -0.373769 0.405311 0 
0.10654 0.225088 0.0120604 -0.817341 -0.571137 0.0758653 0 
0.106713 0.223678 0.0116224 -0.775198 -0.238643 0.584908 0 
0.106563 0.223825 0.0113857 -0.821578 -0.286379 0.492947 0 
0.107319 0.224969 0.0114951 -0.836099 -0.473117 0.277666 0 
0.106318 0.223982 0.0111734 -0.842235 -0.458979 0.282805 0 
0.106322 0.224385 0.0110414 -0.843321 -0.475994 0.249476 0 
0.106116 0.224268 0.0106758 -0.848884 -0.496799 0.180518 0 
0.106134 0.225486 0.0123537 -0.801135 -0.586519 0.119068 0 
0.106387 0.225417 0.0121509 -0.817326 -0.545388 0.185825 0 
0.106274 0.225607 0.0120442 -0.821989 -0.538441 0.185513 0 
0.106042 0.225899 0.012246 -0.772748 -0.626117 0.104108 0 
0.105927 0.225369 0.0119881 -0.789971 -0.610626 0.0555115 0 
0.106318 0.225736 0.0117591 -0.817435 -0.575129 0.032029 0 
0.106168 0.224129 0.0109367 -0.840968 -0.452351 0.296904 0 
0.106173 0.224533 0.0108048 -0.838144 -0.473868 0.27012 0 
0.106217 0.224662 0.0105196 -0.820065 -0.487648 0.299488 0 
0.10638 0.225139 0.0101652 -0.808738 -0.51665 0.281095 0 
0.10602 0.225351 0.00989018 -0.834146 -0.550063 0.0403844 0 
0.106077 0.225616 0.0100191 -0.875733 -0.477546 0.0710054 0 
0.105686 0.224664 0.0100529 -0.822172 -0.555442 0.124571 0 
0.107138 0.223368 0.011372 -0.692544 -0.064791 0.71846 0 
0.106796 0.223534 0.0111839 -0.669963 -0.0440952 0.741084 0 
0.106489 0.223607 0.0111698 -0.821578 -0.286379 0.492947 0 
0.104922 0.226318 0.0125792 -0.729579 -0.652129 0.206017 0 
0.104602 0.226841 0.0123462 -0.852553 -0.466549 -0.235554 0 
0.105998 0.226068 0.00912522 -0.888599 -0.26434 0.374855 0 
0.106195 0.226319 0.00898872 -0.881158 -0.227348 0.414575 0 
0.105357 0.227659 0.0100987 -0.859778 -0.510451 -0.0148938 0 
0.105392 0.225947 0.00964295 -0.889774 -0.313596 0.331602 0 
0.105804 0.226537 0.00941299 -0.877304 -0.250444 0.409409 0 
0.105462 0.226702 0.00922487 -0.845968 -0.177549 0.502806 0 
0.104215 0.227626 0.00927652 -0.897246 -0.398615 0.189886 0 
0.10383 0.227212 0.00913437 -0.771162 -0.622001 0.135736 0 
