0.120999 0.202776 0.00832381 -0.678724 -0.715329 0.166249 2 
0.121099 0.202853 0.00850855 -0.70549 -0.693405 0.146537 2 
0.121188 0.202788 0.00870367 -0.70549 -0.693405 0.146537 2 
0.119857 0.20292 0.00801759 -0.670628 -0.719736 0.17955 2 
0.120023 0.202758 0.00794011 -0.657856 -0.731462 0.179415 2 
0.120569 0.202728 0.00814423 -0.678724 -0.715329 0.166249 2 
0.120792 0.203162 0.00849298 -0.677089 -0.727463 0.11112 2 
0.120387 0.203045 0.0083819 -0.667748 -0.733477 0.126977 2 
0.120539 0.202985 0.00870363 -0.677089 -0.727463 0.11112 2 
0.120186 0.202838 0.00825146 -0.605592 -0.768932 0.204946 2 
0.120045 0.202932 0.00839744 -0.667748 -0.733477 0.126977 2 
0.120196 0.202872 0.0087192 -0.695003 -0.712635 0.0955078 2 
0.120271 0.203017 0.00883543 -0.695003 -0.712635 0.0955078 2 
0.119726 0.203101 0.00839224 -0.879886 -0.452224 -0.145925 2 
0.120031 0.203088 0.00855762 -0.815722 -0.561086 -0.140642 2 
0.119786 0.203401 0.00866868 -0.805563 -0.592041 -0.0235707 2 
0.120686 0.203623 0.00884687 -0.803839 -0.583408 -0.116094 2 
0.118094 0.205902 0.0107703 0.219533 0.0082178 0.97557 2 
0.118029 0.205791 0.0111218 0.219533 0.0082178 0.97557 2 
0.118446 0.205539 0.0120288 0.219533 0.0082178 0.97557 2 
0.11866 0.205483 0.0124772 0.134868 -0.154665 0.978718 2 
0.118379 0.205777 0.0122911 0.205555 -0.0199682 0.978442 2 
0.118544 0.205965 0.0121243 0.219533 0.0082178 0.97557 2 
0.118439 0.206077 0.0125675 0.205555 -0.0199682 0.978442 2 
0.118085 0.205824 0.0125934 0.189859 -0.0537336 0.98034 2 
0.11806 0.205892 0.0125249 0.189859 -0.0537336 0.98034 2 
0.118811 0.20537 0.013038 -0.0825076 -0.468476 0.879615 2 
0.118542 0.205804 0.0128415 0.111356 -0.193934 0.974674 2 
0.118274 0.205837 0.0129733 0.156473 -0.126903 0.979496 2 
0.117735 0.205275 0.0124695 0.131482 -0.176561 0.975468 2 
0.117904 0.206141 0.0128311 0.0455852 -0.250103 0.967146 2 
0.118093 0.206207 0.0129719 0.0655369 -0.231234 0.970688 2 
0.118112 0.2053 0.0132293 0.173417 -0.086102 0.981078 2 
0.117755 0.205342 0.013405 0.0440725 -0.290879 0.955744 2 
0.118006 0.205869 0.0131051 0.097398 -0.186166 0.977679 2 
0.118441 0.205218 0.0134631 -0.00380553 -0.361525 0.932355 2 
0.1096 0.212655 0.0155572 0.472931 -0.0795194 0.877504 2 
0.109936 0.213306 0.0160803 0.471714 0.811603 -0.344653 2 
0.110296 0.212511 0.0163222 0.720022 0.282581 0.633811 2 
0.110054 0.212475 0.0165224 0.733795 0.485332 0.475393 2 
0.11035 0.212079 0.0163094 0.766759 0.613713 0.188246 2 
0.11022 0.21226 0.016684 0.714341 0.425953 0.55523 2 
0.110101 0.212581 0.0170483 0.682039 0.484298 0.547977 2 
0.109332 0.212687 0.015689 0.388893 -0.136183 0.911162 2 
0.109039 0.212787 0.0157524 0.637974 0.624579 0.450433 2 
0.108922 0.213162 0.0158776 0.102653 -0.268977 0.957661 2 
0.109077 0.21286 0.0158105 0.630351 0.630351 0.453117 2 
0.109571 0.212966 0.0158776 0.409309 0.817025 -0.406124 2 
0.109278 0.213066 0.0159409 0.161971 -0.364786 0.916895 2 
0.109642 0.213406 0.0161436 0.409604 0.830278 -0.377974 2 
0.109008 0.213447 0.0159834 0.288534 0.0210518 0.957238 2 
0.109335 0.213715 0.0161281 0.480437 0.850932 -0.212356 2 
0.11001 0.212941 0.017003 0.606001 0.541856 0.582369 2 
0.108766 0.213411 0.0161837 0.0792587 -0.240292 0.967459 2 
0.108966 0.213564 0.0165532 0.55837 0.675746 0.481238 2 
0.110089 0.212387 0.0172977 0.686364 0.472606 0.552765 2 
0.109792 0.213749 0.0161371 0.431162 0.835671 -0.340226 2 
0.109713 0.213793 0.0166487 0.411886 0.101238 0.905594 2 
0.109369 0.21403 0.016575 0.312177 0.102288 0.944501 2 
0.10997 0.213218 0.0168556 0.632904 0.606043 0.481813 2 
0.109827 0.213661 0.0169123 0.171222 -0.321563 0.931279 2 
0.10978 0.213045 0.0171929 0.587085 0.54648 0.597236 2 
0.109777 0.213395 0.0171036 0.602118 0.618984 0.504295 2 
0.109398 0.21321 0.0170611 0.579066 0.545301 0.606077 2 
0.109512 0.213078 0.0173247 0.589188 0.541918 0.599318 2 
0.10956 0.213693 0.0170441 0.600325 0.680147 0.420726 2 
0.109319 0.213254 0.0175727 0.556631 0.566782 0.607388 2 
0.109292 0.213725 0.0171759 0.548717 0.66618 0.505088 2 
0.109908 0.212758 0.0172963 0.606001 0.541856 0.582369 2 
0.109143 0.212926 0.0177498 0.5505 0.530298 0.644775 2 
0.0960949 0.224688 0.0216338 0.381345 0.47467 0.793262 2 
0.0958667 0.224443 0.021913 0.601878 0.500722 0.622109 2 
0.0955597 0.224752 0.0218974 0.737925 0.412515 0.534133 2 
0.095915 0.224602 0.0221998 0.579758 0.407978 0.70529 2 
0.0953075 0.224682 0.02163 0.68148 0.507343 0.527435 2 
0.0955823 0.224979 0.0221157 0.768443 0.0766996 0.635304 2 
0.0954047 0.225054 0.0219645 0.830141 0.149455 0.53715 2 
0.0955472 0.224558 0.0221468 0.743533 0.384022 0.547436 2 
0.0945707 0.224996 0.0211958 0.58064 0.724573 0.371282 2 
0.0945041 0.225234 0.021458 0.576148 0.720596 0.38574 2 
0.0952511 0.224954 0.0223599 0.852635 0.116859 0.509272 2 
0.0947542 0.226977 0.022225 0.808179 -0.12854 0.574738 2 
0.0952739 0.225691 0.0217718 0.777972 -0.39467 0.488872 2 
0.0961402 0.225143 0.0220704 0.554727 0.189975 0.810054 2 
0.0958478 0.225297 0.0218947 0.699365 -0.185985 0.690143 2 
0.0957198 0.225128 0.0223585 0.746297 -0.0982355 0.658324 2 
0.0950954 0.225203 0.0226661 0.873015 -0.0481189 0.485314 2 
0.0954623 0.225194 0.0229581 0.82084 -0.262234 0.5074 2 
0.0953044 0.225792 0.023175 0.838255 -0.165269 0.519629 2 
0.0952371 0.225977 0.0236763 0.89412 -0.132199 0.42787 2 
0.0936202 0.225724 0.0222758 0.974797 0.037261 0.21996 2 
0.0939893 0.225365 0.022657 0.917065 0.358605 0.174342 2 
0.0931545 0.225254 0.0221273 0.665173 0.746394 0.0210055 2 
0.0932927 0.22678 0.02272 0.999802 -0.0150422 0.0130365 2 
0.0935829 0.226975 0.0228065 0.999488 -0.0193581 -0.0254712 2 
0.0945325 0.225684 0.0227719 0.979514 0.163868 0.117049 2 
0.0941136 0.225776 0.022582 0.97594 0.159107 0.149085 2 
0.0938716 0.22574 0.0227823 0.974143 0.200816 0.103526 2 
0.0942606 0.226415 0.0227252 0.972885 -0.0627271 0.22262 2 
0.0939557 0.226375 0.0227989 0.991551 0.00994868 0.129333 2 
0.094414 0.226006 0.0231362 0.982292 0.0057444 0.187267 2 
0.0947519 0.226817 0.0229422 0.931279 -0.0786058 0.355725 2 
0.0943227 0.226366 0.0230909 0.983029 -0.0508667 0.176259 2 
0.0944345 0.226583 0.0232653 0.986114 -0.052515 0.157545 2 
0.0938314 0.225964 0.022874 0.988811 0.111168 0.0994662 2 
0.0934892 0.225851 0.0228895 0.986025 0.139162 0.091585 2 
0.0932588 0.225446 0.0238858 0.976724 0.213769 0.0177157 2 
0.0957131 0.224342 0.0223084 0.710072 0.447329 0.543779 2 
0.0961056 0.224265 0.0226689 0.627131 0.380229 0.679803 2 
0.0955347 0.224364 0.0223963 0.751089 0.458542 0.474978 2 
0.0958381 0.224297 0.0228006 0.78081 0.355792 0.513564 2 
0.0953154 0.224555 0.0228148 0.855952 0.293513 0.425671 2 
0.095444 0.224267 0.0229183 0.842012 0.4171 0.342116 2 
0.0964455 0.224217 0.0233705 0.645461 0.21619 0.732559 2 
0.0966107 0.223949 0.0237711 0.712814 0.265122 0.649312 2 
0.0961158 0.224299 0.0231366 0.740648 0.159035 0.6528 2 
0.0958621 0.224122 0.0233472 0.861397 0.349798 0.368289 2 
0.0961545 0.223968 0.023523 0.806167 0.467737 0.362376 2 
0.0954536 0.224757 0.0228186 0.849492 0.120116 0.513747 2 
0.0953255 0.224589 0.0232825 0.908619 0.112708 0.40213 2 
0.0952488 0.224793 0.0230771 0.905229 0.0780606 0.417693 2 
0.0956318 0.224226 0.0235372 0.854742 0.440415 0.274684 2 
0.0957085 0.224022 0.0237426 0.859796 0.418403 0.292729 2 
0.095642 0.22426 0.0240049 0.880718 0.380892 0.281529 2 
0.0955652 0.224465 0.0237994 0.915198 0.0974199 0.391052 2 
0.0954364 0.224243 0.0245024 0.929663 0.327542 0.16865 2 
0.0955588 0.225513 0.0235316 0.834584 -0.149191 0.530293 2 
0.0952049 0.225259 0.0235576 0.962954 0.257549 0.079929 2 
0.095202 0.225555 0.0237074 0.950033 -0.0289414 0.310805 2 
0.0955346 0.225178 0.0237914 0.951765 0.204433 0.228803 2 
0.0953949 0.224869 0.0242657 0.950937 0.25763 0.171304 2 
0.0958305 0.224272 0.0243847 0.91613 0.174164 0.361071 2 
0.0954862 0.224509 0.024311 0.930392 0.331392 0.156683 2 
0.0958721 0.223646 0.0246214 0.8652 0.443885 0.233228 2 
0.0959072 0.224068 0.0245902 0.915367 0.332992 0.226319 2 
0.0955504 0.22411 0.024766 0.93103 0.304726 0.20081 2 
0.0956791 0.223823 0.0248694 0.902233 0.34588 0.257571 2 
0.0955547 0.223412 0.0249445 0.800924 0.57936 0.151203 2 
0.0949013 0.224307 0.0247659 0.953174 0.276302 0.122948 2 
0.0951003 0.225372 0.0240007 0.980563 0.0911304 0.173755 2 
0.0953554 0.225146 0.0241184 0.960362 0.18626 0.207396 2 
0.0950878 0.225178 0.0242502 0.977172 0.184536 0.105272 2 
0.0951355 0.225794 0.0239696 0.960446 -0.0541274 0.273154 2 
0.0947954 0.225332 0.0240744 0.984064 0.136107 0.114426 2 
0.0948532 0.225981 0.0242616 0.997586 -0.0115876 0.0684721 2 
0.094677 0.225653 0.0244387 0.997278 0.0116085 0.0728171 2 
0.0948948 0.225355 0.0244982 0.992651 0.0941601 0.0760087 2 
0.0952537 0.224963 0.0244117 0.978745 0.186951 0.0843113 2 
0.0953305 0.224758 0.0246172 0.971993 0.203499 0.117549 2 
0.094897 0.225005 0.0245874 0.986091 0.0913707 0.138836 2 
0.0950629 0.22479 0.024749 0.977665 0.190136 0.0895478 2 
0.0946834 0.224605 0.0247064 0.968481 0.238684 0.0712302 2 
0.0942148 0.224431 0.0247078 0.960312 0.273116 0.056637 2 
0.0942499 0.224852 0.0246767 0.970831 0.234423 0.0503212 2 
0.0946645 0.225459 0.0246881 0.996406 0.0768131 0.0357018 2 
0.0943969 0.225491 0.0248199 0.994544 0.101752 0.0229763 2 
0.094092 0.225451 0.0248936 0.994137 0.0946267 0.052323 2 
0.0947186 0.225027 0.0246753 0.985181 0.13048 0.111327 2 
0.094872 0.224617 0.0250863 0.975694 0.206891 0.0722283 2 
0.0940569 0.225029 0.0249247 0.969612 0.240875 0.042795 2 
0.0953721 0.224132 0.0248538 0.942569 0.273827 0.191266 2 
0.0953369 0.22371 0.024885 0.889493 0.387575 0.242049 2 
0.0951812 0.223959 0.0251911 0.916134 0.35477 0.186646 2 
0.0954136 0.223505 0.0250905 0.852522 0.463492 0.241624 2 
0.0951855 0.22326 0.0253696 0.839995 0.42078 0.342568 2 
0.0951314 0.223693 0.0253824 0.898461 0.347839 0.26791 2 
0.0952953 0.224336 0.0246483 0.957722 0.237112 0.162932 2 
0.0951271 0.224391 0.0252039 0.96531 0.226144 0.130517 2 
0.0950254 0.224208 0.0254973 0.929945 0.309982 0.197771 2 
0.0944034 0.224443 0.0250876 0.959071 0.275654 0.064785 2 
0.094646 0.224023 0.0254547 0.903071 0.370826 0.216679 2 
0.0948785 0.223569 0.025354 0.878448 0.390254 0.275739 2 
0.0943725 0.223323 0.0252973 0.823581 0.481599 0.299627 2 
0.0944801 0.224238 0.0252931 0.918161 0.364171 0.156073 2 
0.0949743 0.224344 0.0253603 0.958071 0.231898 0.168292 2 
0.0949614 0.22644 0.0248248 0.998854 -0.0464824 0.0113624 2 
0.0957363 0.226252 0.0250781 0.997144 -0.0441024 0.061313 2 
0.0947742 0.226025 0.0247732 0.999702 -0.0151317 0.0191668 2 
0.0943634 0.2265 0.0249618 0.976777 -0.0823196 -0.197813 2 
0.0942763 0.226162 0.0250949 0.982424 -0.0461065 -0.18088 2 
0.0940253 0.225179 0.0259622 0.996372 0.0556571 -0.0643877 2 
0.0953687 0.222899 0.0274228 0.612209 0.65558 0.442058 2 
0.0951266 0.222862 0.0276231 0.646824 0.650132 0.398682 2 
0.0992433 0.226133 0.0197081 -0.680911 0.216583 0.699609 2 
0.0993061 0.226137 0.0198347 -0.655378 0.206064 0.726648 2 
0.0993924 0.226422 0.0199406 -0.582761 0.420053 0.695661 2 
0.0991768 0.226371 0.0199703 -0.538552 0.511708 0.669415 2 
0.0991248 0.226454 0.0200724 -0.538552 0.511708 0.669415 2 
0.0994026 0.226456 0.0204083 -0.422141 0.371548 0.826891 2 
0.0988038 0.225138 0.0201955 0.0275635 0.0193965 0.999432 2 
0.0995539 0.226396 0.0207301 -0.452885 0.227195 0.862136 2 
0.100296 0.22727 0.0208861 -0.801522 -0.49876 0.329851 2 
0.100396 0.227347 0.0210709 -0.801522 -0.49876 0.329851 2 
0.10033 0.227585 0.0213331 -0.428958 -0.9004 -0.072635 2 
0.100192 0.226927 0.0218966 -0.813131 -0.348485 0.466237 2 
0.10019 0.227276 0.0218074 -0.801522 -0.49876 0.329851 2 
0.100177 0.227082 0.0220568 -0.801522 -0.49876 0.329851 2 
0.0987067 0.2266 0.0196434 -0.587563 0.493283 0.641437 2 
0.0984881 0.226845 0.0198229 -0.591614 0.474296 0.651948 2 
0.0987148 0.226983 0.0200219 -0.551353 0.494375 0.672014 2 
0.0982293 0.227313 0.0200942 -0.545718 0.512135 0.663257 2 
0.098355 0.227321 0.0203474 -0.460336 0.62773 0.62773 2 
0.0989464 0.226476 0.0201603 -0.530611 0.557562 0.638417 2 
0.0988602 0.22619 0.0200544 -0.552846 0.512517 0.65703 2 
0.0987023 0.226789 0.0202713 -0.493619 0.60818 0.621657 2 
0.0989566 0.226509 0.020628 -0.432213 0.652491 0.622453 2 
0.0983346 0.226744 0.0202183 -0.471135 0.625386 0.622032 2 
0.0984347 0.226821 0.0204031 -0.463928 0.631411 0.621362 2 
0.0987761 0.22688 0.0206266 -0.435924 0.629668 0.64303 2 
0.0973621 0.225974 0.0202522 -0.381147 0.77689 0.501167 2 
0.0977709 0.227172 0.0205632 -0.338075 0.755411 0.561301 2 
0.0977562 0.227328 0.0207234 -0.333984 0.753482 0.566321 2 
0.0980443 0.226549 0.0201318 -0.394081 0.713963 0.578755 2 
0.0980896 0.227004 0.0205684 -0.405148 0.689578 0.600281 2 
0.097675 0.226397 0.020557 -0.346132 0.77437 0.529663 2 
0.0989092 0.227727 0.020691 -0.558484 0.494753 0.66582 2 
0.0986416 0.227759 0.0208228 -0.452127 0.675688 0.58226 2 
0.0989771 0.227086 0.020757 -0.528331 0.50485 0.682637 2 
0.098469 0.227189 0.020611 -0.434989 0.628317 0.644983 2 
0.0986701 0.227395 0.0207415 -0.492552 0.603503 0.627038 2 
0.0996796 0.227728 0.0215721 -0.428958 -0.9004 -0.072635 2 
0.098844 0.227563 0.0212815 -0.437684 0.453955 0.776117 2 
0.0988301 0.227772 0.0212026 -0.442537 0.724302 0.528724 2 
0.0993374 0.227616 0.0215877 -0.51459 0.578703 0.632693 2 
0.098007 0.2278 0.0206626 -0.382998 0.705177 0.596689 2 
0.0983258 0.227632 0.0206678 -0.434921 0.651548 0.621554 2 
0.0978681 0.227545 0.0208978 -0.302371 0.763128 0.571146 2 
0.0979946 0.227606 0.020912 -0.31584 0.761544 0.565947 2 
0.0984917 0.227417 0.0208293 -0.409649 0.688277 0.598718 2 
0.0981349 0.227459 0.021005 -0.369147 0.690715 0.621807 2 
0.0982723 0.227608 0.0212479 -0.407024 0.72012 0.561924 2 
0.098757 0.227224 0.0214147 -0.674573 0.705732 0.216549 2 
0.098349 0.227403 0.0214534 -0.395082 0.853687 0.339306 2 
0.0979419 0.227636 0.0212531 -0.195603 0.855576 0.479302 2 
0.0981224 0.227265 0.0212545 -0.296688 0.859318 0.416592 2 
0.0983564 0.228243 0.0212645 -0.307675 0.809423 0.50017 2 
0.0989996 0.226804 0.0217817 -0.674573 0.705732 0.216549 2 
0.099656 0.225613 0.0218104 -0.168616 0.00565824 0.985666 2 
0.0996911 0.226035 0.0217793 -0.427859 0.30429 0.851084 2 
0.0995493 0.226075 0.0221643 -0.80452 0.503023 0.315778 2 
0.0991911 0.226521 0.0220118 -0.674573 0.705732 0.216549 2 
0.099156 0.226099 0.0220429 -0.0708377 0.370227 0.926236 2 
0.0996306 0.227515 0.0215244 -0.668779 0.24076 0.703398 2 
0.099746 0.22698 0.0221163 -0.661236 0.129859 0.738853 2 
0.0993257 0.227475 0.021598 -0.626419 0.333548 0.704518 2 
0.0991889 0.22687 0.0219225 -0.492552 0.627038 0.603503 2 
0.099379 0.226989 0.0218243 -0.422141 0.371548 0.826891 2 
0.0996736 0.226486 0.0220893 -0.451419 0.412587 0.791197 2 
0.0984258 0.227199 0.0216589 -0.333227 0.684334 0.648573 2 
0.098732 0.226836 0.0219135 -0.394077 0.697466 0.598535 2 
0.0982985 0.227084 0.0218837 0.472807 -0.496033 0.728289 2 
0.0986303 0.226653 0.0222069 0.280511 0.210732 0.936432 2 
0.0981997 0.226604 0.0220273 0.509023 -0.190696 0.839363 2 
0.0989235 0.226553 0.0221436 -0.638881 0.678298 0.362963 2 
0.0990513 0.226212 0.0224861 -0.036622 0.467948 0.882997 2 
0.0987838 0.226244 0.0226178 0.257491 0.251863 0.932879 2 
0.0988571 0.227301 0.0215994 -0.463647 0.6009 0.651115 2 
0.099099 0.226827 0.0222055 -0.492552 0.627038 0.603503 2 
0.0985763 0.227085 0.0222197 0.485359 -0.525389 0.698851 2 
0.0973249 0.227226 0.0207829 -0.283349 0.818737 0.499383 2 
0.0972482 0.22743 0.0205774 -0.32219 0.777424 0.54019 2 
0.0972517 0.226678 0.020995 -0.273704 0.8086 0.520819 2 
0.097134 0.227053 0.0211202 -0.250878 0.902281 0.350642 2 
0.0971691 0.227475 0.0210891 -0.187198 0.935989 0.29813 2 
0.0975646 0.227102 0.0212997 -0.216541 0.888261 0.405094 2 
0.0976647 0.227178 0.0214845 -0.266837 0.911328 0.313497 2 
0.0973737 0.226929 0.021637 0.0350802 0.795618 0.604782 2 
0.0979066 0.226705 0.0220906 0.557554 -0.227037 0.798491 2 
0.0982779 0.225997 0.0225611 0.544329 -0.0576679 0.836888 2 
0.0980024 0.22748 0.0220968 0.470406 -0.560804 0.681335 2 
0.0995861 0.228438 0.0214376 -0.151338 -0.959354 -0.238194 2 
0.0993726 0.228037 0.0215566 -0.2387 -0.958757 -0.154298 2 
0.0994878 0.225668 0.022366 0.015557 0.240535 0.970516 2 
0.0992838 0.225758 0.0223854 0.104825 0.306513 0.946077 2 
0.099332 0.225917 0.0226722 -0.245249 0.576414 0.779487 2 
0.0991281 0.226007 0.0226915 -0.036622 0.467948 0.882997 2 
0.0990644 0.225949 0.022804 -0.036622 0.467948 0.882997 2 
0.098481 0.225854 0.0227808 0.497074 0.0397112 0.866799 2 
0.0988232 0.225967 0.0227652 0.273352 0.27049 0.9231 2 
0.108567 0.211836 0.0177553 0.573823 0.460062 0.677547 1 
0.108031 0.2119 0.0180189 0.528261 0.478268 0.70157 1 
0.108054 0.209838 0.0190221 0.235132 0.420842 0.876131 1 
0.108363 0.209126 0.019366 0.507911 0.384585 0.770792 1 
0.108235 0.209467 0.0190235 0.507911 0.384585 0.770792 1 
0.108095 0.209158 0.0194978 0.507911 0.384585 0.770792 1 
0.10822 0.209569 0.0194227 0.507911 0.384585 0.770792 1 
0.107828 0.20919 0.0196296 0.507911 0.384585 0.770792 1 
0.107882 0.208758 0.0196168 0.447994 0.396611 0.80125 1 
0.107614 0.20879 0.0197485 0.480053 0.364455 0.797948 1 
0.107691 0.208585 0.019954 0.480053 0.364455 0.797948 1 
0.108241 0.210709 0.0185063 0.353858 0.525132 0.773964 1 
0.107971 0.211091 0.0185489 0.367816 0.526608 0.766417 1 
0.108264 0.210937 0.0187246 0.239516 0.523845 0.817446 1 
0.10768 0.210842 0.0187014 0.167051 0.489327 0.855952 1 
0.108125 0.210681 0.0189599 0.329757 0.397875 0.856128 1 
0.108064 0.209818 0.0197289 0.507911 0.384585 0.770792 1 
0.0957321 0.227461 0.0240932 0.7874 -0.070278 0.612423 1 
0.0959105 0.227439 0.0240053 0.718218 -0.0708102 0.692206 1 
0.0954957 0.230956 0.0229914 0.900661 0.152727 -0.406796 1 
0.0955022 0.229908 0.0232592 0.87016 -0.0340438 -0.491593 1 
0.0957448 0.229488 0.0236262 0.956407 -0.0135399 -0.291723 1 
0.0958024 0.228304 0.0240309 0.791075 -0.0467003 0.609934 1 
0.0958791 0.228099 0.0242364 0.805498 -0.067006 0.588798 1 
0.0958645 0.228255 0.0243966 0.968699 -0.076246 -0.236238 1 
0.0958922 0.227837 0.0245544 0.994883 -0.0914455 0.0429684 1 
0.0960882 0.228689 0.0247453 0.96807 -0.0687018 -0.241081 1 
0.096393 0.228729 0.0246717 0.990313 -0.0397944 -0.133027 1 
0.0965049 0.228946 0.024846 0.998136 0.00103434 -0.0610259 1 
0.0961254 0.228761 0.0248035 0.984774 -0.0407895 -0.168985 1 
0.0962351 0.229327 0.0248886 0.930132 -0.0567314 -0.362817 1 
0.0938428 0.230228 0.0218611 0.895997 0.0252956 -0.443339 1 
0.0939196 0.230023 0.0220666 0.865804 -0.020324 -0.499971 1 
0.0957175 0.227616 0.0242534 0.822807 -0.0755784 0.563273 1 
0.0951056 0.227885 0.0243115 0.930253 -0.0899379 -0.355725 1 
0.0956078 0.22705 0.0241682 0.852031 -0.0486478 0.521226 1 
0.0955317 0.226798 0.0245301 0.931229 -0.059272 0.359583 1 
0.0953753 0.227503 0.0242689 0.984584 -0.065165 0.16232 1 
0.0950711 0.227007 0.0249099 0.992462 -0.0623833 -0.105485 1 
0.0951845 0.227331 0.0246062 0.992136 -0.0670516 -0.105691 1 
0.0953504 0.227115 0.0247678 0.997068 -0.0507716 -0.0572531 1 
0.0945893 0.227095 0.0245934 0.982218 -0.0707581 -0.173897 1 
0.0948035 0.227039 0.0250417 0.957875 -0.102398 -0.268309 1 
0.0943576 0.230911 0.0220573 0.923722 0.145851 -0.354209 1 
0.094712 0.230708 0.0225987 0.899723 0.155914 -0.407664 1 
0.0948655 0.230299 0.0230097 0.873858 0.0312578 -0.485175 1 
0.094486 0.230114 0.0229671 0.838099 -0.0346322 -0.544418 1 
0.0946726 0.230985 0.0224514 0.910451 0.17866 -0.373042 1 
0.0951703 0.230339 0.0229361 0.893366 0.0817188 -0.441835 1 
0.0950936 0.230544 0.0227306 0.899738 0.134606 -0.415155 1 
0.0954254 0.230113 0.0230537 0.89931 0.0388673 -0.435582 1 
0.0951579 0.230145 0.0231855 0.872386 0.00399566 -0.488802 1 
0.0948903 0.230177 0.0233173 0.874622 -0.00934711 -0.484714 1 
0.0950767 0.230539 0.0236079 0.907797 0.092295 -0.409129 1 
0.0948684 0.231327 0.0234487 0.899723 0.155914 -0.407664 1 
0.0949845 0.230845 0.0238016 0.909103 0.112423 -0.401115 1 
0.0950453 0.231199 0.023839 0.900661 0.152727 -0.406796 1 
0.0952455 0.231352 0.0242084 0.899723 0.155914 -0.407664 1 
0.0952565 0.231439 0.0244371 0.899723 0.155914 -0.407664 1 
0.0954559 0.22889 0.023868 0.95283 -0.0575535 -0.297999 1 
0.0955553 0.228913 0.0242918 0.864677 -0.0979684 -0.492682 1 
0.0953238 0.22993 0.023347 0.87016 -0.0340438 -0.491593 1 
0.095475 0.22987 0.0236688 0.873667 -0.0480037 -0.484151 1 
0.0956534 0.229848 0.0235809 0.897572 -0.025265 -0.440143 1 
0.095589 0.229737 0.0239324 0.896244 -0.0362797 -0.442075 1 
0.0954977 0.230097 0.023887 0.894158 -0.00393902 -0.447735 1 
0.0951307 0.230106 0.023595 0.903359 0.00391064 -0.428867 1 
0.0950415 0.230117 0.023639 0.875269 -0.0257034 -0.482953 1 
0.0951907 0.230406 0.0238715 0.898706 0.0198536 -0.438103 1 
0.0952447 0.229974 0.0238587 0.897572 -0.025265 -0.440143 1 
0.095396 0.229914 0.0241804 0.892387 -0.0391516 -0.449569 1 
0.0956658 0.229533 0.0241379 0.872206 -0.0915886 -0.480488 1 
0.0953484 0.229298 0.024461 0.873175 -0.106485 -0.475632 1 
0.095472 0.229656 0.024625 0.87697 -0.0855922 -0.472862 1 
0.0946182 0.230398 0.024077 0.89729 -0.00130991 -0.44144 1 
0.0956094 0.228481 0.024279 0.918162 -0.0797814 -0.388089 1 
0.0956094 0.228481 0.024279 0.918162 -0.0797814 -0.388089 1 
0.0957212 0.228698 0.0244534 0.876195 -0.100501 -0.471362 1 
0.0957117 0.228208 0.024553 0.891663 -0.0962828 -0.442343 1 
0.0953418 0.228513 0.0244108 0.867797 -0.104022 -0.485909 1 
0.0957013 0.227664 0.0248916 0.898266 -0.107568 -0.426083 1 
0.0958331 0.228915 0.0246277 0.893327 -0.0961616 -0.438998 1 
0.0954397 0.228938 0.0245063 0.864673 -0.103989 -0.491453 1 
0.095381 0.227726 0.0253645 0.90078 -0.143274 -0.409961 1 
0.0950868 0.230572 0.0240756 0.898698 0.0416437 -0.436587 1 
0.0953931 0.23021 0.0243302 0.894464 -0.0226615 -0.446565 1 
0.0954187 0.230142 0.0243987 0.894464 -0.0226615 -0.446565 1 
0.0952754 0.230585 0.0244554 0.898698 0.0416437 -0.436587 1 
0.0953617 0.23087 0.0245613 0.907797 0.092295 -0.409129 1 
0.0954054 0.229894 0.0248872 0.873386 -0.0917125 -0.478316 1 
0.0955758 0.230814 0.0250097 0.92351 0.102309 -0.369677 1 
0.0955151 0.230461 0.0249723 0.89729 -0.00130991 -0.44144 1 
0.0951167 0.23113 0.0249114 0.908563 0.11863 -0.400549 1 
0.0948802 0.226834 0.0252472 0.950412 -0.103849 -0.293142 1 
0.0947303 0.226491 0.0252538 0.964132 -0.07708 -0.253985 1 
0.0954217 0.224906 0.0161166 -0.916201 0.399773 0.0275253 1 
0.0965745 0.228614 0.0136865 -0.821621 0.54725 -0.159552 1 
0.0969912 0.228872 0.0137872 -0.762432 0.634617 -0.126329 1 
0.0966885 0.228482 0.0139501 -0.829257 0.545525 -0.12139 1 
0.0974642 0.228347 0.0139643 -0.829257 0.545525 -0.12139 1 
0.0972339 0.228452 0.0141542 -0.829257 0.545525 -0.12139 1 
0.0964369 0.227956 0.01425 -0.875977 0.4576 -0.152533 1 
0.0967754 0.228311 0.0146233 -0.889139 0.430879 -0.154194 1 
0.0963959 0.228126 0.0145807 -0.888033 0.433222 -0.154002 1 
0.0972083 0.22852 0.0140858 -0.829257 0.545525 -0.12139 1 
0.0968003 0.228699 0.0141245 -0.83303 0.535203 -0.140067 1 
0.097092 0.228492 0.0145393 -0.86392 0.475377 -0.166308 1 
0.09704 0.228575 0.0146413 -0.86392 0.475377 -0.166308 1 
0.097206 0.22836 0.0148029 -0.860546 0.494418 -0.122523 1 
0.0969384 0.228392 0.0149347 -0.897025 0.417851 -0.144037 1 
0.0968082 0.228572 0.0153093 -0.903593 0.405839 -0.137165 1 
0.0970151 0.228187 0.0151402 -0.88735 0.441532 -0.132888 1 
0.096822 0.228364 0.0153882 -0.891531 0.432214 -0.135513 1 
0.0961217 0.227372 0.0146624 -0.888676 0.435006 -0.145002 1 
0.0961803 0.228075 0.0146105 -0.882062 0.446083 -0.151582 1 
0.0965216 0.228134 0.014834 -0.882685 0.447822 -0.142554 1 
0.095235 0.227343 0.0142347 -0.892919 0.406402 -0.193733 1 
0.0952428 0.227217 0.0154196 -0.905936 0.404661 -0.124619 1 
0.0959871 0.227742 0.0156649 -0.905813 0.399914 -0.139899 1 
0.0953672 0.227628 0.0153445 -0.897951 0.419987 -0.131511 1 
0.0964953 0.228149 0.0150045 -0.887564 0.43733 -0.144821 1 
0.0963936 0.227966 0.0152979 -0.90078 0.409961 -0.143274 1 
0.0965691 0.22824 0.0153598 -0.891531 0.432214 -0.135513 1 
0.0966853 0.227759 0.0157127 -0.905813 0.399914 -0.139899 1 
0.0966714 0.227967 0.0156338 -0.90078 0.409961 -0.143274 1 
0.0962028 0.227793 0.0156352 -0.905813 0.399914 -0.139899 1 
0.0962539 0.227657 0.0157722 -0.911637 0.387901 -0.135835 1 
0.0961757 0.227754 0.0160448 -0.911637 0.387901 -0.135835 1 
0.0962209 0.22821 0.0164814 -0.911637 0.387901 -0.135835 1 
0.0957129 0.228312 0.0163354 -0.911637 0.387901 -0.135835 1 
0.0957896 0.228108 0.0165408 -0.911637 0.387901 -0.135835 1 
0.0962934 0.228704 0.0165084 -0.898677 0.417496 -0.134448 1 
0.0965939 0.229443 0.0162562 -0.455891 -0.865446 -0.207767 1 
0.0959504 0.225889 0.0155853 -0.868277 0.493996 -0.0454091 1 
0.0962188 0.227235 0.0158033 -0.911637 0.387901 -0.135835 1 
0.0955622 0.226592 0.0159921 -0.905936 0.404661 -0.124619 1 
0.0955206 0.227219 0.0157555 -0.911637 0.387901 -0.135835 1 
0.095674 0.226809 0.0161665 -0.911637 0.387901 -0.135835 1 
0.0955745 0.226277 0.0165491 -0.9128 0.393567 -0.109094 1 
0.0956906 0.225795 0.016902 -0.921355 0.378583 -0.0882004 1 
0.0962867 0.227918 0.0164582 -0.911637 0.387901 -0.135835 1 
0.0961214 0.227677 0.016864 -0.911637 0.387901 -0.135835 1 
0.0964306 0.227019 0.0169688 -0.875899 0.481812 0.0256427 1 
0.0961565 0.228099 0.0168328 -0.911637 0.387901 -0.135835 1 
0.096538 0.227425 0.0177711 -0.661773 0.671529 0.333325 1 
0.0961191 0.227517 0.0175811 -0.7896 0.558192 0.254861 1 
0.0963391 0.226869 0.0177299 -0.765117 0.54189 0.34778 1 
0.0965598 0.227599 0.0182284 -0.573949 0.721958 0.38647 1 
0.0965474 0.227405 0.0184778 -0.664643 0.61467 0.424772 1 
0.0947885 0.225868 0.0168735 -0.923808 0.382221 -0.0220263 1 
0.0949896 0.226074 0.017004 -0.928799 0.363791 -0.0706261 1 
0.0949004 0.226085 0.0170479 -0.930941 0.358869 -0.0675363 1 
0.0950122 0.226302 0.0172223 -0.914262 0.403545 -0.0357237 1 
0.0951877 0.226576 0.0172842 -0.929058 0.35733 -0.0957375 1 
0.0948426 0.225436 0.0168607 -0.923845 0.381787 0.0273635 1 
0.0952564 0.225989 0.0171112 -0.928799 0.363791 -0.0706261 1 
0.0954311 0.22621 0.0174122 -0.943866 0.329785 -0.0189531 1 
0.0955576 0.226272 0.0174264 -0.942514 0.332877 -0.029334 1 
0.0953932 0.227918 0.0173756 -0.91911 0.376188 -0.117128 1 
0.0955386 0.227126 0.0174081 -0.927696 0.367628 -0.0650317 1 
0.0959159 0.22766 0.0173614 -0.909078 0.408744 -0.0806551 1 
0.0956629 0.227537 0.017333 -0.91911 0.376188 -0.117128 1 
0.0957726 0.228103 0.0174182 -0.912327 0.402617 -0.0745587 1 
0.0955423 0.228207 0.0176081 -0.903984 0.422766 -0.0638906 1 
0.0958259 0.227617 0.0176444 -0.856277 0.492029 0.157155 1 
0.0956195 0.225713 0.0185985 -0.740196 0.574262 0.349763 1 
0.0961562 0.22708 0.0184456 -0.789792 0.405394 0.460308 1 
0.0962798 0.227437 0.0186096 -0.71538 0.526161 0.459768 1 
0.0956993 0.227046 0.0184366 -0.830278 0.377974 0.409604 1 
0.0956679 0.227706 0.0186677 -0.797199 0.436446 0.41712 1 
0.0954389 0.226083 0.0185971 -0.785874 0.530824 0.317219 1 
0.0959796 0.229042 0.0178378 -0.904878 0.419001 -0.0750653 1 
0.0958026 0.22866 0.018254 -0.816831 0.53071 0.226128 1 
0.0961242 0.228196 0.0181094 -0.726088 0.613391 0.310721 1 
0.0962609 0.228291 0.0185913 -0.726136 0.561479 0.396822 1 
0.095703 0.228127 0.0186366 -0.798118 0.443399 0.407927 1 
0.0960057 0.228517 0.0184737 -0.760878 0.52626 0.379624 1 
0.0959868 0.229371 0.0184554 -0.867324 0.444897 0.223197 1 
0.0953339 0.228486 0.0182553 -0.911684 0.405042 0.0690875 1 
0.0957382 0.228549 0.0186055 -0.825887 0.423247 0.372521 1 
0.0963149 0.227859 0.0185785 -0.716256 0.550839 0.428431 1 
0.108419 0.212114 0.0319564 -0.715937 -0.11117 0.689257 1 
0.108703 0.211524 0.0319927 -0.72515 -0.0738177 0.684623 1 
0.108751 0.211683 0.0322795 -0.72515 -0.0738177 0.684623 1 
0.104179 0.21368 0.0291136 -0.168079 0.785885 0.595092 1 
0.104413 0.214604 0.0293627 -0.0203638 0.862069 0.506381 1 
0.104145 0.214636 0.0294945 -0.105085 0.847881 0.519669 1 
0.10741 0.214125 0.0301018 -0.619173 -0.286388 0.731168 1 
0.107069 0.213609 0.0304456 -0.619173 -0.286388 0.731168 1 
0.106502 0.214333 0.0309403 -0.604981 -0.257472 0.753462 1 
0.104245 0.214713 0.0296793 0.0530674 0.893982 0.44495 1 
0.104485 0.214589 0.0301961 0.0343743 0.851108 0.523864 1 
0.104657 0.215106 0.0306469 0.0314183 0.864687 0.501327 1 
0.10619 0.21391 0.0306355 -0.594231 -0.243023 0.7667 1 
0.105997 0.214087 0.0308836 -0.594867 -0.271259 0.756671 1 
0.106184 0.214502 0.0309351 -0.588875 -0.288852 0.754845 1 
0.105916 0.214534 0.0310669 -0.590473 -0.310521 0.744929 1 
0.105082 0.213966 0.0311046 -0.615013 -0.317999 0.721551 1 
0.105573 0.214368 0.0313215 -0.590473 -0.310521 0.744929 1 
0.105683 0.215444 0.0306003 -0.608747 -0.35415 0.709933 1 
0.105783 0.21552 0.030785 -0.603021 -0.336456 0.7233 1 
0.105733 0.2152 0.0312153 -0.606486 -0.310482 0.731966 1 
0.106409 0.214533 0.0316122 -0.620811 -0.279285 0.732525 1 
0.106028 0.214751 0.0312413 -0.590473 -0.310521 0.744929 1 
0.105923 0.214863 0.0316845 -0.599283 -0.324679 0.73174 1 
0.105516 0.215552 0.0309168 -0.605283 -0.365795 0.706984 1 
0.107222 0.2132 0.0308566 -0.606272 -0.161773 0.778629 1 
0.107772 0.212471 0.0312392 -0.635214 -0.561078 -0.530749 1 
0.107229 0.212152 0.0311244 -0.635214 -0.561078 -0.530749 1 
0.107402 0.212776 0.031097 -0.671013 -0.583998 -0.456824 1 
0.107376 0.212791 0.0312676 -0.671013 -0.583998 -0.456824 1 
0.107628 0.21286 0.031535 -0.648885 -0.557873 -0.517423 1 
0.107779 0.2128 0.0318568 -0.642684 -0.558342 -0.524606 1 
0.10679 0.213501 0.0305878 -0.607381 -0.222137 0.762721 1 
0.106932 0.213004 0.0307701 -0.605973 -0.164716 0.778245 1 
0.107009 0.2128 0.0309756 -0.606772 -0.138648 0.782691 1 
0.10654 0.212625 0.030977 -0.586932 -0.125666 0.799824 1 
0.106611 0.213469 0.0309147 -0.592825 -0.171328 0.786896 1 
0.106624 0.21326 0.0309936 -0.592825 -0.171328 0.786896 1 
0.106575 0.213047 0.0309458 -0.592825 -0.171328 0.786896 1 
0.107198 0.212812 0.0313555 -0.692227 -0.59971 -0.401459 1 
0.107162 0.21239 0.0313866 -0.645793 -0.558114 -0.521019 1 
0.107007 0.212639 0.0316928 -0.692227 -0.59971 -0.401459 1 
0.106591 0.212489 0.031114 -0.587694 -0.122252 0.799794 1 
0.106687 0.213264 0.0311202 -0.592825 -0.171328 0.786896 1 
0.106621 0.213502 0.0313824 -0.592825 -0.171328 0.786896 1 
0.107172 0.21288 0.031287 -0.692227 -0.59971 -0.401459 1 
0.107386 0.212824 0.0317353 -0.648885 -0.557873 -0.517423 1 
0.10776 0.212277 0.0314887 -0.635214 -0.561078 -0.530749 1 
0.107737 0.21154 0.0320768 -0.715937 -0.11117 0.689257 1 
0.107814 0.211335 0.0322823 -0.739725 -0.117111 0.66264 1 
0.107836 0.211563 0.0325005 -0.7205 -0.108001 0.684993 1 
0.108253 0.212329 0.0317949 -0.723133 -0.199752 0.661194 1 
0.107886 0.212338 0.0315029 -0.642399 -0.568211 -0.514256 1 
0.108075 0.212351 0.0318827 -0.642399 -0.568211 -0.514256 1 
0.108149 0.212495 0.031999 -0.642399 -0.568211 -0.514256 1 
0.107769 0.212257 0.0321954 -0.642399 -0.568211 -0.514256 1 
0.108458 0.211784 0.0323428 -0.739725 -0.117111 0.66264 1 
0.10686 0.212001 0.0315495 -0.635214 -0.561078 -0.530749 1 
0.107614 0.21256 0.0322625 -0.635214 -0.561078 -0.530749 1 
0.107649 0.212981 0.0322314 -0.645793 -0.558114 -0.521019 1 
0.106717 0.214277 0.0313887 -0.619173 -0.286388 0.731168 1 
0.10688 0.214358 0.0317001 -0.61649 -0.275588 0.737558 1 
0.106931 0.214221 0.0318371 -0.624544 -0.285917 0.726771 1 
0.1065 0.214173 0.0316575 -0.619173 -0.286388 0.731168 1 
0.106612 0.21439 0.0318319 -0.61649 -0.275588 0.737558 1 
0.107752 0.209604 0.0318951 -0.532435 0.155726 0.832023 1 
0.108164 0.210506 0.0320563 -0.52449 0.152176 0.837707 1 
0.107996 0.210615 0.0323729 -0.52449 0.152176 0.837707 1 
0.107498 0.210751 0.0326946 -0.533752 0.156111 0.831107 1 
0.10322 0.214482 0.0292478 -0.753476 0.185684 0.63071 1 
0.103297 0.214277 0.0294533 -0.740918 0.120269 0.660739 1 
0.103989 0.214885 0.0298007 0.0276361 0.911991 0.409277 1 
0.104141 0.214825 0.0301224 -0.0690448 0.849674 0.522768 1 
0.104208 0.215508 0.0307773 -0.175594 0.823939 0.538787 1 
0.101998 0.222457 0.0125367 -0.897457 0.41366 0.153155 1 
0.102496 0.224611 0.0114301 -0.745593 0.587778 0.314019 1 
0.102572 0.224406 0.0116356 -0.776308 0.545817 0.315325 1 
0.101915 0.224219 0.0112571 -0.776308 0.545817 0.315325 1 
0.101759 0.224468 0.0115632 -0.776308 0.545817 0.315325 1 
0.10196 0.224675 0.0116937 -0.776308 0.545817 0.315325 1 
0.102356 0.224302 0.0119043 -0.771592 0.55022 0.319224 1 
0.102544 0.224314 0.0122842 -0.847625 0.499041 0.180251 1 
0.102188 0.224357 0.0124599 -0.847625 0.499041 0.180251 1 
0.102465 0.224358 0.0127959 -0.893601 0.443369 0.0700056 1 
0.101638 0.223305 0.0120558 -0.761875 0.527952 0.375252 1 
0.101514 0.222385 0.0129373 -0.901606 0.399917 0.164841 1 
0.100842 0.222353 0.0127189 -0.897457 0.41366 0.153155 1 
0.100944 0.22208 0.0129929 -0.910149 0.38195 0.160447 1 
0.101056 0.222297 0.0131673 -0.915074 0.375307 0.147593 1 
0.1006 0.222317 0.0129192 -0.905849 0.395512 0.151684 1 
0.100712 0.222534 0.0130936 -0.911442 0.386204 0.141842 1 
0.101734 0.22408 0.0120621 -0.848884 0.496799 0.180518 1 
0.101699 0.223149 0.0128996 -0.897714 0.410915 0.158926 1 
0.102016 0.22333 0.0128155 -0.903392 0.404186 0.143238 1 
0.102198 0.22439 0.0129276 -0.907025 0.416228 0.0637222 1 
0.101432 0.221401 0.0130099 -0.896179 0.399431 0.19318 1 
0.100756 0.221558 0.0134195 -0.923045 0.353299 0.152212 1 
0.10082 0.22116 0.0138744 -0.944664 0.269318 0.187292 1 
0.10117 0.222165 0.0134309 -0.915262 0.372572 0.153247 1 
0.10173 0.22147 0.0142813 -0.918844 0.357093 0.167961 1 
0.101297 0.219427 0.0150364 -0.935218 0.100633 0.33947 1 
0.101367 0.220727 0.0144068 -0.94698 0.257524 0.192121 1 
0.101705 0.221082 0.0147801 -0.942269 0.270988 0.196707 1 
0.101247 0.220941 0.0152492 -0.942864 0.255388 0.213974 1 
0.101339 0.220178 0.0156228 -0.949647 0.0471637 0.309751 1 
0.101536 0.222917 0.0153572 -0.860615 0.441691 0.253479 1 
0.10197 0.221346 0.0147981 -0.905233 0.354222 0.23469 1 
0.101651 0.221514 0.0147929 -0.925887 0.334776 0.175092 1 
0.101903 0.221584 0.0150603 -0.869201 0.417156 0.265463 1 
0.10148 0.221865 0.0154983 -0.868135 0.415063 0.272147 1 
0.10175 0.221484 0.0154557 -0.878053 0.388399 0.279587 1 
0.101812 0.221434 0.0158214 -0.878053 0.388399 0.279587 1 
0.101888 0.22123 0.0160269 -0.896709 0.1962 0.396761 1 
0.101949 0.221583 0.0160643 -0.888334 0.320161 0.32918 1 
0.101899 0.221263 0.0164946 -0.880826 0.358072 0.309725 1 
0.101971 0.221757 0.0165216 -0.873648 0.43608 0.215807 1 
0.100592 0.220915 0.0141535 -0.94698 0.257524 0.192121 1 
0.100704 0.221132 0.0143279 -0.94698 0.257524 0.192121 1 
0.100767 0.22068 0.0150218 -0.952116 0.20933 0.222836 1 
0.101234 0.220747 0.0154986 -0.95525 0.147473 0.256416 1 
0.100552 0.220173 0.0156189 -0.938011 0.32172 0.12896 1 
0.101169 0.221092 0.0152827 -0.942864 0.255388 0.213974 1 
0.10164 0.222241 0.0159594 -0.868135 0.415063 0.272147 1 
0.10259 0.224313 0.0132881 -0.890972 0.43047 0.144443 1 
0.104501 0.22299 0.0168054 -0.441338 -0.222913 0.869212 1 
0.102539 0.222464 0.0161377 -0.872862 0.403907 0.273809 1 
0.101815 0.222516 0.0160214 -0.868135 0.415063 0.272147 1 
0.102383 0.222713 0.0164438 -0.857493 0.411042 0.309436 1 
0.102642 0.223569 0.0167614 -0.859066 0.402543 0.316173 1 
0.101685 0.223153 0.0158287 -0.849666 0.457748 0.261789 1 
0.101644 0.223323 0.0161594 -0.843541 0.450404 0.292531 1 
0.101417 0.223185 0.0159605 -0.849666 0.457748 0.261789 1 
0.10188 0.222117 0.0164763 -0.864773 0.464278 0.191348 1 
0.101992 0.222334 0.0166507 -0.862943 0.463515 0.201204 1 
0.101329 0.222739 0.0165718 -0.869593 0.268618 0.414309 1 
0.101943 0.222121 0.0166029 -0.851431 0.496051 0.170286 1 
0.102106 0.222202 0.0169143 -0.868635 0.474196 0.143564 1 
0.102257 0.222142 0.017236 -0.857493 0.411042 0.309436 1 
0.101962 0.222645 0.016971 -0.820769 0.565801 0.0787824 1 
0.104327 0.222313 0.0170718 -0.713849 0.165905 0.680364 1 
0.103225 0.216331 0.0253944 -0.991695 0.128492 0.00549112 1 
0.102966 0.215476 0.0250767 -0.990081 0.140492 -0.00110624 1 
0.102806 0.215914 0.0260108 -0.994865 0.0789223 0.0633601 1 
0.102576 0.216018 0.0262007 -0.993234 0.0935737 0.0687711 1 
0.10258 0.215319 0.0263792 -0.992478 -0.0210224 0.120602 1 
0.102885 0.21536 0.0263055 -0.988476 -0.0471799 0.143841 1 
0.10292 0.215781 0.0262744 -0.995925 0.0603924 0.0669806 1 
0.10352 0.217152 0.0262482 -0.99415 0.107564 0.00977853 1 
0.103733 0.216024 0.0285484 -0.737304 0.405599 0.540252 1 
0.102871 0.214549 0.0278395 -0.951236 -0.137416 0.276165 1 
0.102495 0.215902 0.0274295 -0.965809 -0.159885 0.204081 1 
0.102376 0.216733 0.0269874 -0.994363 0.0727037 0.0771778 1 
0.102858 0.216645 0.027304 -0.973619 -0.142696 0.178055 1 
0.102115 0.215717 0.027387 -0.965809 -0.159885 0.204081 1 
0.102342 0.215855 0.0275859 -0.964507 -0.138899 0.224576 1 
0.103261 0.214768 0.0283497 -0.883676 0.139377 0.446867 1 
0.102993 0.2148 0.0284816 -0.909612 0.0606408 0.41101 1 
0.102987 0.215848 0.0282138 -0.94244 -0.0318823 0.332851 1 
0.102088 0.215678 0.0277965 -0.953852 -0.114462 0.277604 1 
0.102863 0.217324 0.0278322 -0.960349 0.00608586 0.278733 1 
0.102765 0.214555 0.0287607 -0.88612 -0.0647708 0.458908 1 
0.103673 0.215214 0.0290783 -0.667846 0.399382 0.628073 1 
0.102123 0.210345 0.0182379 -0.984394 0.166227 0.0577668 1 
0.101709 0.209739 0.0182265 -0.984394 0.166227 0.0577668 1 
0.102172 0.210049 0.0190921 -0.984394 0.166227 0.0577668 1 
0.102071 0.209919 0.0191464 -0.984394 0.166227 0.0577668 1 
0.102067 0.210617 0.0189679 -0.984394 0.166227 0.0577668 1 
0.10214 0.207497 0.0191909 -0.992091 0.124701 0.0143461 1 
0.101955 0.208567 0.0190111 -0.984394 0.166227 0.0577668 1 
0.102124 0.208055 0.0190228 -0.992091 0.124701 0.0143461 1 
0.101907 0.207951 0.0192916 -0.992091 0.124701 0.0143461 1 
0.101984 0.207746 0.0194971 -0.992091 0.124701 0.0143461 1 
0.101771 0.207346 0.0196161 -0.992091 0.124701 0.0143461 1 
0.101937 0.208964 0.0195601 -0.984394 0.166227 0.0577668 1 
0.102843 0.209973 0.0197885 -0.984394 0.166227 0.0577668 1 
0.102058 0.209671 0.0196348 -0.984394 0.166227 0.0577668 1 
0.102313 0.209445 0.0197525 -0.984394 0.166227 0.0577668 1 
0.101967 0.210031 0.0195895 -0.984394 0.166227 0.0577668 1 
0.101446 0.20994 0.0196929 -0.984394 0.166227 0.0577668 1 
0.101459 0.207844 0.0202284 -0.992091 0.124701 0.0143461 1 
0.101669 0.208997 0.0196919 -0.984394 0.166227 0.0577668 1 
0.101863 0.208417 0.0197721 -0.984394 0.166227 0.0577668 1 
0.101797 0.208655 0.0200344 -0.984394 0.166227 0.0577668 1 
0.101673 0.208244 0.0201094 -0.990686 0.132167 0.0327593 1 
0.102203 0.210659 0.0196888 -0.984394 0.166227 0.0577668 1 
0.102868 0.211739 0.0196394 -0.130517 -0.226144 0.96531 1 
0.102802 0.210197 0.0198802 -0.984394 0.166227 0.0577668 1 
0.101935 0.210691 0.0198206 -0.984394 0.166227 0.0577668 1 
0.102435 0.21153 0.020177 -0.566943 -0.134705 0.812668 1 
0.102261 0.214825 0.0222098 -0.930297 0.270452 0.247796 1 
0.103122 0.215378 0.0220016 -0.939427 0.206757 0.273364 1 
0.103348 0.215463 0.0224396 -0.943484 0.243791 0.224508 1 
0.102777 0.215105 0.0227343 -0.960831 0.207497 0.183708 1 
0.103008 0.214491 0.0233508 -0.9811 0.160055 0.10874 1 
0.102785 0.215488 0.0231128 -0.9811 0.160055 0.10874 1 
0.103308 0.21523 0.0230986 -0.9811 0.160055 0.10874 1 
0.103117 0.215057 0.0234359 -0.976318 0.182826 0.115666 1 
0.103152 0.215479 0.0234048 -0.976318 0.182826 0.115666 1 
0.103027 0.215015 0.0237189 -0.976318 0.182826 0.115666 1 
0.101152 0.214469 0.0209554 -0.997353 0.00525476 0.0725157 1 
0.101994 0.214857 0.0223416 -0.930297 0.270452 0.247796 1 
0.101826 0.214912 0.0228972 -0.975119 0.174442 0.136793 1 
0.102001 0.215186 0.0229592 -0.9811 0.160055 0.10874 1 
0.102866 0.214531 0.0237358 -0.9811 0.160055 0.10874 1 
0.102219 0.214378 0.023825 -0.9811 0.160055 0.10874 1 
0.102773 0.215294 0.0233622 -0.976318 0.182826 0.115666 1 
0.102445 0.214973 0.0234567 -0.9811 0.160055 0.10874 1 
0.102872 0.215264 0.0240251 -0.97316 0.226626 -0.0399929 1 
0.101736 0.214869 0.0231802 -0.9811 0.160055 0.10874 1 
0.101705 0.215583 0.0231723 -0.9811 0.160055 0.10874 1 
0.102798 0.213392 0.0236483 -0.975352 0.179044 0.128962 1 
0.102845 0.213954 0.0236068 -0.9811 0.160055 0.10874 1 
0.102912 0.21326 0.0239119 -0.982896 0.174711 0.0582369 1 
0.102632 0.213607 0.0234867 -0.975352 0.179044 0.128962 1 
0.102367 0.21329 0.0237078 -0.976217 0.176244 0.126246 1 
0.102365 0.213639 0.0236185 -0.9811 0.160055 0.10874 1 
0.102176 0.213118 0.024045 -0.978607 0.169066 0.117235 1 
0.1022 0.212942 0.0245917 -0.990633 0.124543 0.0559874 1 
0.102652 0.214131 0.0238548 -0.9811 0.160055 0.10874 1 
0.102487 0.21389 0.0242606 -0.985511 0.164058 0.0430507 1 
0.102372 0.213969 0.024236 -0.9811 0.160055 0.10874 1 
0.102719 0.213437 0.0241599 -0.985511 0.164058 0.0430507 1 
0.10258 0.213127 0.0246342 -0.985683 0.160188 0.0526165 1 
0.102534 0.214452 0.0242191 -0.980995 0.18714 0.0512549 1 
0.10248 0.214429 0.0247993 -0.938623 0.336637 -0.0752483 1 
0.102529 0.214641 0.024847 -0.938623 0.336637 -0.0752483 1 
0.102408 0.213935 0.0247723 -0.990416 0.129085 -0.049121 1 
0.102415 0.214264 0.0253898 -0.992091 0.124701 0.0143461 1 
0.103023 0.215204 0.0243468 -0.965634 0.257092 -0.0381333 1 
0.102639 0.215717 0.0241257 -0.959941 0.272638 -0.0646724 1 
0.123139 0.200991 0.00968862 -0.660656 -0.159469 0.733556 0 
0.122758 0.201155 0.00955681 -0.572331 -0.153917 0.805448 0 
0.121962 0.200713 0.00941353 -0.555188 -0.163115 0.815573 0 
0.122451 0.201464 0.00954124 -0.726497 -0.631114 0.27184 0 
0.12249 0.201187 0.00968859 -0.576832 -0.157318 0.801571 0 
0.122183 0.201496 0.00967303 -0.721755 -0.659668 0.209542 0 
0.122462 0.200227 0.00918107 -0.562067 -0.115333 0.819011 0 
0.122615 0.199818 0.00959205 0.254828 -0.682178 0.685344 0 
0.12199 0.201673 0.00992106 -0.710608 -0.689576 0.139718 0 
0.0994572 0.224243 0.020374 -0.135555 0.00330622 0.990764 0 
0.0966558 0.225065 0.0206323 -0.0709645 0.711093 0.699507 0 
0.0973788 0.22496 0.0209876 0.317563 0.167795 0.933273 0 
0.0972004 0.224981 0.0210755 0.331698 0.187727 0.924519 0 
0.0973027 0.224708 0.0213495 0.426785 0.131864 0.894688 0 
0.0965138 0.224595 0.0218237 0.409102 0.337548 0.84776 0 
0.0954361 0.224394 0.0217334 0.626691 0.61997 0.472118 0 
0.095135 0.224111 0.0214182 0.688189 0.642635 0.336773 0 
0.0952862 0.224051 0.0217399 0.695788 0.630609 0.34382 0 
0.0947782 0.224154 0.0215939 0.686901 0.686901 0.23735 0 
0.0948549 0.223949 0.0217994 0.700511 0.675437 0.230369 0 
0.0966236 0.225671 0.0211025 0.635488 -0.504008 0.584919 0 
0.0963435 0.225509 0.0214837 0.636531 -0.545357 0.545357 0 
0.0968932 0.22478 0.0218663 0.480897 0.236632 0.844241 0 
0.0963164 0.225471 0.0218933 0.483188 0.274998 0.831207 0 
0.119976 0.203825 0.010772 -0.830457 -0.538396 -0.14308 0 
0.120053 0.20362 0.0109775 -0.790805 -0.603701 -0.10086 0 
0.119633 0.203659 0.0110266 -0.880491 -0.415663 -0.227944 0 
0.119783 0.204001 0.0110201 -0.880491 -0.415663 -0.227944 0 
0.119627 0.20425 0.0113262 -0.909359 -0.200318 -0.364608 0 
0.119295 0.204628 0.0112422 -0.836064 -0.523099 -0.165424 0 
0.119196 0.204148 0.0113857 -0.832404 -0.532679 -0.15283 0 
0.119228 0.204866 0.0115044 -0.809391 -0.56312 -0.166683 0 
0.117976 0.203934 0.0119195 0.0624251 -0.284098 0.956761 0 
0.11886 0.204768 0.0116905 -0.640541 -0.767241 -0.032379 0 
0.11904 0.204397 0.0116919 -0.809391 -0.56312 -0.166683 0 
0.119085 0.205309 0.0115611 -0.037926 -0.599793 0.799256 0 
0.118817 0.205341 0.0116929 -0.0168286 -0.384469 0.922984 0 
0.118885 0.204646 0.011998 -0.216392 -0.658515 0.720786 0 
0.118729 0.204895 0.0123042 -0.0168286 -0.384469 0.922984 0 
0.118853 0.205306 0.0122292 -0.0168286 -0.384469 0.922984 0 
0.117917 0.204555 0.0125602 0.219533 0.0082178 0.97557 0 
0.118305 0.205177 0.0127422 0.134868 -0.154665 0.978718 0 
0.116261 0.205903 0.0116012 -0.165502 -0.0528197 -0.984794 0 
0.116455 0.206594 0.0125093 -0.245499 -0.173057 -0.953825 0 
0.116019 0.205411 0.0123688 -0.141106 0.00777749 -0.989964 0 
0.114631 0.207594 0.0124342 0.713941 0.69997 0.0181629 0 
0.114177 0.207265 0.0122753 0.702951 0.711237 -0.00138104 0 
0.1142 0.207492 0.0124936 0.2997 -0.1754 0.937771 0 
0.113933 0.207578 0.0123864 0.722215 0.691601 -0.00974085 0 
0.113889 0.208044 0.0128669 0.304553 -0.203503 0.930502 0 
0.113622 0.208076 0.0129987 0.733896 0.676448 0.0617564 0 
0.113098 0.20828 0.0132519 0.304114 -0.18469 0.934561 0 
0.113388 0.208476 0.0133384 0.304114 -0.18469 0.934561 0 
0.113793 0.208593 0.0134495 0.298906 -0.187685 0.935644 0 
0.113577 0.208488 0.0137183 0.304114 -0.18469 0.934561 0 
0.115726 0.205967 0.0118647 -0.298567 -0.30445 -0.904526 0 
0.115507 0.206212 0.0120443 0.371521 0.796117 -0.47767 0 
0.115699 0.205928 0.0122743 -0.315235 -0.324199 -0.89192 0 
0.115239 0.206244 0.0121761 0.331934 0.784134 -0.52436 0 
0.115443 0.206101 0.0123958 0.373669 0.803468 -0.463477 0 
0.115351 0.206461 0.0123504 0.344688 0.787171 -0.511421 0 
0.115022 0.206542 0.0121166 0.32953 0.803925 -0.495091 0 
0.114688 0.206866 0.0122715 0.273018 0.691327 -0.668975 0 
0.11447 0.207164 0.012212 0.721078 0.685832 0.0983955 0 
0.114761 0.20736 0.0122985 0.681045 0.725173 0.101495 0 
0.116147 0.206903 0.0124937 0.368995 0.806677 -0.461643 0 
0.11598 0.207012 0.0128103 -0.336633 -0.345772 -0.875854 0 
0.116046 0.20672 0.0127871 -0.287803 -0.253438 -0.923547 0 
0.115712 0.207044 0.012942 0.34678 0.797435 -0.493802 0 
0.115804 0.206684 0.0129874 -0.336633 -0.345772 -0.875854 0 
0.115536 0.206716 0.0131191 -0.336633 -0.345772 -0.875854 0 
0.114845 0.207538 0.0128825 0.697425 0.678618 0.230385 0 
0.114848 0.207189 0.0129718 0.254293 0.636522 -0.728131 0 
0.115192 0.206952 0.0130454 0.303959 0.715672 -0.628826 0 
0.114924 0.206984 0.0131772 0.283107 0.679776 -0.676577 0 
0.115001 0.20678 0.0133827 0.336584 0.720323 -0.606502 0 
0.113823 0.207011 0.0123013 0.315537 -0.158458 0.935589 0 
0.113748 0.206304 0.0132305 0.705614 0.705614 0.0649338 0 
0.114302 0.207219 0.0127676 0.702951 0.711237 -0.00138104 0 
0.113682 0.207052 0.0126863 0.326283 -0.137885 0.935162 0 
0.114098 0.207309 0.012787 0.729024 0.684247 0.0181906 0 
0.114124 0.207241 0.0128555 0.729024 0.684247 0.0181906 0 
0.114655 0.207366 0.0132198 0.728238 0.674625 0.120628 0 
0.114526 0.207653 0.0131164 0.729024 0.684247 0.0181906 0 
0.114231 0.207647 0.0136578 0.720842 0.693064 -0.00694453 0 
0.114657 0.207016 0.013309 0.275846 0.655334 -0.703169 0 
0.11455 0.207478 0.013663 0.737059 0.674572 0.0411844 0 
0.114445 0.208047 0.0135388 0.304553 -0.203503 0.930502 0 
0.113736 0.207943 0.0132623 0.303475 -0.194392 0.9328 0 
0.113947 0.208184 0.0138605 0.733896 0.676448 0.0617564 0 
0.11387 0.208388 0.013655 0.733896 0.676448 0.0617564 0 
0.114214 0.208151 0.0137287 0.303475 -0.194392 0.9328 0 
0.113603 0.20842 0.0137868 0.304114 -0.18469 0.934561 0 
0.114884 0.206698 0.0140753 0.311646 0.686267 -0.657202 0 
0.112835 0.209448 0.0133447 0.729664 0.680732 -0.0647631 0 
0.113405 0.209296 0.0138563 0.719894 0.691041 -0.0649203 0 
0.113243 0.208759 0.0141123 0.720445 0.691912 -0.0470786 0 
0.1123 0.209512 0.0136082 0.766074 0.640066 0.0587085 0 
0.112552 0.209581 0.0138757 0.766074 0.640066 0.0587085 0 
0.112449 0.209801 0.0138407 0.798045 0.552253 0.241125 0 
0.112096 0.209601 0.0136276 0.781478 0.594902 0.188105 0 
0.111777 0.20977 0.0136224 0.798183 0.537872 0.271288 0 
0.112181 0.209833 0.0139725 0.801939 0.517227 0.298948 0 
0.112596 0.208606 0.0142015 0.729664 0.680732 -0.0647631 0 
0.112045 0.209228 0.014297 0.791768 0.600804 0.110172 0 
0.111343 0.209507 0.014399 0.749175 0.617245 0.240302 0 
0.113335 0.208452 0.0139186 0.300961 -0.181686 0.936169 0 
0.113087 0.209008 0.0144185 0.729664 0.680732 -0.0647631 0 
0.113145 0.209657 0.0146056 0.769682 0.63343 0.0797223 0 
0.112256 0.209978 0.0140888 0.801939 0.517227 0.298948 0 
0.112138 0.210299 0.014453 0.764112 0.601601 0.232828 0 
0.112622 0.209915 0.0146198 0.791316 0.549044 0.269016 0 
0.112964 0.210028 0.0146043 0.78659 0.560504 0.259057 0 
0.112989 0.209906 0.0149118 0.788052 0.555255 0.26583 0 
0.112466 0.210164 0.014926 0.78385 0.531613 0.320884 0 
0.111271 0.210794 0.0143935 0.758664 0.627386 0.175546 0 
0.111888 0.209933 0.0140358 0.774529 0.540406 0.328734 0 
0.111733 0.210236 0.0141029 0.748467 0.642194 0.165483 0 
0.111784 0.210099 0.0142399 0.748183 0.638021 0.182073 0 
0.111988 0.21001 0.0142206 0.749175 0.617245 0.240302 0 
0.111488 0.210495 0.014453 0.749433 0.643453 0.155943 0 
0.112199 0.210196 0.0150578 0.770245 0.588272 0.24629 0 
0.118244 0.203446 0.012355 -0.74499 -0.59439 -0.302803 0 
0.118901 0.204088 0.0121661 -0.78079 -0.593646 -0.194814 0 
0.118752 0.203343 0.012501 -0.8491 -0.452956 -0.271773 0 
0.118857 0.204554 0.0126467 -0.213222 -0.645892 0.733048 0 
0.118494 0.203865 0.0125332 -0.216392 -0.658515 0.720786 0 
0.118531 0.203937 0.0125913 -0.216392 -0.658515 0.720786 0 
0.117681 0.203927 0.0124609 0.184102 -0.0661806 0.980677 0 
0.118332 0.204652 0.013378 -0.0388144 -0.426958 0.903438 0 
0.118587 0.204426 0.0134956 0.63128 0.314833 0.708778 0 
0.10793 0.213702 0.0153258 0.11376 -0.125735 0.98552 0 
0.108102 0.214273 0.0155375 0.0158907 -0.272587 0.962 0 
0.108332 0.214115 0.0155866 0.0947003 -0.149842 0.984164 0 
0.108395 0.214119 0.0157132 0.0808988 -0.172665 0.981653 0 
0.10611 0.215274 0.016257 0.606882 0.395217 0.689563 0 
0.105858 0.215204 0.0159896 0.630329 0.392095 0.670035 0 
0.105575 0.215338 0.0165206 0.659193 0.384942 0.645976 0 
0.106011 0.214795 0.0164005 0.562749 0.333779 0.756244 0 
0.105793 0.21504 0.0165801 0.622458 0.372818 0.688152 0 
0.106504 0.214338 0.0175131 -0.195126 -0.521849 0.830421 0 
0.10536 0.214831 0.0171177 0.659193 0.384942 0.645976 0 
0.105882 0.214573 0.0171035 0.597144 0.449949 0.664051 0 
0.107151 0.214491 0.0174239 -0.12694 -0.452133 0.882872 0 
0.106206 0.216049 0.0162632 0.663567 0.326105 0.673301 0 
0.105865 0.215534 0.0166071 0.643732 0.32592 0.692377 0 
0.105863 0.215883 0.0165178 0.627396 0.257596 0.734859 0 
0.105656 0.216269 0.016687 0.635799 0.17534 0.751676 0 
0.105733 0.216064 0.0168925 0.597343 0.164836 0.784863 0 
0.105151 0.215619 0.0169585 0.478515 0.0767299 0.87472 0 
0.105388 0.216301 0.0168188 0.485207 0.0423702 0.873372 0 
0.105465 0.216096 0.0170243 0.575962 0.141386 0.805157 0 
0.105513 0.216712 0.0167437 0.46351 0.00396162 0.886083 0 
0.105399 0.216334 0.0172865 0.343763 -0.0698063 0.936458 0 
0.106185 0.214963 0.0169406 -0.254777 -0.669382 0.697866 0 
0.106807 0.214728 0.0173502 -0.219907 -0.552073 0.804274 0 
0.106884 0.214523 0.0175557 -0.170106 -0.492567 0.853488 0 
0.106351 0.214747 0.0171021 -0.245971 -0.593776 0.766112 0 
0.106514 0.214828 0.0174135 -0.156986 -0.488565 0.858289 0 
0.106197 0.214647 0.0174975 -0.214301 -0.568901 0.793994 0 
0.105774 0.215438 0.0171291 0.621141 0.246884 0.743796 0 
0.105405 0.215286 0.0175543 0.601601 0.232828 0.764112 0 
0.105544 0.215542 0.017319 0.572538 0.160791 0.803957 0 
0.105542 0.215891 0.0172298 0.598461 0.168175 0.783302 0 
0.105928 0.215028 0.0175401 -0.272184 -0.647831 0.711499 0 
0.105826 0.214845 0.0178334 0.654467 0.421323 0.627822 0 
0.10566 0.21506 0.0176719 0.627396 0.257596 0.734859 0 
0.105484 0.214732 0.017849 -0.295452 -0.576531 0.761787 0 
0.109953 0.211531 0.0151815 0.758429 0.330102 0.561978 0 
0.109378 0.211872 0.0152978 0.731263 0.30697 0.609118 0 
0.1092 0.211893 0.0153856 0.75228 0.629208 0.195377 0 
0.11053 0.21084 0.0151546 0.78465 0.532156 0.318015 0 
0.109525 0.21251 0.015441 0.67415 0.294438 0.677368 0 
0.109654 0.212223 0.0155445 0.731263 0.30697 0.609118 0 
0.111078 0.211838 0.0157977 0.791288 0.448235 0.415871 0 
0.110506 0.21183 0.0160032 0.656137 0.133021 0.742825 0 
0.110987 0.211742 0.0163197 0.779986 0.491343 0.387561 0 
0.110631 0.211785 0.0164955 0.76564 0.560185 0.316208 0 
0.10893 0.212275 0.0154282 0.676706 0.583137 0.449467 0 
0.108674 0.212447 0.0155496 0.635308 0.588123 0.500495 0 
0.107536 0.211892 0.0154219 0.565928 0.596336 0.569306 0 
0.109258 0.212543 0.0155728 0.388893 -0.136183 0.911162 0 
0.108861 0.212809 0.0158402 0.61157 0.618309 0.493636 0 
0.108315 0.212839 0.0156361 0.0810535 -0.223209 0.971395 0 
0.108542 0.212977 0.015835 0.556732 0.680451 0.476483 0 
0.108654 0.213194 0.0160094 0.556732 0.680451 0.476483 0 
0.108498 0.212934 0.0171219 0.548846 0.585999 0.596132 0 
0.108176 0.213398 0.0172665 0.53148 0.59897 0.59897 0 
0.107309 0.213893 0.017207 0.544352 0.547723 0.635358 0 
0.10655 0.213523 0.0171218 0.537868 0.537868 0.649151 0 
0.106447 0.213689 0.0173259 0.559298 0.542401 0.626887 0 
0.108174 0.213747 0.0171773 0.532518 0.589996 0.606901 0 
0.107154 0.214142 0.0175131 0.549901 0.580357 0.600661 0 
0.104374 0.216157 0.016616 0.354641 -0.0428688 0.934019 0 
0.102488 0.217967 0.0178095 0.707106 0.685725 0.172577 0 
0.102523 0.218389 0.0177784 0.715462 0.638634 0.283304 0 
0.105123 0.215983 0.0170399 0.370105 -0.0298681 0.92851 0 
0.10464 0.215965 0.0172014 0.357776 -0.0429331 0.93282 0 
0.105233 0.21655 0.017125 0.332369 -0.0947719 0.938376 0 
0.105131 0.216366 0.0174183 0.332369 -0.0947719 0.938376 0 
0.105154 0.216594 0.0176366 0.336336 -0.0978188 0.936648 0 
0.104914 0.216262 0.0176871 0.336336 -0.0978188 0.936648 0 
0.104596 0.216431 0.0176819 0.342512 -0.112366 0.93277 0 
0.104708 0.216648 0.0178563 0.327703 -0.14397 0.933747 0 
0.104369 0.216292 0.017483 0.342512 -0.112366 0.93277 0 
0.104432 0.216297 0.0176096 0.342512 -0.112366 0.93277 0 
0.104542 0.216863 0.0176947 0.333366 -0.168775 0.927568 0 
0.104401 0.216957 0.0178407 0.348253 -0.176241 0.920684 0 
0.105504 0.21531 0.0179781 0.565579 0.170428 0.806892 0 
0.104947 0.215146 0.0180234 0.425186 0.0278159 0.904679 0 
0.104963 0.216422 0.0179739 0.342791 -0.0981322 0.934272 0 
0.104765 0.217297 0.0180435 0.339556 -0.181754 0.922858 0 
0.104587 0.217318 0.0181313 0.35135 -0.205073 0.913509 0 
0.1043 0.218204 0.0182448 0.318711 -0.297958 0.899803 0 
0.10474 0.216909 0.0185423 0.360312 -0.170972 0.91703 0 
0.104585 0.217158 0.0188485 0.368286 -0.190592 0.909967 0 
0.104945 0.216363 0.0190903 0.346793 -0.142309 0.927083 0 
0.103034 0.216157 0.0179921 0.354066 -0.202119 0.913118 0 
0.102984 0.217671 0.0182049 0.331938 -0.299191 0.894596 0 
0.102528 0.21769 0.0179569 0.312761 -0.330719 0.890396 0 
0.102148 0.217505 0.0179143 0.715562 0.655801 0.240618 0 
0.103602 0.218188 0.018197 0.310934 -0.313909 0.897096 0 
0.103587 0.21829 0.0185962 0.339557 -0.324466 0.882849 0 
0.104234 0.218443 0.018507 0.308483 -0.320405 0.895644 0 
0.104039 0.218969 0.0186658 0.236081 -0.437577 0.867636 0 
0.103912 0.218907 0.0186516 0.260851 -0.405601 0.876039 0 
0.103683 0.219065 0.0186025 0.480645 -0.0826766 0.873009 0 
0.103771 0.219001 0.0187976 0.294614 -0.348452 0.889823 0 
0.104362 0.218101 0.0188495 0.325172 -0.295476 0.898308 0 
0.104422 0.218455 0.0188869 0.307238 -0.34021 0.888742 0 
0.102828 0.21792 0.0185111 0.349133 -0.274849 0.89586 0 
0.103351 0.217662 0.0184969 0.336067 -0.303207 0.891698 0 
0.103268 0.218458 0.018591 0.288916 -0.379675 0.878849 0 
0.103179 0.218469 0.018635 0.287272 -0.371498 0.882872 0 
0.103466 0.21896 0.0188713 0.292682 -0.334282 0.895875 0 
0.104317 0.21719 0.0189802 0.387906 -0.201944 0.899304 0 
0.102639 0.219231 0.0187201 0.630079 0.538861 0.559132 0 
0.102118 0.219087 0.0190625 0.608872 0.30042 0.734181 0 
0.0993307 0.220209 0.0185933 0.853531 0.336146 0.398108 0 
0.0995076 0.220081 0.0189836 0.720029 0.687767 -0.0923866 0 
0.0996706 0.220162 0.0192949 0.766837 0.617433 0.175321 0 
0.102024 0.217094 0.0179894 0.284862 -0.347502 0.893362 0 
0.102152 0.216753 0.0183318 0.287272 -0.371498 0.882872 0 
0.102215 0.216757 0.0184585 0.483095 -0.150329 0.862566 0 
0.102427 0.218428 0.0191673 0.241318 -0.349546 0.905308 0 
0.102807 0.218613 0.0192099 0.28203 -0.326328 0.902202 0 
0.102701 0.219129 0.0193248 0.227347 -0.374023 0.899122 0 
0.102488 0.218782 0.0192047 0.215542 -0.354415 0.909907 0 
0.101802 0.21845 0.0197139 0.145395 -0.515493 0.844469 0 
0.10216 0.217951 0.0201055 0.540755 0.102383 0.834926 0 
0.101701 0.21832 0.0197682 0.139558 -0.521507 0.841756 0 
0.101686 0.218422 0.0201674 0.112584 -0.577543 0.80856 0 
0.10129 0.218795 0.0199568 0.66607 0.616239 0.420239 0 
0.10153 0.218671 0.0204736 0.677879 0.587939 0.441371 0 
0.100944 0.218871 0.0206002 0.726707 0.531373 0.435362 0 
0.103922 0.218941 0.0191193 0.285784 -0.354611 0.890269 0 
0.103705 0.219292 0.0188208 0.575187 0.1063 0.811086 0 
0.10355 0.219541 0.019127 0.588628 0.211659 0.780203 0 
0.101216 0.220484 0.0196229 0.71776 0.400956 0.569258 0 
0.100924 0.220638 0.0194472 0.705892 0.485613 0.515651 0 
0.101155 0.22013 0.0195856 0.685137 0.209736 0.697566 0 
0.100964 0.219958 0.0199229 0.471595 -0.124708 0.872953 0 
0.101622 0.220144 0.0203014 0.502641 -0.04269 0.863441 0 
0.100595 0.220316 0.0195416 0.703369 0.318537 0.635457 0 
0.100697 0.21999 0.0200547 0.670932 0.30879 0.674165 0 
0.100518 0.220011 0.0201425 0.729405 0.554875 0.400103 0 
0.100251 0.220043 0.0202743 0.738552 0.603978 0.299586 0 
0.102227 0.219904 0.0215883 0.644111 0.506207 0.573477 0 
0.100749 0.219451 0.0205199 0.679925 0.297367 0.67028 0 
0.101004 0.219171 0.0208766 0.6314 0.743649 0.219821 0 
0.100545 0.21954 0.0205393 0.735995 0.558963 0.381931 0 
0.100264 0.219781 0.0205922 0.749132 0.631743 0.199254 0 
0.0993167 0.219908 0.0193208 0.781057 0.578388 0.235408 0 
0.0989709 0.221362 0.0203141 0.723596 0.237013 0.648254 0 
0.0993532 0.221251 0.0202068 0.733197 0.275148 0.621865 0 
0.0997903 0.220252 0.0206541 0.756159 0.6314 0.171923 0 
0.0998254 0.220674 0.020623 0.775626 0.50359 0.380527 0 
0.100135 0.220015 0.0207278 0.749132 0.631743 0.199254 0 
0.0998714 0.221182 0.0208206 0.707401 0.244203 0.663287 0 
0.0995439 0.220914 0.0206759 0.742273 0.373584 0.556297 0 
0.0996888 0.221902 0.02073 0.608794 0.100736 0.786907 0 
0.100165 0.220626 0.0213246 0.78193 0.504627 0.365975 0 
0.0999349 0.22073 0.0215145 0.753709 0.461421 0.467989 0 
0.0991368 0.221147 0.0204756 0.708583 0.255217 0.657856 0 
0.0997419 0.220907 0.0217626 0.703784 0.272896 0.655908 0 
0.0993976 0.221144 0.0216889 0.688109 0.248352 0.681782 0 
0.099244 0.221043 0.0220843 0.651398 0.209878 0.729131 0 
0.0997729 0.222537 0.0207466 0.643339 0.0919056 0.760045 0 
0.0995974 0.222262 0.0206846 0.675283 0.156301 0.720807 0 
0.0994307 0.222424 0.0207621 0.672448 0.166206 0.721242 0 
0.0994659 0.222846 0.020731 0.648874 0.0440155 0.759622 0 
0.0996193 0.222437 0.021142 0.611707 0.0466197 0.78971 0 
0.0991259 0.222384 0.0208358 0.575483 0.0818018 0.813713 0 
0.0995116 0.221011 0.0219525 0.710139 0.279268 0.646306 0 
0.0991673 0.221248 0.0218788 0.700961 0.254751 0.66615 0 
0.0988624 0.221208 0.0219525 0.726913 0.244407 0.641765 0 
0.0982651 0.221321 0.0218504 0.729131 0.209878 0.651398 0 
0.0980202 0.221581 0.0222005 0.572262 0.112696 0.81229 0 
0.0979435 0.221785 0.021995 0.56341 0.200018 0.8016 0 
0.0986423 0.221346 0.0226101 0.635815 0.129545 0.760893 0 
0.100056 0.22006 0.0212395 0.756159 0.6314 0.171923 0 
0.0998998 0.220309 0.0215457 0.755039 0.641409 0.136056 0 
0.0999224 0.220536 0.021764 0.753709 0.461421 0.467989 0 
0.0997473 0.223929 0.0212669 0.733013 0.0382812 0.679136 0 
0.0993365 0.224404 0.0214554 0.317638 0.0771219 0.945071 0 
0.0970142 0.22182 0.0223762 0.665985 0.474745 0.575397 0 
0.0967101 0.221833 0.0222108 0.67362 0.508995 0.535873 0 
0.0969523 0.223703 0.0217929 0.515728 0.135872 0.84591 0 
0.097632 0.222283 0.0226073 0.664215 0.421169 0.617604 0 
0.0969982 0.222378 0.022208 0.68106 0.490296 0.543844 0 
0.0968425 0.222627 0.0225142 0.700932 0.557749 0.444534 0 
0.0966385 0.224041 0.0231224 0.608734 0.314862 0.72822 0 
0.0968782 0.223917 0.0236393 0.672152 0.0587596 0.738078 0 
