0.101851 0.226952 0.0295571 0.33043 -0.672254 0.662488 2 
0.101706 0.226871 0.029408 0.365936 -0.664593 0.651465 2 
0.101529 0.226736 0.0293858 0.365936 -0.664593 0.651465 2 
0.103008 0.226682 0.0296477 0.315925 -0.685314 0.656152 2 
0.102855 0.226782 0.0298102 0.305184 -0.679801 0.666883 2 
0.102288 0.226874 0.02971 0.33043 -0.672254 0.662488 2 
0.102059 0.22682 0.029158 0.34382 -0.630609 0.695788 2 
0.102426 0.226679 0.0293457 0.330241 -0.642587 0.691391 2 
0.102142 0.226472 0.0292664 0.34382 -0.630609 0.695788 2 
0.102602 0.226629 0.029604 0.237348 -0.68375 0.690037 2 
0.102686 0.226466 0.0294764 0.330241 -0.642587 0.691391 2 
0.102402 0.226259 0.0293971 0.373661 -0.623866 0.686417 2 
0.102326 0.226241 0.0292131 0.373661 -0.623866 0.686417 2 
0.103008 0.226361 0.0293533 0.706355 -0.437109 0.556774 2 
0.102671 0.226371 0.0292746 0.619033 -0.442166 0.649067 2 
0.102917 0.226248 0.0289675 0.55125 -0.544507 0.632167 2 
0.102121 0.226607 0.0286097 0.594899 -0.460837 0.658578 2 
0.104139 0.224391 0.026035 -0.606285 -0.69219 -0.391525 2 
0.104016 0.224039 0.0260122 -0.606285 -0.69219 -0.391525 2 
0.103201 0.223426 0.0258663 -0.606285 -0.69219 -0.391525 2 
0.10281 0.223147 0.0257299 -0.574477 -0.783095 -0.238198 2 
0.103209 0.223245 0.0255548 -0.601072 -0.709167 -0.368505 2 
0.103187 0.223516 0.0254285 -0.606285 -0.69219 -0.391525 2 
0.103118 0.223131 0.025169 -0.601072 -0.709167 -0.368505 2 
0.103347 0.222864 0.0254266 -0.598116 -0.727789 -0.335529 2 
0.103416 0.222927 0.0253916 -0.598116 -0.727789 -0.335529 2 
0.10241 0.222727 0.0256107 -0.42944 -0.896649 0.10771 2 
0.102841 0.222879 0.0253086 -0.565831 -0.800704 -0.196744 2 
0.103024 0.222648 0.0252553 -0.58605 -0.76613 -0.263801 2 
0.103559 0.222638 0.0260129 -0.577904 -0.78749 -0.21421 2 
0.103485 0.222669 0.0250623 -0.517005 -0.845076 -0.136208 2 
0.103278 0.222665 0.024931 -0.533752 -0.831107 -0.156111 2 
0.102915 0.222206 0.0256703 -0.589643 -0.747095 -0.306871 2 
0.103159 0.221897 0.0255992 -0.522889 -0.84665 -0.0988475 2 
0.103208 0.222417 0.025202 -0.550538 -0.809795 -0.20283 2 
0.102508 0.222152 0.0256266 -0.488078 -0.872625 -0.0174794 2 
0.111213 0.218176 0.0188243 -0.80437 -0.513596 -0.298676 2 
0.11087 0.218095 0.0179963 -0.0470132 0.745088 -0.665308 2 
0.110246 0.217848 0.0186049 -0.818297 -0.087726 -0.568062 2 
0.110361 0.217554 0.0185865 -0.708863 0.108031 -0.697024 2 
0.110092 0.217763 0.0190035 -0.58448 0.393495 -0.709609 2 
0.110092 0.217442 0.018709 -0.742335 0.0125347 -0.669912 2 
0.110123 0.217175 0.0182876 -0.695664 0.0209959 -0.71806 2 
0.111397 0.217945 0.018771 -0.762304 -0.595698 -0.253054 2 
0.111649 0.217777 0.0186828 -0.583206 0.118992 -0.803562 2 
0.111796 0.217721 0.0183014 -0.571262 -0.812102 -0.118952 2 
0.111611 0.217768 0.0185908 -0.571262 0.118952 -0.812102 2 
0.111183 0.217986 0.0184208 0.0380848 0.765927 -0.641799 2 
0.111436 0.217817 0.0183326 -0.628734 -0.777165 -0.0266057 2 
0.111123 0.217926 0.0179081 0.0295733 0.747781 -0.663286 2 
0.111751 0.217757 0.0179905 -0.652558 -0.639275 -0.406811 2 
0.111476 0.217875 0.017658 -0.1015 0.65166 -0.751689 2 
0.110315 0.217269 0.0179811 -0.631743 -0.0294159 -0.77462 2 
0.111865 0.217463 0.0179721 -0.546315 -0.824655 -0.146572 2 
0.111574 0.217301 0.0176739 -0.510685 0.0717491 -0.856769 2 
0.109976 0.216908 0.0183746 -0.704229 0.0153396 -0.709807 2 
0.111086 0.218103 0.01758 -0.00971919 0.72894 -0.684509 2 
0.110947 0.217655 0.0173554 -0.717104 -0.510791 -0.474187 2 
0.111339 0.217613 0.0171973 -0.646772 -0.596374 -0.475419 2 
0.110485 0.217449 0.0177844 -0.597428 0.08824 -0.797053 2 
0.110701 0.217457 0.0173681 -0.62694 -0.776144 -0.0674284 2 
0.110461 0.217028 0.0178358 -0.622453 -0.0467903 -0.781257 2 
0.110593 0.217199 0.0175471 -0.575528 0.0551489 -0.81592 2 
0.110891 0.216995 0.0177698 -0.614955 -0.0613528 -0.786172 2 
0.110644 0.216797 0.0177825 -0.623749 -0.0497294 -0.780041 2 
0.110885 0.217225 0.0173148 -0.523654 0.146033 -0.839322 2 
0.110752 0.216548 0.0175451 -0.590152 -0.0671602 -0.804493 2 
0.111068 0.216994 0.0172615 -0.518898 0.0428955 -0.853759 2 
0.11023 0.216925 0.0180503 -0.631743 -0.0294159 -0.77462 2 
0.110742 0.216222 0.0177984 -0.615679 -0.110205 -0.780252 2 
0.123456 0.209923 0.00673779 -0.545366 -0.329794 -0.770592 2 
0.12347 0.209512 0.00688122 -0.652703 -0.073809 -0.75401 2 
0.123823 0.209461 0.00663114 -0.759515 0.0410167 -0.649195 2 
0.123348 0.209345 0.00662231 -0.697182 -0.179275 -0.694117 2 
0.124138 0.209537 0.00681961 -0.68039 0.0440336 -0.731526 2 
0.12377 0.209357 0.00633739 -0.915784 -0.123679 -0.382156 2 
0.124008 0.209415 0.00634177 -0.909722 0.00650731 -0.415166 2 
0.123677 0.209195 0.0067181 -0.778326 0.023755 -0.627411 2 
0.125043 0.20962 0.00676238 -0.469435 0.185108 -0.863346 2 
0.125051 0.209439 0.00645079 -0.472622 0.172264 -0.864265 2 
0.123946 0.208985 0.00630116 -0.923317 0.0326491 -0.382648 2 
0.124964 0.209423 0.00453187 -0.977803 -0.112491 -0.176771 2 
0.124371 0.209689 0.00583856 -0.985068 -0.135252 0.106526 2 
0.12335 0.209715 0.00615022 -0.776512 -0.342437 -0.528929 2 
0.123718 0.209759 0.00610193 -0.948346 -0.278451 -0.152004 2 
0.123587 0.209266 0.00609624 -0.952789 -0.2008 -0.227753 2 
0.124015 0.208727 0.00597183 -0.9755 0.0177795 -0.21928 2 
0.12357 0.208665 0.00583604 -0.995473 -0.0922739 -0.0227971 2 
0.123771 0.208577 0.00521798 -0.990187 -0.0657051 -0.123341 2 
0.123664 0.208184 0.00486642 -0.991427 0.0487216 -0.121237 2 
0.125595 0.208469 0.00577749 -0.928008 0.309336 -0.207636 2 
0.125018 0.208236 0.00593049 -0.773781 0.408882 -0.483817 2 
0.125938 0.208229 0.0063111 -0.385838 0.522591 -0.760281 2 
0.125965 0.20824 0.00466821 -0.873977 0.478373 -0.085574 2 
0.125729 0.208367 0.00442775 -0.85874 0.507373 -0.0716788 2 
0.124583 0.208499 0.00554154 -0.853637 0.432202 -0.290698 2 
0.125051 0.208475 0.00556752 -0.865994 0.401687 -0.297829 2 
0.125165 0.20818 0.00554906 -0.83265 0.453175 -0.31832 2 
0.12503 0.20861 0.00491072 -0.952376 0.281354 -0.117561 2 
0.125252 0.208387 0.00494941 -0.911811 0.381918 -0.150794 2 
0.124614 0.208231 0.00512016 -0.927987 0.330726 -0.171643 2 
0.124618 0.208787 0.004412 -0.977419 0.148169 -0.150659 2 
0.124807 0.208325 0.00481367 -0.938666 0.326317 -0.111458 2 
0.124693 0.208298 0.00453761 -0.934874 0.338605 -0.106573 2 
0.125219 0.208148 0.00531238 -0.868986 0.436744 -0.23263 2 
0.125479 0.207935 0.00544306 -0.855212 0.44971 -0.257631 2 
0.125146 0.206887 0.0054666 -0.797595 0.525939 -0.295347 2 
0.123408 0.209082 0.00684059 -0.728934 0.0324284 -0.683816 2 
0.122894 0.208957 0.00673977 -0.730751 -0.143137 -0.667469 2 
0.12353 0.208928 0.00680501 -0.734511 0.110842 -0.669484 2 
0.123077 0.208726 0.00668646 -0.803222 0.0582869 -0.592821 2 
0.123591 0.20853 0.00649284 -0.84717 0.154701 -0.508302 2 
0.12336 0.208427 0.00670735 -0.76504 0.252919 -0.592238 2 
0.122287 0.208534 0.00648917 -0.813685 -0.223033 -0.536817 2 
0.121903 0.208209 0.00657173 -0.823861 -0.112278 -0.555559 2 
0.122694 0.208587 0.00653289 -0.876829 -0.127721 -0.463528 2 
0.122777 0.208238 0.00664144 -0.80914 0.219558 -0.545056 2 
0.122408 0.208194 0.00668968 -0.728569 0.233455 -0.643961 2 
0.123523 0.208652 0.00629169 -0.922537 0.0274021 -0.384934 2 
0.123391 0.208159 0.00628601 -0.928979 0.148138 -0.339195 2 
0.123599 0.208348 0.00618128 -0.939613 0.122675 -0.319496 2 
0.122922 0.207998 0.00649609 -0.741988 0.317075 -0.590693 2 
0.122714 0.207809 0.00660084 -0.759718 0.299089 -0.577386 2 
0.122722 0.207628 0.00628926 -0.782201 0.31065 -0.540053 2 
0.12293 0.207817 0.00618451 -0.934005 0.155897 -0.321452 2 
0.122683 0.207112 0.00613888 -0.791197 0.412587 -0.451419 2 
0.123325 0.20833 0.0053183 -0.988138 -0.0663414 -0.138502 2 
0.123554 0.208063 0.00557592 -0.799726 0.4824 -0.357392 2 
0.12357 0.208022 0.00524719 -0.962407 0.20351 -0.179877 2 
0.123147 0.20801 0.00553217 -0.869106 0.335686 -0.363277 2 
0.122984 0.207463 0.00565337 -0.829448 0.396555 -0.393395 2 
0.1224 0.207411 0.00611795 -0.901867 0.201867 -0.38195 2 
0.122792 0.207369 0.00595991 -0.783221 0.426475 -0.45242 2 
0.122099 0.20706 0.00660345 -0.731784 0.360188 -0.578582 2 
0.122192 0.207222 0.00622271 -0.801188 0.359815 -0.478154 2 
0.122437 0.206914 0.00615161 -0.809765 0.381723 -0.44561 2 
0.122206 0.206811 0.00636611 -0.800247 0.329326 -0.501148 2 
0.122173 0.206571 0.0067291 -0.60442 0.434583 -0.667693 2 
0.12305 0.20665 0.00603224 -0.805549 0.446815 -0.389162 2 
0.123485 0.207679 0.00531638 -0.898387 0.366118 -0.242608 2 
0.123154 0.207643 0.00545666 -0.872551 0.352994 -0.337712 2 
0.123338 0.207412 0.00540332 -0.840578 0.449033 -0.302981 2 
0.123578 0.207841 0.00493563 -0.961078 0.236674 -0.142527 2 
0.123706 0.207456 0.00535507 -0.866502 0.426422 -0.259495 2 
0.123747 0.207514 0.00468052 -0.895824 0.430388 -0.110751 2 
0.123737 0.207189 0.00493369 -0.89043 0.43453 -0.135345 2 
0.123445 0.207163 0.00516601 -0.867464 0.453819 -0.203847 2 
0.123069 0.2073 0.00552586 -0.836312 0.462541 -0.294344 2 
0.122861 0.207111 0.00563056 -0.837539 0.439904 -0.324057 2 
0.123313 0.206992 0.00545476 -0.888272 0.395941 -0.232819 2 
0.123044 0.20688 0.00557726 -0.83382 0.462887 -0.300799 2 
0.123342 0.206676 0.00579995 -0.803876 0.488693 -0.339061 2 
0.123701 0.206394 0.00600488 -0.784095 0.503946 -0.362262 2 
0.123795 0.206556 0.00562414 -0.796654 0.506091 -0.330476 2 
0.123591 0.206923 0.00502067 -0.855873 0.485044 -0.179481 2 
0.123774 0.206691 0.00496734 -0.844356 0.498185 -0.197167 2 
0.123996 0.206469 0.00500603 -0.858302 0.473185 -0.198529 2 
0.123436 0.206838 0.00541919 -0.865379 0.428901 -0.259159 2 
0.12302 0.206459 0.00562863 -0.821447 0.479047 -0.309417 2 
0.123902 0.206307 0.0053868 -0.79419 0.509752 -0.330779 2 
0.122559 0.20676 0.00611607 -0.826211 0.382182 -0.413898 2 
0.122466 0.206598 0.00649677 -0.773077 0.346997 -0.530986 2 
0.122535 0.206339 0.00616748 -0.778202 0.398036 -0.485767 2 
0.122258 0.206408 0.00660152 -0.719181 0.34736 -0.601764 2 
0.122272 0.205997 0.00674495 -0.760153 0.250237 -0.599624 2 
0.122426 0.206082 0.00634645 -0.798865 0.319228 -0.509812 2 
0.122767 0.206949 0.00601134 -0.834187 0.40842 -0.370574 2 
0.12269 0.206424 0.00576892 -0.833085 0.429929 -0.348038 2 
0.122604 0.206081 0.00583811 -0.807502 0.382164 -0.449323 2 
0.123379 0.206178 0.00583359 -0.783536 0.499201 -0.369958 2 
0.122902 0.205877 0.00606084 -0.777196 0.370016 -0.508974 2 
0.122625 0.205946 0.00649488 -0.772885 0.318435 -0.54886 2 
0.123022 0.205674 0.00679184 -0.714829 0.293963 -0.634511 2 
0.123171 0.205989 0.00593831 -0.764409 0.427218 -0.482871 2 
0.122743 0.206207 0.0057683 -0.840113 0.400427 -0.365881 2 
0.123533 0.207234 0.00403579 -0.879546 0.472119 -0.0591869 2 
0.122705 0.207354 0.00404101 -0.901084 0.42654 -0.0781762 2 
0.123608 0.207067 0.00445589 -0.879713 0.467216 -0.0883923 2 
0.124007 0.206843 0.00398628 -0.782446 0.619971 0.058434 2 
0.123937 0.206595 0.00425722 -0.785217 0.619033 0.0152335 2 
0.123525 0.20548 0.00486332 -0.820075 0.559873 -0.118407 2 
0.12114 0.204295 0.00629392 -0.545329 0.124271 -0.828959 2 
0.121255 0.204001 0.0062755 -0.562148 0.170302 -0.809312 2 
0.121935 0.213467 0.00582416 0.347023 -0.851217 -0.393707 2 
0.121828 0.213395 0.00576707 0.311736 -0.861497 -0.400803 2 
0.121783 0.213431 0.00545611 0.317833 -0.740535 -0.592106 2 
0.121943 0.213286 0.0055126 0.311711 -0.67349 -0.67026 2 
0.121966 0.2132 0.00540274 0.311711 -0.67349 -0.67026 2 
0.121583 0.213061 0.00524927 0.113458 -0.785365 -0.608547 2 
0.121846 0.212569 0.00660153 -0.448563 -0.802268 -0.393899 2 
0.121299 0.212854 0.00516998 0.0829697 -0.870479 -0.485162 2 
0.12082 0.213338 0.00423406 0.417813 -0.808412 0.414611 2 
0.120674 0.213257 0.00408495 0.417813 -0.808412 0.414611 2 
0.120682 0.213075 0.00377335 0.162094 -0.405951 0.899405 2 
0.120387 0.212358 0.00418333 0.411306 -0.883491 0.224214 2 
0.120519 0.212529 0.00389459 0.417813 -0.808412 0.414611 2 
0.120372 0.212262 0.00398153 0.417813 -0.808412 0.414611 2 
0.12255 0.213388 0.00546873 0.366577 -0.678906 -0.636167 2 
0.122726 0.213202 0.00519647 0.354642 -0.694575 -0.625935 2 
0.122481 0.213189 0.00497311 0.319514 -0.686064 -0.653626 2 
0.122957 0.212984 0.00468749 0.319598 -0.670021 -0.670021 2 
0.122742 0.21284 0.00457336 0.294902 -0.565893 -0.769934 2 
0.122089 0.213046 0.00536722 0.330052 -0.632465 -0.700752 2 
0.122134 0.21301 0.0056782 0.329718 -0.670806 -0.664309 2 
0.122335 0.212923 0.00506006 0.323903 -0.581735 -0.746104 2 
0.121889 0.212675 0.0051604 0.278944 -0.537401 -0.795858 2 
0.122664 0.212773 0.00515585 0.305637 -0.564868 -0.766492 2 
0.122518 0.212692 0.00500675 0.301444 -0.566204 -0.767167 2 
0.122143 0.212692 0.00483613 0.272904 -0.566314 -0.777696 2 
0.123288 0.212048 0.00594651 0.32025 -0.384606 -0.865747 2 
0.123116 0.212332 0.00468558 0.247976 -0.413294 -0.876183 2 
0.123101 0.212237 0.00448382 0.248008 -0.419358 -0.873287 2 
0.1229 0.212646 0.00539631 0.280936 -0.470296 -0.836599 2 
0.122794 0.212437 0.00480873 0.26884 -0.501938 -0.82206 2 
0.122998 0.212071 0.0054122 0.279171 -0.384804 -0.879767 2 
0.122223 0.212944 0.00401752 0.329635 -0.683626 -0.65115 2 
0.122406 0.212713 0.00396417 0.320329 -0.514758 -0.795245 2 
0.121967 0.212742 0.00457786 0.293797 -0.679104 -0.672682 2 
0.122496 0.212641 0.00458604 0.272904 -0.566314 -0.777696 2 
0.122321 0.212691 0.00432779 0.316917 -0.587182 -0.744836 2 
0.12118 0.212599 0.00361403 0.162094 -0.405951 0.899405 2 
0.121983 0.21238 0.00395473 0.165813 -0.725622 -0.667816 2 
0.122084 0.212497 0.00379285 0.34649 -0.447747 -0.824298 2 
0.121439 0.212386 0.00374475 0.325827 -0.611129 -0.721359 2 
0.123034 0.212544 0.00404659 0.260732 -0.479809 -0.837737 2 
0.122712 0.212649 0.00416972 0.282074 -0.54051 -0.792643 2 
0.122987 0.21221 0.0042078 0.219608 -0.402368 -0.888748 2 
0.122888 0.212278 0.00413355 0.230401 -0.405803 -0.884443 2 
0.122443 0.212537 0.00429224 0.275445 -0.496423 -0.823222 2 
0.122688 0.212229 0.00422114 0.233801 -0.496636 -0.835877 2 
0.122504 0.212139 0.00398001 0.301232 -0.460432 -0.835022 2 
0.121913 0.212132 0.0042257 0.675923 -0.308118 -0.669471 2 
0.122296 0.211949 0.00408479 0.41974 -0.234517 -0.876824 2 
0.122795 0.21198 0.00398381 0.191035 -0.247939 -0.949754 2 
0.122541 0.211963 0.00430809 0.30309 -0.245632 -0.920761 2 
0.122591 0.212346 0.00338035 0.265437 -0.332896 -0.904833 2 
0.121436 0.21183 0.0044529 0.675923 -0.308118 -0.669471 2 
0.120543 0.211793 0.00547848 -0.272253 -0.894121 -0.355565 2 
0.120637 0.211955 0.0050977 0.0875307 -0.825085 -0.558188 2 
0.120605 0.21158 0.00493021 0.693322 -0.512891 -0.506209 2 
0.121097 0.211655 0.00461031 0.675923 -0.308118 -0.669471 2 
0.121004 0.211493 0.00499108 -0.234371 -0.693675 -0.681091 2 
0.121187 0.212554 0.00383294 0.342568 -0.839995 -0.42078 2 
0.120693 0.211972 0.00409446 0.292193 -0.897343 -0.330756 2 
0.121408 0.212332 0.0038717 0.323714 -0.79573 -0.511882 2 
0.121229 0.211826 0.0043216 0.333568 -0.559169 -0.758988 2 
0.121138 0.212034 0.00423022 0.113458 -0.785365 -0.608547 2 
0.120638 0.211819 0.00456725 0.159033 -0.758817 -0.63159 2 
0.122088 0.21176 0.00418952 0.190505 -0.505514 -0.841524 2 
0.121619 0.211599 0.0043996 0.268426 -0.488752 -0.830102 2 
0.122072 0.21148 0.00422375 -0.848114 -0.511212 0.139155 2 
0.121534 0.211256 0.00446875 -0.586327 -0.572809 -0.572809 2 
0.12197 0.211178 0.00462167 -0.849679 -0.494277 -0.183674 2 
0.121281 0.211424 0.004557 0.575664 -0.41972 -0.701745 2 
0.120934 0.211109 0.00473154 -0.225826 -0.615182 -0.75535 2 
0.121118 0.210877 0.00467821 -0.555563 -0.569072 -0.606223 2 
0.121767 0.21205 0.0040766 0.281384 -0.596153 -0.751947 2 
0.121175 0.211537 0.00426389 0.333568 -0.559169 -0.758988 2 
0.121689 0.211341 0.00407023 -0.855873 -0.485044 0.179481 2 
0.123422 0.211947 0.00459675 0.246708 -0.315959 -0.916136 2 
0.12363 0.212136 0.00449201 0.252024 -0.386237 -0.887302 2 
0.123251 0.211581 0.00502954 0.229657 -0.333652 -0.914294 2 
0.123398 0.211526 0.00464814 0.302418 -0.157367 -0.940095 2 
0.123491 0.211688 0.00426739 0.279894 -0.0728491 -0.957263 2 
0.122961 0.211604 0.00449529 0.247554 -0.185327 -0.950984 2 
0.122816 0.211523 0.0043462 0.334789 -0.129816 -0.933308 2 
0.122937 0.211184 0.00454666 -0.079981 -0.255177 -0.963581 2 
0.122223 0.21101 0.00453345 -0.882685 -0.447822 -0.142554 2 
0.121515 0.210605 0.00497521 -0.844518 -0.437034 -0.309501 2 
0.122341 0.211271 0.00380683 -0.843061 -0.490646 0.220259 2 
0.121504 0.212864 0.00301879 -0.02147 -0.14803 0.98875 2 
0.121533 0.212548 0.00336397 0.0182221 -0.258754 0.965771 2 
0.120466 0.211269 0.00523607 -0.361388 -0.724411 -0.587051 2 
0.120657 0.211178 0.00516563 -0.414111 -0.640292 -0.646945 2 
0.120535 0.21101 0.00490675 0.0293085 -0.595939 -0.802494 2 
0.120726 0.210919 0.00483628 -0.225826 -0.615182 -0.75535 2 
0.120718 0.210779 0.00485342 -0.225826 -0.615182 -0.75535 2 
0.121208 0.210484 0.00500567 -0.787532 -0.460876 -0.409129 2 
0.120948 0.210697 0.00487497 -0.558272 -0.544779 -0.625737 2 
0.110953 0.215626 0.0188568 -0.669135 -0.142849 -0.729282 1 
0.11132 0.215164 0.0187501 -0.631452 -0.181944 -0.753767 1 
0.11033 0.213767 0.0202758 -0.467946 -0.484482 -0.739124 1 
0.109729 0.213434 0.0207746 -0.668389 -0.27597 -0.690722 1 
0.110076 0.21375 0.0206 -0.668389 -0.27597 -0.690722 1 
0.109913 0.213203 0.0207213 -0.668389 -0.27597 -0.690722 1 
0.109945 0.213442 0.0203583 -0.668389 -0.27597 -0.690722 1 
0.110096 0.212972 0.0206679 -0.668389 -0.27597 -0.690722 1 
0.109941 0.212887 0.0210665 -0.626858 -0.325577 -0.707848 1 
0.110125 0.212656 0.0210132 -0.660225 -0.319568 -0.679691 1 
0.109917 0.212466 0.0211179 -0.660225 -0.319568 -0.679691 1 
0.110617 0.214529 0.0196469 -0.498092 -0.314667 -0.808015 1 
0.110933 0.214469 0.0193048 -0.506653 -0.304623 -0.806541 1 
0.110564 0.214425 0.0193531 -0.417287 -0.404497 -0.81379 1 
0.111054 0.21413 0.0195053 -0.382113 -0.482076 -0.788411 1 
0.110517 0.214091 0.0195143 -0.544903 -0.428966 -0.720464 1 
0.110014 0.213184 0.020029 -0.668389 -0.27597 -0.690722 1 
0.123447 0.208504 0.00329468 -0.961183 -0.137312 -0.239315 1 
0.123324 0.208658 0.00333021 -0.937485 -0.236118 -0.255678 1 
0.12504 0.210282 0.000503603 -0.56545 0.821825 -0.069791 1 
0.124644 0.209769 0.00136986 -0.552291 0.823282 0.131077 1 
0.124167 0.209468 0.00159713 -0.705388 0.708204 0.0295672 1 
0.123634 0.208828 0.00253316 -0.958253 -0.124194 -0.257539 1 
0.123426 0.208639 0.00263789 -0.965777 -0.106172 -0.236647 1 
0.123411 0.208544 0.00243608 -0.756648 0.649997 0.0706205 1 
0.12321 0.208309 0.00275973 -0.903235 0.428406 -0.0252004 1 
0.123182 0.208489 0.00188403 -0.754198 0.65402 0.0586758 1 
0.12296 0.208712 0.00184534 -0.811502 0.584336 -0.0041054 1 
0.122846 0.208684 0.00156936 -0.835113 0.544886 -0.075402 1 
0.123144 0.20848 0.00179202 -0.790812 0.61202 0.00687663 1 
0.123161 0.208624 0.00122724 -0.664509 0.740789 0.0982828 1 
0.126761 0.210193 0.00175543 -0.574202 0.816863 0.0550218 1 
0.126554 0.210004 0.00186015 -0.539883 0.832502 0.124363 1 
0.123432 0.208409 0.00309285 -0.972071 -0.0809022 -0.220303 1 
0.124007 0.208135 0.0028815 -0.675843 0.726569 0.12383 1 
0.123414 0.208265 0.00365762 -0.971848 -0.0252272 -0.234253 1 
0.123259 0.207858 0.00376172 -0.974679 0.145004 -0.170222 1 
0.123691 0.208196 0.00322356 -0.938927 0.331621 -0.0918949 1 
0.12355 0.207378 0.00347108 -0.827627 0.561264 0.00407698 1 
0.123667 0.207775 0.00327495 -0.830983 0.556256 0.00680019 1 
0.123398 0.207663 0.00339745 -0.850788 0.524721 -0.0287706 1 
0.124125 0.207426 0.00355413 -0.794343 0.606615 0.032222 1 
0.123734 0.207146 0.00341775 -0.743462 0.661019 0.101582 1 
0.126412 0.210478 0.00100289 -0.608347 0.788383 -0.0914698 1 
0.12582 0.210149 0.000954084 -0.564473 0.821701 -0.0785975 1 
0.125404 0.209771 0.00116354 -0.540416 0.838283 0.0723391 1 
0.125702 0.209567 0.00138626 -0.502417 0.850131 0.15765 1 
0.12599 0.21033 0.000757352 -0.577543 0.80856 -0.112584 1 
0.125183 0.209993 0.00112483 -0.564387 0.8255 0.0040799 1 
0.125391 0.210182 0.00102013 -0.562616 0.824888 -0.0549925 1 
0.124852 0.209958 0.00126512 -0.582083 0.812111 0.0406757 1 
0.125036 0.209727 0.0012118 -0.545277 0.833023 0.0935172 1 
0.125219 0.209496 0.00115849 -0.553077 0.825986 0.108873 1 
0.125029 0.20945 0.000698462 -0.586353 0.809857 -0.0179355 1 
0.125484 0.209702 5.04963e-005 -0.564473 0.821701 -0.0785975 1 
0.125106 0.209332 0.000351951 -0.587103 0.808492 -0.0406348 1 
0.12513 0.209431 6.13928e-006 -0.56545 0.821825 -0.069791 1 
0.124839 0.209269 -0.000292104 -0.564473 0.821701 -0.0785975 1 
0.124755 0.209111 -0.000458978 -0.564473 0.821701 -0.0785975 1 
0.124157 0.208957 0.00208634 -0.712385 0.697877 0.0739952 1 
0.123896 0.208664 0.00189729 -0.562707 0.80365 0.193669 1 
0.124767 0.209615 0.00133429 -0.552291 0.823282 0.131077 1 
0.124483 0.209407 0.00125502 -0.562444 0.814728 0.140982 1 
0.12436 0.209562 0.00129057 -0.593734 0.797967 0.103575 1 
0.124237 0.209209 0.00126774 -0.594241 0.796723 0.110045 1 
0.12443 0.209303 0.000961225 -0.581311 0.809219 0.085105 1 
0.124874 0.209365 0.00109698 -0.599667 0.797171 0.0701281 1 
0.124935 0.209288 0.00107922 -0.555643 0.822468 0.121684 1 
0.124783 0.209252 0.000711173 -0.583203 0.810241 0.0581784 1 
0.124628 0.209167 0.00110972 -0.593734 0.797967 0.103575 1 
0.124344 0.20896 0.00103042 -0.586519 0.801135 0.119068 1 
0.124029 0.20902 0.00137247 -0.572252 0.799938 0.180631 1 
0.124104 0.208532 0.00149815 -0.576173 0.793193 0.197152 1 
0.12402 0.208558 0.00109519 -0.577855 0.798134 0.17049 1 
0.125188 0.208799 0.000696559 -0.585252 0.806698 0.081964 1 
0.123741 0.208579 0.00229582 -0.646869 0.751444 0.129971 1 
0.123741 0.208579 0.00229582 -0.646869 0.751444 0.129971 1 
0.123627 0.208552 0.00201977 -0.585605 0.789426 0.184047 1 
0.123464 0.208326 0.00243545 -0.602938 0.779111 0.171617 1 
0.123925 0.208347 0.00224247 -0.568237 0.799797 0.193475 1 
0.123185 0.207889 0.00281117 -0.625935 0.759955 0.17514 1 
0.123512 0.208524 0.00174376 -0.61043 0.774019 0.168133 1 
0.123911 0.208437 0.00180463 -0.566168 0.801181 0.19381 1 
0.123276 0.207359 0.0026081 -0.64386 0.73959 0.196092 1 
0.124829 0.20908 0.000491589 -0.576329 0.816349 0.0376777 1 
0.12436 0.208919 0.000701711 -0.58718 0.802819 0.103449 1 
0.124291 0.208856 0.000736628 -0.58718 0.802819 0.103449 1 
0.124507 0.208864 0.000320338 -0.576329 0.816349 0.0376777 1 
0.124462 0.2089 9.38773e-006 -0.586353 0.809857 -0.0179355 1 
0.124029 0.208377 0.000783611 -0.574288 0.798548 0.180317 1 
0.12407 0.20862 -0.000127021 -0.614915 0.787374 -0.0438216 1 
0.124046 0.208521 0.000218838 -0.585252 0.806698 0.081964 1 
0.124592 0.208564 -0.000337712 -0.5846 0.809989 -0.0464863 1 
0.123526 0.206957 0.00352246 -0.72436 0.679921 0.114061 1 
0.123563 0.206781 0.00385056 -0.747364 0.660629 0.0708333 1 
0.126454 0.214195 0.00866267 0.884912 -0.362078 -0.292968 1 
0.127469 0.217811 0.00603927 0.924506 -0.116419 -0.362954 1 
0.127133 0.218006 0.00572452 0.879492 -0.0911754 -0.467099 1 
0.127223 0.217613 0.00605195 0.913941 -0.156797 -0.374334 1 
0.126511 0.217945 0.0060971 0.913941 -0.156797 -0.374334 1 
0.126656 0.217705 0.00595175 0.913941 -0.156797 -0.374334 1 
0.127175 0.217093 0.00644917 0.943405 -0.176632 -0.280694 1 
0.126816 0.217053 0.00594983 0.949907 -0.182935 -0.253399 1 
0.127113 0.216849 0.00617256 0.94841 -0.189138 -0.254451 1 
0.126726 0.217768 0.00591686 0.913941 -0.156797 -0.374334 1 
0.127109 0.217586 0.00577589 0.921286 -0.140347 -0.362678 1 
0.126625 0.217329 0.00578424 0.942911 -0.159193 -0.292534 1 
0.126648 0.217243 0.00567446 0.942911 -0.159193 -0.292534 1 
0.126379 0.217131 0.00579694 0.926688 -0.180851 -0.329458 1 
0.126563 0.2169 0.00574363 0.947543 -0.203142 -0.24677 1 
0.126562 0.216578 0.00544924 0.945855 -0.218274 -0.240239 1 
0.126355 0.216711 0.00584838 0.941129 -0.200387 -0.27225 1 
0.126462 0.216461 0.005611 0.942783 -0.205073 -0.262878 1 
0.127118 0.216434 0.00686358 0.944262 -0.195979 -0.264503 1 
0.127274 0.216704 0.00622899 0.944918 -0.181873 -0.272125 1 
0.126899 0.216705 0.00605833 0.941544 -0.191617 -0.277087 1 
0.12806 0.216341 0.00713445 0.963096 -0.163792 -0.213585 1 
0.127514 0.215334 0.00680773 0.942318 -0.231082 -0.242152 1 
0.126903 0.215647 0.00616051 0.94771 -0.22291 -0.22838 1 
0.127546 0.215573 0.00644472 0.943169 -0.213418 -0.254725 1 
0.126852 0.216556 0.00598343 0.943964 -0.196487 -0.265189 1 
0.126767 0.216212 0.00605267 0.948361 -0.208776 -0.238796 1 
0.126661 0.216325 0.0057595 0.942783 -0.205073 -0.262878 1 
0.126283 0.215956 0.00606096 0.94771 -0.22291 -0.22838 1 
0.126383 0.216073 0.00589909 0.948361 -0.208776 -0.238796 1 
0.126742 0.215792 0.00610407 0.94771 -0.22291 -0.22838 1 
0.126604 0.215666 0.00617387 0.949416 -0.224754 -0.219306 1 
0.126581 0.21543 0.00598923 0.949416 -0.224754 -0.219306 1 
0.126474 0.215222 0.00540165 0.949416 -0.224754 -0.219306 1 
0.127003 0.215121 0.00540986 0.949416 -0.224754 -0.219306 1 
0.126795 0.214932 0.00551454 0.949416 -0.224754 -0.219306 1 
0.12653 0.215375 0.00492886 0.944972 -0.209841 -0.250987 1 
0.126571 0.215939 0.00431269 0.260877 -0.298351 0.918112 1 
0.126482 0.215171 0.00790309 0.900798 -0.251283 -0.354147 1 
0.12651 0.215504 0.00655466 0.949416 -0.224754 -0.219306 1 
0.126829 0.214843 0.00713965 0.942318 -0.231082 -0.242152 1 
0.12713 0.215194 0.00665413 0.949416 -0.224754 -0.219306 1 
0.126714 0.214816 0.00686364 0.949416 -0.224754 -0.219306 1 
0.126497 0.214302 0.00722157 0.939797 -0.248484 -0.234602 1 
0.126119 0.213932 0.00752307 0.934461 -0.273193 -0.228361 1 
0.126351 0.215191 0.00567323 0.949416 -0.224754 -0.219306 1 
0.126257 0.214708 0.00575956 0.949416 -0.224754 -0.219306 1 
0.125772 0.214587 0.00629832 0.874306 -0.31475 -0.369489 1 
0.126351 0.21487 0.00537881 0.949416 -0.224754 -0.219306 1 
0.125443 0.214095 0.00561372 0.60486 -0.41263 -0.681088 1 
0.12591 0.214071 0.00563967 0.723031 -0.441761 -0.531105 1 
0.125487 0.213874 0.0061607 0.658056 -0.506585 -0.557076 1 
0.125274 0.213778 0.00527992 0.517133 -0.396414 -0.75857 1 
0.125127 0.213512 0.00536688 0.553221 -0.502775 -0.664201 1 
0.126931 0.213532 0.00755213 0.909843 -0.327544 -0.254756 1 
0.126756 0.213582 0.00729388 0.929158 -0.295577 -0.222036 1 
0.126817 0.213505 0.0072761 0.929129 -0.30031 -0.215716 1 
0.126703 0.213478 0.0070001 0.910318 -0.30831 -0.276164 1 
0.126596 0.213591 0.00670694 0.939572 -0.275368 -0.203413 1 
0.126776 0.213447 0.00795068 0.888679 -0.365926 -0.276312 1 
0.126457 0.213601 0.00730722 0.929158 -0.295577 -0.222036 1 
0.126235 0.213502 0.00697408 0.910684 -0.358231 -0.205731 1 
0.126135 0.21357 0.00689989 0.914246 -0.345892 -0.21098 1 
0.126731 0.213996 0.00541557 0.945072 -0.24827 -0.212607 1 
0.126384 0.213817 0.00612062 0.927001 -0.299536 -0.225717 1 
0.126218 0.214192 0.00560918 0.927569 -0.265628 -0.262788 1 
0.126416 0.214056 0.00575767 0.945072 -0.24827 -0.212607 1 
0.126434 0.2142 0.00519288 0.926404 -0.274648 -0.257572 1 
0.126579 0.21396 0.00504751 0.920353 -0.275098 -0.277978 1 
0.126163 0.213903 0.00555143 0.801705 -0.412902 -0.432182 1 
0.125434 0.212477 0.00697172 0.644475 -0.489667 -0.587263 1 
0.125394 0.213254 0.00571653 0.591255 -0.654903 -0.470659 1 
0.125311 0.213281 0.00531358 0.559183 -0.582834 -0.589592 1 
0.125784 0.213027 0.00579453 0.639889 -0.643213 -0.420498 1 
0.125886 0.213008 0.0051022 0.626542 -0.609745 -0.485444 1 
0.125688 0.212494 0.0066474 0.684284 -0.496901 -0.533708 1 
0.126322 0.214222 0.00415029 0.924932 -0.264471 -0.273048 1 
0.126197 0.213684 0.00436355 0.751479 -0.43247 -0.498245 1 
0.125858 0.21383 0.00481541 0.653672 -0.443026 -0.613549 1 
0.125559 0.213528 0.00453429 0.603272 -0.52554 -0.599892 1 
0.125979 0.21317 0.00472144 0.632904 -0.606043 -0.481813 1 
0.125889 0.213563 0.004394 0.633328 -0.542128 -0.552262 1 
0.126138 0.21381 0.00361473 0.771432 -0.484388 -0.412627 1 
0.126556 0.213403 0.00456846 0.864601 -0.391604 -0.314819 1 
0.126073 0.213332 0.00434068 0.665915 -0.595819 -0.44895 1 
0.125404 0.213443 0.00493284 0.579178 -0.548784 -0.602818 1 
0.105082 0.203942 0.013307 0.294833 -0.952039 -0.081826 1 
0.104667 0.203885 0.0138109 0.315572 -0.941345 -0.119515 1 
0.104544 0.203718 0.013552 0.315572 -0.941345 -0.119515 1 
0.110376 0.204637 0.013328 0.0984429 -0.34927 -0.931836 1 
0.110311 0.204808 0.0123603 0.0291423 -0.183014 -0.982678 1 
0.110494 0.204577 0.012307 0.0924704 -0.23941 -0.966505 1 
0.107276 0.20554 0.0122413 0.149995 -0.987175 0.0546493 1 
0.107288 0.204944 0.0126208 0.149995 -0.987175 0.0546493 1 
0.107757 0.204462 0.0118218 0.131791 -0.991203 0.0121824 1 
0.110349 0.204496 0.0121579 -0.00106287 -0.090344 -0.99591 1 
0.109888 0.204153 0.0120564 -0.0266626 -0.175046 -0.984199 1 
0.109682 0.204013 0.0113945 -0.0147095 -0.155016 -0.987802 1 
0.108047 0.204439 0.0123561 0.125784 -0.992052 -0.00328132 1 
0.108154 0.20419 0.0121188 0.120862 -0.992396 0.0232853 1 
0.108079 0.204357 0.0116987 0.108145 -0.993369 0.0390212 1 
0.108263 0.204126 0.0116454 0.110216 -0.991941 0.0624934 1 
0.108819 0.203523 0.0122349 0.14062 -0.986701 0.0815357 1 
0.108407 0.2037 0.0117361 0.110216 -0.991941 0.0624934 1 
0.108903 0.204652 0.0110024 0.131573 -0.983781 0.121916 1 
0.108757 0.204571 0.0108534 0.12652 -0.987329 0.0957769 1 
0.108533 0.204102 0.0109924 0.133603 -0.988662 0.0685441 1 
0.107603 0.203919 0.0113954 0.145806 -0.988497 0.0401828 1 
0.108148 0.204099 0.0113693 0.110216 -0.991941 0.0624934 1 
0.108079 0.203714 0.0111098 0.124637 -0.988942 0.0803734 1 
0.108941 0.20434 0.0108001 0.124076 -0.984178 0.126486 1 
0.106872 0.204565 0.0128303 0.148885 -0.985024 -0.0869489 1 
0.106042 0.204315 0.0133076 0.628244 -0.0351367 0.777223 1 
0.106477 0.204052 0.0136965 0.628244 -0.0351367 0.777223 1 
0.106503 0.204336 0.0131146 0.622757 -0.116859 0.773639 1 
0.106457 0.204187 0.0130397 0.622757 -0.116859 0.773639 1 
0.106143 0.204111 0.0128513 0.641016 -0.0469036 0.766093 1 
0.105858 0.203903 0.012772 0.632243 -0.041018 0.773684 1 
0.107441 0.204658 0.0126944 0.143284 -0.989449 -0.0214362 1 
0.107109 0.204438 0.0130707 0.147931 -0.985814 -0.0792912 1 
0.106901 0.204249 0.0131755 0.159333 -0.981538 -0.105816 1 
0.10726 0.203968 0.0133804 0.129469 -0.98372 -0.124629 1 
0.107448 0.204292 0.0126189 0.132422 -0.98789 -0.0808593 1 
0.107347 0.204175 0.0127807 0.132422 -0.98789 -0.0808593 1 
0.107354 0.20413 0.0129996 0.132422 -0.98789 -0.0808593 1 
0.106579 0.204033 0.0130042 0.612967 -0.181903 0.768884 1 
0.106485 0.203871 0.0133849 0.636632 -0.0439546 0.769914 1 
0.106555 0.203612 0.0130556 0.612967 -0.181903 0.768884 1 
0.107122 0.203842 0.0134502 0.132437 -0.982947 -0.127577 1 
0.10724 0.204103 0.0127236 0.132422 -0.98789 -0.0808593 1 
0.107248 0.203922 0.012412 0.132422 -0.98789 -0.0808593 1 
0.106648 0.204096 0.0129693 0.612967 -0.181903 0.768884 1 
0.106257 0.203816 0.0128329 0.641016 -0.0469036 0.766093 1 
0.105895 0.204049 0.0133945 0.628244 -0.0351367 0.777223 1 
0.10547 0.203345 0.0138572 0.294833 -0.952039 -0.081826 1 
0.105262 0.203156 0.0139619 0.328795 -0.941846 -0.0694268 1 
0.105209 0.203052 0.0136681 0.299287 -0.950137 -0.0875642 1 
0.105351 0.204055 0.0131845 0.290371 -0.956876 0.00857635 1 
0.105796 0.204117 0.0133203 0.626773 -0.0525864 0.777426 1 
0.105474 0.2039 0.013149 0.626773 -0.0525864 0.777426 1 
0.105398 0.203882 0.012965 0.626773 -0.0525864 0.777426 1 
0.10558 0.203466 0.0131477 0.626773 -0.0525864 0.777426 1 
0.104797 0.20355 0.0134638 0.328795 -0.941846 -0.0694268 1 
0.106575 0.203477 0.0137123 0.628244 -0.0351367 0.777223 1 
0.105765 0.20342 0.0128583 0.628244 -0.0351367 0.777223 1 
0.105858 0.203582 0.0124776 0.636632 -0.0439546 0.769914 1 
0.107366 0.204183 0.0116855 0.149995 -0.987175 0.0546493 1 
0.107113 0.204029 0.0114792 0.147743 -0.988388 0.0355041 1 
0.106974 0.203903 0.0115491 0.152304 -0.987068 0.0499929 1 
0.10741 0.203825 0.011702 0.149995 -0.987175 0.0546493 1 
0.107296 0.203798 0.0114259 0.147743 -0.988388 0.0355041 1 
0.105027 0.202955 0.0157095 0.146014 -0.903021 -0.40402 1 
0.104839 0.20328 0.0147774 0.140099 -0.904273 -0.403314 1 
0.104877 0.202968 0.014575 0.140099 -0.904273 -0.403314 1 
0.105206 0.202496 0.0143763 0.146014 -0.903021 -0.40402 1 
0.111359 0.204281 0.0126299 0.43417 -0.835424 -0.336991 1 
0.111151 0.204092 0.0127346 0.389457 -0.874384 -0.289441 1 
0.110563 0.204318 0.0119776 0.0443693 -0.0681772 -0.996686 1 
0.110279 0.204111 0.0118983 0.0600995 -0.224453 -0.97263 1 
0.11012 0.203799 0.011017 0.138889 -0.295307 -0.945253 1 
0.121653 0.219688 0.0116336 0.817025 -0.455313 -0.35378 1 
0.122261 0.221453 0.0100128 0.663658 -0.459713 -0.590104 1 
0.122053 0.221264 0.0101175 0.68106 -0.490296 -0.543844 1 
0.122734 0.221199 0.0104937 0.68106 -0.490296 -0.543844 1 
0.122804 0.220941 0.0101644 0.68106 -0.490296 -0.543844 1 
0.122628 0.220991 0.00990613 0.68106 -0.490296 -0.543844 1 
0.122098 0.220906 0.010134 0.676065 -0.488176 -0.551924 1 
0.121776 0.22069 0.00996271 0.789069 -0.422889 -0.445573 1 
0.122021 0.220382 0.00989161 0.789069 -0.422889 -0.445573 1 
0.121637 0.220243 0.0097381 0.858805 -0.372922 -0.351259 1 
0.122392 0.220147 0.0110649 0.635315 -0.537574 -0.554426 1 
0.121882 0.2191 0.0115967 0.8151 -0.465545 -0.344789 1 
0.122548 0.21894 0.0117712 0.817025 -0.455313 -0.35378 1 
0.122271 0.218688 0.0119108 0.816695 -0.475484 -0.326994 1 
0.122156 0.21866 0.0116348 0.829742 -0.46271 -0.312134 1 
0.122662 0.218646 0.0117528 0.821216 -0.460451 -0.337031 1 
0.122548 0.218618 0.0114767 0.828679 -0.457582 -0.322351 1 
0.12251 0.220408 0.0103383 0.789119 -0.426156 -0.44236 1 
0.121938 0.219438 0.0108879 0.817025 -0.455313 -0.35378 1 
0.121748 0.219714 0.0107223 0.828093 -0.446382 -0.339124 1 
0.121821 0.220011 0.0096848 0.866594 -0.384982 -0.317495 1 
0.121663 0.218722 0.0124852 0.798153 -0.487849 -0.353491 1 
0.122115 0.218096 0.012251 0.82487 -0.483652 -0.292696 1 
0.12176 0.217641 0.0124426 0.806681 -0.544471 -0.229819 1 
0.12191 0.218462 0.0116475 0.823514 -0.470804 -0.316494 1 
0.12088 0.217841 0.0119179 0.815377 -0.490488 -0.307541 1 
0.120396 0.216429 0.0135615 0.689044 -0.712958 -0.130036 1 
0.120946 0.217349 0.0125912 0.804274 -0.552073 -0.219907 1 
0.120587 0.217309 0.0120919 0.803931 -0.546797 -0.233899 1 
0.120746 0.216657 0.01209 0.792315 -0.565939 -0.227926 1 
0.120306 0.21618 0.0126452 0.699361 -0.710944 -0.0738455 1 
0.120968 0.217269 0.0101989 0.753595 -0.504039 -0.421948 1 
0.120419 0.217499 0.0118165 0.774529 -0.540406 -0.328734 1 
0.120741 0.217394 0.0116933 0.813345 -0.506186 -0.286786 1 
0.120427 0.217318 0.0115049 0.749367 -0.52636 -0.401739 1 
0.12068 0.216828 0.0111223 0.74256 -0.53602 -0.401605 1 
0.120365 0.216888 0.0114643 0.743128 -0.550405 -0.380547 1 
0.120142 0.216604 0.0113673 0.743128 -0.550405 -0.380547 1 
0.119934 0.216415 0.011472 0.656776 -0.713476 -0.244125 1 
0.119958 0.216514 0.0111261 0.709203 -0.621567 -0.332693 1 
0.119734 0.216044 0.0112651 0.722474 -0.592004 -0.35716 1 
0.119789 0.216197 0.0107923 0.778415 -0.48265 -0.401396 1 
0.121774 0.217229 0.012586 0.804274 -0.552073 -0.219907 1 
0.121659 0.217202 0.01231 0.804274 -0.552073 -0.219907 1 
0.121189 0.216534 0.0124617 0.78169 -0.595791 -0.184375 1 
0.120599 0.216391 0.0121769 0.754569 -0.640559 -0.142513 1 
0.120987 0.215794 0.012727 0.843014 -0.474483 -0.253365 1 
0.120838 0.216634 0.0119453 0.792315 -0.565939 -0.227926 1 
0.120443 0.216634 0.0105873 0.74256 -0.53602 -0.401605 1 
0.121307 0.219886 0.00958394 0.823445 -0.433142 -0.366505 1 
0.117803 0.217558 0.00930771 -0.0448243 -0.995975 -0.0776226 1 
0.119648 0.216993 0.0102295 0.742832 -0.542775 -0.391913 1 
0.120337 0.216747 0.0102942 0.74256 -0.53602 -0.401605 1 
0.119717 0.216735 0.00990018 0.715951 -0.563832 -0.411713 1 
0.119582 0.216842 0.00896735 0.712231 -0.573421 -0.404865 1 
0.1207 0.217021 0.00979092 0.742505 -0.50543 -0.439576 1 
0.120638 0.216777 0.00951424 0.723237 -0.527947 -0.445196 1 
0.120883 0.21679 0.00973759 0.742505 -0.50543 -0.439576 1 
0.119982 0.216291 0.0104859 0.785466 -0.455084 -0.419455 1 
0.119868 0.216264 0.0102099 0.781798 -0.459977 -0.420968 1 
0.120581 0.216117 0.00992866 0.642962 -0.694787 -0.322291 1 
0.119875 0.216219 0.0104287 0.794943 -0.420852 -0.436977 1 
0.119622 0.216066 0.0102226 0.813815 -0.414102 -0.407707 1 
0.119338 0.215859 0.0101433 0.715951 -0.563832 -0.411713 1 
0.119838 0.216074 0.00980623 0.822682 -0.309882 -0.476621 1 
0.117662 0.217062 0.00984962 0.370545 -0.865631 -0.33672 1 
0.113487 0.207978 0.0123631 0.891237 -0.452968 -0.0227152 1 
0.113622 0.20787 0.0132959 0.893026 -0.448533 -0.0363676 1 
0.113477 0.207146 0.0125579 0.852716 -0.522373 -0.00134286 1 
0.113622 0.206906 0.0124126 0.854757 -0.518815 -0.0149007 1 
0.113359 0.206564 0.01299 0.801963 -0.593253 0.0700467 1 
0.113137 0.206786 0.0129514 0.78097 -0.61869 0.0854865 1 
0.113231 0.206948 0.0125706 0.847328 -0.530774 0.0177379 1 
0.113083 0.207652 0.0112583 0.883251 -0.468854 -0.00664098 1 
0.111619 0.205545 0.0114197 0.513206 -0.690405 -0.509863 1 
0.112281 0.205287 0.0131272 0.669081 -0.734358 0.114233 1 
0.113137 0.205821 0.0120681 0.708234 -0.68691 0.16297 1 
0.113646 0.206362 0.0114779 0.848067 -0.529873 0.00404483 1 
0.113071 0.206314 0.0113948 0.732435 -0.662679 0.156192 1 
0.113435 0.205617 0.0122908 0.708234 -0.68691 0.16297 1 
0.11319 0.205604 0.0120674 0.700772 -0.700772 0.133552 1 
0.111783 0.205121 0.0126977 0.611069 -0.762676 -0.211941 1 
0.111967 0.204889 0.0126444 0.6272 -0.769543 -0.120102 1 
0.112362 0.205403 0.0117782 0.665625 -0.746223 -0.0097273 1 
0.113273 0.205256 0.0121759 0.678723 -0.728564 0.0923532 1 
0.113019 0.206073 0.0105705 0.712528 -0.701329 -0.0209979 1 
0.11198 0.204478 0.0127878 0.551592 -0.833609 -0.0290312 1 
0.111232 0.20485 0.0119744 0.417251 -0.733901 -0.535995 1 
0.115929 0.211634 0.0206654 0.87203 -0.482906 -0.0797845 1 
0.116133 0.211268 0.0212689 0.87203 -0.482906 -0.0797845 1 
0.115444 0.210871 0.0206154 0.87203 -0.482906 -0.0797845 1 
0.115474 0.21074 0.0207245 0.87203 -0.482906 -0.0797845 1 
0.115737 0.211083 0.020147 0.87203 -0.482906 -0.0797845 1 
0.11476 0.210053 0.0229354 0.883893 -0.466835 -0.0282523 1 
0.115277 0.210412 0.0220336 0.87203 -0.482906 -0.0797845 1 
0.114992 0.210341 0.0224849 0.883893 -0.466835 -0.0282523 1 
0.115037 0.209984 0.0225013 0.883893 -0.466835 -0.0282523 1 
0.114829 0.209795 0.0226061 0.883893 -0.466835 -0.0282523 1 
0.114858 0.209479 0.0229513 0.883893 -0.466835 -0.0282523 1 
0.115163 0.210064 0.0214632 0.87203 -0.482906 -0.0797845 1 
0.114546 0.210607 0.020361 0.87203 -0.482906 -0.0797845 1 
0.115211 0.210262 0.0207715 0.87203 -0.482906 -0.0797845 1 
0.114881 0.210227 0.0209117 0.87203 -0.482906 -0.0797845 1 
0.115404 0.210356 0.0204649 0.87203 -0.482906 -0.0797845 1 
0.115786 0.209989 0.0205601 0.87203 -0.482906 -0.0797845 1 
0.114996 0.208962 0.0222926 0.883893 -0.466835 -0.0282523 1 
0.115346 0.209833 0.0214099 0.87203 -0.482906 -0.0797845 1 
0.114992 0.209698 0.021896 0.87203 -0.482906 -0.0797845 1 
0.115 0.209517 0.0215844 0.87203 -0.482906 -0.0797845 1 
0.114967 0.209278 0.0219474 0.876954 -0.478711 -0.0422793 1 
0.115322 0.210568 0.019826 0.87203 -0.482906 -0.0797845 1 
0.115051 0.211241 0.0187853 -0.361891 -0.922059 -0.137269 1 
0.1146 0.210575 0.0201243 0.87203 -0.482906 -0.0797845 1 
0.115506 0.210337 0.0197726 0.87203 -0.482906 -0.0797845 1 
0.115141 0.210527 0.0188183 0.108483 -0.985881 -0.127557 1 
0.115287 0.209699 0.0150351 0.769177 -0.586714 -0.253246 1 
0.114777 0.21045 0.0145204 0.753279 -0.626962 -0.198718 1 
0.114417 0.210225 0.0142571 0.784072 -0.579935 -0.221149 1 
0.11469 0.2096 0.0145312 0.804454 -0.569004 -0.17055 1 
0.114066 0.209033 0.0148454 0.842472 -0.530657 -0.0929723 1 
0.114622 0.209401 0.0140357 0.842472 -0.530657 -0.0929723 1 
0.114108 0.209597 0.0142292 0.842472 -0.530657 -0.0929723 1 
0.114084 0.209177 0.0142807 0.843498 -0.524101 -0.117596 1 
0.114177 0.209339 0.0138999 0.843498 -0.524101 -0.117596 1 
0.114029 0.208887 0.0142229 0.843498 -0.524101 -0.117596 1 
0.116689 0.210085 0.0159378 0.834903 -0.546713 0.0635713 1 
0.115471 0.209468 0.0149817 0.769177 -0.586714 -0.253246 1 
0.115393 0.208943 0.0147393 0.830167 -0.544204 -0.121096 1 
0.115287 0.209056 0.0144461 0.842472 -0.530657 -0.0929723 1 
0.114035 0.208657 0.0146779 0.842472 -0.530657 -0.0929723 1 
0.114516 0.208222 0.0148473 0.842472 -0.530657 -0.0929723 1 
0.114475 0.209135 0.0141226 0.843498 -0.524101 -0.117596 1 
0.114634 0.208805 0.0144151 0.842472 -0.530657 -0.0929723 1 
0.114099 0.208629 0.0138935 0.920118 -0.378711 -0.0998048 1 
0.115339 0.208654 0.0146816 0.842472 -0.530657 -0.0929723 1 
0.115556 0.208847 0.0140292 0.842472 -0.530657 -0.0929723 1 
0.113832 0.208374 0.0157681 0.833565 -0.539708 -0.117834 1 
0.113956 0.20859 0.0152605 0.842472 -0.530657 -0.0929723 1 
0.113586 0.208176 0.0157808 0.872427 -0.48061 -0.0887931 1 
0.114101 0.208486 0.0156456 0.833565 -0.539708 -0.117834 1 
0.114153 0.208084 0.015881 0.836908 -0.535215 -0.114585 1 
0.114284 0.208255 0.0155923 0.842472 -0.530657 -0.0929723 1 
0.114128 0.207664 0.0159325 0.839172 -0.532968 -0.108327 1 
0.113828 0.207176 0.0158874 0.86788 -0.494952 -0.0425028 1 
0.114064 0.208341 0.0150231 0.842472 -0.530657 -0.0929723 1 
0.11397 0.207858 0.0151095 0.877362 -0.474137 -0.0736928 1 
0.114101 0.207844 0.0150568 0.842472 -0.530657 -0.0929723 1 
0.113693 0.207927 0.0155435 0.877362 -0.474137 -0.0736928 1 
0.11353 0.20738 0.0156647 0.871357 -0.484087 -0.0799796 1 
0.114095 0.208074 0.0146018 0.875929 -0.472522 -0.0973254 1 
0.113887 0.207563 0.014412 0.932005 -0.306011 -0.194226 1 
0.11388 0.207608 0.0141931 0.932005 -0.306011 -0.194226 1 
0.113831 0.20741 0.0148848 0.911587 -0.411057 -0.00648355 1 
0.113648 0.206998 0.0143492 0.883893 -0.466835 -0.0282523 1 
0.113814 0.208422 0.0138142 0.919694 -0.368712 -0.134963 1 
0.114376 0.20856 0.0134595 0.93016 -0.342112 -0.133273 1 
0.0989479 0.226378 0.0304902 0.219262 -0.973818 -0.0600215 0 
0.0993774 0.226345 0.0304242 0.109056 -0.988542 -0.104366 0 
0.100011 0.225946 0.0309616 0.0890129 -0.990702 -0.102885 0 
0.0997308 0.226294 0.0301742 0.344567 -0.761929 0.548395 0 
0.099561 0.226114 0.0303709 0.118697 -0.988357 -0.0951925 0 
0.0999144 0.226063 0.0301208 0.361977 -0.712488 0.601111 0 
0.0995507 0.226247 0.031449 0.107431 -0.983781 -0.143644 0 
0.0991348 0.225868 0.0316584 -0.691617 -0.632756 0.348261 0 
0.100022 0.225814 0.0298835 0.370381 -0.660101 0.653517 0 
0.12097 0.212491 0.0072984 -0.306655 -0.88069 -0.361037 0 
0.123498 0.211131 0.00671046 -0.0494708 -0.410474 -0.910529 0 
0.122693 0.211164 0.00660589 -0.626844 -0.562639 -0.538984 0 
0.122816 0.21101 0.00657031 -0.632167 -0.544507 -0.55125 0 
0.122538 0.210758 0.00670996 -0.716161 -0.49018 -0.496826 0 
0.122989 0.209947 0.00671181 -0.628626 -0.40305 -0.665116 0 
0.123907 0.209434 0.00703409 -0.581664 0.0942846 -0.807947 0 
0.124228 0.209465 0.00744147 -0.572921 0.245091 -0.782107 0 
0.123944 0.209258 0.00736217 -0.581438 0.238499 -0.777849 0 
0.124472 0.209157 0.00737036 -0.514162 0.334766 -0.789664 0 
0.124265 0.208968 0.00747506 -0.522379 0.345574 -0.77955 0 
0.123484 0.210899 0.00597821 -0.933412 -0.307428 0.185013 0 
0.123521 0.210402 0.00601181 -0.92663 -0.288949 0.240554 0 
0.122691 0.210151 0.00648912 -0.715133 -0.389624 -0.580326 0 
0.123359 0.21004 0.00589698 -0.702525 -0.365182 -0.61082 0 
0.101965 0.22473 0.0277721 0.636797 -0.439574 0.633454 0 
0.101757 0.22454 0.0278768 0.567411 -0.477027 0.671185 0 
0.102109 0.224304 0.0278628 0.74975 -0.36593 0.551335 0 
0.102072 0.22448 0.0275347 0.74975 -0.36593 0.551335 0 
0.102141 0.224222 0.0272054 0.88948 -0.2073 0.407249 0 
0.102564 0.224234 0.0269204 0.656807 -0.424015 0.623551 0 
0.102462 0.223932 0.0273183 0.646334 -0.4359 0.626293 0 
0.102572 0.224053 0.0266089 0.623062 -0.420359 0.659615 0 
0.103234 0.222831 0.0274331 -0.534219 -0.839487 -0.0993561 0 
0.102786 0.22369 0.0266647 0.36657 -0.502218 0.783201 0 
0.102532 0.223673 0.026989 0.623062 -0.420359 0.659615 0 
0.102788 0.224061 0.0261926 -0.461729 -0.848292 0.259243 0 
0.102972 0.223829 0.0261392 -0.479472 -0.877475 0.0120202 0 
0.102601 0.223415 0.0266596 -0.293285 -0.885873 0.359463 0 
0.10267 0.223157 0.0263303 -0.479472 -0.877475 0.0120202 0 
0.102702 0.223396 0.0259673 -0.479472 -0.877475 0.0120202 0 
0.103173 0.22245 0.0266259 -0.606285 -0.69219 -0.391525 0 
0.102923 0.222667 0.0259476 -0.574477 -0.783095 -0.238198 0 
0.10537 0.222805 0.0258985 0.549047 0.714923 0.432935 0 
0.104996 0.222348 0.0249029 0.571896 0.619132 0.538155 0 
0.105121 0.221915 0.0260889 0.549082 0.74786 0.373115 0 
0.106867 0.221794 0.0241818 -0.439367 0.53553 -0.721224 0 
0.107242 0.221608 0.0245886 -0.424472 0.546694 -0.721768 0 
0.107188 0.221504 0.0242948 -0.707216 -0.67287 -0.217005 0 
0.107488 0.221485 0.0242814 -0.440823 0.557267 -0.703654 0 
0.107442 0.2212 0.023676 -0.714028 -0.673931 -0.189688 0 
0.107626 0.220968 0.0236226 -0.488001 0.501325 -0.714513 0 
0.108024 0.22056 0.0233891 -0.712222 -0.671878 -0.20327 0 
0.107788 0.220687 0.0231486 -0.712222 -0.671878 -0.20327 0 
0.10742 0.220828 0.0229608 -0.710235 -0.672936 -0.206698 0 
0.107465 0.220471 0.0229773 -0.712222 -0.671878 -0.20327 0 
0.105737 0.222342 0.0257918 0.566724 0.509547 0.647445 0 
0.105914 0.222156 0.0255196 0.0942442 0.8018 -0.590114 0 
0.105575 0.221981 0.025677 0.566187 0.488903 0.663631 0 
0.106097 0.221925 0.0254662 0.14378 0.816732 -0.558817 0 
0.10579 0.221804 0.0254967 0.0853147 0.790969 -0.605879 0 
0.105983 0.221898 0.0251902 0.128052 0.813937 -0.566665 0 
0.106389 0.221951 0.0252339 0.138411 0.799211 -0.584897 0 
0.106697 0.221751 0.024909 0.230446 0.881641 -0.411829 0 
0.106989 0.221777 0.0246768 -0.487757 0.464609 -0.739075 0 
0.106752 0.221904 0.0244363 -0.441875 0.458181 -0.771244 0 
0.105349 0.222297 0.0246528 0.0914698 0.788383 -0.608347 0 
0.105387 0.221984 0.0244504 0.575638 0.455505 0.679085 0 
0.105263 0.221953 0.024722 0.576689 0.542866 0.610513 0 
0.105571 0.221753 0.0243971 0.119273 0.802517 -0.584586 0 
0.105378 0.221659 0.0247036 0.575638 0.455505 0.679085 0 
0.105561 0.221428 0.0246503 0.575638 0.455505 0.679085 0 
0.106476 0.221515 0.0240454 -0.522379 0.345574 -0.77955 0 
0.106344 0.221344 0.0243341 0.260149 0.903908 -0.339517 0 
0.105953 0.221386 0.0244922 0.193999 0.869292 -0.454638 0 
0.106136 0.221155 0.0244389 0.222935 0.890265 -0.39715 0 
0.105928 0.220965 0.0245436 0.156323 0.869271 -0.468968 0 
0.10747 0.221341 0.0248461 -0.713672 -0.660343 -0.233708 0 
0.106953 0.220339 0.0251591 -0.450805 0.497042 -0.741434 0 
0.106911 0.221252 0.0244344 -0.424472 0.546694 -0.721768 0 
0.107439 0.220966 0.0246786 -0.71979 -0.64702 -0.251531 0 
0.107103 0.221161 0.0243639 -0.461414 0.534707 -0.707945 0 
0.107034 0.221098 0.0243988 -0.461414 0.534707 -0.707945 0 
0.106451 0.221095 0.0240968 -0.50444 0.451515 -0.735986 0 
0.106683 0.221198 0.0238824 -0.461414 0.534707 -0.707945 0 
0.106704 0.220605 0.0237142 -0.4363 0.559061 -0.705048 0 
0.10632 0.220923 0.0243856 0.233154 0.89889 -0.370994 0 
0.106382 0.22071 0.0238373 -0.477695 0.52097 -0.707388 0 
0.106676 0.220921 0.023369 -0.714028 -0.673931 -0.189688 0 
0.10738 0.22077 0.0236354 -0.713145 -0.672924 -0.196463 0 
0.107004 0.22045 0.0231703 -0.488001 0.501325 -0.714513 0 
0.107212 0.220639 0.0230656 -0.488001 0.501325 -0.714513 0 
0.106821 0.220681 0.0232236 -0.713145 -0.672924 -0.196463 0 
0.107396 0.220408 0.0230123 -0.712222 -0.671878 -0.20327 0 
0.105712 0.220315 0.0243711 0.19173 0.888397 -0.417122 0 
0.108518 0.220684 0.0223027 -0.423663 0.60642 -0.672877 0 
0.107767 0.220501 0.0221975 -0.409051 0.60778 -0.680647 0 
0.107657 0.220058 0.0226125 -0.423907 0.58682 -0.689888 0 
0.108886 0.220222 0.0221961 -0.521376 0.507964 -0.685668 0 
0.108571 0.220145 0.0220076 -0.521376 0.507964 -0.685668 0 
0.108733 0.220185 0.021828 -0.648123 0.347733 -0.677509 0 
0.109077 0.220131 0.0221256 -0.59971 0.401459 -0.692227 0 
0.109399 0.220025 0.0220025 -0.662814 0.322494 -0.675778 0 
0.108917 0.219954 0.0217747 -0.68863 0.293751 -0.662947 0 
0.108138 0.219623 0.0227818 -0.423663 0.60642 -0.672877 0 
0.108738 0.219449 0.0222246 -0.573733 0.470026 -0.67075 0 
0.109374 0.219098 0.0219955 -0.588448 0.350461 -0.728633 0 
0.107579 0.220176 0.0229589 -0.711259 -0.670794 -0.210109 0 
0.107726 0.2198 0.0222831 -0.423663 0.60642 -0.672877 0 
0.107766 0.219858 0.0216086 -0.537868 0.490951 -0.685321 0 
0.10884 0.219936 0.0215907 -0.68863 0.293751 -0.662947 0 
0.108872 0.219669 0.0211693 -0.603203 0.354729 -0.714362 0 
0.10828 0.219662 0.021415 -0.654398 0.323139 -0.683626 0 
0.10802 0.219875 0.0212843 -0.642587 0.330241 -0.691391 0 
0.107836 0.219599 0.0212792 -0.648518 0.326697 -0.687527 0 
0.108349 0.219403 0.0210857 -0.676269 0.268916 -0.685816 0 
0.109777 0.219431 0.0208177 -0.569848 0.404675 -0.7152 0 
0.10917 0.219786 0.0216865 -0.668565 0.258851 -0.69715 0 
0.109354 0.21974 0.0213971 -0.549219 0.417274 -0.724045 0 
0.109216 0.219614 0.0214669 -0.557877 0.396603 -0.729026 0 
0.109024 0.219705 0.0215374 -0.588448 0.350461 -0.728633 0 
0.109485 0.219405 0.02105 -0.54383 0.42151 -0.725658 0 
0.108533 0.219172 0.0210323 -0.618896 0.33625 -0.709862 0 
0.102687 0.222466 0.0276952 0.617726 -0.285718 0.732652 0 
0.102369 0.223127 0.0271102 0.6049 -0.39063 0.693905 0 
0.102158 0.222567 0.027687 0.732505 -0.321785 0.59991 0 
0.102324 0.222841 0.0265048 -0.29765 -0.889958 0.345513 0 
0.102505 0.222561 0.027218 -0.293285 -0.885873 0.359463 0 
0.102467 0.222552 0.027126 -0.293285 -0.885873 0.359463 0 
0.103255 0.222238 0.0272649 -0.594998 -0.736895 -0.32088 0 
0.102491 0.222008 0.0261913 -0.46108 -0.884998 0.0646888 0 
0.10216 0.221973 0.0263316 -0.765755 -0.184943 -0.615967 0 
0.113032 0.21784 0.0181039 -0.550786 -0.792441 -0.262055 0 
0.112942 0.217912 0.0174821 -0.498031 -0.859714 -0.113385 0 
0.112681 0.21794 0.0175874 -0.543819 -0.804108 -0.240148 0 
0.112573 0.217868 0.0175303 -0.53704 -0.815504 -0.215734 0 
0.114621 0.216621 0.0164787 -0.713431 -0.156016 -0.683137 0 
0.114935 0.216697 0.0166671 -0.728948 -0.130223 -0.672069 0 
0.114988 0.216159 0.016372 -0.744993 -0.0984508 -0.659767 0 
0.114519 0.216319 0.0168766 -0.724856 -0.247936 -0.642737 0 
0.114695 0.216133 0.0166043 -0.734179 -0.152891 -0.661518 0 
0.113497 0.215517 0.0168354 -0.322265 -0.92739 0.189981 0 
0.114785 0.215418 0.0166373 -0.744993 -0.0984508 -0.659767 0 
0.114271 0.215614 0.0168309 -0.681738 -0.1268 -0.720524 0 
0.113015 0.215952 0.0166661 -0.385311 -0.917342 0.100099 0 
0.114738 0.216882 0.0157521 -0.773794 -0.135675 -0.618737 0 
0.114751 0.216286 0.0161315 -0.766955 -0.158837 -0.621733 0 
0.114883 0.216457 0.0158428 -0.791478 -0.224588 -0.568439 0 
0.11509 0.216325 0.0154436 -0.822511 -0.25868 -0.506518 0 
0.114883 0.216136 0.0155483 -0.808924 -0.304332 -0.503015 0 
0.11524 0.215669 0.0159894 -0.767419 -0.46307 -0.443434 0 
0.115274 0.216094 0.0153903 -0.782686 -0.468316 -0.409979 0 
0.115066 0.215904 0.0154951 -0.807486 -0.33924 -0.48258 0 
0.115306 0.216333 0.0150273 -0.780395 -0.499259 -0.376464 0 
0.115074 0.215723 0.0151834 -0.713975 -0.623311 -0.318941 0 
0.114182 0.216008 0.0165035 -0.254432 -0.88828 0.382392 0 
0.113407 0.21591 0.016508 -0.296563 -0.926582 0.231291 0 
0.113199 0.215721 0.0166127 -0.35239 -0.923457 0.15182 0 
0.113912 0.215895 0.0166259 -0.273212 -0.917934 0.287667 0 
0.113659 0.215742 0.0164198 -0.360898 -0.921057 0.14631 0 
0.11385 0.215466 0.0165854 -0.306287 -0.91886 0.248768 0 
0.114581 0.215784 0.0160338 -0.78907 -0.241234 -0.564955 0 
0.114679 0.21521 0.0160497 -0.788052 -0.26583 -0.555255 0 
0.114726 0.215544 0.0158885 -0.791739 -0.340688 -0.507033 0 
0.114858 0.215715 0.0155997 -0.809697 -0.301466 -0.503496 0 
0.114165 0.215406 0.0162433 -0.235688 -0.903226 0.358655 0 
0.11408 0.215063 0.0163125 -0.723773 -0.0739728 -0.686062 0 
0.114349 0.215175 0.01619 -0.791478 -0.224588 -0.568439 0 
0.114339 0.214849 0.0164431 -0.222456 -0.935992 0.272823 0 
0.110773 0.218341 0.0199685 -0.81021 0.00136629 -0.586138 0 
0.11131 0.218059 0.0196652 -0.811097 -0.0521923 -0.582579 0 
0.111432 0.217905 0.0196296 -0.56965 0.389069 -0.723964 0 
0.110105 0.218453 0.0205607 -0.674839 0.275998 -0.684411 0 
0.111289 0.218194 0.0190084 -0.796404 -0.141417 -0.587999 0 
0.111058 0.218091 0.0192229 -0.811097 -0.0521923 -0.582579 0 
0.109617 0.218475 0.0193474 -0.746076 0.175458 -0.642327 0 
0.110022 0.218022 0.0193328 -0.850126 -0.251833 -0.462456 0 
0.109447 0.217974 0.0192497 -0.710738 0.202847 -0.673576 0 
0.109692 0.217665 0.0191786 -0.652039 0.275801 -0.706243 0 
0.111748 0.217845 0.0192876 -0.624938 0.126175 -0.770411 0 
0.111962 0.217668 0.0191073 -0.611162 0.0672707 -0.788642 0 
0.112856 0.217055 0.0197754 -0.577665 -0.0235499 -0.815934 0 
0.111473 0.217963 0.0189551 -0.762304 -0.595698 -0.253054 0 
0.111772 0.217622 0.0186473 -0.578461 0.0699866 -0.812702 0 
0.112339 0.21753 0.0187475 -0.547309 -0.820213 -0.166442 0 
0.112094 0.217517 0.0185241 -0.507373 0.0716788 -0.85874 0 
0.11198 0.21749 0.0182481 -0.507373 0.0716788 -0.85874 0 
0.111571 0.216424 0.0180876 -0.577415 -0.0550591 -0.814592 0 
0.111909 0.216278 0.0176357 -0.558461 -0.0636221 -0.827088 0 
0.112814 0.21604 0.0172841 -0.597842 -0.0974584 -0.795668 0 
0.11341 0.215631 0.0177295 -0.603204 -0.116511 -0.789032 0 
0.113456 0.215459 0.01751 -0.610484 -0.0855548 -0.787394 0 
0.112041 0.216449 0.017347 -0.56545 -0.069791 -0.821825 0 
0.112883 0.215781 0.0169548 -0.584343 -0.0639791 -0.808981 0 
0.1162 0.21572 0.0156955 -0.717162 -0.606579 -0.343132 0 
0.117797 0.214321 0.0137586 -0.504281 0.399834 -0.765397 0 
0.11789 0.214483 0.0133778 -0.571146 0.302371 -0.763128 0 
0.115326 0.215691 0.0156257 -0.723313 -0.592692 -0.354309 0 
0.11567 0.215315 0.0156289 -0.723117 -0.599618 -0.342871 0 
0.115343 0.215835 0.0150609 -0.714151 -0.63391 -0.296894 0 
0.115258 0.215492 0.0151301 -0.714151 -0.63391 -0.296894 0 
0.115204 0.215388 0.0148363 -0.717066 -0.633649 -0.290355 0 
0.115303 0.215135 0.0151466 -0.717066 -0.633649 -0.290355 0 
0.115625 0.215029 0.0150235 -0.7222 -0.632921 -0.278995 0 
0.11551 0.215002 0.0147475 -0.720405 -0.647892 -0.247492 0 
0.11587 0.215043 0.0152468 -0.7222 -0.632921 -0.278995 0 
0.115762 0.21497 0.0151898 -0.7222 -0.632921 -0.278995 0 
0.115779 0.215114 0.014625 -0.730127 -0.645701 -0.223572 0 
0.115864 0.214951 0.0144974 -0.743113 -0.634516 -0.21254 0 
0.114418 0.214916 0.0158606 -0.79131 -0.337306 -0.509955 0 
0.114838 0.214558 0.0160478 -0.749665 -0.523289 -0.40518 0 
0.11518 0.214967 0.0148877 -0.720853 -0.627736 -0.2938 0 
0.115551 0.21506 0.0140729 -0.73639 -0.643372 -0.20929 0 
0.115673 0.214906 0.0140374 -0.747873 -0.637305 -0.185817 0 
0.116105 0.214922 0.0132048 -0.737068 -0.669929 -0.0890319 0 
0.115257 0.214528 0.0142468 -0.749744 -0.625563 -0.215765 0 
0.115327 0.214269 0.0139175 -0.758494 -0.619463 -0.202368 0 
0.114703 0.214023 0.0145261 -0.734581 -0.630318 -0.251179 0 
0.116771 0.213928 0.0153089 -0.748906 -0.635109 -0.189149 0 
0.117121 0.214155 0.0138373 -0.748008 -0.657252 -0.0922201 0 
0.117627 0.214141 0.0139553 -0.739499 -0.670842 -0.0557843 0 
0.117925 0.213936 0.014178 -0.550508 0.337408 -0.763608 0 
0.116725 0.214613 0.0133043 -0.734956 -0.674072 -0.0739305 0 
0.116595 0.214305 0.0130626 -0.755526 -0.651911 -0.0647593 0 
0.116113 0.214741 0.0128932 -0.732241 -0.677359 -0.0707688 0 
0.116352 0.214662 0.0123671 -0.687105 -0.724401 0.0559438 0 
0.116451 0.214594 0.0124414 -0.708352 -0.705546 0.0210401 0 
0.116712 0.214566 0.012336 -0.810258 -0.505035 -0.297357 0 
0.116536 0.214431 0.0123138 -0.727541 -0.684995 -0.0382916 0 
0.115767 0.214425 0.0130677 -0.742522 -0.663437 -0.092266 0 
0.115791 0.214524 0.0127219 -0.735573 -0.675817 -0.0469515 0 
0.11719 0.213897 0.013508 -0.75894 -0.640586 -0.116874 0 
0.116677 0.214093 0.0137016 -0.753658 -0.651615 -0.0860074 0 
0.116917 0.2142 0.0129395 -0.726264 -0.687381 -0.00694325 0 
0.116978 0.214123 0.0129217 -0.723585 -0.689995 -0.0181946 0 
0.116757 0.214209 0.0123525 -0.725873 -0.685786 -0.052973 0 
0.11551 0.214038 0.0138642 -0.772129 -0.607 -0.188063 0 
0.117608 0.214003 0.0122376 -0.642214 0.00414332 -0.766514 0 
0.117875 0.213423 0.0122927 -0.763245 -0.21918 -0.607798 0 
0.120782 0.212754 0.0116978 -0.819667 0.18567 -0.541916 0 
0.120428 0.212484 0.0116534 -0.402997 0.625226 -0.668345 0 
0.120175 0.21233 0.0114472 -0.57621 0.407805 -0.708292 0 
0.117892 0.213697 0.014541 -0.717785 -0.695044 -0.0412193 0 
0.117546 0.213382 0.0147156 -0.723585 -0.689995 -0.0181946 0 
0.117438 0.21331 0.0146584 -0.82684 -0.513899 -0.22857 0 
0.11739 0.213303 0.0128315 -0.687909 -0.724786 -0.0382959 0 
0.117092 0.213507 0.0126089 -0.714326 -0.697079 -0.0618029 0 
0.11727 0.213506 0.0121005 -0.678632 -0.734372 -0.0125415 0 
0.117414 0.213402 0.0124857 -0.668937 -0.742478 -0.0353561 0 
0.117703 0.212552 0.0126671 -0.620406 -0.770626 0.145713 0 
0.117095 0.212264 0.0129471 -0.797455 -0.391478 -0.459141 0 
0.117733 0.21242 0.0127763 -0.618279 -0.77172 0.148928 0 
0.117602 0.212113 0.0125345 -0.592698 -0.775305 0.2182 0 
0.118132 0.212197 0.0123067 -0.590602 0.154789 -0.791978 0 
0.117671 0.211855 0.0122052 -0.621345 0.139241 -0.771066 0 
0.118177 0.211518 0.0120288 -0.67802 0.146476 -0.720301 0 
0.116252 0.214224 0.0122345 -0.719354 -0.694015 -0.0295625 0 
0.116659 0.214462 0.0120422 -0.815966 -0.354699 -0.456496 0 
0.116728 0.214204 0.0117128 -0.787653 -0.290021 -0.543591 0 
0.118783 0.212913 0.0108801 -0.761489 -0.00414604 -0.648164 0 
0.119151 0.212957 0.0108318 -0.702996 0.0589424 -0.708747 0 
0.118758 0.212814 0.0112259 -0.838683 -0.174913 -0.515768 0 
0.118734 0.212393 0.0112773 -0.814884 -0.519974 -0.256107 0 
0.118053 0.212458 0.0109011 -0.815508 -0.470302 -0.337288 0 
0.11931 0.212627 0.0111243 -0.797053 -0.08824 -0.597428 0 
0.118917 0.212162 0.011224 -0.784107 -0.138899 -0.604883 0 
0.11904 0.212008 0.0111884 -0.654715 0.189482 -0.731741 0 
0.119223 0.211777 0.0111351 -0.606287 0.289546 -0.740662 0 
0.116916 0.211629 0.010584 -0.668528 -0.0125088 -0.743581 0 
0.118532 0.211652 0.0115426 -0.797067 -0.132102 -0.589265 0 
0.118086 0.211405 0.0116429 -0.447067 0.342804 -0.826206 0 
0.118723 0.211561 0.0114721 -0.651067 0.202589 -0.731484 0 
0.119007 0.211447 0.011257 -0.566153 0.382358 -0.730255 0 
0.120404 0.212063 0.0117049 -0.626625 0.358305 -0.692069 0 
0.12066 0.211486 0.0100251 -0.842328 -0.111251 -0.527358 0 
0.120346 0.211731 0.0101312 -0.825042 -0.075522 -0.560002 0 
0.119514 0.211296 0.0108445 -0.562499 0.41074 -0.717557 0 
0.119608 0.211458 0.0104638 -0.701663 0.213144 -0.679882 0 
0.119123 0.211338 0.0110026 -0.566153 0.382358 -0.730255 0 
0.119617 0.211462 0.00991611 -0.830979 -0.130436 -0.540796 0 
0.119892 0.211344 0.0102486 -0.780372 0.0152471 -0.625129 0 
0.120003 0.21165 0.00930307 -0.838994 -0.317162 -0.442151 0 
0.119001 0.211035 0.0102132 -0.701014 0.227398 -0.675921 0 
0.119147 0.210794 0.0100678 -0.732733 0.117416 -0.67031 0 
0.120391 0.211374 0.0101476 -0.825682 -0.121295 -0.550942 0 
0.119254 0.210545 0.00983046 -0.818047 -0.115609 -0.563413 0 
0.119646 0.210503 0.00967242 -0.822382 -0.1502 -0.548751 0 
0.119583 0.210074 0.00963183 -0.819424 -0.222087 -0.528414 0 
0.120089 0.211857 0.00870338 -0.856401 -0.28036 -0.433562 0 
0.120196 0.211744 0.00899654 -0.850932 -0.212356 -0.480437 0 
0.120349 0.211644 0.00883408 -0.847464 -0.21602 -0.484913 0 
0.120443 0.211806 0.00845334 -0.876369 -0.292123 -0.382938 0 
0.120027 0.211428 0.00866281 -0.851628 -0.336618 -0.40177 0 
0.120571 0.211422 0.00887279 -0.826231 -0.358612 -0.434442 0 
0.1194 0.210305 0.00968514 -0.815874 -0.0999917 -0.569518 0 
0.119791 0.210263 0.00952712 -0.824228 -0.13076 -0.550954 0 
0.120013 0.210041 0.00956577 -0.839487 -0.0993561 -0.534219 0 
0.120603 0.209862 0.00955621 -0.854844 -0.120054 -0.504806 0 
0.120733 0.209527 0.00920912 -0.813708 -0.355101 -0.460199 0 
0.120941 0.209716 0.00910437 -0.779741 -0.328228 -0.53317 0 
0.119958 0.20943 0.0092136 -0.842897 -0.272747 -0.463825 0 
0.118984 0.210891 0.0107779 -0.562499 0.41074 -0.717557 0 
0.119053 0.210632 0.0104486 -0.543298 0.44361 -0.712767 0 
0.119 0.210528 0.0101548 -0.732733 0.117416 -0.67031 0 
0.120254 0.21181 0.00722675 -0.914741 -0.186944 -0.35819 0 
0.120654 0.211587 0.00675711 -0.660167 -0.596657 -0.456267 0 
0.121591 0.208954 0.00901863 -0.698635 -0.0125503 -0.715368 0 
0.121928 0.208945 0.00909728 -0.677797 0.0353756 -0.734398 0 
0.122388 0.209936 0.0075051 -0.773371 -0.402153 -0.490073 0 
0.12108 0.2092 0.00844571 -0.727066 -0.0587963 -0.684045 0 
0.121823 0.209243 0.00856806 -0.694015 0.0295625 -0.719354 0 
0.121892 0.208984 0.00823872 -0.650991 0.136184 -0.746769 0 
0.12218 0.208783 0.00672651 -0.75898 -0.208681 -0.616768 0 
0.121719 0.20844 0.00662505 -0.881271 -0.259727 -0.394846 0 
