0.125725 0.204295 0.0142538 -0.639958 -0.606365 -0.47199 2 
0.125698 0.204303 0.0144756 -0.651118 -0.577089 -0.492965 2 
0.125657 0.204177 0.0146555 -0.651118 -0.577089 -0.492965 2 
0.124973 0.204706 0.0134259 -0.641993 -0.615174 -0.457609 2 
0.125156 0.204544 0.013409 -0.63168 -0.628329 -0.454073 2 
0.12548 0.204369 0.0138606 -0.639958 -0.606365 -0.47199 2 
0.125454 0.204654 0.0143881 -0.60614 -0.60614 -0.514965 2 
0.125191 0.204641 0.0140409 -0.608677 -0.615422 -0.500768 2 
0.125127 0.204475 0.0143547 -0.60614 -0.60614 -0.514965 2 
0.125106 0.204512 0.0137646 -0.603284 -0.679733 -0.417147 2 
0.124905 0.204588 0.0138276 -0.608677 -0.615422 -0.500768 2 
0.124841 0.204422 0.0141414 -0.613565 -0.583141 -0.532433 2 
0.124833 0.204517 0.0143173 -0.613565 -0.583141 -0.532433 2 
0.124647 0.204804 0.0136982 -0.623546 -0.24345 -0.742915 2 
0.124798 0.204697 0.013991 -0.575702 -0.357163 -0.735528 2 
0.124531 0.205008 0.0140374 -0.633199 -0.420471 -0.649818 2 
0.125156 0.20502 0.0147442 -0.5797 -0.385919 -0.717645 2 
0.121903 0.207135 0.0154885 -0.388399 -0.279587 0.878053 2 
0.121647 0.20695 0.0156894 -0.388399 -0.279587 0.878053 2 
0.121461 0.206406 0.0165429 -0.388399 -0.279587 0.878053 2 
0.121374 0.206201 0.0169906 -0.459977 -0.420968 0.781798 2 
0.121251 0.206576 0.0167817 -0.403073 -0.304987 0.862853 2 
0.12148 0.206769 0.0168026 -0.388399 -0.279587 0.878053 2 
0.121136 0.20678 0.0171209 -0.403073 -0.304987 0.862853 2 
0.120836 0.206593 0.0168657 -0.416885 -0.335694 0.844699 2 
0.120854 0.20668 0.0168197 -0.416885 -0.335694 0.844699 2 
0.121172 0.205923 0.0174718 -0.573257 -0.657312 0.489201 2 
0.121062 0.206433 0.0173048 -0.474516 -0.454813 0.753644 2 
0.120768 0.206475 0.0172674 -0.44113 -0.399423 0.803658 2 
0.120629 0.206163 0.0164052 -0.458181 -0.441875 0.771244 2 
0.120546 0.206865 0.017046 -0.523693 -0.493577 0.694354 2 
0.120618 0.206859 0.0172803 -0.510385 -0.48046 0.713208 2 
0.120493 0.205926 0.0172086 -0.428311 -0.365092 0.826594 2 
0.1201 0.205983 0.0171587 -0.518244 -0.528307 0.672543 2 
0.120473 0.206517 0.0172299 -0.487936 -0.445221 0.750797 2 
0.120626 0.205732 0.0175474 -0.541856 -0.582369 0.606001 2 
0.112134 0.213778 0.0165371 -0.126415 -0.382023 0.915466 2 
0.112095 0.214205 0.0173284 0.573878 0.780287 0.248628 2 
0.112256 0.213325 0.01747 0.213277 -0.0176749 0.976832 2 
0.111943 0.21328 0.0174785 0.313975 0.214526 0.924877 2 
0.112312 0.212908 0.0173566 0.507307 0.40291 0.761776 2 
0.111986 0.213006 0.017629 0.251564 0.140929 0.957525 2 
0.111674 0.213238 0.0179432 0.228803 0.204433 0.951765 2 
0.111839 0.21382 0.0164997 -0.212406 -0.429268 0.877846 2 
0.111563 0.213949 0.0164163 0.250106 0.3685 0.895352 2 
0.11139 0.214293 0.0165631 -0.470298 -0.520152 0.712925 2 
0.111558 0.213997 0.0165042 0.240319 0.375959 0.894931 2 
0.11192 0.213996 0.0168638 0.559697 0.811786 0.166559 2 
0.111644 0.214125 0.0167804 -0.398107 -0.609549 0.685537 2 
0.111818 0.214334 0.0172449 0.543982 0.816731 0.192439 2 
0.111395 0.214523 0.0167808 -0.321635 -0.274638 0.906159 2 
0.111574 0.214684 0.0171575 0.504627 0.78193 0.365975 2 
0.111622 0.213607 0.0179686 0.147644 0.262034 0.953698 2 
0.111082 0.214478 0.0167893 -0.496826 -0.49018 0.716161 2 
0.111028 0.214494 0.017233 0.166029 0.423014 0.890783 2 
0.111521 0.212991 0.0180687 0.229609 0.189327 0.954691 2 
0.11194 0.214636 0.0174292 0.539329 0.808221 0.236439 2 
0.111577 0.21456 0.0177935 -0.192327 -0.208244 0.958981 2 
0.111338 0.214863 0.0176181 -0.297276 -0.19958 0.933699 2 
0.111673 0.213915 0.0179185 0.227451 0.343349 0.911251 2 
0.111518 0.214347 0.0180193 -0.400389 -0.575045 0.713451 2 
0.111323 0.213697 0.0180191 0.122285 0.266923 0.955928 2 
0.111369 0.214053 0.0180569 0.189889 0.355507 0.915181 2 
0.111088 0.213953 0.0177557 0.110787 0.264584 0.957978 2 
0.111028 0.213739 0.0179816 0.124421 0.26063 0.957388 2 
0.111223 0.214389 0.0179819 0.236391 0.435141 0.868776 2 
0.110725 0.213877 0.01812 0.0923425 0.287432 0.953339 2 
0.110929 0.214431 0.0179444 0.143274 0.409961 0.90078 2 
0.111371 0.213375 0.0180816 0.147644 0.262034 0.953698 2 
0.110482 0.213549 0.0180572 0.0661746 0.243473 0.967648 2 
0.0974792 0.225966 0.017421 -0.157272 0.182844 0.970481 2 
0.097134 0.2257 0.0174336 0.121038 0.212772 0.969576 2 
0.09689 0.22605 0.0173461 0.283837 0.129259 0.95012 2 
0.0970044 0.22577 0.0177309 0.0553375 0.107287 0.992687 2 
0.0968415 0.226096 0.0169779 0.241522 0.230481 0.942627 2 
0.0967787 0.226207 0.0175974 0.253005 -0.222589 0.941511 2 
0.0967215 0.226347 0.017405 0.359477 -0.137406 0.922982 2 
0.0967368 0.225804 0.0174717 0.282509 0.0976414 0.954282 2 
0.0964917 0.226632 0.0163299 0.247944 0.494348 0.833153 2 
0.0962822 0.226803 0.0165687 0.236541 0.486818 0.840867 2 
0.0963675 0.226176 0.0175935 0.396478 -0.164603 0.903167 2 
0.0960189 0.228221 0.0178378 0.323865 -0.407543 0.853827 2 
0.09672 0.227025 0.0173804 0.351923 -0.633461 0.689114 2 
0.0972566 0.226279 0.0179236 -0.0233303 -0.123317 0.992093 2 
0.0971195 0.22652 0.0176727 0.169168 -0.475142 0.863494 2 
0.0967473 0.226262 0.0179072 0.225077 -0.38984 0.892953 2 
0.0960598 0.226361 0.0178198 0.428175 -0.319185 0.845451 2 
0.0961882 0.226215 0.0182465 0.374667 -0.520641 0.767175 2 
0.0959267 0.226755 0.0185106 0.380364 -0.434474 0.816429 2 
0.095578 0.226813 0.0189169 0.47962 -0.389186 0.786447 2 
0.0950818 0.227209 0.0168585 0.662896 -0.189179 0.724417 2 
0.095164 0.226707 0.0172473 0.63938 0.139256 0.756175 2 
0.0947951 0.22688 0.0163395 0.520888 0.591689 0.615289 2 
0.0945449 0.228155 0.0173449 0.806262 -0.189798 0.560284 2 
0.0947282 0.228269 0.0176336 0.827037 -0.18228 0.531774 2 
0.0955351 0.226888 0.0177368 0.72612 -0.0412084 0.686332 2 
0.0953041 0.227096 0.0173855 0.704686 -0.0528872 0.707545 2 
0.0949911 0.227052 0.0173941 0.728889 -0.00138309 0.68463 2 
0.0953328 0.227641 0.0177751 0.66185 -0.28365 0.6939 2 
0.0950425 0.227636 0.0176497 0.729873 -0.192884 0.655806 2 
0.0952229 0.22712 0.018051 0.689751 -0.210195 0.692865 2 
0.0956013 0.227884 0.01834 0.550441 -0.325771 0.768692 2 
0.0951709 0.22749 0.0180764 0.696574 -0.26181 0.668012 2 
0.0951579 0.227632 0.0183402 0.711053 -0.258133 0.654042 2 
0.0949025 0.227247 0.0175115 0.74533 -0.0889728 0.660733 2 
0.0946166 0.227195 0.0172982 0.747617 -0.0588336 0.661519 2 
0.0938538 0.226592 0.017813 0.780873 0.0322443 0.623857 2 
0.0967801 0.225529 0.0176221 0.255891 0.164788 0.952557 2 
0.0968902 0.225296 0.0180947 0.109575 0.0795859 0.990787 2 
0.0965837 0.225557 0.0175972 0.327639 0.184209 0.926671 2 
0.0965955 0.225338 0.0180573 0.331884 0.0721487 0.940557 2 
0.0961594 0.225669 0.0178569 0.443367 0.0226344 0.896054 2 
0.096207 0.225347 0.0179195 0.481364 0.163399 0.861156 2 
0.0967585 0.225012 0.0188103 0.0957552 -0.0934479 0.991009 2 
0.0966626 0.224625 0.0191281 0.198266 -0.0368038 0.979457 2 
0.0966257 0.225206 0.0184715 0.219475 -0.144152 0.96491 2 
0.0962988 0.225027 0.0184381 0.480488 0.0915886 0.872206 2 
0.0964359 0.224785 0.018689 0.439907 0.213243 0.872358 2 
0.0962672 0.225837 0.0179993 0.389611 -0.164122 0.906238 2 
0.095895 0.225579 0.0182337 0.503813 -0.151291 0.850461 2 
0.0959499 0.22584 0.0180957 0.491743 -0.186832 0.85046 2 
0.0959998 0.225116 0.0184886 0.529555 0.201807 0.823921 2 
0.0959449 0.224856 0.0186266 0.522739 0.175245 0.834286 2 
0.0957354 0.225026 0.0188654 0.547518 0.1402 0.824966 2 
0.0957903 0.225287 0.0187274 0.514869 -0.164699 0.841299 2 
0.0952789 0.224917 0.0191292 0.654145 0.107794 0.748649 2 
0.095929 0.226354 0.018841 0.371548 -0.422141 0.826891 2 
0.0956291 0.226167 0.0185858 0.734023 0.0588942 0.676566 2 
0.0955361 0.22641 0.0187911 0.591385 -0.271118 0.759446 2 
0.0957618 0.225973 0.0189245 0.637886 -0.026637 0.76967 2 
0.0953756 0.225581 0.0191171 0.670274 0.0382609 0.741127 2 
0.0956674 0.224908 0.0192671 0.531832 -0.0841235 0.842661 2 
0.0954276 0.225211 0.0190917 0.66264 0.117111 0.739725 2 
0.0955706 0.224244 0.0192793 0.561933 0.213996 0.799022 2 
0.0956124 0.224647 0.019405 0.608794 0.100736 0.786907 2 
0.0952195 0.224704 0.0193551 0.636575 0.0797531 0.76708 2 
0.0952672 0.224381 0.0194176 0.579674 0.10951 0.807456 2 
0.0951271 0.223993 0.0192794 0.557646 0.37449 0.740803 2 
0.0946896 0.225001 0.0190544 0.699685 0.0678046 0.711226 2 
0.0952847 0.226178 0.0189041 0.693895 -0.126841 0.708817 2 
0.0954262 0.225889 0.019067 0.65825 -0.0410522 0.751679 2 
0.0951316 0.225931 0.0190296 0.731725 -0.0181882 0.681357 2 
0.0953266 0.226581 0.0190299 0.62259 -0.286487 0.728222 2 
0.0949945 0.226172 0.0187787 0.732388 -0.0678939 0.677495 2 
0.094925 0.226732 0.0191558 0.771143 -0.198558 0.604908 2 
0.0946824 0.226405 0.0190929 0.767866 -0.178609 0.615208 2 
0.0948282 0.226068 0.0191679 0.761024 -0.101177 0.640785 2 
0.0951749 0.225656 0.01918 0.743581 -0.0125088 0.668528 2 
0.0951199 0.225396 0.019318 0.719467 -0.00415877 0.694514 2 
0.094782 0.225713 0.0191301 0.719814 -0.117248 0.684194 2 
0.0948253 0.225438 0.0192805 0.740973 -0.00973136 0.671464 2 
0.0945437 0.225338 0.0189793 0.742362 0.0440024 0.668552 2 
0.094164 0.225252 0.0186657 0.745738 0.0799524 0.661425 2 
0.0942058 0.225655 0.0187914 0.757014 0.044029 0.651913 2 
0.0945292 0.226158 0.0192184 0.788116 -0.107137 0.606131 2 
0.0942346 0.2262 0.019181 0.793494 -0.0792054 0.603401 2 
0.0939443 0.226195 0.0190556 0.776929 -0.0947475 0.622418 2 
0.0945856 0.225741 0.0191051 0.733521 -0.0737861 0.67565 2 
0.0944757 0.225219 0.0193811 0.748805 0.0125032 0.662672 2 
0.0939025 0.225792 0.0189298 0.760911 0.0528212 0.646703 2 
0.0950231 0.224732 0.0193302 0.651506 0.0498965 0.757001 2 
0.0949813 0.224329 0.0192044 0.577101 0.154393 0.801946 2 
0.0946735 0.224514 0.0194307 0.631998 0.132973 0.763477 2 
0.0949263 0.224068 0.0193424 0.546797 0.233899 0.803931 2 
0.0945811 0.223802 0.019355 0.478627 0.16936 0.861529 2 
0.0945248 0.224219 0.0194682 0.569734 0.109284 0.81453 2 
0.0950781 0.224993 0.0191922 0.68132 0.0209852 0.731685 2 
0.0946172 0.224931 0.019544 0.705625 0.01537 0.708419 2 
0.0943658 0.224698 0.019657 0.637686 0.0857027 0.765514 2 
0.0940959 0.225133 0.0190674 0.738766 0.0830566 0.668824 2 
0.0940843 0.224598 0.0193558 0.60273 0.142083 0.785194 2 
0.0943371 0.224153 0.0192675 0.548751 0.1502 0.822382 2 
0.0939617 0.224019 0.0188659 0.488968 0.240652 0.838449 2 
0.094041 0.224873 0.0192053 0.650785 0.149484 0.744401 2 
0.0944025 0.224872 0.019565 0.678632 0.0125415 0.734372 2 
0.0946797 0.227005 0.0197922 0.805895 -0.21644 0.551078 2 
0.0951644 0.226629 0.0203608 0.775298 -0.228394 0.588854 2 
0.0945624 0.226656 0.01952 0.801357 -0.190075 0.567184 2 
0.0941132 0.227129 0.0195834 0.909931 -0.194061 0.36656 2 
0.0939687 0.226788 0.0195331 0.904711 -0.164363 0.393042 2 
0.093271 0.225673 0.0197588 0.846863 -0.102084 0.521921 2 
0.0935387 0.222898 0.0209286 0.233213 0.405524 0.883834 2 
0.0932257 0.222854 0.0209371 0.284764 0.403542 0.869519 2 
0.101143 0.227298 0.0181351 -0.963405 0.141715 0.227525 2 
0.101121 0.227258 0.018269 -0.957913 0.121536 0.260061 2 
0.101126 0.227488 0.0184868 -0.882801 0.32143 0.342557 2 
0.100934 0.227468 0.0183739 -0.834278 0.405311 0.373769 2 
0.100831 0.22753 0.0184494 -0.834278 0.405311 0.373769 2 
0.100861 0.227398 0.0188635 -0.829895 0.211661 0.51621 2 
0.100514 0.226302 0.0179591 -0.558887 -0.244416 0.792405 2 
0.100798 0.227232 0.0191773 -0.872739 0.0709883 0.482999 2 
0.1013 0.227897 0.0199809 -0.838164 -0.421432 -0.346232 2 
0.101273 0.227905 0.0202027 -0.838164 -0.421432 -0.346232 2 
0.101064 0.228075 0.0204415 -0.295274 -0.764521 -0.572992 2 
0.100631 0.227327 0.0205962 -0.928656 -0.311431 -0.201514 2 
0.100677 0.227683 0.020634 -0.838164 -0.421432 -0.346232 2 
0.100524 0.227436 0.0207595 -0.838164 -0.421432 -0.346232 2 
0.10074 0.22785 0.0179307 -0.85741 0.403214 0.319791 2 
0.100454 0.228074 0.0180231 -0.865747 0.384606 0.32025 2 
0.100521 0.228116 0.0183453 -0.84493 0.39201 0.363898 2 
0.100081 0.228494 0.0182329 -0.835035 0.410441 0.366409 2 
0.100035 0.228415 0.0185007 -0.746963 0.513845 0.421911 2 
0.100635 0.227558 0.0184244 -0.810153 0.455412 0.369123 2 
0.10063 0.227329 0.0182066 -0.837749 0.413373 0.35679 2 
0.100368 0.227869 0.0184708 -0.770057 0.503061 0.392355 2 
0.10037 0.227468 0.0188011 -0.720172 0.534748 0.442037 2 
0.100101 0.227903 0.0182115 -0.751644 0.515834 0.41103 2 
0.100073 0.227911 0.0184333 -0.746481 0.520076 0.415076 2 
0.10022 0.227852 0.018814 -0.735849 0.507653 0.448124 2 
0.0992991 0.227328 0.0174584 -0.609689 0.67614 0.413658 2 
0.0994366 0.228318 0.0182959 -0.60914 0.632633 0.478251 2 
0.0993296 0.228427 0.0184593 -0.610738 0.627563 0.48287 2 
0.0999172 0.227789 0.0179228 -0.666912 0.596711 0.446279 2 
0.0996946 0.228102 0.0184254 -0.68499 0.571658 0.45166 2 
0.0993712 0.227599 0.0179984 -0.597566 0.661172 0.453614 2 
0.100281 0.228618 0.0191995 -0.847624 0.394933 0.354347 2 
0.0999866 0.228661 0.0191621 -0.7152 0.569848 0.404675 2 
0.100305 0.22798 0.0190903 -0.831455 0.396006 0.389695 2 
0.0999761 0.228202 0.0187265 -0.735849 0.507653 0.448124 2 
0.100061 0.228331 0.0190028 -0.772895 0.49628 0.395397 2 
0.100394 0.228261 0.0203082 -0.295274 -0.764521 -0.572992 2 
0.0998863 0.228321 0.0195678 -0.813049 0.307853 0.494144 2 
0.0999186 0.228542 0.0195638 -0.675382 0.629146 0.384753 2 
0.100109 0.228208 0.0200949 -0.793262 0.47467 0.381345 2 
0.0995635 0.22885 0.0186979 -0.667106 0.583508 0.463128 2 
0.0998216 0.228633 0.0188274 -0.72281 0.534251 0.438317 2 
0.0993166 0.22857 0.018723 -0.587383 0.631142 0.506597 2 
0.0994104 0.228603 0.0188234 -0.594763 0.63183 0.49704 2 
0.0998648 0.228359 0.0189778 -0.688805 0.572058 0.445305 2 
0.099472 0.228415 0.0189279 -0.669883 0.559075 0.488561 2 
0.0994406 0.228471 0.0192376 -0.666909 0.610363 0.427421 2 
0.0997419 0.22798 0.0195175 -0.683029 0.730326 0.00973768 2 
0.0993856 0.22821 0.0193756 -0.528412 0.791825 0.306257 2 
0.0991686 0.228552 0.0190663 -0.448624 0.723428 0.524775 2 
0.0993188 0.228169 0.0190534 -0.49293 0.761503 0.420873 2 
0.099492 0.229055 0.0194933 -0.549627 0.693299 0.466097 2 
0.0997302 0.227444 0.0198059 -0.683029 0.730326 0.00973768 2 
0.100261 0.226192 0.0198256 -0.711254 -0.220411 0.667485 2 
0.100303 0.226595 0.0199514 -0.846938 0.14238 0.512273 2 
0.0999626 0.226558 0.0201818 -0.843917 0.534248 -0.0488216 2 
0.0997552 0.227083 0.0200023 -0.683029 0.730326 0.00973768 2 
0.0997133 0.22668 0.0198766 -0.60208 0.125741 0.788473 2 
0.100385 0.228079 0.0201783 -0.956466 0.160963 0.24344 2 
0.10014 0.227398 0.0205338 -0.969212 0.045451 0.241996 2 
0.100095 0.228074 0.020053 -0.923062 0.241857 0.299101 2 
0.0998014 0.227438 0.0200402 -0.757603 0.526249 0.386133 2 
0.100012 0.227544 0.0201071 -0.829895 0.211661 0.51621 2 
0.100103 0.226947 0.0203201 -0.831749 0.264859 0.487897 2 
0.0993307 0.227949 0.0195135 -0.657267 0.539598 0.52615 2 
0.0994356 0.227487 0.0197685 -0.677281 0.576943 0.456538 2 
0.0990977 0.227804 0.0195806 -0.0352892 -0.741074 0.670495 2 
0.0991842 0.227254 0.0198815 -0.320525 -0.0883752 0.943108 2 
0.0989393 0.227328 0.0194883 -0.0739368 -0.484077 0.871896 2 
0.0994605 0.227125 0.0199649 -0.738664 0.660752 0.133349 2 
0.0993689 0.22669 0.0201948 -0.549554 0.223208 0.805089 2 
0.0990743 0.226733 0.0201574 -0.336729 -0.0451552 0.940518 2 
0.0997148 0.227988 0.0197393 -0.763338 0.482194 0.429888 2 
0.099564 0.22734 0.0201951 -0.757603 0.526249 0.386133 2 
0.0991278 0.227671 0.0199948 -0.00692235 -0.762843 0.646547 2 
0.0989455 0.228389 0.0182335 -0.529497 0.699872 0.479387 2 
0.0990005 0.228649 0.0180956 -0.585002 0.655403 0.477724 2 
0.0987688 0.227826 0.0181873 -0.534932 0.682499 0.49804 2 
0.0985959 0.22817 0.018334 -0.41783 0.811647 0.408225 2 
0.0986378 0.228573 0.0184598 -0.33481 0.84559 0.415787 2 
0.0988409 0.228097 0.0187272 -0.421834 0.776891 0.467437 2 
0.0988138 0.228105 0.018949 -0.409015 0.832242 0.374272 2 
0.0984913 0.227878 0.0188277 -0.332504 0.595263 0.731508 2 
0.098663 0.227457 0.0194049 -0.00943912 -0.516454 0.856263 2 
0.0986989 0.226599 0.0197558 -0.043061 -0.364061 0.930379 2 
0.0987284 0.228176 0.0197024 -0.00689161 -0.789779 0.613353 2 
0.100389 0.228986 0.0203714 0.0262462 -0.824684 -0.564985 2 
0.10015 0.228611 0.0202207 -0.0933705 -0.831715 -0.547295 2 
0.0997999 0.22613 0.0201775 -0.555502 -0.0234331 0.831185 2 
0.0996218 0.226245 0.0201065 -0.46791 0.0310142 0.883232 2 
0.0994921 0.226315 0.0204038 -0.659755 0.388577 0.64322 2 
0.099314 0.22643 0.0203328 -0.549554 0.223208 0.805089 2 
0.0991975 0.226357 0.0203663 -0.549554 0.223208 0.805089 2 
0.0987378 0.226372 0.0199942 -0.10001 -0.271456 0.957241 2 
0.0990237 0.226425 0.0202075 -0.319143 -0.0264901 0.947336 2 
0.110023 0.21261 0.017404 0.0676556 0.164985 0.983973 1 
0.109434 0.212694 0.0173291 0.0150146 0.18364 0.982879 1 
0.108892 0.210471 0.0174787 -0.323133 0.13498 0.936678 1 
0.108951 0.209653 0.0176957 -0.0403639 0.0796369 0.996006 1 
0.109042 0.210087 0.0174658 -0.0403639 0.0796369 0.996006 1 
0.108656 0.209695 0.0176583 -0.0403639 0.0796369 0.996006 1 
0.108796 0.210084 0.0177965 -0.0403639 0.0796369 0.996006 1 
0.108362 0.209737 0.0176208 -0.0403639 0.0796369 0.996006 1 
0.108418 0.20932 0.0175076 -0.105854 0.0942215 0.989908 1 
0.108123 0.209362 0.0174701 -0.0785959 0.0586702 0.995179 1 
0.108068 0.209102 0.0176081 -0.0785959 0.0586702 0.995179 1 
0.109334 0.2114 0.0174539 -0.16937 0.238718 0.956205 1 
0.109086 0.211798 0.0174543 -0.154591 0.241796 0.957933 1 
0.109223 0.211557 0.0177052 -0.286695 0.246758 0.925698 1 
0.108763 0.211572 0.017333 -0.368314 0.216912 0.904043 1 
0.108976 0.211277 0.0177303 -0.235607 0.100611 0.966626 1 
0.108489 0.210268 0.0180229 -0.0403639 0.0796369 0.996006 1 
0.0957206 0.228032 0.0199721 0.28273 -0.357527 0.890077 1 
0.095917 0.228004 0.0199971 0.181146 -0.369423 0.911434 1 
0.0961299 0.231681 0.0200705 0.967437 0.0950954 0.234569 1 
0.0959912 0.230614 0.0199569 0.993992 -0.054664 0.0948253 1 
0.0959796 0.230079 0.0202453 0.947648 -0.10177 0.302666 1 
0.0958043 0.228838 0.0202237 0.289673 -0.337209 0.895757 1 
0.0957494 0.228577 0.0203617 0.313124 -0.352453 0.88189 1 
0.0956424 0.228686 0.020525 0.925895 -0.178435 0.332985 1 
0.0955779 0.228244 0.0205331 0.784813 -0.268944 0.558334 1 
0.0956163 0.228971 0.0210525 0.928428 -0.168932 0.330883 1 
0.0959065 0.228976 0.0211779 0.882871 -0.173656 0.436328 1 
0.0958934 0.229119 0.0214416 0.84717 -0.154701 0.508302 1 
0.0956119 0.229019 0.0211404 0.898983 -0.164885 0.405761 1 
0.095645 0.229517 0.0214421 0.967949 -0.118916 0.221209 1 
0.0954527 0.231562 0.0180538 0.986194 -0.0147872 0.164934 1 
0.0953978 0.231301 0.0181917 0.995105 -0.0383998 0.0910625 1 
0.0956137 0.228141 0.0201355 0.341863 -0.357193 0.86922 1 
0.0950793 0.228486 0.0199227 0.964704 -0.152322 0.214813 1 
0.0955805 0.227643 0.0198339 0.389918 -0.325189 0.86152 1 
0.0953109 0.227324 0.0199929 0.54779 -0.308232 0.777766 1 
0.0953277 0.228088 0.0199222 0.706861 -0.272852 0.65261 1 
0.0947129 0.227503 0.0200938 0.869886 -0.200743 0.450556 1 
0.0949782 0.22787 0.0200227 0.868103 -0.206975 0.451175 1 
0.0950215 0.227595 0.0201732 0.844601 -0.203246 0.495318 1 
0.0945046 0.227751 0.0196087 0.900414 -0.189333 0.391673 1 
0.0944182 0.227546 0.0200564 0.935427 -0.193201 0.296056 1 
0.0957491 0.232073 0.0187026 0.95544 0.0731008 0.285991 1 
0.0957243 0.23168 0.0192547 0.966793 0.100364 0.235029 1 
0.0956144 0.231158 0.0195307 0.99258 0.00547177 0.121473 1 
0.0953329 0.231058 0.0192295 0.99866 -0.0366001 0.0366001 1 
0.0957749 0.231988 0.0192047 0.955521 0.111107 0.273193 1 
0.0959047 0.231164 0.019656 0.982544 0.0387383 0.181953 1 
0.0959596 0.231424 0.0195181 0.971535 0.0808576 0.222669 1 
0.0960462 0.230875 0.0198189 0.984306 -0.00568963 0.176379 1 
0.0957515 0.230917 0.0197815 0.993657 -0.0186654 0.110894 1 
0.0954569 0.230959 0.0197441 0.993349 -0.0344065 0.109879 1 
0.0954351 0.231197 0.0201837 0.97531 0.0372807 0.217671 1 
0.0953494 0.232023 0.0201884 0.966793 0.100364 0.235029 1 
0.0952439 0.231454 0.0203764 0.971136 0.0552479 0.232041 1 
0.0952674 0.23177 0.0205482 0.967437 0.0950954 0.234569 1 
0.0952134 0.231786 0.0209919 0.966793 0.100364 0.235029 1 
0.0950881 0.231808 0.0212012 0.966793 0.100364 0.235029 1 
0.0956108 0.229497 0.0200862 0.948677 -0.140893 0.283127 1 
0.0954446 0.229392 0.0204754 0.991044 -0.113689 0.0700506 1 
0.0957948 0.230642 0.019932 0.993992 -0.054664 0.0948253 1 
0.0957312 0.230476 0.0202457 0.992549 -0.0714635 0.0986877 1 
0.0959276 0.230448 0.0202707 0.986317 -0.0646573 0.151651 1 
0.0956719 0.230263 0.0204716 0.986302 -0.0742378 0.147297 1 
0.0956199 0.230633 0.020497 0.987713 -0.0403384 0.150981 1 
0.0954915 0.230779 0.0200703 0.98384 -0.0409446 0.174307 1 
0.0953932 0.230794 0.0200578 0.99302 -0.0504925 0.106595 1 
0.0953758 0.230983 0.0204095 0.985437 -0.0217966 0.168637 1 
0.0954322 0.230566 0.0202962 0.986317 -0.0646573 0.151651 1 
0.0953685 0.2304 0.02061 0.987803 -0.0738216 0.137097 1 
0.0956169 0.230003 0.0206096 0.989826 -0.112559 0.0870304 1 
0.0951735 0.229751 0.0206097 0.988051 -0.128059 0.0857643 1 
0.0951743 0.230028 0.0209154 0.989344 -0.108629 0.0969487 1 
0.0947909 0.23102 0.0202467 0.986475 -0.0405718 0.15881 1 
0.095501 0.228975 0.0203621 0.973172 -0.132533 0.188071 1 
0.095501 0.228975 0.0203621 0.973172 -0.132533 0.188071 1 
0.0954878 0.229118 0.0206258 0.987957 -0.123642 0.0930257 1 
0.0954277 0.228628 0.020546 0.98372 -0.129469 0.124629 1 
0.0952063 0.229018 0.0203246 0.989682 -0.121825 0.0754154 1 
0.0952283 0.228026 0.0206336 0.979252 -0.14695 0.13954 1 
0.0954748 0.22926 0.0208896 0.982639 -0.132395 0.129966 1 
0.0952255 0.229381 0.0205843 0.990155 -0.121032 0.0703137 1 
0.0946919 0.228017 0.0208391 0.972809 -0.183908 0.140785 1 
0.0951706 0.231106 0.0205604 0.984392 -0.0011354 0.175987 1 
0.0952755 0.230644 0.0208153 0.987534 -0.0594619 0.14574 1 
0.0952572 0.230557 0.0208613 0.987534 -0.0594619 0.14574 1 
0.0951026 0.230988 0.0209621 0.984392 -0.0011354 0.175987 1 
0.0951078 0.231217 0.0211799 0.97531 0.0372807 0.217671 1 
0.0949648 0.230198 0.0211542 0.989576 -0.112795 0.0895386 1 
0.0950215 0.231012 0.0216276 0.965109 0.0356537 0.259411 1 
0.094998 0.230696 0.0214558 0.986475 -0.0405718 0.15881 1 
0.0947019 0.231416 0.0213937 0.970433 0.0605748 0.233646 1 
0.0943633 0.227285 0.0201943 0.944445 -0.184515 0.271989 1 
0.0942416 0.226983 0.0200101 0.932028 -0.173627 0.318084 1 
0.100142 0.227709 0.0128589 -0.766015 0.529571 -0.364384 1 
0.102452 0.231664 0.0127721 -0.580322 0.702669 -0.411682 1 
0.102729 0.231812 0.0131612 -0.554033 0.766011 -0.325996 1 
0.102392 0.231451 0.012998 -0.609151 0.691691 -0.387941 1 
0.103016 0.231187 0.0133991 -0.609151 0.691691 -0.387941 1 
0.102717 0.231277 0.0134496 -0.609151 0.691691 -0.387941 1 
0.102019 0.230917 0.0129267 -0.628076 0.624726 -0.463938 1 
0.102073 0.2311 0.0135127 -0.636197 0.602625 -0.481764 1 
0.101791 0.231 0.0132115 -0.637225 0.603598 -0.47918 1 
0.102735 0.231364 0.0134036 -0.609151 0.691691 -0.387941 1 
0.102379 0.231594 0.0132617 -0.601651 0.687838 -0.406073 1 
0.102377 0.23124 0.01368 -0.612138 0.642325 -0.4612 1 
0.102274 0.231302 0.0137554 -0.612138 0.642325 -0.4612 1 
0.102318 0.231027 0.0139059 -0.633199 0.649818 -0.420471 1 
0.102023 0.231069 0.0138684 -0.649216 0.588824 -0.48146 1 
0.101697 0.231167 0.0141407 -0.659022 0.575177 -0.484624 1 
0.101968 0.230808 0.0140064 -0.648873 0.60528 -0.461086 1 
0.101665 0.230946 0.0141447 -0.651407 0.597821 -0.467204 1 
0.101529 0.230309 0.012889 -0.643238 0.602931 -0.471932 1 
0.101599 0.230981 0.0130986 -0.633354 0.613194 -0.472076 1 
0.101746 0.230922 0.0134793 -0.638039 0.614594 -0.463876 1 
0.101058 0.230544 0.0120567 -0.618604 0.588264 -0.520841 1 
0.100376 0.230117 0.0129356 -0.669129 0.571862 -0.474595 1 
0.100832 0.230426 0.0137014 -0.659215 0.571991 -0.488121 1 
0.100516 0.230506 0.0130739 -0.658105 0.587773 -0.470553 1 
0.101625 0.230896 0.0136008 -0.641936 0.605062 -0.470976 1 
0.101374 0.230664 0.0137137 -0.653928 0.579961 -0.485823 1 
0.101477 0.230879 0.013944 -0.651407 0.597821 -0.467204 1 
0.101372 0.23031 0.014132 -0.659215 0.571991 -0.488121 1 
0.101404 0.230531 0.0141279 -0.653928 0.579961 -0.485823 1 
0.101024 0.230445 0.0138143 -0.659215 0.571991 -0.488121 1 
0.100987 0.230272 0.0139063 -0.666924 0.55941 -0.492213 1 
0.100764 0.230308 0.0141031 -0.666924 0.55941 -0.492213 1 
0.100541 0.230621 0.0146056 -0.666924 0.55941 -0.492213 1 
0.100212 0.230843 0.0142419 -0.666924 0.55941 -0.492213 1 
0.100157 0.230582 0.0143799 -0.666924 0.55941 -0.492213 1 
0.100579 0.231071 0.0148194 -0.656452 0.585938 -0.47513 1 
0.100962 0.231787 0.0150204 -0.240827 -0.691001 -0.681557 1 
0.10087 0.228691 0.0130474 -0.68526 0.629387 -0.366458 1 
0.100946 0.229869 0.0137804 -0.666924 0.55941 -0.492213 1 
0.100309 0.229321 0.0133621 -0.669129 0.571862 -0.474595 1 
0.100406 0.229985 0.0133499 -0.666924 0.55941 -0.492213 1 
0.100296 0.229463 0.0136258 -0.666924 0.55941 -0.492213 1 
0.0999986 0.228875 0.0137009 -0.684399 0.557225 -0.470211 1 
0.0998931 0.228306 0.0138889 -0.700979 0.541136 -0.464544 1 
0.100612 0.230338 0.0145343 -0.666924 0.55941 -0.492213 1 
0.100244 0.230033 0.0146808 -0.666924 0.55941 -0.492213 1 
0.100442 0.229327 0.0147304 -0.731839 0.602596 -0.318261 1 
0.100286 0.230436 0.0148066 -0.666924 0.55941 -0.492213 1 
0.100057 0.229488 0.0155343 -0.739555 0.666331 0.0951902 1 
0.0998262 0.229696 0.015183 -0.796124 0.601038 -0.0702884 1 
0.0999259 0.229004 0.0152202 -0.83012 0.557503 0.00954161 1 
0.0998067 0.229532 0.0159529 -0.698565 0.686174 0.202909 1 
0.0996536 0.229286 0.0160784 -0.794922 0.588332 0.148206 1 
0.0991754 0.228537 0.0133874 -0.741998 0.528118 -0.412952 1 
0.0992605 0.228666 0.0136636 -0.71824 0.522507 -0.459475 1 
0.0991623 0.22868 0.0136511 -0.721082 0.518847 -0.459172 1 
0.0991492 0.228822 0.0139149 -0.727589 0.549404 -0.410816 1 
0.0992527 0.229037 0.0141451 -0.702907 0.522589 -0.482518 1 
0.0992318 0.22812 0.0132741 -0.771085 0.514597 -0.374991 1 
0.099416 0.228511 0.0138685 -0.71824 0.522507 -0.459475 1 
0.0993802 0.228614 0.0142661 -0.759622 0.480711 -0.438054 1 
0.0994741 0.228647 0.0143665 -0.753424 0.484227 -0.444832 1 
0.0993512 0.230254 0.0147443 -0.683963 0.543491 -0.486634 1 
0.0994596 0.229468 0.0146056 -0.720765 0.525247 -0.452342 1 
0.0997873 0.229923 0.0149447 -0.697649 0.564446 -0.441234 1 
0.0995996 0.229857 0.0147439 -0.683963 0.543491 -0.486634 1 
0.0996327 0.230354 0.0150455 -0.703654 0.557267 -0.440823 1 
0.0993337 0.230444 0.015096 -0.702101 0.572636 -0.423252 1 
0.0995499 0.229825 0.0150996 -0.79248 0.574816 -0.203868 1 
0.0988484 0.227804 0.0151322 -0.811913 0.582732 0.034936 1 
0.099358 0.229051 0.0157353 -0.91505 0.401245 0.0410515 1 
0.0993589 0.229328 0.016041 -0.85562 0.50356 0.119758 1 
0.0989922 0.229099 0.0154636 -0.918045 0.395324 -0.0302075 1 
0.0988246 0.229673 0.0158281 -0.895679 0.444542 0.011872 1 
0.0986982 0.228187 0.0151451 -0.829348 0.557975 -0.0290756 1 
0.0995459 0.231104 0.0157742 -0.695723 0.57285 -0.433374 1 
0.099164 0.230664 0.0158788 -0.801413 0.586722 -0.116168 1 
0.099515 0.230205 0.0158029 -0.778326 0.627411 0.023755 1 
0.0993444 0.230148 0.0162801 -0.82726 0.556728 0.0754644 1 
0.0988664 0.230076 0.0159539 -0.891483 0.453006 0.00660358 1 
0.0992029 0.230437 0.0161171 -0.845947 0.532328 0.031637 1 
0.0991884 0.231257 0.0163562 -0.839567 0.514477 -0.174475 1 
0.0987842 0.230578 0.0155651 -0.786194 0.523596 -0.328248 1 
0.0989083 0.230479 0.0160797 -0.893371 0.447361 -0.0418979 1 
0.0994008 0.229731 0.0161668 -0.838389 0.535357 0.102454 1 
0.101631 0.209243 0.0283592 -0.98206 -0.161053 0.0980849 1 
0.101848 0.208624 0.0283628 -0.987451 -0.121805 0.100519 1 
0.101718 0.208694 0.0286601 -0.987451 -0.121805 0.100519 1 
0.0998222 0.21219 0.0242904 -0.492586 0.623718 0.606906 1 
0.0998562 0.212964 0.0248977 -0.322341 0.691657 0.646302 1 
0.0995615 0.213007 0.0248603 -0.3988 0.690039 0.603991 1 
0.101868 0.211805 0.0269881 -0.92579 -0.354587 0.131073 1 
0.101397 0.211285 0.0269043 -0.92579 -0.354587 0.131073 1 
0.10064 0.211943 0.027194 -0.927135 -0.335999 0.165908 1 
0.0995345 0.213015 0.0250821 -0.226597 0.726673 0.648536 1 
0.0994299 0.212723 0.0255758 -0.287271 0.66923 0.685279 1 
0.0993011 0.213069 0.0261787 -0.275987 0.687573 0.67162 1 
0.100568 0.211672 0.026654 -0.926671 -0.327639 0.184209 1 
0.100264 0.21181 0.0267924 -0.921542 -0.350327 0.167425 1 
0.100382 0.212159 0.0270646 -0.914613 -0.368955 0.165394 1 
0.100087 0.212201 0.0270272 -0.910346 -0.385309 0.151019 1 
0.0993934 0.211794 0.0264163 -0.916611 -0.382958 0.114749 1 
0.0996619 0.212037 0.0269813 -0.910346 -0.385309 0.151019 1 
0.100159 0.213227 0.0268185 -0.904808 -0.4143 0.0983788 1 
0.100132 0.213235 0.0270403 -0.907546 -0.402889 0.118497 1 
0.0998438 0.212829 0.0272453 -0.915661 -0.38048 0.129614 1 
0.10017 0.211976 0.0277216 -0.928022 -0.347836 0.13336 1 
0.100074 0.212344 0.0272909 -0.910346 -0.385309 0.151019 1 
0.0997296 0.212355 0.0276092 -0.909843 -0.393938 0.130378 1 
0.0998372 0.213277 0.0270029 -0.899819 -0.425646 0.0956664 1 
0.101287 0.210764 0.0271803 -0.944128 -0.251493 0.213013 1 
0.101519 0.209878 0.0275562 -0.2017 -0.287944 -0.936165 1 
0.101148 0.209697 0.0270666 -0.2017 -0.287944 -0.936165 1 
0.101298 0.210268 0.0273347 -0.271661 -0.324525 -0.906026 1 
0.101177 0.210242 0.0274562 -0.271661 -0.324525 -0.906026 1 
0.101225 0.210197 0.0278244 -0.220836 -0.28554 -0.932576 1 
0.101162 0.210031 0.0281382 -0.210949 -0.286388 -0.934603 1 
0.101088 0.211193 0.026825 -0.935385 -0.30348 0.181534 1 
0.101103 0.210649 0.0268915 -0.943169 -0.254725 0.213418 1 
0.101048 0.210389 0.0270295 -0.94771 -0.22838 0.22291 1 
0.100669 0.210303 0.0267158 -0.941268 -0.22596 0.250912 1 
0.100752 0.211109 0.0269674 -0.938193 -0.263475 0.224442 1 
0.10072 0.210888 0.0269715 -0.938193 -0.263475 0.224442 1 
0.100711 0.210706 0.0268416 -0.938193 -0.263475 0.224442 1 
0.10098 0.21027 0.0274312 -0.322472 -0.349723 -0.879606 1 
0.100939 0.209867 0.0273054 -0.214175 -0.286967 -0.933691 1 
0.100631 0.210052 0.0275317 -0.322472 -0.349723 -0.879606 1 
0.100632 0.210129 0.0268078 -0.941511 -0.222589 0.253005 1 
0.100697 0.210848 0.0271054 -0.938193 -0.263475 0.224442 1 
0.100488 0.211019 0.0273442 -0.938193 -0.263475 0.224442 1 
0.100999 0.210357 0.0273852 -0.322472 -0.349723 -0.879606 1 
0.100912 0.210152 0.0278329 -0.220836 -0.28554 -0.932576 1 
0.101366 0.209631 0.0276816 -0.2017 -0.287944 -0.936165 1 
0.101013 0.208782 0.0278947 -0.98206 -0.161053 0.0980849 1 
0.100958 0.208522 0.0280327 -0.985751 -0.156263 0.0622703 1 
0.100847 0.208678 0.028284 -0.98351 -0.155291 0.0926932 1 
0.101588 0.209518 0.0282087 -0.97064 -0.236234 0.0452884 1 
0.10146 0.209665 0.027782 -0.215898 -0.297741 -0.929913 1 
0.101392 0.209546 0.0281838 -0.215898 -0.297741 -0.929913 1 
0.101383 0.209641 0.0283596 -0.215898 -0.297741 -0.929913 1 
0.100962 0.209429 0.0282258 -0.215898 -0.297741 -0.929913 1 
0.101442 0.208823 0.0285766 -0.985751 -0.156263 0.0622703 1 
0.100602 0.209507 0.0271422 -0.2017 -0.287944 -0.936165 1 
0.100794 0.209726 0.0282847 -0.2017 -0.287944 -0.936165 1 
0.100836 0.210129 0.0284105 -0.214175 -0.286967 -0.933691 1 
0.100553 0.211738 0.0276417 -0.92579 -0.354587 0.131073 1 
0.100504 0.211706 0.0279974 -0.927444 -0.346928 0.1396 1 
0.100467 0.211533 0.0280894 -0.927607 -0.352134 0.124686 1 
0.100222 0.211606 0.0276962 -0.92579 -0.354587 0.131073 1 
0.100209 0.211749 0.02796 -0.927444 -0.346928 0.1396 1 
0.101154 0.206986 0.0271653 -0.918997 0.0248377 0.393482 1 
0.101384 0.207732 0.0277976 -0.916251 0.0195502 0.400127 1 
0.101062 0.207782 0.0279819 -0.916251 0.0195502 0.400127 1 
0.100469 0.207915 0.027995 -0.919402 0.0247782 0.392539 1 
0.0989552 0.213081 0.0241074 -0.982062 0.142734 0.123215 1 
0.0989002 0.212821 0.0242454 -0.988395 0.0711831 0.134198 1 
0.0992538 0.213191 0.0250866 -0.226259 0.756798 0.61324 1 
0.0991902 0.213026 0.0254004 -0.37006 0.685845 0.626635 1 
0.0988563 0.213495 0.0261542 -0.466363 0.673635 0.573342 1 
0.1076 0.225177 0.013003 -0.82481 0.506028 -0.25224 1 
0.108625 0.227425 0.0130917 -0.795806 0.605475 0.00965449 1 
0.10857 0.227165 0.0132296 -0.82132 0.570092 -0.0207055 1 
0.108258 0.227197 0.0125142 -0.82132 0.570092 -0.0207055 1 
0.10795 0.227381 0.0127406 -0.82132 0.570092 -0.0207055 1 
0.108035 0.22751 0.0130168 -0.82132 0.570092 -0.0207055 1 
0.108238 0.227033 0.0132842 -0.81975 0.572589 -0.012358 1 
0.10817 0.226915 0.0136859 -0.798981 0.574599 -0.177383 1 
0.107777 0.226971 0.013636 -0.798981 0.574599 -0.177383 1 
0.107808 0.226839 0.0140502 -0.771866 0.557725 -0.305231 1 
0.107578 0.226169 0.012694 -0.843988 0.535582 0.0289131 1 
0.106975 0.225088 0.0130201 -0.833778 0.491636 -0.251212 1 
0.106556 0.225229 0.012468 -0.82481 0.506028 -0.25224 1 
0.106483 0.224882 0.012652 -0.838295 0.477041 -0.263994 1 
0.10647 0.225024 0.0129157 -0.833205 0.476339 -0.280838 1 
0.106243 0.225185 0.0124766 -0.829527 0.491514 -0.265139 1 
0.10623 0.225327 0.0127403 -0.828276 0.486399 -0.278164 1 
0.107644 0.226888 0.0129915 -0.801027 0.570864 -0.180193 1 
0.107138 0.225793 0.0133301 -0.825795 0.504738 -0.251597 1 
0.107442 0.225933 0.0134974 -0.82206 0.501938 -0.26884 1 
0.107513 0.226881 0.0140127 -0.779741 0.53317 -0.328228 1 
0.106877 0.224148 0.0127266 -0.845288 0.484106 -0.226118 1 
0.106087 0.224308 0.0127147 -0.843873 0.453678 -0.286452 1 
0.105879 0.223801 0.0129781 -0.880184 0.369889 -0.297421 1 
0.10641 0.224811 0.0131416 -0.837029 0.471893 -0.276947 1 
0.106378 0.223835 0.0138943 -0.8491 0.452956 -0.271773 1 
0.10561 0.221772 0.0136047 -0.958871 0.167968 -0.228807 1 
0.106018 0.223158 0.0135593 -0.884595 0.357153 -0.299888 1 
0.106072 0.223342 0.0141453 -0.883088 0.36858 -0.290351 1 
0.105428 0.223166 0.0142083 -0.893788 0.349485 -0.281075 1 
0.105294 0.222328 0.0143125 -0.952992 0.128568 -0.274366 1 
0.105578 0.224968 0.0150632 -0.851643 0.502777 -0.148048 1 
0.106274 0.223543 0.014388 -0.876724 0.431687 -0.212135 1 
0.106016 0.223759 0.0142585 -0.857944 0.432795 -0.276805 1 
0.106064 0.223713 0.0146268 -0.865728 0.477392 -0.150371 1 
0.105462 0.22394 0.0148156 -0.869829 0.471944 -0.143761 1 
0.10571 0.223542 0.0148152 -0.881418 0.447222 -0.151969 1 
0.105548 0.223391 0.0151165 -0.881418 0.447222 -0.151969 1 
0.105493 0.22313 0.0152545 -0.96225 0.238284 -0.131512 1 
0.105517 0.223446 0.0154263 -0.918118 0.370322 -0.141141 1 
0.105229 0.22304 0.0156312 -0.901143 0.410126 -0.140493 1 
0.105266 0.22349 0.015845 -0.841191 0.508313 -0.184432 1 
0.105534 0.223535 0.0129907 -0.884595 0.357153 -0.299888 1 
0.10552 0.223677 0.0132545 -0.884595 0.357153 -0.299888 1 
0.105173 0.223058 0.0136853 -0.906629 0.304169 -0.292414 1 
0.105274 0.222919 0.0143338 -0.927659 0.237242 -0.288384 1 
0.104656 0.222458 0.0138694 -0.841675 0.432549 -0.323241 1 
0.105343 0.223314 0.0142378 -0.893788 0.349485 -0.281075 1 
0.105319 0.224152 0.0153766 -0.869829 0.471944 -0.143761 1 
0.107623 0.226648 0.0144854 -0.81316 0.523968 -0.253432 1 
0.107143 0.224158 0.0178529 -0.862421 -0.359471 0.356385 1 
0.105944 0.224165 0.0160835 -0.873337 0.463552 -0.149673 1 
0.105422 0.224367 0.0156069 -0.869829 0.471944 -0.143761 1 
0.105636 0.224349 0.0163098 -0.882204 0.457386 -0.111869 1 
0.105652 0.225037 0.0169631 -0.887714 0.447385 -0.108671 1 
0.105421 0.225045 0.0155822 -0.848213 0.513583 -0.129487 1 
0.105193 0.225129 0.015867 -0.862003 0.496045 -0.104355 1 
0.105126 0.225087 0.0155448 -0.848213 0.513583 -0.129487 1 
0.105214 0.22386 0.0158703 -0.819551 0.540813 -0.18936 1 
0.105201 0.224002 0.0161341 -0.823419 0.537405 -0.182146 1 
0.104704 0.224522 0.0158293 -0.951307 0.297202 -0.0817631 1 
0.105192 0.223821 0.0160042 -0.79638 0.574064 -0.190339 1 
0.105142 0.223789 0.01636 -0.795987 0.561055 -0.227204 1 
0.105078 0.223623 0.0166738 -0.882204 0.457386 -0.111869 1 
0.104987 0.224221 0.0164608 -0.720275 0.657778 -0.220301 1 
0.106854 0.223475 0.0177522 -0.978374 0.104606 0.178445 1 
0.101182 0.215831 0.0217098 -0.810467 0.291139 -0.508312 1 
0.101166 0.215144 0.0210565 -0.807313 0.301755 -0.507138 1 
0.100487 0.215347 0.021823 -0.845943 0.229331 -0.481443 1 
0.100188 0.215437 0.0218734 -0.84842 0.242188 -0.470668 1 
0.100096 0.214726 0.0217977 -0.876746 0.118325 -0.466172 1 
0.100386 0.214731 0.0219231 -0.886731 0.0879748 -0.453838 1 
0.100428 0.215134 0.0220488 -0.8494 0.20971 -0.484294 1 
0.100915 0.216342 0.0227859 -0.815102 0.269623 -0.51275 1 
0.0997616 0.21464 0.0243297 -0.918138 0.373645 0.131956 1 
0.0994905 0.213568 0.0228478 -0.93205 -0.0402979 -0.360081 1 
0.0994078 0.215024 0.0227399 -0.901906 -0.0388637 -0.430181 1 
0.0995595 0.215949 0.0225898 -0.854316 0.218476 -0.471606 1 
0.0997678 0.215701 0.0230749 -0.893537 -0.0145613 -0.448754 1 
0.0991262 0.214924 0.0224388 -0.901906 -0.0388637 -0.430181 1 
0.0991931 0.214966 0.022761 -0.913472 -0.0249726 -0.406134 1 
0.0995076 0.213578 0.0235257 -0.980338 0.167673 -0.104031 1 
0.099213 0.21362 0.0234883 -0.979483 0.10692 -0.170826 1 
0.0993516 0.214687 0.0236019 -0.959876 0.0463043 -0.276575 1 
0.0988661 0.214787 0.0227276 -0.935624 -0.0165485 -0.352609 1 
0.0994566 0.21621 0.0236948 -0.943177 0.0994913 -0.317046 1 
0.0988678 0.213354 0.0235009 -0.986813 -0.0286531 -0.159311 1 
0.0994134 0.213744 0.0244549 -0.913466 0.331511 0.235967 1 
0.104521 0.212169 0.0137289 -0.836196 0.311034 -0.451702 1 
0.104198 0.211666 0.0133019 -0.836196 0.311034 -0.451702 1 
0.104067 0.211659 0.0143231 -0.836196 0.311034 -0.451702 1 
0.103955 0.211539 0.0142687 -0.836196 0.311034 -0.451702 1 
0.104048 0.21225 0.0143444 -0.836196 0.311034 -0.451702 1 
0.104013 0.209213 0.0135934 -0.816415 0.28363 -0.503012 1 
0.103955 0.210307 0.013682 -0.836196 0.311034 -0.451702 1 
0.104091 0.209789 0.0136271 -0.816415 0.28363 -0.503012 1 
0.10376 0.209658 0.0136817 -0.816415 0.28363 -0.503012 1 
0.103705 0.209397 0.0138196 -0.816415 0.28363 -0.503012 1 
0.103467 0.209022 0.0136689 -0.816415 0.28363 -0.503012 1 
0.103616 0.210548 0.014218 -0.836196 0.311034 -0.451702 1 
0.104208 0.211293 0.0152099 -0.836196 0.311034 -0.451702 1 
0.103663 0.21118 0.0145616 -0.836196 0.311034 -0.451702 1 
0.103804 0.210891 0.0147245 -0.836196 0.311034 -0.451702 1 
0.103611 0.21155 0.014587 -0.836196 0.311034 -0.451702 1 
0.103128 0.211525 0.0143487 -0.836196 0.311034 -0.451702 1 
0.102851 0.209392 0.0141215 -0.816415 0.28363 -0.503012 1 
0.103321 0.21059 0.0141806 -0.836196 0.311034 -0.451702 1 
0.103439 0.209985 0.0141717 -0.836196 0.311034 -0.451702 1 
0.103229 0.210155 0.0144105 -0.836196 0.311034 -0.451702 1 
0.103089 0.209767 0.0142723 -0.826108 0.28578 -0.48567 1 
0.103738 0.212081 0.014989 -0.836196 0.311034 -0.451702 1 
0.104295 0.213006 0.0156546 -0.665234 -0.441822 0.601878 1 
0.104119 0.211489 0.0153273 -0.836196 0.311034 -0.451702 1 
0.103443 0.212123 0.0149516 -0.836196 0.311034 -0.451702 1 
0.103633 0.212743 0.0157637 -0.932702 -0.240561 0.268697 1 
0.10227 0.215383 0.0182521 -0.903203 0.352791 -0.244465 1 
0.103084 0.215816 0.0187415 -0.925043 0.286493 -0.249434 1 
0.103012 0.215745 0.0192311 -0.900491 0.335651 -0.276505 1 
0.102381 0.215427 0.0190305 -0.891275 0.31307 -0.328049 1 
0.102216 0.214645 0.0194443 -0.86278 0.292701 -0.412234 1 
0.102162 0.215692 0.0194451 -0.86278 0.292701 -0.412234 1 
0.102599 0.215361 0.0196454 -0.86278 0.292701 -0.412234 1 
0.102249 0.215143 0.019746 -0.86334 0.311293 -0.397167 1 
0.102291 0.215546 0.0198717 -0.86334 0.311293 -0.397167 1 
0.102012 0.215044 0.0199009 -0.86334 0.311293 -0.397167 1 
0.102103 0.215557 0.0165575 -0.852198 0.157487 -0.498955 1 
0.101975 0.215426 0.0182147 -0.903203 0.352791 -0.244465 1 
0.101514 0.215364 0.0185664 -0.874168 0.296457 -0.384634 1 
0.101618 0.215579 0.0187967 -0.86278 0.292701 -0.412234 1 
0.101876 0.214608 0.0196747 -0.86278 0.292701 -0.412234 1 
0.1013 0.21455 0.0193361 -0.86278 0.292701 -0.412234 1 
0.102009 0.215446 0.0195705 -0.86334 0.311293 -0.397167 1 
0.101691 0.215172 0.0193613 -0.86278 0.292701 -0.412234 1 
0.101704 0.215229 0.0201272 -0.770057 0.392355 -0.503061 1 
0.101277 0.215266 0.0187214 -0.86278 0.292701 -0.412234 1 
0.101248 0.215951 0.0189185 -0.86278 0.292701 -0.412234 1 
0.101885 0.213559 0.0192179 -0.870092 0.303237 -0.38857 1 
0.101941 0.214096 0.0193856 -0.86278 0.292701 -0.412234 1 
0.101826 0.213345 0.0194438 -0.834785 0.317939 -0.449499 1 
0.101842 0.213833 0.0190674 -0.870092 0.303237 -0.38857 1 
0.101501 0.21352 0.0189921 -0.869114 0.300906 -0.392552 1 
0.101547 0.213876 0.01903 -0.86278 0.292701 -0.412234 1 
0.101151 0.213302 0.0190926 -0.865994 0.297829 -0.401687 1 
0.100855 0.21299 0.0194735 -0.838663 0.273376 -0.471072 1 
0.101638 0.214233 0.019524 -0.86278 0.292701 -0.412234 1 
0.10127 0.213928 0.0196705 -0.82755 0.31249 -0.46638 1 
0.10119 0.214029 0.019612 -0.86278 0.292701 -0.412234 1 
0.101522 0.213483 0.0195822 -0.82755 0.31249 -0.46638 1 
0.101136 0.21309 0.0197746 -0.833681 0.308134 -0.45829 1 
0.101325 0.214465 0.0198382 -0.829664 0.332181 -0.44868 1 
0.100944 0.214302 0.0202485 -0.7228 0.500144 -0.476882 1 
0.100954 0.214484 0.0203783 -0.7228 0.500144 -0.476882 1 
0.100907 0.213852 0.0200348 -0.778423 0.304046 -0.549194 1 
0.10055 0.214005 0.0206168 -0.816415 0.28363 -0.503012 1 
0.10164 0.215063 0.020441 -0.765454 0.419449 -0.487998 1 
0.101451 0.215674 0.0202155 -0.746437 0.439953 -0.499273 1 
0.126691 0.20188 0.0159464 -0.962299 -0.228497 0.147544 0 
0.126456 0.202136 0.0156831 -0.93252 -0.25535 0.25535 0 
0.125897 0.201888 0.0149928 -0.924238 -0.269986 0.269986 0 
0.126212 0.202486 0.0155956 -0.742456 -0.545779 -0.388437 0 
0.126161 0.202178 0.0156456 -0.933898 -0.256997 0.248571 0 
0.125917 0.202528 0.0155582 -0.700932 -0.557749 -0.444534 0 
0.126444 0.201401 0.0149419 -0.932739 -0.223688 0.282776 0 
0.126334 0.200879 0.0152178 -0.184449 -0.869126 0.45891 0 
0.125614 0.202666 0.0156965 -0.651457 -0.570656 -0.499955 0 
0.100951 0.225293 0.0181841 -0.688576 -0.227434 0.688576 0 
0.098514 0.226487 0.0170775 -0.473057 0.509574 0.718715 0 
0.0988961 0.226172 0.0177215 -0.287535 -0.135075 0.948197 0 
0.0986996 0.2262 0.0176966 -0.271288 -0.116641 0.955405 0 
0.0986264 0.225852 0.0178805 -0.17414 -0.17672 0.968734 0 
0.0977102 0.225758 0.0177723 -0.165244 0.0335109 0.985683 0 
0.0968891 0.225774 0.0170405 0.228692 0.35979 0.904572 0 
0.096831 0.225637 0.0165424 0.355828 0.405989 0.84176 0 
0.0967674 0.225472 0.0168562 0.357511 0.391857 0.847723 0 
0.0964382 0.225694 0.0164925 0.410799 0.475748 0.777758 0 
0.0963832 0.225433 0.0166305 0.427813 0.4636 0.77592 0 
0.0982071 0.226948 0.0176095 0.182656 -0.738297 0.649272 0 
0.0977594 0.226744 0.0176976 0.205432 -0.767668 0.607029 0 
0.0979918 0.225858 0.0180735 -0.103862 -0.0741868 0.991821 0 
0.0974993 0.226606 0.0179864 -0.0932527 -0.0340098 0.995061 0 
0.123456 0.204837 0.0158961 -0.584701 -0.332032 -0.740189 0 
0.123401 0.204577 0.016034 -0.578123 -0.412472 -0.704018 0 
0.123031 0.204672 0.0158502 -0.577828 -0.187527 -0.794323 0 
0.123153 0.204974 0.0160345 -0.577828 -0.187527 -0.794323 0 
0.122845 0.205159 0.0162608 -0.524631 0.0601576 -0.849202 0 
0.122619 0.205596 0.0161273 -0.575786 -0.312753 -0.755418 0 
0.122461 0.20512 0.016035 -0.581735 -0.323903 -0.746104 0 
0.12241 0.205767 0.0163661 -0.552835 -0.355047 -0.753866 0 
0.121161 0.204988 0.015701 -0.503695 -0.527122 0.684422 0 
0.122003 0.205689 0.0162742 -0.493636 -0.61157 -0.618309 0 
0.122153 0.205305 0.0162613 -0.552835 -0.355047 -0.753866 0 
0.122255 0.206198 0.0164669 -0.49001 -0.770016 0.408613 0 
0.121961 0.20624 0.0164295 -0.546455 -0.600593 0.583674 0 
0.121846 0.20549 0.0164876 -0.587816 -0.774919 0.23232 0 
0.121538 0.205674 0.0167139 -0.546455 -0.600593 0.583674 0 
0.121678 0.206063 0.0168522 -0.546455 -0.600593 0.583674 0 
0.120733 0.205424 0.0163544 -0.388399 -0.279587 0.878053 0 
0.120935 0.205901 0.0169028 -0.459977 -0.420968 0.781798 0 
0.119929 0.207236 0.015109 0.440314 0.232931 -0.867103 0 
0.11955 0.207626 0.0161307 0.35886 0.12237 -0.925335 0 
0.119292 0.206611 0.0154145 0.46097 0.287136 -0.839679 0 
0.1181 0.208908 0.0153666 0.562639 0.538984 0.626844 0 
0.117827 0.208713 0.0148896 0.563315 0.556548 0.610681 0 
0.117716 0.20887 0.0151408 -0.300449 -0.459235 0.835963 0 
0.117561 0.209024 0.014936 0.585518 0.534897 0.609142 0 
0.11724 0.209351 0.0154261 -0.292252 -0.486045 0.823619 0 
0.116945 0.209394 0.0153886 0.553221 0.502775 0.664201 0 
0.11637 0.209612 0.0153556 -0.294256 -0.46863 0.832946 0 
0.116553 0.209727 0.0156444 -0.294256 -0.46863 0.832946 0 
0.116816 0.20974 0.0159915 -0.298641 -0.470633 0.830252 0 
0.116485 0.209608 0.0160461 -0.294256 -0.46863 0.832946 0 
0.11934 0.20732 0.0150342 0.286783 -0.00610176 -0.957976 0 
0.119055 0.207544 0.0151265 0.570146 0.817162 0.0847321 0 
0.11908 0.207183 0.015323 0.265723 -0.0257152 -0.963706 0 
0.11876 0.207586 0.0150891 0.5669 0.823453 0.0234484 0 
0.118799 0.207359 0.0153275 0.562899 0.820473 0.0998459 0 
0.118747 0.207729 0.0153529 0.569323 0.821112 0.040566 0 
0.118615 0.207923 0.0150141 0.547233 0.835545 0.0489851 0 
0.11825 0.208248 0.015048 0.604768 0.781846 -0.151567 0 
0.118104 0.208584 0.014973 0.521059 0.504305 0.688603 0 
0.118287 0.208698 0.0152617 0.486857 0.547087 0.680931 0 
0.119306 0.207976 0.0160432 0.559583 0.822747 0.0997707 0 
0.118984 0.208027 0.0162275 0.239111 -0.0453698 -0.969932 0 
0.119055 0.207744 0.0161562 0.306699 0.0470866 -0.950641 0 
0.11869 0.208069 0.0161901 0.560594 0.826064 0.0578951 0 
0.118742 0.207699 0.0161647 0.239111 -0.0453698 -0.969932 0 
0.118447 0.207742 0.0161273 0.239111 -0.0453698 -0.969932 0 
0.118014 0.208703 0.0158143 0.424506 0.466794 0.775821 0 
0.117968 0.208348 0.0157765 0.622366 0.750271 -0.223054 0 
0.118207 0.208045 0.0159518 0.604505 0.790955 -0.0946815 0 
0.117913 0.208087 0.0159144 0.61585 0.772448 -0.155092 0 
0.117858 0.207826 0.0160524 0.618211 0.783829 -0.0585373 0 
0.117528 0.208526 0.0146344 -0.285752 -0.44639 0.847987 0 
0.116933 0.207627 0.0150904 0.526883 0.533616 0.66155 0 
0.117643 0.208522 0.0153248 0.563315 0.556548 0.610681 0 
0.117188 0.20849 0.0148648 -0.276805 -0.426678 0.861002 0 
0.117465 0.208637 0.0152539 0.57444 0.520533 0.631715 0 
0.117446 0.20855 0.0152998 0.57444 0.520533 0.631715 0 
0.117664 0.208485 0.0159148 0.514438 0.484471 0.70756 0 
0.117617 0.208807 0.0158523 0.57444 0.520533 0.631715 0 
0.117062 0.208712 0.0161037 0.582236 0.538358 0.609239 0 
0.117618 0.208129 0.015877 0.627399 0.756253 -0.185612 0 
0.11732 0.208496 0.0162331 0.566455 0.505944 0.650499 0 
0.1173 0.209086 0.0162544 -0.292252 -0.486045 0.823619 0 
0.116886 0.20918 0.0156145 -0.294914 -0.47592 0.828569 0 
0.116707 0.209219 0.0162675 0.553221 0.502775 0.664201 0 
0.116762 0.209479 0.0161295 0.553221 0.502775 0.664201 0 
0.117001 0.209176 0.0163049 -0.294914 -0.47592 0.828569 0 
0.116467 0.209521 0.016092 -0.294256 -0.46863 0.832946 0 
0.11736 0.20759 0.0164962 0.6272 0.769543 -0.120102 0 
0.116089 0.210744 0.0156412 0.623593 0.539095 0.566135 0 
0.116256 0.21037 0.0163062 0.616045 0.551909 0.562036 0 
0.115981 0.209821 0.0162474 0.606077 0.545301 0.579066 0 
0.115499 0.210828 0.0155663 0.579996 0.462994 0.670255 0 
0.115548 0.210783 0.0159345 0.579996 0.462994 0.670255 0 
0.115482 0.211018 0.0159179 0.501672 0.326485 0.801082 0 
0.115321 0.210943 0.0154953 0.519578 0.382761 0.763893 0 
0.115063 0.211159 0.0153659 0.485578 0.306433 0.818726 0 
0.115187 0.21106 0.0158805 0.471893 0.276947 0.837029 0 
0.115405 0.209763 0.0159088 0.623593 0.539095 0.566135 0 
0.114894 0.210425 0.0158677 0.572652 0.407622 0.711276 0 
0.114262 0.210784 0.0156424 0.462868 0.398356 0.791875 0 
0.116172 0.209564 0.0160546 -0.297528 -0.465764 0.833391 0 
0.115673 0.210006 0.0164737 0.623593 0.539095 0.566135 0 
0.115604 0.210565 0.0168508 0.572517 0.449 0.686019 0 
0.115179 0.211155 0.0160563 0.471893 0.276947 0.837029 0 
0.114867 0.211387 0.0163705 0.478374 0.381733 0.790847 0 
0.115168 0.210896 0.0166504 0.480576 0.316707 0.817767 0 
0.115454 0.210949 0.0168637 0.481128 0.331867 0.811407 0 
0.115296 0.21075 0.0170771 0.47965 0.324515 0.815246 0 
0.11486 0.211081 0.0168767 0.443517 0.288981 0.8484 0 
0.114191 0.212021 0.0159948 0.507733 0.422289 0.750919 0 
0.114911 0.211189 0.0157971 0.431179 0.298271 0.851539 0 
0.114742 0.211486 0.015856 0.50543 0.439576 0.742505 0 
0.114706 0.211312 0.0159479 0.49454 0.432106 0.754132 0 
0.114884 0.211197 0.0160189 0.462868 0.398356 0.791875 0 
0.114337 0.211685 0.0160698 0.510854 0.444724 0.735696 0 
0.114565 0.211123 0.0168393 0.476351 0.36408 0.800334 0 
0.121131 0.204365 0.0160354 -0.423987 -0.360941 -0.830636 0 
0.121767 0.204913 0.0164538 -0.514619 -0.3815 -0.76787 0 
0.12146 0.204143 0.0163991 -0.526471 -0.215166 -0.822515 0 
0.121446 0.20524 0.0169439 -0.591742 -0.767538 0.246428 0 
0.121225 0.204675 0.0164415 -0.587816 -0.774919 0.23232 0 
0.121221 0.204723 0.0165294 -0.587816 -0.774919 0.23232 0 
0.120606 0.204892 0.0159524 -0.421432 -0.346232 0.838164 0 
0.120592 0.205234 0.0172457 -0.552262 -0.633328 0.542128 0 
0.120734 0.204946 0.0174087 0.0979011 0.00968253 0.995149 0 
0.110899 0.215119 0.0157521 -0.480231 -0.392916 0.784216 0 
0.110909 0.215577 0.0161876 -0.54307 -0.509444 0.667489 0 
0.111069 0.215375 0.0163045 -0.494284 -0.412719 0.765079 0 
0.111046 0.215336 0.0164384 -0.504403 -0.432111 0.747568 0 
0.108859 0.216685 0.0159427 0.0882645 0.0951423 0.991543 0 
0.108811 0.216731 0.0155745 0.118174 0.0924329 0.988681 0 
0.10827 0.21677 0.0158679 0.154626 0.0875014 0.984091 0 
0.108701 0.216209 0.0158505 0.0131919 0.0273985 0.999538 0 
0.108416 0.216434 0.0159429 0.101161 0.0716085 0.99229 0 
0.108459 0.215404 0.0168419 -0.636814 -0.676306 0.370241 0 
0.107753 0.216171 0.016052 0.154626 0.0875014 0.984091 0 
0.108189 0.215839 0.0162523 0.0926932 0.155291 0.98351 0 
0.109035 0.215462 0.0171805 -0.61189 -0.63536 0.471072 0 
0.108925 0.217404 0.0162403 0.143277 0.0236914 0.989399 0 
0.108453 0.216884 0.0161566 0.115982 0.0209873 0.99303 0 
0.108499 0.21724 0.0161944 0.0802943 -0.0516963 0.99543 0 
0.108228 0.217598 0.0163288 0.076176 -0.134773 0.987944 0 
0.108173 0.217337 0.0164668 0.0261126 -0.146458 0.988872 0 
0.107668 0.216997 0.0160567 -0.122361 -0.233129 0.964717 0 
0.107934 0.21764 0.0162913 -0.113849 -0.268265 0.956594 0 
0.107879 0.21738 0.0164293 -0.00113123 -0.170816 0.985302 0 
0.108074 0.218029 0.0164296 -0.13926 -0.304209 0.942371 0 
0.107669 0.21755 0.0166681 -0.26629 -0.367451 0.891106 0 
0.108526 0.2162 0.0164155 -0.605064 -0.773562 0.188412 0 
0.108796 0.215765 0.0170052 -0.641827 -0.693823 0.326601 0 
0.108741 0.215504 0.0171431 -0.629694 -0.6596 0.410381 0 
0.108569 0.215925 0.016566 -0.638384 -0.721167 0.269045 0 
0.108519 0.215894 0.0169217 -0.621512 -0.65817 0.424894 0 
0.108215 0.215754 0.0167544 -0.628687 -0.709495 0.318384 0 
0.108077 0.216674 0.0164789 0.0693085 -0.0627077 0.995622 0 
0.107531 0.216483 0.0165545 0.0424569 -0.0772933 0.996104 0 
0.107778 0.216763 0.0165294 -0.00558502 -0.150796 0.988549 0 
0.107824 0.217119 0.0165673 0.0283909 -0.144226 0.989137 0 
0.107967 0.216152 0.0167549 -0.627344 -0.753737 0.195756 0 
0.107715 0.21592 0.0168679 0.162056 0.127418 0.978521 0 
0.107672 0.216195 0.0167174 0.0802943 -0.0516963 0.99543 0 
0.107429 0.215867 0.0166546 -0.677642 -0.693438 0.244836 0 
0.112652 0.212745 0.0160967 0.284258 0.0388194 0.957962 0 
0.112114 0.213137 0.0159718 0.236641 0.0107024 0.971538 0 
0.111917 0.213166 0.0159468 0.491702 0.419825 0.762873 0 
0.113145 0.211996 0.0161838 0.447163 0.289341 0.846361 0 
0.112142 0.213683 0.0163613 0.149266 -0.0101007 0.988746 0 
0.11219 0.213361 0.0164238 0.236641 0.0107024 0.971538 0 
0.113205 0.212686 0.0172932 0.396977 0.183331 0.899333 0 
0.11262 0.212723 0.0171304 0.0992549 -0.177679 0.97907 0 
0.112828 0.212476 0.0176155 0.403037 0.233494 0.884897 0 
0.112435 0.212532 0.0175656 0.431846 0.319597 0.843425 0 
0.111669 0.213563 0.0159472 0.28155 0.322824 0.903612 0 
0.111388 0.21374 0.0159517 0.218558 0.321409 0.921373 0 
0.110544 0.21344 0.0150481 0.12288 0.322729 0.938481 0 
0.111848 0.213725 0.0163238 -0.212406 -0.429268 0.877846 0 
0.111366 0.213977 0.0163913 0.202442 0.357504 0.911706 0 
0.111042 0.214152 0.0159397 -0.496448 -0.476524 0.725578 0 
0.111108 0.214193 0.0162619 0.166474 0.429937 0.887378 0 
0.111095 0.214336 0.0165256 0.166474 0.429937 0.887378 0 
0.110324 0.213828 0.0172163 0.0934512 0.30931 0.946358 0 
0.109973 0.214288 0.0172922 0.0773741 0.323922 0.942914 0 
0.109297 0.214922 0.0169164 0.0668449 0.263596 0.962314 0 
0.108734 0.214721 0.016314 0.0534672 0.252415 0.966141 0 
0.108529 0.214845 0.0164649 0.0828541 0.25876 0.962382 0 
0.110019 0.214643 0.01733 0.0716261 0.313852 0.946766 0 
0.108989 0.215106 0.0171427 0.090535 0.303096 0.94865 0 
0.107229 0.217729 0.015526 -0.253725 -0.341722 0.904903 0 
0.10498 0.219466 0.0159555 0.467196 0.487006 0.737938 0 
0.105022 0.219869 0.0160813 0.410368 0.413561 0.812752 0 
0.107593 0.217327 0.016216 -0.238698 -0.331284 0.912839 0 
0.107106 0.21735 0.0160657 -0.250312 -0.341068 0.9061 0 
0.107626 0.217825 0.0165176 -0.276063 -0.387695 0.879478 0 
0.107375 0.217592 0.0166306 -0.276063 -0.387695 0.879478 0 
0.107263 0.217749 0.0168819 -0.269124 -0.392409 0.879538 0 
0.107043 0.217461 0.0166852 -0.269124 -0.392409 0.879538 0 
0.106785 0.217677 0.0165558 -0.263659 -0.405281 0.875347 0 
0.106772 0.217819 0.0168195 -0.276805 -0.432795 0.857944 0 
0.106719 0.217636 0.0162335 -0.263659 -0.405281 0.875347 0 
0.106696 0.217596 0.0163674 -0.263659 -0.405281 0.875347 0 
0.106729 0.218094 0.0166691 -0.265699 -0.456143 0.849316 0 
0.106528 0.21817 0.016732 -0.252488 -0.463659 0.849276 0 
0.107364 0.216379 0.0169437 -0.0123024 -0.142037 0.989785 0 
0.106886 0.216307 0.0166176 -0.18254 -0.278614 0.942896 0 
0.106914 0.21753 0.0169824 -0.262834 -0.391998 0.881621 0 
0.106703 0.218379 0.0171966 -0.259177 -0.467746 0.84501 0 
0.106506 0.218407 0.0171716 -0.244163 -0.489862 0.836911 0 
0.106197 0.219269 0.0173732 -0.262518 -0.570623 0.778122 0 
0.106397 0.217886 0.0174475 -0.238474 -0.46024 0.855166 0 
0.106089 0.21807 0.0176739 -0.229075 -0.477873 0.848034 0 
0.10625 0.217191 0.0178154 -0.256666 -0.432839 0.86416 0 
0.105338 0.217604 0.0158411 -0.240652 -0.488968 0.838449 0 
0.105156 0.218997 0.0164447 -0.248466 -0.570377 0.782901 0 
0.10493 0.219158 0.0160055 -0.260165 -0.59759 0.758419 0 
0.104648 0.219058 0.0157044 0.433157 0.439646 0.78682 0 
0.105658 0.219385 0.0169426 -0.266583 -0.582066 0.768201 0 
0.105412 0.219382 0.0172734 -0.235532 -0.59429 0.768989 0 
0.105988 0.21944 0.017612 -0.266886 -0.589044 0.762757 0 
0.105731 0.219933 0.0177883 -0.308108 -0.679129 0.666223 0 
0.105637 0.219899 0.0176879 -0.293691 -0.656391 0.694908 0 
0.105477 0.220101 0.0175709 -0.117649 -0.386166 0.914896 0 
0.105436 0.219975 0.0177508 -0.274831 -0.611618 0.741884 0 
0.105896 0.219005 0.017842 -0.255393 -0.568759 0.781848 0 
0.10592 0.219322 0.0180137 -0.263983 -0.605423 0.75085 0 
0.104848 0.219182 0.016671 -0.233684 -0.552484 0.800096 0 
0.105285 0.218851 0.0168714 -0.24172 -0.575449 0.7813 0 
0.105154 0.219598 0.017144 -0.272546 -0.635942 0.722009 0 
0.105055 0.219612 0.0171315 -0.27597 -0.630104 0.725816 0 
0.105146 0.21997 0.0176255 -0.278588 -0.600158 0.749799 0 
0.105794 0.218113 0.0176364 -0.206216 -0.489199 0.847443 0 
0.104559 0.220408 0.0171323 0.1804 0.261783 0.948117 0 
0.103937 0.220271 0.0170615 0.0637427 -0.00731474 0.99794 0 
0.101931 0.221936 0.0154946 0.457677 0.0705182 0.886318 0 
0.101849 0.221684 0.0158544 0.632146 0.554603 0.541117 0 
0.1018 0.221652 0.0162101 0.513425 0.411724 0.752913 0 
0.104508 0.218669 0.0155661 -0.286054 -0.608863 0.739905 0 
0.104416 0.218234 0.015796 -0.27597 -0.630104 0.725816 0 
0.104394 0.218195 0.01593 -0.108671 -0.447385 0.887714 0 
0.104135 0.219565 0.0171112 -0.325707 -0.607663 0.724334 0 
0.104416 0.219665 0.0174123 -0.291925 -0.591825 0.751347 0 
0.104257 0.220144 0.0176011 -0.333548 -0.626419 0.704518 0 
0.104158 0.219882 0.0172829 -0.350476 -0.608035 0.712362 0 
0.103308 0.219552 0.0171912 -0.367214 -0.732797 0.572855 0 
0.103376 0.218915 0.0175381 -0.046955 -0.210696 0.976423 0 
0.103196 0.219432 0.0171368 -0.370522 -0.736147 0.566393 0 
0.10295 0.219428 0.0174676 -0.374352 -0.776254 0.507239 0 
0.102747 0.219905 0.0172002 0.2899 0.365004 0.884721 0 
0.102642 0.219613 0.0176938 0.288706 0.330161 0.898689 0 
0.102089 0.219871 0.017527 0.330904 0.269135 0.904471 0 
0.105372 0.219809 0.0180646 -0.282676 -0.61486 0.736235 0 
0.105366 0.220258 0.0178222 -0.00581775 -0.205948 0.978546 0 
0.105058 0.220442 0.0180485 0.0228817 -0.099154 0.994809 0 
0.102861 0.22161 0.017423 0.24677 0.112403 0.962533 0 
0.102724 0.221851 0.0171722 0.267363 0.20918 0.940617 0 
0.102838 0.221294 0.0172512 0.147812 -0.0973398 0.984214 0 
0.102488 0.221076 0.0173518 -0.122865 -0.425086 0.896775 0 
0.1028 0.221043 0.0180672 -0.0926306 -0.3477 0.933019 0 
0.102406 0.221578 0.016963 0.197425 0.0198593 0.980117 0 
0.102194 0.221118 0.0173143 0.148611 0.00558689 0.98888 0 
0.101997 0.221146 0.0172894 0.353575 0.29941 0.886193 0 
0.101703 0.221188 0.0172519 0.41844 0.371069 0.828985 0 
0.102545 0.22038 0.0193223 0.182485 0.222446 0.957715 0 
0.101972 0.220476 0.0175358 0.158734 -0.00562888 0.987305 0 
0.101974 0.220075 0.0178662 0.376334 0.542507 0.751038 0 
0.101793 0.220591 0.0174649 0.369206 0.308431 0.876674 0 
0.101531 0.220855 0.0174234 0.485505 0.420117 0.766673 0 
0.1015 0.221465 0.0159549 0.492786 0.354742 0.794557 0 
0.100624 0.222651 0.0169774 0.208839 -0.064728 0.975805 0 
0.100998 0.222508 0.0170733 0.231452 -0.0227855 0.972579 0 
0.101105 0.221368 0.0173529 0.508277 0.426031 0.748433 0 
0.101146 0.221771 0.0174786 0.402567 0.246928 0.881457 0 
0.101344 0.221065 0.0175283 0.485505 0.420117 0.766673 0 
0.101063 0.222196 0.0178138 0.185634 -0.0586842 0.980865 0 
0.100884 0.222034 0.0174371 0.274546 0.0863595 0.957688 0 
0.100959 0.222935 0.0178645 0.0346701 -0.211607 0.97674 0 
0.101015 0.221487 0.0181942 0.41766 0.251802 0.873015 0 
0.100716 0.221576 0.0182447 0.3349 0.190766 0.922741 0 
0.100667 0.222377 0.0171278 0.18902 -0.0487409 0.980763 0 
0.100412 0.221714 0.018383 0.186117 -0.0292638 0.982092 0 
0.100173 0.222017 0.0182076 0.158599 -0.0575656 0.985664 0 
0.0998187 0.221846 0.018396 0.103506 -0.0988541 0.989704 0 
0.10101 0.22352 0.0181202 0.080556 -0.216882 0.972869 0 
0.100907 0.223305 0.0178899 0.126693 -0.151294 0.980336 0 
0.100724 0.223467 0.0179069 0.125617 -0.142691 0.981764 0 
0.100766 0.223871 0.0180327 0.0856907 -0.264746 0.960503 0 
0.100656 0.223349 0.0183086 0.0358005 -0.262949 0.964145 0 
0.100434 0.223462 0.0177815 -0.00591156 -0.230551 0.973042 0 
0.100113 0.221803 0.0184335 0.197869 -0.0222456 0.979976 0 
0.0998736 0.222106 0.0182581 0.178571 -0.0484862 0.982732 0 
0.0995833 0.222101 0.0181327 0.215415 -0.0572007 0.974846 0 
0.0991559 0.222337 0.0177565 0.210569 -0.0934477 0.973102 0 
0.09875 0.222536 0.0179704 -0.00811541 -0.200567 0.979646 0 
0.098805 0.222797 0.0178324 -0.0119973 -0.112339 0.993598 0 
0.0990199 0.222101 0.01856 0.0735693 -0.182114 0.980521 0 
0.100982 0.220989 0.0178926 0.508277 0.426031 0.748433 0 
0.100674 0.221173 0.0181189 0.527947 0.445196 0.723237 0 
0.100563 0.22133 0.0183701 0.3349 0.190766 0.922741 0 
0.100671 0.224715 0.0189372 0.199272 -0.262489 0.944135 0 
0.100222 0.225188 0.0190006 -0.292807 -0.22491 0.929344 0 
0.0978272 0.22289 0.0176197 0.201718 0.188534 0.961127 0 
0.0976761 0.222997 0.0173269 0.229139 0.231883 0.94537 0 
0.0980949 0.224842 0.017717 -0.0758539 -0.176992 0.981285 0 
0.0981895 0.223166 0.018285 0.176188 0.128705 0.975906 0 
0.0979057 0.223467 0.0176535 0.2323 0.210565 0.949578 0 
0.0975979 0.223652 0.0178798 0.304717 0.295884 0.905318 0 
0.0970618 0.224875 0.0186719 0.0680457 0.007328 0.997655 0 
0.0969572 0.224582 0.0191656 0.115166 -0.249741 0.96144 0 
