0.103811 0.217142 0.0351961 0.908638 -0.320438 0.267763 2 
0.10369 0.216991 0.0350838 0.923868 -0.289869 0.249887 2 
0.103635 0.216774 0.0350771 0.923868 -0.289869 0.249887 2 
0.104801 0.217688 0.0348187 0.904112 -0.336653 0.263148 2 
0.104712 0.217657 0.0350449 0.897548 -0.3427 0.277424 2 
0.104225 0.217361 0.0351671 0.908638 -0.320438 0.267763 2 
0.103848 0.217193 0.0347314 0.90965 -0.281802 0.305163 2 
0.104266 0.217318 0.0347353 0.905333 -0.298834 0.301778 2 
0.104152 0.216979 0.0346889 0.90965 -0.281802 0.305163 2 
0.104532 0.217385 0.0348929 0.863762 -0.391224 0.317582 2 
0.104624 0.217321 0.0346996 0.905333 -0.298834 0.301778 2 
0.104511 0.216982 0.0346532 0.922356 -0.253899 0.291195 2 
0.104386 0.216926 0.034508 0.922356 -0.253899 0.291195 2 
0.10485 0.217456 0.0344528 0.985881 0.108483 0.127557 2 
0.104577 0.217247 0.0344941 0.970886 0.0427434 0.235699 2 
0.104676 0.217326 0.0341019 0.974348 -0.0777997 0.21117 2 
0.103764 0.217094 0.0341543 0.969278 0.0131793 0.245614 2 
0.105242 0.216834 0.0304995 -0.201561 -0.903401 -0.378471 2 
0.105347 0.216488 0.030405 -0.201561 -0.903401 -0.378471 2 
0.105069 0.215498 0.0303385 -0.201561 -0.903401 -0.378471 2 
0.104897 0.215037 0.0302524 -0.0569705 -0.95837 -0.279788 2 
0.105037 0.215379 0.0299999 -0.177645 -0.913807 -0.365239 2 
0.10481 0.215575 0.029982 -0.201561 -0.903401 -0.378471 2 
0.104864 0.215249 0.0296491 -0.177645 -0.913807 -0.365239 2 
0.105289 0.215185 0.0297189 -0.147999 -0.928104 -0.341642 2 
0.105285 0.21528 0.029686 -0.147999 -0.928104 -0.341642 2 
0.104807 0.214463 0.0301389 0.264182 -0.962826 -0.0563422 2 
0.10488 0.214871 0.0297809 -0.0230136 -0.967784 -0.250728 2 
0.105113 0.214818 0.0295999 -0.0871986 -0.951375 -0.295434 2 
0.105829 0.21513 0.0301001 -0.045936 -0.964656 -0.259476 2 
0.10533 0.215142 0.0292872 0.0629584 -0.971535 -0.228379 2 
0.105131 0.21501 0.0292352 0.0351556 -0.971022 -0.236391 2 
0.105477 0.214395 0.029862 -0.120114 -0.937968 -0.325252 2 
0.105788 0.214324 0.0296207 0.0769179 -0.977956 -0.194126 2 
0.105346 0.214765 0.029419 -0.0108881 -0.964202 -0.264944 2 
0.105208 0.214092 0.0299362 0.152514 -0.978319 -0.140114 2 
0.110364 0.217028 0.0198043 -0.397954 -0.900785 -0.173836 2 
0.109799 0.216775 0.0191507 -0.756795 0.559932 -0.33725 2 
0.109787 0.216158 0.0198132 -0.770366 -0.577379 -0.270498 2 
0.110024 0.21601 0.0196651 -0.86415 -0.352746 -0.358907 2 
0.109909 0.215977 0.0201903 -0.946452 -0.0553707 -0.31806 2 
0.109959 0.215745 0.0198243 -0.821454 -0.447922 -0.352956 2 
0.109941 0.21558 0.0193528 -0.814899 -0.409841 -0.409841 2 
0.110597 0.216975 0.0196234 -0.299069 -0.938552 -0.172275 2 
0.110827 0.217016 0.0194095 -0.832787 -0.258025 -0.489784 2 
0.110786 0.217085 0.0190051 0.0150423 -0.982379 -0.186293 2 
0.110764 0.216988 0.0193369 -0.828054 -0.251346 -0.50115 2 
0.110269 0.21688 0.0193932 -0.70067 0.62914 -0.336517 2 
0.110498 0.216921 0.0191793 -0.00314629 -0.997373 -0.0723646 2 
0.110029 0.216816 0.0189368 -0.705845 0.610859 -0.358655 2 
0.110594 0.217095 0.0187542 -0.269208 -0.893891 -0.358449 2 
0.110187 0.217018 0.0185843 -0.780808 0.456148 -0.426928 2 
0.109881 0.215789 0.0190484 -0.768244 -0.40288 -0.497483 2 
0.110831 0.216947 0.0186062 0.0274463 -0.974941 -0.220764 2 
0.110588 0.216646 0.0183815 -0.779487 -0.245249 -0.576414 2 
0.110031 0.215279 0.0193914 -0.813748 -0.420463 -0.401279 2 
0.109755 0.216939 0.0187132 -0.730397 0.573533 -0.370917 2 
0.109812 0.216518 0.0184133 -0.41707 -0.835713 -0.357263 2 
0.110033 0.216748 0.0181334 -0.320237 -0.855514 -0.406872 2 
0.109806 0.216044 0.0188769 -0.821353 -0.292558 -0.489683 2 
0.109761 0.216207 0.0184395 -0.02082 -0.99388 -0.108483 2 
0.110052 0.215708 0.0187948 -0.754329 -0.410708 -0.512158 2 
0.109914 0.215934 0.0185506 -0.796258 -0.302356 -0.523979 2 
0.110335 0.215965 0.0185876 -0.743744 -0.41538 -0.52374 2 
0.110285 0.215654 0.0186139 -0.753157 -0.415139 -0.510309 2 
0.109995 0.216154 0.0182585 -0.823095 -0.198574 -0.532056 2 
0.110393 0.215545 0.0182876 -0.732627 -0.403356 -0.548235 2 
0.110228 0.216101 0.0180776 -0.767664 -0.270661 -0.580892 2 
0.110049 0.21547 0.0190266 -0.768244 -0.40288 -0.497483 2 
0.110686 0.215283 0.0184111 -0.713406 -0.453985 -0.533807 2 
0.117985 0.219243 0.00245215 -0.535832 -0.576399 -0.616967 2 
0.118294 0.218935 0.0024427 -0.748344 -0.452296 -0.48519 2 
0.118452 0.219137 0.00209023 -0.83847 -0.438753 -0.323209 2 
0.118187 0.218739 0.00219741 -0.692403 -0.562264 -0.452147 2 
0.11871 0.219392 0.00218192 -0.823015 -0.382171 -0.420229 2 
0.118341 0.219035 0.00181204 -0.731679 -0.676182 -0.0861657 2 
0.118474 0.219234 0.00175843 -0.817341 -0.571137 -0.0758653 2 
0.118542 0.218836 0.00212878 -0.832866 -0.464092 -0.301582 2 
0.119259 0.220048 0.00186753 -0.81867 -0.131282 -0.559056 2 
0.119226 0.219928 0.001529 -0.814383 -0.143889 -0.562206 2 
0.118657 0.21887 0.0016037 -0.82617 -0.562351 -0.034713 2 
0.118305 0.219936 -0.00015711 -0.688449 -0.715214 0.120441 2 
0.118339 0.219698 0.00128252 -0.552681 -0.748321 0.366824 2 
0.117764 0.219039 0.00189572 -0.579766 -0.744491 -0.331064 2 
0.117971 0.219315 0.00174884 -0.562521 -0.823027 0.0787243 2 
0.118157 0.218856 0.00162707 -0.643187 -0.764757 0.0381672 2 
0.118702 0.218732 0.00120486 -0.779699 -0.613995 0.122799 2 
0.11837 0.218401 0.00120641 -0.64173 -0.718165 0.269113 2 
0.118277 0.21849 0.000563435 -0.699365 -0.690143 0.185985 2 
0.118268 0.218136 0.000157841 -0.763628 -0.604993 0.225511 2 
0.119845 0.219575 0.000442021 -0.907136 -0.363144 0.212678 2 
0.119651 0.219016 0.000687741 -0.983108 -0.17585 -0.0507487 2 
0.120459 0.219596 0.000729799 -0.906933 0.172817 -0.384197 2 
0.119727 0.219688 -0.00073839 -0.910191 -0.206271 0.359172 2 
0.119383 0.219639 -0.000835635 -0.910879 -0.172482 0.3749 2 
0.119027 0.218947 0.000565849 -0.963591 -0.217753 0.155165 2 
0.119373 0.219233 0.000431307 -0.958157 -0.249094 0.141022 2 
0.11961 0.219085 0.000283264 -0.973627 -0.187672 0.129733 2 
0.118985 0.219348 -0.000103384 -0.867246 -0.403902 0.291114 2 
0.119281 0.219322 -0.000211708 -0.911754 -0.299055 0.28155 2 
0.119009 0.218782 9.43318e-005 -0.903206 -0.348065 0.251135 2 
0.118375 0.219232 -0.000358209 -0.823818 -0.520064 0.225515 2 
0.118949 0.218991 -0.000210091 -0.880009 -0.362 0.307473 2 
0.118761 0.218906 -0.000428028 -0.882656 -0.348536 0.315342 2 
0.119559 0.219106 4.47482e-005 -0.950217 -0.227019 0.213425 2 
0.119917 0.219109 9.05246e-006 -0.959468 -0.208349 0.18977 2 
0.120295 0.218097 -0.000201523 -0.980356 -0.111376 0.162781 2 
0.118476 0.218571 0.00228794 -0.828704 -0.424612 -0.36463 2 
0.118149 0.218145 0.00232252 -0.723031 -0.558331 -0.406808 2 
0.118632 0.218535 0.00216729 -0.870545 -0.368719 -0.32588 2 
0.118382 0.218092 0.00214158 -0.85418 -0.455258 -0.251229 2 
0.118759 0.218286 0.0017411 -0.899557 -0.416592 -0.131332 2 
0.118756 0.218049 0.00197291 -0.937251 -0.284647 -0.201336 2 
0.117859 0.217439 0.00215707 -0.675065 -0.678272 -0.29023 2 
0.117817 0.216939 0.00224923 -0.754457 -0.599453 -0.267302 2 
0.118128 0.217742 0.00208281 -0.73934 -0.650924 -0.172259 2 
0.118432 0.217528 0.00204046 -0.927432 -0.340661 -0.15434 2 
0.118226 0.217253 0.00218729 -0.924932 -0.273048 -0.264471 2 
0.118551 0.218342 0.00162321 -0.824311 -0.564883 -0.0376589 2 
0.118738 0.217883 0.00150145 -0.876322 -0.479858 0.0423806 2 
0.118726 0.218166 0.00140257 -0.859998 -0.507107 0.0569627 2 
0.118603 0.217447 0.00178684 -0.95781 -0.219803 -0.185168 2 
0.118615 0.217164 0.00188573 -0.953825 -0.245499 -0.173057 2 
0.118582 0.217045 0.00154719 -0.958896 -0.252479 -0.12951 2 
0.11857 0.217328 0.0014483 -0.876349 -0.477631 0.0622997 2 
0.11878 0.216634 0.00125948 -0.982379 -0.186293 -0.0150423 2 
0.118157 0.218008 0.000715911 -0.704091 -0.688818 0.172586 2 
0.118583 0.217945 0.000785828 -0.985341 -0.142128 0.0943539 2 
0.118468 0.217937 0.000474609 -0.857691 -0.467149 0.214798 2 
0.118314 0.217641 0.000860035 -0.952299 -0.298635 0.062803 2 
0.118567 0.217116 0.000843845 -0.973492 -0.224279 0.0448558 2 
0.118406 0.216677 0.00142813 -0.90729 -0.42026 0.0144014 2 
0.118627 0.216907 0.00114832 -0.985245 -0.170501 -0.0148759 2 
0.118619 0.216196 0.00184378 -0.969381 -0.183605 -0.163061 2 
0.118418 0.216394 0.00152702 -0.971403 -0.23152 -0.0526738 2 
0.118729 0.216323 0.00128572 -0.975178 -0.22104 -0.0130024 2 
0.118726 0.216086 0.00151755 -0.964182 -0.252132 -0.0823546 2 
0.119004 0.21587 0.00177402 -0.964851 -0.0381997 -0.260005 2 
0.119246 0.216528 0.000897586 -0.983667 -0.171227 0.055501 2 
0.118636 0.217619 0.000452869 -0.934802 -0.299527 0.190861 2 
0.118492 0.217371 0.00067237 -0.953339 -0.287432 0.0923425 2 
0.118726 0.217318 0.000491403 -0.970006 -0.195535 0.144415 2 
0.118435 0.217817 0.000136107 -0.859156 -0.442503 0.256986 2 
0.118932 0.217594 0.000344545 -0.955525 -0.231197 0.183087 2 
0.118621 0.21769 -0.000250451 -0.90934 -0.255433 0.328413 2 
0.118914 0.217428 -0.000126958 -0.919514 -0.246067 0.306505 2 
0.118834 0.217209 0.000165194 -0.946079 -0.214956 0.242339 2 
0.11866 0.217053 0.000650615 -0.971015 -0.182464 0.154393 2 
0.118672 0.21677 0.000749446 -0.9719 -0.200952 0.122593 2 
0.118971 0.216982 0.000409327 -0.940777 -0.269386 0.205838 2 
0.118906 0.216716 0.000568524 -0.97191 -0.182153 0.149035 2 
0.119327 0.216747 0.000605449 -0.983519 -0.14154 0.112506 2 
0.119826 0.216761 0.000582092 -0.989214 -0.115622 0.0899285 2 
0.119626 0.21696 0.000265323 -0.984475 -0.124114 0.124114 2 
0.119004 0.217127 -8.84011e-005 -0.944445 -0.184515 0.271989 2 
0.119237 0.217074 -0.000269368 -0.952308 -0.16521 0.256546 2 
0.119533 0.217049 -0.000377677 -0.948073 -0.194511 0.251641 2 
0.119127 0.216946 0.000288673 -0.955408 -0.229137 0.186258 2 
0.119151 0.21638 0.000486389 -0.97673 -0.161329 0.141319 2 
0.119734 0.21685 -6.09085e-005 -0.985266 -0.118519 0.123308 2 
0.118885 0.216288 0.00116511 -0.972219 -0.233189 0.0203293 2 
0.119085 0.216089 0.00148183 -0.96884 -0.220249 -0.113307 2 
0.11913 0.215952 0.00108301 -0.980873 -0.187117 -0.0536322 2 
0.119097 0.215806 0.00158073 -0.96451 -0.181417 -0.191858 2 
0.119405 0.215498 0.00157127 -0.936586 -0.282507 -0.207357 2 
0.119283 0.215679 0.00119422 -0.960739 -0.261084 -0.0938875 2 
0.118873 0.216571 0.00106626 -0.972972 -0.220738 0.0678244 2 
0.119008 0.216133 0.00070592 -0.974506 -0.202866 0.0958326 2 
0.119175 0.215814 0.000684157 -0.9755 -0.21928 -0.0177795 2 
0.11965 0.216394 0.000463046 -0.98964 -0.117454 0.0825669 2 
0.119597 0.215845 0.000721119 -0.974641 -0.206817 -0.0854514 2 
0.119564 0.2157 0.00121881 -0.960376 -0.242387 -0.137571 2 
0.120126 0.215741 0.0012681 -0.946143 -0.217709 -0.239617 2 
0.119662 0.216111 0.0005619 -0.986471 -0.156859 -0.0476388 2 
0.119167 0.216003 0.000618249 -0.970309 -0.230433 0.0734894 2 
0.118341 0.217364 -0.000846609 -0.899028 -0.21489 0.381539 2 
0.117707 0.216915 -0.000537753 -0.896483 -0.262277 0.357112 2 
0.118678 0.21727 -0.000550449 -0.910403 -0.214976 0.353485 2 
0.118867 0.21738 -0.00116879 -0.863441 -0.04269 0.502641 2 
0.119082 0.217135 -0.000985011 -0.884348 -0.0449669 0.464657 2 
0.119708 0.215999 -0.000673205 -0.935212 -0.106305 0.337753 2 
0.119391 0.21349 0.000982963 -0.820936 -0.228634 -0.523251 2 
0.119628 0.213342 0.000834942 -0.84953 -0.205992 -0.48566 2 
0.114513 0.22097 0.00327002 0.54329 -0.402133 -0.73697 2 
0.114454 0.220848 0.00323034 0.522784 -0.433729 -0.733877 2 
0.114262 0.220858 0.00297946 0.371974 -0.329113 -0.86794 2 
0.11448 0.220851 0.00293149 0.291393 -0.279795 -0.91477 2 
0.114495 0.220805 0.00279848 0.291393 -0.279795 -0.91477 2 
0.114241 0.220455 0.00273979 0.247566 -0.49667 -0.831883 2 
0.115314 0.220201 0.00370081 -0.0309793 -0.884931 -0.46469 2 
0.114128 0.220116 0.00269338 0.332032 -0.584701 -0.740189 2 
0.1131 0.220207 0.0021698 0.934127 -0.355919 -0.026983 2 
0.112978 0.220057 0.00205748 0.934127 -0.355919 -0.026983 2 
0.112945 0.219937 0.00171892 0.749658 -0.236322 0.618194 2 
0.113336 0.219186 0.00194688 0.885937 -0.40969 -0.217417 2 
0.113199 0.219412 0.00170274 0.934127 -0.355919 -0.026983 2 
0.113289 0.219112 0.00174128 0.934127 -0.355919 -0.026983 2 
0.114819 0.221325 0.002731 0.348065 -0.251135 -0.903206 2 
0.114922 0.22131 0.00237182 0.354906 -0.268778 -0.895433 2 
0.11466 0.221149 0.00224717 0.312929 -0.283546 -0.906464 2 
0.114974 0.221316 0.00177407 0.297397 -0.271284 -0.915402 2 
0.114857 0.221071 0.00169478 0.174694 -0.206217 -0.962786 2 
0.114651 0.220769 0.00267784 0.268351 -0.234631 -0.93431 2 
0.114843 0.220759 0.00292875 0.306587 -0.265902 -0.913948 2 
0.11475 0.220849 0.0022857 0.212718 -0.19934 -0.956564 2 
0.11463 0.220367 0.0024382 0.136217 -0.194778 -0.971343 2 
0.115105 0.220946 0.00221708 0.185147 -0.198278 -0.9625 2 
0.114984 0.220796 0.00210477 0.179973 -0.200991 -0.962919 2 
0.114648 0.220558 0.00207345 0.155467 -0.220789 -0.962851 2 
0.116304 0.220774 0.00248713 0.043572 -0.0478229 -0.997905 2 
0.115453 0.220926 0.00151102 0.00983262 -0.116899 -0.993095 2 
0.115405 0.220852 0.00130546 0.0121162 -0.122263 -0.992424 2 
0.115449 0.220995 0.00231431 0.081346 -0.140292 -0.986763 2 
0.115228 0.220791 0.00175788 0.0962166 -0.171728 -0.980434 2 
0.11585 0.220623 0.00211161 0.0116558 -0.0752327 -0.997098 2 
0.114189 0.220833 0.00140022 0.317893 -0.276874 -0.906799 2 
0.114422 0.22078 0.00121924 0.15384 -0.148837 -0.976822 2 
0.114382 0.220492 0.00191585 0.281045 -0.295607 -0.913033 2 
0.114806 0.22076 0.00172096 0.155467 -0.220789 -0.962851 2 
0.11454 0.220693 0.00156339 0.214009 -0.208625 -0.954293 2 
0.113486 0.219907 0.00126373 0.749658 -0.236322 0.618194 2 
0.114317 0.220252 0.00123879 0.223939 -0.413769 -0.88241 2 
0.114246 0.220413 0.0011002 0.11977 -0.0802341 -0.989554 2 
0.113844 0.21991 0.00122805 0.243308 -0.221314 -0.944363 2 
0.114987 0.221059 0.00103667 0.0724352 -0.160307 -0.984406 2 
0.114762 0.220923 0.00128354 0.141559 -0.195122 -0.970509 2 
0.115217 0.220768 0.00108755 -0.0233753 -0.125782 -0.991782 2 
0.115077 0.220758 0.00107524 -0.0121162 -0.122263 -0.992424 2 
0.114696 0.220658 0.00144275 0.0982799 -0.1638 -0.981586 2 
0.115007 0.220587 0.00120147 0.0639991 -0.191997 -0.979306 2 
0.114823 0.220408 0.00101651 0.0901121 -0.118199 -0.988893 2 
0.114532 0.220008 0.00142258 0.336879 0.232779 -0.912319 2 
0.114835 0.220125 0.00111541 0.0234655 0.130737 -0.991139 2 
0.115115 0.220478 0.000875264 -0.159321 -0.0263625 -0.986875 2 
0.115097 0.220286 0.00124 -0.0684587 0.0488991 -0.996455 2 
0.114493 0.220645 0.000521518 -0.0390867 -0.0433123 -0.998297 2 
0.114478 0.219459 0.00168061 0.336879 0.232779 -0.912319 2 
0.114351 0.218809 0.00286823 0.158673 -0.840818 -0.51754 2 
0.114151 0.219008 0.00255141 0.275311 -0.545903 -0.791324 2 
0.114267 0.21871 0.00229115 0.538473 0.0842703 -0.838418 2 
0.114417 0.2191 0.00187274 0.336879 0.232779 -0.912319 2 
0.114617 0.218901 0.00218953 -0.0768317 -0.650895 -0.75527 2 
0.113615 0.219869 0.00144194 0.522088 -0.397703 -0.754491 2 
0.113725 0.219097 0.00164527 0.560302 -0.476675 -0.67738 2 
0.113911 0.219844 0.00133369 0.443753 -0.370589 -0.815933 2 
0.114279 0.219327 0.00162864 0.203092 -0.176887 -0.96305 2 
0.114057 0.219429 0.00164368 0.247566 -0.49667 -0.831883 2 
0.113988 0.218926 0.00203471 0.2538 -0.445289 -0.858664 2 
0.114847 0.219842 0.00121428 0.0373961 -0.225583 -0.973506 2 
0.114712 0.219406 0.00149967 0.0878153 -0.162398 -0.98281 2 
0.115011 0.219618 0.00115951 -0.229735 -0.945078 0.232486 2 
0.114879 0.219088 0.00147786 -0.336999 -0.793785 -0.506297 2 
0.115293 0.219307 0.00144893 -0.386644 -0.920772 -0.0518183 2 
0.11465 0.219047 0.0016918 0.317437 0.0856157 -0.944407 2 
0.11467 0.218575 0.00185657 -0.148017 -0.581604 -0.799892 2 
0.114904 0.218522 0.00167562 -0.332657 -0.769771 -0.544786 2 
0.114411 0.219857 0.0013103 0.19043 -0.239051 -0.952151 2 
0.11438 0.219075 0.0015013 0.203092 -0.176887 -0.96305 2 
0.114757 0.219269 0.00110079 -0.232049 -0.932414 0.277052 2 
0.115842 0.220838 0.00120947 -0.0657449 -0.0420336 -0.996951 2 
0.11583 0.221121 0.00111058 -0.00966581 -0.0934362 -0.995578 2 
0.116128 0.220432 0.00153182 -0.0673943 -0.0673943 -0.995448 2 
0.116087 0.220501 0.00112735 -0.128662 0.116638 -0.984805 2 
0.115887 0.2207 0.000810593 -0.201924 0.165447 -0.965326 2 
0.115674 0.220282 0.00115635 -0.155586 0.0573212 -0.986158 2 
0.115552 0.220131 0.00104406 -0.119044 0.155862 -0.980579 2 
0.115919 0.219946 0.00107422 -0.3461 -0.208235 -0.914797 2 
0.115522 0.219349 0.00123504 -0.417121 -0.908775 0.0117683 2 
0.115466 0.218563 0.00172495 -0.471745 -0.869462 -0.146604 2 
0.115125 0.219652 0.000634439 -0.201163 -0.929851 0.308075 2 
0.113288 0.220343 0.000715166 0.518334 -0.164857 0.839137 2 
0.113644 0.220109 0.000911281 0.598575 -0.222328 0.769596 2 
0.114486 0.218371 0.00250788 -0.104507 -0.76099 -0.640291 2 
0.114637 0.21843 0.00235432 -0.212847 -0.728652 -0.65097 2 
0.114531 0.218233 0.00210906 -0.00386574 -0.400748 -0.91618 2 
0.114683 0.218292 0.00195545 -0.148017 -0.581604 -0.799892 2 
0.114764 0.21818 0.00192808 -0.148017 -0.581604 -0.799892 2 
0.115337 0.21827 0.00181146 -0.465344 -0.84622 -0.259549 2 
0.114979 0.218267 0.00184715 -0.355916 -0.752462 -0.554189 2 
0.111649 0.214926 0.0190939 -0.708701 -0.515267 -0.481916 1 
0.112115 0.21482 0.018732 -0.672543 -0.518244 -0.528307 1 
0.11292 0.213056 0.0199572 -0.380456 -0.643975 -0.663739 1 
0.112923 0.212393 0.0204867 -0.614688 -0.618056 -0.490066 1 
0.112902 0.212865 0.0203219 -0.614688 -0.618056 -0.490066 1 
0.113156 0.21234 0.0203057 -0.614688 -0.618056 -0.490066 1 
0.112878 0.212557 0.0200493 -0.614688 -0.618056 -0.490066 1 
0.113389 0.212287 0.0201248 -0.614688 -0.618056 -0.490066 1 
0.113512 0.212106 0.0205019 -0.565966 -0.626787 -0.535556 1 
0.113745 0.212053 0.0203209 -0.580888 -0.64487 -0.496701 1 
0.113757 0.21177 0.0204198 -0.580888 -0.64487 -0.496701 1 
0.1124 0.213846 0.019551 -0.530256 -0.530256 -0.661557 1 
0.112495 0.21402 0.0191259 -0.540791 -0.527314 -0.655351 1 
0.112289 0.213744 0.0192728 -0.425486 -0.547999 -0.72018 1 
0.112862 0.213834 0.0191561 -0.345778 -0.58279 -0.735387 1 
0.11252 0.213454 0.0193236 -0.457439 -0.651809 -0.604892 1 
0.112923 0.212419 0.0196504 -0.614688 -0.618056 -0.490066 1 
0.117225 0.218299 -0.00106902 -0.690325 -0.721768 0.0500235 1 
0.117069 0.218334 -0.000948399 -0.625863 -0.779922 -0.00412657 1 
0.116044 0.220794 -0.00349136 -0.887649 0.255106 0.383405 1 
0.116456 0.220114 -0.00275895 -0.78659 0.259057 0.560504 1 
0.116403 0.219565 -0.00250086 -0.873735 0.0738563 0.480763 1 
0.116824 0.218696 -0.00170257 -0.703752 -0.709416 0.038232 1 
0.116836 0.218413 -0.0016037 -0.709927 -0.701287 0.0648007 1 
0.116788 0.218339 -0.00180931 -0.857723 -0.00402687 0.514097 1 
0.11693 0.218018 -0.00153224 -0.875347 -0.263659 0.405281 1 
0.116412 0.218171 -0.00224512 -0.863341 0.00133851 0.504619 1 
0.116116 0.218196 -0.00213678 -0.891818 -0.0876514 0.443822 1 
0.115928 0.218112 -0.00235466 -0.917074 -0.12942 0.377128 1 
0.116349 0.218143 -0.00231774 -0.887918 -0.0531932 0.456916 1 
0.116023 0.218285 -0.00277978 -0.832502 0.124363 0.539883 1 
0.117844 0.2218 -0.00295749 -0.834076 0.24116 0.496145 1 
0.117857 0.221517 -0.00285863 -0.786895 0.272811 0.553507 1 
0.117177 0.218225 -0.00127464 -0.721628 -0.686498 0.0892887 1 
0.117631 0.218401 -0.0017354 -0.820622 0.103122 0.56209 1 
0.117503 0.218082 -0.000812598 -0.760031 -0.642878 0.0951869 1 
0.117674 0.217669 -0.000801407 -0.829119 -0.51877 0.208421 1 
0.117536 0.218228 -0.00131033 -0.874759 -0.35751 0.327084 1 
0.118016 0.217507 -0.00130858 -0.885946 -0.114819 0.449352 1 
0.117781 0.217891 -0.00139242 -0.884121 -0.121015 0.451315 1 
0.117716 0.217626 -0.00123324 -0.895431 -0.156163 0.416913 1 
0.118421 0.217915 -0.00140347 -0.875336 -0.059462 0.479845 1 
0.118249 0.217453 -0.00148954 -0.839653 0.0122478 0.542985 1 
0.117101 0.221817 -0.00342348 -0.907366 0.2034 0.367851 1 
0.116859 0.221185 -0.00338337 -0.889612 0.257794 0.377005 1 
0.116884 0.220619 -0.00318563 -0.814553 0.279856 0.508118 1 
0.117305 0.22065 -0.00314868 -0.757543 0.309103 0.574964 1 
0.116785 0.22144 -0.00355485 -0.906753 0.240925 0.346055 1 
0.116588 0.220644 -0.00307732 -0.855212 0.257631 0.44971 1 
0.116576 0.220927 -0.00317618 -0.880224 0.259419 0.397375 1 
0.116444 0.220397 -0.0028578 -0.842359 0.233058 0.485918 1 
0.116678 0.220343 -0.00303876 -0.80555 0.270602 0.527127 1 
0.116911 0.22029 -0.00321972 -0.799967 0.261437 0.540095 1 
0.116597 0.22015 -0.00358286 -0.870124 0.232935 0.434311 1 
0.116473 0.220662 -0.00422476 -0.889612 0.257794 0.377005 1 
0.11656 0.220124 -0.0039544 -0.880976 0.231051 0.412911 1 
0.116364 0.220229 -0.00423817 -0.887649 0.255106 0.383405 1 
0.116121 0.219928 -0.00446283 -0.889612 0.257794 0.377005 1 
0.116078 0.21976 -0.00463547 -0.889612 0.257794 0.377005 1 
0.116907 0.219153 -0.00222655 -0.852461 0.0601902 0.519315 1 
0.116809 0.218768 -0.00240588 -0.755822 0.233163 0.611856 1 
0.116612 0.220078 -0.0028796 -0.78659 0.259057 0.560504 1 
0.116499 0.219739 -0.00292598 -0.784709 0.244929 0.569421 1 
0.116343 0.219774 -0.00280534 -0.814696 0.212463 0.539564 1 
0.116448 0.219428 -0.00289973 -0.81044 0.209887 0.546932 1 
0.116388 0.219637 -0.0032042 -0.819931 0.229212 0.524571 1 
0.11672 0.219969 -0.00320581 -0.833071 0.210923 0.511375 1 
0.116798 0.219951 -0.00326612 -0.793519 0.255115 0.552489 1 
0.116547 0.219839 -0.00355665 -0.835198 0.230557 0.499287 1 
0.116669 0.219658 -0.00317956 -0.814696 0.212463 0.539564 1 
0.116556 0.219319 -0.00322596 -0.804274 0.219907 0.552073 1 
0.11646 0.219145 -0.00280088 -0.765066 0.225936 0.603015 1 
0.116846 0.218819 -0.00287063 -0.758116 0.215497 0.615485 1 
0.116591 0.218801 -0.00319414 -0.773537 0.221675 0.593717 1 
0.117076 0.21976 -0.00384592 -0.823818 0.225515 0.520064 1 
0.116932 0.218587 -0.00202879 -0.812361 0.141086 0.565831 1 
0.116932 0.218587 -0.00202879 -0.812361 0.141086 0.565831 1 
0.116744 0.218503 -0.00224673 -0.767177 0.208388 0.606641 1 
0.116948 0.218209 -0.00189696 -0.778857 0.188211 0.598297 1 
0.117165 0.218534 -0.00220977 -0.758127 0.225726 0.611794 1 
0.117175 0.217682 -0.00161429 -0.782412 0.161307 0.601508 1 
0.116555 0.218418 -0.00246459 -0.783306 0.180997 0.594704 1 
0.116906 0.21861 -0.0025662 -0.75626 0.229217 0.612805 1 
0.117447 0.217348 -0.00199524 -0.772675 0.132501 0.62082 1 
0.116577 0.219747 -0.00382259 -0.842745 0.240129 0.481787 1 
0.116441 0.219311 -0.00353713 -0.812893 0.219742 0.539368 1 
0.116445 0.219217 -0.00350418 -0.812893 0.219742 0.539368 1 
0.116401 0.21938 -0.00394157 -0.842745 0.240129 0.481787 1 
0.116208 0.21939 -0.00419244 -0.870124 0.232935 0.434311 1 
0.116558 0.218681 -0.00353269 -0.766887 0.222444 0.601999 1 
0.116036 0.218929 -0.00427856 -0.889541 0.197839 0.411797 1 
0.116233 0.218824 -0.00399472 -0.823818 0.225515 0.520064 1 
0.116331 0.219235 -0.00465158 -0.883181 0.233827 0.406591 1 
0.118261 0.217171 -0.00139069 -0.831679 0.037488 0.55399 1 
0.118535 0.217048 -0.00116718 -0.856263 0.00943912 0.516454 1 
0.11849 0.224356 0.00458363 0.680675 0.315277 -0.661273 1 
0.115944 0.227859 0.00308904 0.536254 0.52953 -0.65729 1 
0.11546 0.2278 0.00297944 0.444904 0.524292 -0.72607 1 
0.115893 0.227548 0.00311524 0.54868 0.491631 -0.676202 1 
0.115236 0.227333 0.00349109 0.54868 0.491631 -0.676202 1 
0.115406 0.227252 0.00323749 0.54868 0.491631 -0.676202 1 
0.116335 0.227108 0.00331695 0.620384 0.492608 -0.610296 1 
0.115885 0.226863 0.00297443 0.641226 0.489755 -0.590736 1 
0.116306 0.226894 0.00301141 0.642977 0.485171 -0.592613 1 
0.115402 0.227346 0.00320456 0.54868 0.491631 -0.676202 1 
0.115705 0.227464 0.00289732 0.549008 0.508714 -0.663175 1 
0.115522 0.226954 0.00297717 0.604488 0.506827 -0.61459 1 
0.115537 0.226908 0.00284421 0.604488 0.506827 -0.61459 1 
0.115471 0.226643 0.00300338 0.588824 0.48146 -0.649216 1 
0.115705 0.22659 0.00282244 0.65516 0.474195 -0.588136 1 
0.115754 0.226358 0.00245659 0.664967 0.46062 -0.587918 1 
0.115717 0.226307 0.00292133 0.636664 0.472038 -0.609786 1 
0.115825 0.226198 0.00259507 0.645201 0.470913 -0.601629 1 
0.116859 0.226555 0.0034913 0.640508 0.47912 -0.600161 1 
0.116525 0.226886 0.00296336 0.630108 0.488964 -0.603223 1 
0.116189 0.226649 0.00293202 0.630614 0.479266 -0.610434 1 
0.117681 0.227089 0.00340046 0.65703 0.512517 -0.552846 1 
0.11773 0.225983 0.00295966 0.669089 0.44884 -0.592336 1 
0.116839 0.225847 0.00268016 0.673124 0.459328 -0.579588 1 
0.117452 0.226199 0.0027032 0.654345 0.463564 -0.597445 1 
0.116208 0.226509 0.00283201 0.639216 0.478154 -0.602306 1 
0.116376 0.22619 0.00281028 0.661291 0.470437 -0.58428 1 
0.116106 0.226218 0.00261973 0.645201 0.470913 -0.601629 1 
0.116193 0.22568 0.00289009 0.673124 0.459328 -0.579588 1 
0.116122 0.225841 0.0027515 0.661291 0.470437 -0.58428 1 
0.116621 0.225854 0.00272817 0.673124 0.459328 -0.579588 1 
0.116629 0.225666 0.00279407 0.68039 0.456379 -0.5734 1 
0.116663 0.22548 0.00256114 0.68039 0.456379 -0.5734 1 
0.116442 0.225276 0.00200471 0.68039 0.456379 -0.5734 1 
0.116867 0.225544 0.00180986 0.68039 0.456379 -0.5734 1 
0.116879 0.225261 0.00190867 0.68039 0.456379 -0.5734 1 
0.116179 0.225446 0.00161528 0.654631 0.467115 -0.594358 1 
0.115608 0.225925 0.00123534 0.764121 -0.0920452 0.638472 1 
0.117611 0.225143 0.00421312 0.601387 0.412521 -0.684222 1 
0.11683 0.225467 0.00311088 0.68039 0.456379 -0.5734 1 
0.117689 0.225151 0.00331653 0.669089 0.44884 -0.592336 1 
0.117476 0.225633 0.00290088 0.68039 0.456379 -0.5734 1 
0.117501 0.225067 0.00309865 0.68039 0.456379 -0.5734 1 
0.117806 0.224522 0.00332101 0.68032 0.43414 -0.590497 1 
0.117893 0.223984 0.0035914 0.693523 0.412142 -0.590902 1 
0.116498 0.225161 0.0022762 0.68039 0.456379 -0.5734 1 
0.116748 0.22473 0.00222705 0.68039 0.456379 -0.5734 1 
0.116727 0.224302 0.00282361 0.610776 0.346921 -0.711758 1 
0.116547 0.224929 0.00191029 0.68039 0.456379 -0.5734 1 
0.11647 0.223741 0.0021605 0.341751 0.109414 -0.933399 1 
0.116817 0.224027 0.00202593 0.505878 0.15781 -0.848047 1 
0.116874 0.223581 0.00256221 0.488525 0.0681986 -0.869881 1 
0.116383 0.223405 0.00181519 0.237615 0.0659349 -0.969119 1 
0.116473 0.223104 0.00185376 0.365448 0.00636669 -0.93081 1 
0.118691 0.224209 0.00322784 0.695997 0.355368 -0.623941 1 
0.118425 0.224143 0.00307027 0.70614 0.390105 -0.590919 1 
0.118503 0.224125 0.00300995 0.711691 0.386253 -0.586775 1 
0.118315 0.224041 0.00279206 0.676306 0.370241 -0.636814 1 
0.118045 0.224069 0.00260154 0.710021 0.41211 -0.570996 1 
0.118814 0.224028 0.00360495 0.694023 0.312229 -0.648726 1 
0.118215 0.223962 0.00318416 0.70614 0.390105 -0.590919 1 
0.117968 0.223755 0.00292657 0.735908 0.331563 -0.590344 1 
0.117827 0.223745 0.0029143 0.729001 0.342582 -0.592618 1 
0.117322 0.224515 0.0015389 0.694319 0.437904 -0.571106 1 
0.117504 0.224124 0.00222046 0.704008 0.387452 -0.595192 1 
0.116945 0.22432 0.00193939 0.669761 0.413823 -0.616579 1 
0.117226 0.224341 0.00196404 0.694319 0.437904 -0.571106 1 
0.1169 0.224484 0.00150198 0.675232 0.406466 -0.615506 1 
0.117071 0.224402 0.00124834 0.661872 0.403095 -0.632013 1 
0.117046 0.224068 0.001812 0.590275 0.228946 -0.774054 1 
0.117999 0.222458 0.00285062 0.45428 0.0731819 -0.887848 1 
0.116961 0.223069 0.0019963 0.564001 -0.0908749 -0.820759 1 
0.116706 0.223051 0.00167283 0.448216 -0.053132 -0.892345 1 
0.117394 0.223148 0.00186734 0.614272 -0.0524898 -0.787347 1 
0.117161 0.223227 0.00121205 0.557928 -0.0318421 -0.829278 1 
0.118017 0.222649 0.00248583 0.51075 0.0896303 -0.855044 1 
0.116339 0.224468 0.000616454 0.661945 0.413093 -0.625446 1 
0.116655 0.223971 0.000672929 0.537405 0.182146 -0.823419 1 
0.116544 0.223844 0.00123098 0.422159 0.116409 -0.899016 1 
0.116383 0.223431 0.000978947 0.442336 0.0199251 -0.896628 1 
0.11696 0.223426 0.000895254 0.561814 -0.0262272 -0.826847 1 
0.116527 0.223678 0.00075943 0.492609 0.0257839 -0.869869 1 
0.116204 0.224058 6.56024e-005 0.619435 0.152221 -0.770149 1 
0.117154 0.223985 0.000649534 0.673971 0.280154 -0.683576 1 
0.11676 0.223625 0.000578493 0.591008 0.00136491 -0.806665 1 
0.116506 0.22325 0.00135605 0.436066 -0.0144916 -0.899798 1 
0.111739 0.202472 0.0122631 0.705609 -0.525453 -0.47541 1 
0.111714 0.202138 0.0128267 0.697411 -0.503407 -0.510097 1 
0.111608 0.201942 0.0125814 0.697411 -0.503407 -0.510097 1 
0.114991 0.20645 0.0108086 -0.155434 -0.163016 -0.974303 1 
0.11441 0.206575 0.0100231 -0.322303 -0.0802468 -0.943229 1 
0.114643 0.206522 0.00984213 -0.238402 -0.0845128 -0.967482 1 
0.111855 0.205155 0.0111264 0.687775 -0.652173 -0.318804 1 
0.112375 0.204696 0.0112678 0.687775 -0.652173 -0.318804 1 
0.112608 0.204669 0.0102506 0.658726 -0.665264 -0.35143 1 
0.114522 0.206371 0.00972982 -0.400705 -0.0302171 -0.915709 1 
0.114354 0.205815 0.00967673 -0.365556 -0.110899 -0.924159 1 
0.113992 0.205601 0.00910792 -0.371122 -0.0877198 -0.924432 1 
0.113062 0.20482 0.0106261 0.648925 -0.668639 -0.363069 1 
0.11317 0.20471 0.0102999 0.657372 -0.673684 -0.337657 1 
0.112833 0.204804 0.0100037 0.656932 -0.682885 -0.319545 1 
0.113067 0.204751 0.00982279 0.66786 -0.680734 -0.300939 1 
0.114058 0.204635 0.0099749 0.694093 -0.658827 -0.290141 1 
0.113449 0.20452 0.00972003 0.66786 -0.680734 -0.300939 1 
0.112916 0.205593 0.00921495 0.704605 -0.663437 -0.251758 1 
0.112794 0.205442 0.00910268 0.691327 -0.668975 -0.273018 1 
0.11297 0.204935 0.00914683 0.683917 -0.664607 -0.300924 1 
0.112618 0.204175 0.00974501 0.680443 -0.65446 -0.329666 1 
0.112879 0.204667 0.00960484 0.66786 -0.680734 -0.300939 1 
0.112932 0.204341 0.00927193 0.683808 -0.670996 -0.286655 1 
0.113028 0.205389 0.00892173 0.701266 -0.669748 -0.244261 1 
0.112399 0.20413 0.0114655 0.622425 -0.645787 -0.442206 1 
0.112187 0.20338 0.0120761 0.802926 0.352776 0.480478 1 
0.112812 0.20345 0.0121979 0.802926 0.352776 0.480478 1 
0.112404 0.203705 0.0117633 0.844761 0.285705 0.452495 1 
0.112423 0.203564 0.0116633 0.844761 0.285705 0.452495 1 
0.112165 0.203309 0.0115716 0.8145 0.350886 0.462026 1 
0.112052 0.20297 0.0115252 0.80852 0.349242 0.47363 1 
0.112675 0.204577 0.0111924 0.651206 -0.654504 -0.384129 1 
0.112743 0.204179 0.0115628 0.626293 -0.646334 -0.4359 1 
0.112755 0.203896 0.0116616 0.618944 -0.635717 -0.461272 1 
0.113254 0.203909 0.0116383 0.591255 -0.654903 -0.470659 1 
0.112853 0.204307 0.0110048 0.615627 -0.659005 -0.432107 1 
0.112924 0.204146 0.0111433 0.615627 -0.659005 -0.432107 1 
0.113054 0.204108 0.0113215 0.615627 -0.659005 -0.432107 1 
0.112579 0.203529 0.0115426 0.872697 0.232021 0.429612 1 
0.112779 0.20333 0.0118594 0.81114 0.352185 0.466924 1 
0.112824 0.203193 0.0114606 0.872697 0.232021 0.429612 1 
0.113262 0.203721 0.0117042 0.591614 -0.651948 -0.474296 1 
0.112866 0.204024 0.0111036 0.615627 -0.659005 -0.432107 1 
0.112833 0.203904 0.0107651 0.615627 -0.659005 -0.432107 1 
0.112575 0.203623 0.0115097 0.872697 0.232021 0.429612 1 
0.112403 0.203162 0.0114236 0.8145 0.350886 0.462026 1 
0.112277 0.20308 0.0121146 0.802926 0.352776 0.480478 1 
0.112594 0.202251 0.0124358 0.705609 -0.525453 -0.47541 1 
0.112607 0.201968 0.0125347 0.729841 -0.494836 -0.471666 1 
0.112496 0.201867 0.0122565 0.70459 -0.521363 -0.481387 1 
0.111805 0.202738 0.0121039 0.745967 -0.536112 -0.395116 1 
0.112137 0.203069 0.0121023 0.812144 0.338526 0.475208 1 
0.11196 0.202702 0.0119832 0.812144 0.338526 0.475208 1 
0.111835 0.202646 0.011838 0.812144 0.338526 0.475208 1 
0.11228 0.202443 0.0118079 0.812144 0.338526 0.475208 1 
0.111837 0.201983 0.0123675 0.729841 -0.494836 -0.471666 1 
0.113213 0.203078 0.0119952 0.802926 0.352776 0.480478 1 
0.112302 0.20254 0.0114761 0.802926 0.352776 0.480478 1 
0.112101 0.202738 0.0111593 0.81114 0.352185 0.466924 1 
0.112436 0.204208 0.0101645 0.687775 -0.652173 -0.318804 1 
0.112256 0.203935 0.0100125 0.679406 -0.653338 -0.334001 1 
0.112264 0.203746 0.0100784 0.688511 -0.649631 -0.322385 1 
0.112678 0.203966 0.0100494 0.687775 -0.652173 -0.318804 1 
0.112489 0.203881 0.00983154 0.679406 -0.653338 -0.334001 1 
0.113351 0.201594 0.0141017 0.430671 -0.573673 -0.696722 1 
0.112614 0.201754 0.0134369 0.427137 -0.576718 -0.696383 1 
0.112726 0.20155 0.0131436 0.427137 -0.576718 -0.696383 1 
0.11313 0.201416 0.012709 0.430671 -0.573673 -0.696722 1 
0.115552 0.206849 0.00975681 0.620325 -0.337027 -0.708245 1 
0.115564 0.206566 0.00985571 0.634284 -0.395807 -0.664094 1 
0.114688 0.206384 0.00944326 -0.383552 0.0167885 -0.923367 1 
0.114575 0.206045 0.00939684 -0.272035 -0.0915378 -0.957924 1 
0.114243 0.205739 0.00856223 -0.163838 -0.0958758 -0.981817 1 
0.113417 0.225266 0.0105416 0.659034 0.203137 -0.724162 1 
0.112098 0.227062 0.00947282 0.450765 0.108805 -0.885987 1 
0.11211 0.226779 0.00957166 0.498317 0.0951203 -0.861761 1 
0.112785 0.22716 0.00966734 0.498317 0.0951203 -0.861761 1 
0.11283 0.227022 0.00926851 0.498317 0.0951203 -0.861761 1 
0.112564 0.226956 0.00911088 0.498317 0.0951203 -0.861761 1 
0.112351 0.226538 0.00945665 0.491739 0.0921124 -0.865857 1 
0.112175 0.22617 0.0093376 0.58033 0.210889 -0.786602 1 
0.112486 0.226099 0.00909632 0.58033 0.210889 -0.786602 1 
0.112232 0.22575 0.00903761 0.64227 0.289902 -0.70954 1 
0.113407 0.226118 0.00994615 0.490513 0.028534 -0.870967 1 
0.113892 0.224971 0.0102456 0.667179 0.192604 -0.719567 1 
0.11452 0.225278 0.0101357 0.659034 0.203137 -0.724162 1 
0.114536 0.2249 0.0102675 0.68393 0.185968 -0.705447 1 
0.114348 0.224816 0.0100496 0.690778 0.203353 -0.693883 1 
0.114757 0.22513 0.00998769 0.673996 0.199875 -0.711182 1 
0.114569 0.225046 0.00976977 0.684094 0.206314 -0.699607 1 
0.11301 0.226421 0.00934556 0.582741 0.207573 -0.785701 1 
0.113418 0.225292 0.00970533 0.659034 0.203137 -0.724162 1 
0.113055 0.225383 0.00970809 0.668186 0.216499 -0.711797 1 
0.112466 0.225697 0.00885667 0.66923 0.287271 -0.685279 1 
0.114359 0.224507 0.0109848 0.66465 0.165782 -0.72853 1 
0.114919 0.224337 0.0104295 0.708869 0.182984 -0.681191 1 
0.115021 0.223754 0.0105669 0.760024 0.123448 -0.638063 1 
0.114297 0.224505 0.0100759 0.690695 0.193147 -0.696875 1 
0.114065 0.223352 0.0104467 0.699504 0.172963 -0.693381 1 
0.115279 0.221903 0.0116099 0.819446 -0.0846713 -0.566867 1 
0.114694 0.222996 0.0108663 0.767212 0.113825 -0.631213 1 
0.114244 0.222751 0.0105238 0.757414 0.12006 -0.641801 1 
0.114723 0.222362 0.0102608 0.762476 0.0980535 -0.639543 1 
0.114944 0.221691 0.0107423 0.851645 -0.077679 -0.518331 1 
0.113671 0.223044 0.00870314 0.61192 0.12594 -0.780828 1 
0.113897 0.222797 0.0103936 0.690808 0.110943 -0.714476 1 
0.114122 0.222932 0.0101467 0.716044 0.159628 -0.679558 1 
0.113864 0.222677 0.010055 0.630738 0.104388 -0.768942 1 
0.114142 0.222486 0.00947522 0.63197 0.0948685 -0.769164 1 
0.114046 0.222313 0.00990029 0.650345 0.0829299 -0.755099 1 
0.114011 0.221956 0.00979359 0.650345 0.0829299 -0.755099 1 
0.114023 0.221673 0.00989243 0.746219 -0.101556 -0.657909 1 
0.113827 0.221777 0.00960863 0.690228 0.00694394 -0.723559 1 
0.114002 0.22127 0.00965276 0.670274 0.0382609 -0.741127 1 
0.113739 0.221441 0.00926334 0.626866 0.158605 -0.762813 1 
0.115329 0.223445 0.0105575 0.767212 0.113825 -0.631213 1 
0.115141 0.223361 0.0103396 0.767212 0.113825 -0.631213 1 
0.115266 0.222543 0.01041 0.792473 0.067353 -0.606177 1 
0.114813 0.222061 0.0102993 0.81846 0.0123386 -0.57443 1 
0.115668 0.22184 0.010472 0.733371 0.199168 -0.649999 1 
0.114734 0.22241 0.0100948 0.762476 0.0980535 -0.639543 1 
0.113848 0.222206 0.00901201 0.63197 0.0948685 -0.769164 1 
0.112138 0.225271 0.0088912 0.645701 0.223572 -0.730127 1 
0.110929 0.221234 0.00901708 0.499259 -0.780395 -0.376464 1 
0.112935 0.221973 0.00906438 0.640367 0.0889804 -0.762897 1 
0.113577 0.222234 0.00882151 0.63197 0.0948685 -0.769164 1 
0.11298 0.221836 0.00866552 0.624493 0.0585909 -0.77883 1 
0.112403 0.221866 0.00791293 0.630383 0.0467475 -0.774875 1 
0.113443 0.222698 0.00834554 0.596423 0.119285 -0.793758 1 
0.113414 0.222484 0.00803995 0.595563 0.0883925 -0.798431 1 
0.113676 0.222644 0.00816458 0.596423 0.119285 -0.793758 1 
0.11368 0.22165 0.00895891 0.607347 0.185111 -0.77257 1 
0.113491 0.221566 0.00874105 0.608512 0.178436 -0.773223 1 
0.113938 0.221931 0.00821435 0.690759 -0.0923945 -0.717158 1 
0.113621 0.221528 0.0089192 0.585824 0.217945 -0.780583 1 
0.113441 0.221255 0.00876725 0.610411 0.232612 -0.757159 1 
0.113327 0.220916 0.00872085 0.624493 0.0585909 -0.77883 1 
0.113396 0.221418 0.00832982 0.525683 0.321162 -0.787726 1 
0.11136 0.220745 0.00938468 0.593497 -0.39842 -0.699302 1 
0.114792 0.211046 0.0100301 0.859151 0.237895 -0.453062 1 
0.115369 0.211016 0.0107826 0.851056 0.245116 -0.464351 1 
0.115346 0.210402 0.00993852 0.881847 0.16126 -0.443103 1 
0.115516 0.210321 0.00968491 0.875324 0.165128 -0.454467 1 
0.115791 0.209867 0.0101732 0.919979 0.0711808 -0.385451 1 
0.115495 0.209892 0.0102815 0.927176 0.037924 -0.372701 1 
0.115295 0.210091 0.00996475 0.891819 0.150791 -0.426522 1 
0.114199 0.21058 0.00907075 0.869789 0.220067 -0.441631 1 
0.114464 0.208023 0.00900365 0.513714 -0.16826 -0.8413 1 
0.115839 0.208192 0.010229 0.9285 -0.124806 -0.34973 1 
0.115643 0.209197 0.00918383 0.950675 -0.0657862 -0.303132 1 
0.115418 0.209962 0.00866931 0.884956 0.151583 -0.440313 1 
0.115013 0.209554 0.00876421 0.950458 -0.0315557 -0.309246 1 
0.116064 0.209228 0.00922076 0.950675 -0.0657862 -0.303132 1 
0.115802 0.209067 0.00909612 0.940398 -0.077817 -0.331052 1 
0.115396 0.207759 0.00995234 0.757612 -0.172254 -0.629565 1 
0.11563 0.207706 0.0097714 0.81315 -0.166838 -0.557631 1 
0.115217 0.208386 0.00903901 0.876504 -0.130543 -0.463356 1 
0.116107 0.208853 0.00905368 0.922132 -0.114064 -0.369677 1 
0.11474 0.20937 0.00796919 0.877988 -0.0649849 -0.474252 1 
0.115938 0.207397 0.00976194 0.839368 -0.270515 -0.471468 1 
0.114844 0.207223 0.00939756 0.46136 -0.262101 -0.847614 1 
0.118154 0.215079 0.0178209 0.836724 0.20729 -0.506876 1 
0.118776 0.214911 0.0181746 0.836724 0.20729 -0.506876 1 
0.118232 0.214187 0.0176856 0.836724 0.20729 -0.506876 1 
0.118376 0.214103 0.0177309 0.836724 0.20729 -0.506876 1 
0.118101 0.214556 0.0172426 0.836724 0.20729 -0.506876 1 
0.119278 0.213029 0.0197069 0.859578 0.224303 -0.459144 1 
0.119021 0.213675 0.0188538 0.836724 0.20729 -0.506876 1 
0.11907 0.213417 0.0193242 0.859578 0.224303 -0.459144 1 
0.119311 0.213175 0.0192091 0.859578 0.224303 -0.459144 1 
0.119323 0.212892 0.019308 0.859578 0.224303 -0.459144 1 
0.119679 0.212658 0.0195041 0.859578 0.224303 -0.459144 1 
0.118882 0.213359 0.01827 0.836724 0.20729 -0.506876 1 
0.11765 0.213411 0.0176615 0.836724 0.20729 -0.506876 1 
0.118489 0.213568 0.0177024 0.836724 0.20729 -0.506876 1 
0.118346 0.21332 0.0179219 0.836724 0.20729 -0.506876 1 
0.118429 0.213777 0.0173979 0.836724 0.20729 -0.506876 1 
0.118944 0.213744 0.0172416 0.836724 0.20729 -0.506876 1 
0.11977 0.212383 0.0187064 0.859578 0.224303 -0.459144 1 
0.119115 0.213305 0.0180891 0.836724 0.20729 -0.506876 1 
0.119168 0.212953 0.0185924 0.836724 0.20729 -0.506876 1 
0.119135 0.212834 0.0182539 0.836724 0.20729 -0.506876 1 
0.119414 0.212617 0.0185103 0.855019 0.211876 -0.473341 1 
0.117963 0.213909 0.0169236 0.836724 0.20729 -0.506876 1 
0.116923 0.214283 0.0163011 0.212844 -0.9289 -0.303055 1 
0.117599 0.213432 0.0174229 0.836724 0.20729 -0.506876 1 
0.118196 0.213856 0.0167426 0.836724 0.20729 -0.506876 1 
0.117405 0.213799 0.0160711 0.576872 -0.67051 -0.466514 1 
0.116262 0.213417 0.0123879 0.747362 0.0676802 -0.660961 1 
0.115251 0.213674 0.0123357 0.784306 0.0236824 -0.619922 1 
0.115012 0.213279 0.012144 0.768315 0.0827863 -0.634695 1 
0.115679 0.212973 0.0120989 0.798205 0.100688 -0.593911 1 
0.115715 0.212125 0.0123955 0.837707 0.152176 -0.52449 1 
0.115521 0.212798 0.0116151 0.837707 0.152176 -0.52449 1 
0.115144 0.212603 0.0120155 0.837707 0.152176 -0.52449 1 
0.11539 0.212267 0.0119335 0.822961 0.159813 -0.545156 1 
0.115189 0.212466 0.0116167 0.822961 0.159813 -0.545156 1 
0.115491 0.212015 0.0118061 0.822961 0.159813 -0.545156 1 
0.117415 0.214588 0.0128668 0.913577 0.126924 -0.386352 1 
0.116495 0.213364 0.0122069 0.747362 0.0676802 -0.660961 1 
0.11663 0.212926 0.0118466 0.824298 0.134188 -0.550024 1 
0.11636 0.212954 0.011656 0.837707 0.152176 -0.52449 1 
0.115831 0.211827 0.0121352 0.837707 0.152176 -0.52449 1 
0.116486 0.211804 0.0119912 0.837707 0.152176 -0.52449 1 
0.115611 0.212497 0.0116537 0.822961 0.159813 -0.545156 1 
0.11604 0.212339 0.0117565 0.837707 0.152176 -0.52449 1 
0.115536 0.211878 0.0114072 0.802106 0.316077 -0.506677 1 
0.116731 0.212674 0.0117192 0.837707 0.152176 -0.52449 1 
0.116475 0.212987 0.0111309 0.837707 0.152176 -0.52449 1 
0.116347 0.211437 0.0130799 0.824966 0.1402 -0.547518 1 
0.116079 0.211702 0.0126576 0.837707 0.152176 -0.52449 1 
0.116296 0.211126 0.0131061 0.832305 0.207697 -0.513937 1 
0.116412 0.211702 0.0129207 0.824966 0.1402 -0.547518 1 
0.116783 0.211422 0.0129839 0.826928 0.146451 -0.542902 1 
0.116646 0.211649 0.0127397 0.837707 0.152176 -0.52449 1 
0.117029 0.211086 0.0129018 0.830141 0.149455 -0.53715 1 
0.117079 0.210522 0.0128006 0.858872 0.192018 -0.474835 1 
0.116187 0.211592 0.0123313 0.837707 0.152176 -0.52449 1 
0.116437 0.211162 0.0122822 0.83894 0.216941 -0.499116 1 
0.11651 0.211238 0.0121889 0.837707 0.152176 -0.52449 1 
0.116404 0.211016 0.0127799 0.83894 0.216941 -0.499116 1 
0.116657 0.210491 0.0127637 0.837246 0.204391 -0.507192 1 
0.11617 0.211427 0.0118598 0.825583 0.218222 -0.520377 1 
0.116231 0.210912 0.0115928 0.726441 0.385358 -0.569018 1 
0.116101 0.21095 0.0114145 0.726441 0.385358 -0.569018 1 
0.116494 0.210741 0.0119822 0.856795 0.283555 -0.430697 1 
0.116359 0.210331 0.0114313 0.859578 0.224303 -0.459144 1 
0.115422 0.211538 0.0113608 0.780558 0.325366 -0.533729 1 
0.115568 0.212023 0.0109095 0.77265 0.353258 -0.527467 1 
0.102566 0.214777 0.0367728 0.675733 -0.592309 -0.43881 0 
0.10285 0.215034 0.0365656 0.589722 -0.673252 -0.44605 0 
0.103755 0.215124 0.0367121 0.577369 -0.687186 -0.440931 0 
0.103008 0.215236 0.0362132 0.918138 -0.373645 0.131956 0 
0.103083 0.214981 0.0363847 0.599745 -0.666569 -0.442709 0 
0.103241 0.215183 0.0360322 0.926147 -0.325632 0.190304 0 
0.103489 0.215032 0.0373908 0.567774 -0.668265 -0.480682 0 
0.103514 0.214466 0.0375885 0.0423795 -0.943908 0.327478 0 
0.103349 0.215074 0.035706 0.926202 -0.283125 0.248979 0 
0.115073 0.219543 0.00457725 0.126374 -0.852662 -0.506949 0 
0.117316 0.220186 0.002804 -0.213778 -0.307218 -0.927317 0 
0.116696 0.21969 0.00297985 -0.354183 -0.81478 -0.459008 0 
0.116852 0.219655 0.0028592 -0.373669 -0.803468 -0.463477 0 
0.116868 0.219278 0.00299102 -0.43748 -0.81928 -0.370664 0 
0.117639 0.218957 0.00258669 -0.504305 -0.688603 -0.521059 0 
0.118707 0.219155 0.00241373 -0.819917 -0.276429 -0.501321 0 
0.119094 0.219372 0.00268365 -0.887023 -0.157212 -0.434136 0 
0.118981 0.219033 0.00263721 -0.887434 -0.169934 -0.428466 0 
0.119405 0.219301 0.00244235 -0.901007 -0.0499809 -0.430916 0 
0.119418 0.219018 0.00254119 -0.908599 -0.0496575 -0.414708 0 
0.117106 0.22003 0.00208165 -0.382002 -0.849761 0.363292 0 
0.117429 0.219676 0.00193922 -0.363688 -0.832862 0.417218 0 
0.117217 0.218926 0.00254975 -0.531778 -0.73922 -0.413239 0 
0.117471 0.219302 0.00177219 -0.551867 -0.710964 -0.435859 0 
0.104343 0.215604 0.0328527 0.974724 0.0573367 0.215928 0 
0.104355 0.215321 0.0329515 0.965162 -0.0182106 0.261019 0 
0.104725 0.215372 0.03275 0.972434 0.191444 0.133123 0 
0.104451 0.215494 0.0325265 0.972434 0.191444 0.133123 0 
0.104496 0.215357 0.0321276 0.913481 0.406713 0.0116946 0 
0.10465 0.215653 0.0317422 0.974342 0.0829491 0.20923 0 
0.104933 0.215342 0.0320316 0.97553 0.0673202 0.209305 0 
0.104618 0.215533 0.0314037 0.965681 0.0638777 0.251753 0 
0.10614 0.215007 0.0315313 0.0637268 -0.97995 -0.188776 0 
0.104996 0.215396 0.031268 0.892078 -0.172054 0.417845 0 
0.104978 0.215205 0.0316328 0.965681 0.0638777 0.251753 0 
0.104573 0.215696 0.0309663 0.281989 -0.953517 0.106238 0 
0.104806 0.215643 0.0307853 0.17507 -0.977162 -0.120438 0 
0.105023 0.215067 0.0312339 0.463528 -0.876829 0.127721 0 
0.105068 0.21493 0.030835 0.17507 -0.977162 -0.120438 0 
0.10479 0.215146 0.0305786 0.17507 -0.977162 -0.120438 0 
0.105949 0.214711 0.0307089 -0.201561 -0.903401 -0.378471 0 
0.105346 0.214739 0.0302552 -0.0569705 -0.95837 -0.279788 0 
0.106927 0.216441 0.0294713 0.167127 0.882138 0.440342 0 
0.106478 0.215891 0.0285573 0.285936 0.82031 0.495311 0 
0.107348 0.215598 0.0294333 0.121516 0.909272 0.398068 0 
0.107751 0.216721 0.0271364 -0.933021 0.14703 -0.328412 0 
0.108298 0.216808 0.0273186 -0.928387 0.165634 -0.33266 0 
0.108188 0.216706 0.0270404 -0.201307 -0.9618 -0.185518 0 
0.108398 0.216887 0.0269265 -0.937837 0.163401 -0.306205 0 
0.108255 0.216666 0.0263097 -0.194627 -0.96798 -0.158537 0 
0.108488 0.216613 0.0261287 -0.94339 0.0912958 -0.318874 0 
0.108888 0.216572 0.0256613 -0.19975 -0.964805 -0.171028 0 
0.108544 0.216524 0.025564 -0.19975 -0.964805 -0.171028 0 
0.108127 0.216398 0.02556 -0.19966 -0.964372 -0.173561 0 
0.108368 0.216156 0.0254449 -0.19975 -0.964805 -0.171028 0 
0.107393 0.216335 0.0291094 0.392158 0.730169 0.559523 0 
0.107497 0.21632 0.0287502 -0.658695 0.690905 -0.297943 0 
0.107435 0.21596 0.0289423 0.411916 0.712995 0.567418 0 
0.10773 0.216267 0.0285692 -0.619362 0.733999 -0.278633 0 
0.107602 0.215973 0.0286557 -0.665217 0.678165 -0.312377 0 
0.107542 0.216182 0.0283513 -0.631895 0.72148 -0.283153 0 
0.107811 0.216486 0.0282771 -0.624295 0.717859 -0.308115 0 
0.107988 0.216548 0.0278246 -0.530305 0.833336 -0.155972 0 
0.108069 0.216767 0.0275325 -0.933551 0.0647015 -0.352557 0 
0.107725 0.216718 0.0274352 -0.913387 0.0887446 -0.397303 0 
0.106636 0.216092 0.0282048 -0.661273 0.680675 -0.315277 0 
0.106748 0.215889 0.0279116 0.444101 0.693596 0.567185 0 
0.106804 0.215774 0.0281831 0.364659 0.763353 0.533213 0 
0.106981 0.215835 0.0277306 -0.638119 0.708843 -0.300575 0 
0.107041 0.215626 0.028035 0.444101 0.693596 0.567185 0 
0.107275 0.215573 0.0278541 0.444101 0.693596 0.567185 0 
0.107579 0.216259 0.0270503 -0.908599 -0.0496575 -0.414708 0 
0.107717 0.216033 0.0272944 -0.489455 0.866832 -0.0950536 0 
0.107496 0.215803 0.0275743 -0.56751 0.801817 -0.187141 0 
0.107729 0.21575 0.0273933 -0.531783 0.835238 -0.139943 0 
0.107741 0.215467 0.0274922 -0.598297 0.778857 -0.188211 0 
0.108724 0.216745 0.0273885 -0.220708 -0.9564 -0.19128 0 
0.109079 0.215636 0.0275097 -0.928063 0.110386 -0.355689 0 
0.108204 0.216329 0.0271722 -0.928387 0.165634 -0.33266 0 
0.10884 0.216447 0.0271282 -0.241014 -0.949078 -0.202888 0 
0.108355 0.216388 0.0270186 -0.941841 0.131074 -0.309443 0 
0.10836 0.216293 0.0270516 -0.941841 0.131074 -0.309443 0 
0.107825 0.215923 0.0269682 -0.936476 0.0401532 -0.348426 0 
0.107828 0.21616 0.0267364 -0.941841 0.131074 -0.309443 0 
0.108103 0.215733 0.0263884 -0.937079 0.1665 -0.306856 0 
0.107962 0.215696 0.0272124 -0.518339 0.847534 -0.114063 0 
0.107878 0.215597 0.0266353 -0.943903 0.110812 -0.311074 0 
0.107747 0.215967 0.0261923 -0.194627 -0.96798 -0.158537 0 
0.108438 0.216302 0.026155 -0.19593 -0.966673 -0.164789 0 
0.108151 0.215832 0.0257577 -0.94339 0.0912958 -0.318874 0 
0.108139 0.216115 0.0256588 -0.94339 0.0912958 -0.318874 0 
0.107918 0.215886 0.0259387 -0.19593 -0.966673 -0.164789 0 
0.108372 0.216062 0.0254779 -0.19975 -0.964805 -0.171028 0 
0.107884 0.21484 0.0271978 -0.561289 0.814389 -0.147394 0 
0.108665 0.217032 0.0245753 -0.940617 0.20918 -0.267363 0 
0.108205 0.216406 0.0246634 -0.935129 0.219455 -0.278162 0 
0.108569 0.215984 0.0249255 -0.936789 0.195685 -0.290058 0 
0.109131 0.216925 0.0242134 -0.957263 0.0728491 -0.279894 0 
0.108873 0.21667 0.0241217 -0.957263 0.0728491 -0.279894 0 
0.10888 0.216813 0.0239228 -0.94979 -0.131878 -0.283738 0 
0.109283 0.216984 0.0240598 -0.95341 -0.060148 -0.295621 0 
0.109508 0.217119 0.0238129 -0.945017 -0.161809 -0.284185 0 
0.109114 0.21676 0.0237418 -0.940418 -0.200236 -0.274807 0 
0.109223 0.215961 0.0247815 -0.940617 0.20918 -0.267363 0 
0.109482 0.216242 0.0240369 -0.965354 0.00601092 -0.260874 0 
0.110014 0.216401 0.0235158 -0.933593 -0.0897428 -0.346916 0 
0.108605 0.216009 0.0252969 -0.203092 -0.96305 -0.176887 0 
0.108614 0.215846 0.0245266 -0.940617 0.20918 -0.267363 0 
0.108303 0.215943 0.0239316 -0.958692 0.0490026 -0.280194 0 
0.108988 0.216703 0.0235966 -0.940418 -0.200236 -0.274807 0 
0.10897 0.216538 0.0231251 -0.93952 -0.0946183 -0.329165 0 
0.10868 0.216137 0.0235312 -0.942562 -0.156414 -0.295146 0 
0.108321 0.216134 0.0235669 -0.942483 -0.14239 -0.302408 0 
0.108348 0.215806 0.0235327 -0.942511 -0.147818 -0.299705 0 
0.108725 0.216 0.0231323 -0.928267 -0.21052 -0.306597 0 
0.109568 0.216962 0.0224448 -0.945711 -0.0370116 -0.322895 0 
0.109343 0.216801 0.023528 -0.922513 -0.211794 -0.322666 0 
0.109365 0.216898 0.0231962 -0.942363 -0.0138768 -0.334305 0 
0.109373 0.216709 0.0232621 -0.939565 -0.0347035 -0.340608 0 
0.109221 0.21665 0.0234156 -0.933593 -0.0897428 -0.346916 0 
0.109488 0.216743 0.022737 -0.942486 -0.0062582 -0.334188 0 
0.108958 0.215947 0.0229514 -0.937968 -0.120114 -0.325252 0 
0.10609 0.214364 0.0318223 0.918692 0.158977 0.361568 0 
0.105231 0.21468 0.0316166 0.952058 0.0708568 0.297599 0 
0.105666 0.214096 0.0320171 0.957517 0.211746 0.195765 0 
0.105088 0.214458 0.0309998 0.458384 -0.881289 0.114951 0 
0.105695 0.214336 0.0314865 0.463528 -0.876829 0.127721 0 
0.105632 0.214308 0.0314138 0.463528 -0.876829 0.127721 0 
0.106415 0.214579 0.0311833 -0.135653 -0.93313 -0.332967 0 
0.105534 0.213949 0.0303982 0.214001 -0.973519 -0.080405 0 
0.105391 0.213701 0.0306177 -0.700287 -0.615006 -0.362444 0 
0.111478 0.217988 0.0184712 -0.0472405 -0.948641 -0.312809 0 
0.111093 0.218008 0.0179694 0.0940311 -0.971655 -0.216898 0 
0.110946 0.217855 0.018156 -0.026193 -0.954175 -0.298102 0 
0.110887 0.217733 0.0181163 -0.0012127 -0.959249 -0.28256 0 
0.112525 0.218166 0.0161212 -0.711699 -0.555756 -0.429674 0 
0.112783 0.218421 0.0162129 -0.731652 -0.547506 -0.406108 0 
0.112992 0.21806 0.0157593 -0.755485 -0.533571 -0.38019 0 
0.112807 0.217855 0.0164106 -0.647892 -0.634567 -0.421379 0 
0.112911 0.21784 0.0160514 -0.716808 -0.568503 -0.40372 0 
0.112542 0.216583 0.0164429 0.391242 -0.919877 -0.0274786 0 
0.113394 0.217356 0.0158214 -0.755485 -0.533571 -0.38019 0 
0.113017 0.217162 0.0162218 -0.724031 -0.511958 -0.462253 0 
0.111887 0.216605 0.0165869 0.30105 -0.950067 -0.0821046 0 
0.112128 0.218469 0.0155207 -0.735387 -0.58279 -0.345778 0 
0.112648 0.218011 0.015662 -0.717931 -0.596913 -0.358148 0 
0.11251 0.218238 0.0154179 -0.673301 -0.663567 -0.326105 0 
0.112547 0.218289 0.0149531 -0.648389 -0.712113 -0.269233 0 
0.112559 0.218006 0.015052 -0.610869 -0.738465 -0.285497 0 
0.11327 0.217869 0.0151795 -0.465764 -0.833391 -0.297528 0 
0.11278 0.218236 0.0147722 -0.456143 -0.849316 -0.265699 0 
0.112793 0.217953 0.0148711 -0.580085 -0.764441 -0.281302 0 
0.112502 0.218452 0.0145157 -0.423253 -0.872112 -0.245517 0 
0.11276 0.217833 0.0145325 -0.280841 -0.925209 -0.255181 0 
0.112583 0.217414 0.016086 0.503288 -0.853402 0.135669 0 
0.112108 0.216835 0.0163071 0.427862 -0.903843 0.00130049 0 
0.11212 0.216552 0.016406 0.351669 -0.934735 -0.0509855 0 
0.112518 0.217149 0.0162452 0.464599 -0.884236 0.0476861 0 
0.112338 0.216876 0.0160932 0.342243 -0.93824 -0.0507508 0 
0.1127 0.216785 0.0160905 0.423212 -0.905753 0.0224131 0 
0.112772 0.217524 0.0154676 -0.661745 -0.674752 -0.326808 0 
0.113173 0.217152 0.0152649 -0.641143 -0.693084 -0.329499 0 
0.112942 0.217443 0.015214 -0.581197 -0.754116 -0.305809 0 
0.112805 0.21767 0.0149699 -0.61231 -0.73701 -0.286171 0 
0.112796 0.216958 0.0156654 0.512925 -0.852002 0.104884 0 
0.112964 0.21664 0.0156436 -0.76565 -0.501183 -0.403232 0 
0.113029 0.216905 0.0154844 -0.673301 -0.663567 -0.326105 0 
0.113323 0.216643 0.0156079 0.501742 -0.864933 0.0121064 0 
0.110487 0.216821 0.0210177 -0.823135 -0.503802 -0.261977 0 
0.110878 0.216969 0.0204843 -0.791324 -0.545903 -0.275311 0 
0.111034 0.216934 0.0203637 -0.940106 -0.0478458 -0.337507 0 
0.110232 0.216446 0.0217953 -0.930502 -0.203503 -0.304553 0 
0.11049 0.217084 0.0199496 -0.734082 -0.601786 -0.314607 0 
0.110487 0.216847 0.0201814 -0.791324 -0.545903 -0.275311 0 
0.109335 0.216193 0.0208784 -0.903361 -0.328629 -0.275577 0 
0.109864 0.216114 0.0205891 -0.651249 -0.726212 -0.220206 0 
0.109459 0.215706 0.020684 -0.909144 -0.282552 -0.305976 0 
0.10977 0.215635 0.0204427 -0.924519 -0.187727 -0.331698 0 
0.111129 0.217108 0.0199386 -0.850448 -0.281432 -0.444448 0 
0.111296 0.217121 0.019652 -0.815475 -0.317041 -0.484237 0 
0.112561 0.217214 0.0197629 -0.753401 -0.362869 -0.548372 0 
0.110723 0.217031 0.0197687 -0.299069 -0.938552 -0.172275 0 
0.110982 0.21698 0.0192889 -0.805674 -0.291682 -0.515568 0 
0.111469 0.217276 0.0191666 0.0155659 -0.971072 -0.238278 0 
0.111207 0.217116 0.019042 -0.778674 -0.241873 -0.578934 0 
0.111019 0.217031 0.0188241 -0.778674 -0.241873 -0.578934 0 
0.111271 0.215964 0.0184682 -0.735072 -0.384726 -0.558262 0 
0.111382 0.216092 0.0179102 -0.72261 -0.37851 -0.578416 0 
0.11198 0.216516 0.0172299 -0.714923 -0.432935 -0.549047 0 
0.112823 0.216578 0.0173038 -0.706075 -0.450226 -0.546585 0 
0.112853 0.216486 0.0170379 -0.726468 -0.431909 -0.534508 0 
0.111244 0.216318 0.017666 -0.721039 -0.389262 -0.573217 0 
0.112025 0.216378 0.0168311 -0.731897 -0.396376 -0.554268 0 
0.113767 0.218545 0.0146266 -0.304283 -0.912848 -0.272253 0 
0.114781 0.218604 0.0119381 -0.920197 0.0038502 -0.391437 0 
0.114581 0.218802 0.0116213 -0.910113 -0.112548 -0.398782 0 
0.113151 0.217956 0.0148354 -0.320781 -0.906683 -0.273909 0 
0.113603 0.217895 0.0146064 -0.310038 -0.912646 -0.26637 0 
0.112826 0.218098 0.0143733 -0.265386 -0.933765 -0.240111 0 
0.112993 0.21778 0.0143516 -0.265386 -0.933765 -0.240111 0 
0.112883 0.217678 0.0140733 -0.265043 -0.935364 -0.234192 0 
0.113235 0.217538 0.0142365 -0.265043 -0.935364 -0.234192 0 
0.11346 0.217673 0.0139896 -0.26295 -0.939107 -0.221212 0 
0.113272 0.217589 0.0137718 -0.239905 -0.950131 -0.199243 0 
0.113722 0.217834 0.0141143 -0.26295 -0.939107 -0.221212 0 
0.113663 0.217712 0.0140746 -0.26295 -0.939107 -0.221212 0 
0.113337 0.217854 0.0136126 -0.235983 -0.955933 -0.174654 0 
0.11343 0.217791 0.0134193 -0.245522 -0.956874 -0.155276 0 
0.113074 0.216768 0.0150856 -0.583433 -0.750588 -0.3102 0 
0.113651 0.216763 0.0150019 -0.400285 -0.86906 -0.290701 0 
0.113128 0.217342 0.0139912 -0.271133 -0.934215 -0.231798 0 
0.112961 0.217686 0.0131768 -0.23362 -0.959558 -0.157067 0 
0.113116 0.217651 0.0130561 -0.235235 -0.963034 -0.131264 0 
0.113027 0.217977 0.0121813 -0.166227 -0.984394 -0.0577668 0 
0.11314 0.217085 0.0132539 -0.257517 -0.954013 -0.153443 0 
0.113186 0.216947 0.012855 -0.259786 -0.956066 -0.135827 0 
0.113173 0.21633 0.0135175 -0.260738 -0.946027 -0.192482 0 
0.115003 0.217576 0.0135207 -0.238799 -0.961722 -0.134406 0 
0.114447 0.218035 0.0121715 -0.182084 -0.981824 -0.053554 0 
0.114856 0.218349 0.0121096 -0.151567 -0.988036 -0.0284901 0 
0.115278 0.21838 0.0121465 -0.915814 -0.0714848 -0.395189 0 
0.113673 0.218144 0.0119714 -0.154592 -0.986828 -0.047656 0 
0.113649 0.217835 0.0116988 -0.177292 -0.983797 -0.0266518 0 
0.112994 0.217857 0.0118428 -0.151295 -0.987462 -0.0450421 0 
0.112964 0.217975 0.0112724 -0.0345112 -0.998734 0.0366028 0 
0.113105 0.217985 0.0112848 -0.0755448 -0.996978 0.0180882 0 
0.113252 0.218139 0.0110982 -0.404212 -0.899048 -0.168302 0 
0.113197 0.217922 0.0110915 -0.127978 -0.991552 -0.0211442 0 
0.113014 0.217386 0.0120076 -0.174711 -0.982896 -0.0582369 0 
0.112818 0.21749 0.0117238 -0.141066 -0.989717 -0.023699 0 
0.114492 0.217897 0.0117727 -0.208806 -0.975648 -0.0671598 0 
0.114115 0.217703 0.0121731 -0.186312 -0.9814 -0.0462813 0 
0.113874 0.217971 0.0114519 -0.111619 -0.993736 0.00541841 0 
0.113952 0.217953 0.0113916 -0.114497 -0.993394 -0.00763311 0 
0.113493 0.217897 0.0109832 -0.13274 -0.990444 -0.0374394 0 
0.113419 0.216894 0.0126741 -0.27137 -0.955694 -0.114054 0 
0.114143 0.2183 0.0105414 -0.791085 -0.38507 -0.475295 0 
0.11468 0.218033 0.010318 -0.674286 -0.641474 -0.365854 0 
0.116788 0.219446 0.00864036 -0.913533 -0.374167 -0.159551 0 
0.116678 0.219012 0.00862695 -0.935438 0.237015 -0.262259 0 
0.116498 0.218739 0.00847492 -0.948452 -0.0394658 -0.314453 0 
0.115556 0.218163 0.012403 -0.116974 -0.992609 -0.0323072 0 
0.115576 0.217691 0.0125678 -0.114497 -0.993394 -0.00763311 0 
0.115517 0.217569 0.0125281 -0.379452 -0.919179 -0.10548 0 
0.11466 0.217605 0.0109146 -0.0776148 -0.995875 -0.0470062 0 
0.114238 0.217574 0.0108777 -0.123747 -0.991112 -0.0488177 0 
0.11413 0.217709 0.0103676 -0.0560886 -0.997954 -0.03069 0 
0.114463 0.217709 0.0106308 -0.0530404 -0.996943 -0.0573702 0 
0.115227 0.217246 0.0104254 0.0776561 -0.993773 0.079907 0 
0.1151 0.216621 0.0107767 -0.53247 -0.79949 -0.278015 0 
0.115372 0.217162 0.0104706 0.0802369 -0.993356 0.0824971 0 
0.115347 0.216854 0.010198 0.132669 -0.982241 0.132669 0 
0.11556 0.217272 0.00985228 -0.852553 -0.235554 -0.466549 0 
0.115392 0.216716 0.00979916 -0.85583 -0.267925 -0.44246 0 
0.11585 0.216799 0.00937136 -0.875317 -0.301886 -0.377737 0 
0.113084 0.217583 0.0110451 -0.11331 -0.993384 -0.0187016 0 
0.113141 0.218037 0.01082 -0.566176 -0.78261 -0.258779 0 
0.113187 0.217899 0.0104211 -0.621463 -0.712329 -0.326146 0 
0.114954 0.218294 0.00860427 -0.81409 -0.474489 -0.33484 0 
0.11516 0.21857 0.00845741 -0.83842 -0.38539 -0.38539 0 
0.11515 0.21819 0.00888804 -0.709808 -0.65922 -0.248196 0 
0.115395 0.217854 0.00880597 -0.381171 -0.914531 -0.135434 0 
0.11472 0.217473 0.00871029 -0.444336 -0.875387 -0.19043 0 
0.115589 0.218412 0.00856019 -0.767807 -0.563484 -0.304888 0 
0.115629 0.2178 0.00862499 -0.733011 -0.593852 -0.331716 0 
0.115784 0.217765 0.00850435 -0.889288 -0.254721 -0.379847 0 
0.116018 0.217712 0.00832344 -0.916489 -0.147368 -0.371929 0 
0.114267 0.216117 0.00852472 -0.78892 -0.416329 -0.451968 0 
0.115798 0.21715 0.00886802 -0.738455 -0.596877 -0.313723 0 
0.115677 0.216669 0.00902048 -0.875906 -0.00132914 -0.482479 0 
0.115949 0.217209 0.0087144 -0.894341 -0.240955 -0.376954 0 
0.116111 0.217317 0.00839491 -0.937402 -0.0507055 -0.344538 0 
0.116924 0.218676 0.00854485 -0.947065 -0.110247 -0.30152 0 
0.116666 0.218473 0.00678066 -0.755268 -0.611407 -0.236119 0 
0.116359 0.218449 0.0070549 -0.777362 -0.573206 -0.259121 0 
0.116359 0.217549 0.00781623 -0.94493 -0.0291723 -0.325969 0 
0.116158 0.217748 0.00749949 -0.910615 -0.269542 -0.313252 0 
0.116137 0.217319 0.00809609 -0.937402 -0.0507055 -0.344538 0 
0.115914 0.217779 0.00701008 -0.742101 -0.618681 -0.257916 0 
0.116321 0.217855 0.00717997 -0.827271 -0.473843 -0.301821 0 
0.115795 0.218197 0.00640118 -0.595736 -0.769946 -0.228651 0 
0.115869 0.217042 0.00733407 -0.916747 -0.258422 -0.30462 0 
0.116039 0.21696 0.00708046 -0.873952 -0.361477 -0.324872 0 
0.116601 0.218208 0.00693987 -0.748025 -0.608858 -0.264102 0 
0.116147 0.216851 0.0067542 -0.751188 -0.598727 -0.277924 0 
0.116368 0.217081 0.00647439 -0.727321 -0.628647 -0.275331 0 
0.116551 0.216717 0.00631968 -0.675713 -0.682103 -0.27955 0 
0.115465 0.218434 0.00590618 -0.6247 -0.754268 -0.202064 0 
0.115735 0.218406 0.00609673 -0.68127 -0.696932 -0.223958 0 
0.115823 0.218437 0.00587048 -0.680103 -0.695809 -0.230889 0 
0.115623 0.218635 0.00555374 -0.610658 -0.776516 -0.155303 0 
0.115647 0.218069 0.00575148 -0.575121 -0.794796 -0.193741 0 
0.116119 0.218412 0.00576221 -0.560481 -0.793368 -0.237545 0 
0.116318 0.21677 0.00650062 -0.760963 -0.586212 -0.278014 0 
0.116539 0.217 0.00622084 -0.741719 -0.614658 -0.268417 0 
0.116835 0.216974 0.00611247 -0.761679 -0.602149 -0.239295 0 
0.117337 0.217225 0.0058573 -0.746921 -0.628904 -0.215846 0 
0.11746 0.21707 0.00539815 -0.564966 -0.78214 -0.262812 0 
0.117448 0.217353 0.00529926 -0.591751 -0.73442 -0.332353 0 
0.116985 0.21649 0.00561921 -0.63446 -0.737854 -0.230286 0 
0.116195 0.216899 0.00779609 -0.94493 -0.0291723 -0.325969 0 
0.11624 0.216762 0.0073972 -0.948148 0.00872146 -0.31771 0 
0.116129 0.21666 0.00711901 -0.873952 -0.361477 -0.324872 0 
0.114936 0.218564 0.00452296 -0.683779 -0.724601 -0.0860191 0 
0.115124 0.218674 0.00390457 -0.32072 -0.863949 -0.38824 0 
0.118288 0.217203 0.00476871 -0.797199 -0.436446 -0.41712 0 
0.118561 0.217413 0.00472742 -0.817789 -0.387374 -0.425633 0 
0.117592 0.218526 0.00348214 -0.524896 -0.789737 -0.31749 0 
0.117538 0.217078 0.00450158 -0.775444 -0.492577 -0.395037 0 
0.11808 0.217591 0.00438603 -0.819131 -0.402408 -0.40877 0 
0.118125 0.217453 0.00398719 -0.86278 -0.292701 -0.412234 0 
0.117751 0.217548 0.0024833 -0.683258 -0.627281 -0.373734 0 
0.117583 0.216992 0.00243019 -0.635807 -0.756626 -0.152533 0 
