0.116767 0.201669 0.0298582 0.913705 0.195896 -0.356045 2 
0.116629 0.201573 0.029711 0.908735 0.231182 -0.3475 2 
0.116619 0.201418 0.0295502 0.908735 0.231182 -0.3475 2 
0.117196 0.20278 0.0298167 0.910473 0.184381 -0.370192 2 
0.117275 0.202583 0.0299395 0.915133 0.168316 -0.366336 2 
0.117028 0.202056 0.0299039 0.913705 0.195896 -0.356045 2 
0.116496 0.201981 0.0296362 0.931125 0.197427 -0.306641 2 
0.116797 0.202297 0.0296238 0.92866 0.186292 -0.320759 2 
0.116737 0.202058 0.0293604 0.931125 0.197427 -0.306641 2 
0.117087 0.202403 0.0296895 0.922139 0.0967088 -0.374576 2 
0.117048 0.202529 0.0295087 0.92866 0.186292 -0.320759 2 
0.116988 0.20229 0.0292452 0.927584 0.228002 -0.295977 2 
0.116811 0.202265 0.029156 0.927584 0.228002 -0.295977 2 
0.117043 0.202878 0.0294205 0.815721 0.566758 -0.115695 2 
0.116895 0.202573 0.0293513 0.880714 0.462269 -0.103198 2 
0.116713 0.202898 0.0291739 0.887761 0.40781 -0.213475 2 
0.116088 0.202197 0.0292669 0.890707 0.437565 -0.123198 2 
0.114975 0.20496 0.0266706 -0.243016 -0.433203 -0.867916 2 
0.115053 0.204871 0.0263156 -0.243016 -0.433203 -0.867916 2 
0.114963 0.204167 0.02557 -0.243016 -0.433203 -0.867916 2 
0.114855 0.203844 0.0252039 -0.0614244 -0.43816 -0.896796 2 
0.114747 0.204267 0.0252999 -0.212413 -0.435225 -0.874906 2 
0.11453 0.20426 0.0255077 -0.243016 -0.433203 -0.867916 2 
0.114417 0.204286 0.0250534 -0.212413 -0.435225 -0.874906 2 
0.114796 0.204459 0.0249248 -0.173434 -0.438686 -0.881745 2 
0.114756 0.204531 0.0249829 -0.173434 -0.438686 -0.881745 2 
0.11481 0.203519 0.0247117 0.326496 -0.378612 -0.866056 2 
0.114574 0.204001 0.0248211 -0.0145093 -0.439235 -0.898255 2 
0.114648 0.204208 0.0246168 -0.0935168 -0.44246 -0.891899 2 
0.115455 0.20453 0.0249402 -0.0390575 -0.448488 -0.892935 2 
0.114564 0.2047 0.0246447 0.0660637 -0.403123 -0.912758 2 
0.114402 0.204535 0.0245656 0.0413722 -0.415057 -0.908854 2 
0.115159 0.204027 0.0243242 -0.138671 -0.438885 -0.887778 2 
0.115257 0.204303 0.0240517 0.101513 -0.418568 -0.902494 2 
0.114721 0.204415 0.0244125 -0.0144357 -0.42126 -0.906825 2 
0.11505 0.20365 0.024197 0.190431 -0.405573 -0.894006 2 
0.112169 0.214068 0.0196116 -0.262336 -0.662996 -0.701154 2 
0.111371 0.213955 0.0192101 -0.880923 0.0735258 0.467513 2 
0.111877 0.213215 0.0190838 -0.659445 -0.639612 -0.395006 2 
0.11199 0.213351 0.0188214 -0.824406 -0.513135 -0.238847 2 
0.112236 0.21297 0.0191116 -0.911212 -0.409578 0.0440263 2 
0.112083 0.213068 0.0187154 -0.773448 -0.546057 -0.32187 2 
0.111803 0.213225 0.0183326 -0.810606 -0.486998 -0.325194 2 
0.112242 0.214275 0.0194073 -0.181874 -0.628153 -0.756535 2 
0.112277 0.214553 0.019261 -0.899351 -0.363568 -0.242869 2 
0.111982 0.214796 0.0191071 0.0561139 -0.461229 -0.885505 2 
0.112188 0.21454 0.0192164 -0.902942 -0.350899 -0.248125 2 
0.111863 0.214156 0.019297 -0.848675 0.14511 0.508619 2 
0.111898 0.214434 0.0191507 0.11822 -0.544394 -0.830457 2 
0.111405 0.214234 0.0190639 -0.864051 0.144251 0.482295 2 
0.111676 0.21483 0.0190313 -0.281147 -0.479969 -0.831015 2 
0.111273 0.214642 0.0189891 -0.937523 0.0481114 0.344582 2 
0.111532 0.213483 0.0183494 -0.831331 -0.405412 -0.380172 2 
0.111789 0.214965 0.0187689 0.0443214 -0.431127 -0.901202 2 
0.111513 0.214773 0.0184744 -0.91347 -0.277381 -0.297713 2 
0.111945 0.21308 0.0180903 -0.802657 -0.497488 -0.32901 2 
0.111036 0.21427 0.0191142 -0.884816 0.114672 0.45161 2 
0.110962 0.214225 0.0186019 -0.402311 -0.533678 -0.743864 2 
0.110918 0.214646 0.0185717 -0.35788 -0.459677 -0.812785 2 
0.111326 0.213684 0.018479 -0.88518 -0.375939 -0.274091 2 
0.110991 0.213999 0.0183831 0.0809735 -0.53272 -0.842409 2 
0.111517 0.213677 0.0181005 -0.828458 -0.394429 -0.397597 2 
0.111222 0.213866 0.0181854 -0.88552 -0.350299 -0.305196 2 
0.111562 0.214111 0.0181149 -0.826286 -0.385389 -0.410764 2 
0.111591 0.213884 0.0178962 -0.825373 -0.397637 -0.400805 2 
0.111065 0.214206 0.0181788 -0.927986 -0.298939 -0.222433 2 
0.111488 0.214066 0.0176026 -0.835713 -0.357263 -0.41707 2 
0.111139 0.214413 0.0179744 -0.904151 -0.280801 -0.321966 2 
0.111699 0.213407 0.018039 -0.831331 -0.405412 -0.380172 2 
0.111832 0.214015 0.0173814 -0.804088 -0.383587 -0.454206 2 
0.106775 0.229554 0.00985628 -0.700387 -0.304306 -0.645644 2 
0.107055 0.22956 0.00952239 -0.799483 -0.432718 -0.416632 2 
0.106923 0.229968 0.00944765 -0.769934 -0.565893 -0.294902 2 
0.106853 0.22952 0.00926239 -0.717247 -0.480938 -0.504237 2 
0.107135 0.230217 0.00962947 -0.826719 -0.472187 -0.305902 2 
0.106681 0.23 0.00924569 -0.500546 -0.775928 -0.383914 2 
0.106716 0.230224 0.00933832 -0.576883 -0.769704 -0.273427 2 
0.107065 0.229823 0.00920534 -0.749242 -0.588804 -0.303226 2 
0.107248 0.231099 0.00982917 -0.952126 -0.243755 -0.1845 2 
0.107032 0.231199 0.00955915 -0.948853 -0.246402 -0.197394 2 
0.106819 0.230204 0.00891519 -0.558346 -0.794749 -0.237958 2 
0.105275 0.231609 0.00890007 -0.331602 -0.889774 -0.313596 2 
0.106239 0.230683 0.0094847 -0.0686602 -0.967485 -0.243432 2 
0.106293 0.229617 0.00945238 -0.527907 -0.588625 -0.612237 2 
0.106313 0.229982 0.00953493 -0.244532 -0.855103 -0.457169 2 
0.106455 0.229891 0.00905379 -0.341198 -0.845984 -0.409749 2 
0.106627 0.230374 0.00857703 -0.417819 -0.884359 -0.208171 2 
0.10643 0.229984 0.00840521 -0.203668 -0.947263 -0.247409 2 
0.105942 0.230343 0.00815199 -0.301421 -0.918685 -0.25527 2 
0.10574 0.230357 0.00765308 -0.342521 -0.927719 -0.14838 2 
0.106883 0.231964 0.00851874 -0.500645 -0.862456 0.0743255 2 
0.106981 0.231386 0.00826199 -0.751689 -0.65166 0.1015 2 
0.107528 0.232175 0.00852404 -0.960793 -0.214828 0.175289 2 
0.106037 0.232623 0.00799885 -0.434702 -0.855581 0.281097 2 
0.105722 0.232447 0.00800121 -0.431138 -0.845156 0.315961 2 
0.10644 0.231048 0.00831136 -0.602621 -0.778701 0.174563 2 
0.106573 0.231494 0.00837044 -0.601316 -0.786337 0.14175 2 
0.106686 0.231629 0.00810804 -0.63071 -0.753476 0.185684 2 
0.105924 0.231633 0.00827693 -0.412519 -0.908087 0.0721568 2 
0.106086 0.231852 0.00811719 -0.470691 -0.8666 0.165695 2 
0.106159 0.231205 0.00792857 -0.47343 -0.874354 0.106628 2 
0.105318 0.231351 0.00821357 -0.400862 -0.913748 -0.0661354 2 
0.105889 0.231463 0.00794538 -0.419711 -0.899781 0.119316 2 
0.105623 0.231425 0.00781157 -0.419466 -0.897231 0.137926 2 
0.106494 0.231745 0.00800876 -0.553331 -0.809418 0.196638 2 
0.106745 0.231976 0.00789366 -0.57722 -0.791573 0.200573 2 
0.107069 0.231723 0.00687328 -0.628278 -0.730075 0.268808 2 
0.107158 0.22954 0.00909928 -0.789862 -0.529223 -0.309905 2 
0.107 0.229079 0.00886942 -0.712799 -0.523384 -0.466891 2 
0.107207 0.229678 0.00896305 -0.806379 -0.543261 -0.233711 2 
0.107074 0.229286 0.00866511 -0.734256 -0.626417 -0.261668 2 
0.107079 0.229845 0.00849874 -0.701468 -0.695407 -0.15605 2 
0.107261 0.229575 0.00843728 -0.793494 -0.603401 -0.0792054 2 
0.106793 0.228589 0.00829802 -0.584169 -0.631307 -0.510096 2 
0.1069 0.22822 0.0079631 -0.645568 -0.642249 -0.41323 2 
0.106901 0.228966 0.0084252 -0.563259 -0.718527 -0.407991 2 
0.107142 0.229043 0.00814937 -0.747519 -0.656466 -0.101334 2 
0.107122 0.228678 0.00806679 -0.82506 -0.554405 -0.109135 2 
0.106838 0.229823 0.00853566 -0.558887 -0.792405 -0.244416 2 
0.10698 0.229732 0.0080545 -0.56322 -0.817766 -0.118496 2 
0.106862 0.229946 0.00822866 -0.536207 -0.832957 -0.136623 2 
0.107127 0.229237 0.00790043 -0.810871 -0.585094 -0.0123902 2 
0.107245 0.229023 0.00772626 -0.795442 -0.605319 -0.0293573 2 
0.107028 0.229124 0.00745618 -0.771694 -0.63592 -0.00969813 2 
0.106911 0.229338 0.00763038 -0.549905 -0.828484 -0.105918 2 
0.107067 0.229161 0.00692035 -0.727463 -0.677089 0.11112 2 
0.106025 0.229905 0.00788523 -0.315769 -0.912383 -0.260473 2 
0.106404 0.230078 0.00775665 -0.671452 -0.71177 0.206243 2 
0.106124 0.230181 0.00761274 -0.444491 -0.895617 -0.0172489 2 
0.106296 0.229701 0.00762947 -0.638663 -0.767253 0.0585799 2 
0.106566 0.229551 0.00713485 -0.678323 -0.725821 0.114291 2 
0.10688 0.228872 0.0071482 -0.614937 -0.784873 -0.0763271 2 
0.106836 0.229293 0.00711802 -0.732015 -0.669399 0.126724 2 
0.107382 0.228482 0.00693367 -0.81162 -0.583308 0.0320193 2 
0.106998 0.228658 0.00697401 -0.735472 -0.675492 0.0528397 2 
0.107097 0.228934 0.00670154 -0.716231 -0.692892 0.083147 2 
0.107278 0.228664 0.00664012 -0.747671 -0.66382 0.0181677 2 
0.107687 0.228556 0.00653166 -0.892696 -0.441474 0.090523 2 
0.107215 0.229574 0.00651167 -0.688514 -0.706753 0.162629 2 
0.106291 0.230105 0.00730238 -0.544204 -0.830167 0.121096 2 
0.106359 0.229753 0.00726438 -0.622027 -0.778622 0.082647 2 
0.106433 0.22996 0.00706009 -0.617058 -0.764049 0.188333 2 
0.105907 0.230281 0.0073427 -0.421044 -0.906763 0.0224381 2 
0.106453 0.230324 0.00714268 -0.57802 -0.796484 0.177502 2 
0.105828 0.230532 0.00698102 -0.445754 -0.865993 0.226629 2 
0.106172 0.230481 0.00675988 -0.468947 -0.854961 0.221656 2 
0.10633 0.230142 0.00676654 -0.538023 -0.813932 0.219194 2 
0.106526 0.229677 0.00695402 -0.615715 -0.760771 0.205238 2 
0.106644 0.229463 0.00677986 -0.632855 -0.754851 0.17232 2 
0.106625 0.229952 0.00668158 -0.544074 -0.82431 0.156514 2 
0.106718 0.22967 0.00657554 -0.618013 -0.759802 0.201895 2 
0.107058 0.229914 0.00650503 -0.656746 -0.722265 0.216835 2 
0.107422 0.230227 0.00636643 -0.679105 -0.697925 0.227414 2 
0.107038 0.230404 0.00640678 -0.651541 -0.72062 0.237067 2 
0.106315 0.230336 0.00651759 -0.520873 -0.813184 0.259659 2 
0.106388 0.230543 0.00631327 -0.538328 -0.798859 0.268379 2 
0.106551 0.230762 0.00615354 -0.534128 -0.809707 0.243067 2 
0.106674 0.23009 0.00654537 -0.574288 -0.798548 0.180317 2 
0.106909 0.229662 0.00619701 -0.630365 -0.745543 0.216347 2 
0.106935 0.230586 0.00611321 -0.654979 -0.714953 0.244631 2 
0.107146 0.229072 0.00656535 -0.690759 -0.717158 0.0923945 2 
0.107529 0.228896 0.00652502 -0.77462 -0.631743 0.0294159 2 
0.107337 0.229065 0.00618684 -0.749492 -0.655988 0.0891208 2 
0.107647 0.228682 0.00635082 -0.82659 -0.562521 0.0178796 2 
0.107927 0.228687 0.00601695 -0.797122 -0.598202 -0.0821627 2 
0.107568 0.228932 0.00598918 -0.748699 -0.662897 0.00415175 2 
0.107028 0.229286 0.00673953 -0.663164 -0.737677 0.126672 2 
0.106978 0.229311 0.00615904 -0.649902 -0.743828 0.156037 2 
0.107145 0.229235 0.00584867 -0.719094 -0.689922 0.0831407 2 
0.107274 0.229976 0.00605842 -0.683418 -0.695929 0.220508 2 
0.107485 0.229479 0.00577819 -0.763393 -0.643533 0.0556492 2 
0.107795 0.229095 0.00594219 -0.778829 -0.627199 -0.00689229 2 
0.108247 0.229421 0.00584821 -0.835326 -0.548052 -0.0432306 2 
0.107391 0.229762 0.00588426 -0.757414 -0.641801 0.12006 2 
0.107067 0.229377 0.00596478 -0.655917 -0.745157 0.120475 2 
0.105296 0.230511 0.00647445 -0.410056 -0.867367 0.282009 2 
0.105079 0.229703 0.00645898 -0.41647 -0.879215 0.231372 2 
0.105754 0.230488 0.00646869 -0.439629 -0.85628 0.27113 2 
0.105493 0.231009 0.00616848 -0.338526 -0.812144 0.475208 2 
0.105813 0.230889 0.00601542 -0.376011 -0.804823 0.459213 2 
0.106673 0.230415 0.00511201 -0.485406 -0.799397 0.354042 2 
0.107881 0.227832 0.00410707 -0.915272 -0.322442 -0.24147 2 
0.107994 0.227968 0.00384468 -0.917836 -0.34579 -0.194951 2 
0.104351 0.228073 0.0126202 0.0202562 0.495601 -0.868314 2 
0.104302 0.227989 0.0125175 0.00929836 0.46359 -0.886001 2 
0.103997 0.228023 0.0124418 -0.204594 0.510726 -0.835045 2 
0.104134 0.228173 0.0123501 -0.302093 0.520359 -0.798728 2 
0.10407 0.22823 0.0122374 -0.302093 0.520359 -0.798728 2 
0.103898 0.22791 0.0119975 -0.250506 0.320011 -0.913696 2 
0.105359 0.227851 0.0120248 -0.166622 -0.274993 -0.946898 2 
0.103838 0.227671 0.0117341 -0.113644 0.265169 -0.957481 2 
0.102711 0.227415 0.0118027 0.755217 0.355683 -0.550578 2 
0.102573 0.227319 0.0116554 0.755217 0.355683 -0.550578 2 
0.102357 0.227419 0.0113854 0.99742 -0.043925 -0.0567812 2 
0.102922 0.22708 0.0108058 0.60804 0.402599 -0.684252 2 
0.102627 0.227269 0.0108907 0.755217 0.355683 -0.550578 2 
0.102769 0.227124 0.0106485 0.755217 0.355683 -0.550578 2 
0.104189 0.228762 0.0125254 -0.258601 0.562652 -0.785206 2 
0.104046 0.229015 0.0122898 -0.244052 0.551837 -0.797443 2 
0.103795 0.228837 0.0121661 -0.281137 0.52615 -0.802576 2 
0.103711 0.229384 0.0119551 -0.299732 0.528099 -0.794527 2 
0.103613 0.229216 0.0117497 -0.434477 0.520381 -0.735142 2 
0.104119 0.228368 0.0121012 -0.340626 0.544033 -0.766813 2 
0.104425 0.228334 0.012177 -0.293191 0.537252 -0.790822 2 
0.103937 0.228692 0.0119238 -0.402133 0.54329 -0.73697 2 
0.104021 0.228254 0.011657 -0.46935 0.509153 -0.721439 2 
0.104149 0.228996 0.0118667 -0.427897 0.530328 -0.731886 2 
0.104011 0.228899 0.0117195 -0.431343 0.527196 -0.732125 2 
0.103775 0.228581 0.0116057 -0.447429 0.500262 -0.741313 2 
0.105261 0.229446 0.0115492 -0.583935 0.556854 -0.590706 2 
0.103977 0.229584 0.0113722 -0.594486 0.49344 -0.634904 2 
0.103824 0.229628 0.0112149 -0.590736 0.489755 -0.641226 2 
0.104464 0.229171 0.0118644 -0.531913 0.518489 -0.669506 2 
0.103982 0.229234 0.0114604 -0.510423 0.507076 -0.694509 2 
0.104705 0.229302 0.0113497 -0.601885 0.520959 -0.605257 2 
0.102958 0.228851 0.0115837 -0.278715 0.533809 -0.798352 2 
0.103032 0.229058 0.0113793 -0.46979 0.550039 -0.690474 2 
0.103484 0.228475 0.01154 -0.30511 0.504301 -0.80783 2 
0.103642 0.22899 0.0115309 -0.447429 0.500262 -0.741313 2 
0.103351 0.228883 0.0114652 -0.398147 0.539055 -0.742225 2 
0.102489 0.227973 0.0109666 0.99742 -0.043925 -0.0567812 2 
0.103051 0.228676 0.0109999 -0.313064 0.383312 -0.868943 2 
0.102884 0.228806 0.0110714 -0.513492 0.577468 -0.63471 2 
0.10274 0.228205 0.0108516 -0.368902 0.541164 -0.75568 2 
0.103303 0.229654 0.0113468 -0.534037 0.500555 -0.681358 2 
0.103307 0.229304 0.011435 -0.467082 0.513624 -0.719739 2 
0.103558 0.22959 0.0110811 -0.616255 0.468488 -0.633047 2 
0.103445 0.229509 0.0111046 -0.60914 0.478251 -0.632633 2 
0.103401 0.229021 0.011329 -0.509863 0.513206 -0.690405 2 
0.103499 0.229297 0.0110565 -0.531499 0.47485 -0.701446 2 
0.103272 0.229188 0.0108646 -0.530701 0.53744 -0.655374 2 
0.10337 0.228556 0.0108468 -0.351225 0.844502 -0.404299 2 
0.10339 0.228974 0.0106905 -0.623342 0.646739 -0.439515 2 
0.103395 0.229479 0.010763 -0.732927 0.44505 -0.514538 2 
0.103641 0.229152 0.0108143 -0.682039 0.547977 -0.484298 2 
0.102672 0.229411 0.0108738 -0.647445 0.509547 -0.566724 2 
0.103581 0.228059 0.0105666 -0.351225 0.844502 -0.404299 2 
0.104334 0.226938 0.0107304 -0.064919 -0.108198 -0.992007 2 
0.10395 0.227114 0.0107708 -0.192166 0.286175 -0.93871 2 
0.103925 0.227154 0.0103611 -0.127133 0.8344 -0.536296 2 
0.103714 0.227705 0.0104024 -0.351225 0.844502 -0.404299 2 
0.104098 0.227528 0.0103621 -0.422597 -0.0039009 -0.906309 2 
0.102706 0.227927 0.0109978 -0.00670386 0.497427 -0.86748 2 
0.103045 0.227425 0.0104652 0.0813031 0.428564 -0.899846 2 
0.102868 0.228146 0.0108381 -0.110664 0.50158 -0.858004 2 
0.103419 0.227894 0.0104874 -0.417738 0.556434 -0.718245 2 
0.103242 0.227815 0.010637 -0.250506 0.320011 -0.913696 2 
0.103517 0.227261 0.0104695 -0.270482 0.369111 -0.889155 2 
0.103508 0.22876 0.0105163 -0.542305 0.436166 -0.718098 2 
0.103655 0.228266 0.0103622 -0.520178 0.506797 -0.687438 2 
0.103636 0.228756 0.010264 0.127861 -0.818605 -0.559944 2 
0.103822 0.22819 0.0100518 -0.441287 -0.377563 -0.814071 2 
0.104083 0.228577 0.0100975 -0.176006 -0.736164 -0.653517 2 
0.103788 0.227912 0.0101981 -0.360948 0.765598 -0.532519 2 
0.103984 0.227555 0.00990781 -0.517983 0.020393 -0.855148 2 
0.104058 0.227762 0.00970349 -0.46783 -0.337789 -0.816721 2 
0.103232 0.22846 0.0106995 -0.410041 0.504792 -0.759639 2 
0.103458 0.227877 0.0101904 -0.417738 0.556434 -0.718245 2 
0.103463 0.228435 0.0100241 0.149056 -0.836779 -0.526861 2 
0.1041 0.229928 0.0110317 -0.667067 0.495679 -0.556169 2 
0.103982 0.230142 0.0112059 -0.615191 0.497209 -0.61182 2 
0.104586 0.229678 0.0108071 -0.663048 0.478401 -0.57576 2 
0.104291 0.229921 0.0106532 -0.732969 0.545197 -0.406839 2 
0.103907 0.230098 0.0106935 -0.785072 0.518565 -0.338753 2 
0.10403 0.229534 0.0106076 -0.742916 0.495826 -0.449703 2 
0.103892 0.229438 0.0104603 -0.729345 0.572003 -0.375326 2 
0.104222 0.229527 0.0102291 -0.801817 0.187141 -0.56751 2 
0.104118 0.228855 0.0099512 -0.161307 -0.782412 -0.601508 2 
0.104511 0.228088 0.00960954 -0.3085 -0.702605 -0.641228 2 
0.10339 0.229137 0.0099738 0.191365 -0.836281 -0.513823 2 
0.101924 0.22842 0.0110684 0.947092 -0.263006 0.183968 2 
0.102357 0.228382 0.0108919 0.974473 -0.210664 0.0776129 2 
0.104284 0.226962 0.01015 -0.352538 -0.149097 -0.923844 2 
0.104294 0.227172 0.0100718 -0.449306 -0.187088 -0.873569 2 
0.104092 0.227132 0.0098118 -0.507266 0.276265 -0.816308 2 
0.104102 0.227341 0.00973365 -0.517983 0.020393 -0.855148 2 
0.104166 0.227339 0.00960746 -0.517983 0.020393 -0.855148 2 
0.104515 0.227792 0.00945885 -0.377338 -0.624503 -0.683822 2 
0.104264 0.22756 0.00957393 -0.492366 -0.339398 -0.801489 2 
0.113052 0.213988 0.0172068 -0.757222 -0.445135 -0.477986 1 
0.113199 0.214402 0.0167981 -0.756476 -0.403563 -0.514665 1 
0.114871 0.213154 0.0158442 -0.599166 -0.228772 -0.767244 1 
0.115313 0.21247 0.0156052 -0.672247 -0.448721 -0.588841 1 
0.115117 0.212827 0.0158955 -0.672247 -0.448721 -0.588841 1 
0.115387 0.212677 0.0154009 -0.672247 -0.448721 -0.588841 1 
0.114978 0.212785 0.0155093 -0.672247 -0.448721 -0.588841 1 
0.11546 0.212884 0.0151966 -0.672247 -0.448721 -0.588841 1 
0.11582 0.212639 0.0152243 -0.663221 -0.398594 -0.633451 1 
0.115893 0.212846 0.01502 -0.646739 -0.439515 -0.623342 1 
0.116011 0.212632 0.0148458 -0.646739 -0.439515 -0.623342 1 
0.114089 0.213539 0.0163926 -0.73019 -0.250757 -0.635565 1 
0.113868 0.213935 0.0162732 -0.736317 -0.258107 -0.625474 1 
0.113848 0.213571 0.0161907 -0.684602 -0.169244 -0.708997 1 
0.114197 0.214024 0.016042 -0.627565 -0.129687 -0.767687 1 
0.114103 0.213507 0.0159249 -0.618267 -0.311555 -0.721581 1 
0.114786 0.212954 0.0151712 -0.672247 -0.448721 -0.588841 1 
0.104151 0.230529 0.00740034 -0.377168 -0.855224 -0.355438 1 
0.104101 0.230391 0.00753656 -0.353371 -0.81925 -0.451618 1 
0.101323 0.232656 0.008387 -0.478774 -0.586288 0.653484 1 
0.102209 0.232089 0.00813218 -0.293027 -0.622883 0.725363 1 
0.10242 0.231592 0.00785195 -0.37821 -0.738409 0.558309 1 
0.103383 0.230882 0.00748097 -0.39695 -0.848384 -0.35025 1 
0.103501 0.230668 0.00730684 -0.385884 -0.862474 -0.327463 1 
0.103348 0.230712 0.00714948 -0.334468 -0.79216 0.510503 1 
0.103683 0.230452 0.00700646 -0.372037 -0.893779 0.250495 1 
0.102817 0.230637 0.0068818 -0.341858 -0.788039 0.511984 1 
0.102654 0.230418 0.00704154 -0.389609 -0.822154 0.415052 1 
0.102388 0.23038 0.00690765 -0.440533 -0.825802 0.352111 1 
0.102728 0.230625 0.00683719 -0.382164 -0.807502 0.449323 1 
0.102167 0.230776 0.00678828 -0.318844 -0.716995 0.619885 1 
0.102865 0.234 0.00898351 -0.365633 -0.627971 0.686997 1 
0.102983 0.233786 0.00880933 -0.300538 -0.612326 0.731255 1 
0.103998 0.230573 0.00724299 -0.380679 -0.875108 -0.29878 1 
0.104028 0.231201 0.00700849 -0.289783 -0.734865 0.613188 1 
0.104559 0.230421 0.00729189 -0.412984 -0.875526 -0.250794 1 
0.104765 0.230274 0.00692346 -0.4158 -0.906581 -0.0722538 1 
0.104249 0.230805 0.0071279 -0.403928 -0.904967 0.133704 1 
0.104735 0.230663 0.00642555 -0.375919 -0.838346 0.394793 1 
0.10444 0.230798 0.0067494 -0.371704 -0.842215 0.390524 1 
0.104534 0.230515 0.00664333 -0.396332 -0.850172 0.346596 1 
0.104918 0.231193 0.00658733 -0.357992 -0.816222 0.453457 1 
0.104809 0.23087 0.00622123 -0.303114 -0.788731 0.534814 1 
0.102004 0.233836 0.00894703 -0.497198 -0.618548 0.608435 1 
0.101949 0.233302 0.00853296 -0.484875 -0.582186 0.652652 1 
0.102184 0.232874 0.0081846 -0.350909 -0.598993 0.719771 1 
0.102524 0.233118 0.00811412 -0.270818 -0.584397 0.764943 1 
0.101742 0.233503 0.00866251 -0.514754 -0.585638 0.626144 1 
0.102022 0.232655 0.0083443 -0.413458 -0.602751 0.682454 1 
0.101904 0.232869 0.00851848 -0.464282 -0.588315 0.662063 1 
0.102091 0.232303 0.00830635 -0.376627 -0.629904 0.679244 1 
0.102164 0.23251 0.00810203 -0.329371 -0.608443 0.722019 1 
0.102238 0.232717 0.0078977 -0.318105 -0.618448 0.718562 1 
0.101795 0.232654 0.00767462 -0.431219 -0.617693 0.657651 1 
0.101215 0.233241 0.00776637 -0.484875 -0.582186 0.652652 1 
0.101539 0.232826 0.00746263 -0.45392 -0.611368 0.648218 1 
0.101195 0.232931 0.00744491 -0.478774 -0.586288 0.653484 1 
0.100919 0.232739 0.00715034 -0.484875 -0.582186 0.652652 1 
0.100805 0.232711 0.00693493 -0.484875 -0.582186 0.652652 1 
0.103044 0.231492 0.00753578 -0.334595 -0.754858 0.564123 1 
0.102921 0.23131 0.00715967 -0.234047 -0.648734 0.724132 1 
0.102258 0.232227 0.00799596 -0.293027 -0.622883 0.725363 1 
0.102198 0.231988 0.00773256 -0.283231 -0.63527 0.718479 1 
0.102149 0.23185 0.00786878 -0.318837 -0.655478 0.68461 1 
0.102227 0.231761 0.0075138 -0.311646 -0.657202 0.686267 1 
0.101957 0.232019 0.00753063 -0.33672 -0.63928 0.691333 1 
0.102154 0.232409 0.00770243 -0.3514 -0.652132 0.671745 1 
0.102179 0.232478 0.0076343 -0.303871 -0.625429 0.71868 1 
0.101824 0.232428 0.00745586 -0.362913 -0.635507 0.681487 1 
0.102183 0.232182 0.00748363 -0.318837 -0.655478 0.68461 1 
0.102124 0.231943 0.00722024 -0.304401 -0.652287 0.694162 1 
0.102345 0.231547 0.00733962 -0.244079 -0.653503 0.716491 1 
0.10265 0.231622 0.00693762 -0.230775 -0.664068 0.711165 1 
0.102256 0.231643 0.00681721 -0.254644 -0.65638 0.710156 1 
0.10206 0.232854 0.00709179 -0.341127 -0.641449 0.68715 1 
0.10328 0.231064 0.00718745 -0.290499 -0.711 0.640382 1 
0.10328 0.231064 0.00718745 -0.290499 -0.711 0.640382 1 
0.103014 0.231027 0.00705358 -0.240732 -0.665553 0.706461 1 
0.103437 0.230779 0.00695521 -0.251864 -0.682726 0.685894 1 
0.103353 0.231271 0.00698312 -0.233621 -0.653824 0.719677 1 
0.103874 0.230445 0.00662799 -0.248293 -0.700596 0.668966 1 
0.102748 0.230989 0.00691975 -0.255378 -0.686825 0.68048 1 
0.10292 0.231364 0.00692078 -0.230132 -0.652824 0.721707 1 
0.103898 0.230622 0.00608209 -0.223225 -0.722751 0.654066 1 
0.101696 0.232541 0.00723039 -0.381014 -0.625127 0.681207 1 
0.101843 0.232046 0.00707632 -0.318764 -0.648855 0.690925 1 
0.101883 0.231975 0.00701828 -0.318764 -0.648855 0.690925 1 
0.101548 0.232289 0.0069224 -0.381014 -0.625127 0.681207 1 
0.101243 0.232323 0.00684659 -0.431219 -0.617693 0.657651 1 
0.10204 0.231744 0.00654715 -0.244125 -0.656776 0.713476 1 
0.101134 0.232 0.00648051 -0.454062 -0.635017 0.624964 1 
0.101479 0.231895 0.00649823 -0.341127 -0.641449 0.68715 1 
0.101075 0.232562 0.00644034 -0.457506 -0.608332 0.648552 1 
0.104927 0.230656 0.00604706 -0.294507 -0.77527 0.558768 1 
0.105296 0.23062 0.00599668 -0.331101 -0.785365 0.523043 1 
0.107647 0.231649 0.0149349 0.0547365 0.953433 -0.296595 1 
0.104191 0.233046 0.0175986 -0.0902032 0.992235 -0.0856359 1 
0.103763 0.232789 0.0176244 -0.197989 0.975001 -0.100862 1 
0.104221 0.232819 0.0173798 -0.0879181 0.988199 -0.12543 1 
0.103989 0.232098 0.0175931 -0.0879181 0.988199 -0.12543 1 
0.103974 0.232292 0.0173442 -0.0879181 0.988199 -0.12543 1 
0.104756 0.232707 0.017019 0.00979737 0.993889 -0.109948 1 
0.104239 0.232492 0.0167614 0.0390212 0.993369 -0.108145 1 
0.104579 0.232736 0.0166909 0.0390885 0.992849 -0.112798 1 
0.103935 0.232363 0.0174023 -0.0879181 0.988199 -0.12543 1 
0.103955 0.232782 0.0172459 -0.0794242 0.991076 -0.10705 1 
0.103949 0.232331 0.0169345 -0.00751646 0.995395 -0.0955665 1 
0.103885 0.232388 0.0168218 -0.00751646 0.995395 -0.0955665 1 
0.103978 0.232105 0.0167157 -0.0327593 0.990686 -0.132167 1 
0.104052 0.232312 0.0165114 0.0535875 0.990799 -0.124277 1 
0.103899 0.23241 0.0161152 0.0637701 0.989017 -0.133338 1 
0.10417 0.232098 0.0163372 0.0280562 0.990945 -0.131303 1 
0.104066 0.23228 0.0160437 0.0373666 0.990781 -0.130217 1 
0.105356 0.232592 0.0165321 0.0347446 0.991901 -0.122166 1 
0.104717 0.232887 0.0165993 0.0231562 0.993509 -0.11137 1 
0.10448 0.232569 0.0164855 0.021063 0.992177 -0.123052 1 
0.105839 0.233438 0.0166814 0.0723939 0.994581 -0.0746214 1 
0.105784 0.233066 0.0155506 0.0667353 0.986979 -0.146349 1 
0.104952 0.232621 0.0155343 0.0735045 0.988228 -0.134175 1 
0.105375 0.233173 0.0156591 0.0492027 0.989776 -0.133877 1 
0.104456 0.232554 0.0163148 0.0325054 0.991976 -0.122176 1 
0.104623 0.232478 0.0160044 0.0632465 0.990095 -0.125343 1 
0.104293 0.232443 0.0159967 0.0373666 0.990781 -0.130217 1 
0.104617 0.232027 0.015693 0.0735045 0.988228 -0.134175 1 
0.10445 0.232157 0.0157644 0.0632465 0.990095 -0.125343 1 
0.104814 0.232471 0.0156259 0.0735045 0.988228 -0.134175 1 
0.104893 0.232328 0.0155097 0.0860838 0.987015 -0.135611 1 
0.104804 0.23237 0.0152263 0.0860838 0.987015 -0.135611 1 
0.104321 0.232433 0.0148223 0.0860838 0.987015 -0.135611 1 
0.104479 0.232948 0.0148133 0.0860838 0.987015 -0.135611 1 
0.104597 0.232734 0.0146391 0.0860838 0.987015 -0.135611 1 
0.103849 0.232597 0.014818 0.0516179 0.989917 -0.131912 1 
0.103096 0.232756 0.0151477 0.997237 0.0353478 0.0653399 1 
0.106615 0.231802 0.0155984 -0.0370766 0.977148 -0.209303 1 
0.105276 0.232152 0.0154694 0.0860838 0.987015 -0.135611 1 
0.106113 0.232355 0.0150962 0.0667353 0.986979 -0.146349 1 
0.105611 0.232745 0.0153107 0.0860838 0.987015 -0.135611 1 
0.105847 0.232318 0.0149624 0.0860838 0.987015 -0.135611 1 
0.106309 0.232052 0.014567 0.0776719 0.983446 -0.163709 1 
0.106633 0.231637 0.0142633 0.0918448 0.978453 -0.184914 1 
0.104552 0.232246 0.0148636 0.0860838 0.987015 -0.135611 1 
0.104783 0.232168 0.014427 0.0860838 0.987015 -0.135611 1 
0.105211 0.23157 0.0144168 -0.0360839 0.959333 -0.279961 1 
0.1044 0.232344 0.0144673 0.0860838 0.987015 -0.135611 1 
0.104694 0.231463 0.0136814 -0.341296 0.786743 -0.514347 1 
0.104827 0.231909 0.0137405 -0.172703 0.863517 -0.473827 1 
0.105279 0.231381 0.0136622 -0.1832 0.813044 -0.552628 1 
0.104467 0.231409 0.0132506 -0.434866 0.722573 -0.537382 1 
0.104609 0.231264 0.0130083 -0.303083 0.739265 -0.601355 1 
0.106978 0.23244 0.0140264 0.0795483 0.965944 -0.246221 1 
0.106687 0.232334 0.0139607 0.106456 0.973135 -0.204145 1 
0.106712 0.232403 0.0138926 0.11195 0.972332 -0.205032 1 
0.106446 0.232365 0.0137588 0.0579383 0.970158 -0.235451 1 
0.106116 0.23233 0.0137511 0.115489 0.977307 -0.177579 1 
0.107337 0.232195 0.0140542 0.0736568 0.952369 -0.295919 1 
0.106628 0.232041 0.0139362 0.106456 0.973135 -0.204145 1 
0.106313 0.231919 0.0136997 0.135827 0.956066 -0.259786 1 
0.1062 0.231838 0.0137232 0.132168 0.959198 -0.249941 1 
0.104827 0.232764 0.0137248 0.100321 0.982662 -0.155921 1 
0.105457 0.23226 0.0137357 0.0989156 0.972879 -0.2091 1 
0.104822 0.232205 0.0138912 0.0587693 0.979888 -0.1907 1 
0.105049 0.232368 0.0138442 0.100321 0.982662 -0.155921 1 
0.104488 0.232519 0.0137953 0.0641207 0.978748 -0.194782 1 
0.104473 0.232714 0.0135463 0.0443052 0.978307 -0.202367 1 
0.104861 0.232188 0.0135942 -0.071762 0.913951 -0.39943 1 
0.106503 0.231221 0.0126202 -0.22028 0.805639 -0.54993 1 
0.105077 0.231449 0.0129244 -0.0677386 0.736477 -0.673062 1 
0.104683 0.231471 0.012804 -0.206433 0.731054 -0.650343 1 
0.105313 0.231822 0.0127993 -0.0152985 0.77188 -0.635584 1 
0.104713 0.232099 0.0125695 -0.0856009 0.77331 -0.628223 1 
0.106257 0.231548 0.0125689 -0.15901 0.830717 -0.533502 1 
0.103508 0.232677 0.0134552 0.0463476 0.98043 -0.191332 1 
0.103867 0.23254 0.0130052 -0.133389 0.88209 -0.451802 1 
0.104152 0.232088 0.0132373 -0.258932 0.820208 -0.510111 1 
0.10394 0.231893 0.0128166 -0.225033 0.774424 -0.591294 1 
0.104329 0.232275 0.0126099 -0.0857193 0.777286 -0.623281 1 
0.103871 0.232245 0.0128545 -0.174058 0.791586 -0.585743 1 
0.103129 0.232667 0.0128671 -0.0337507 0.884268 -0.465759 1 
0.104231 0.232854 0.0128666 0.0398442 0.942123 -0.332892 1 
0.103945 0.232452 0.0126502 -0.0523509 0.799412 -0.598498 1 
0.104299 0.231647 0.0128444 -0.225923 0.752557 -0.618561 1 
0.110911 0.210578 0.00358471 0.326006 0.374983 -0.867818 1 
0.1113 0.210052 0.00363259 0.297829 0.401687 -0.865994 1 
0.111098 0.210012 0.00337259 0.297829 0.401687 -0.865994 1 
0.111826 0.215627 0.00506302 -0.701367 0.358041 -0.616353 1 
0.110871 0.2158 0.00489373 -0.821353 0.292558 -0.489683 1 
0.110945 0.216007 0.0046894 -0.77265 0.353258 -0.527467 1 
0.109846 0.212853 0.00506406 0.431778 0.198942 -0.879767 1 
0.110407 0.21281 0.00463519 0.431778 0.198942 -0.879767 1 
0.109954 0.213501 0.00399677 0.393502 0.193121 -0.898811 1 
0.110807 0.21591 0.0045421 -0.873174 0.260897 -0.411704 1 
0.110737 0.215516 0.00411797 -0.837804 0.237403 -0.491655 1 
0.110142 0.215498 0.00373758 -0.845424 0.249194 -0.472398 1 
0.11051 0.213645 0.00419635 0.376153 0.191679 -0.906514 1 
0.110406 0.213827 0.00390282 0.403077 0.18059 -0.897171 1 
0.109949 0.213851 0.00390858 0.416102 0.165577 -0.894116 1 
0.110023 0.214058 0.00370424 0.43505 0.160434 -0.885998 1 
0.110894 0.214485 0.00342367 0.456576 0.184699 -0.870302 1 
0.110288 0.214203 0.00336032 0.43505 0.160434 -0.885998 1 
0.109389 0.214802 0.00408287 0.488329 0.16376 -0.857157 1 
0.109251 0.214706 0.00393559 0.467212 0.165502 -0.868517 1 
0.109496 0.214487 0.00350907 0.444221 0.177395 -0.878179 1 
0.109727 0.213501 0.00332712 0.423186 0.202009 -0.883236 1 
0.109757 0.21402 0.00357041 0.43505 0.160434 -0.885998 1 
0.109643 0.214047 0.00311613 0.453307 0.164706 -0.876005 1 
0.109324 0.214913 0.00373127 0.49572 0.154453 -0.854638 1 
0.110642 0.212382 0.00428683 0.308119 0.236464 -0.921492 1 
0.110986 0.211477 0.00408135 0.855514 0.406872 0.320237 1 
0.111527 0.211815 0.00403199 0.855514 0.406872 0.320237 1 
0.110903 0.211969 0.00410929 0.880605 0.408158 0.240709 1 
0.110878 0.211954 0.00393849 0.880605 0.408158 0.240709 1 
0.110666 0.211705 0.00375664 0.85336 0.421279 0.307086 1 
0.110606 0.211466 0.00349323 0.855022 0.412823 0.313869 1 
0.110608 0.212958 0.00441741 0.364099 0.213237 -0.906621 1 
0.110957 0.212558 0.00428445 0.3101 0.232932 -0.921727 1 
0.111075 0.212344 0.00411028 0.28931 0.246555 -0.924938 1 
0.111439 0.212657 0.00397168 0.263999 0.227681 -0.937265 1 
0.110672 0.21301 0.00405235 0.307031 0.216478 -0.926752 1 
0.110839 0.21288 0.00398085 0.307031 0.216478 -0.926752 1 
0.111056 0.212833 0.00401205 0.307031 0.216478 -0.926752 1 
0.110927 0.212092 0.00380228 0.896588 0.405702 0.177585 1 
0.111311 0.211916 0.00376195 0.853652 0.418336 0.310279 1 
0.111119 0.212085 0.00342377 0.896588 0.405702 0.177585 1 
0.111518 0.212514 0.00385557 0.26123 0.230497 -0.937353 1 
0.11079 0.212796 0.00387817 0.307031 0.216478 -0.926752 1 
0.110573 0.212897 0.00360812 0.307031 0.216478 -0.926752 1 
0.110888 0.212164 0.00386032 0.896588 0.405702 0.177585 1 
0.110779 0.211841 0.00349426 0.85336 0.421279 0.307086 1 
0.111128 0.211332 0.00383907 0.855514 0.406872 0.320237 1 
0.111708 0.210853 0.00326958 0.326006 0.374983 -0.867818 1 
0.111826 0.210639 0.0030954 0.344341 0.400432 -0.849166 1 
0.111585 0.21067 0.00289344 0.323753 0.37899 -0.86692 1 
0.110818 0.210861 0.00369078 0.410391 0.344854 -0.844189 1 
0.111015 0.21125 0.00386257 0.860994 0.406708 0.305415 1 
0.110867 0.210999 0.00355458 0.860994 0.406708 0.305415 1 
0.11069 0.210974 0.00346533 0.860994 0.406708 0.305415 1 
0.111044 0.211132 0.003166 0.860994 0.406708 0.305415 1 
0.111132 0.21029 0.0032263 0.344341 0.400432 -0.849166 1 
0.111768 0.211946 0.00351728 0.855514 0.406872 0.320237 1 
0.110837 0.211388 0.00305669 0.855514 0.406872 0.320237 1 
0.110454 0.211564 0.00309703 0.853652 0.418336 0.310279 1 
0.109845 0.213178 0.00363075 0.431778 0.198942 -0.879767 1 
0.109658 0.212998 0.00338075 0.418574 0.201209 -0.885613 1 
0.109736 0.212856 0.00326464 0.429979 0.205385 -0.879167 1 
0.109997 0.213243 0.00331029 0.431778 0.198942 -0.879767 1 
0.109731 0.213205 0.00317642 0.418574 0.201209 -0.885613 1 
0.113435 0.209977 0.00344642 -0.0111685 0.306512 -0.951801 1 
0.112431 0.210012 0.00341332 -0.0136061 0.300571 -0.953663 1 
0.112367 0.210123 0.00306173 -0.0136061 0.300571 -0.953663 1 
0.112426 0.210524 0.00260846 -0.0111685 0.306512 -0.951801 1 
0.111531 0.216778 0.0046545 0.0875971 0.561483 -0.822839 1 
0.111649 0.216564 0.00448034 0.13574 0.512307 -0.848007 1 
0.110753 0.216176 0.00435125 -0.871853 0.30279 -0.384954 1 
0.110693 0.215937 0.00408786 -0.791945 0.32347 -0.517871 1 
0.109969 0.216032 0.00348199 -0.723227 0.397034 -0.565073 1 
0.107349 0.225871 0.0202814 0.0169938 0.911128 -0.411772 1 
0.105377 0.226748 0.0214866 -0.228787 0.824556 -0.517459 1 
0.105495 0.226535 0.0213124 -0.17513 0.830746 -0.528385 1 
0.106007 0.227099 0.0214819 -0.17513 0.830746 -0.528385 1 
0.105815 0.227269 0.0211437 -0.17513 0.830746 -0.528385 1 
0.105525 0.227162 0.0210779 -0.17513 0.830746 -0.528385 1 
0.105647 0.226599 0.020992 -0.181826 0.827986 -0.530452 1 
0.105499 0.226347 0.020684 -0.0839171 0.903829 -0.419586 1 
0.105598 0.226623 0.0204115 -0.0839171 0.903829 -0.419586 1 
0.105425 0.226303 0.0201716 -0.00124389 0.944109 -0.32963 1 
0.106828 0.226697 0.0206365 -0.174367 0.79299 -0.58375 1 
0.107575 0.226142 0.0197566 0.0305311 0.90664 -0.420798 1 
0.107934 0.226751 0.0197687 0.0169938 0.911128 -0.411772 1 
0.108092 0.226465 0.0195365 0.0497318 0.904581 -0.423392 1 
0.107826 0.226428 0.0194026 0.057798 0.912671 -0.404586 1 
0.108047 0.226886 0.0195063 0.0358196 0.911411 -0.409936 1 
0.107782 0.226849 0.0193725 0.0493376 0.913412 -0.404035 1 
0.1061 0.226979 0.0206591 -0.0810903 0.902988 -0.421944 1 
0.106822 0.226355 0.0198473 0.0169938 0.911128 -0.411772 1 
0.106532 0.226194 0.0200205 0.0301761 0.91709 -0.397537 1 
0.105499 0.22651 0.0199673 0.0344051 0.944229 -0.327486 1 
0.10847 0.22573 0.0196625 0.0226615 0.894464 -0.446565 1 
0.108578 0.226269 0.019073 0.0837089 0.90433 -0.418544 1 
0.108838 0.22591 0.0186566 0.158815 0.87567 -0.456048 1 
0.107855 0.226201 0.0191838 0.0607898 0.909145 -0.41202 1 
0.1081 0.225183 0.0185341 0.072635 0.9004 -0.428958 1 
0.109993 0.224393 0.0176839 0.285669 0.748484 -0.598468 1 
0.108901 0.225108 0.0183072 0.171658 0.870026 -0.462156 1 
0.108384 0.224893 0.0180496 0.158795 0.872645 -0.461817 1 
0.10865 0.225092 0.0174667 0.166497 0.861956 -0.478864 1 
0.10923 0.224559 0.0171361 0.33887 0.744217 -0.575593 1 
0.106761 0.225749 0.0174496 -0.0397243 0.869825 -0.491759 1 
0.10803 0.224789 0.01811 0.062418 0.869691 -0.489635 1 
0.108025 0.225138 0.0180218 0.0962791 0.894419 -0.436744 1 
0.107813 0.224889 0.0178399 -0.0175842 0.861627 -0.507237 1 
0.107695 0.225265 0.0172974 -0.0121807 0.856712 -0.515651 1 
0.107916 0.22487 0.0174168 0.0122029 0.852849 -0.522014 1 
0.107881 0.2247 0.0170853 0.0122029 0.852849 -0.522014 1 
0.107999 0.224486 0.0169111 0.175458 0.746076 -0.642327 1 
0.107655 0.224591 0.0168934 0.0727791 0.814841 -0.575098 1 
0.1079 0.224372 0.0164669 0.0403537 0.83073 -0.555211 1 
0.107428 0.224536 0.0164626 -0.0227399 0.886856 -0.461486 1 
0.109118 0.225916 0.0183227 0.171658 0.870026 -0.462156 1 
0.108853 0.225878 0.0181888 0.171658 0.870026 -0.462156 1 
0.109127 0.225433 0.0175435 0.213598 0.843789 -0.492337 1 
0.108792 0.224947 0.0172244 0.263455 0.809072 -0.525351 1 
0.109589 0.225222 0.0169093 0.121208 0.909754 -0.39706 1 
0.108546 0.22522 0.0174121 0.166497 0.861956 -0.478864 1 
0.107227 0.225188 0.0169036 -0.0121807 0.856712 -0.515651 1 
0.105341 0.226049 0.0197374 -0.00128384 0.917945 -0.396706 1 
0.105164 0.222907 0.0169325 0.276575 0.0463043 -0.959876 1 
0.106602 0.224488 0.0169966 -0.00134166 0.854638 -0.519223 1 
0.106897 0.225153 0.0168959 -0.0121807 0.856712 -0.515651 1 
0.10641 0.224657 0.0166584 -0.0205509 0.837106 -0.546654 1 
0.105494 0.224759 0.016431 -0.0122861 0.831357 -0.555603 1 
0.106421 0.225613 0.0170423 -0.0598394 0.864193 -0.49959 1 
0.106243 0.225642 0.0167142 -0.0572848 0.848094 -0.52674 1 
0.106494 0.22582 0.016838 -0.0598394 0.864193 -0.49959 1 
0.107158 0.224794 0.0164794 -0.0501069 0.897861 -0.437419 1 
0.106892 0.224757 0.0163456 -0.0474067 0.89531 -0.442914 1 
0.106843 0.225527 0.0162272 0.0952777 0.751961 -0.652286 1 
0.107108 0.22471 0.0163768 -0.0778506 0.908257 -0.411106 1 
0.106921 0.22453 0.0161268 -0.0463715 0.918156 -0.393496 1 
0.106862 0.224291 0.0158634 -0.0205509 0.837106 -0.546654 1 
0.106586 0.224845 0.0160309 -0.143372 0.93806 -0.315418 1 
0.105803 0.222667 0.0166264 0.0803685 0.506181 -0.858674 1 
0.110428 0.218638 0.00834194 0.331639 0.896763 -0.292972 1 
0.111344 0.218536 0.00856929 0.321075 0.901082 -0.291483 1 
0.1109 0.218636 0.00762954 0.368868 0.859663 -0.353434 1 
0.110885 0.21883 0.00738058 0.35583 0.864159 -0.35583 1 
0.111475 0.218452 0.00721072 0.449144 0.796868 -0.404068 1 
0.111313 0.218233 0.00737042 0.467974 0.774521 -0.425579 1 
0.110929 0.21841 0.00741074 0.387153 0.850492 -0.356056 1 
0.109453 0.218555 0.00761228 0.349686 0.886973 -0.301661 1 
0.110036 0.217251 0.00547443 -0.104807 0.674606 -0.7307 1 
0.111823 0.217468 0.00589899 0.511927 0.666345 -0.542139 1 
0.110854 0.218527 0.00618173 0.547228 0.6878 -0.476941 1 
0.110235 0.219132 0.00657042 0.37466 0.853478 -0.362223 1 
0.110052 0.218602 0.00640867 0.537448 0.710496 -0.454252 1 
0.111194 0.218772 0.00611125 0.547228 0.6878 -0.476941 1 
0.110943 0.218594 0.00598747 0.523166 0.690312 -0.499766 1 
0.111384 0.21711 0.00552523 0.213164 0.695507 -0.686171 1 
0.111458 0.217317 0.00532091 0.300874 0.69024 -0.658061 1 
0.110573 0.217884 0.00557575 0.401332 0.695311 -0.596217 1 
0.111184 0.218671 0.00571162 0.490296 0.68106 -0.543844 1 
0.109378 0.218781 0.00590549 0.384957 0.742066 -0.548768 1 
0.111738 0.217323 0.00498702 0.391286 0.599311 -0.698371 1 
0.110704 0.216784 0.00494956 -0.135337 0.590427 -0.795663 1 
0.117196 0.218601 0.0148583 0.286659 0.895622 -0.340129 1 
0.117919 0.218669 0.0147475 0.286659 0.895622 -0.340129 1 
0.117318 0.2182 0.0140556 0.286659 0.895622 -0.340129 1 
0.11747 0.21821 0.0139741 0.286659 0.895622 -0.340129 1 
0.11688 0.218588 0.014144 0.286659 0.895622 -0.340129 1 
0.11957 0.217003 0.0139499 0.333109 0.891777 -0.306222 1 
0.118734 0.217708 0.0140685 0.286659 0.895622 -0.340129 1 
0.119108 0.217322 0.0141064 0.333109 0.891777 -0.306222 1 
0.11926 0.217386 0.0137859 0.333109 0.891777 -0.306222 1 
0.119378 0.217172 0.0136117 0.333109 0.891777 -0.306222 1 
0.119811 0.217134 0.0134351 0.333109 0.891777 -0.306222 1 
0.118316 0.217769 0.0135384 0.286659 0.895622 -0.340129 1 
0.116987 0.217419 0.0135859 0.286659 0.895622 -0.340129 1 
0.117627 0.217979 0.013503 0.286659 0.895622 -0.340129 1 
0.117696 0.217627 0.013465 0.286659 0.895622 -0.340129 1 
0.117356 0.218237 0.0135198 0.286659 0.895622 -0.340129 1 
0.117657 0.218607 0.0132685 0.286659 0.895622 -0.340129 1 
0.119427 0.217473 0.0127588 0.333109 0.891777 -0.306222 1 
0.118389 0.217976 0.0133341 0.286659 0.895622 -0.340129 1 
0.118803 0.217519 0.0133139 0.286659 0.895622 -0.340129 1 
0.118586 0.217619 0.0130438 0.286659 0.895622 -0.340129 1 
0.118994 0.217511 0.0129354 0.322625 0.889846 -0.322625 1 
0.116682 0.218307 0.0134944 0.286659 0.895622 -0.340129 1 
0.115438 0.218266 0.0137372 0.126384 -0.248859 -0.960258 1 
0.116795 0.217535 0.0134866 0.286659 0.895622 -0.340129 1 
0.116756 0.218514 0.0132901 0.286659 0.895622 -0.340129 1 
0.115742 0.218394 0.0130963 0.260313 0.20522 -0.943463 1 
0.112631 0.219565 0.0111038 0.145472 0.847852 -0.509887 1 
0.111785 0.219152 0.0115551 0.205409 0.820113 -0.534062 1 
0.111548 0.218889 0.0112025 0.176801 0.854291 -0.488803 1 
0.112079 0.219126 0.0107535 0.221441 0.860155 -0.459453 1 
0.112433 0.218484 0.010231 0.286321 0.874111 -0.392365 1 
0.111685 0.219201 0.0103942 0.286321 0.874111 -0.392365 1 
0.11168 0.218643 0.0105606 0.286321 0.874111 -0.392365 1 
0.111872 0.218635 0.0101821 0.259727 0.881271 -0.394846 1 
0.111488 0.218812 0.0102224 0.259727 0.881271 -0.394846 1 
0.111911 0.218618 0.00988514 0.259727 0.881271 -0.394846 1 
0.113617 0.220658 0.0119784 0.431874 0.827363 -0.359104 1 
0.112705 0.219772 0.0108994 0.145472 0.847852 -0.509887 1 
0.112655 0.219796 0.010319 0.264764 0.86994 -0.416058 1 
0.112325 0.219761 0.0103113 0.286321 0.874111 -0.392365 1 
0.112408 0.218523 0.00982133 0.286321 0.874111 -0.392365 1 
0.112821 0.218974 0.00954651 0.286321 0.874111 -0.392365 1 
0.111828 0.219056 0.0101519 0.259727 0.881271 -0.394846 1 
0.112246 0.219158 0.00996534 0.286321 0.874111 -0.392365 1 
0.111719 0.218788 0.00954697 0.244051 0.938551 -0.244051 1 
0.112694 0.219779 0.010022 0.286321 0.874111 -0.392365 1 
0.112079 0.220143 0.0100211 0.286321 0.874111 -0.392365 1 
0.113456 0.218067 0.00988457 0.26403 0.873564 -0.40887 1 
0.112944 0.218303 0.00993832 0.286321 0.874111 -0.392365 1 
0.113485 0.217841 0.00966576 0.280906 0.896224 -0.343329 1 
0.113362 0.21835 0.0099906 0.26403 0.873564 -0.40887 1 
0.113731 0.218368 0.00970133 0.267162 0.873938 -0.406026 1 
0.113436 0.218557 0.00978628 0.286321 0.874111 -0.392365 1 
0.113923 0.218361 0.00932284 0.273419 0.874639 -0.40031 1 
0.113991 0.218117 0.00880709 0.328911 0.880632 -0.341036 1 
0.112841 0.218485 0.00964475 0.286321 0.874111 -0.392365 1 
0.113071 0.218406 0.00920821 0.292478 0.89822 -0.32811 1 
0.113057 0.218547 0.00919817 0.286321 0.874111 -0.392365 1 
0.113381 0.218023 0.0093722 0.292478 0.89822 -0.32811 1 
0.113651 0.217873 0.00887759 0.290152 0.894263 -0.340742 1 
0.11256 0.218642 0.00926199 0.269322 0.902155 -0.33702 1 
0.112525 0.218526 0.00869158 0.134176 0.969904 -0.203181 1 
0.112308 0.218572 0.0086604 0.134176 0.969904 -0.203181 1 
0.112997 0.218362 0.00869588 0.338857 0.90895 -0.242871 1 
0.112618 0.218351 0.00810775 0.333109 0.891777 -0.306222 1 
0.111659 0.218549 0.00928358 0.209041 0.946832 -0.244564 1 
0.111409 0.219171 0.00938299 0.19962 0.95523 -0.218376 1 
0.117193 0.198671 0.0291785 0.337814 0.293169 -0.89439 0 
0.117237 0.199105 0.0291929 0.282092 0.201494 -0.93799 0 
0.118005 0.199606 0.0290966 0.277895 0.182069 -0.9432 0 
0.117105 0.199513 0.0291182 0.84484 0.245966 -0.475127 0 
0.117311 0.199312 0.0289886 0.289119 0.20811 -0.934399 0 
0.117178 0.19972 0.0289138 0.879291 0.244164 -0.408938 0 
0.118241 0.199016 0.0294649 0.241853 0.211792 -0.946917 0 
0.118477 0.198588 0.0291165 0.394253 -0.710974 -0.582306 0 
0.117075 0.199902 0.0286203 0.909319 0.23715 -0.341904 0 
0.105831 0.226832 0.0120448 -0.0788197 -0.139993 -0.98701 0 
0.106328 0.229517 0.0109784 -0.692409 0.213168 -0.689297 0 
0.106047 0.228765 0.0108501 -0.419867 -0.429519 -0.799516 0 
0.106096 0.228903 0.0107139 -0.442877 -0.429899 -0.786796 0 
0.106254 0.228618 0.0104817 -0.430591 -0.529577 -0.730849 0 
0.106642 0.229108 0.00979722 -0.598159 -0.405953 -0.690948 0 
0.107316 0.229947 0.00956804 -0.893646 -0.361324 -0.266161 0 
0.107745 0.230149 0.00978105 -0.922474 -0.367065 -0.119605 0 
0.107685 0.22991 0.00951766 -0.917197 -0.378812 -0.123496 0 
0.107843 0.230425 0.00950862 -0.948031 -0.316852 -0.0290342 0 
0.107961 0.230211 0.00933443 -0.943398 -0.33126 -0.0163741 0 
0.105742 0.229707 0.0105198 0.0765325 -0.925104 -0.371921 0 
0.105959 0.229769 0.0100731 0.120706 -0.934457 -0.334994 0 
0.106302 0.228864 0.00986771 -0.542139 -0.511927 -0.666345 0 
0.105948 0.229668 0.00967355 -0.577089 -0.492965 -0.651118 0 
0.115963 0.202394 0.0272185 0.867797 0.485909 -0.104022 0 
0.116081 0.20218 0.0270443 0.902028 0.40924 -0.137358 0 
0.116228 0.202539 0.0268745 0.794415 0.606005 -0.0407753 0 
0.115859 0.202576 0.0269249 0.794415 0.606005 -0.0407753 0 
0.115667 0.202745 0.0265868 0.636575 0.76708 0.0797531 0 
0.115495 0.203225 0.0265701 0.860717 0.501731 -0.086213 0 
0.115943 0.203046 0.0264036 0.863958 0.493894 -0.0982094 0 
0.115279 0.203325 0.0263 0.883629 0.461929 -0.0762945 0 
0.116607 0.203837 0.0255359 0.0931603 -0.432431 -0.896842 0 
0.115505 0.203543 0.0260141 0.969644 0.188792 -0.1554 0 
0.115751 0.203216 0.0260654 0.883629 0.461929 -0.0762945 0 
0.114944 0.20364 0.0262041 0.437684 -0.453955 -0.776117 0 
0.115018 0.203847 0.0259998 0.220184 -0.403425 -0.888126 0 
0.115559 0.203385 0.0257272 0.579321 -0.31293 -0.752636 0 
0.115366 0.203555 0.025389 0.220184 -0.403425 -0.888126 0 
0.114958 0.203662 0.0254975 0.220184 -0.403425 -0.888126 0 
0.115996 0.204014 0.0249065 -0.243016 -0.433203 -0.867916 0 
0.115248 0.203931 0.0248465 -0.0614244 -0.43816 -0.896796 0 
0.115683 0.206293 0.0253396 0.256321 0.368924 0.893418 0 
0.11486 0.20622 0.0245284 0.393178 0.371248 0.841181 0 
0.11612 0.206067 0.0245346 0.191972 0.379613 0.905009 0 
0.114807 0.208248 0.0240672 -0.940727 -0.27766 0.194776 0 
0.115324 0.208517 0.024086 -0.943764 -0.259638 0.204688 0 
0.115083 0.208549 0.023884 -0.109696 -0.577731 -0.808823 0 
0.115142 0.208842 0.0239085 -0.932941 -0.284793 0.220258 0 
0.114684 0.208974 0.0234365 -0.0851213 -0.592964 -0.800717 0 
0.114757 0.209181 0.0232322 -0.934773 -0.318016 0.158319 0 
0.114777 0.209654 0.022837 -0.100329 -0.585982 -0.804089 0 
0.114462 0.209478 0.0228393 -0.100329 -0.585982 -0.804089 0 
0.114162 0.209163 0.0228518 -0.100265 -0.582699 -0.806479 0 
0.114314 0.209227 0.0225313 -0.100329 -0.585982 -0.804089 0 
0.11583 0.206706 0.0249309 0.528929 0.342437 0.776512 0 
0.115688 0.20696 0.0246954 -0.8029 0.186686 0.566128 0 
0.11582 0.206606 0.0245313 0.550651 0.343955 0.760577 0 
0.115761 0.207167 0.0244911 -0.768164 0.221914 0.600565 0 
0.115766 0.206871 0.0243404 -0.814067 0.18275 0.55127 0 
0.115495 0.207129 0.0243573 -0.778784 0.211274 0.590642 0 
0.115604 0.207506 0.0244844 -0.787188 0.228238 0.572924 0 
0.115447 0.2079 0.0242389 -0.639342 0.264938 0.721838 0 
0.115289 0.208239 0.0242322 -0.94274 -0.312459 0.116669 0 
0.114974 0.208064 0.0242346 -0.960257 -0.259773 0.1021 0 
0.114728 0.206628 0.0244536 -0.814967 0.185976 0.548855 0 
0.114663 0.206739 0.024102 0.577821 0.349948 0.737332 0 
0.114895 0.206552 0.0241432 0.48308 0.361106 0.797644 0 
0.114737 0.206946 0.0238977 -0.790573 0.211128 0.574822 0 
0.115008 0.206688 0.0238808 0.577821 0.349948 0.737332 0 
0.115081 0.206895 0.0236765 0.577821 0.349948 0.737332 0 
0.114698 0.207925 0.0237012 -0.944183 -0.329014 -0.0163877 0 
0.114993 0.207736 0.0236162 -0.576883 0.273427 0.769704 0 
0.115037 0.207315 0.0236464 -0.682518 0.244319 0.688823 0 
0.115111 0.207522 0.023442 -0.630765 0.257681 0.73194 0 
0.115229 0.207308 0.0232679 -0.703699 0.209712 0.678844 0 
0.115703 0.20869 0.0239574 -0.128714 -0.58143 -0.80335 0 
0.116233 0.208182 0.0230464 -0.948663 -0.280439 0.146258 0 
0.11524 0.208264 0.0236518 -0.943764 -0.259638 0.204688 0 
0.115678 0.20873 0.0235477 -0.154227 -0.582469 -0.798088 0 
0.115249 0.208473 0.0235737 -0.933947 -0.300147 0.194049 0 
0.115289 0.208402 0.0235156 -0.933947 -0.300147 0.194049 0 
0.11489 0.207918 0.0233226 -0.938965 -0.329907 0.0975027 0 
0.114708 0.208189 0.0233841 -0.933947 -0.300147 0.194049 0 
0.114771 0.208295 0.0227801 -0.934776 -0.278891 0.22003 0 
0.115185 0.207729 0.0232377 -0.606978 0.256981 0.752023 0 
0.114776 0.207945 0.0228684 -0.93321 -0.312924 0.176628 0 
0.114338 0.208333 0.0229567 -0.0851213 -0.592964 -0.800717 0 
0.114787 0.208955 0.0230134 -0.0944055 -0.588219 -0.803173 0 
0.114397 0.208735 0.0225034 -0.934773 -0.318016 0.158319 0 
0.114279 0.208949 0.0226776 -0.934773 -0.318016 0.158319 0 
0.114324 0.208528 0.0227078 -0.0944055 -0.588219 -0.803173 0 
0.114353 0.209156 0.0224733 -0.100329 -0.585982 -0.804089 0 
0.115258 0.20719 0.0225713 -0.65609 0.230179 0.718724 0 
0.113852 0.2104 0.0226721 -0.919621 -0.277757 0.277757 0 
0.11366 0.209716 0.0223496 -0.923789 -0.264963 0.276421 0 
0.114171 0.209534 0.0220569 -0.928199 -0.271495 0.254437 0 
0.114 0.210814 0.0222634 -0.91747 -0.360485 0.168226 0 
0.113788 0.210565 0.0220816 -0.91747 -0.360485 0.168226 0 
0.113645 0.210764 0.022085 -0.879361 -0.476155 0.00132634 0 
0.11401 0.211023 0.0221853 -0.902556 -0.427669 0.0499172 0 
0.114005 0.211373 0.0220971 -0.871684 -0.48939 -0.0257574 0 
0.113719 0.210971 0.0218806 -0.857094 -0.51259 -0.0513979 0 
0.114584 0.209986 0.0217821 -0.919621 -0.277757 0.277757 0 
0.11427 0.210719 0.0215299 -0.900744 -0.415837 0.125456 0 
0.114324 0.211415 0.0212273 -0.913953 -0.405769 -0.00648193 0 
0.114427 0.209363 0.0222689 -0.106443 -0.581792 -0.806343 0 
0.113979 0.209704 0.0217188 -0.919621 -0.277757 0.277757 0 
0.113354 0.209912 0.0215572 -0.915074 -0.375307 0.147593 0 
0.113542 0.210946 0.0217914 -0.857094 -0.51259 -0.0513979 0 
0.113261 0.211103 0.0214086 -0.906778 -0.421606 0.00129725 0 
0.113359 0.210471 0.0213908 -0.877037 -0.479735 -0.025676 0 
0.113108 0.210239 0.0215059 -0.88413 -0.46681 -0.0200635 0 
0.113162 0.210081 0.021219 -0.881789 -0.471093 -0.0228164 0 
0.113167 0.21064 0.0210526 -0.864499 -0.496208 -0.0801243 0 
0.113222 0.212083 0.0212121 -0.917911 -0.39301 0.0546217 0 
0.113753 0.211249 0.0217344 -0.871244 -0.482774 -0.0886727 0 
0.113547 0.211505 0.021625 -0.925655 -0.373184 0.0624186 0 
0.113625 0.211362 0.0215089 -0.924025 -0.379863 0.0433753 0 
0.113615 0.211153 0.0215871 -0.913953 -0.405769 -0.00648193 0 
0.113379 0.211744 0.0212188 -0.926615 -0.369313 0.0706627 0 
0.113241 0.210847 0.0208483 -0.898794 -0.438211 -0.0118436 0 
0.116857 0.203269 0.0251976 0.901092 0.427984 0.0697355 0 
0.116021 0.203066 0.0255708 0.901809 0.430135 -0.0415395 0 
0.116699 0.202754 0.0252066 0.81846 0.57443 0.0123386 0 
0.115563 0.203198 0.0250987 0.566518 -0.312949 -0.762312 0 
0.11635 0.203209 0.0251007 0.579321 -0.31293 -0.752636 0 
0.116261 0.203197 0.0250561 0.579321 -0.31293 -0.752636 0 
0.11667 0.203943 0.0249319 -0.15782 -0.438711 -0.884661 0 
0.115611 0.203498 0.0242459 0.273419 -0.40031 -0.874639 0 
0.11568 0.203146 0.0242079 -0.659393 -0.56879 -0.491609 0 
0.112027 0.216029 0.0193447 -0.0748464 -0.406892 -0.910405 0 
0.111416 0.216097 0.0191932 0.0974199 -0.391052 -0.915198 0 
0.111446 0.215817 0.0192133 -0.0467399 -0.407305 -0.912096 0 
0.111396 0.215733 0.0191106 -0.0195764 -0.403274 -0.91487 0 
0.111328 0.218064 0.0179227 -0.718858 -0.503034 -0.479792 0 
0.11154 0.218313 0.0181046 -0.720931 -0.522054 -0.455761 0 
0.111475 0.218478 0.0175141 -0.725943 -0.540737 -0.424983 0 
0.111775 0.217885 0.0177562 -0.65196 -0.513818 -0.557619 0 
0.111633 0.218138 0.0175207 -0.704371 -0.527862 -0.474576 0 
0.111803 0.216967 0.0168365 0.432948 -0.294281 -0.85203 0 
0.111937 0.218267 0.0168798 -0.725943 -0.540737 -0.424983 0 
0.111932 0.217708 0.0170462 -0.756275 -0.464265 -0.460984 0 
0.11139 0.216516 0.0171113 0.334093 -0.334093 -0.881342 0 
0.1106 0.218346 0.0179453 -0.679828 -0.579607 -0.449321 0 
0.11116 0.218302 0.0175164 -0.672256 -0.568316 -0.474435 0 
0.110865 0.218491 0.0176014 -0.609683 -0.59955 -0.518484 0 
0.110595 0.218804 0.0173794 -0.543612 -0.647958 -0.533514 0 
0.110712 0.21859 0.0172052 -0.521642 -0.629684 -0.575663 0 
0.111357 0.218854 0.0169716 -0.404891 -0.59329 -0.695752 0 
0.110668 0.21901 0.017175 -0.376318 -0.616241 -0.691833 0 
0.110786 0.218797 0.0170009 -0.493552 -0.62831 -0.601359 0 
0.11026 0.219118 0.0172835 -0.333364 -0.619569 -0.710635 0 
0.110569 0.218897 0.0167308 -0.220401 -0.562563 -0.796835 0 
0.111475 0.217678 0.0172909 0.609982 -0.281898 -0.740578 0 
0.111346 0.216936 0.0170811 0.476752 -0.277976 -0.833928 0 
0.111464 0.216722 0.016907 0.390941 -0.31122 -0.866203 0 
0.111568 0.217395 0.0171848 0.530713 -0.270836 -0.803114 0 
0.111381 0.217215 0.0169348 0.384606 -0.32025 -0.865747 0 
0.111671 0.217375 0.0167617 0.487299 -0.293006 -0.82261 0 
0.111214 0.218199 0.0169907 -0.59897 -0.59897 -0.53148 0 
0.111455 0.21833 0.0164759 -0.58045 -0.597373 -0.553374 0 
0.111199 0.218394 0.0167417 -0.510374 -0.611438 -0.6047 0 
0.110904 0.218583 0.0168267 -0.524093 -0.628574 -0.574648 0 
0.111449 0.217771 0.0166423 0.598078 -0.257221 -0.759039 0 
0.111616 0.217695 0.0163319 -0.752654 -0.516527 -0.408303 0 
0.111523 0.217978 0.016438 -0.609683 -0.59955 -0.518484 0 
0.111867 0.217927 0.0162168 0.5345 -0.219007 -0.8163 0 
0.113054 0.213338 0.0200735 -0.708778 -0.63128 -0.314833 0 
0.112995 0.213953 0.0197944 -0.68526 -0.629387 -0.366458 0 
0.113044 0.214091 0.0196582 -0.920189 -0.389866 0.0354424 0 
0.113408 0.212534 0.0202676 -0.866458 -0.494119 -0.0713883 0 
0.112346 0.214093 0.0197009 -0.656297 -0.606198 -0.449221 0 
0.112528 0.213822 0.0196394 -0.68526 -0.629387 -0.366458 0 
0.112192 0.212374 0.0198138 -0.807378 -0.566819 -0.163881 0 
0.112428 0.2128 0.0194498 -0.513804 -0.684514 -0.517151 0 
0.112246 0.212271 0.019288 -0.837081 -0.52814 -0.142701 0 
0.112344 0.212546 0.0190156 -0.881881 -0.465244 -0.0763834 0 
0.112823 0.214487 0.0195388 -0.880976 -0.412911 -0.231051 0 
0.112769 0.214753 0.0193479 -0.872894 -0.390146 -0.292989 0 
0.113788 0.215486 0.0191365 -0.857738 -0.347731 -0.378641 0 
0.11242 0.2143 0.0194966 -0.181874 -0.628153 -0.756535 0 
0.112326 0.214691 0.0191248 -0.889045 -0.35232 -0.292351 0 
0.112572 0.215218 0.0191604 0.0251685 -0.425216 -0.904742 0 
0.112321 0.21504 0.0190366 -0.915931 -0.273477 -0.293735 0 
0.112055 0.215003 0.0189027 -0.915931 -0.273477 -0.293735 0 
0.112202 0.214725 0.0177931 -0.847062 -0.341633 -0.407152 0 
0.111916 0.215177 0.017561 -0.849704 -0.321551 -0.417862 0 
0.111877 0.216157 0.0173645 -0.815735 -0.367319 -0.446826 0 
0.112556 0.216646 0.0172235 -0.806677 -0.368995 -0.461643 0 
0.112428 0.216759 0.0169981 -0.816429 -0.380364 -0.434474 0 
0.111621 0.215366 0.017646 -0.843122 -0.328833 -0.425457 0 
0.111685 0.216326 0.0170263 -0.840374 -0.348982 -0.414709 0 
0.111279 0.219851 0.017072 -0.251493 -0.560782 -0.788844 0 
0.110363 0.221986 0.0153799 -0.947069 -0.318246 0.0421772 0 
0.10998 0.222163 0.0154202 -0.924501 -0.376451 -0.0598597 0 
0.111037 0.219028 0.0168857 -0.266392 -0.565886 -0.780261 0 
0.111249 0.219386 0.0165898 -0.252289 -0.565692 -0.785075 0 
0.110476 0.21918 0.0168368 -0.197226 -0.567215 -0.799605 0 
0.110643 0.219104 0.0165264 -0.197226 -0.567215 -0.799605 0 
0.110402 0.219135 0.0163245 -0.194081 -0.573074 -0.79619 0 
0.110795 0.219168 0.016206 -0.194081 -0.573074 -0.79619 0 
0.110791 0.219518 0.0161178 -0.184257 -0.580182 -0.793372 0 
0.110525 0.21948 0.015984 -0.148113 -0.584971 -0.797416 0 
0.111042 0.219696 0.0162416 -0.184257 -0.580182 -0.793372 0 
0.110992 0.219612 0.0161389 -0.184257 -0.580182 -0.793372 0 
0.110431 0.219763 0.01609 -0.132101 -0.601134 -0.788154 0 
0.110392 0.219889 0.0159092 -0.126002 -0.615186 -0.778248 0 
0.111331 0.218148 0.0160998 -0.514965 -0.60614 -0.60614 0 
0.11172 0.21853 0.0158931 -0.342741 -0.579898 -0.739085 0 
0.110593 0.219128 0.015946 -0.197152 -0.576173 -0.793193 0 
0.1099 0.219688 0.0158223 -0.119823 -0.61095 -0.782549 0 
0.109949 0.219826 0.0156861 -0.104152 -0.629314 -0.77014 0 
0.10928 0.220455 0.0154944 -0.0013782 -0.640861 -0.767655 0 
0.110185 0.219398 0.0153378 -0.135736 -0.622001 -0.771162 0 
0.109992 0.219568 0.0149996 -0.123169 -0.636623 -0.761276 0 
0.110499 0.218828 0.0148733 -0.161217 -0.598161 -0.784992 0 
0.111691 0.220627 0.0153638 -0.107494 -0.628766 -0.770128 0 
0.110348 0.221326 0.0151467 -0.00969701 -0.65247 -0.757752 0 
0.11057 0.221785 0.0152504 0.0294785 -0.64993 -0.759422 0 
0.110909 0.222029 0.0151799 -0.933388 -0.358205 -0.0218261 0 
0.109615 0.221049 0.0153356 0.0153097 -0.641614 -0.766875 0 
0.109477 0.221007 0.0149495 0.0097273 -0.665625 -0.746223 0 
0.109063 0.220556 0.0152243 0.0209569 -0.64128 -0.767021 0 
0.108665 0.220927 0.0150157 0.158605 -0.626866 -0.762813 0 
0.108778 0.221008 0.0149922 0.120245 -0.636853 -0.761551 0 
0.108748 0.221289 0.0149721 -0.265347 -0.668929 -0.694352 0 
0.108738 0.221134 0.0148113 0.0528036 -0.643633 -0.763511 0 
0.109259 0.220199 0.014934 -0.00690774 -0.645183 -0.763997 0 
0.108915 0.220304 0.0149163 0.0410167 -0.649195 -0.759515 0 
0.110156 0.221496 0.0148085 -0.038144 -0.656924 -0.752991 0 
0.110151 0.220937 0.0149749 -0.00691599 -0.657019 -0.753843 0 
0.109472 0.221357 0.0148613 0.0829299 -0.650345 -0.755099 0 
0.109496 0.221426 0.0147931 0.0736015 -0.645096 -0.760549 0 
0.108901 0.221353 0.0146516 0.0381397 -0.637075 -0.769858 0 
0.110066 0.219775 0.0147953 -0.123645 -0.653979 -0.74634 0 
0.109054 0.222218 0.0145544 -0.837228 -0.422541 -0.347143 0 
0.109368 0.222501 0.0140742 -0.638272 -0.564172 -0.523754 0 
0.109694 0.225503 0.0137077 -0.734369 -0.665569 -0.133114 0 
0.109674 0.225192 0.0133863 -0.916862 -0.261342 0.30177 0 
0.109487 0.225012 0.0131363 -0.913119 -0.403596 0.0576566 0 
0.111317 0.221921 0.0150714 0.0556887 -0.632566 -0.772502 0 
0.111514 0.221565 0.0147811 0.0736015 -0.645096 -0.760549 0 
0.111464 0.221481 0.0146784 -0.202899 -0.701629 -0.683043 0 
0.109796 0.221904 0.014064 0.0761681 -0.602159 -0.794735 0 
0.109456 0.221659 0.0141345 0.0380778 -0.624758 -0.77989 0 
0.109033 0.221961 0.013994 0.103695 -0.600265 -0.793051 0 
0.109452 0.222009 0.0140463 0.0881736 -0.582524 -0.808017 0 
0.109983 0.2223 0.0133585 0.274255 -0.581802 -0.765696 0 
0.110208 0.221663 0.0130883 -0.446799 -0.62418 -0.640914 0 
0.110135 0.222311 0.0132769 0.277184 -0.581294 -0.765027 0 
0.109997 0.222268 0.0128907 0.346066 -0.573527 -0.742499 0 
0.109874 0.222832 0.0129767 -0.901791 -0.379014 -0.207659 0 
0.109805 0.222438 0.0125526 -0.885364 -0.409425 -0.220232 0 
0.109874 0.222994 0.01226 -0.854872 -0.476264 -0.20583 0 
0.108679 0.220895 0.0145479 0.0646496 -0.63644 -0.768612 0 
0.108507 0.22132 0.0147701 -0.463782 -0.644607 -0.607773 0 
0.108315 0.22149 0.0144319 -0.56022 -0.597455 -0.57376 0 
0.108463 0.223775 0.0132752 -0.753482 -0.566321 -0.333984 0 
0.108483 0.224139 0.0133578 -0.816969 -0.500217 -0.286958 0 
0.108807 0.223669 0.013293 -0.588315 -0.662063 -0.464282 0 
0.108999 0.223662 0.0129144 -0.22348 -0.682943 -0.695446 0 
0.108487 0.223098 0.012745 -0.311705 -0.667015 -0.676706 0 
0.108901 0.224241 0.0131712 -0.682874 -0.610122 -0.401788 0 
0.109072 0.223869 0.0127101 -0.669089 -0.592336 -0.44884 0 
0.109122 0.224007 0.0125739 -0.873469 -0.457949 -0.16533 0 
0.109195 0.224214 0.0123696 -0.907239 -0.414855 -0.0693691 0 
0.108249 0.222142 0.0116914 -0.81529 -0.452939 -0.360762 0 
0.109461 0.223452 0.0122802 -0.660152 -0.606672 -0.442887 0 
0.109544 0.223013 0.0120134 -0.969816 -0.242756 -0.0229471 0 
0.10947 0.223661 0.0122021 -0.876651 -0.456438 -0.152146 0 
0.109377 0.223998 0.0120692 -0.922537 -0.384934 0.0274021 0 
0.109866 0.225185 0.0130078 -0.893617 -0.448783 0.00658039 0 
0.108601 0.225904 0.0119578 -0.624389 -0.66745 -0.40577 0 
0.108542 0.225557 0.0121722 -0.660481 -0.647304 -0.380477 0 
0.109166 0.224603 0.0118717 -0.919544 -0.388371 0.0600573 0 
0.108782 0.22478 0.011912 -0.845076 -0.517005 -0.136208 0 
0.10921 0.224182 0.0119019 -0.922537 -0.384934 0.0274021 0 
0.108285 0.224929 0.011737 -0.625387 -0.65207 -0.428598 0 
0.108689 0.225117 0.0117792 -0.741327 -0.593383 -0.313577 0 
0.107744 0.225445 0.0117706 -0.470026 -0.67075 -0.573733 0 
0.108574 0.224289 0.0113406 -0.846594 -0.518412 -0.120527 0 
0.10856 0.224484 0.0110917 -0.810732 -0.539975 -0.226143 0 
0.108694 0.225621 0.0118518 -0.633675 -0.646981 -0.424113 0 
0.108456 0.224666 0.0107981 -0.647892 -0.634567 -0.421379 0 
0.108412 0.225087 0.010768 -0.623245 -0.639954 -0.449472 0 
0.108515 0.225067 0.0103449 -0.578216 -0.638903 -0.507414 0 
0.107144 0.225668 0.0117798 -0.4788 -0.695678 -0.535522 0 
0.107473 0.225703 0.0117875 -0.543844 -0.68106 -0.490296 0 
0.107395 0.2259 0.0116647 -0.54868 -0.676202 -0.491631 0 
0.107011 0.226076 0.011705 -0.434596 -0.725428 -0.533743 0 
0.107247 0.225648 0.0113567 -0.426318 -0.695048 -0.57893 0 
0.107557 0.226119 0.011505 -0.442887 -0.660152 -0.606672 0 
0.108441 0.22486 0.0105492 -0.656335 -0.633073 -0.410417 0 
0.108397 0.225281 0.010519 -0.631236 -0.644561 -0.431373 0 
0.108559 0.2255 0.0103593 -0.631464 -0.664612 -0.39943 0 
0.108742 0.226084 0.0102822 -0.602207 -0.685156 -0.409766 0 
0.108574 0.226323 0.00987589 -0.467409 -0.64164 -0.608134 0 
0.108456 0.226537 0.0100501 -0.538431 -0.589068 -0.60257 0 
0.108446 0.225581 0.00966612 -0.508078 -0.672407 -0.538261 0 
0.109135 0.224138 0.0113895 -0.919544 -0.388371 0.0600573 0 
0.108943 0.224307 0.0110513 -0.923186 -0.372799 0.0935386 0 
0.108702 0.224339 0.0108494 -0.810732 -0.539975 -0.226143 0 
0.105854 0.226209 0.0112757 -0.45718 -0.776067 -0.434403 0 
0.105594 0.226731 0.0109755 -0.342217 -0.47592 -0.810178 0 
0.108791 0.227239 0.00941358 -0.796987 -0.489097 -0.354395 0 
0.108939 0.227544 0.0094827 -0.826735 -0.465921 -0.31532 0 
0.107237 0.228327 0.00995443 -0.467016 -0.590884 -0.657839 0 
0.108072 0.226876 0.00937372 -0.756872 -0.521474 -0.393966 0 
0.108329 0.227558 0.00957003 -0.814414 -0.485485 -0.317859 0 
0.108136 0.227728 0.00923185 -0.868637 -0.444036 -0.219776 0 
0.106896 0.228407 0.00859158 -0.65083 -0.556653 -0.516292 0 
0.106827 0.228013 0.00816743 -0.455586 -0.730594 -0.5086 0 
