-0.05202952 0.19351100 0.06488848 0.64873673 -0.58193200 0.49040455 2.00000000
-0.05289963 0.19452300 0.06686581 0.57214784 -0.58681800 0.57296691 2.00000000
-0.05220101 0.19463900 0.06615281 0.58901016 -0.58086100 0.56184322 2.00000000
-0.05214347 0.19487300 0.06633142 0.57561178 -0.58293700 0.57345844 2.00000000
-0.05168451 0.19491500 0.06596053 0.60576650 -0.57597400 0.54890911 2.00000000
-0.05158437 0.19519700 0.06606258 0.59008186 -0.57878000 0.56286536 2.00000000
-0.05175687 0.19449500 0.06552656 0.61356582 -0.57516000 0.54104310 2.00000000
-0.05221365 0.19496300 0.06674003 0.57561178 -0.58293700 0.57345844 2.00000000
-0.06567007 0.21161400 0.08536050 0.28526362 -0.82006500 -0.49610312 1.00000000
-0.06565609 0.21177200 0.08598891 0.28526362 -0.82006500 -0.49610312 1.00000000
-0.06562846 0.21163400 0.08565695 0.28526362 -0.82006500 -0.49610312 1.00000000
-0.06550073 0.21177800 0.08542696 0.28526362 -0.82006500 -0.49610312 1.00000000
-0.06530897 0.21188400 0.08573030 0.27786492 -0.82758600 -0.48774128 1.00000000
-0.06539508 0.21175900 0.08625674 0.28526362 -0.82006500 -0.49610312 1.00000000
-0.06526736 0.21190400 0.08602675 0.27296360 -0.82144700 -0.50071527 1.00000000
-0.06513963 0.21204800 0.08579676 0.27296360 -0.82144700 -0.50071527 1.00000000
-0.06512043 0.21212600 0.08585633 0.27296360 -0.82144700 -0.50071527 1.00000000
-0.06577250 0.21149600 0.08470803 0.28397398 -0.82310300 -0.49179181 1.00000000
-0.06577674 0.21160400 0.08490386 0.28397398 -0.82310300 -0.49179181 1.00000000
-0.06562753 0.21166200 0.08528385 0.28526362 -0.82006500 -0.49610312 1.00000000
-0.06526634 0.21193200 0.08565361 0.27786492 -0.82758600 -0.48774128 1.00000000
-0.06482746 0.21186800 0.08559633 0.24726396 -0.81281800 -0.52743475 1.00000000
-0.06436334 0.21250500 0.08494885 0.25274582 -0.80929300 -0.53025049 1.00000000
-0.06394137 0.21219800 0.08538241 0.20115273 -0.78653100 -0.58387203 1.00000000
-0.06520976 0.21213800 0.08620545 0.27296360 -0.82144700 -0.50071527 1.00000000
-0.06497546 0.21229200 0.08643215 0.24726396 -0.81281800 -0.52743475 1.00000000
-0.06492867 0.21223200 0.08615967 0.24726396 -0.81281800 -0.52743475 1.00000000
-0.06455145 0.21204200 0.08611943 0.22738456 -0.79587900 -0.56113607 1.00000000
-0.06457489 0.21207200 0.08625569 0.22738456 -0.79587900 -0.56113607 1.00000000
-0.06420730 0.21206900 0.08698021 0.20375559 -0.79108900 -0.57676830 1.00000000
-0.06471012 0.21217100 0.08650411 0.23226603 -0.80436200 -0.54685923 1.00000000
-0.06435647 0.21201100 0.08660008 0.20375559 -0.79108900 -0.57676830 1.00000000
-0.06407533 0.21210500 0.08655439 0.20115273 -0.78653100 -0.58387203 1.00000000
-0.06422875 0.21215500 0.08637009 0.20115273 -0.78653100 -0.58387203 1.00000000
-0.06345576 0.21274800 0.08534491 0.15211908 -0.79482700 -0.58745973 1.00000000
-0.06314783 0.21267600 0.08534031 0.12258963 -0.80309600 -0.58310266 1.00000000
-0.06277922 0.21270200 0.08569168 0.15384007 -0.86237200 -0.48233576 1.00000000
-0.06315305 0.21275600 0.08590915 0.12131758 -0.80638500 -0.57881344 1.00000000
-0.06309559 0.21299000 0.08608781 0.16547417 -0.83735200 -0.52101806 1.00000000
-0.06276670 0.21123400 0.08777835 0.15291981 -0.81591200 -0.55758720 1.00000000
-0.06262918 0.21096900 0.08808034 0.15478563 -0.82741200 -0.53984286 1.00000000
-0.06232704 0.21187200 0.08764027 0.27183432 -0.53118400 -0.80246480 1.00000000
-0.06226949 0.21210600 0.08781888 0.31279622 -0.57521700 -0.75583282 1.00000000
-0.06219459 0.21101300 0.08821880 0.11090840 0.28342600 -0.95255912 1.00000000
-0.06257996 0.21256400 0.08597660 0.12035795 -0.15073800 -0.98121932 1.00000000
-0.06216219 0.21236500 0.08660586 0.23290343 -0.58073000 -0.78006969 1.00000000
-0.06286733 0.21252100 0.08696428 0.14048064 0.17416500 -0.97464462 1.00000000
-0.06272041 0.21274300 0.08679385 0.28334710 -0.48869900 -0.82515979 1.00000000
-0.06200445 0.21220700 0.08659428 -0.08102937 0.79232100 -0.60469992 1.00000000
-0.06184781 0.21202000 0.08695589 -0.07309467 0.78836500 -0.61085004 1.00000000
-0.06184879 0.21199200 0.08732890 -0.07111965 0.77842400 -0.62369746 1.00000000
-0.06240409 0.21245500 0.08639764 0.21574231 -0.53830300 -0.81466910 1.00000000
-0.06218689 0.21258800 0.08581857 0.13587356 -0.37449000 -0.91722218 1.00000000
-0.06136401 0.21184000 0.08737233 -0.06501310 0.76421800 -0.64167351 1.00000000
-0.06027207 0.21108500 0.08750566 -0.09072217 0.76959600 -0.63205321 1.00000000
-0.06128541 0.21220800 0.08686431 -0.07680363 0.77491900 -0.62737663 1.00000000
-0.06021916 0.21232200 0.08687570 -0.09838970 0.75587800 -0.64727683 1.00000000
-0.06320879 0.21325300 0.08527659 0.13028671 -0.79995500 -0.58574482 1.00000000
-0.06285500 0.21309200 0.08537261 0.03498666 0.29300600 -0.95547028 1.00000000
-0.06258459 0.21356700 0.08516803 0.09384567 -0.04333180 -0.99464335 1.00000000
-0.06229590 0.21341700 0.08510377 0.09318646 -0.15032100 -0.98423633 1.00000000
-0.06227671 0.21349500 0.08516334 0.12888177 -0.21459100 -0.96816335 1.00000000
-0.06228615 0.21300800 0.08563567 0.18032105 -0.41554300 -0.89151987 1.00000000
-0.06195395 0.21360800 0.08541409 -0.04182213 0.68309500 -0.72913106 1.00000000
-0.06136576 0.21292800 0.08544442 -0.09383920 0.88075900 -0.46417423 1.00000000
-0.06143277 0.21288100 0.08603047 -0.08881087 0.82515600 -0.55788044 1.00000000
-0.06137429 0.21314400 0.08583599 -0.09241473 0.81436700 -0.57294561 1.00000000
-0.06129564 0.21351200 0.08532806 -0.11279759 0.87664200 -0.46773377 1.00000000
-0.06214177 0.21225000 0.08758889 0.27866898 -0.58999600 -0.75779142 1.00000000
-0.06180811 0.21198400 0.08799844 0.28261640 -0.59203900 -0.75473061 1.00000000
-0.05965777 0.21248200 0.08715727 -0.14011819 0.76244200 -0.63170308 1.00000000
-0.06106125 0.21366600 0.08555471 -0.09778773 0.79960500 -0.59251035 1.00000000
-0.06071082 0.21364200 0.08547337 -0.11029895 0.84207400 -0.52796288 1.00000000
-0.06044552 0.21352200 0.08554547 -0.10838756 0.81076500 -0.57525024 1.00000000
-0.06001931 0.21310700 0.08578320 -0.11559656 0.77551600 -0.62065572 1.00000000
-0.05971157 0.21371000 0.08607081 -0.11948403 0.75704300 -0.64234678 1.00000000
-0.05954968 0.21344400 0.08586345 -0.12556926 0.74584400 -0.65417815 1.00000000
-0.05987809 0.21430500 0.08517726 -0.13233743 0.80395700 -0.57977609 1.00000000
-0.05980659 0.21152900 0.08778168 -0.11032913 0.77334200 -0.62431561 1.00000000
-0.05931893 0.21146200 0.08670577 -0.12029886 0.74829600 -0.65236635 1.00000000
-0.05942234 0.21199000 0.08671866 -0.11981057 0.73595400 -0.66634596 1.00000000
-0.05877056 0.21216600 0.08627805 -0.15215393 0.77070000 -0.61876523 1.00000000
-0.05855765 0.21240700 0.08589471 -0.16965906 0.78011100 -0.60219765 1.00000000
-0.05925631 0.21229000 0.08660785 -0.13302829 0.75127100 -0.64644830 1.00000000
-0.06114252 0.21371700 0.07510527 -0.19180909 0.92778300 0.32004472 1.00000000
-0.06111904 0.21368700 0.07496909 -0.19180909 0.92778300 0.32004472 1.00000000
-0.06107971 0.21387100 0.07471513 -0.30774513 0.88149100 0.35814417 1.00000000
-0.06097640 0.21401700 0.07499441 -0.18346459 0.93139400 0.31439683 1.00000000
-0.06097499 0.21315000 0.07562567 -0.04595404 0.93236900 0.35857545 1.00000000
-0.06093761 0.21327800 0.07611795 0.08446796 0.92844400 0.36174209 1.00000000
-0.06109433 0.21346400 0.07575639 -0.04595404 0.93236900 0.35857545 1.00000000
-0.06099424 0.21374600 0.07585835 -0.04595404 0.93236900 0.35857545 1.00000000
-0.06064381 0.21372200 0.07577701 -0.04595404 0.93236900 0.35857545 1.00000000
-0.06092397 0.21365600 0.07544970 -0.18822113 0.91507800 0.35665887 1.00000000
-0.06066203 0.21367200 0.07534444 -0.18822113 0.91507800 0.35665887 1.00000000
-0.06051604 0.21386600 0.07554711 -0.03970099 0.93269200 0.35848327 1.00000000
-0.06028909 0.21359000 0.07549993 -0.03832853 0.93191500 0.36064639 1.00000000
-0.06053421 0.21381700 0.07511440 -0.17610013 0.92363300 0.34042685 1.00000000
-0.06013797 0.21370400 0.07513382 -0.18124732 0.92152600 0.34342254 1.00000000
-0.05985772 0.21377000 0.07546108 -0.03970099 0.93269200 0.35848327 1.00000000
-0.06088007 0.21351200 0.07629656 0.08446796 0.92844400 0.36174209 1.00000000
-0.06084083 0.21369600 0.07604265 -0.05630747 0.93145300 0.35947968 1.00000000
-0.06060550 0.21387800 0.07589620 -0.04340218 0.93328200 0.35651341 1.00000000
-0.06035932 0.21368000 0.07590867 0.02541329 0.93228100 0.36084036 1.00000000
-0.06011318 0.21348200 0.07592106 0.11114627 0.92697200 0.35828705 1.00000000
-0.05974686 0.21367200 0.07572203 0.07503212 0.92908600 0.36217222 1.00000000
-0.05964248 0.21384600 0.07562825 -0.03970099 0.93269200 0.35848327 1.00000000
-0.06009363 0.21266500 0.07698495 -0.87248029 0.27502800 0.40390224 1.00000000
-0.05979987 0.21310900 0.07664415 -0.88307326 0.28125000 0.37560563 1.00000000
-0.06122892 0.21381300 0.07433514 -0.26239803 0.87889300 0.39836431 1.00000000
-0.06136221 0.21397000 0.07383732 -0.26239803 0.87889300 0.39836431 1.00000000
-0.06134861 0.21434800 0.07316920 -0.26239803 0.87889300 0.39836431 1.00000000
-0.06132941 0.21442600 0.07322877 -0.26239803 0.87889300 0.39836431 1.00000000
-0.06103843 0.21411200 0.07371493 -0.26239803 0.87889300 0.39836431 1.00000000
-0.06098327 0.21451000 0.07334318 -0.26239803 0.87889300 0.39836431 1.00000000
-0.06082562 0.21435200 0.07333164 -0.26239803 0.87889300 0.39836431 1.00000000
-0.06090613 0.21392700 0.07458576 -0.30774513 0.88149100 0.35814417 1.00000000
-0.06117045 0.21407600 0.07414066 -0.26239803 0.87889300 0.39836431 1.00000000
-0.06095427 0.21418000 0.07393473 -0.26239803 0.87889300 0.39836431 1.00000000
-0.06079151 0.21461600 0.07364652 -0.26239803 0.87889300 0.39836431 1.00000000
-0.06071013 0.21392500 0.07469327 -0.30774513 0.88149100 0.35814417 1.00000000
-0.06060155 0.21399100 0.07440380 -0.26239803 0.87889300 0.39836431 1.00000000
-0.06038538 0.21409500 0.07419787 -0.26239803 0.87889300 0.39836431 1.00000000
-0.06018938 0.21409300 0.07430538 -0.26239803 0.87889300 0.39836431 1.00000000
-0.05998261 0.21371100 0.07457187 -0.26239803 0.87889300 0.39836431 1.00000000
-0.06054074 0.21408900 0.07475982 -0.30774513 0.88149100 0.35814417 1.00000000
-0.06021795 0.21420300 0.07501044 -0.21351042 0.91210500 0.34996787 1.00000000
-0.05999427 0.21406300 0.07478608 -0.30774513 0.88149100 0.35814417 1.00000000
-0.06023617 0.21415300 0.07457786 -0.26239803 0.87889300 0.39836431 1.00000000
-0.06013188 0.21432700 0.07448413 -0.26239803 0.87889300 0.39836431 1.00000000
-0.05997083 0.21403300 0.07464982 -0.26239803 0.87889300 0.39836431 1.00000000
-0.06006259 0.21420900 0.07444849 -0.26239803 0.87889300 0.39836431 1.00000000
-0.05981840 0.21395400 0.07520712 -0.02832191 0.93507800 0.35330774 1.00000000
-0.05984836 0.21425700 0.07498880 -0.21351042 0.91210500 0.34996787 1.00000000
-0.05936368 0.21410500 0.07503206 -0.21351042 0.91210500 0.34996787 1.00000000
-0.05389016 0.20527100 0.07762074 0.21523424 -0.41262500 0.88510686 1.00000000
-0.05434829 0.20593100 0.07791070 0.33086215 -0.56738300 0.75406050 1.00000000
-0.05424824 0.20621300 0.07801280 0.33281670 -0.54488600 0.76963123 1.00000000
-0.05395820 0.20587000 0.07887206 0.36585871 -0.47104000 0.80266357 1.00000000
-0.05390069 0.20610400 0.07905081 0.35543432 -0.47082500 0.80745980 1.00000000
-0.05413411 0.20597900 0.07845093 0.34215738 -0.54134800 0.76803024 1.00000000
-0.05400625 0.20612300 0.07822098 0.34215738 -0.54134800 0.76803024 1.00000000
-0.05384022 0.20642300 0.07811017 0.34748380 -0.55807600 0.75352939 1.00000000
-0.05364524 0.20639300 0.07859083 0.33971237 -0.50618100 0.79270148 1.00000000
-0.05329052 0.20626100 0.07831375 0.34514598 -0.48742000 0.80205732 1.00000000
-0.05359608 0.20616800 0.07886871 0.34291125 -0.47620500 0.80971613 1.00000000
-0.05399601 0.20663800 0.07737551 0.35175520 -0.58393300 0.73163496 1.00000000
-0.05408348 0.20670600 0.07697844 0.34422337 -0.62522500 0.70043100 1.00000000
-0.05405488 0.20727000 0.07656559 0.35182136 -0.60526700 0.71405433 1.00000000
-0.05370230 0.20775600 0.07732696 0.32897808 -0.47692400 0.81505611 1.00000000
-0.05403943 0.20588700 0.07753300 0.34002493 -0.58711300 0.73463029 1.00000000
-0.05396082 0.20625500 0.07702499 0.33366772 -0.63224300 0.69923906 1.00000000
-0.05415877 0.20620100 0.07766372 0.33913311 -0.56698000 0.75068155 1.00000000
-0.05376707 0.20641800 0.07658218 0.34564383 -0.65951200 0.66751288 1.00000000
-0.05373720 0.20679000 0.07709289 0.34838052 -0.59342600 0.72558742 1.00000000
-0.05396701 0.20630700 0.07796706 0.34199895 -0.57420200 0.74386106 1.00000000
-0.05353564 0.20648700 0.07792821 0.35000595 -0.55816000 0.75229859 1.00000000
-0.05397359 0.20657900 0.07761239 0.35175520 -0.58393300 0.73163496 1.00000000
-0.05330870 0.20621100 0.07788103 0.34479921 -0.53351100 0.77232034 1.00000000
-0.05285491 0.20633300 0.07807907 0.35540191 -0.53335500 0.76760811 1.00000000
-0.05246194 0.20635700 0.07792108 0.36045408 -0.55841800 0.74715590 1.00000000
-0.05257928 0.20672700 0.07730565 0.35356506 -0.55564800 0.75249360 1.00000000
-0.05241745 0.20713500 0.07739053 0.36448115 -0.55399000 0.74849769 1.00000000
-0.05280856 0.20716800 0.07680232 0.36840551 -0.57261200 0.73238829 1.00000000
-0.05295881 0.20775600 0.07708759 0.35587493 -0.56415200 0.74504093 1.00000000
-0.05286934 0.20774400 0.07673851 0.35119699 -0.57049400 0.74242645 1.00000000
-0.05218114 0.20734600 0.07687107 0.37231539 -0.58323000 0.72195814 1.00000000
-0.05247632 0.20776800 0.07658061 0.36702723 -0.58396000 0.72407314 1.00000000
-0.05317596 0.20762400 0.07766676 0.34378202 -0.50175200 0.79376284 1.00000000
-0.05230054 0.20766000 0.07700170 0.36861042 -0.57950600 0.72684108 1.00000000
-0.05236034 0.20826500 0.07656488 0.34719766 -0.77490900 0.52817635 1.00000000
-0.05256384 0.20851100 0.07647580 0.27364233 -0.94730900 0.16651221 1.00000000
-0.05209509 0.20814500 0.07663689 0.05403248 -0.78674300 -0.61491161 1.00000000
-0.05145592 0.20797000 0.07649138 0.05314895 -0.71510200 -0.69699735 1.00000000
-0.05169876 0.20803200 0.07665626 0.04478706 -0.74689300 -0.66343501 1.00000000
-0.05252515 0.20527900 0.07968876 0.47472945 -0.87969700 -0.02765605 1.00000000
-0.05191639 0.20630200 0.07832044 0.38109264 -0.54151100 0.74935525 1.00000000
-0.05214898 0.20687900 0.07763985 0.37742049 -0.56060700 0.73707071 1.00000000
-0.05139564 0.20647100 0.07793255 0.23017090 -0.91092500 -0.34239778 1.00000000
-0.05185513 0.20732400 0.07729901 0.37491671 -0.61678900 0.69210423 1.00000000
-0.05066949 0.20712300 0.07717976 0.03804411 -0.71218200 -0.70096260 1.00000000
-0.05071861 0.20734800 0.07690174 0.02762864 -0.70642200 -0.70725216 1.00000000
-0.05022637 0.20695100 0.07692665 0.00981141 -0.70403500 -0.71009714 1.00000000
-0.04980016 0.20653700 0.07716439 0.00981141 -0.70403500 -0.71009714 1.00000000
-0.05115846 0.20738300 0.07733225 0.05343361 -0.74135800 -0.66897969 1.00000000
-0.05082714 0.20728100 0.07719130 0.05299434 -0.70656100 -0.70566508 1.00000000
-0.05060779 0.20724900 0.07716259 0.02762864 -0.70642200 -0.70725216 1.00000000
-0.05045336 0.20722700 0.07697374 0.00981141 -0.70403500 -0.71009714 1.00000000
-0.05014972 0.20726300 0.07716488 0.00981141 -0.70403500 -0.71009714 1.00000000
-0.05002194 0.20740700 0.07693498 0.00981141 -0.70403500 -0.71009714 1.00000000
-0.04990353 0.20706500 0.07717736 0.00981141 -0.70403500 -0.71009714 1.00000000
-0.04947732 0.20665100 0.07741510 0.00981141 -0.70403500 -0.71009714 1.00000000
-0.04959062 0.20758700 0.07689604 0.00981141 -0.70403500 -0.71009714 1.00000000
-0.04888869 0.20756800 0.07636031 -0.04673027 -0.61956900 -0.78354958 1.00000000
-0.04881199 0.20788000 0.07659863 -0.05734901 -0.59735100 -0.79992728 1.00000000
-0.04880024 0.20752800 0.07638437 -0.05734901 -0.59735100 -0.79992728 1.00000000
-0.04872359 0.20784000 0.07662260 -0.07992923 -0.60709000 -0.79060306 1.00000000
-0.05708934 0.19947300 0.08473184 0.06778580 0.13754900 0.98817337 1.00000000
-0.05894538 0.20034300 0.08385472 -0.10223511 0.45591600 0.88413085 1.00000000
-0.05916385 0.20107700 0.08380257 -0.10419956 0.47305700 0.87484820 1.00000000
-0.05854165 0.20066100 0.08414782 -0.10223511 0.45591600 0.88413085 1.00000000
-0.05868341 0.20103300 0.08404166 -0.10419956 0.47305700 0.87484820 1.00000000
-0.05771496 0.20002600 0.08420915 -0.00344774 0.27670800 0.96094739 1.00000000
-0.05712686 0.20002000 0.08453186 0.02398493 0.19351700 0.98080348 1.00000000
-0.05717921 0.20038000 0.08407652 -0.00830110 0.36076200 0.93262137 1.00000000
-0.05766716 0.20066900 0.08385587 -0.01788151 0.39104800 0.92019707 1.00000000
-0.05769142 0.20248900 0.08198346 0.21616236 0.61631700 0.75724970 1.00000000
-0.05795960 0.20252400 0.08303071 -0.10831365 0.58628800 0.80282877 1.00000000
-0.05777437 0.20290300 0.08297947 -0.07086269 0.61950200 0.78178967 1.00000000
-0.05762745 0.20312500 0.08280904 -0.05188779 0.65255800 0.75595990 1.00000000
-0.05658449 0.20259400 0.08266439 0.29324855 0.58526600 0.75595636 1.00000000
-0.05627110 0.20222200 0.08338743 0.28966036 0.61080300 0.73689608 1.00000000
-0.05639375 0.20267200 0.08334088 0.16959373 0.59815900 0.78322686 1.00000000
-0.05581303 0.20223600 0.08338972 0.34172926 0.58257900 0.73744389 1.00000000
-0.05638951 0.20256400 0.08314505 0.24777381 0.56802600 0.78482761 1.00000000
-0.05634278 0.20317800 0.08316482 0.08287158 0.64560500 0.75916116 1.00000000
-0.05661875 0.20300500 0.08264181 0.29445280 0.58197000 0.75802998 1.00000000
-0.05653780 0.20320900 0.08268430 0.13681630 0.66581800 0.73346334 1.00000000
-0.05618737 0.20318500 0.08260296 0.40720453 0.51922300 0.75139363 1.00000000
-0.05572140 0.20205900 0.08359100 0.37517393 0.55228300 0.74446503 1.00000000
-0.06228028 0.19939900 0.08414974 -0.16834200 0.37145300 0.91306236 1.00000000
-0.06206085 0.19936700 0.08412099 -0.14778622 0.40330800 0.90305098 1.00000000
-0.06171046 0.19934300 0.08403978 -0.14354393 0.42944700 0.89161128 1.00000000
-0.06179931 0.20095200 0.08330366 -0.13791618 0.50485000 0.85211856 1.00000000
-0.06193014 0.19959600 0.08277183 -0.14848764 0.44327800 0.88400047 1.00000000
-0.06164160 0.20012000 0.08299988 -0.11867574 0.45605700 0.88200214 1.00000000
-0.06119941 0.19991900 0.08311987 -0.11867574 0.45605700 0.88200214 1.00000000
-0.06205577 0.19996100 0.08384445 -0.14562176 0.44675600 0.88272498 1.00000000
-0.06195563 0.20024300 0.08394650 -0.13837677 0.44732900 0.88360043 1.00000000
-0.06150179 0.19969100 0.08385228 -0.11867574 0.45605700 0.88200214 1.00000000
-0.06119060 0.19948300 0.08402486 -0.11867574 0.45605700 0.88200214 1.00000000
-0.06192712 0.20080800 0.08353370 -0.10587044 0.47676100 0.87263454 1.00000000
-0.06165238 0.20117400 0.08313324 -0.13791618 0.50485000 0.85211856 1.00000000
-0.06190281 0.20148000 0.08331659 -0.10435625 0.50976100 0.85396342 1.00000000
-0.06146164 0.20125200 0.08380973 -0.13791618 0.50485000 0.85211856 1.00000000
-0.06161300 0.20068400 0.08258703 -0.13791618 0.50485000 0.85211856 1.00000000
-0.06267005 0.20240500 0.08268778 -0.13411548 0.52588300 0.83991730 1.00000000
-0.06173240 0.20167300 0.08301000 -0.10435625 0.50976100 0.85396342 1.00000000
-0.06171554 0.20191500 0.08251906 -0.09041118 0.51115400 0.85472095 1.00000000
-0.06172729 0.20226700 0.08273332 -0.10729491 0.50642900 0.85558017 1.00000000
-0.06121594 0.20194900 0.08281785 -0.09672249 0.47608800 0.87406173 1.00000000
-0.06168898 0.20242300 0.08285250 -0.10729491 0.50642900 0.85558017 1.00000000
-0.06154299 0.20261700 0.08305518 -0.15558795 0.52349900 0.83770029 1.00000000
-0.06138534 0.20245900 0.08304364 -0.09520726 0.46980000 0.87762366 1.00000000
-0.06138110 0.20235100 0.08284781 -0.09520726 0.46980000 0.87762366 1.00000000
-0.06062785 0.20194300 0.08314056 -0.10419956 0.47305700 0.87484820 1.00000000
-0.06009311 0.20159400 0.08308874 -0.10419956 0.47305700 0.87484820 1.00000000
-0.06004921 0.20145000 0.08393560 -0.10419956 0.47305700 0.87484820 1.00000000
-0.06088476 0.20252100 0.08296920 -0.09672249 0.47608800 0.87406173 1.00000000
-0.06103915 0.20254300 0.08315813 -0.09520726 0.46980000 0.87762366 1.00000000
-0.06043419 0.20277900 0.08298991 -0.10419956 0.47305700 0.87484820 1.00000000
-0.06030077 0.20194800 0.08319544 -0.10419956 0.47305700 0.87484820 1.00000000
-0.05996631 0.20171000 0.08323185 -0.10419956 0.47305700 0.87484820 1.00000000
-0.06011558 0.20232700 0.08314411 -0.10419956 0.47305700 0.87484820 1.00000000
-0.06145731 0.20363700 0.08152447 -0.38989724 0.80472700 0.44765442 1.00000000
-0.06093325 0.20366900 0.08131385 -0.35466923 0.84200200 0.40650049 1.00000000
-0.06003504 0.20342600 0.08218220 -0.14042281 0.65348400 0.74380078 1.00000000
-0.05992222 0.20338400 0.08169690 -0.22202636 0.74548200 0.62845915 1.00000000
-0.05953918 0.20199800 0.08338883 -0.10419956 0.47305700 0.87484820 1.00000000
-0.05975653 0.20458000 0.08058178 -0.52728672 0.81682800 0.23401096 1.00000000
-0.05873808 0.20405100 0.08094644 -0.34615324 0.87682900 0.33368966 1.00000000
-0.06031110 0.20392600 0.08195135 -0.23013536 0.69713800 0.67899598 1.00000000
-0.06022923 0.20415900 0.08162074 -0.30756557 0.75480300 0.57937508 1.00000000
-0.05965283 0.20383000 0.08186546 -0.23022368 0.72670700 0.64722075 1.00000000
-0.05876567 0.20418900 0.08127849 -0.18471542 0.83214300 0.52289445 1.00000000
-0.06058149 0.21158800 0.08073500 0.60520606 0.78532300 -0.13035386 1.00000000
-0.06110682 0.21174800 0.08002207 0.56126272 0.80836200 0.17758006 1.00000000
-0.06067647 0.21190000 0.08035636 0.70909140 0.70259200 -0.05960148 1.00000000
-0.06029709 0.21154600 0.08086649 0.61584342 0.76615700 -0.18368445 1.00000000
-0.06017683 0.21193400 0.08065501 0.68928290 0.70759000 -0.15558204 1.00000000
-0.05978372 0.21195800 0.08049707 0.76827845 0.60808200 -0.19996216 1.00000000
-0.05996022 0.21114300 0.08145335 0.21537494 0.92960900 -0.29906650 1.00000000
-0.05986144 0.21161800 0.08063190 0.72513820 0.64843600 -0.23174527 1.00000000
-0.05935331 0.21143600 0.08053911 0.70703140 0.65974500 -0.25464572 1.00000000
-0.05863417 0.21076300 0.08051676 0.74819310 0.56086900 -0.35444768 1.00000000
-0.05973659 0.21167700 0.08152125 0.15540834 0.94497100 -0.28788579 1.00000000
-0.05968887 0.21164600 0.08087567 0.65955856 0.71932800 -0.21806109 1.00000000
-0.06044013 0.21211100 0.07983677 0.69938559 0.71436200 0.02337338 1.00000000
-0.06101335 0.21230300 0.07976950 0.47636755 0.84344100 0.24835694 1.00000000
-0.06088562 0.21244700 0.07953951 0.45269656 0.84554300 0.28306147 1.00000000
-0.06075547 0.21242700 0.07985997 0.49343382 0.83722700 0.23574146 1.00000000
-0.06003642 0.21175400 0.07983767 0.70623512 0.70784800 -0.01353844 1.00000000
-0.05977104 0.21163400 0.07990972 0.73277112 0.67571300 -0.08036909 1.00000000
-0.06019831 0.21202000 0.08004504 0.69924260 0.71409700 -0.03354614 1.00000000
-0.05999803 0.21191000 0.07995681 0.71152999 0.70190200 -0.03253578 1.00000000
-0.05973702 0.21189800 0.08022464 0.75799700 0.63745200 -0.13818604 1.00000000
-0.05862472 0.21125000 0.08004443 0.75516688 0.60488300 -0.25266520 1.00000000
-0.05833604 0.21109900 0.07998018 0.78219825 0.54320500 -0.30511214 1.00000000
-0.05832121 0.21128500 0.08023553 0.72706264 0.60798500 -0.31895685 1.00000000
-0.05882930 0.21146800 0.08032840 0.73012009 0.63461700 -0.25335000 1.00000000
-0.05862579 0.21122100 0.08041749 0.68932490 0.64747600 -0.32497040 1.00000000
-0.05842974 0.21121900 0.08052509 0.70427964 0.62867100 -0.32979224 1.00000000
-0.05893822 0.21229700 0.07961356 0.78935038 0.60362300 -0.11209335 1.00000000
-0.05801455 0.21140600 0.07930737 0.81502560 0.54641300 -0.19278449 1.00000000
-0.05772298 0.20884800 0.08021338 0.57652100 0.63579900 -0.51320995 1.00000000
-0.05779978 0.20921000 0.08026745 0.68120315 0.58246600 -0.44350402 1.00000000
-0.05760807 0.20931600 0.08057070 0.68436266 0.59469600 -0.42188303 1.00000000
-0.05816113 0.21028900 0.08048211 0.75458093 0.54557100 -0.36463646 1.00000000
-0.05793930 0.20941800 0.08071161 0.70148087 0.56009100 -0.44070632 1.00000000
-0.05786494 0.20989400 0.08039942 0.72393210 0.56751000 -0.39224449 1.00000000
-0.05783301 0.20964900 0.07987173 0.74401324 0.56168300 -0.36187852 1.00000000
-0.05764774 0.21002700 0.07982035 0.74964880 0.55206100 -0.36504163 1.00000000
-0.05766051 0.21035100 0.08040775 0.75458093 0.54557100 -0.36463646 1.00000000
-0.05704796 0.21034300 0.08022106 0.71285515 0.58743400 -0.38309190 1.00000000
-0.05812240 0.21022400 0.08189790 0.76776001 0.59028400 -0.24921768 1.00000000
-0.05830811 0.21074100 0.08094478 0.76924962 0.55974300 -0.30812916 1.00000000
-0.05804608 0.21075700 0.08083947 0.75787244 0.56894600 -0.31926508 1.00000000
-0.05819394 0.21050600 0.08138299 0.71371325 0.62566400 -0.31489215 1.00000000
-0.05784682 0.21061800 0.08112439 0.72583216 0.60810000 -0.32153074 1.00000000
-0.05791500 0.21076500 0.08078684 0.75787244 0.56894600 -0.31926508 1.00000000
-0.05807367 0.21089500 0.08117152 0.75148022 0.59733000 -0.28013346 1.00000000
-0.05764975 0.21064500 0.08085884 0.71179794 0.59312500 -0.37622709 1.00000000
-0.05786135 0.21021200 0.08216560 0.82432921 0.53713200 -0.17880145 1.00000000
-0.05823137 0.21105300 0.08118297 0.76865831 0.58235900 -0.26461790 1.00000000
-0.05774337 0.21076400 0.08140371 0.73351533 0.61419900 -0.29105581 1.00000000
-0.05796743 0.21112500 0.08033155 0.73970791 0.57501300 -0.34956065 1.00000000
-0.05784486 0.21067500 0.08037815 0.74724535 0.55404500 -0.36695709 1.00000000
-0.05807601 0.21105900 0.08062102 0.74386106 0.57420200 -0.34199895 1.00000000
-0.05713738 0.21035400 0.08057023 0.70897735 0.57882800 -0.40287543 1.00000000
-0.05770147 0.20315200 0.07104447 0.64108490 0.71464000 0.27982152 1.00000000
-0.05812670 0.20359500 0.07043373 0.62330863 0.69493900 0.35853250 1.00000000
-0.05777305 0.20343500 0.07052970 0.64236766 0.69446800 0.32415786 1.00000000
-0.05734120 0.20272000 0.07149521 0.66611290 0.71149000 0.22377537 1.00000000
-0.05708052 0.20292800 0.07046639 0.67706682 0.67041200 0.30352622 1.00000000
-0.05716990 0.20294000 0.07081542 0.67495768 0.68243800 0.28055476 1.00000000
-0.05711474 0.20333800 0.07044368 0.64377819 0.70174500 0.30512877 1.00000000
-0.05669175 0.20306000 0.07050410 0.68401793 0.66117200 0.30817245 1.00000000
-0.05665335 0.20321600 0.07062323 0.68016443 0.67442700 0.28727003 1.00000000
-0.05623785 0.20250800 0.07040997 0.78065662 0.55855200 0.28034697 1.00000000
-0.05616111 0.20282000 0.07064815 0.76091613 0.58906800 0.27203895 1.00000000
-0.05613869 0.20276200 0.07088503 0.75259032 0.60932200 0.24966809 1.00000000
-0.05594961 0.20076000 0.07143082 0.93856533 0.34059700 0.05557066 1.00000000
-0.05608858 0.20189100 0.07049770 0.90562015 0.37674900 0.19470929 1.00000000
-0.05517863 0.20197100 0.07144413 0.90293136 0.41567600 0.10921483 1.00000000
-0.05526610 0.20203900 0.07104706 0.91028480 0.39787800 0.11434118 1.00000000
-0.05586501 0.20242600 0.07056551 0.83409199 0.50072200 0.23144609 1.00000000
-0.05564552 0.20239400 0.07053685 0.85298212 0.46745600 0.23217633 1.00000000
-0.05533013 0.20207700 0.07051373 0.90663430 0.37662300 0.19018242 1.00000000
-0.05509587 0.20223100 0.07074034 0.87742763 0.44547400 0.17797245 1.00000000
-0.05575834 0.20243500 0.07102215 0.82108205 0.53453200 0.20024859 1.00000000
-0.05464389 0.20162200 0.07139231 0.92955749 0.36284900 0.06529163 1.00000000
-0.05509023 0.20193100 0.07146810 0.90737907 0.40791700 0.10132327 1.00000000
-0.05475384 0.20242300 0.07105061 0.85560060 0.48764400 0.17364082 1.00000000
-0.05466826 0.20162400 0.07190167 0.92572260 0.37274200 0.06403655 1.00000000
-0.05434127 0.20163000 0.07195660 0.92609126 0.37299100 0.05686232 1.00000000
-0.05455973 0.20169000 0.07161211 0.92959163 0.36226200 0.06801427 1.00000000
-0.05412836 0.20187000 0.07157326 0.93021358 0.35978100 0.07253112 1.00000000
-0.05410814 0.20197700 0.07125969 0.93183468 0.35042900 0.09425173 1.00000000
-0.05377135 0.20157400 0.07184659 0.94022357 0.33888600 0.03371343 1.00000000
-0.05779411 0.20330000 0.07121633 0.63604902 0.71887300 0.28047080 1.00000000
-0.05821613 0.20360700 0.07078267 0.63189038 0.70789100 0.31560126 1.00000000
-0.05753866 0.20358900 0.07075635 0.63501999 0.71202100 0.29962364 1.00000000
-0.05741093 0.20373300 0.07052636 0.62275668 0.71935500 0.30773791 1.00000000
-0.05701747 0.20286200 0.07137273 0.67341822 0.70467600 0.22347051 1.00000000
-0.05687055 0.20308400 0.07120231 0.66963488 0.70130500 0.24445969 1.00000000
-0.05676197 0.20315000 0.07091284 0.68802585 0.67556300 0.26501760 1.00000000
-0.05647752 0.20310800 0.07104441 0.71252866 0.66015200 0.23770399 1.00000000
-0.05329321 0.20236800 0.07182761 0.87540181 0.46799900 0.12103210 1.00000000
-0.05327830 0.20255400 0.07208292 0.79386151 0.58605300 0.16225550 1.00000000
-0.05830008 0.20468300 0.06788894 0.14480307 0.85086900 0.50502853 1.00000000
-0.05788923 0.20565200 0.06715922 0.13009506 0.86649300 0.48193901 1.00000000
-0.05804790 0.20578200 0.06754390 0.13756986 0.86463600 0.48319716 1.00000000
-0.05771340 0.20554400 0.06758040 0.11676623 0.85945900 0.49768967 1.00000000
-0.05789722 0.20429900 0.06826290 0.12404491 0.85008600 0.51182594 1.00000000
-0.05722920 0.20379400 0.06870890 0.14519888 0.79953500 0.58280444 1.00000000
-0.05688594 0.20379300 0.06994264 0.57471814 0.73442000 0.36100806 1.00000000
-0.05781306 0.20436600 0.06848270 0.12477253 0.84473500 0.52043582 1.00000000
-0.05759460 0.20430600 0.06882718 0.20743962 0.83983300 0.50164703 1.00000000
-0.05746687 0.20445000 0.06859719 0.12629183 0.84261000 0.52350717 1.00000000
-0.05594064 0.20214200 0.06995414 0.83079740 0.47055300 0.29724565 1.00000000
-0.05606978 0.20286500 0.06955287 0.58477019 0.67900100 0.44384727 1.00000000
-0.05607119 0.20305700 0.06862927 0.13463415 0.76618500 0.62835799 1.00000000
-0.05666767 0.20327900 0.06869817 0.12700632 0.77951200 0.61337687 1.00000000
-0.05653546 0.20376900 0.06986139 0.55853656 0.73919700 0.37632975 1.00000000
-0.05628932 0.20357100 0.06987378 0.57068448 0.71484100 0.40413023 1.00000000
-0.05611013 0.20265200 0.07017998 0.75560341 0.57147300 0.32012807 1.00000000
-0.05598240 0.20279600 0.06994999 0.73568496 0.57928100 0.35099955 1.00000000
-0.05573626 0.20259800 0.06996238 0.74693807 0.56879000 0.34432841 1.00000000
-0.05600487 0.20352900 0.07000536 0.59776906 0.70276100 0.38574412 1.00000000
-0.05575882 0.20333000 0.07001779 0.61754940 0.69466900 0.36887237 1.00000000
-0.05626719 0.20373400 0.06881410 0.11965261 0.80296600 0.58389058 1.00000000
-0.05637586 0.20366700 0.06910362 0.21989693 0.80077500 0.55713981 1.00000000
-0.05572695 0.20308500 0.06949001 0.48402125 0.72295100 0.49301735 1.00000000
-0.05561926 0.20312300 0.06957350 0.49383180 0.72268200 0.48359171 1.00000000
-0.05577924 0.20344500 0.06903476 0.13463415 0.76618500 0.62835799 1.00000000
-0.05534656 0.20343300 0.06991933 0.59026286 0.70005600 0.40188376 1.00000000
-0.05525718 0.20342100 0.06957029 0.38618583 0.76796800 0.51096498 1.00000000
-0.05776949 0.20444300 0.06803291 0.12131508 0.85340200 0.50693939 1.00000000
-0.05648566 0.20379400 0.06846962 0.10991378 0.80835700 0.57834059 1.00000000
-0.05777051 0.20441500 0.06840605 0.12477253 0.84473500 0.52043582 1.00000000
-0.05746585 0.20447900 0.06822405 0.12477253 0.84473500 0.52043582 1.00000000
-0.05681703 0.20389600 0.06861048 0.12054655 0.80689200 0.57826796 1.00000000
-0.05649647 0.20417400 0.06831078 0.12956736 0.82825500 0.54516568 1.00000000
-0.05655734 0.20475100 0.06824701 0.12629183 0.84261000 0.52350717 1.00000000
-0.05724036 0.20506900 0.06754575 0.11445208 0.85835300 0.50013012 1.00000000
-0.05731054 0.20515900 0.06795435 0.11445208 0.85835300 0.50013012 1.00000000
-0.05713369 0.20507900 0.06800238 0.12131508 0.85340200 0.50693939 1.00000000
-0.05616008 0.20466700 0.06789329 0.12587456 0.84718400 0.51617307 1.00000000
-0.05676085 0.20499700 0.06815793 0.12021958 0.85100600 0.51120997 1.00000000
-0.05634774 0.20512700 0.06768641 0.12131508 0.85340200 0.50693939 1.00000000
-0.05579463 0.20415400 0.06777509 0.11941688 0.84776500 0.51675336 1.00000000
-0.05597148 0.20423400 0.06772706 0.12629183 0.84261000 0.52350717 1.00000000
-0.05552930 0.20403400 0.06784705 0.11807187 0.84025100 0.52918522 1.00000000
-0.05557842 0.20425800 0.06756903 0.12587456 0.84718400 0.51617307 1.00000000
-0.05589342 0.20368000 0.06859655 0.11296697 0.80348800 0.58450381 1.00000000
-0.05583811 0.20407800 0.06822484 0.11248434 0.83425700 0.53978004 1.00000000
-0.05576569 0.20382400 0.06836656 0.10991378 0.80835700 0.57834059 1.00000000
-0.05568051 0.20392000 0.06821322 0.11173262 0.81604500 0.56708533 1.00000000
-0.05520567 0.20235800 0.07010634 0.85222057 0.45309700 0.26157931 1.00000000
-0.05514817 0.20259200 0.07028509 0.81155221 0.50620700 0.29178393 1.00000000
-0.05506723 0.20279600 0.07032758 0.77701573 0.54835200 0.30912142 1.00000000
-0.05497225 0.20248300 0.07070622 0.83769678 0.50301400 0.21269645 1.00000000
-0.05473371 0.20252900 0.07073708 0.81781027 0.52899800 0.22660015 1.00000000
-0.05471680 0.20277200 0.07024624 0.77529251 0.54695300 0.31585426 1.00000000
-0.05509202 0.20301800 0.06954033 0.49622169 0.69887200 0.51511332 1.00000000
-0.05492166 0.20321100 0.06923364 0.14827428 0.75445100 0.63938902 1.00000000
-0.05529651 0.20323600 0.06982425 0.57451634 0.69009700 0.44011082 1.00000000
-0.05503126 0.20311600 0.06989626 0.56417525 0.69555700 0.44486743 1.00000000
-0.05486416 0.20344500 0.06941239 0.15063601 0.77336000 0.61581152 1.00000000
-0.05468829 0.20333600 0.06983344 0.42222289 0.76191900 0.49112872 1.00000000
-0.05443270 0.20362500 0.06937350 0.13402721 0.77322300 0.61980882 1.00000000
-0.05430506 0.20376900 0.06914355 0.12819175 0.79452600 0.59354472 1.00000000
-0.05437338 0.20391500 0.06880596 0.10991378 0.80835700 0.57834059 1.00000000
-0.05598128 0.20464300 0.06719508 0.12131508 0.85340200 0.50693939 1.00000000
-0.05537433 0.20493600 0.06628070 0.09127487 0.86347400 0.49606621 1.00000000
-0.05561623 0.20502600 0.06607248 0.07171657 0.86739800 0.49242091 1.00000000
-0.05553909 0.20444300 0.06731507 0.12482723 0.85327400 0.50630160 1.00000000
-0.05522701 0.20426300 0.06711468 0.12482723 0.85327400 0.50630160 1.00000000
-0.05541132 0.20458700 0.06708517 0.12131508 0.85340200 0.50693939 1.00000000
-0.05546053 0.20481100 0.06680719 0.10717253 0.85572900 0.50620390 1.00000000
-0.05528881 0.20481100 0.06742401 0.12021958 0.85100600 0.51120997 1.00000000
-0.05537306 0.20474300 0.06720426 0.12131508 0.85340200 0.50693939 1.00000000
-0.05522613 0.20496500 0.06703384 0.10717253 0.85572900 0.50620390 1.00000000
-0.05506941 0.20477900 0.06739540 0.12482723 0.85327400 0.50630160 1.00000000
-0.05527521 0.20518900 0.06675590 0.09555397 0.85828900 0.50419223 1.00000000
-0.05531682 0.20517000 0.06645945 0.09127487 0.86347400 0.49606621 1.00000000
-0.05513164 0.20554800 0.06640813 0.07153358 0.86812400 0.49116579 1.00000000
-0.05499505 0.20525500 0.06708322 0.10566197 0.85774500 0.50310048 1.00000000
-0.05546930 0.20524800 0.06590206 0.06186678 0.86258900 0.50210923 1.00000000
-0.05536073 0.20531400 0.06561259 0.06896659 0.87964000 0.47061312 1.00000000
-0.05516566 0.20528400 0.06609320 0.06383522 0.86887600 0.49089669 1.00000000
-0.05521474 0.20550800 0.06581527 0.06896659 0.87964000 0.47061312 1.00000000
-0.05514460 0.20541800 0.06540657 0.05840136 0.87148500 0.48693233 1.00000000
-0.05512735 0.20544000 0.06621238 0.07117154 0.87234500 0.48368210 1.00000000
-0.05521902 0.20561600 0.06601101 0.06968491 0.87421000 0.48052013 1.00000000
-0.05500383 0.20569200 0.06617809 0.06383522 0.86887600 0.49089669 1.00000000
-0.05491445 0.20568000 0.06582905 0.06859911 0.88362000 0.46315290 1.00000000
-0.05658653 0.20393700 0.07032961 0.59017382 0.74271600 0.31633435 1.00000000
-0.05631696 0.20370900 0.07020574 0.60557781 0.71464500 0.35008297 1.00000000
-0.05643630 0.20402300 0.07033646 0.59017382 0.74271600 0.31633435 1.00000000
-0.05570123 0.20356400 0.07019650 0.59484740 0.71477200 0.36777270 1.00000000
-0.05601331 0.20374400 0.07039688 0.60544759 0.72163400 0.33567367 1.00000000
-0.05589923 0.20351000 0.07083514 0.62899294 0.72404500 0.28306710 1.00000000
-0.05535504 0.20364800 0.07031099 0.59666007 0.71894400 0.35653333 1.00000000
-0.05508468 0.20412300 0.07010632 0.47607779 0.78112800 0.40396537 1.00000000
-0.05442719 0.20332400 0.07010122 0.53538481 0.70924800 0.45861709 1.00000000
-0.05448377 0.20379300 0.06984172 0.30990243 0.80705300 0.50261900 1.00000000
-0.05397447 0.20341800 0.07067231 0.66520226 0.65916400 0.35072712 1.00000000
-0.05425692 0.20351600 0.06979459 0.27021288 0.78447300 0.55820061 1.00000000
-0.05393543 0.20382300 0.06912178 0.12601740 0.80348100 0.58183994 1.00000000
-0.05387798 0.20405700 0.06930045 0.10991378 0.80835700 0.57834059 1.00000000
-0.05382555 0.20369600 0.06975574 0.12365411 0.78588900 0.60587706 1.00000000
-0.05406316 0.20367900 0.06935177 0.12333596 0.79143600 0.59867914 1.00000000
-0.05389280 0.20387100 0.06904509 0.10991378 0.80835700 0.57834059 1.00000000
-0.05366078 0.20418900 0.06872137 0.11807187 0.84025100 0.52918522 1.00000000
-0.05344232 0.20412900 0.06906585 0.11248434 0.83425700 0.53978004 1.00000000
-0.05344130 0.20415700 0.06869271 0.10791755 0.84081800 0.53045129 1.00000000
-0.05317707 0.20400900 0.06913786 0.09918690 0.83913400 0.53480545 1.00000000
-0.05328887 0.20407900 0.06925001 0.09918690 0.83913400 0.53480545 1.00000000
-0.05376649 0.20488200 0.06818384 0.10396587 0.85133500 0.51421725 1.00000000
-0.05247953 0.20227800 0.07117963 0.97018835 0.24029100 0.03152949 1.00000000
-0.06460413 0.20384700 0.07638595 0.01903497 0.82086400 0.57080664 1.00000000
-0.06447641 0.20399100 0.07615596 0.00667025 0.81744100 0.57597418 1.00000000
-0.06461286 0.20428300 0.07548091 0.00519038 0.81873600 0.57414725 1.00000000
-0.06438694 0.20397900 0.07580687 0.00519038 0.81873600 0.57414725 1.00000000
-0.06430609 0.20418300 0.07584941 0.00120318 0.81396400 0.58091404 1.00000000
-0.06448192 0.20429200 0.07542823 0.00269837 0.81160100 0.58420684 1.00000000
-0.06391624 0.20434300 0.07551406 -0.00684760 0.80193100 0.59737724 1.00000000
-0.06441462 0.20411700 0.07613897 0.00545051 0.81230000 0.58321406 1.00000000
-0.06415356 0.20410500 0.07640666 0.00545051 0.81230000 0.58321406 1.00000000
-0.06393637 0.20423700 0.07582759 -0.00407349 0.80378200 0.59490971 1.00000000
-0.06354106 0.20409700 0.07622010 -0.00154822 0.81112700 0.58486732 1.00000000
-0.06092149 0.20333300 0.07654438 0.10718046 0.95099600 0.29003468 1.00000000
-0.06608050 0.20550600 0.07334497 -0.00770965 0.82773300 0.56106982 1.00000000
-0.06598324 0.20502900 0.07427403 0.01238409 0.81447700 0.58006400 1.00000000
-0.06557199 0.20510300 0.07454871 0.04849801 0.81063000 0.58354651 1.00000000
-0.06531005 0.20511900 0.07444345 0.02986804 0.79861400 0.60110163 1.00000000
-0.06495627 0.20495900 0.07453946 0.00622333 0.79328200 0.60882262 1.00000000
-0.06487439 0.20519100 0.07420885 0.00622333 0.79328200 0.60882262 1.00000000
-0.06420629 0.20468600 0.07465481 -0.00684760 0.80193100 0.59737724 1.00000000
-0.06470784 0.20459600 0.07510226 0.00269837 0.81160100 0.58420684 1.00000000
-0.06431486 0.20462000 0.07494428 -0.00684760 0.80193100 0.59737724 1.00000000
-0.06419688 0.20517300 0.07418239 -0.00684760 0.80193100 0.59737724 1.00000000
-0.06412159 0.20567700 0.07349711 -0.00082987 0.79082200 0.61204574 1.00000000
-0.06376780 0.20551700 0.07359313 -0.00965570 0.79892000 0.60136022 1.00000000
-0.06333643 0.20569700 0.07355428 0.00043811 0.79640400 0.60476481 1.00000000
-0.06310944 0.20542100 0.07350719 0.00019422 0.80318600 0.59572786 1.00000000
-0.06255043 0.20574500 0.07323840 0.02960153 0.80419800 0.59362405 1.00000000
-0.06371030 0.20575100 0.07377188 -0.00965570 0.79892000 0.60136022 1.00000000
-0.06300944 0.20570300 0.07360921 0.00721998 0.80328100 0.59555572 1.00000000
-0.06315120 0.20607500 0.07350304 0.00043811 0.79640400 0.60476481 1.00000000
-0.06257807 0.20588300 0.07357036 0.02960153 0.80419800 0.59362405 1.00000000
-0.06172419 0.20418700 0.07467717 0.08256130 0.78976700 0.60782587 1.00000000
-0.06142059 0.20422300 0.07486823 0.10599784 0.78006000 0.61666081 1.00000000
-0.06121251 0.20364800 0.07605813 0.07376614 0.88176500 0.46588382 1.00000000
-0.06116339 0.20342400 0.07633616 0.08653468 0.91230000 0.40027543 1.00000000
-0.06053504 0.20363000 0.07603181 0.13493366 0.94826500 0.28737807 1.00000000
-0.06102070 0.20375400 0.07636156 0.07522199 0.94951900 0.30455709 1.00000000
-0.06064785 0.20367200 0.07651711 0.12005707 0.97657100 0.17859458 1.00000000
-0.06082270 0.20380800 0.07572292 0.08264875 0.90696100 0.41302736 1.00000000
-0.06055322 0.20358000 0.07559910 0.13415521 0.92991900 0.34242304 1.00000000
-0.06049571 0.20381400 0.07577785 0.13493366 0.94826500 0.28737807 1.00000000
-0.06060556 0.20394100 0.07514376 0.16429436 0.94930600 0.26800427 1.00000000
-0.06063416 0.20405000 0.07584895 0.09030625 0.93792000 0.33488919 1.00000000
-0.06064396 0.20445900 0.07531696 0.07868826 0.92282700 0.37709284 1.00000000
-0.06077211 0.20453600 0.07425035 0.21608491 0.92329800 0.31753296 1.00000000
-0.06114267 0.20445300 0.07464522 0.17235884 0.82491600 0.53833700 1.00000000
-0.06055785 0.20458300 0.07479053 0.16071116 0.96441400 0.20994624 1.00000000
-0.06089137 0.20485000 0.07438102 0.20096683 0.89672900 0.39432214 1.00000000
-0.05997951 0.20498500 0.07458134 0.20066332 0.97901300 0.03560309 1.00000000
-0.06097830 0.20584100 0.07260645 0.26626394 0.92189300 0.28145590 1.00000000
-0.06176775 0.20660400 0.07303737 0.06984468 0.81604000 0.57376063 1.00000000
-0.06113375 0.20583500 0.07316845 0.20096683 0.89672900 0.39432214 1.00000000
-0.06082158 0.20565500 0.07296801 0.27556725 0.90465700 0.32504937 1.00000000
-0.06094191 0.20594100 0.07347174 0.20096683 0.89672900 0.39432214 1.00000000
-0.06071642 0.20653200 0.07279344 0.25132248 0.89488500 0.36880533 1.00000000
-0.06012360 0.20552200 0.07392468 0.20956689 0.97085200 0.11631217 1.00000000
-0.06028032 0.20570900 0.07356311 0.27942632 0.91664700 0.28579589 1.00000000
-0.06001838 0.20572500 0.07345785 0.29037262 0.94267700 0.16445009 1.00000000
-0.05999588 0.20566600 0.07369469 0.23374505 0.97058300 0.05772641 1.00000000
-0.05986810 0.20581100 0.07346478 0.28569725 0.95734800 0.04315291 1.00000000
-0.05992892 0.20571300 0.07310877 0.31881714 0.93899100 0.12904090 1.00000000
-0.06091890 0.20680600 0.07233121 0.27584856 0.91231100 0.30265022 1.00000000
-0.06038066 0.20428200 0.07613521 0.11509507 0.97316800 0.19924249 1.00000000
-0.06043300 0.20464300 0.07567987 0.08842979 0.94151800 0.32515342 1.00000000
-0.06046243 0.20586800 0.07408406 0.18825434 0.92970500 0.31655811 1.00000000
-0.06099293 0.20610900 0.07394005 0.13693893 0.85359500 0.50261725 1.00000000
-0.06057793 0.20697000 0.07301454 0.28319287 0.89080100 0.35535195 1.00000000
-0.05993837 0.20590000 0.07387344 0.22012528 0.97489700 0.03348370 1.00000000
-0.05993185 0.20562800 0.07422802 0.18809008 0.98057900 0.05555544 1.00000000
-0.05927357 0.20553200 0.07414213 0.28990832 0.95138100 -0.10405599 1.00000000
-0.05967634 0.20591700 0.07376813 0.26430373 0.96429600 -0.01660523 1.00000000
-0.06042277 0.20333900 0.07721612 0.10758034 0.98771300 0.11335308 1.00000000
-0.06034319 0.20373600 0.07633510 0.17237816 0.97525900 0.13840506 1.00000000
-0.05799295 0.20434500 0.07410918 0.45056185 0.88399100 -0.12471696 1.00000000
-0.05842336 0.20486700 0.07406714 0.41133984 0.90193900 -0.13155054 1.00000000
-0.05798126 0.20466700 0.07418718 0.40942892 0.89773500 -0.16259970 1.00000000
-0.05780768 0.20472300 0.07405781 0.34632163 0.91199100 -0.21984710 1.00000000
-0.05738136 0.20363500 0.07400338 0.33219815 0.92712900 -0.17342541 1.00000000
-0.05751982 0.20387100 0.07407448 0.36448759 0.91878300 -0.15161595 1.00000000
-0.05703517 0.20371800 0.07411787 0.24668178 0.93837600 -0.24207223 1.00000000
-0.05768506 0.20427300 0.07410449 0.36495912 0.91301800 -0.18221549 1.00000000
-0.05705852 0.20374800 0.07425409 0.45869474 0.86983800 -0.18160526 1.00000000
-0.06049855 0.20372900 0.07689705 0.11766762 0.98013100 0.15968023 1.00000000
-0.06010553 0.20375300 0.07673915 0.15379631 0.98697600 0.04717364 1.00000000
-0.05847774 0.20517100 0.07435809 0.40653935 0.89183600 -0.19837989 1.00000000
-0.05487247 0.19843700 0.07983464 0.58507387 0.80935200 0.05136044 1.00000000
-0.05484582 0.19894500 0.08016803 0.68755237 0.71213800 0.14188327 1.00000000
-0.05315667 0.19889200 0.07885509 0.57498110 0.80781600 0.12972933 1.00000000
-0.05412069 0.19957000 0.07978838 0.16385450 0.98554300 0.04310026 1.00000000
-0.05302349 0.19941000 0.07964508 0.62106758 0.77880800 0.08793831 1.00000000
-0.05381416 0.19969000 0.07886019 0.76224447 0.64376000 -0.06749935 1.00000000
-0.05346037 0.19953000 0.07895620 0.73182340 0.68147200 -0.00555068 1.00000000
-0.05355866 0.19997900 0.07840029 0.79903555 0.58789500 -0.12618188 1.00000000
-0.05292471 0.19988400 0.07882363 0.71343521 0.69837100 0.05734646 1.00000000
-0.05280210 0.19943400 0.07887031 0.68485361 0.72303100 0.09056370 1.00000000
-0.05165993 0.19848300 0.07890847 0.13710701 0.95300400 0.27015841 1.00000000
-0.05206996 0.19889100 0.07984960 0.49300642 0.85888700 0.13877151 1.00000000
-0.05187074 0.19875300 0.08013443 0.39739561 0.90637800 0.14337168 1.00000000
-0.05242264 0.19907900 0.07938039 0.43294425 0.88524800 0.16998611 1.00000000
-0.05231406 0.19914600 0.07909092 0.06378080 0.94991600 0.30592667 1.00000000
-0.05209467 0.19911400 0.07906231 0.06378080 0.94991600 0.30592667 1.00000000
-0.05207645 0.19916300 0.07949488 0.43294425 0.88524800 0.16998611 1.00000000
-0.05188049 0.19916100 0.07960253 0.04127011 0.94010600 0.33837558 1.00000000
-0.05169181 0.19872900 0.07943626 0.04127011 0.94010600 0.33837558 1.00000000
-0.05130916 0.19823800 0.08012379 0.38542076 0.91144400 0.14394667 1.00000000
-0.05402616 0.20082700 0.07945488 0.82198704 0.56826500 0.03756973 1.00000000
-0.05527824 0.19942800 0.07631706 0.83760470 0.48725300 -0.24698740 1.00000000
-0.05536893 0.19963300 0.07574267 0.88216782 0.43363600 -0.18368371 1.00000000
-0.05584490 0.20002200 0.07689658 0.82173255 0.51651200 -0.24077369 1.00000000
-0.05543288 0.20079900 0.07709046 0.84084870 0.46106200 -0.28354190 1.00000000
-0.05473109 0.20145300 0.07684703 0.87105668 0.34587400 -0.34875564 1.00000000
-0.05459055 0.20127300 0.07602972 0.87703179 0.43679200 -0.20006924 1.00000000
-0.05445193 0.20283900 0.07813203 0.90254691 0.23461200 -0.36106420 1.00000000
-0.05465176 0.19957800 0.07675890 0.82074306 0.51679000 -0.24353445 1.00000000
-0.05440147 0.19994600 0.07686785 0.82214150 0.51752400 -0.23717576 1.00000000
-0.05474351 0.19975400 0.07655758 0.82826697 0.51974800 -0.20936982 1.00000000
-0.05360134 0.19880300 0.07659574 0.81139426 0.54050000 -0.22248446 1.00000000
-0.05371041 0.20030600 0.07617319 0.85035753 0.49434800 -0.18031146 1.00000000
-0.05369257 0.20057700 0.07530925 0.77776557 0.62025500 -0.10180048 1.00000000
-0.05332718 0.20073900 0.07548331 0.88017766 0.44325400 -0.16974660 1.00000000
-0.05311948 0.20038500 0.07537670 0.75285472 0.64931200 -0.10771834 1.00000000
-0.05295939 0.19938800 0.07562328 0.86879304 0.45188500 -0.20248278 1.00000000
-0.05273480 0.19995100 0.07531794 0.86960458 0.45560500 -0.19029282 1.00000000
-0.05280507 0.20004000 0.07572659 0.83935837 0.52615000 -0.13654222 1.00000000
-0.05466452 0.19990200 0.07734631 0.82199631 0.53547600 -0.19387609 1.00000000
-0.05485317 0.20033400 0.07751244 0.83891408 0.47635200 -0.26327263 1.00000000
-0.05379296 0.19982500 0.07817360 0.79887497 0.58131100 -0.15451975 1.00000000
-0.05390841 0.20025200 0.07681183 0.83140399 0.51683900 -0.20406955 1.00000000
-0.05331188 0.20003000 0.07674302 0.81776662 0.54582900 -0.18256391 1.00000000
-0.05351967 0.20038400 0.07684968 0.82648719 0.53033800 -0.18884099 1.00000000
-0.05389345 0.20043800 0.07706723 0.82790472 0.51030900 -0.23271892 1.00000000
-0.05367503 0.20037800 0.07741163 0.82790472 0.51030900 -0.23271892 1.00000000
-0.05331997 0.19935100 0.07813886 0.76273738 0.63874000 -0.10120497 1.00000000
-0.05313474 0.19972900 0.07808762 0.77523328 0.62366000 -0.10031144 1.00000000
-0.05291195 0.19956100 0.07823622 0.74894279 0.65952400 -0.06412962 1.00000000
-0.05324039 0.19974700 0.07725784 0.79054754 0.59759000 -0.13386484 1.00000000
-0.05424524 0.20065500 0.07622506 0.86501683 0.46726700 -0.18277588 1.00000000
-0.05444879 0.20090100 0.07613589 0.86546107 0.46605600 -0.18376316 1.00000000
-0.05332167 0.20043800 0.07621104 0.84423660 0.51011100 -0.16447343 1.00000000
-0.05255185 0.20049300 0.07471629 0.70690725 0.70096100 -0.09453061 1.00000000
-0.05240069 0.20060700 0.07435004 0.73277112 0.67571300 -0.08036909 1.00000000
-0.05299497 0.20066500 0.07496940 0.74653688 0.65950300 -0.08797102 1.00000000
-0.05360462 0.20074100 0.07859184 0.83875132 0.44644600 -0.31174034 1.00000000
-0.05376973 0.20114300 0.07862189 0.86251566 0.32171900 -0.39059323 1.00000000
-0.05904368 0.21948800 0.09658786 -0.71048506 0.54865800 -0.44066549 0.00000000
-0.05951345 0.21982700 0.09679992 -0.71497291 0.54327800 -0.44007184 0.00000000
-0.05937082 0.22015700 0.09682524 -0.71497291 0.54327800 -0.44007184 0.00000000
-0.05940163 0.22043100 0.09697997 -0.69020947 0.56383800 -0.45354001 0.00000000
-0.05987223 0.22119400 0.09915390 -0.68547128 0.50680900 -0.52275676 0.00000000
-0.05964236 0.22100300 0.09798747 -0.67181923 0.56859800 -0.47471681 0.00000000
-0.05962731 0.22051400 0.09795048 -0.64882723 0.60035400 -0.46754456 0.00000000
-0.05912152 0.22117100 0.09759953 -0.65559972 0.59480400 -0.46518449 0.00000000
-0.05973169 0.22101400 0.09833659 -0.67765878 0.55198900 -0.48588724 0.00000000
-0.05990016 0.22155300 0.09818929 -0.66895900 0.54913100 -0.50094809 0.00000000
-0.05942712 0.22107800 0.09815464 -0.67181923 0.56859800 -0.47471681 0.00000000
-0.05996712 0.22150600 0.09877521 -0.68527203 0.50552800 -0.52425510 0.00000000
-0.05892553 0.22184300 0.09799939 -0.70323754 0.51892800 -0.48597417 0.00000000
-0.06053582 0.22204400 0.10010102 -0.66820441 0.51706300 -0.53492811 0.00000000
-0.06013313 0.22255500 0.09947056 -0.67234017 0.51050300 -0.53604571 0.00000000
-0.06003748 0.22159600 0.09918391 -0.68547128 0.50680900 -0.52275676 0.00000000
-0.05970820 0.22143800 0.09978924 -0.68547128 0.50680900 -0.52275676 0.00000000
-0.05998006 0.22183000 0.09936270 -0.68547128 0.50680900 -0.52275676 0.00000000
-0.05949185 0.22154200 0.09958322 -0.68932008 0.49888800 -0.52530772 0.00000000
-0.06013174 0.22236200 0.10039393 -0.64562814 0.54365400 -0.53628837 0.00000000
-0.06005347 0.22205600 0.09959399 -0.68210832 0.50848100 -0.52552298 0.00000000
-0.06006632 0.22238000 0.10018144 -0.64562814 0.54365400 -0.53628837 0.00000000
-0.05886808 0.22207700 0.09817805 -0.73333687 0.47203300 -0.48928824 0.00000000
-0.05902121 0.21875600 0.09653250 -0.70609201 0.55530900 -0.43939300 0.00000000
-0.06048994 0.22443200 0.10266734 -0.85201073 0.40475000 -0.33204731 0.00000000
-0.06036315 0.22454800 0.10281045 -0.85201073 0.40475000 -0.33204731 0.00000000
-0.06038681 0.22345000 0.10106556 -0.73663592 0.48976500 -0.46636657 0.00000000
-0.06012924 0.22357400 0.10115608 -0.75076579 0.47749100 -0.45645603 0.00000000
-0.06041767 0.22372400 0.10122020 -0.76051647 0.47079600 -0.44717566 0.00000000
-0.06036624 0.22355700 0.10075179 -0.69589402 0.52193900 -0.49326552 0.00000000
-0.06020196 0.22245200 0.10080267 -0.66328024 0.53527100 -0.52301499 0.00000000
-0.06014459 0.22268600 0.10098138 -0.66563774 0.54403300 -0.51083721 0.00000000
-0.05997127 0.22274200 0.10085215 -0.65990873 0.53679100 -0.52571528 0.00000000
-0.05858374 0.22338300 0.09889412 -0.67255435 0.51726000 -0.52925719 0.00000000
-0.05875088 0.22305500 0.09937812 -0.67234017 0.51050300 -0.53604571 0.00000000
-0.06050673 0.22373600 0.10156918 -0.77648913 0.45967600 -0.43100113 0.00000000
-0.06026118 0.22421200 0.10187411 -0.78819656 0.46867000 -0.39886786 0.00000000
-0.06050280 0.22475600 0.10325479 -0.84103439 0.42730300 -0.33177293 0.00000000
-0.06032458 0.22470400 0.10292949 -0.85162814 0.40938800 -0.32730919 0.00000000
-0.06026721 0.22493800 0.10310820 -0.84103439 0.42730300 -0.33177293 0.00000000
-0.06048797 0.22494200 0.10351015 -0.90678534 0.33691600 -0.25343262 0.00000000
-0.06036033 0.22508600 0.10328021 -0.82214056 0.45564700 -0.34127983 0.00000000
-0.06029806 0.22521200 0.10326284 -0.82214056 0.45564700 -0.34127983 0.00000000
-0.06061996 0.22558000 0.10422808 -0.95697522 0.24923400 -0.14859293 0.00000000
-0.06056853 0.22541200 0.10375967 -0.95818169 0.24289000 -0.15130056 0.00000000
-0.06044085 0.22555600 0.10352982 -0.86546461 0.41028100 -0.28747099 0.00000000
-0.06015640 0.22551400 0.10366139 -0.86546461 0.41028100 -0.28747099 0.00000000
-0.06053800 0.22581200 0.10389743 -0.96379330 0.22531300 -0.14260625 0.00000000
-0.06018725 0.22578800 0.10381603 -0.96379330 0.22531300 -0.14260625 0.00000000
-0.06062249 0.22549500 0.10534723 -0.87439963 0.43903500 -0.20657402 0.00000000
-0.06077701 0.22551700 0.10553613 -0.87437630 0.44249200 -0.19916679 0.00000000
-0.06051228 0.22539700 0.10560842 -0.87437630 0.44249200 -0.19916679 0.00000000
-0.06102460 0.22568700 0.10589712 -0.86717739 0.45946600 -0.19207693 0.00000000
-0.06076218 0.22570300 0.10579149 -0.86961355 0.45238900 -0.19777552 0.00000000
-0.06069018 0.22567000 0.10463682 -0.94646832 0.28177200 -0.15748553 0.00000000
-0.06049485 0.22563900 0.10511729 -0.90741554 0.37575000 -0.18817397 0.00000000
-0.06056254 0.22581400 0.10440688 -0.94646832 0.28177200 -0.15748553 0.00000000
-0.06059026 0.22595200 0.10473889 -0.92521196 0.33278400 -0.18231259 0.00000000
-0.06045375 0.22588000 0.10411718 -0.95697522 0.24923400 -0.14859293 0.00000000
-0.06041518 0.22603600 0.10423622 -0.94646832 0.28177200 -0.15748553 0.00000000
-0.05988396 0.22582400 0.10400736 -0.96379330 0.22531300 -0.14260625 0.00000000
-0.06018131 0.22619000 0.10446315 -0.92521196 0.33278400 -0.18231259 0.00000000
-0.06014274 0.22634600 0.10458219 -0.90741554 0.37575000 -0.18817397 0.00000000
-0.05983262 0.22678300 0.10542017 -0.87168062 0.45637900 -0.17858054 0.00000000
-0.06008224 0.22644400 0.10493827 -0.87439963 0.43903500 -0.20657402 0.00000000
-0.06013189 0.22664000 0.10503324 -0.87437630 0.44249200 -0.19916679 0.00000000
-0.06031353 0.22657900 0.10685065 -0.86646121 0.46952200 -0.16968648 0.00000000
-0.06036725 0.22691100 0.10676865 -0.86646121 0.46952200 -0.16968648 0.00000000
-0.06006223 0.22697500 0.10658645 -0.86646121 0.46952200 -0.16968648 0.00000000
-0.06021643 0.22632300 0.10648295 -0.86675853 0.46620100 -0.17716211 0.00000000
-0.05995082 0.22623100 0.10618228 -0.86675853 0.46620100 -0.17716211 0.00000000
-0.05991230 0.22638700 0.10630123 -0.86675853 0.46620100 -0.17716211 0.00000000
-0.06014022 0.22663500 0.10672142 -0.86646121 0.46952200 -0.16968648 0.00000000
-0.06001253 0.22677900 0.10649157 -0.86646121 0.46952200 -0.16968648 0.00000000
-0.05997316 0.22696300 0.10623747 -0.86675853 0.46620100 -0.17716211 0.00000000
-0.05976441 0.22731100 0.10604992 -0.86646121 0.46952200 -0.16968648 0.00000000
-0.05999968 0.22645500 0.10590412 -0.87168062 0.45637900 -0.17858054 0.00000000
-0.05994231 0.22668900 0.10608283 -0.86675853 0.46620100 -0.17716211 0.00000000
-0.05323796 0.19149800 0.06556370 0.65559972 -0.59480400 0.46518449 0.00000000
-0.05358757 0.19289800 0.06585644 0.61913773 -0.57339800 0.53654709 0.00000000
-0.05356417 0.19286800 0.06572031 0.61912747 -0.57479800 0.53505913 0.00000000
-0.05350672 0.19310200 0.06589898 0.60909643 -0.57476800 0.54648188 0.00000000
-0.05363766 0.19309400 0.06595165 0.60909643 -0.57476800 0.54648188 0.00000000
-0.05369526 0.19353500 0.06606529 0.59459784 -0.57927100 0.55758338 0.00000000
-0.05347563 0.19215400 0.06545199 0.65514678 -0.58279000 0.48076934 0.00000000
-0.05339893 0.19246600 0.06569031 0.62240541 -0.57865800 0.52703661 0.00000000
-0.05363772 0.19376900 0.06624390 0.59008186 -0.57878000 0.56286536 0.00000000
-0.05381559 0.19382000 0.06656902 0.57561178 -0.58293700 0.57345844 0.00000000
-0.05362281 0.19395500 0.06649921 0.57561178 -0.58293700 0.57345844 0.00000000
-0.05378148 0.19408400 0.06688389 0.57115959 -0.58094200 0.57989987 0.00000000
-0.05393484 0.19413500 0.06669969 0.57561178 -0.58293700 0.57345844 0.00000000
-0.05372496 0.19429000 0.06743565 0.56211026 -0.58621600 0.58342333 0.00000000
-0.05363549 0.19427800 0.06708657 0.56444912 -0.58582400 0.58155570 0.00000000
-0.05350785 0.19442300 0.06685662 0.56444912 -0.58582400 0.58155570 0.00000000
-0.05359718 0.19443400 0.06720575 0.56444912 -0.58582400 0.58155570 0.00000000
-0.05342877 0.19457000 0.06764531 0.55652596 -0.58759200 0.58737966 0.00000000
-0.05296981 0.19461200 0.06727441 0.56444912 -0.58582400 0.58155570 0.00000000
-0.05364596 0.19443800 0.06822438 0.54875141 -0.57995600 0.60209887 0.00000000
-0.05370683 0.19501400 0.06816061 0.53336361 -0.57894700 0.61672011 0.00000000
-0.05363758 0.19489600 0.06812511 0.54538660 -0.57439400 0.61043047 0.00000000
-0.05379114 0.19562100 0.06823311 0.46693392 -0.59458500 0.65455400 0.00000000
-0.05376019 0.19534600 0.06807842 0.51553976 -0.57936000 0.63131637 0.00000000
-0.05364413 0.19584300 0.06806264 0.46693392 -0.59458500 0.65455400 0.00000000
-0.05376347 0.19615700 0.06819336 0.46226191 -0.60126000 0.65176667 0.00000000
-0.05363458 0.19183100 0.06424776 0.67002128 -0.60093800 0.43582665 0.00000000
-0.05363916 0.19216000 0.06314694 0.67609491 -0.60142100 0.42566297 0.00000000
-0.05377541 0.19223100 0.06376850 0.67609491 -0.60142100 0.42566297 0.00000000
-0.05351003 0.19211100 0.06384055 0.67609491 -0.60142100 0.42566297 0.00000000
-0.05348761 0.19205300 0.06407743 0.67002128 -0.60093800 0.43582665 0.00000000
-0.05386279 0.19230000 0.06337138 0.67609491 -0.60142100 0.42566297 0.00000000
-0.05355924 0.19233500 0.06356257 0.68478972 -0.59758800 0.41707420 0.00000000
-0.05330565 0.19256700 0.06384879 0.66726525 -0.59613500 0.44652049 0.00000000
-0.05362809 0.19155800 0.06460248 0.66726525 -0.59613500 0.44652049 0.00000000
-0.05350130 0.19167400 0.06474559 0.66726525 -0.59613500 0.44652049 0.00000000
-0.05351304 0.19202600 0.06495984 0.65559972 -0.59480400 0.46518449 0.00000000
-0.05329687 0.19213000 0.06475391 0.65559972 -0.59480400 0.46518449 0.00000000
-0.05341943 0.19190700 0.06441498 0.66726525 -0.59613500 0.44652049 0.00000000
-0.05338625 0.19214200 0.06510295 0.65514678 -0.58279000 0.48076934 0.00000000
-0.05325852 0.19228600 0.06487296 0.65514678 -0.58279000 0.48076934 0.00000000
-0.05325330 0.19220700 0.06430412 0.66726525 -0.59613500 0.44652049 0.00000000
-0.05319576 0.19244100 0.06448274 0.65559972 -0.59480400 0.46518449 0.00000000
-0.05315745 0.19259700 0.06460192 0.65514678 -0.58279000 0.48076934 0.00000000
-0.05350808 0.19216800 0.06309430 0.67609491 -0.60142100 0.42566297 0.00000000
-0.05341725 0.19309100 0.06554989 0.61912747 -0.57479800 0.53505913 0.00000000
-0.05319068 0.19303500 0.06420620 0.65514678 -0.58279000 0.48076934 0.00000000
-0.05337885 0.19324700 0.06566903 0.61913773 -0.57339800 0.53654709 0.00000000
-0.05343328 0.19355100 0.06595989 0.60909643 -0.57476800 0.54648188 0.00000000
-0.05330229 0.19355900 0.06590730 0.60909643 -0.57476800 0.54648188 0.00000000
-0.05339489 0.19370700 0.06607903 0.59231227 -0.57973400 0.55953017 0.00000000
-0.05339800 0.19249400 0.06531721 0.63888528 -0.58093900 0.50431715 0.00000000
-0.05322772 0.19268700 0.06501057 0.64873673 -0.58193200 0.49040455 0.00000000
-0.05287720 0.19266300 0.06492919 0.65514678 -0.58279000 0.48076934 0.00000000
-0.05335965 0.19265000 0.06543626 0.62678331 -0.58176400 0.51835541 0.00000000
-0.05292959 0.19302300 0.06447398 0.65514678 -0.58279000 0.48076934 0.00000000
-0.05326385 0.19371500 0.06602630 0.59459784 -0.57927100 0.55758338 0.00000000
-0.05349504 0.19409900 0.06626931 0.57561178 -0.58293700 0.57345844 0.00000000
-0.05461960 0.19732600 0.07079910 0.97222268 0.12954500 0.19494086 0.00000000
-0.05464631 0.19749200 0.07075796 0.97125192 0.12325600 0.20366180 0.00000000
-0.05474654 0.19788400 0.07094829 0.97722145 0.11999700 0.17504134 0.00000000
-0.05458466 0.19829300 0.07103326 0.98306455 0.18287300 0.01192689 0.00000000
-0.05433335 0.19801500 0.07047673 0.97311903 0.11395400 0.20013377 0.00000000
-0.05591575 0.19988000 0.07441976 0.78548870 0.60818200 -0.11455079 0.00000000
-0.05576939 0.19987000 0.07136387 0.95629492 0.29217300 -0.01160937 0.00000000
-0.05564167 0.20001400 0.07113388 0.96463484 0.26339700 0.01008217 0.00000000
-0.05570867 0.19996700 0.07171993 0.95197539 0.30584600 -0.01414674 0.00000000
-0.05544240 0.19987500 0.07141879 0.95743417 0.28712200 -0.02965761 0.00000000
-0.05547657 0.20028600 0.07139617 0.96298944 0.26773500 0.03111962 0.00000000
-0.05470592 0.19855000 0.07191009 0.95068364 0.28852800 -0.11380436 0.00000000
-0.05552002 0.19886100 0.07126146 0.96537468 0.25829600 0.03653627 0.00000000
-0.05541140 0.19892700 0.07097185 0.96678710 0.23682400 0.09610753 0.00000000
-0.05563932 0.19917500 0.07139204 0.95926099 0.27903100 0.04427197 0.00000000
-0.05551155 0.19931900 0.07116214 0.95917625 0.27697000 0.05717487 0.00000000
-0.05549113 0.19920500 0.07214517 0.94202813 0.32746300 -0.07314960 0.00000000
-0.05561374 0.19965500 0.07209849 0.94271467 0.33116600 -0.04023696 0.00000000
-0.05491371 0.19890400 0.07201674 0.95461952 0.28580900 -0.08374754 0.00000000
-0.05464846 0.19878400 0.07208875 0.94940496 0.29649700 -0.10353165 0.00000000
-0.05438547 0.19950300 0.07190255 0.96336588 0.26085100 -0.06231124 0.00000000
-0.05589727 0.20040000 0.07188616 0.94121475 0.33741300 0.01637867 0.00000000
-0.05581838 0.20122100 0.07296705 0.85874184 0.51177100 0.02554502 0.00000000
-0.05453666 0.19691200 0.06980309 0.42538821 -0.51361900 0.74514514 0.00000000
-0.05460693 0.19700200 0.07021174 0.94635853 0.01535690 0.32275422 0.00000000
-0.05434061 0.19691000 0.06991069 0.47557560 -0.48852500 0.73155441 0.00000000
-0.05419679 0.19592000 0.06897845 0.33774658 -0.61491500 0.71260466 0.00000000
-0.05405094 0.19611400 0.06918108 0.33774658 -0.61491500 0.71260466 0.00000000
-0.05396147 0.19610200 0.06883200 0.35443206 -0.61198700 0.70700152 0.00000000
-0.05422452 0.19605800 0.06931045 0.33774658 -0.61491500 0.71260466 0.00000000
-0.05411692 0.19609600 0.06939399 0.33908853 -0.61848700 0.70886709 0.00000000
-0.05414786 0.19637000 0.06954868 0.29808615 -0.61869000 0.72688839 0.00000000
-0.05392307 0.19625800 0.06895114 0.33774658 -0.61491500 0.71260466 0.00000000
-0.05384651 0.19657100 0.06918941 0.31734292 -0.61937900 0.71809704 0.00000000
-0.05354184 0.19663500 0.06900741 0.33908853 -0.61848700 0.70886709 0.00000000
-0.05428632 0.19660600 0.06961979 0.25951924 -0.62697400 0.73454276 0.00000000
-0.05397423 0.19642600 0.06941940 0.29808615 -0.61869000 0.72688839 0.00000000
-0.05391669 0.19666000 0.06959802 0.29808615 -0.61869000 0.72688839 0.00000000
-0.05380816 0.19672700 0.06930846 0.29808615 -0.61869000 0.72688839 0.00000000
-0.05385919 0.19689400 0.06977677 0.35916473 -0.56996600 0.73901323 0.00000000
-0.05458773 0.19708000 0.07027131 0.93310065 -0.00971156 0.35948525 0.00000000
-0.05419470 0.19710400 0.07011341 0.91045009 -0.04947160 0.41064999 0.00000000
-0.05424154 0.19716400 0.07038580 0.94356130 0.02381480 0.33033994 0.00000000
-0.05447268 0.19754800 0.07062867 0.96734235 0.08596650 0.23845073 0.00000000
-0.05392205 0.19741400 0.07045915 0.93196881 -0.00137622 0.36253591 0.00000000
-0.05408618 0.19717100 0.06982386 0.84375054 -0.13524500 0.51941598 0.00000000
-0.05411381 0.19730800 0.07015581 0.96673750 0.10454200 0.23343166 0.00000000
-0.05380164 0.19712800 0.06995538 0.67617059 -0.32923600 0.65908774 0.00000000
-0.05353639 0.19700800 0.07002739 0.67190328 -0.34531500 0.65521283 0.00000000
-0.05371762 0.19787000 0.07046748 0.98415706 0.16256400 0.07076147 0.00000000
-0.05422118 0.19839800 0.07195343 0.95141649 0.28015900 -0.12773829 0.00000000
-0.05440232 0.19858600 0.07210114 0.95336198 0.27804100 -0.11745038 0.00000000
-0.05575299 0.20099000 0.07442389 0.76554951 0.64182700 -0.04463769 0.00000000
-0.05575952 0.20126300 0.07406931 0.77690399 0.62933800 -0.01880644 0.00000000
-0.05600011 0.20116000 0.07478451 0.76181965 0.64227000 -0.08438601 0.00000000
-0.05646048 0.20198500 0.07452415 0.80033116 0.59954900 -0.00340709 0.00000000
-0.05607073 0.20214500 0.07418885 0.46208104 0.88678300 0.00986474 0.00000000
-0.05621341 0.20181500 0.07416344 0.49525494 0.86837000 0.02560514 0.00000000
-0.05580723 0.20062000 0.07442254 0.78883861 0.60994400 -0.07551560 0.00000000
-0.05546668 0.20100500 0.07380927 0.80635367 0.59123200 -0.01541219 0.00000000
-0.05505953 0.20051200 0.07398748 0.84066900 0.53752600 -0.06589497 0.00000000
-0.05544519 0.20091800 0.07441925 0.80665846 0.58745300 -0.06481385 0.00000000
-0.05552068 0.20108800 0.07539674 0.92566818 0.36789800 -0.08825982 0.00000000
-0.05532176 0.20184500 0.07467734 0.81008262 0.57907100 -0.09188351 0.00000000
-0.05602663 0.20245400 0.07662466 0.55022861 0.44183900 -0.70853845 0.00000000
-0.05668231 0.20285600 0.07429465 0.66376005 0.74705500 -0.03648532 0.00000000
-0.05599407 0.20245700 0.07442708 0.24570691 0.96934300 0.00119709 0.00000000
-0.05627209 0.20290100 0.07494247 0.73548606 0.65999500 -0.15319017 0.00000000
-0.05567643 0.20197700 0.07495451 0.72863935 0.67540000 -0.11365934 0.00000000
-0.05547625 0.20254100 0.07515844 0.84976878 0.47504400 -0.22853266 0.00000000
-0.05618564 0.20280500 0.07571269 0.59923419 0.66536600 -0.44520381 0.00000000
-0.05581041 0.20255800 0.07641859 0.61031850 0.49523700 -0.61826480 0.00000000
-0.05609817 0.20273600 0.07610976 0.56070421 0.59325200 -0.57763521 0.00000000
-0.05612809 0.20303900 0.07589130 0.54867690 0.63782700 -0.54048984 0.00000000
-0.05570184 0.20262400 0.07612913 0.69429827 0.52973400 -0.48716824 0.00000000
-0.05561674 0.20272000 0.07597583 0.74586171 0.49599700 -0.44460900 0.00000000
-0.05660430 0.20297500 0.07545639 0.56577648 0.73959900 -0.36454089 0.00000000
-0.05633905 0.20285500 0.07552839 0.58761745 0.70705900 -0.39341209 0.00000000
-0.05614309 0.20285300 0.07563604 0.61637357 0.67488600 -0.40572433 0.00000000
-0.05619212 0.20307700 0.07535797 0.63186348 0.70008000 -0.33262082 0.00000000
-0.05669508 0.20318000 0.07488205 0.63364104 0.75181900 -0.18239066 0.00000000
-0.05621454 0.20313500 0.07512109 0.61996761 0.73284300 -0.28032307 0.00000000
-0.05575003 0.20287700 0.07547801 0.71445516 0.60655700 -0.34877203 0.00000000
-0.05554647 0.20263100 0.07556718 0.84339536 0.45739500 -0.28190936 0.00000000
-0.05572239 0.20273900 0.07514605 0.89842598 0.41366700 -0.14734775 0.00000000
-0.05558994 0.20188000 0.07572458 0.88820053 0.42402800 -0.17691914 0.00000000
-0.05530685 0.20203100 0.07493265 0.83675268 0.53194400 -0.12992699 0.00000000
-0.05592691 0.20115500 0.07325661 0.82315826 0.56741800 0.02114563 0.00000000
-0.05530465 0.20073900 0.07360194 0.86730352 0.49621900 -0.03938009 0.00000000
-0.05575138 0.20306900 0.07455450 0.31039851 0.93470100 -0.17316545 0.00000000
-0.05565203 0.20264900 0.07473735 0.67445888 0.72188800 -0.15486650 0.00000000
-0.05681956 0.20537500 0.07775506 0.02677378 0.67104800 -0.74093044 0.00000000
-0.05619770 0.20585400 0.07709600 0.01150770 0.65681600 -0.75396278 0.00000000
-0.05592323 0.20260000 0.07690389 0.55280686 0.40219300 -0.72982607 0.00000000
-0.05577826 0.20276600 0.07747971 0.68345395 0.39479200 -0.61402810 0.00000000
-0.05585505 0.20312800 0.07753378 0.54252649 0.42073700 -0.72707984 0.00000000
-0.05618769 0.20342200 0.07675109 0.36942207 0.43538100 -0.82095731 0.00000000
-0.05618998 0.20358700 0.07620068 0.42930134 0.52380000 -0.73575439 0.00000000
-0.05613239 0.20382100 0.07637938 0.38857004 0.41725100 -0.82153189 0.00000000
-0.05602151 0.20304800 0.07634798 0.47989971 0.50118300 -0.72007794 0.00000000
-0.05611971 0.20349700 0.07579203 0.48398930 0.65050600 -0.58531730 0.00000000
-0.05615065 0.20377100 0.07594672 0.48048308 0.59186900 -0.64716815 0.00000000
-0.05609306 0.20400500 0.07612542 0.40112439 0.48242100 -0.77869712 0.00000000
-0.05631026 0.20387300 0.07670449 0.36834823 0.40680800 -0.83595868 0.00000000
-0.05625280 0.20410700 0.07688316 0.32117083 0.44209200 -0.83749843 0.00000000
-0.05600237 0.20380100 0.07669980 0.35447144 0.39668100 -0.84675510 0.00000000
-0.05636133 0.20404100 0.07717271 0.28179119 0.45385900 -0.84534377 0.00000000
-0.05610588 0.20432900 0.07671273 0.30969277 0.40987500 -0.85795877 0.00000000
-0.05619521 0.20434100 0.07706186 0.23563833 0.47468100 -0.84802824 0.00000000
-0.05558362 0.20363000 0.07695606 0.42084783 0.35441400 -0.83503157 0.00000000
-0.05538864 0.20360000 0.07743671 0.50554447 0.31168000 -0.80453760 0.00000000
-0.05605153 0.20402500 0.07642192 0.36062944 0.37922800 -0.85213456 0.00000000
-0.05528743 0.20323600 0.07687337 0.59694577 0.30130400 -0.74355315 0.00000000
-0.05631655 0.20459800 0.07793873 0.08092097 0.59408500 -0.80032160 0.00000000
-0.05629600 0.20448400 0.07892180 -0.79467241 0.48138700 -0.36981374 0.00000000
-0.05627816 0.20475400 0.07805786 -0.10609900 0.65972900 -0.74397629 0.00000000
-0.05630374 0.20427500 0.07735141 0.22114596 0.47912000 -0.84943404 0.00000000
-0.05620373 0.20455700 0.07745343 0.16810622 0.49203000 -0.85419395 0.00000000
-0.05614619 0.20479100 0.07763204 0.08274627 0.55003900 -0.83102951 0.00000000
-0.05577236 0.20473700 0.07741458 0.07103373 0.47755400 -0.87572580 0.00000000
-0.05612192 0.20546300 0.07741507 -0.08576584 0.64620300 -0.75833128 0.00000000
-0.05559986 0.20543900 0.07795061 -0.30864991 0.58252400 -0.75193171 0.00000000
-0.05550186 0.20521100 0.07720995 -0.11173191 0.55110000 -0.82692440 0.00000000
-0.05581403 0.20539100 0.07741038 -0.20350613 0.62297800 -0.75530387 0.00000000
-0.05544441 0.20544500 0.07738861 -0.26153409 0.60654800 -0.75079900 0.00000000
-0.05565215 0.20579900 0.07749536 -0.26792008 0.62799800 -0.73064122 0.00000000
-0.05773133 0.21019100 0.08248602 0.84926739 0.50811800 -0.14339064 0.00000000
-0.05775570 0.21019300 0.08299538 0.58211872 0.76462000 -0.27657743 0.00000000
-0.05769824 0.21042700 0.08317404 0.53484515 0.79941000 -0.27364809 0.00000000
-0.05755550 0.21008300 0.08290720 0.28111435 0.89270500 -0.35221057 0.00000000
-0.05732439 0.20609500 0.07831745 -0.09226565 0.69032400 -0.71759351 0.00000000
-0.05728906 0.20616700 0.07955580 -0.64587662 0.25041400 -0.72120519 0.00000000
-0.05738305 0.20650700 0.07880415 -0.21559570 0.51170000 -0.83167413 0.00000000
-0.05738432 0.20670000 0.07788059 0.15335333 0.61772700 -0.77129568 0.00000000
-0.05631881 0.20723900 0.07985402 -0.62431060 0.23892700 -0.74374068 0.00000000
-0.05752035 0.20789900 0.08038331 -0.04573621 0.53978600 -0.84055941 0.00000000
-0.05750115 0.20797700 0.08044288 -0.01949906 0.54381400 -0.83897963 0.00000000
-0.05726914 0.20829600 0.08011916 -0.76521039 -0.00635163 -0.64374918 0.00000000
-0.05584393 0.20816900 0.07965763 -0.26430793 0.52210500 -0.81089330 0.00000000
-0.05590220 0.20588400 0.07897523 -0.64200121 0.36963500 -0.67171757 0.00000000
-0.05641652 0.20611800 0.08001008 -0.74959587 0.11849300 -0.65120246 0.00000000
-0.05597242 0.20597400 0.07938397 -0.71091380 0.26342400 -0.65208125 0.00000000
-0.05623674 0.20612300 0.07893886 -0.60611294 0.35967600 -0.70940800 0.00000000
-0.05597140 0.20600300 0.07901082 -0.63475567 0.36748900 -0.67973313 0.00000000
-0.05614094 0.20651300 0.07923657 -0.70126203 0.17061200 -0.69218739 0.00000000
-0.05616861 0.20665100 0.07956866 -0.75717997 0.08727400 -0.64735019 0.00000000
-0.05561030 0.20627200 0.07938062 -0.60141806 0.30550400 -0.73821620 0.00000000
-0.05564641 0.20595200 0.07981190 -0.74140291 0.17885500 -0.64678665 0.00000000
-0.05608558 0.20623700 0.07857261 -0.37704226 0.52186500 -0.76517689 0.00000000
-0.05550825 0.20593700 0.07844423 -0.39384591 0.53983900 -0.74394789 0.00000000
-0.05586287 0.20606900 0.07872126 -0.49369224 0.45300600 -0.74232923 0.00000000
-0.05591102 0.20632100 0.07807023 -0.27747091 0.58790300 -0.75985557 0.00000000
-0.05520027 0.20586500 0.07843949 -0.39535052 0.51881500 -0.75797726 0.00000000
-0.05551799 0.20634500 0.07791234 -0.27594121 0.59992000 -0.75096822 0.00000000
-0.05570528 0.20658500 0.07900198 -0.48180889 0.38074200 -0.78923754 0.00000000
-0.05631974 0.20653600 0.07993478 -0.68245674 0.16813400 -0.71132459 0.00000000
-0.05740759 0.20853200 0.08019026 -0.77178243 -0.01671770 -0.63566740 0.00000000
-0.05625947 0.20887800 0.07987104 0.12244793 0.69792700 -0.70562289 0.00000000
-0.05684124 0.20996000 0.08048746 0.66000682 0.62365800 -0.41885749 0.00000000
-0.05612536 0.20942400 0.08028793 -0.78808200 -0.03024880 -0.61482643 0.00000000
-0.05759517 0.21012000 0.08186450 0.70294011 0.62345000 -0.34232292 0.00000000
-0.05740565 0.21039000 0.08161752 0.70350969 0.62077500 -0.34599494 0.00000000
-0.05725020 0.21039600 0.08105553 0.71612092 0.56945200 -0.40360321 0.00000000
-0.05693485 0.21008000 0.08103232 0.71752189 0.57373200 -0.39496088 0.00000000
-0.05667706 0.21020400 0.08112284 0.71752189 0.57373200 -0.39496088 0.00000000
-0.05678695 0.21033000 0.08048889 0.68888198 0.59907100 -0.40811078 0.00000000
-0.05673793 0.21078000 0.08105908 0.70544200 0.58871600 -0.39467109 0.00000000
-0.05657190 0.21108100 0.08094827 0.68737645 0.61981700 -0.37860221 0.00000000
-0.05579609 0.20994000 0.08118560 0.59352016 0.67496300 -0.43835944 0.00000000
-0.05625973 0.21090000 0.08074784 0.70938836 0.58250700 -0.39680430 0.00000000
-0.05599448 0.21078000 0.08081984 0.71554556 0.59129600 -0.37197239 0.00000000
-0.05573894 0.21106900 0.08035982 0.67875936 0.64461700 -0.35178724 0.00000000
-0.05754898 0.21048500 0.08355412 0.50531533 0.81311300 -0.28896968 0.00000000
-0.05748300 0.21050300 0.08334121 0.52392951 0.80858400 -0.26775032 0.00000000
-0.05744474 0.21065900 0.08346030 0.50531533 0.81311300 -0.28896968 0.00000000
-0.05749153 0.21071900 0.08373278 0.45157377 0.84332300 -0.29135543 0.00000000
-0.05760434 0.21076100 0.08421808 0.39906753 0.85976700 -0.31866111 0.00000000
-0.05785892 0.21117500 0.08459721 0.42433807 0.86234200 -0.27622927 0.00000000
-0.05761087 0.21103300 0.08386350 0.44139059 0.84493000 -0.30210446 0.00000000
-0.05768432 0.21125900 0.08409470 0.41844692 0.85751500 -0.29928086 0.00000000
-0.05765849 0.21039000 0.08421668 0.40969196 0.86573200 -0.28750869 0.00000000
-0.05701848 0.21024400 0.08369813 0.53434745 0.80198300 -0.26701453 0.00000000
-0.05723695 0.21030500 0.08335364 0.58744865 0.75948100 -0.27945065 0.00000000
-0.05665543 0.21057100 0.08332169 0.47542574 0.82649600 -0.30145362 0.00000000
-0.05649019 0.21016800 0.08329168 0.64187770 0.71432600 -0.27880413 0.00000000
-0.05639005 0.21045100 0.08339373 0.57994121 0.76189700 -0.28841356 0.00000000
-0.05707088 0.21127900 0.08353504 0.49277823 0.82097000 -0.28840496 0.00000000
-0.05631339 0.21076300 0.08363196 0.59037389 0.75291700 -0.29081700 0.00000000
-0.05886836 0.21172000 0.08672649 -0.13692298 0.73671200 -0.66219880 0.00000000
-0.05842764 0.21238600 0.08621514 -0.15308447 0.75784900 -0.63421679 0.00000000
-0.05835745 0.21229700 0.08580653 -0.17536149 0.79626200 -0.57897722 0.00000000
-0.05829995 0.21253100 0.08598528 -0.17188659 0.77074100 -0.61352515 0.00000000
-0.05807301 0.21225400 0.08593810 -0.17043801 0.78416100 -0.59669222 0.00000000
-0.05751479 0.21187600 0.08575011 -0.03725973 0.83797100 -0.54444121 0.00000000
-0.05736586 0.21215500 0.08483353 0.29091893 0.87546900 -0.38590198 0.00000000
-0.05729564 0.21206500 0.08442479 0.34005133 0.86918500 -0.35900171 0.00000000
-0.05793675 0.21218300 0.08531654 0.23006352 0.89217600 -0.38870653 0.00000000
-0.05762891 0.21211100 0.08531199 0.17176319 0.88217400 -0.43848150 0.00000000
-0.05755217 0.21242300 0.08555017 -0.02815538 0.83058000 -0.55618634 0.00000000
-0.05714647 0.21212300 0.08480492 0.28496870 0.87909800 -0.38207217 0.00000000
-0.05709544 0.21195500 0.08433661 0.29775005 0.87489100 -0.38198279 0.00000000
-0.05720174 0.21239900 0.08546883 -0.03455393 0.83738600 -0.54551919 0.00000000
-0.05790231 0.21222600 0.08692807 -0.20095219 0.72234000 -0.66169685 0.00000000
-0.05795236 0.21242200 0.08702315 -0.19563413 0.74428300 -0.63856872 0.00000000
-0.05822321 0.21284300 0.08622346 -0.15494992 0.75378600 -0.63858998 0.00000000
-0.05819235 0.21256900 0.08606882 -0.17188659 0.77074100 -0.61352515 0.00000000
-0.05793032 0.21258500 0.08596351 -0.17188659 0.77074100 -0.61352515 0.00000000
-0.05809641 0.21295900 0.08636657 -0.14305822 0.73892400 -0.65842659 0.00000000
-0.05817214 0.21267500 0.08575524 -0.13791017 0.78446900 -0.60464060 0.00000000
-0.05800703 0.21294700 0.08601753 -0.15370403 0.75061500 -0.64261338 0.00000000
-0.05749471 0.21265700 0.08572883 -0.18896007 0.77332500 -0.60519629 0.00000000
-0.05747975 0.21284300 0.08598423 -0.15849036 0.75402500 -0.63743706 0.00000000
-0.05750739 0.21298100 0.08631619 -0.17532198 0.72124200 -0.67012905 0.00000000
-0.05749048 0.21322300 0.08582534 -0.13794852 0.75479800 -0.64128794 0.00000000
-0.05760661 0.21340100 0.08613337 -0.13963174 0.73234600 -0.66646274 0.00000000
-0.05739243 0.21344900 0.08667360 -0.16300288 0.74566400 -0.64607587 0.00000000
-0.05825294 0.21359800 0.08759396 -0.18326484 0.76738700 -0.61443583 0.00000000
-0.05826138 0.21381400 0.08798548 -0.19642529 0.77101800 -0.60576296 0.00000000
-0.05737752 0.21363500 0.08692891 -0.18306585 0.74461500 -0.64189922 0.00000000
-0.05754692 0.21414500 0.08715470 -0.20681582 0.76337500 -0.61195226 0.00000000
-0.05736685 0.21392800 0.08738005 -0.23305322 0.74800800 -0.62142653 0.00000000
-0.05882389 0.21430000 0.08836922 -0.24088337 0.77499900 -0.58425337 0.00000000
-0.05838399 0.21426400 0.08793880 -0.20602410 0.77012800 -0.60370168 0.00000000
-0.05869611 0.21444500 0.08813932 -0.19934362 0.77651700 -0.59773229 0.00000000
-0.05813789 0.21406600 0.08795132 -0.22635417 0.76553500 -0.60226324 0.00000000
-0.05876630 0.21453400 0.08854792 -0.25716954 0.76597800 -0.58918681 0.00000000
-0.05846079 0.21462700 0.08799287 -0.20233914 0.77130700 -0.60344421 0.00000000
-0.05863861 0.21467900 0.08831807 -0.23004799 0.76950100 -0.59577328 0.00000000
-0.05821796 0.21456500 0.08782799 -0.21550728 0.76917400 -0.60160425 0.00000000
-0.05816036 0.21479900 0.08800669 -0.23351120 0.76307300 -0.60265491 0.00000000
-0.05806781 0.21465100 0.08783488 -0.23861414 0.76442300 -0.59893309 0.00000000
-0.05794424 0.21490300 0.08780068 -0.29983450 0.75028500 -0.58921280 0.00000000
-0.05737944 0.21425200 0.08796735 -0.30910197 0.74233500 -0.59447050 0.00000000
-0.05757455 0.21428300 0.08748665 -0.25404599 0.75147100 -0.60889501 0.00000000
-0.05751705 0.21451700 0.08766540 -0.26497497 0.75166900 -0.60397228 0.00000000
-0.05745950 0.21475100 0.08784402 -0.28384396 0.74647200 -0.60184077 0.00000000
-0.05756183 0.21395900 0.08689939 -0.19074122 0.75389300 -0.62869905 0.00000000
-0.05685035 0.21487900 0.08748010 -0.28384396 0.74647200 -0.60184077 0.00000000
-0.05687385 0.21063100 0.08297729 0.42950014 0.84858300 -0.30892701 0.00000000
-0.05688229 0.21084700 0.08336882 0.55809788 0.77529200 -0.29571965 0.00000000
-0.05653604 0.21025700 0.08319106 0.50261900 0.80705300 -0.30990243 0.00000000
-0.05684398 0.21100300 0.08348800 0.53298046 0.79317900 -0.29461736 0.00000000
-0.05676733 0.21131500 0.08372623 0.48520959 0.81757300 -0.31007448 0.00000000
-0.05708272 0.21163100 0.08374935 0.44425604 0.82973200 -0.33790879 0.00000000
-0.05653293 0.21146900 0.08395287 0.47077874 0.81596200 -0.33551945 0.00000000
-0.05665228 0.21178300 0.08408359 0.39669107 0.84432600 -0.36020944 0.00000000
-0.05879515 0.21599200 0.08983758 -0.60321480 0.61860300 -0.50344959 0.00000000
-0.05888448 0.21600400 0.09018670 -0.63645028 0.58939500 -0.49753875 0.00000000
-0.05874296 0.21517900 0.08870405 -0.29576964 0.76668200 -0.56984149 0.00000000
-0.05868550 0.21541300 0.08888271 -0.32651086 0.75532500 -0.56822102 0.00000000
-0.05866113 0.21541100 0.08837335 -0.27418261 0.75951500 -0.58988169 0.00000000
-0.05884417 0.21554200 0.08926739 -0.39218003 0.73473000 -0.55350459 0.00000000
-0.05911427 0.21732300 0.09323424 -0.68731642 0.54184000 -0.48374158 0.00000000
-0.05913562 0.21741000 0.09262431 -0.70440704 0.54823500 -0.45083157 0.00000000
-0.05903561 0.21769200 0.09272632 -0.70540798 0.54329000 -0.45523106 0.00000000
-0.05889176 0.21670200 0.09179394 -0.69275489 0.54876800 -0.46791505 0.00000000
-0.05935393 0.21792300 0.09386869 -0.68944825 0.53457400 -0.48876560 0.00000000
-0.05944886 0.21823600 0.09349013 -0.69175917 0.53656100 -0.48329313 0.00000000
-0.05936373 0.21833200 0.09333670 -0.69175917 0.53656100 -0.48329313 0.00000000
-0.05971933 0.21843600 0.09398697 -0.68731642 0.54184000 -0.48374158 0.00000000
-0.05968107 0.21859200 0.09410606 -0.68731642 0.54184000 -0.48374158 0.00000000
-0.05968517 0.21802500 0.09400959 -0.68944825 0.53457400 -0.48876560 0.00000000
-0.05920049 0.21854700 0.09434519 -0.69168066 0.52859400 -0.49210361 0.00000000
-0.05937212 0.21854800 0.09372832 -0.68944825 0.53457400 -0.48876560 0.00000000
-0.05950214 0.21856800 0.09340789 -0.69805479 0.53719000 -0.47344127 0.00000000
-0.05951904 0.21832500 0.09389874 -0.68944825 0.53457400 -0.48876560 0.00000000
-0.05925608 0.21837000 0.09342033 -0.69175917 0.53656100 -0.48329313 0.00000000
-0.05946159 0.21856000 0.09407740 -0.68622441 0.53753400 -0.49005480 0.00000000
-0.05928796 0.21861600 0.09394812 -0.69497953 0.53357100 -0.48198079 0.00000000
-0.05828481 0.21879600 0.09305307 -0.68944825 0.53457400 -0.48876560 0.00000000
-0.05858101 0.21919000 0.09313576 -0.70121220 0.52624900 -0.48100151 0.00000000
-0.05821454 0.21870600 0.09264442 -0.71415082 0.52328900 -0.46492693 0.00000000
-0.05925156 0.21871500 0.09481341 -0.68944825 0.53457400 -0.48876560 0.00000000
-0.05922915 0.21865700 0.09505029 -0.69068602 0.54020200 -0.48076571 0.00000000
-0.05913875 0.21867300 0.09432811 -0.68727630 0.53389800 -0.49254939 0.00000000
-0.05927506 0.21941900 0.09524192 -0.71048506 0.54865800 -0.44066549 0.00000000
-0.05911252 0.21940200 0.09336489 -0.70438941 0.52322400 -0.47965799 0.00000000
-0.05788868 0.22003200 0.09365699 -0.68731642 0.54184000 -0.48374158 0.00000000
-0.05824633 0.22008000 0.09505332 -0.71906378 0.54437200 -0.43198050 0.00000000
-0.05847098 0.22019100 0.09565091 -0.71048506 0.54865800 -0.44066549 0.00000000
-0.05854116 0.22028100 0.09605952 -0.70726815 0.55170100 -0.44203858 0.00000000
-0.05852621 0.22046700 0.09631491 -0.71048506 0.54865800 -0.44066549 0.00000000
-0.05859648 0.22055700 0.09672357 -0.71497291 0.54327800 -0.44007184 0.00000000
-0.05841116 0.22093500 0.09667228 -0.69314058 0.56865800 -0.44292738 0.00000000
-0.05838558 0.22141500 0.09737873 -0.65559972 0.59480400 -0.46518449 0.00000000
-0.05869131 0.21524300 0.09112130 -0.67659844 0.54767100 -0.49221055 0.00000000
-0.05883741 0.21572300 0.09121079 -0.67765878 0.55198900 -0.48588724 0.00000000
-0.05855198 0.21571000 0.09096935 -0.67659844 0.54767100 -0.49221055 0.00000000
-0.05859029 0.21555400 0.09085017 -0.67100059 0.55643500 -0.49003954 0.00000000
-0.05844102 0.21493700 0.09093791 -0.64776429 0.57622400 -0.49836484 0.00000000
-0.05856178 0.21611800 0.09043737 -0.65231517 0.57127000 -0.49813191 0.00000000
-0.05840506 0.21593200 0.09079893 -0.67659844 0.54767100 -0.49221055 0.00000000
-0.05879896 0.21587900 0.09133001 -0.67765878 0.55198900 -0.48588724 0.00000000
-0.05849444 0.21594400 0.09114797 -0.68419332 0.54612500 -0.48334925 0.00000000
-0.05870218 0.21629800 0.09125471 -0.68297507 0.54840700 -0.48248879 0.00000000
-0.05843693 0.21617800 0.09132672 -0.68297507 0.54840700 -0.48248879 0.00000000
-0.05836666 0.21608800 0.09091806 -0.67659844 0.54767100 -0.49221055 0.00000000
-0.05802476 0.21628000 0.09122830 -0.68419332 0.54612500 -0.48334925 0.00000000
-0.05870879 0.21476800 0.08872667 -0.30106365 0.76166400 -0.57378515 0.00000000
-0.05847673 0.21508700 0.08840282 -0.26800178 0.76092400 -0.59090563 0.00000000
-0.05770994 0.21573100 0.08831971 -0.23288435 0.75901200 -0.60800133 0.00000000
-0.05738289 0.21506300 0.08808238 -0.30384927 0.74755200 -0.59062845 0.00000000
-0.05715172 0.21535300 0.08813172 -0.42460965 0.71055400 -0.56108813 0.00000000
-0.05749474 0.21580700 0.08848679 -0.43379181 0.70692000 -0.55865015 0.00000000
-0.05721030 0.21576500 0.08861836 -0.53030996 0.66818600 -0.52182194 0.00000000
-0.05715284 0.21599900 0.08879702 -0.61503506 0.62087500 -0.48605154 0.00000000
-0.05709232 0.21631800 0.08785648 -0.45319227 0.70348200 -0.54747542 0.00000000
-0.05698896 0.21646300 0.08813585 -0.58744369 0.63963600 -0.49575659 0.00000000
-0.05736347 0.21626800 0.09002311 -0.69266141 0.53159900 -0.48746513 0.00000000
-0.05735070 0.21594400 0.08943571 -0.68152708 0.56908600 -0.46006725 0.00000000
-0.05739023 0.21710900 0.09027422 -0.67659844 0.54767100 -0.49221055 0.00000000
-0.05730606 0.21650200 0.09020168 -0.67659844 0.54767100 -0.49221055 0.00000000
-0.05711094 0.21647200 0.09068238 -0.67659844 0.54767100 -0.49221055 0.00000000
-0.05721007 0.21689200 0.09049952 -0.67659844 0.54767100 -0.49221055 0.00000000
-0.05713049 0.21728900 0.08961850 -0.69160992 0.54316500 -0.47607506 0.00000000
-0.05744187 0.21704400 0.08785697 -0.51167533 0.68766000 -0.51508439 0.00000000
-0.05706035 0.21719900 0.08920981 -0.68837123 0.54613100 -0.47737462 0.00000000
-0.05887324 0.21653100 0.09352331 -0.68622651 0.54546400 -0.48120848 0.00000000
-0.05889766 0.21653200 0.09403258 -0.68727630 0.53389800 -0.49254939 0.00000000
-0.05788545 0.21809400 0.09166081 -0.69130735 0.55889700 -0.45796076 0.00000000
-0.05765855 0.21781800 0.09161376 -0.67958421 0.55922000 -0.47480282 0.00000000
-0.05760101 0.21805200 0.09179238 -0.70022203 0.54702700 -0.45874986 0.00000000
-0.05665487 0.21642900 0.09143082 -0.68297507 0.54840700 -0.48248879 0.00000000
-0.05627033 0.21666900 0.09166436 -0.68837123 0.54613100 -0.47737462 0.00000000
-0.05819207 0.21797400 0.09258905 -0.71069505 0.54083500 -0.44989960 0.00000000
-0.05801104 0.21846000 0.09273351 -0.72151954 0.52135100 -0.45563313 0.00000000
-0.05795568 0.21818400 0.09206955 -0.70540798 0.54329000 -0.45523106 0.00000000
-0.05789599 0.21892800 0.09309087 -0.69385845 0.52926100 -0.48830753 0.00000000
-0.05772253 0.21718200 0.09078818 -0.68297507 0.54840700 -0.48248879 0.00000000
-0.05747318 0.21752200 0.09127022 -0.68837123 0.54613100 -0.47737462 0.00000000
-0.05717002 0.21845300 0.09045701 -0.68308595 0.54974800 -0.48080287 0.00000000
-0.05655326 0.21766300 0.08978228 -0.69497654 0.54150700 -0.47305186 0.00000000
-0.05799292 0.21918400 0.09345847 -0.70121220 0.52624900 -0.48100151 0.00000000
-0.05789706 0.21957400 0.09375627 -0.68839063 0.53821000 -0.48626046 0.00000000
-0.05756154 0.21936400 0.09341962 -0.70121220 0.52624900 -0.48100151 0.00000000
-0.05735712 0.21982000 0.09342795 -0.68944825 0.53457400 -0.48876560 0.00000000
-0.05780121 0.21996400 0.09405406 -0.67539306 0.54994000 -0.49133398 0.00000000
-0.05823752 0.22031700 0.09625066 -0.70931842 0.55227100 -0.43802272 0.00000000
-0.05702492 0.22042100 0.09320615 -0.68419332 0.54612500 -0.48334925 0.00000000
