-0.12234851 0.20423500 0.00099239 0.01377231 -0.97920700 -0.20239777 2.00000000
-0.12002368 0.20454100 0.00055188 0.11937466 -0.97970500 -0.16102109 2.00000000
-0.12092920 0.20458200 0.00011745 0.10288091 -0.97931000 -0.17426362 2.00000000
-0.12074925 0.20464400 -0.00011459 0.11630287 -0.97941000 -0.16501126 2.00000000
-0.12126625 0.20460200 -0.00039822 0.08730822 -0.97886300 -0.18494273 2.00000000
-0.12116135 0.20471100 -0.00067621 0.10113798 -0.97920400 -0.17586952 2.00000000
-0.12170208 0.20452700 0.00001940 0.07168463 -0.97880600 -0.19183394 2.00000000
-0.12034322 0.20456300 -0.00020836 0.11630287 -0.97941000 -0.16501126 2.00000000
-0.09457490 0.21536900 -0.00513542 -0.73428002 -0.52506900 0.43027313 1.00000000
-0.09400083 0.21519700 -0.00538160 -0.73428002 -0.52506900 0.43027313 1.00000000
-0.09433155 0.21523000 -0.00524173 -0.73428002 -0.52506900 0.43027313 1.00000000
-0.09455705 0.21537200 -0.00537978 -0.73428002 -0.52506900 0.43027313 1.00000000
-0.09435577 0.21521400 -0.00565306 -0.72740923 -0.52818200 0.43806384 1.00000000
-0.09388686 0.21493300 -0.00562141 -0.73428002 -0.52506900 0.43027313 1.00000000
-0.09411241 0.21507500 -0.00575937 -0.73157101 -0.52018500 0.44069451 1.00000000
-0.09433797 0.21521700 -0.00589733 -0.73157101 -0.52018500 0.44069451 1.00000000
-0.09427787 0.21523700 -0.00597461 -0.73157101 -0.52018500 0.44069451 1.00000000
-0.09512193 0.21562800 -0.00484554 -0.73118698 -0.52812000 0.43180417 1.00000000
-0.09492646 0.21562100 -0.00495413 -0.73118698 -0.52812000 0.43180417 1.00000000
-0.09465013 0.21541700 -0.00518147 -0.73428002 -0.52506900 0.43027313 1.00000000
-0.09443105 0.21526200 -0.00569902 -0.72740923 -0.52818200 0.43806384 1.00000000
-0.09468981 0.21501300 -0.00596602 -0.74312898 -0.48763800 0.45822302 1.00000000
-0.09532141 0.21552600 -0.00658045 -0.74809625 -0.48513700 0.45276212 1.00000000
-0.09519863 0.21489100 -0.00678223 -0.76835426 -0.41673800 0.48575870 1.00000000
-0.09393212 0.21513600 -0.00599121 -0.73157101 -0.52018500 0.44069451 1.00000000
-0.09380606 0.21502600 -0.00631054 -0.74312898 -0.48763800 0.45822302 1.00000000
-0.09407659 0.21508000 -0.00624789 -0.74312898 -0.48763800 0.45822302 1.00000000
-0.09432040 0.21476300 -0.00639166 -0.75944389 -0.44972700 0.47009706 1.00000000
-0.09418508 0.21473700 -0.00642289 -0.75944389 -0.44972700 0.47009706 1.00000000
-0.09371950 0.21422100 -0.00684407 -0.76176970 -0.42568000 0.48836840 1.00000000
-0.09388748 0.21476900 -0.00644170 -0.75372286 -0.46286800 0.46653549 1.00000000
-0.09399597 0.21442600 -0.00661670 -0.76176970 -0.42568000 0.48836840 1.00000000
-0.09414039 0.21436900 -0.00687347 -0.76835426 -0.41673800 0.48575870 1.00000000
-0.09422152 0.21456700 -0.00675466 -0.76835426 -0.41673800 0.48575870 1.00000000
-0.09532821 0.21505800 -0.00748608 -0.74971452 -0.39614000 0.53009581 1.00000000
-0.09548477 0.21484800 -0.00766324 -0.73442526 -0.39183300 0.55415391 1.00000000
-0.09533782 0.21451900 -0.00802407 -0.67692171 -0.49012900 0.54913635 1.00000000
-0.09497080 0.21465400 -0.00783214 -0.73221923 -0.39119900 0.55751066 1.00000000
-0.09479050 0.21471600 -0.00806398 -0.70634178 -0.46373400 0.53481974 1.00000000
-0.09384710 0.21250900 -0.00752476 -0.72877097 -0.42491600 0.53697262 1.00000000
-0.09370291 0.21211000 -0.00751805 -0.71863196 -0.44130800 0.53741549 1.00000000
-0.09402474 0.21280900 -0.00823077 -0.93405999 -0.16562600 0.31638470 1.00000000
-0.09384444 0.21287000 -0.00846260 -0.92003977 -0.24345000 0.30701651 1.00000000
-0.09376639 0.21185500 -0.00789351 -0.81640057 0.57420200 -0.06150009 1.00000000
-0.09520872 0.21418700 -0.00814055 -0.93869048 0.26538700 0.22006849 1.00000000
-0.09489055 0.21354500 -0.00845097 -0.90810752 -0.19433900 0.37090863 1.00000000
-0.09423170 0.21386400 -0.00811303 -0.87190452 0.48962500 -0.00705210 1.00000000
-0.09439710 0.21402600 -0.00832835 -0.94792781 -0.13625800 0.28786745 1.00000000
-0.09500489 0.21335300 -0.00846119 -0.32088059 0.88855700 -0.32787442 1.00000000
-0.09480057 0.21297500 -0.00853162 -0.33000808 0.88573400 -0.32645160 1.00000000
-0.09448202 0.21278800 -0.00859202 -0.34132226 0.88394200 -0.31960373 1.00000000
-0.09494442 0.21382900 -0.00828845 -0.92079329 -0.14158800 0.36344683 1.00000000
-0.09551573 0.21407200 -0.00840981 -0.93776913 0.06451400 0.34121535 1.00000000
-0.09469283 0.21240700 -0.00885668 -0.35934850 0.88011500 -0.31026751 1.00000000
-0.09522577 0.21123100 -0.00919350 -0.34420342 0.89064400 -0.29711632 1.00000000
-0.09508964 0.21286200 -0.00904519 -0.34357690 0.88500100 -0.31420947 1.00000000
-0.09552941 0.21238700 -0.00990069 -0.35335788 0.89289800 -0.27905534 1.00000000
-0.09538855 0.21532800 -0.00797906 -0.73848887 -0.39204700 0.54857413 1.00000000
-0.09549704 0.21498500 -0.00815406 -0.78351119 0.62125400 -0.01240799 1.00000000
-0.09569266 0.21528300 -0.00861590 -0.91488642 0.36555900 0.17131649 1.00000000
-0.09590932 0.21505200 -0.00871578 -0.92864432 0.28010300 0.24323308 1.00000000
-0.09584922 0.21507300 -0.00879306 -0.94555111 0.20969300 0.24891954 1.00000000
-0.09553958 0.21451200 -0.00857111 -0.94452914 0.00413877 0.32840161 1.00000000
-0.09575029 0.21487700 -0.00915614 -0.46685516 0.84449700 -0.26243378 1.00000000
-0.09613252 0.21406200 -0.00915103 -0.17196436 0.89805900 -0.40486819 1.00000000
-0.09560343 0.21380100 -0.00919660 -0.26708765 0.89771400 -0.35038950 1.00000000
-0.09574185 0.21404900 -0.00936814 -0.28167210 0.89794300 -0.33816914 1.00000000
-0.09613857 0.21450400 -0.00955660 -0.16771471 0.90558700 -0.38959296 1.00000000
-0.09407000 0.21301200 -0.00860056 -0.91025788 -0.23565800 0.34043440 1.00000000
-0.09391995 0.21246200 -0.00875863 -0.90831436 -0.24610100 0.33822929 1.00000000
-0.09549981 0.21208800 -0.01047446 -0.32409938 0.90948400 -0.26038235 1.00000000
-0.09601257 0.21439400 -0.00987585 -0.29891030 0.89901600 -0.32003424 1.00000000
-0.09624430 0.21423100 -0.01009914 -0.22624415 0.90801200 -0.35260218 1.00000000
-0.09632572 0.21397400 -0.01023030 -0.27590035 0.90530400 -0.32295942 1.00000000
-0.09639827 0.21334500 -0.01032353 -0.32414592 0.90127400 -0.28746329 1.00000000
-0.09615498 0.21349600 -0.01100022 -0.34509515 0.90069600 -0.26392404 1.00000000
-0.09646471 0.21331100 -0.01090180 -0.35208415 0.90050000 -0.25521660 1.00000000
-0.09672887 0.21441600 -0.01107436 -0.27118927 0.91420900 -0.30112730 1.00000000
-0.09509695 0.21119100 -0.00988038 -0.32344229 0.90056600 -0.29045847 1.00000000
-0.09626363 0.21136900 -0.00996422 -0.35234825 0.89940000 -0.25870925 1.00000000
-0.09609219 0.21180300 -0.01023400 -0.36570414 0.89714700 -0.24776614 1.00000000
-0.09672693 0.21179000 -0.01073091 -0.30908744 0.91652200 -0.25387368 1.00000000
-0.09710284 0.21202700 -0.01096092 -0.27924515 0.92678600 -0.25117657 1.00000000
-0.09619755 0.21198500 -0.01052652 -0.34207611 0.90608900 -0.24897030 1.00000000
-0.10504779 0.21913800 -0.00762683 0.56364343 0.63281200 -0.53090060 1.00000000
-0.10518303 0.21916500 -0.00759554 0.56364343 0.63281200 -0.53090060 1.00000000
-0.10538146 0.21939200 -0.00768976 0.64127855 0.64182700 -0.42050017 1.00000000
-0.10515315 0.21932100 -0.00791934 0.55828906 0.63397900 -0.53514768 1.00000000
-0.10479245 0.21840500 -0.00749229 0.53307518 0.54326200 -0.64861260 1.00000000
-0.10435361 0.21825900 -0.00770719 0.47357853 0.47213300 -0.74351385 1.00000000
-0.10455790 0.21863800 -0.00763662 0.53307518 0.54326200 -0.64861260 1.00000000
-0.10445283 0.21874700 -0.00791451 0.53307518 0.54326200 -0.64861260 1.00000000
-0.10468452 0.21858400 -0.00813767 0.53307518 0.54326200 -0.64861260 1.00000000
-0.10485868 0.21882700 -0.00782063 0.59141114 0.60643200 -0.53148190 1.00000000
-0.10506325 0.21875000 -0.00800004 0.59141114 0.60643200 -0.53148190 1.00000000
-0.10491008 0.21872600 -0.00827563 0.53414503 0.53989100 -0.65054315 1.00000000
-0.10511164 0.21842800 -0.00825232 0.53207083 0.53876000 -0.65317602 1.00000000
-0.10528876 0.21889200 -0.00813809 0.57286114 0.61571500 -0.54104091 1.00000000
-0.10547252 0.21859600 -0.00835905 0.57931767 0.61251400 -0.53779055 1.00000000
-0.10529836 0.21835300 -0.00867608 0.53414503 0.53989100 -0.65054315 1.00000000
-0.10417332 0.21832100 -0.00793903 0.47495583 0.47530500 -0.74060939 1.00000000
-0.10437175 0.21854800 -0.00803324 0.53843397 0.54870400 -0.63954166 1.00000000
-0.10456432 0.21862500 -0.00829222 0.53199421 0.54662900 -0.64666775 1.00000000
-0.10470579 0.21834700 -0.00834619 0.50341846 0.50608200 -0.70032127 1.00000000
-0.10484739 0.21806900 -0.00840013 0.46153386 0.45826900 -0.75958970 1.00000000
-0.10514223 0.21810700 -0.00874886 0.48091194 0.47860100 -0.73461906 1.00000000
-0.10523241 0.21822200 -0.00891814 0.53414503 0.53989100 -0.65054315 1.00000000
-0.10410796 0.21698800 -0.00811070 0.80058889 0.47122600 0.37013932 1.00000000
-0.10443882 0.21731200 -0.00854126 0.77791807 0.49511400 0.38691909 1.00000000
-0.10565788 0.21959700 -0.00746247 0.65351655 0.59829800 -0.46363423 1.00000000
-0.10599740 0.22000200 -0.00736062 0.65351655 0.59829800 -0.46363423 1.00000000
-0.10650238 0.22057000 -0.00747401 0.65351655 0.59829800 -0.46363423 1.00000000
-0.10644237 0.22059000 -0.00755134 0.65351655 0.59829800 -0.46363423 1.00000000
-0.10621719 0.21999300 -0.00766341 0.65351655 0.59829800 -0.46363423 1.00000000
-0.10647868 0.22042100 -0.00788315 0.65351655 0.59829800 -0.46363423 1.00000000
-0.10659307 0.22022900 -0.00789328 0.65351655 0.59829800 -0.46363423 1.00000000
-0.10555900 0.21940100 -0.00782547 0.64127855 0.64182700 -0.42050017 1.00000000
-0.10579621 0.21984500 -0.00763396 0.65351655 0.59829800 -0.46363423 1.00000000
-0.10604889 0.21990100 -0.00781567 0.65351655 0.59829800 -0.46363423 1.00000000
-0.10627740 0.22026400 -0.00815643 0.65351655 0.59829800 -0.46363423 1.00000000
-0.10555314 0.21925000 -0.00799024 0.64127855 0.64182700 -0.42050017 1.00000000
-0.10583880 0.21937100 -0.00805092 0.65351655 0.59829800 -0.46363423 1.00000000
-0.10609147 0.21942700 -0.00823263 0.65351655 0.59829800 -0.46363423 1.00000000
-0.10608562 0.21927600 -0.00839741 0.65351655 0.59829800 -0.46363423 1.00000000
-0.10602865 0.21877100 -0.00835717 0.65351655 0.59829800 -0.46363423 1.00000000
-0.10553529 0.21925200 -0.00823460 0.64127855 0.64182700 -0.42050017 1.00000000
-0.10543632 0.21905600 -0.00859754 0.59552351 0.61918400 -0.51182296 1.00000000
-0.10576113 0.21893900 -0.00862253 0.64127855 0.64182700 -0.42050017 1.00000000
-0.10581500 0.21922300 -0.00846001 0.65351655 0.59829800 -0.46363423 1.00000000
-0.10590532 0.21933800 -0.00862925 0.65351655 0.59829800 -0.46363423 1.00000000
-0.10589645 0.21896500 -0.00859131 0.65351655 0.59829800 -0.46363423 1.00000000
-0.10599254 0.21923100 -0.00859572 0.65351655 0.59829800 -0.46363423 1.00000000
-0.10549680 0.21858000 -0.00877029 0.52068327 0.53642300 -0.66418350 1.00000000
-0.10560795 0.21891400 -0.00889812 0.59552351 0.61918400 -0.51182296 1.00000000
-0.10581876 0.21853300 -0.00916278 0.59552351 0.61918400 -0.51182296 1.00000000
-0.10791269 0.20809600 -0.00798334 0.58460177 -0.80786600 -0.07479770 1.00000000
-0.10731422 0.20868600 -0.00813852 0.38388230 -0.92276300 -0.03381750 1.00000000
-0.10720906 0.20879400 -0.00841635 0.40518630 -0.91271500 -0.05267550 1.00000000
-0.10666521 0.20801000 -0.00858863 0.43536690 -0.89108300 -0.12816684 1.00000000
-0.10648491 0.20807100 -0.00882046 0.43981001 -0.88874200 -0.12924855 1.00000000
-0.10692963 0.20836800 -0.00844092 0.40129195 -0.91383200 -0.06225329 1.00000000
-0.10715519 0.20851000 -0.00857888 0.40129195 -0.91383200 -0.06225329 1.00000000
-0.10726054 0.20869300 -0.00887140 0.38142907 -0.92306200 -0.04967978 1.00000000
-0.10693597 0.20835500 -0.00909647 0.42865745 -0.89900500 -0.08968397 1.00000000
-0.10736317 0.20819900 -0.00921117 0.43907848 -0.89278200 -0.10075070 1.00000000
-0.10676480 0.20804200 -0.00904597 0.44837913 -0.88683600 -0.11170484 1.00000000
-0.10778332 0.20925800 -0.00874052 0.35535473 -0.93424800 -0.03006527 1.00000000
-0.10807483 0.20953000 -0.00863642 0.32232362 -0.94661300 0.00555686 1.00000000
-0.10832432 0.21011200 -0.00893573 0.33044286 -0.94366700 -0.01735565 1.00000000
-0.10771443 0.20994400 -0.00967044 0.45936665 -0.88221300 -0.10335521 1.00000000
-0.10778935 0.20866200 -0.00825542 0.36132441 -0.93214900 -0.02329927 1.00000000
-0.10818617 0.20911700 -0.00844392 0.32545102 -0.94533800 0.02042962 1.00000000
-0.10755481 0.20889500 -0.00839975 0.38092763 -0.92377000 -0.03927518 1.00000000
-0.10862223 0.20933300 -0.00859657 0.28318317 -0.95856100 0.03110183 1.00000000
-0.10811114 0.20936100 -0.00896822 0.34707764 -0.93746100 -0.02652952 1.00000000
-0.10735353 0.20873800 -0.00867304 0.37027525 -0.92818000 -0.03711508 1.00000000
-0.10754025 0.20866300 -0.00909680 0.37731501 -0.92468200 -0.05095042 1.00000000
-0.10760007 0.20909800 -0.00876955 0.35535473 -0.93424800 -0.03006527 1.00000000
-0.10774182 0.20836500 -0.00907349 0.40266225 -0.91275500 -0.06886401 1.00000000
-0.10774529 0.20813000 -0.00952629 0.39115168 -0.91711400 -0.07682597 1.00000000
-0.10805221 0.20801500 -0.00979550 0.36933545 -0.92725500 -0.06156292 1.00000000
-0.10845487 0.20862100 -0.00981923 0.37464676 -0.92504300 -0.06273247 1.00000000
-0.10836480 0.20879700 -0.01022025 0.36940903 -0.92694500 -0.06564783 1.00000000
-0.10869509 0.20928600 -0.00983043 0.35533349 -0.93338200 -0.05035667 1.00000000
-0.10825313 0.20966600 -0.01016286 0.36767154 -0.92867300 -0.04883406 1.00000000
-0.10859888 0.20976700 -0.01014626 0.36854630 -0.92852300 -0.04492744 1.00000000
-0.10887596 0.20906000 -0.01041898 0.33170586 -0.94219600 -0.04730254 1.00000000
-0.10890580 0.20965100 -0.01041547 0.34367423 -0.93815600 -0.04184154 1.00000000
-0.10768182 0.20942300 -0.01004149 0.43000587 -0.89765900 -0.09645596 1.00000000
-0.10864141 0.20929300 -0.01056331 0.34495201 -0.93738500 -0.04813709 1.00000000
-0.10886383 0.20996000 -0.01081879 0.13520821 -0.98167800 0.13426547 1.00000000
-0.10879745 0.21028500 -0.01081090 -0.18303694 -0.90784600 0.37724385 1.00000000
-0.10894512 0.20970300 -0.01094999 -0.72779649 -0.32956900 0.60141183 1.00000000
-0.10939359 0.20931000 -0.01127322 -0.78417556 -0.23957900 0.57242582 1.00000000
-0.10912883 0.20940700 -0.01117103 -0.75737110 -0.26958800 0.59473603 1.00000000
-0.10672057 0.20647200 -0.00942621 -0.42511351 -0.87528200 0.23056572 1.00000000
-0.10795950 0.20751500 -0.01024383 0.36387263 -0.92717100 -0.08916917 1.00000000
-0.10832296 0.20836000 -0.01030334 0.34873076 -0.93481300 -0.06716992 1.00000000
-0.10849198 0.20754100 -0.01065100 -0.59712537 -0.63221600 0.49370361 1.00000000
-0.10865379 0.20868400 -0.01073376 0.30179126 -0.95313300 -0.02141167 1.00000000
-0.10932810 0.20797700 -0.01144492 -0.78031908 -0.22592900 0.58314547 1.00000000
-0.10949941 0.20829000 -0.01149538 -0.77967575 -0.21532100 0.58799889 1.00000000
-0.10978234 0.20773500 -0.01160332 -0.77288126 -0.20440900 0.60072585 1.00000000
-0.10985490 0.20710600 -0.01169655 -0.77288126 -0.20440900 0.60072585 1.00000000
-0.10892187 0.20835200 -0.01128877 -0.76580960 -0.27065500 0.58333617 1.00000000
-0.10921375 0.20816900 -0.01143470 -0.79127570 -0.23108800 0.56610999 1.00000000
-0.10934328 0.20804500 -0.01156817 -0.77967575 -0.21532100 0.58799889 1.00000000
-0.10958078 0.20803300 -0.01162663 -0.77288126 -0.20440900 0.60072585 1.00000000
-0.10954194 0.20781700 -0.01191244 -0.77288126 -0.20440900 0.60072585 1.00000000
-0.10976750 0.20795900 -0.01205040 -0.77288126 -0.20440900 0.60072585 1.00000000
-0.10968341 0.20753900 -0.01196641 -0.77288126 -0.20440900 0.60072585 1.00000000
-0.10975602 0.20691000 -0.01205954 -0.77288126 -0.20440900 0.60072585 1.00000000
-0.10995464 0.20788400 -0.01247442 -0.77288126 -0.20440900 0.60072585 1.00000000
-0.11073627 0.20774500 -0.01286027 -0.79656129 -0.07896490 0.59937841 1.00000000
-0.11049610 0.20782700 -0.01316940 -0.79893794 -0.05136980 0.59921512 1.00000000
-0.11076340 0.20766000 -0.01290402 -0.79893794 -0.05136980 0.59921512 1.00000000
-0.11052322 0.20774100 -0.01321315 -0.78261377 -0.04260840 0.62104784 1.00000000
-0.10156195 0.20234700 -0.00339767 0.85916164 -0.37311500 -0.35018124 1.00000000
-0.10131091 0.20433400 -0.00241876 0.91251253 -0.00682554 -0.40899186 1.00000000
-0.10110027 0.20500700 -0.00272432 0.90842206 0.00955611 -0.41794613 1.00000000
-0.10116697 0.20422600 -0.00298231 0.91251253 -0.00682554 -0.40899186 1.00000000
-0.10111568 0.20461900 -0.00309762 0.90842206 0.00955611 -0.41794613 1.00000000
-0.10161854 0.20330800 -0.00318789 0.89457695 -0.22371800 -0.38688738 1.00000000
-0.10160097 0.20285500 -0.00368222 0.88270948 -0.31238000 -0.35105975 1.00000000
-0.10189552 0.20334800 -0.00378098 0.89267458 -0.14982300 -0.42507060 1.00000000
-0.10180793 0.20391000 -0.00356448 0.89042408 -0.11438100 -0.44052334 1.00000000
-0.10303121 0.20608700 -0.00432921 0.69632172 0.00116600 -0.71772897 1.00000000
-0.10199401 0.20578400 -0.00437891 0.87372040 0.12580400 -0.46987994 1.00000000
-0.10203926 0.20598700 -0.00474871 0.84582249 0.13305200 -0.51660557 1.00000000
-0.10220463 0.20614900 -0.00496389 0.82085360 0.16577500 -0.54655037 1.00000000
-0.10290896 0.20528600 -0.00535123 0.65112050 -0.06253680 -0.75639383 1.00000000
-0.10250039 0.20452900 -0.00549236 0.64291936 -0.03550410 -0.76511014 1.00000000
-0.10238905 0.20494200 -0.00568486 0.73451113 0.00120471 -0.67859560 1.00000000
-0.10269919 0.20430100 -0.00583660 0.60971733 -0.08189800 -0.78837707 1.00000000
-0.10258448 0.20494900 -0.00557635 0.69260114 -0.06497040 -0.71838853 1.00000000
-0.10245529 0.20536400 -0.00601320 0.76275642 0.08830330 -0.64062792 1.00000000
-0.10282470 0.20561400 -0.00558756 0.65521871 -0.06278060 -0.75282618 1.00000000
-0.10277964 0.20570200 -0.00578811 0.72135970 0.08250310 -0.68762913 1.00000000
-0.10301142 0.20553900 -0.00601132 0.58461041 -0.17028700 -0.79324253 1.00000000
-0.10260308 0.20403500 -0.00583205 0.59590434 -0.12335500 -0.79352465 1.00000000
-0.09977517 0.20524000 0.00056803 0.94956952 -0.04693550 -0.31002343 1.00000000
-0.09990455 0.20511600 0.00043453 0.93856581 -0.03516750 -0.34330300 1.00000000
-0.10013634 0.20495300 0.00021132 0.93230398 -0.00965449 -0.36154731 1.00000000
-0.10038874 0.20650300 -0.00061108 0.91133289 0.06075420 -0.40716153 1.00000000
-0.10108595 0.20581800 0.00047752 0.93052753 0.00411067 -0.36619858 1.00000000
-0.10090289 0.20594900 -0.00012186 0.91739925 0.00408835 -0.39794732 1.00000000
-0.10103850 0.20552000 -0.00034060 0.91739925 0.00408835 -0.39794732 1.00000000
-0.10001880 0.20567100 0.00010394 0.92828742 0.00685849 -0.37179967 1.00000000
-0.09991370 0.20577900 -0.00017381 0.92625740 0.00410374 -0.37686938 1.00000000
-0.10031683 0.20518300 -0.00012719 0.91739925 0.00408835 -0.39794732 1.00000000
-0.10035018 0.20479300 -0.00025619 0.91829032 0.00136066 -0.39590448 1.00000000
-0.10016319 0.20636100 -0.00047312 0.91060486 0.01232310 -0.41309476 1.00000000
-0.10055419 0.20666500 -0.00082632 0.91133289 0.06075420 -0.40716153 1.00000000
-0.10021725 0.20693600 -0.00088095 0.89905941 0.04312400 -0.43569761 1.00000000
-0.10003428 0.20632100 -0.00115995 0.91133289 0.06075420 -0.40716153 1.00000000
-0.10115229 0.20653100 -0.00042112 0.91133289 0.06075420 -0.40716153 1.00000000
-0.10022264 0.20828900 -0.00078652 0.90290070 0.07546370 -0.42317334 1.00000000
-0.10051794 0.20712500 -0.00106490 0.89905941 0.04312400 -0.43569761 1.00000000
-0.10089972 0.20751200 -0.00113013 0.89563114 0.03727340 -0.44323408 1.00000000
-0.10063220 0.20768000 -0.00139550 0.90072857 0.04316010 -0.43223270 1.00000000
-0.10085508 0.20714500 -0.00158063 0.90683287 0.00954885 -0.42138073 1.00000000
-0.10051200 0.20772000 -0.00155005 0.90072857 0.04316010 -0.43223270 1.00000000
-0.10035887 0.20769600 -0.00182555 0.91000847 0.09087490 -0.40450840 1.00000000
-0.10047322 0.20750400 -0.00183577 0.90655657 0.00406788 -0.42206422 1.00000000
-0.10066855 0.20751100 -0.00172721 0.90655657 0.00406788 -0.42206422 1.00000000
-0.10083752 0.20669200 -0.00207496 0.90842206 0.00955611 -0.41794613 1.00000000
-0.10119564 0.20618400 -0.00222881 0.90842206 0.00955611 -0.41794613 1.00000000
-0.10051041 0.20567700 -0.00234717 0.90842206 0.00955611 -0.41794613 1.00000000
-0.10074707 0.20732300 -0.00222596 0.90683287 0.00954885 -0.42138073 1.00000000
-0.10050952 0.20733500 -0.00216758 0.90656312 0.00135597 -0.42206724 1.00000000
-0.10087369 0.20726900 -0.00272700 0.90842206 0.00955611 -0.41794613 1.00000000
-0.10093397 0.20650200 -0.00232940 0.90842206 0.00955611 -0.41794613 1.00000000
-0.10110256 0.20613900 -0.00242712 0.90842206 0.00955611 -0.41794613 1.00000000
-0.10097923 0.20670500 -0.00269919 0.90842206 0.00955611 -0.41794613 1.00000000
-0.10150711 0.20907900 -0.00222391 0.73571209 0.58927400 -0.33389005 1.00000000
-0.10191629 0.20892500 -0.00258286 0.69301118 0.61586100 -0.37476679 1.00000000
-0.10161350 0.20789500 -0.00326645 0.85072632 0.21529600 -0.47949126 1.00000000
-0.10209449 0.20802300 -0.00321858 0.80590401 0.37844800 -0.45529680 1.00000000
-0.10109394 0.20605800 -0.00295944 0.90842206 0.00955611 -0.41794613 1.00000000
-0.10287912 0.20930700 -0.00387789 0.61549278 0.76426100 -0.19254403 1.00000000
-0.10312942 0.20823100 -0.00435674 0.63336857 0.67045000 -0.38644652 1.00000000
-0.10158319 0.20850600 -0.00334031 0.84322529 0.32217700 -0.43031840 1.00000000
-0.10185676 0.20878100 -0.00348052 0.80317435 0.45190000 -0.38819833 1.00000000
-0.10197153 0.20813400 -0.00374068 0.82127755 0.35959800 -0.44293654 1.00000000
-0.10279876 0.20819800 -0.00449653 0.71615779 0.47101200 -0.51504062 1.00000000
-0.10086436 0.21478100 -0.00785334 -0.21394980 0.31889800 -0.92332532 1.00000000
-0.10121560 0.21548800 -0.00742194 0.07856730 0.22006700 -0.97231580 1.00000000
-0.10108369 0.21522700 -0.00790605 -0.21663059 0.17295000 -0.96081180 1.00000000
-0.10088563 0.21454400 -0.00806187 -0.26932513 0.31919200 -0.90861478 1.00000000
-0.10103900 0.21485900 -0.00835663 -0.29055520 0.22989800 -0.92882967 1.00000000
-0.10134597 0.21474400 -0.00862576 -0.38289887 0.13823000 -0.91338951 1.00000000
-0.10061234 0.21381300 -0.00817163 -0.15265814 0.69906100 -0.69857712 1.00000000
-0.10126774 0.21447600 -0.00837699 -0.38456453 0.20016200 -0.90113574 1.00000000
-0.10161386 0.21412100 -0.00861042 -0.39514338 0.22725400 -0.89006614 1.00000000
-0.10209836 0.21326800 -0.00869505 -0.51803569 0.18046700 -0.83610517 1.00000000
-0.10053740 0.21405700 -0.00869599 -0.11346242 0.73844600 -0.66469858 1.00000000
-0.10112664 0.21429800 -0.00857305 -0.32933621 0.27845200 -0.90222048 1.00000000
-0.10159489 0.21549000 -0.00810469 -0.14007514 0.14918300 -0.97883841 1.00000000
-0.10135688 0.21595700 -0.00779623 0.18567276 0.25604200 -0.94866643 1.00000000
-0.10158244 0.21609900 -0.00793419 0.22612935 0.25818700 -0.93925789 1.00000000
-0.10136607 0.21587400 -0.00808429 0.16557130 0.25168500 -0.95354102 1.00000000
-0.10185070 0.21502000 -0.00816888 -0.17325376 0.15612000 -0.97242493 1.00000000
-0.10193207 0.21476300 -0.00830013 -0.24873348 0.15274100 -0.95645316 1.00000000
-0.10154094 0.21520600 -0.00826717 -0.18499006 0.17241900 -0.96749695 1.00000000
-0.10173051 0.21506100 -0.00832344 -0.19009125 0.15625200 -0.96925258 1.00000000
-0.10161645 0.21479800 -0.00856319 -0.31999143 0.13590700 -0.93762168 1.00000000
-0.10240801 0.21382900 -0.00891700 -0.42523320 0.15915000 -0.89098155 1.00000000
-0.10262461 0.21359800 -0.00901696 -0.49594503 0.12784800 -0.85889086 1.00000000
-0.10236917 0.21361200 -0.00920280 -0.46697184 0.20993900 -0.85898928 1.00000000
-0.10202305 0.21396700 -0.00896937 -0.40588991 0.19599800 -0.89265826 1.00000000
-0.10208937 0.21364200 -0.00897734 -0.44795601 0.26185100 -0.85485020 1.00000000
-0.10208352 0.21349100 -0.00914212 -0.46220789 0.24327400 -0.85274972 1.00000000
-0.10241672 0.21494800 -0.00927540 -0.31692559 0.07978260 -0.94508904 1.00000000
-0.10328618 0.21395600 -0.00930765 -0.41135168 0.06377120 -0.90924293 1.00000000
-0.10318128 0.21153400 -0.00805412 -0.56416479 0.38991800 -0.72779303 1.00000000
-0.10302187 0.21181400 -0.00824445 -0.56323309 0.27397600 -0.77955450 1.00000000
-0.10282068 0.21165600 -0.00851779 -0.54613044 0.27222900 -0.79223221 1.00000000
-0.10244145 0.21269200 -0.00872562 -0.53524026 0.17252200 -0.82689379 1.00000000
-0.10252880 0.21183900 -0.00837186 -0.57242582 0.23957900 -0.78417556 1.00000000
-0.10273024 0.21228800 -0.00866878 -0.53891570 0.21433500 -0.81463446 1.00000000
-0.10325632 0.21232800 -0.00842049 -0.52303918 0.18613400 -0.83173598 1.00000000
-0.10330149 0.21253100 -0.00879023 -0.52919668 0.17929900 -0.82933870 1.00000000
-0.10271539 0.21251100 -0.00911586 -0.53524026 0.17252200 -0.82689379 1.00000000
-0.10315178 0.21227200 -0.00951861 -0.52130472 0.23231900 -0.82113950 1.00000000
-0.10124220 0.21199300 -0.00901297 -0.42673607 0.14656000 -0.89242134 1.00000000
-0.10187619 0.21289100 -0.00900983 -0.48960077 0.14714300 -0.85944171 1.00000000
-0.10208085 0.21281500 -0.00918929 -0.49238612 0.16569500 -0.85445976 1.00000000
-0.10159676 0.21246600 -0.00903440 -0.45842865 0.22718800 -0.85920198 1.00000000
-0.10195179 0.21248300 -0.00930591 -0.46894211 0.21313700 -0.85712676 1.00000000
-0.10218311 0.21277600 -0.00927904 -0.49238612 0.16569500 -0.85445976 1.00000000
-0.10175014 0.21278100 -0.00932917 -0.45033669 0.17141300 -0.87625058 1.00000000
-0.10226456 0.21251900 -0.00941034 -0.51598880 0.22948800 -0.82528174 1.00000000
-0.10112823 0.21172900 -0.00925278 -0.40553693 0.04332780 -0.91305087 1.00000000
-0.10163588 0.21297300 -0.00931900 -0.44285051 0.14567200 -0.88468222 1.00000000
-0.10172339 0.21241100 -0.00953544 -0.44942767 0.19727100 -0.87126226 1.00000000
-0.10247766 0.21327000 -0.00937780 -0.50802418 0.19041800 -0.84003136 1.00000000
-0.10258896 0.21285700 -0.00918516 -0.53249608 0.17906000 -0.82727582 1.00000000
-0.10219201 0.21314800 -0.00931712 -0.50608752 0.18732100 -0.84189456 1.00000000
-0.10280603 0.21217100 -0.00953521 -0.54004693 0.23382700 -0.80850123 1.00000000
-0.11239117 0.21145900 -0.00242533 0.11367496 0.06373390 -0.99147144 1.00000000
-0.11263719 0.21227500 -0.00227184 0.18437096 0.02704800 -0.98248477 1.00000000
-0.11274573 0.21193200 -0.00244676 0.14872298 0.02741260 -0.98849861 1.00000000
-0.11225321 0.21075600 -0.00250386 0.05215792 0.07683220 -0.99567888 1.00000000
-0.11321829 0.21123300 -0.00261088 0.10934949 0.00391501 -0.99399587 1.00000000
-0.11287253 0.21113200 -0.00262748 0.09199985 0.02258050 -0.99550257 1.00000000
-0.11313402 0.21156000 -0.00284721 0.13320118 0.04110720 -0.99023634 1.00000000
-0.11332982 0.21111100 -0.00298873 0.10250823 -0.01184260 -0.99466170 1.00000000
-0.11320962 0.21115200 -0.00314329 0.09901064 0.01185720 -0.99501546 1.00000000
-0.11373300 0.21051500 -0.00294203 0.01837457 -0.11975800 -0.99263318 1.00000000
-0.11349260 0.21059600 -0.00325114 0.02787551 -0.08311850 -0.99614996 1.00000000
-0.11330921 0.21043600 -0.00328021 0.01622624 -0.05709910 -0.99823661 1.00000000
-0.11335153 0.20863400 -0.00223624 -0.29362519 -0.26470600 -0.91853951 1.00000000
-0.11385633 0.20994800 -0.00266995 -0.15227446 -0.28297900 -0.94696083 1.00000000
-0.11342126 0.20911200 -0.00358763 -0.21672524 -0.21315600 -0.95267782 1.00000000
-0.11371277 0.20938500 -0.00348353 -0.21552537 -0.23386000 -0.94808122 1.00000000
-0.11378139 0.21019200 -0.00319430 -0.05746885 -0.17365000 -0.98312900 1.00000000
-0.11391083 0.21006800 -0.00332771 -0.07538290 -0.20386800 -0.97609190 1.00000000
-0.11413960 0.20968400 -0.00334821 -0.15737436 -0.27597000 -0.94819472 1.00000000
-0.11401354 0.20957400 -0.00366754 -0.13922328 -0.20934400 -0.96788015 1.00000000
-0.11342983 0.20994000 -0.00337559 -0.07363918 -0.12550300 -0.98935610 1.00000000
-0.11377947 0.20860500 -0.00374153 -0.27736838 -0.24397300 -0.92927121 1.00000000
-0.11344838 0.20902700 -0.00363137 -0.22726273 -0.21660200 -0.94943934 1.00000000
-0.11385451 0.20939800 -0.00410790 -0.12444361 -0.16171100 -0.97895991 1.00000000
-0.11332551 0.20839100 -0.00383310 -0.27762706 -0.23701300 -0.93099282 1.00000000
-0.11342205 0.20820100 -0.00408759 -0.28007652 -0.23054800 -0.93188248 1.00000000
-0.11361116 0.20851200 -0.00389378 -0.27509677 -0.24749200 -0.92901516 1.00000000
-0.11379789 0.20843800 -0.00431755 -0.27281400 -0.25101600 -0.92874289 1.00000000
-0.11405642 0.20864500 -0.00433448 -0.25711403 -0.26581500 -0.92910399 1.00000000
-0.11378322 0.20791500 -0.00444430 -0.31530202 -0.25425500 -0.91429749 1.00000000
-0.11216865 0.21153900 -0.00249022 0.11623231 0.07235020 -0.99058361 1.00000000
-0.11229149 0.21217400 -0.00228836 0.14865458 0.05189170 -0.98752685 1.00000000
-0.11261968 0.21182200 -0.00276609 0.13474197 0.05484880 -0.98936112 1.00000000
-0.11284523 0.21196400 -0.00290405 0.14682825 0.06585810 -0.98696754 1.00000000
-0.11247291 0.21074700 -0.00280660 0.04243876 0.06535730 -0.99695878 1.00000000
-0.11263836 0.21090900 -0.00302184 0.06140317 0.05912020 -0.99636064 1.00000000
-0.11292401 0.21103000 -0.00308252 0.06697231 0.02008850 -0.99755264 1.00000000
-0.11294528 0.21079300 -0.00329105 0.03113628 0.00401304 -0.99950725 1.00000000
-0.11384075 0.20825500 -0.00530492 -0.17927735 -0.16242700 -0.97029745 1.00000000
-0.11358518 0.20826900 -0.00549079 -0.08571882 -0.05523330 -0.99478683 1.00000000
-0.11453675 0.21429500 -0.00230975 0.55963234 0.32157100 -0.76380807 1.00000000
-0.11514419 0.21511600 -0.00308324 0.54824627 0.35098300 -0.75910279 1.00000000
-0.11471121 0.21512100 -0.00313337 0.54930878 0.34461300 -0.76125022 1.00000000
-0.11487980 0.21475700 -0.00323108 0.56749478 0.34447200 -0.74785613 1.00000000
-0.11447393 0.21363900 -0.00243429 0.57687968 0.32743600 -0.74832898 1.00000000
-0.11449253 0.21272600 -0.00268999 0.61437646 0.24994100 -0.74837874 1.00000000
-0.11357304 0.21199700 -0.00320266 0.21630237 0.07756590 -0.97324084 1.00000000
-0.11430563 0.21354700 -0.00258654 0.57777150 0.32103200 -0.75041221 1.00000000
-0.11411652 0.21323600 -0.00278035 0.52599823 0.28164800 -0.80249586 1.00000000
-0.11434207 0.21337800 -0.00291831 0.57863119 0.31465600 -0.75244711 1.00000000
-0.11434042 0.21029700 -0.00282484 -0.01005435 -0.21477100 -0.97661326 1.00000000
-0.11447557 0.21107100 -0.00311394 0.27407307 -0.00604138 -0.96169035 1.00000000
-0.11523598 0.21162400 -0.00304149 0.65214204 0.20873100 -0.72879476 1.00000000
-0.11486282 0.21206500 -0.00276436 0.64719573 0.22986900 -0.72684153 1.00000000
-0.11380483 0.21183400 -0.00342587 0.24037404 0.08210460 -0.96720149 1.00000000
-0.11394629 0.21155600 -0.00347984 0.24824285 0.04425280 -0.96768611 1.00000000
-0.11395850 0.21065600 -0.00308007 0.06380492 -0.11848200 -0.99090439 1.00000000
-0.11418406 0.21079800 -0.00321803 0.10425063 -0.11365600 -0.98803553 1.00000000
-0.11432558 0.21052100 -0.00327192 0.09169150 -0.12630400 -0.98774496 1.00000000
-0.11396756 0.21132000 -0.00368836 0.22191369 0.03168260 -0.97455127 1.00000000
-0.11410903 0.21104200 -0.00374233 0.19587769 0.02424710 -0.98032837 1.00000000
-0.11484203 0.21213700 -0.00337616 0.62933074 0.26382900 -0.73098415 1.00000000
-0.11455638 0.21201600 -0.00331548 0.55792099 0.22395100 -0.79910621 1.00000000
-0.11463516 0.21108200 -0.00349395 0.36859582 0.05550100 -0.92793134 1.00000000
-0.11460219 0.21101600 -0.00361498 0.35792343 0.05605790 -0.93206662 1.00000000
-0.11492963 0.21157500 -0.00359266 0.65214204 0.20873100 -0.72879476 1.00000000
-0.11435585 0.21094700 -0.00408882 0.23820925 0.02634130 -0.97085677 1.00000000
-0.11470160 0.21104800 -0.00407222 0.44109028 0.13095000 -0.88785806 1.00000000
-0.11469948 0.21378100 -0.00257225 0.57062330 0.33794900 -0.74845164 1.00000000
-0.11503123 0.21244800 -0.00318240 0.62384559 0.27537400 -0.73142783 1.00000000
-0.11438090 0.21359400 -0.00263251 0.57777150 0.32103200 -0.75041221 1.00000000
-0.11466065 0.21356500 -0.00285805 0.57777150 0.32103200 -0.75041221 1.00000000
-0.11473935 0.21263100 -0.00303647 0.62171037 0.27091700 -0.73490186 1.00000000
-0.11508234 0.21280200 -0.00338742 0.59217092 0.29510100 -0.74983264 1.00000000
-0.11498604 0.21328200 -0.00370320 0.57863119 0.31465600 -0.75244711 1.00000000
-0.11522297 0.21418200 -0.00326171 0.56963622 0.34438600 -0.74626614 1.00000000
-0.11481712 0.21410100 -0.00335559 0.56963622 0.34438600 -0.74626614 1.00000000
-0.11487136 0.21393000 -0.00344309 0.57062330 0.33794900 -0.74845164 1.00000000
-0.11548805 0.21317300 -0.00386369 0.57249841 0.32515400 -0.75267578 1.00000000
-0.11491980 0.21360700 -0.00369528 0.57208028 0.32916500 -0.75124870 1.00000000
-0.11548503 0.21369900 -0.00398140 0.57062330 0.33794900 -0.74845164 1.00000000
-0.11586474 0.21266300 -0.00377374 0.57944711 0.32414300 -0.74777874 1.00000000
-0.11581049 0.21283500 -0.00368624 0.57863119 0.31465600 -0.75244711 1.00000000
-0.11594611 0.21240600 -0.00390499 0.58954439 0.31818700 -0.74242536 1.00000000
-0.11611707 0.21271900 -0.00395524 0.57249841 0.32515400 -0.75267578 1.00000000
-0.11520940 0.21200100 -0.00356830 0.63135063 0.26371900 -0.72927985 1.00000000
-0.11547020 0.21242900 -0.00378762 0.59982943 0.30730700 -0.73876012 1.00000000
-0.11543461 0.21214300 -0.00370605 0.62384559 0.27537400 -0.73142783 1.00000000
-0.11558472 0.21223700 -0.00379794 0.61853091 0.28374100 -0.73274191 1.00000000
-0.11448831 0.21000600 -0.00353441 -0.05069380 -0.22725400 -0.97251538 1.00000000
-0.11430801 0.21006700 -0.00376625 0.00166063 -0.17808200 -0.98401475 1.00000000
-0.11426295 0.21015500 -0.00396680 0.03980954 -0.14084300 -0.98923166 1.00000000
-0.11404362 0.20970900 -0.00391409 -0.07823603 -0.16072900 -0.98389255 1.00000000
-0.11411296 0.20960500 -0.00412478 -0.05397968 -0.13750900 -0.98902831 1.00000000
-0.11449473 0.20999300 -0.00419001 0.05020894 -0.14356400 -0.98836616 1.00000000
-0.11488813 0.21068200 -0.00392564 0.37832814 0.02635280 -0.92529640 1.00000000
-0.11518916 0.21087100 -0.00410980 0.65275283 0.19415100 -0.73226954 1.00000000
-0.11450325 0.21082000 -0.00397806 0.27505274 0.01093200 -0.96136717 1.00000000
-0.11458467 0.21056300 -0.00410922 0.28523848 0.01817940 -0.95828383 1.00000000
-0.11500835 0.21093200 -0.00434132 0.63651439 0.21171000 -0.74163950 1.00000000
-0.11474402 0.21057400 -0.00448908 0.40505478 0.11929100 -0.90647646 1.00000000
-0.11519524 0.21085800 -0.00476519 0.64757679 0.22060600 -0.72936846 1.00000000
-0.11542046 0.21100000 -0.00490294 0.63002188 0.25060300 -0.73503148 1.00000000
-0.11565255 0.21129200 -0.00487654 0.62384559 0.27537400 -0.73142783 1.00000000
-0.11617950 0.21337500 -0.00383058 0.57062330 0.33794900 -0.74845164 1.00000000
-0.11718089 0.21368300 -0.00426939 0.57896303 0.35806600 -0.73252358 1.00000000
-0.11723484 0.21396700 -0.00410692 0.58558801 0.37547300 -0.71840585 1.00000000
-0.11631511 0.21294700 -0.00404932 0.56991681 0.32842400 -0.75321477 1.00000000
-0.11666718 0.21274300 -0.00411803 0.56991681 0.32842400 -0.75321477 1.00000000
-0.11654118 0.21308800 -0.00418760 0.57113704 0.33558000 -0.74912545 1.00000000
-0.11671215 0.21340200 -0.00423785 0.57664135 0.34346600 -0.74129340 1.00000000
-0.11625217 0.21303700 -0.00449410 0.57208028 0.32916500 -0.75124870 1.00000000
-0.11642064 0.21312900 -0.00434195 0.57113704 0.33558000 -0.74912545 1.00000000
-0.11658643 0.21329100 -0.00455739 0.57450358 0.34356100 -0.74290695 1.00000000
-0.11638237 0.21291300 -0.00462798 0.56991681 0.32842400 -0.75321477 1.00000000
-0.11675740 0.21360500 -0.00460765 0.57999983 0.35152200 -0.73486865 1.00000000
-0.11700093 0.21374400 -0.00450144 0.57899996 0.35897300 -0.73205036 1.00000000
-0.11704618 0.21394700 -0.00487123 0.58281441 0.37797800 -0.71934662 1.00000000
-0.11658376 0.21336100 -0.00492499 0.57668262 0.34433200 -0.74085976 1.00000000
-0.11740064 0.21412900 -0.00432237 0.59333257 0.37125100 -0.71423358 1.00000000
-0.11768612 0.21425000 -0.00438294 0.56980995 0.39689600 -0.71957693 1.00000000
-0.11736146 0.21391300 -0.00460796 0.58659819 0.38202300 -0.71411576 1.00000000
-0.11753329 0.21422600 -0.00465874 0.56980995 0.39689600 -0.71957693 1.00000000
-0.11793931 0.21430600 -0.00456497 0.58764711 0.39056700 -0.70860980 1.00000000
-0.11724178 0.21395300 -0.00476283 0.57723731 0.38199000 -0.72172050 1.00000000
-0.11733769 0.21421900 -0.00476714 0.57385486 0.38778300 -0.72132893 1.00000000
-0.11727140 0.21408900 -0.00500898 0.58439887 0.38118500 -0.71636313 1.00000000
-0.11761715 0.21419000 -0.00499239 0.56418123 0.40177600 -0.72130080 1.00000000
-0.11333887 0.21177400 -0.00359702 0.17555324 0.09311660 -0.98005638 1.00000000
-0.11361566 0.21152300 -0.00361976 0.18921233 0.05098550 -0.98061170 1.00000000
-0.11338103 0.21175600 -0.00376405 0.17555324 0.09311660 -0.98005638 1.00000000
-0.11392873 0.21110300 -0.00397417 0.20883618 0.05051330 -0.97664506 1.00000000
-0.11357688 0.21130700 -0.00390548 0.17869440 0.06483730 -0.98176583 1.00000000
-0.11329737 0.21088100 -0.00393000 0.12584768 0.07494860 -0.98921489 1.00000000
-0.11396517 0.21093400 -0.00430594 0.19964254 0.05887330 -0.97809873 1.00000000
-0.11416070 0.21123200 -0.00476773 0.30643041 0.14234300 -0.94118989 1.00000000
-0.11463064 0.21031100 -0.00472926 0.31698135 0.03498650 -0.94778635 1.00000000
-0.11472895 0.21079800 -0.00493614 0.47396600 0.20236700 -0.85697361 1.00000000
-0.11431479 0.20989000 -0.00524198 0.15411718 -0.01946320 -0.98786084 1.00000000
-0.11493091 0.21050000 -0.00491295 0.53493726 0.18261800 -0.82491932 1.00000000
-0.11559256 0.21085700 -0.00520369 0.62468956 0.26203400 -0.73559607 1.00000000
-0.11541175 0.21091900 -0.00543521 0.62384559 0.27537400 -0.73142783 1.00000000
-0.11511780 0.21042500 -0.00533682 0.64220383 0.23450700 -0.72978083 1.00000000
-0.11536650 0.21071600 -0.00506542 0.63485441 0.24542000 -0.73261824 1.00000000
-0.11566762 0.21090500 -0.00524964 0.62384559 0.27537400 -0.73142783 1.00000000
-0.11598352 0.21116100 -0.00555698 0.58954439 0.31818700 -0.74242536 1.00000000
-0.11579424 0.21085000 -0.00575068 0.59982943 0.30730700 -0.73876012 1.00000000
-0.11611287 0.21103700 -0.00569033 0.59342483 0.32201900 -0.73766551 1.00000000
-0.11587561 0.21059300 -0.00588193 0.60528130 0.31905500 -0.72927303 1.00000000
-0.11571316 0.21065200 -0.00586941 0.60528130 0.31905500 -0.72927303 1.00000000
-0.11625370 0.21196200 -0.00581455 0.58468830 0.33686500 -0.73801147 1.00000000
-0.11478491 0.20805800 -0.00570334 -0.35216792 -0.34155300 -0.87138894 1.00000000
-0.10452818 0.21315600 0.00103245 0.66674243 0.33509900 -0.66570562 1.00000000
-0.10475368 0.21329700 0.00089441 0.67370826 0.33277300 -0.65983243 1.00000000
-0.10521650 0.21388300 0.00094804 0.67560477 0.33687900 -0.65579739 1.00000000
-0.10509944 0.21339800 0.00091101 0.67560477 0.33687900 -0.65579739 1.00000000
-0.10505443 0.21348600 0.00071054 0.67826773 0.33408500 -0.65447750 1.00000000
-0.10531876 0.21384500 0.00085830 0.68356479 0.32847600 -0.65180029 1.00000000
-0.10548459 0.21355100 0.00039303 0.69371445 0.32062400 -0.64494929 1.00000000
-0.10476877 0.21336500 0.00077122 0.67864036 0.33063700 -0.65583982 1.00000000
-0.10465480 0.21310200 0.00053141 0.67864036 0.33063700 -0.65583982 1.00000000
-0.10522606 0.21334400 0.00040996 0.69141461 0.32431900 -0.64557230 1.00000000
-0.10509111 0.21286200 0.00012871 0.68614295 0.32998500 -0.64831958 1.00000000
-0.10613946 0.21080400 -0.00135960 0.41078483 0.50908500 -0.75636484 1.00000000
-0.10615595 0.21648900 0.00168195 0.67125090 0.35352800 -0.65149062 1.00000000
-0.10549484 0.21567500 0.00172256 0.67444219 0.32590900 -0.66250418 1.00000000
-0.10542303 0.21539400 0.00131572 0.66042081 0.30535100 -0.68600707 1.00000000
-0.10562761 0.21531700 0.00113631 0.68439053 0.29793200 -0.66546713 1.00000000
-0.10573609 0.21497400 0.00096132 0.70004435 0.30119800 -0.64747073 1.00000000
-0.10600975 0.21524900 0.00082106 0.69776335 0.30062400 -0.65019297 1.00000000
-0.10602835 0.21433500 0.00056536 0.69371445 0.32062400 -0.64494929 1.00000000
-0.10543577 0.21432900 0.00089525 0.68356479 0.32847600 -0.65180029 1.00000000
-0.10574275 0.21421400 0.00062613 0.69371445 0.32062400 -0.64494929 1.00000000
-0.10633799 0.21489600 0.00034341 0.69371445 0.32062400 -0.64494929 1.00000000
-0.10685801 0.21553200 0.00010674 0.70232498 0.30177000 -0.64472877 1.00000000
-0.10696650 0.21518900 -0.00006825 0.69859704 0.31838600 -0.64077469 1.00000000
-0.10715322 0.21511400 -0.00049202 0.69467114 0.31456700 -0.64690002 1.00000000
-0.10735479 0.21481600 -0.00046871 0.69174872 0.32085900 -0.64694066 1.00000000
-0.10776706 0.21488300 -0.00103043 0.67668829 0.30629800 -0.66953247 1.00000000
-0.10678620 0.21525000 -0.00030009 0.69859704 0.31838600 -0.64077469 1.00000000
-0.10724968 0.21492400 -0.00074646 0.68947286 0.31595900 -0.65176467 1.00000000
-0.10719847 0.21531700 -0.00086181 0.69467114 0.31456700 -0.64690002 1.00000000
-0.10743640 0.21485000 -0.00117022 0.67668829 0.30629800 -0.66953247 1.00000000
-0.10722076 0.21267600 -0.00092970 0.66340487 0.26180900 -0.70096343 1.00000000
-0.10718198 0.21246000 -0.00121542 0.66034633 0.23905100 -0.71189735 1.00000000
-0.10636459 0.21140100 -0.00124762 0.56327973 0.39524500 -0.72560164 1.00000000
-0.10619334 0.21108800 -0.00119707 0.50950666 0.43966400 -0.73966179 1.00000000
-0.10669283 0.21104900 -0.00172527 0.39775104 0.49402700 -0.77313105 1.00000000
-0.10616331 0.21124300 -0.00152091 0.43672620 0.51883400 -0.73490230 1.00000000
-0.10621176 0.21092100 -0.00177310 0.31187370 0.57116500 -0.75927914 1.00000000
-0.10679472 0.21146600 -0.00156499 0.52012491 0.43389100 -0.73566885 1.00000000
-0.10707151 0.21121500 -0.00158773 0.43829516 0.45825300 -0.77324068 1.00000000
-0.10689113 0.21127600 -0.00181951 0.39775104 0.49402700 -0.77313105 1.00000000
-0.10736598 0.21170800 -0.00168644 0.36475956 0.48808200 -0.79292248 1.00000000
-0.10671677 0.21148800 -0.00188662 0.45122610 0.48676400 -0.74796771 1.00000000
-0.10708637 0.21202900 -0.00203133 0.49191999 0.46364100 -0.73692107 1.00000000
-0.10793995 0.21262800 -0.00176063 0.37804096 0.41695000 -0.82658230 1.00000000
-0.10744969 0.21258300 -0.00152040 0.57027598 0.27331400 -0.77465135 1.00000000
-0.10755542 0.21231000 -0.00206294 0.31962430 0.52706000 -0.78743145 1.00000000
-0.10770541 0.21286000 -0.00190497 0.44782356 0.37352700 -0.81236122 1.00000000
-0.10790759 0.21239800 -0.00270195 0.15379452 0.59409700 -0.78955423 1.00000000
-0.10899474 0.21442100 -0.00210726 0.32473294 0.41112400 -0.85177807 1.00000000
-0.10810431 0.21519400 -0.00211646 0.64141104 0.30614600 -0.70346774 1.00000000
-0.10843861 0.21424600 -0.00210914 0.44893960 0.37898400 -0.80921232 1.00000000
-0.10879051 0.21404300 -0.00217774 0.35595628 0.37449700 -0.85618138 1.00000000
-0.10823733 0.21408900 -0.00238243 0.44782356 0.37352700 -0.81236122 1.00000000
-0.10879960 0.21470600 -0.00278617 0.40076298 0.36139100 -0.84189370 1.00000000
-0.10829818 0.21315700 -0.00280520 0.21691733 0.54992600 -0.80655332 1.00000000
-0.10850247 0.21353600 -0.00273464 0.31973314 0.39878500 -0.85950113 1.00000000
-0.10870699 0.21345900 -0.00291413 0.21997930 0.46136000 -0.85950889 1.00000000
-0.10852373 0.21329900 -0.00294316 0.15837181 0.56009200 -0.81315160 1.00000000
-0.10874929 0.21344100 -0.00308112 0.11985658 0.53239700 -0.83796636 1.00000000
-0.10905274 0.21356000 -0.00289753 0.17604050 0.46119700 -0.86965950 1.00000000
-0.10905190 0.21521800 -0.00271785 0.33797585 0.38778300 -0.85755309 1.00000000
-0.10653061 0.21139900 -0.00228324 0.33215904 0.56424600 -0.75584165 1.00000000
-0.10682513 0.21189200 -0.00238186 0.44840146 0.49627200 -0.74340410 1.00000000
-0.10793417 0.21351400 -0.00281599 0.39075730 0.43813500 -0.80953456 1.00000000
-0.10777138 0.21402900 -0.00255358 0.56130947 0.32546400 -0.76092376 1.00000000
-0.10857429 0.21485500 -0.00321848 0.37127198 0.34872600 -0.86055051 1.00000000
-0.10834343 0.21336000 -0.00317500 0.14480580 0.58217700 -0.80006332 1.00000000
-0.10809698 0.21300000 -0.00307854 0.17686334 0.59208500 -0.78622824 1.00000000
-0.10848519 0.21262700 -0.00347894 -0.01418266 0.58832400 -0.80850026 1.00000000
-0.10854801 0.21328300 -0.00335441 0.07760369 0.57284200 -0.81598361 1.00000000
-0.10577620 0.21025000 -0.00187045 0.26234036 0.61595200 -0.74281943 1.00000000
-0.10649155 0.21089100 -0.00199855 0.25255682 0.56237300 -0.78737072 1.00000000
-0.10933998 0.21111300 -0.00363795 -0.12419811 0.46952200 -0.87414150 1.00000000
-0.10907208 0.21173600 -0.00365329 -0.10522157 0.50444100 -0.85701097 1.00000000
-0.10920775 0.21130700 -0.00387195 -0.12750850 0.51251700 -0.84915764 1.00000000
-0.10938523 0.21131600 -0.00400774 -0.14689940 0.58356100 -0.79867218 1.00000000
-0.10985759 0.21032500 -0.00360152 -0.10005160 0.58170000 -0.80722697 1.00000000
-0.10968306 0.21053700 -0.00366852 -0.09618968 0.54720100 -0.83145581 1.00000000
-0.10989390 0.21015600 -0.00393332 -0.11587512 0.66345100 -0.73919225 1.00000000
-0.10949662 0.21090300 -0.00381516 -0.12031437 0.55876200 -0.82055454 1.00000000
-0.10975857 0.21012900 -0.00396455 -0.16970118 0.47801400 -0.86180348 1.00000000
-0.10593537 0.21071600 -0.00200052 0.29741923 0.58465400 -0.75479914 1.00000000
-0.10624229 0.21060100 -0.00226973 0.18670511 0.61918400 -0.76272681 1.00000000
-0.10872942 0.21185600 -0.00387265 -0.16022950 0.52866600 -0.83356959 1.00000000
-0.10702844 0.20262900 -0.00330414 -0.03750634 0.26413400 -0.96375658 1.00000000
-0.10664072 0.20283800 -0.00372406 -0.03056271 0.09945510 -0.99457244 1.00000000
-0.10854482 0.20251000 -0.00464450 0.03065248 0.22992200 -0.97272645 1.00000000
-0.10715821 0.20308700 -0.00457833 0.17402367 0.61431800 -0.76962980 1.00000000
-0.10780541 0.20246600 -0.00524575 -0.03630976 0.20627200 -0.97782120 1.00000000
-0.10807528 0.20343100 -0.00468310 -0.25978688 0.10462800 -0.95998101 1.00000000
-0.10818376 0.20308800 -0.00485809 -0.18355403 0.12376400 -0.97518784 1.00000000
-0.10852633 0.20371500 -0.00495910 -0.33763797 0.07340060 -0.93840949 1.00000000
-0.10846075 0.20312800 -0.00545118 -0.12019123 0.11362700 -0.98622705 1.00000000
-0.10857205 0.20271500 -0.00525855 -0.07047686 0.13498900 -0.98833751 1.00000000
-0.10925240 0.20141300 -0.00548461 0.37814209 0.50518800 -0.77575332 1.00000000
-0.10816390 0.20150300 -0.00564962 0.08445455 0.31151300 -0.94648125 1.00000000
-0.10803489 0.20117100 -0.00576615 0.13998182 0.39082200 -0.90976023 1.00000000
-0.10837404 0.20203200 -0.00541428 0.14487305 0.34602300 -0.92697335 1.00000000
-0.10865965 0.20215400 -0.00547505 0.44450181 0.52357100 -0.72683669 1.00000000
-0.10878917 0.20203000 -0.00560851 0.44450181 0.52357100 -0.72683669 1.00000000
-0.10841044 0.20186300 -0.00574614 0.14487305 0.34602300 -0.92697335 1.00000000
-0.10840458 0.20171200 -0.00591091 0.48045115 0.51212200 -0.71196828 1.00000000
-0.10872635 0.20137300 -0.00573305 0.48045115 0.51212200 -0.71196828 1.00000000
-0.10840505 0.20051000 -0.00584056 0.15069899 0.40043200 -0.90384923 1.00000000
-0.10721841 0.20410500 -0.00539178 -0.20945341 -0.02669270 -0.97745385 1.00000000
-0.10969113 0.20513300 -0.00290214 -0.48453011 0.03132310 -0.87421334 1.00000000
-0.11010588 0.20558600 -0.00284634 -0.45968084 -0.05720930 -0.88623979 1.00000000
-0.10880695 0.20560100 -0.00299672 -0.46434148 0.05701820 -0.88381909 1.00000000
-0.10865402 0.20586800 -0.00384257 -0.52154776 0.02812310 -0.85275809 1.00000000
-0.10903628 0.20609100 -0.00472812 -0.61582745 -0.04273910 -0.78672078 1.00000000
-0.10984798 0.20625200 -0.00454037 -0.46836185 -0.04559180 -0.88235943 1.00000000
-0.10774393 0.20638400 -0.00610431 -0.66709391 -0.13445500 -0.73274033 1.00000000
-0.10955336 0.20472100 -0.00355103 -0.46300014 0.05993280 -0.88432992 1.00000000
-0.10949050 0.20481100 -0.00399585 -0.45756232 0.05712710 -0.88734019 1.00000000
-0.10964954 0.20498700 -0.00355549 -0.43915044 0.04308740 -0.89737933 1.00000000
-0.11032980 0.20368400 -0.00378150 -0.44088275 0.07514450 -0.89441334 1.00000000
-0.11032367 0.20502600 -0.00458698 -0.42206724 0.00135597 -0.90656312 1.00000000
-0.11102399 0.20560000 -0.00459181 -0.30152670 0.09506800 -0.94870665 1.00000000
-0.11100028 0.20545200 -0.00500094 -0.44251042 -0.05747170 -0.89491950 1.00000000
-0.11126200 0.20513300 -0.00490027 -0.28393195 0.13334900 -0.94952638 1.00000000
-0.11133422 0.20421300 -0.00442317 -0.46401126 -0.02866490 -0.88536465 1.00000000
-0.11157791 0.20464300 -0.00488718 -0.45477959 -0.03159860 -0.89004284 1.00000000
-0.11117206 0.20456300 -0.00498105 -0.37739763 0.00961180 -0.92600080 1.00000000
-0.10896726 0.20470100 -0.00387665 -0.42296344 0.05482360 -0.90448727 1.00000000
-0.10864550 0.20504000 -0.00405452 -0.49538469 0.02844400 -0.86820803 1.00000000
-0.10865239 0.20382500 -0.00463977 -0.36066168 0.07920540 -0.92932699 1.00000000
-0.10969232 0.20480400 -0.00454281 -0.43499359 0.04019220 -0.89953548 1.00000000
-0.11006551 0.20436400 -0.00482007 -0.40510539 0.05784580 -0.91243872 1.00000000
-0.10980376 0.20468200 -0.00492061 -0.41472784 0.04333180 -0.90891321 1.00000000
-0.10943674 0.20481800 -0.00472868 -0.45954769 0.04561480 -0.88698057 1.00000000
-0.10924763 0.20450700 -0.00492249 -0.45954769 0.04561480 -0.88698057 1.00000000
-0.10899542 0.20324900 -0.00467043 -0.29196122 0.11412900 -0.94959666 1.00000000
-0.10904067 0.20345200 -0.00504022 -0.29978879 0.10150000 -0.94859042 1.00000000
-0.10904690 0.20314800 -0.00512547 -0.24744963 0.12069800 -0.96135344 1.00000000
-0.10971086 0.20389100 -0.00479859 -0.34028999 0.08568030 -0.93640923 1.00000000
-0.10996546 0.20553400 -0.00443307 -0.43847589 -0.02332060 -0.89844019 1.00000000
-0.10989913 0.20585900 -0.00442510 -0.44257978 -0.02888840 -0.89626327 1.00000000
-0.11043517 0.20490500 -0.00496469 -0.41039287 0.00681018 -0.91188344 1.00000000
-0.11206495 0.20521300 -0.00524487 -0.24562088 0.18635900 -0.95128340 1.00000000
-0.11242583 0.20538200 -0.00535160 -0.24873348 0.15274100 -0.95645316 1.00000000
-0.11161071 0.20545500 -0.00508647 -0.26546250 0.13964200 -0.95395460 1.00000000
-0.10817468 0.20420900 -0.00546077 -0.54868085 0.02516850 -0.83565307 1.00000000
-0.10798807 0.20457500 -0.00560730 -0.65424726 -0.03659510 -0.75539496 1.00000000
-0.08606205 0.21267200 -0.01747345 0.05206272 0.96496300 0.25716753 0.00000000
-0.08559572 0.21306800 -0.01739458 0.05300435 0.96383900 0.26116212 0.00000000
-0.08556575 0.21322400 -0.01771832 0.05300435 0.96383900 0.26116212 0.00000000
-0.08535833 0.21337100 -0.01790641 0.03623454 0.97086800 0.23685712 0.00000000
-0.08309457 0.21320100 -0.01852004 -0.04030503 0.95856700 0.28199935 0.00000000
-0.08425198 0.21346300 -0.01831577 0.00936798 0.97508300 0.22164137 0.00000000
-0.08439634 0.21311500 -0.01800216 0.01059681 0.98290300 0.18381818 0.00000000
-0.08478445 0.21348900 -0.01872294 0.01439789 0.98094800 0.19373530 0.00000000
-0.08390622 0.21336200 -0.01833237 -0.00112733 0.97000500 0.24308388 0.00000000
-0.08384299 0.21390800 -0.01852717 -0.02282044 0.96984300 0.24265902 0.00000000
-0.08418602 0.21333200 -0.01855783 0.00936798 0.97508300 0.22164137 0.00000000
-0.08331390 0.21364700 -0.01857275 -0.04253484 0.95884700 0.28072120 0.00000000
-0.08437879 0.21369900 -0.01938716 0.00214308 0.95994000 0.28019655 0.00000000
-0.08179251 0.21374200 -0.01878793 -0.05702275 0.96218700 0.26635604 0.00000000
-0.08240899 0.21418700 -0.01927904 -0.05303215 0.96114600 0.27089721 0.00000000
-0.08290804 0.21356600 -0.01866662 -0.04184561 0.95748100 0.28544439 0.00000000
-0.08256271 0.21301000 -0.01893316 -0.04030503 0.95856700 0.28199935 0.00000000
-0.08272774 0.21362700 -0.01889846 -0.04184561 0.95748100 0.28544439 0.00000000
-0.08281534 0.21306600 -0.01911495 -0.04115051 0.95608100 0.29019817 0.00000000
-0.08164857 0.21363400 -0.01935149 -0.06115378 0.97007100 0.23499475 0.00000000
-0.08244518 0.21372700 -0.01904054 -0.04454246 0.95953300 0.27805058 0.00000000
-0.08185895 0.21370800 -0.01936620 -0.06115378 0.97007100 0.23499475 0.00000000
-0.08419855 0.21376100 -0.01961891 -0.00004909 0.94312900 0.33242698 0.00000000
-0.08627846 0.21215100 -0.01700307 0.05086723 0.96641300 0.25191187 0.00000000
-0.07906625 0.21431500 -0.02091605 0.18158266 0.88425000 0.43026699 0.00000000
-0.07897317 0.21427000 -0.02111435 0.18158266 0.88425000 0.43026699 0.00000000
-0.08071654 0.21426000 -0.02001403 0.02911347 0.94669700 0.32080551 0.00000000
-0.08072572 0.21417700 -0.02030208 0.04458342 0.94020600 0.33767532 0.00000000
-0.08050911 0.21440700 -0.02020212 0.05061217 0.93646200 0.34709994 0.00000000
-0.08097501 0.21446700 -0.02003105 -0.00455392 0.96143300 0.27499992 0.00000000
-0.08124271 0.21355300 -0.01944536 -0.04360567 0.96798800 0.24718073 0.00000000
-0.08106242 0.21361400 -0.01967720 -0.03330595 0.96881500 0.24553752 0.00000000
-0.08123987 0.21362300 -0.01981285 -0.04781301 0.96858200 0.24405414 0.00000000
-0.08342026 0.21424700 -0.02082625 -0.05015758 0.96279300 0.26554527 0.00000000
-0.08299627 0.21387800 -0.02059408 -0.05095171 0.96070700 0.27284869 0.00000000
-0.08016336 0.21430600 -0.02021871 0.06972705 0.93029700 0.36011843 0.00000000
-0.07990502 0.21439000 -0.02077213 0.10220628 0.92814600 0.35790911 0.00000000
-0.07848009 0.21429500 -0.02124176 0.17521868 0.89594800 0.40813616 0.00000000
-0.07885288 0.21431100 -0.02126886 0.18281525 0.88561700 0.42692039 0.00000000
-0.07867267 0.21437200 -0.02150074 0.17521868 0.89594800 0.40813616 0.00000000
-0.07822457 0.21430900 -0.02142754 0.25736829 0.82884300 0.49676977 0.00000000
-0.07845012 0.21445100 -0.02156550 0.16972932 0.91154900 0.37452620 0.00000000
-0.07846516 0.21451900 -0.02168878 0.16972932 0.91154900 0.37452620 0.00000000
-0.07740387 0.21452300 -0.02189759 0.35227764 0.74428800 0.56739453 0.00000000
-0.07786983 0.21458300 -0.02172643 0.34664274 0.73919700 0.57743050 0.00000000
-0.07809538 0.21472500 -0.02186439 0.22596000 0.87643700 0.42520605 0.00000000
-0.07811665 0.21448800 -0.02207292 0.22596000 0.87643700 0.42520605 0.00000000
-0.07767744 0.21479800 -0.02203780 0.35328803 0.72973200 0.58538788 0.00000000
-0.07790923 0.21463500 -0.02226101 0.35328803 0.72973200 0.58538788 0.00000000
-0.07644803 0.21396300 -0.02207854 0.30303508 0.86696000 0.39566314 0.00000000
-0.07621045 0.21397400 -0.02202002 0.30892366 0.86502300 0.39535006 0.00000000
-0.07629181 0.21371700 -0.02215127 0.30892366 0.86502300 0.39535006 0.00000000
-0.07575035 0.21406500 -0.02202640 0.31792705 0.86927100 0.37853700 0.00000000
-0.07595501 0.21398800 -0.02220586 0.30955578 0.86970400 0.38443431 0.00000000
-0.07699807 0.21444200 -0.02199138 0.34641552 0.76575800 0.54185934 0.00000000
-0.07667359 0.21410500 -0.02221650 0.32045375 0.82990400 0.45669332 0.00000000
-0.07722357 0.21458400 -0.02212942 0.34641552 0.76575800 0.54185934 0.00000000
-0.07689291 0.21455100 -0.02226921 0.32783930 0.80214300 0.49908769 0.00000000
-0.07750923 0.21470500 -0.02219010 0.35227764 0.74428800 0.56739453 0.00000000
-0.07738903 0.21474600 -0.02234466 0.34641552 0.76575800 0.54185934 0.00000000
-0.07787039 0.21441900 -0.02254681 0.35328803 0.72973200 0.58538788 0.00000000
-0.07726297 0.21463600 -0.02266399 0.32783930 0.80214300 0.49908769 0.00000000
-0.07714277 0.21467700 -0.02281855 0.32045375 0.82990400 0.45669332 0.00000000
-0.07645766 0.21446200 -0.02350721 0.33024669 0.86452100 0.37886797 0.00000000
-0.07683923 0.21455800 -0.02300209 0.30303508 0.86696000 0.39566314 0.00000000
-0.07669191 0.21468400 -0.02311290 0.30892366 0.86502300 0.39535006 0.00000000
-0.07504462 0.21392300 -0.02332696 0.34244902 0.86745900 0.36089365 0.00000000
-0.07502053 0.21422900 -0.02348606 0.34244902 0.86745900 0.36089365 0.00000000
-0.07530025 0.21420000 -0.02371147 0.34244902 0.86745900 0.36089365 0.00000000
-0.07546250 0.21385000 -0.02315364 0.33071033 0.86899300 0.36807761 0.00000000
-0.07586250 0.21377900 -0.02322454 0.33071033 0.86899300 0.36807761 0.00000000
-0.07574230 0.21382000 -0.02337910 0.33071033 0.86899300 0.36807761 0.00000000
-0.07522202 0.21393100 -0.02346270 0.34244902 0.86745900 0.36089365 0.00000000
-0.07544757 0.21407300 -0.02360066 0.34244902 0.86745900 0.36089365 0.00000000
-0.07564609 0.21430100 -0.02369492 0.33071033 0.86899300 0.36807761 0.00000000
-0.07582658 0.21453000 -0.02403344 0.34244902 0.86745900 0.36089365 0.00000000
-0.07603381 0.21409200 -0.02327500 0.33024669 0.86452100 0.37886797 0.00000000
-0.07585351 0.21415400 -0.02350684 0.33071033 0.86899300 0.36807761 0.00000000
-0.12165867 0.20309000 0.00303810 -0.01317838 -0.98037800 -0.19668397 0.00000000
-0.12094622 0.20416200 0.00232269 0.06981342 -0.97861100 -0.19351035 0.00000000
-0.12108154 0.20418900 0.00235392 0.06467096 -0.97877300 -0.19447819 0.00000000
-0.12090159 0.20425100 0.00212188 0.08046394 -0.97895500 -0.18754639 0.00000000
-0.12079941 0.20428900 0.00221157 0.08046394 -0.97895500 -0.18754639 0.00000000
-0.12057914 0.20458900 0.00194443 0.09623489 -0.97953200 -0.17679606 0.00000000
-0.12150890 0.20374200 0.00280936 0.00080079 -0.97854500 -0.20602925 0.00000000
-0.12126782 0.20382400 0.00250066 0.05542628 -0.98055500 -0.18825454 0.00000000
-0.12039918 0.20465100 0.00171238 0.10113798 -0.97920400 -0.17586952 0.00000000
-0.12002630 0.20463500 0.00173954 0.11630287 -0.97941000 -0.16501126 0.00000000
-0.12014417 0.20466500 0.00152628 0.11630287 -0.97941000 -0.16501126 0.00000000
-0.11971102 0.20467000 0.00147626 0.12163796 -0.97956800 -0.16015885 0.00000000
-0.11979210 0.20486800 0.00159499 0.11630287 -0.97941000 -0.16501126 0.00000000
-0.11921163 0.20454400 0.00118448 0.13161684 -0.97934800 -0.15347485 0.00000000
-0.11955733 0.20464500 0.00120099 0.12731266 -0.97958000 -0.15560840 0.00000000
-0.11978340 0.20478700 0.00106272 0.12731266 -0.97958000 -0.15560840 0.00000000
-0.11943765 0.20468600 0.00104612 0.12731266 -0.97958000 -0.15560840 0.00000000
-0.11910070 0.20450200 0.00074182 0.13507516 -0.97945700 -0.14972851 0.00000000
-0.11961856 0.20446000 0.00045767 0.12731266 -0.97958000 -0.15560840 0.00000000
-0.11852973 0.20425900 0.00086297 0.15502484 -0.97596300 -0.15317670 0.00000000
-0.11843335 0.20474000 0.00054725 0.17664024 -0.97303000 -0.14835737 0.00000000
-0.11852075 0.20463300 0.00058068 0.15899960 -0.97509900 -0.15460334 0.00000000
-0.11820165 0.20519300 0.00020030 0.23400076 -0.96735200 -0.09733024 0.00000000
-0.11840958 0.20504600 0.00038807 0.19568601 -0.97142300 -0.13433118 0.00000000
-0.11836739 0.20535600 -0.00001523 0.23400076 -0.96735200 -0.09733024 0.00000000
-0.11813233 0.20558800 -0.00015925 0.23605141 -0.96788400 -0.08648807 0.00000000
-0.12255481 0.20412600 0.00339133 -0.05135231 -0.98003700 -0.19206673 0.00000000
-0.12343804 0.20486000 0.00341574 -0.06142167 -0.97861400 -0.19632236 0.00000000
-0.12282164 0.20470500 0.00333669 -0.06142167 -0.97861400 -0.19632236 0.00000000
-0.12290301 0.20444800 0.00320544 -0.06142167 -0.97861400 -0.19632236 0.00000000
-0.12271975 0.20428800 0.00317641 -0.05135231 -0.98003700 -0.19206673 0.00000000
-0.12311315 0.20497700 0.00344078 -0.06142167 -0.97861400 -0.19632236 0.00000000
-0.12307483 0.20476100 0.00315467 -0.07160755 -0.97705200 -0.20060608 0.00000000
-0.12288799 0.20467100 0.00275847 -0.03899701 -0.98046100 -0.19281092 0.00000000
-0.12230793 0.20376500 0.00348805 -0.03899701 -0.98046100 -0.19281092 0.00000000
-0.12221452 0.20372000 0.00328996 -0.03899701 -0.98046100 -0.19281092 0.00000000
-0.12194716 0.20388800 0.00302449 -0.01317838 -0.98037800 -0.19668397 0.00000000
-0.12220035 0.20394400 0.00284247 -0.01317838 -0.98037800 -0.19668397 0.00000000
-0.12248851 0.20399500 0.00314949 -0.03899701 -0.98046100 -0.19281092 0.00000000
-0.12185460 0.20384300 0.00282587 0.00080079 -0.97854500 -0.20602925 0.00000000
-0.12207981 0.20398500 0.00268812 0.00080079 -0.97854500 -0.20602925 0.00000000
-0.12259404 0.20417800 0.00285687 -0.03899701 -0.98046100 -0.19281092 0.00000000
-0.12241323 0.20423900 0.00262535 -0.01317838 -0.98037800 -0.19668397 0.00000000
-0.12229354 0.20428000 0.00247047 0.00080079 -0.97854500 -0.20602925 0.00000000
-0.12354027 0.20482100 0.00332613 -0.06142167 -0.97861400 -0.19632236 0.00000000
-0.12124734 0.20435100 0.00213847 0.06467096 -0.97877300 -0.19447819 0.00000000
-0.12252813 0.20479400 0.00229447 0.00080079 -0.97854500 -0.20602925 0.00000000
-0.12112680 0.20439200 0.00198413 0.06981342 -0.97861100 -0.19351035 0.00000000
-0.12078439 0.20451200 0.00176460 0.08046394 -0.97895500 -0.18754639 0.00000000
-0.12088657 0.20447400 0.00167491 0.08046394 -0.97895500 -0.18754639 0.00000000
-0.12066385 0.20455300 0.00161025 0.09799468 -0.97964600 -0.17518568 0.00000000
-0.12158645 0.20401000 0.00256101 0.02857001 -0.97997100 -0.19707880 0.00000000
-0.12188757 0.20419900 0.00237679 0.01377231 -0.97920700 -0.20239777 0.00000000
-0.12211904 0.20403700 0.00215365 0.00080079 -0.97854500 -0.20602925 0.00000000
-0.12146676 0.20405100 0.00240614 0.04637727 -0.98019200 -0.19254217 0.00000000
-0.12241385 0.20453000 0.00205473 0.00080079 -0.97854500 -0.20602925 0.00000000
-0.12076603 0.20451500 0.00152056 0.09623489 -0.97953200 -0.17679606 0.00000000
-0.12036938 0.20480600 0.00138853 0.11630287 -0.97941000 -0.16501126 0.00000000
-0.11523443 0.20572200 -0.00084644 -0.23436814 -0.49590900 -0.83614968 0.00000000
-0.11522234 0.20587500 -0.00092597 -0.23343817 -0.50301400 -0.83215521 0.00000000
-0.11492762 0.20612800 -0.00114753 -0.25721220 -0.49537700 -0.82972477 0.00000000
-0.11483763 0.20630400 -0.00154860 -0.38712378 -0.38490900 -0.83784216 0.00000000
-0.11549315 0.20622000 -0.00143372 -0.23249150 -0.51009600 -0.82810003 0.00000000
-0.11095904 0.20664000 -0.00232570 -0.32275371 0.08567020 -0.94259755 0.00000000
-0.11368234 0.20792100 -0.00177599 -0.37498340 -0.27661000 -0.88480130 0.00000000
-0.11390790 0.20806300 -0.00191395 -0.36393577 -0.30888500 -0.87871565 0.00000000
-0.11337875 0.20780200 -0.00195961 -0.36878529 -0.26234400 -0.89172494 0.00000000
-0.11377883 0.20773100 -0.00203057 -0.39093136 -0.27172200 -0.87939815 0.00000000
-0.11369462 0.20805900 -0.00226681 -0.34265467 -0.31275300 -0.88587451 0.00000000
-0.11396582 0.20616400 -0.00181363 -0.45635656 -0.23355700 -0.85859789 0.00000000
-0.11410040 0.20710100 -0.00128235 -0.34205264 -0.32702700 -0.88093850 0.00000000
-0.11438606 0.20722300 -0.00134303 -0.29194155 -0.37206000 -0.88110300 0.00000000
-0.11386586 0.20733400 -0.00142669 -0.32800824 -0.31401900 -0.89095594 0.00000000
-0.11409141 0.20747600 -0.00156465 -0.31681845 -0.32088000 -0.89255976 0.00000000
-0.11327081 0.20694300 -0.00171432 -0.41027029 -0.21591600 -0.88603521 0.00000000
-0.11315956 0.20735600 -0.00190687 -0.38324405 -0.22776400 -0.89512403 0.00000000
-0.11370416 0.20648200 -0.00191422 -0.43598167 -0.25184500 -0.86399916 0.00000000
-0.11378553 0.20622500 -0.00204547 -0.44920726 -0.23114700 -0.86300884 0.00000000
-0.11390901 0.20669600 -0.00266403 -0.42687160 -0.28057000 -0.85968695 0.00000000
-0.11305698 0.20814100 -0.00213748 -0.32993653 -0.24634800 -0.91129255 0.00000000
-0.11197505 0.20821700 -0.00295805 -0.24597770 -0.08297910 -0.96571708 0.00000000
-0.11622638 0.20582100 -0.00042694 0.34914104 -0.92758400 -0.13299559 0.00000000
-0.11582053 0.20574100 -0.00052081 -0.13531292 -0.62299500 -0.77043336 0.00000000
-0.11622053 0.20567000 -0.00059172 0.31717363 -0.93045900 -0.18343318 0.00000000
-0.11730874 0.20529000 0.00014370 0.33750787 -0.94132200 -0.00085590 0.00000000
-0.11715557 0.20526500 -0.00013189 0.33750787 -0.94132200 -0.00085590 0.00000000
-0.11750115 0.20536600 -0.00011519 0.32495137 -0.94567400 -0.01031395 0.00000000
-0.11697808 0.20525600 0.00000391 0.33750787 -0.94132200 -0.00085590 0.00000000
-0.11694519 0.20519100 -0.00011717 0.33449986 -0.94239500 0.00147968 0.00000000
-0.11673768 0.20533800 -0.00030521 0.36737631 -0.92966300 0.02759037 0.00000000
-0.11738146 0.20540700 -0.00027006 0.33750787 -0.94132200 -0.00085590 0.00000000
-0.11714038 0.20548800 -0.00057875 0.34578864 -0.93821700 0.01339334 0.00000000
-0.11742069 0.20545900 -0.00080453 0.33449986 -0.94239500 0.00147968 0.00000000
-0.11656324 0.20555000 -0.00037226 0.38371843 -0.92171300 0.05662416 0.00000000
-0.11691517 0.20534700 -0.00044100 0.36642722 -0.93004000 0.02751945 0.00000000
-0.11673487 0.20540800 -0.00067284 0.36865965 -0.92922300 0.02520300 0.00000000
-0.11702069 0.20552900 -0.00073362 0.36737631 -0.92966300 0.02759037 0.00000000
-0.11655462 0.20546900 -0.00090459 0.35932685 -0.93191900 -0.04910731 0.00000000
-0.11576048 0.20576100 -0.00059801 -0.10407639 -0.65243200 -0.75066655 0.00000000
-0.11606735 0.20564600 -0.00086730 -0.05894482 -0.69025400 -0.72116224 0.00000000
-0.11579679 0.20559200 -0.00092981 -0.12888513 -0.61953400 -0.77431679 0.00000000
-0.11539988 0.20588400 -0.00106168 -0.20439776 -0.54537500 -0.81288791 0.00000000
-0.11582115 0.20557600 -0.00134111 -0.10060775 -0.64598500 -0.75669109 0.00000000
-0.11635300 0.20576700 -0.00092798 0.04466255 -0.76993400 -0.63655898 0.00000000
-0.11602234 0.20573400 -0.00106777 -0.20501692 -0.52552800 -0.82570502 0.00000000
-0.11637432 0.20553000 -0.00113642 0.20120601 -0.88535500 -0.41912201 0.00000000
-0.11645569 0.20527300 -0.00126767 0.20111756 -0.89064900 -0.40779516 0.00000000
-0.11580622 0.20580000 -0.00178813 -0.33834590 -0.42125200 -0.84146836 0.00000000
-0.11417671 0.20578200 -0.00207834 -0.47313267 -0.22619800 -0.85145728 0.00000000
-0.11392704 0.20594700 -0.00209935 -0.46799134 -0.23663200 -0.85146280 0.00000000
-0.11078779 0.20736400 -0.00316582 -0.23990562 0.08931320 -0.96667902 0.00000000
-0.11103424 0.20772500 -0.00326228 -0.22635385 0.06480070 -0.97188669 0.00000000
-0.11032761 0.20745500 -0.00317215 -0.27180923 0.11086200 -0.95594431 0.00000000
-0.11017101 0.20841200 -0.00331528 -0.22496780 0.02669940 -0.97399981 0.00000000
-0.11060109 0.20847600 -0.00363273 -0.00418219 0.40411700 -0.91469802 0.00000000
-0.11063111 0.20832100 -0.00330890 -0.00502173 0.36554200 -0.93078079 0.00000000
-0.11084480 0.20712300 -0.00288578 -0.28359140 0.07086650 -0.95632323 0.00000000
-0.11144632 0.20750100 -0.00325366 -0.24428592 0.01819840 -0.96953278 0.00000000
-0.11157893 0.20685100 -0.00326969 -0.31596546 -0.01528230 -0.94864744 0.00000000
-0.11094435 0.20715400 -0.00334298 -0.28688050 0.04115950 -0.95708171 0.00000000
-0.11002453 0.20688100 -0.00360577 -0.40925616 -0.17311400 -0.89584708 0.00000000
-0.11057471 0.20765100 -0.00408904 -0.31355345 0.04390620 -0.94855515 0.00000000
-0.10843692 0.20759100 -0.00438328 -0.76668749 0.35243200 -0.53663922 0.00000000
-0.11008361 0.20926400 -0.00366913 -0.16693585 0.21619000 -0.96197454 0.00000000
-0.11036069 0.20855800 -0.00394185 0.10027788 0.57775500 -0.81002638 0.00000000
-0.10969322 0.20879600 -0.00413622 -0.31622481 0.16858000 -0.93358639 0.00000000
-0.11014759 0.20780700 -0.00397439 -0.27540300 0.16611800 -0.94686734 0.00000000
-0.10993732 0.20802400 -0.00452997 -0.47593250 0.00671048 -0.87945665 0.00000000
-0.10908308 0.20833700 -0.00430066 -0.50994065 0.37222800 -0.77550436 0.00000000
-0.10868968 0.20764700 -0.00456504 -0.70180800 0.32224300 -0.63531549 0.00000000
-0.10879162 0.20806400 -0.00440467 -0.62299989 0.40150700 -0.67131454 0.00000000
-0.10890278 0.20839800 -0.00453250 -0.57349779 0.42388100 -0.70101784 0.00000000
-0.10897525 0.20776900 -0.00462567 -0.61680522 0.24335000 -0.74855343 0.00000000
-0.10912567 0.20786300 -0.00471763 -0.61116474 0.17538100 -0.77182799 0.00000000
-0.10908271 0.20879200 -0.00405064 -0.40995339 0.41119800 -0.81415833 0.00000000
-0.10916408 0.20853500 -0.00418189 -0.44950743 0.38688100 -0.80514926 0.00000000
-0.10915827 0.20838400 -0.00434658 -0.48265508 0.35448100 -0.80086627 0.00000000
-0.10932953 0.20869700 -0.00439712 -0.41781317 0.33300400 -0.84530539 0.00000000
-0.10949746 0.20924500 -0.00399484 -0.27905883 0.30042600 -0.91206953 0.00000000
-0.10951292 0.20885700 -0.00436806 -0.35865975 0.33763700 -0.87026691 0.00000000
-0.10946519 0.20826900 -0.00461578 -0.49272922 0.23092400 -0.83898313 0.00000000
-0.10953147 0.20794400 -0.00462384 -0.52158505 0.02544650 -0.85281969 0.00000000
-0.10979586 0.20830200 -0.00447600 -0.43895563 -0.09603830 -0.89336085 0.00000000
-0.10953750 0.20734800 -0.00413874 -0.45966175 -0.07181850 -0.88518500 0.00000000
-0.11031919 0.20766500 -0.00427482 -0.36718699 0.01242650 -0.93006409 0.00000000
-0.11168939 0.20809600 -0.00289737 -0.22504198 -0.01819920 -0.97417910 0.00000000
-0.11175601 0.20731500 -0.00315532 -0.30875247 -0.07059820 -0.94851847 0.00000000
-0.11022564 0.20882200 -0.00454348 -0.09004245 0.60008600 -0.79485142 0.00000000
-0.11020171 0.20838200 -0.00438212 -0.27936724 0.24743300 -0.92775593 0.00000000
-0.10647050 0.20962900 -0.00593900 -0.51567831 0.80304800 -0.29864787 0.00000000
-0.10721645 0.20995100 -0.00656365 -0.51751302 0.81087400 -0.27324668 0.00000000
-0.10820861 0.20752000 -0.00461287 -0.79429293 0.33508900 -0.50676817 0.00000000
-0.10773685 0.20730800 -0.00494871 -0.75271226 0.21201200 -0.62327692 0.00000000
-0.10757745 0.20758800 -0.00513904 -0.78064280 0.35136500 -0.51685629 0.00000000
-0.10804607 0.20832500 -0.00492072 -0.78346377 0.49172200 -0.37999362 0.00000000
-0.10848794 0.20869200 -0.00490867 -0.71672991 0.48641500 -0.49969839 0.00000000
-0.10830764 0.20875300 -0.00514051 -0.79810860 0.46813100 -0.37930996 0.00000000
-0.10855123 0.20814600 -0.00471379 -0.72799477 0.44015900 -0.52562609 0.00000000
-0.10889379 0.20877300 -0.00481480 -0.58433356 0.48318600 -0.65198615 0.00000000
-0.10868637 0.20892000 -0.00500288 -0.64921773 0.47165800 -0.59670340 0.00000000
-0.10850599 0.20898100 -0.00523466 -0.75318656 0.49035300 -0.43847845 0.00000000
-0.10793473 0.20873800 -0.00511322 -0.80229019 0.47873400 -0.35657336 0.00000000
-0.10775443 0.20879900 -0.00534505 -0.77620525 0.52976100 -0.34184670 0.00000000
-0.10809132 0.20852800 -0.00529051 -0.80691347 0.48490500 -0.33728094 0.00000000
-0.10746878 0.20867800 -0.00528437 -0.76138090 0.56351600 -0.32054493 0.00000000
-0.10791989 0.20896100 -0.00556029 -0.79479526 0.52234300 -0.30896218 0.00000000
-0.10757413 0.20886100 -0.00557689 -0.73824591 0.60325800 -0.30178212 0.00000000
-0.10809169 0.20807300 -0.00554054 -0.83574610 0.41230400 -0.36267566 0.00000000
-0.10776726 0.20773500 -0.00576558 -0.85803552 0.32319400 -0.39915045 0.00000000
-0.10826263 0.20884100 -0.00534098 -0.81959737 0.47047000 -0.32698349 0.00000000
-0.10838048 0.20766800 -0.00548370 -0.84529434 0.24610400 -0.47424721 0.00000000
-0.10670233 0.20872000 -0.00584192 -0.60296678 0.74971100 -0.27269959 0.00000000
-0.10588186 0.20818700 -0.00599156 0.13421046 0.92857100 0.34603935 0.00000000
-0.10658213 0.20876100 -0.00599647 -0.45411324 0.87004100 -0.19185822 0.00000000
-0.10728848 0.20873900 -0.00551621 -0.73265902 0.61546500 -0.29054018 0.00000000
-0.10718340 0.20884800 -0.00579409 -0.71123545 0.65252100 -0.26145832 0.00000000
-0.10700310 0.20890900 -0.00602593 -0.63951502 0.73034600 -0.24003001 0.00000000
-0.10737009 0.20877300 -0.00621772 -0.68977163 0.70212500 -0.17673670 0.00000000
-0.10705722 0.20948400 -0.00643366 -0.48254408 0.85401500 -0.19444822 0.00000000
-0.10682919 0.20895700 -0.00691322 -0.38761535 0.92178800 0.00783957 0.00000000
-0.10756571 0.20907100 -0.00667956 -0.55025050 0.82928000 -0.09756641 0.00000000
-0.10721373 0.20927400 -0.00661091 -0.42845155 0.89864200 -0.09418393 0.00000000
-0.10738541 0.20913200 -0.00691139 -0.40363904 0.91376300 -0.04597159 0.00000000
-0.10712366 0.20945000 -0.00701193 -0.38114735 0.92239800 -0.06252257 0.00000000
-0.10091191 0.21150400 -0.00940279 -0.39445988 -0.00409106 -0.91890439 0.00000000
-0.10045804 0.21129000 -0.00949441 -0.33257475 0.38123100 -0.86258713 0.00000000
-0.10027766 0.21135200 -0.00972620 -0.30262036 0.43030000 -0.85044879 0.00000000
-0.10064752 0.21114600 -0.00955063 -0.23540655 0.66513200 -0.70864946 0.00000000
-0.10560133 0.21016500 -0.00615671 -0.43504550 0.87132400 -0.22700278 0.00000000
-0.10452538 0.20964600 -0.00649228 -0.28490219 0.84007700 0.46162848 0.00000000
-0.10506328 0.21027900 -0.00648473 -0.51651125 0.85628000 0.00112227 0.00000000
-0.10582370 0.21083200 -0.00641228 -0.60388806 0.71806000 -0.34598907 0.00000000
-0.10446604 0.20979300 -0.00796028 -0.31801839 0.83055900 0.45720483 0.00000000
-0.10332878 0.21066100 -0.00762299 -0.59450207 0.79226900 -0.13739433 0.00000000
-0.10326868 0.21068100 -0.00770027 -0.60469643 0.77970800 -0.16247202 0.00000000
-0.10358450 0.21093800 -0.00800755 -0.22098571 0.68210200 0.69706671 0.00000000
-0.10464678 0.21031400 -0.00886906 -0.47439845 0.87985600 0.02825761 0.00000000
-0.10570780 0.20898100 -0.00719931 -0.22092601 0.90136100 0.37247810 0.00000000
-0.10452913 0.20895600 -0.00719505 -0.20582610 0.76685300 0.60792376 0.00000000
-0.10530195 0.20890100 -0.00729319 -0.19612368 0.85199200 0.48543349 0.00000000
-0.10553922 0.20934400 -0.00710159 -0.26971187 0.89337100 0.35936445 0.00000000
-0.10562058 0.20908700 -0.00723284 -0.22983485 0.89933100 0.37199355 0.00000000
-0.10523863 0.20944700 -0.00748793 -0.25390080 0.79717100 0.54777080 0.00000000
-0.10490797 0.20941300 -0.00762772 -0.20649276 0.74517600 0.63409250 0.00000000
-0.10540136 0.20893200 -0.00775043 -0.30722635 0.86467000 0.39743865 0.00000000
-0.10507978 0.20852400 -0.00760797 -0.19442948 0.80335000 0.56287238 0.00000000
-0.10590001 0.20951300 -0.00720827 -0.38548427 0.91720600 0.10067294 0.00000000
-0.10633327 0.20905200 -0.00740812 -0.35146861 0.93142800 0.09440592 0.00000000
-0.10590624 0.20920900 -0.00729352 -0.32378337 0.91912900 0.22442242 0.00000000
-0.10639604 0.20970900 -0.00728367 -0.40900727 0.91229400 -0.02080635 0.00000000
-0.10648986 0.20884200 -0.00758542 -0.37186781 0.92124800 0.11409144 0.00000000
-0.10670296 0.20959300 -0.00755288 -0.39969638 0.91614600 -0.03032041 0.00000000
-0.10562078 0.20937800 -0.00780319 -0.38632846 0.88083900 0.27363036 0.00000000
-0.10454712 0.20924500 -0.00752113 -0.28105681 0.79223100 0.54164188 0.00000000
-0.10340997 0.21115000 -0.00807456 -0.21182065 0.67393100 0.70777789 0.00000000
-0.10412331 0.21095100 -0.00907027 -0.51799812 0.75939100 -0.39370493 0.00000000
-0.10309487 0.21176700 -0.00947829 -0.52327750 0.29903900 -0.79796997 0.00000000
-0.10370266 0.21109400 -0.00961113 -0.18860915 0.65954500 0.72761665 0.00000000
-0.10152823 0.21165800 -0.00932368 -0.47690357 0.24218800 -0.84493068 0.00000000
-0.10176882 0.21186800 -0.00958492 -0.47918245 0.24253500 -0.84354032 0.00000000
-0.10232495 0.21204300 -0.00958304 -0.54446958 0.22358000 -0.80843361 0.00000000
-0.10255378 0.21165900 -0.00960344 -0.53450600 0.22452700 -0.81479568 0.00000000
-0.10256296 0.21157600 -0.00989150 -0.53450600 0.22452700 -0.81479568 0.00000000
-0.10303772 0.21200800 -0.00975837 -0.53107871 0.26122000 -0.80605130 0.00000000
-0.10246675 0.21205600 -0.01020732 -0.52805988 0.24108200 -0.81426793 0.00000000
-0.10257202 0.21223900 -0.01049979 -0.50283319 0.26688400 -0.82215093 0.00000000
-0.10295739 0.21089900 -0.01037715 -0.49677034 0.38436100 -0.77812902 0.00000000
-0.10292395 0.21203500 -0.01056852 -0.53297504 0.23730500 -0.81217238 0.00000000
-0.10300537 0.21177800 -0.01069969 -0.51186122 0.22605100 -0.82879344 0.00000000
-0.10345642 0.21206200 -0.01097569 -0.46655440 0.27694700 -0.84001639 0.00000000
-0.10000132 0.21114700 -0.00995353 -0.29710069 0.46283400 -0.83517437 0.00000000
-0.10021179 0.21122100 -0.00996830 -0.29073223 0.43707100 -0.85114296 0.00000000
-0.10009150 0.21126200 -0.01012281 -0.29710069 0.46283400 -0.83517437 0.00000000
-0.09982102 0.21120800 -0.01018537 -0.26852610 0.51364900 -0.81489762 0.00000000
-0.09933995 0.21108000 -0.01023320 -0.26600169 0.56208100 -0.78314019 0.00000000
-0.09880767 0.21134500 -0.01039638 -0.24734158 0.53531200 -0.80762769 0.00000000
-0.09958639 0.21144100 -0.01032965 -0.27341229 0.52635200 -0.80510848 0.00000000
-0.09930383 0.21154000 -0.01047174 -0.26411243 0.54400600 -0.79643122 0.00000000
-0.09939704 0.21083900 -0.00995320 -0.24764091 0.54803400 -0.79895758 0.00000000
-0.10016406 0.21063200 -0.01021603 -0.29630272 0.42696300 -0.85434584 0.00000000
-0.10035325 0.21094300 -0.01002227 -0.34159857 0.37798300 -0.86048822 0.00000000
-0.10058219 0.21085100 -0.01061298 -0.29560900 0.49485300 -0.81715080 0.00000000
-0.10076871 0.21048500 -0.01046639 -0.37418072 0.31189100 -0.87333467 0.00000000
-0.10066355 0.21059300 -0.01074422 -0.34307483 0.38426500 -0.85711165 0.00000000
-0.10005885 0.21148700 -0.01081415 -0.29137533 0.47281100 -0.83159485 0.00000000
-0.10042315 0.21067500 -0.01105334 -0.35208364 0.37658600 -0.85686675 0.00000000
-0.09639016 0.21131500 -0.01046521 -0.35306825 0.90431200 -0.23992289 0.00000000
-0.09688653 0.21180100 -0.01111093 -0.32063525 0.91407900 -0.24830075 0.00000000
-0.09729238 0.21188200 -0.01101705 -0.25325461 0.93055100 -0.26445463 0.00000000
-0.09711208 0.21194300 -0.01124889 -0.28954556 0.92541100 -0.24449699 0.00000000
-0.09731365 0.21164500 -0.01122558 -0.27502839 0.92697200 -0.25511271 0.00000000
-0.09780709 0.21116400 -0.01134820 -0.27640256 0.87369200 -0.40033085 0.00000000
-0.09860976 0.21170000 -0.01144283 -0.27432781 0.65985000 -0.69953010 0.00000000
-0.09901561 0.21178000 -0.01134896 -0.27599607 0.61958600 -0.73480650 0.00000000
-0.09792996 0.21180000 -0.01114647 -0.24379744 0.70532700 -0.66563938 0.00000000
-0.09808652 0.21159000 -0.01132363 -0.26617269 0.74961300 -0.60599742 0.00000000
-0.09784612 0.21167200 -0.01163275 -0.29156582 0.86910100 -0.39956527 0.00000000
-0.09873914 0.21157500 -0.01157633 -0.26911039 0.66437100 -0.69727371 0.00000000
-0.09920510 0.21163600 -0.01140517 -0.27783682 0.65472700 -0.70295087 0.00000000
-0.09807785 0.21150900 -0.01185604 -0.27927374 0.87183300 -0.40238396 0.00000000
-0.09653534 0.21109400 -0.01154224 -0.33034718 0.92592900 -0.18310086 0.00000000
-0.09638797 0.21122100 -0.01165314 -0.30629316 0.92970500 -0.20453175 0.00000000
-0.09687168 0.21202500 -0.01155800 -0.32509084 0.91520700 -0.23814455 0.00000000
-0.09707910 0.21187800 -0.01136991 -0.28954556 0.92541100 -0.24449699 0.00000000
-0.09728371 0.21180100 -0.01154946 -0.28954556 0.92541100 -0.24449699 0.00000000
-0.09677860 0.21198000 -0.01175631 -0.34824328 0.90778900 -0.23376556 0.00000000
-0.09733758 0.21208500 -0.01138693 -0.29447914 0.91535500 -0.27460587 0.00000000
-0.09712436 0.21208100 -0.01173971 -0.32839136 0.91431300 -0.23704530 0.00000000
-0.09766582 0.21173300 -0.01186458 -0.26826117 0.93533000 -0.23063932 0.00000000
-0.09741030 0.21174700 -0.01205037 -0.31972824 0.91796900 -0.23474824 0.00000000
-0.09707967 0.21171300 -0.01219029 -0.34689534 0.91716200 -0.19615679 0.00000000
-0.09746136 0.21210100 -0.01225547 -0.33130295 0.90931700 -0.25175544 0.00000000
-0.09710357 0.21215300 -0.01235151 -0.35708329 0.90534300 -0.22988231 0.00000000
-0.09671899 0.21183600 -0.01265391 -0.33079700 0.91625100 -0.22595834 0.00000000
-0.09550395 0.21198000 -0.01231793 -0.28369626 0.93069000 -0.23093922 0.00000000
-0.09511319 0.21196700 -0.01253499 -0.27231430 0.93427500 -0.23016247 0.00000000
-0.09646355 0.21185000 -0.01283975 -0.31622608 0.92428000 -0.21379488 0.00000000
-0.09608168 0.21220900 -0.01309489 -0.27861951 0.93604400 -0.21492781 0.00000000
-0.09601269 0.21185700 -0.01313409 -0.27441591 0.94311900 -0.18767481 0.00000000
-0.09442440 0.21244200 -0.01252093 -0.23398484 0.95102000 -0.20201676 0.00000000
-0.09500189 0.21238000 -0.01272763 -0.26524198 0.93897800 -0.21901231 0.00000000
-0.09464996 0.21258300 -0.01265889 -0.26222673 0.93720800 -0.22995123 0.00000000
-0.09514341 0.21210200 -0.01278151 -0.26038559 0.94386600 -0.20326510 0.00000000
-0.09424410 0.21250300 -0.01275277 -0.23227317 0.95484700 -0.18524633 0.00000000
-0.09484253 0.21266000 -0.01291788 -0.26637490 0.93695800 -0.22617081 0.00000000
-0.09446966 0.21264500 -0.01289073 -0.24841218 0.94669900 -0.20506557 0.00000000
-0.09510724 0.21256300 -0.01302015 -0.26064912 0.94092500 -0.21615505 0.00000000
-0.09492694 0.21262400 -0.01325198 -0.25082925 0.94838200 -0.19405368 0.00000000
-0.09514945 0.21254400 -0.01318709 -0.25339244 0.94736300 -0.19569097 0.00000000
-0.09517953 0.21268000 -0.01343364 -0.22086823 0.96439400 -0.14546665 0.00000000
-0.09542653 0.21183800 -0.01345980 -0.21887581 0.96703700 -0.13012295 0.00000000
-0.09575102 0.21217600 -0.01323468 -0.25722152 0.95056900 -0.17394360 0.00000000
-0.09557072 0.21223700 -0.01346651 -0.24462179 0.95528900 -0.16608160 0.00000000
-0.09539042 0.21229800 -0.01369835 -0.23191603 0.96118500 -0.14946245 0.00000000
-0.09633712 0.21219500 -0.01290905 -0.29909163 0.92886600 -0.21852170 0.00000000
-0.09595002 0.21223900 -0.01414927 -0.23309974 0.96033200 -0.15305685 0.00000000
-0.10077130 0.21116100 -0.01041917 -0.27419106 0.53669100 -0.79798571 0.00000000
-0.10038062 0.21114900 -0.01063629 -0.33719173 0.40610800 -0.84934045 0.00000000
-0.10081673 0.21061800 -0.01046864 -0.32110205 0.46512200 -0.82495773 0.00000000
-0.10026042 0.21118900 -0.01079084 -0.32418505 0.43190900 -0.84164064 0.00000000
-0.10001994 0.21127100 -0.01109990 -0.30804337 0.48359800 -0.81929455 0.00000000
-0.09979125 0.21165500 -0.01107946 -0.31329862 0.52864000 -0.78891264 0.00000000
-0.09989388 0.21116100 -0.01141924 -0.32581583 0.50004500 -0.80237105 0.00000000
-0.09965934 0.21139300 -0.01156357 -0.30710535 0.56972700 -0.76229775 0.00000000
-0.09279520 0.21300600 -0.01395180 -0.03691025 0.98863200 0.14575273 0.00000000
-0.09244950 0.21290500 -0.01396831 -0.02331964 0.98201400 0.18736063 0.00000000
-0.09397954 0.21289100 -0.01322093 -0.19921420 0.96712900 -0.15803745 0.00000000
-0.09379924 0.21295300 -0.01345277 -0.18627988 0.97390700 -0.12963564 0.00000000
-0.09425319 0.21316600 -0.01336119 -0.22742977 0.95985800 -0.16415748 0.00000000
-0.09336632 0.21295800 -0.01350281 -0.14340547 0.98673800 -0.07604916 0.00000000
-0.08941349 0.21262600 -0.01530417 0.00408111 0.96804800 0.25073082 0.00000000
-0.08991546 0.21297300 -0.01521485 0.03667710 0.96600500 0.25590761 0.00000000
-0.08981030 0.21308100 -0.01549268 0.03538724 0.96532600 0.25863827 0.00000000
-0.09089852 0.21270000 -0.01475727 0.01693479 0.96788400 0.25082636 0.00000000
-0.08862577 0.21290500 -0.01565319 -0.00265081 0.96446700 0.26419073 0.00000000
-0.08884501 0.21335100 -0.01570585 0.00583133 0.96544500 0.26054265 0.00000000
-0.08899537 0.21344600 -0.01579790 0.00583133 0.96544500 0.26054265 0.00000000
-0.08824967 0.21341500 -0.01574351 -0.00213602 0.96644000 0.25688249 0.00000000
-0.08812947 0.21345600 -0.01589806 -0.00213602 0.96644000 0.25688249 0.00000000
-0.08833389 0.21308800 -0.01550726 0.00226574 0.96524400 0.26134160 0.00000000
-0.08814489 0.21306800 -0.01627137 -0.00621098 0.96423400 0.26497893 0.00000000
-0.08860470 0.21343300 -0.01601501 0.00226574 0.96524400 0.26134160 0.00000000
-0.08882093 0.21365800 -0.01586495 0.01029267 0.96436400 0.26437893 0.00000000
-0.08843924 0.21327000 -0.01579978 0.00226574 0.96524400 0.26134160 0.00000000
-0.08896240 0.21338000 -0.01591892 0.00583133 0.96544500 0.26054265 0.00000000
-0.08825886 0.21333200 -0.01603156 -0.00433101 0.96676700 0.25562218 0.00000000
-0.08843639 0.21334000 -0.01616727 0.00312401 0.96415600 0.26531906 0.00000000
-0.08962149 0.21335200 -0.01682713 0.00226574 0.96524400 0.26134160 0.00000000
-0.08933270 0.21375600 -0.01688397 0.00624486 0.96210500 0.27260701 0.00000000
-0.09002734 0.21343300 -0.01673326 0.02487253 0.95944900 0.28078342 0.00000000
-0.08767893 0.21300800 -0.01644252 -0.00349767 0.96554300 0.26022145 0.00000000
-0.08749559 0.21284800 -0.01647150 0.00715504 0.96633400 0.25719096 0.00000000
-0.08815992 0.21313600 -0.01639464 -0.00703451 0.96548600 0.26035987 0.00000000
-0.08714394 0.21334300 -0.01697316 0.05067153 0.96447700 0.25926225 0.00000000
-0.08885125 0.21408400 -0.01668177 0.01072615 0.96114900 0.27582195 0.00000000
-0.08900565 0.21378000 -0.01804699 0.00409096 0.96788600 0.25135521 0.00000000
-0.08762265 0.21337600 -0.01811316 0.06492268 0.96254000 0.26325199 0.00000000
-0.08697925 0.21330700 -0.01814865 0.05206272 0.96496300 0.25716753 0.00000000
-0.08657345 0.21322700 -0.01824244 0.04741573 0.96620100 0.25339096 0.00000000
-0.08631787 0.21324100 -0.01842831 0.05206272 0.96496300 0.25716753 0.00000000
-0.08591207 0.21316000 -0.01852210 0.05300435 0.96383900 0.26116212 0.00000000
-0.08595727 0.21336300 -0.01889198 0.04668150 0.97116700 0.23378718 0.00000000
-0.08525097 0.21338500 -0.01937216 0.01568240 0.98132300 0.19172647 0.00000000
-0.09188761 0.21183200 -0.01381459 -0.00596286 0.96927400 0.24590999 0.00000000
-0.09164098 0.21221900 -0.01403845 -0.00112733 0.97000500 0.24308388 0.00000000
-0.09198088 0.21216800 -0.01418663 -0.00463260 0.96979700 0.24387057 0.00000000
-0.09210116 0.21212800 -0.01403213 -0.00970982 0.97191600 0.23512849 0.00000000
-0.09222450 0.21156100 -0.01376005 -0.02257641 0.97898400 0.20268266 0.00000000
-0.09235057 0.21270900 -0.01433139 -0.01568784 0.97711600 0.21212810 0.00000000
-0.09214642 0.21233100 -0.01440192 -0.00463260 0.96979700 0.24387057 0.00000000
-0.09152078 0.21225900 -0.01419301 -0.00112733 0.97000500 0.24308388 0.00000000
-0.09180058 0.21223000 -0.01441847 -0.00028957 0.96886200 0.24760138 0.00000000
-0.09153891 0.21254800 -0.01451906 0.00104742 0.96953700 0.24494306 0.00000000
-0.09162028 0.21229100 -0.01465030 0.00104742 0.96953700 0.24494306 0.00000000
-0.09202613 0.21237100 -0.01455643 -0.00463260 0.96979700 0.24387057 0.00000000
-0.09186710 0.21219600 -0.01499679 -0.00028957 0.96886200 0.24760138 0.00000000
-0.09406381 0.21256400 -0.01298460 -0.19889731 0.96816100 -0.15200022 0.00000000
-0.09437954 0.21282100 -0.01329183 -0.23033692 0.95780800 -0.17189496 0.00000000
-0.09465373 0.21293100 -0.01425233 -0.26133219 0.94604300 -0.19159221 0.00000000
-0.09515002 0.21238000 -0.01400746 -0.21828002 0.96645200 -0.13536654 0.00000000
-0.09514717 0.21245000 -0.01437496 -0.14311668 0.98917000 -0.03256799 0.00000000
-0.09458777 0.21280000 -0.01449439 -0.13869642 0.99009400 -0.02185503 0.00000000
-0.09460904 0.21256400 -0.01470291 -0.07573424 0.99515500 0.06270385 0.00000000
-0.09442874 0.21262500 -0.01493475 -0.00950497 0.98844800 0.15126024 0.00000000
-0.09520428 0.21324600 -0.01498563 -0.12473242 0.99212500 -0.01136384 0.00000000
-0.09497597 0.21317400 -0.01521522 -0.02998140 0.99238900 0.11943567 0.00000000
-0.09321123 0.21238300 -0.01521629 -0.00044635 0.96375700 0.26678152 0.00000000
-0.09379738 0.21240300 -0.01489058 0.02633973 0.97396700 0.22515366 0.00000000
-0.09279940 0.21289800 -0.01579518 -0.00463260 0.96979700 0.24387057 0.00000000
-0.09303093 0.21244500 -0.01544813 -0.00463260 0.96979700 0.24387057 0.00000000
-0.09270650 0.21210700 -0.01567316 -0.00463260 0.96979700 0.24387057 0.00000000
-0.09273043 0.21254700 -0.01583452 -0.00463260 0.96979700 0.24387057 0.00000000
-0.09344593 0.21318800 -0.01596259 0.01073292 0.96634400 0.25702963 0.00000000
-0.09489138 0.21395700 -0.01520144 -0.06893464 0.99681700 0.04005749 0.00000000
-0.09385173 0.21326900 -0.01586880 0.00455058 0.96987900 0.24354612 0.00000000
-0.08944079 0.21179400 -0.01502760 0.00189193 0.96853800 0.24885692 0.00000000
-0.08898683 0.21158000 -0.01511917 -0.00921102 0.96598000 0.25845385 0.00000000
-0.09116082 0.21325500 -0.01636764 0.03143852 0.97017900 0.24034342 0.00000000
-0.09136247 0.21295700 -0.01634439 0.00983044 0.97228400 0.23359732 0.00000000
-0.09118217 0.21301800 -0.01657622 0.03081707 0.96649100 0.25484549 0.00000000
-0.09226804 0.21150500 -0.01613809 0.00104742 0.96953700 0.24494306 0.00000000
-0.09218420 0.21137700 -0.01662437 0.00455058 0.96987900 0.24354612 0.00000000
-0.09024376 0.21291100 -0.01626288 0.04220528 0.96368000 0.26370269 0.00000000
-0.09009367 0.21310800 -0.01674123 0.03409240 0.95702900 0.28798131 0.00000000
-0.09075496 0.21317500 -0.01646152 0.03538724 0.96532600 0.25863827 0.00000000
-0.08973307 0.21323000 -0.01720490 0.00041037 0.96264200 0.27077680 0.00000000
-0.09218897 0.21289500 -0.01570965 0.00104742 0.96953700 0.24494306 0.00000000
-0.09180739 0.21279800 -0.01621477 0.00455058 0.96987900 0.24354612 0.00000000
-0.09244789 0.21368400 -0.01686728 0.00587233 0.97053100 0.24090308 0.00000000
-0.09347939 0.21308900 -0.01666189 0.01296571 0.96580800 0.25893381 0.00000000
-0.08931519 0.21330300 -0.01737822 0.00624486 0.96210500 0.27260701 0.00000000
-0.08901469 0.21340500 -0.01776461 0.00361472 0.96596900 0.25863314 0.00000000
-0.08950191 0.21322900 -0.01780198 0.00624486 0.96210500 0.27260701 0.00000000
-0.08948707 0.21345200 -0.01824905 0.00226574 0.96524400 0.26134160 0.00000000
-0.08871411 0.21350700 -0.01815095 -0.00893832 0.97069100 0.24016500 0.00000000
-0.08653461 0.21301000 -0.01852824 0.04973496 0.96558800 0.25527663 0.00000000
-0.08969764 0.21381700 -0.01883412 -0.00028957 0.96886200 0.24760138 0.00000000
