-0.11496437 0.21762900 0.01434064 -0.63221556 -0.77452900 0.02020345 2.00000000
-0.11340969 0.21655000 0.01288854 -0.54045883 -0.84128700 0.01186044 2.00000000
-0.11420976 0.21715900 0.01288848 -0.55762350 -0.83005000 0.00854440 2.00000000
-0.11416098 0.21712400 0.01259452 -0.54518730 -0.83825000 0.01037955 2.00000000
-0.11467132 0.21742300 0.01257676 -0.57189680 -0.82031000 0.00514105 2.00000000
-0.11466913 0.21747500 0.01226485 -0.56093916 -0.82782700 0.00701907 2.00000000
-0.11481567 0.21757800 0.01314683 -0.58678386 -0.80972100 0.00600524 2.00000000
-0.11397225 0.21683000 0.01235418 -0.54518730 -0.83825000 0.01037955 2.00000000
-0.09261552 0.21082200 -0.00533366 -0.59238036 -0.03013990 0.80509388 1.00000000
-0.09243448 0.21037000 -0.00576077 -0.59238036 -0.03013990 0.80509388 1.00000000
-0.09257664 0.21057700 -0.00550260 -0.59238036 -0.03013990 0.80509388 1.00000000
-0.09271653 0.21083700 -0.00555630 -0.59434009 -0.03243330 0.80355974 1.00000000
-0.09279497 0.21061900 -0.00584993 -0.58882587 -0.03916540 0.80731024 1.00000000
-0.09261612 0.21011400 -0.00596513 -0.59434009 -0.03243330 0.80355974 1.00000000
-0.09275610 0.21037400 -0.00601887 -0.58425923 -0.02763100 0.81109708 1.00000000
-0.09289603 0.21063400 -0.00607248 -0.58425923 -0.02763100 0.81109708 1.00000000
-0.09287975 0.21062200 -0.00617057 -0.58425923 -0.02763100 0.81109708 1.00000000
-0.09270965 0.21132300 -0.00489774 -0.59250864 -0.03467680 0.80481688 1.00000000
-0.09263040 0.21121400 -0.00507591 -0.59250864 -0.03467680 0.80481688 1.00000000
-0.09266217 0.21090900 -0.00535153 -0.59238036 -0.03013990 0.80509388 1.00000000
-0.09284162 0.21070500 -0.00586780 -0.58882587 -0.03916540 0.80731024 1.00000000
-0.09328272 0.21068400 -0.00593855 -0.56514309 0.00318305 0.82498673 1.00000000
-0.09371655 0.21152700 -0.00631352 -0.56924642 0.00748744 0.82213270 1.00000000
-0.09408204 0.21096400 -0.00641033 -0.53297905 0.07077460 0.84316303 1.00000000
-0.09270722 0.21034000 -0.00631278 -0.58425923 -0.02763100 0.81109708 1.00000000
-0.09283231 0.21020800 -0.00662428 -0.56514309 0.00318305 0.82498673 1.00000000
-0.09295811 0.21040400 -0.00646415 -0.56514309 0.00318305 0.82498673 1.00000000
-0.09336879 0.21030800 -0.00641903 -0.54985032 0.03996170 0.83430701 1.00000000
-0.09330592 0.21021000 -0.00649916 -0.54985032 0.03996170 0.83430701 1.00000000
-0.09347268 0.20956300 -0.00696128 -0.52913094 0.05904270 0.84648392 1.00000000
-0.09309316 0.21006200 -0.00665056 -0.55685744 0.02682280 0.83017428 1.00000000
-0.09344088 0.20986700 -0.00668552 -0.52913094 0.05904270 0.84648392 1.00000000
-0.09369181 0.20993200 -0.00683681 -0.53297905 0.07077460 0.84316303 1.00000000
-0.09358085 0.21012700 -0.00673926 -0.53297905 0.07077460 0.84316303 1.00000000
-0.09440770 0.21124300 -0.00700731 -0.48618527 0.07476270 0.87065120 1.00000000
-0.09471519 0.21118400 -0.00705146 -0.46015673 0.06307150 0.88559421 1.00000000
-0.09496748 0.21086800 -0.00736250 -0.47981382 -0.04864260 0.87602131 1.00000000
-0.09455047 0.21074300 -0.00738061 -0.45832082 0.06093680 0.88669535 1.00000000
-0.09450159 0.21070800 -0.00767452 -0.49127392 -0.00888415 0.87095977 1.00000000
-0.09483486 0.20832900 -0.00714519 -0.48383832 0.03565370 0.87443067 1.00000000
-0.09495573 0.20792400 -0.00711772 -0.48772813 0.01698040 0.87283002 1.00000000
-0.09512025 0.20874300 -0.00775122 -0.58411932 0.38695900 0.71348963 1.00000000
-0.09507133 0.20870900 -0.00804521 -0.62187908 0.31807500 0.71560727 1.00000000
-0.09531763 0.20779300 -0.00736655 -0.26601871 0.94731800 0.17838892 1.00000000
-0.09511871 0.21053700 -0.00745099 -0.39158614 0.74320400 0.54250085 1.00000000
-0.09540500 0.20986500 -0.00772588 -0.55688106 0.34251200 0.75668321 1.00000000
-0.09461758 0.20970000 -0.00777984 -0.32799144 0.90646900 0.26596292 1.00000000
-0.09474123 0.20994900 -0.00793154 -0.59051177 0.42218700 0.68778964 1.00000000
-0.09559525 0.20977900 -0.00764539 0.12240894 0.93366400 -0.33658372 1.00000000
-0.09569980 0.20936200 -0.00771587 0.11798553 0.93720800 -0.32820701 1.00000000
-0.09561427 0.20903000 -0.00786694 0.11012379 0.94129500 -0.31911713 1.00000000
-0.09520712 0.21010900 -0.00761952 -0.53970699 0.39182000 0.74511327 1.00000000
-0.09551949 0.21065200 -0.00753088 -0.44585602 0.57173100 0.68871985 1.00000000
-0.09609564 0.20887400 -0.00792864 0.10144932 0.94771000 -0.30257756 1.00000000
-0.09727473 0.20827600 -0.00774839 0.12446038 0.94561900 -0.30052479 1.00000000
-0.09620162 0.20949100 -0.00801854 0.10949466 0.94363500 -0.31235284 1.00000000
-0.09716845 0.20945200 -0.00848072 0.12518759 0.95174800 -0.28018507 1.00000000
-0.09452916 0.21154300 -0.00747092 -0.46588954 0.06493700 0.88245649 1.00000000
-0.09487688 0.21134900 -0.00750588 -0.19524598 0.96056100 0.19799585 1.00000000
-0.09506136 0.21174800 -0.00788932 -0.34240010 0.81382700 0.46951830 1.00000000
-0.09538508 0.21170000 -0.00783547 -0.36686959 0.74776100 0.55340748 1.00000000
-0.09536885 0.21168800 -0.00793347 -0.41174171 0.69950700 0.58408731 1.00000000
-0.09536602 0.21103400 -0.00775439 -0.48891497 0.52850800 0.69400458 1.00000000
-0.09558077 0.21150800 -0.00825374 0.03056745 0.97834700 -0.20470229 1.00000000
-0.09629481 0.21107800 -0.00791385 0.19289230 0.86213100 -0.46853232 1.00000000
-0.09609973 0.21056200 -0.00812704 0.15545627 0.91140300 -0.38102172 1.00000000
-0.09613641 0.21085900 -0.00827001 0.14981922 0.91899500 -0.36469367 1.00000000
-0.09624239 0.21147600 -0.00835991 0.20779142 0.86333600 -0.45986309 1.00000000
-0.09521130 0.20896900 -0.00809896 -0.59588821 0.31405300 0.73911362 1.00000000
-0.09548987 0.20845400 -0.00818695 -0.59916192 0.30490100 0.74029779 1.00000000
-0.09758471 0.20925000 -0.00893432 0.16290884 0.94590700 -0.28057263 1.00000000
-0.09636740 0.21134500 -0.00867136 0.14890900 0.92844000 -0.34033201 1.00000000
-0.09672153 0.21137200 -0.00873338 0.18598670 0.89624400 -0.40268532 1.00000000
-0.09698238 0.21122600 -0.00875966 0.16332081 0.92027200 -0.35556470 1.00000000
-0.09742706 0.21077300 -0.00867838 0.14688773 0.94137800 -0.30369456 1.00000000
-0.09749332 0.21081700 -0.00940889 0.14079614 0.95203400 -0.27167649 1.00000000
-0.09776268 0.21084100 -0.00915027 0.14225218 0.95532100 -0.25908777 1.00000000
-0.09740774 0.21190000 -0.00941944 0.18157320 0.92292500 -0.33947070 1.00000000
-0.09753115 0.20823500 -0.00839835 0.14466781 0.94132400 -0.30492779 1.00000000
-0.09826919 0.20907300 -0.00800689 0.14006691 0.95393800 -0.26529964 1.00000000
-0.09803656 0.20934600 -0.00840839 0.13440748 0.95884200 -0.25011462 1.00000000
-0.09871079 0.20975800 -0.00856867 0.18141815 0.94200100 -0.28235044 1.00000000
-0.09894405 0.21019100 -0.00865816 0.20680575 0.93290900 -0.29480800 1.00000000
-0.09814389 0.20958300 -0.00865804 0.15301519 0.95254600 -0.26313822 1.00000000
-0.09884766 0.22025100 -0.00379992 0.49040512 0.22882200 -0.84091823 1.00000000
-0.09891054 0.22034900 -0.00371979 0.49040512 0.22882200 -0.84091823 1.00000000
-0.09896355 0.22065700 -0.00376481 0.59918339 0.17774300 -0.78063218 1.00000000
-0.09895500 0.22048800 -0.00404957 0.48371523 0.23332400 -0.84355169 1.00000000
-0.09901876 0.21949900 -0.00363830 0.36409810 0.18517900 -0.91276630 1.00000000
-0.09890068 0.21914500 -0.00398532 0.24050980 0.17162400 -0.95535327 1.00000000
-0.09879605 0.21956200 -0.00391479 0.36409810 0.18517900 -0.91276630 1.00000000
-0.09879385 0.21961400 -0.00422670 0.36409810 0.18517900 -0.91276630 1.00000000
-0.09914799 0.21964200 -0.00428872 0.36409810 0.18517900 -0.91276630 1.00000000
-0.09898266 0.21990900 -0.00398641 0.49412867 0.19119500 -0.84810419 1.00000000
-0.09924983 0.21998500 -0.00403970 0.49412867 0.19119500 -0.84810419 1.00000000
-0.09928787 0.21990200 -0.00434242 0.36195015 0.18268200 -0.91412196 1.00000000
-0.09958132 0.21977900 -0.00417266 0.35891412 0.18352000 -0.91515031 1.00000000
-0.09938977 0.22024400 -0.00409331 0.48214749 0.21040200 -0.85044946 1.00000000
-0.09978417 0.22013700 -0.00414628 0.48696192 0.20279400 -0.84955408 1.00000000
-0.09994950 0.21987000 -0.00444859 0.36195015 0.18268200 -0.91412196 1.00000000
-0.09885185 0.21911000 -0.00427936 0.24362416 0.17392000 -0.95414853 1.00000000
-0.09890482 0.21941900 -0.00432424 0.37381791 0.18693200 -0.90846923 1.00000000
-0.09911543 0.21961900 -0.00448467 0.36589699 0.18813300 -0.91144140 1.00000000
-0.09939251 0.21948400 -0.00441295 0.29663305 0.17733400 -0.93838249 1.00000000
-0.09966964 0.21935000 -0.00434114 0.21505632 0.17105200 -0.96150486 1.00000000
-0.10001382 0.21958800 -0.00452826 0.25254151 0.17338500 -0.95192489 1.00000000
-0.10009082 0.21974900 -0.00466209 0.36195015 0.18268200 -0.91412196 1.00000000
-0.09963165 0.21801900 -0.00417894 0.98474467 -0.12857400 -0.11724988 1.00000000
-0.09987886 0.21851500 -0.00448229 0.99011793 -0.10006200 -0.09825471 1.00000000
-0.09893175 0.22096200 -0.00348905 0.56267228 0.14385300 -0.81406785 1.00000000
-0.09889008 0.22147800 -0.00333844 0.56267228 0.14385300 -0.81406785 1.00000000
-0.09897202 0.22224100 -0.00333939 0.56267228 0.14385300 -0.81406785 1.00000000
-0.09895574 0.22223000 -0.00343748 0.56267228 0.14385300 -0.81406785 1.00000000
-0.09918766 0.22162900 -0.00350760 0.56267228 0.14385300 -0.81406785 1.00000000
-0.09923067 0.22214800 -0.00367758 0.56267228 0.14385300 -0.81406785 1.00000000
-0.09942083 0.22206200 -0.00359704 0.56267228 0.14385300 -0.81406785 1.00000000
-0.09914381 0.22078200 -0.00380928 0.59918339 0.17774300 -0.78063218 1.00000000
-0.09896844 0.22125900 -0.00363202 0.56267228 0.14385300 -0.81406785 1.00000000
-0.09919537 0.22147000 -0.00369450 0.56267228 0.14385300 -0.81406785 1.00000000
-0.09930903 0.22192900 -0.00397116 0.56267228 0.14385300 -0.81406785 1.00000000
-0.09930136 0.22067300 -0.00392478 0.59918339 0.17774300 -0.78063218 1.00000000
-0.09945757 0.22094500 -0.00388053 0.56267228 0.14385300 -0.81406785 1.00000000
-0.09968442 0.22115600 -0.00394296 0.56267228 0.14385300 -0.81406785 1.00000000
-0.09984212 0.22104700 -0.00405842 0.56267228 0.14385300 -0.81406785 1.00000000
-0.10006619 0.22060400 -0.00394168 0.56267228 0.14385300 -0.81406785 1.00000000
-0.09940237 0.22068800 -0.00414742 0.59918339 0.17774300 -0.78063218 1.00000000
-0.09961443 0.22050800 -0.00446765 0.51429343 0.19552800 -0.83502777 1.00000000
-0.09991415 0.22060700 -0.00432499 0.59918339 0.17774300 -0.78063218 1.00000000
-0.09971627 0.22085100 -0.00421863 0.56267228 0.14385300 -0.81406785 1.00000000
-0.09979319 0.22101300 -0.00435241 0.56267228 0.14385300 -0.81406785 1.00000000
-0.09997703 0.22070500 -0.00424486 0.56267228 0.14385300 -0.81406785 1.00000000
-0.09989648 0.22097500 -0.00426319 0.56267228 0.14385300 -0.81406785 1.00000000
-0.10000247 0.22017800 -0.00449347 0.34471338 0.18839700 -0.91960855 1.00000000
-0.09995219 0.22052400 -0.00462771 0.51429343 0.19552800 -0.83502777 1.00000000
-0.10043361 0.22036700 -0.00468932 0.51429343 0.19552800 -0.83502777 1.00000000
-0.10713970 0.21310700 -0.00056497 -0.08701758 -0.98495300 -0.14931424 1.00000000
-0.10647365 0.21324300 -0.00108249 -0.26937609 -0.96303400 -0.00150513 1.00000000
-0.10647146 0.21329500 -0.00139440 -0.25849752 -0.96562200 -0.02745212 1.00000000
-0.10661781 0.21236200 -0.00161568 -0.25922167 -0.95909300 -0.11377209 1.00000000
-0.10656893 0.21232800 -0.00190959 -0.25499124 -0.95980600 -0.11727025 1.00000000
-0.10652945 0.21279100 -0.00144706 -0.26359235 -0.96397000 -0.03578877 1.00000000
-0.10666943 0.21305100 -0.00150081 -0.26359235 -0.96397000 -0.03578877 1.00000000
-0.10677676 0.21328800 -0.00175046 -0.27694918 -0.96077200 -0.01469525 1.00000000
-0.10684879 0.21284800 -0.00201703 -0.25163567 -0.96492200 -0.07486889 1.00000000
-0.10728213 0.21298500 -0.00190097 -0.24610955 -0.96510500 -0.08945692 1.00000000
-0.10688284 0.21249100 -0.00198079 -0.23944980 -0.96512000 -0.10586719 1.00000000
-0.10675765 0.21403700 -0.00152886 -0.29207589 -0.95625000 0.01668105 1.00000000
-0.10675621 0.21441700 -0.00136906 -0.30685741 -0.94951500 0.06526440 1.00000000
-0.10674275 0.21505900 -0.00164623 -0.31082639 -0.94960000 0.04057499 1.00000000
-0.10676372 0.21463700 -0.00251861 -0.22590383 -0.96857100 -0.10410329 1.00000000
-0.10686675 0.21351500 -0.00097562 -0.28563169 -0.95814800 0.01917675 1.00000000
-0.10697273 0.21413200 -0.00106552 -0.29598979 -0.95214400 0.07623791 1.00000000
-0.10664395 0.21357800 -0.00125206 -0.27305929 -0.96197600 -0.00633644 1.00000000
-0.10722214 0.21457700 -0.00105696 -0.32630079 -0.93942700 0.10489971 1.00000000
-0.10703114 0.21433500 -0.00160916 -0.29712775 -0.95454300 0.02371684 1.00000000
-0.10672240 0.21336000 -0.00154569 -0.28270394 -0.95920600 0.00145942 1.00000000
-0.10709057 0.21345100 -0.00182162 -0.28233110 -0.95921800 -0.01380121 1.00000000
-0.10673509 0.21380300 -0.00159985 -0.29207589 -0.95625000 0.01668105 1.00000000
-0.10738397 0.21332800 -0.00165195 -0.26737492 -0.96258900 -0.04396354 1.00000000
-0.10772955 0.21318500 -0.00199873 -0.27930586 -0.95920600 -0.04371569 1.00000000
-0.10813028 0.21329900 -0.00207871 -0.29359166 -0.95574000 -0.01909342 1.00000000
-0.10807870 0.21402500 -0.00205311 -0.29165597 -0.95628500 -0.02134077 1.00000000
-0.10810683 0.21415200 -0.00248084 -0.29374105 -0.95561700 -0.02262069 1.00000000
-0.10787719 0.21470100 -0.00209886 -0.30076632 -0.95369800 -0.00043540 1.00000000
-0.10751864 0.21477800 -0.00266052 -0.29016382 -0.95694100 -0.00830200 1.00000000
-0.10769116 0.21506100 -0.00251832 -0.28643335 -0.95809400 -0.00341410 1.00000000
-0.10840293 0.21468400 -0.00249029 -0.32045388 -0.94716900 0.01340215 1.00000000
-0.10809194 0.21517500 -0.00259821 -0.30769553 -0.95140200 0.01256248 1.00000000
-0.10720626 0.21423600 -0.00274917 -0.25065748 -0.96474600 -0.08022195 1.00000000
-0.10818021 0.21474700 -0.00276678 -0.31034370 -0.95061000 0.00525836 1.00000000
-0.10807976 0.21543800 -0.00303508 -0.39314965 -0.88030600 0.26550939 1.00000000
-0.10784927 0.21565900 -0.00312476 -0.45565924 -0.65790900 0.59960910 1.00000000
-0.10834060 0.21529200 -0.00306136 -0.40071212 0.10605000 0.91004525 1.00000000
-0.10901846 0.21527200 -0.00306953 -0.40166235 0.21542200 0.89009064 1.00000000
-0.10873500 0.21518400 -0.00311433 -0.38898061 0.17082600 0.90526953 1.00000000
-0.10790711 0.21124200 -0.00200469 -0.67216394 -0.47461900 0.56827177 1.00000000
-0.10855645 0.21288700 -0.00240730 -0.31053512 -0.94971400 -0.04014292 1.00000000
-0.10836135 0.21378500 -0.00248011 -0.31410711 -0.94929800 -0.01300817 1.00000000
-0.10909720 0.21326100 -0.00254093 -0.53040157 -0.20415600 0.82279737 1.00000000
-0.10860857 0.21428200 -0.00278346 -0.33481678 -0.94093500 0.05037853 1.00000000
-0.10979821 0.21418000 -0.00296919 -0.38554056 0.22176100 0.89564530 1.00000000
-0.10976422 0.21453700 -0.00300534 -0.37688765 0.22862200 0.89760112 1.00000000
-0.11031851 0.21426800 -0.00286186 -0.36066494 0.23161600 0.90347936 1.00000000
-0.11076319 0.21381500 -0.00278059 -0.36066494 0.23161600 0.90347936 1.00000000
-0.10923764 0.21422700 -0.00308558 -0.40039635 0.17691300 0.89910154 1.00000000
-0.10960810 0.21426600 -0.00304965 -0.40478894 0.22607700 0.88602203 1.00000000
-0.10982862 0.21425500 -0.00308506 -0.37688765 0.22862200 0.89760112 1.00000000
-0.11002506 0.21439100 -0.00303162 -0.36066494 0.23161600 0.90347936 1.00000000
-0.11025335 0.21422200 -0.00325385 -0.36066494 0.23161600 0.90347936 1.00000000
-0.11039324 0.21448200 -0.00330755 -0.36066494 0.23161600 0.90347936 1.00000000
-0.11053043 0.21408800 -0.00318213 -0.36066494 0.23161600 0.90347936 1.00000000
-0.11097516 0.21363400 -0.00310077 -0.36066494 0.23161600 0.90347936 1.00000000
-0.11076150 0.21457300 -0.00358353 -0.36066494 0.23161600 0.90347936 1.00000000
-0.11155529 0.21495900 -0.00355650 -0.30926209 0.34605500 0.88577829 1.00000000
-0.11149013 0.21491400 -0.00394849 -0.29414917 0.36865300 0.88180000 1.00000000
-0.11164226 0.21491100 -0.00356523 -0.29414917 0.36865300 0.88180000 1.00000000
-0.11157710 0.21486500 -0.00395722 -0.26639220 0.36609500 0.89163295 1.00000000
-0.10385192 0.20431000 0.00193011 0.21538574 -0.77132300 -0.59889147 1.00000000
-0.10211152 0.20566300 0.00226490 0.42929055 -0.50145400 -0.75116809 1.00000000
-0.10173538 0.20610800 0.00176499 0.43137665 -0.48564200 -0.76030564 1.00000000
-0.10233762 0.20554600 0.00173076 0.42929055 -0.50145400 -0.75116809 1.00000000
-0.10213755 0.20584200 0.00152521 0.43137665 -0.48564200 -0.76030564 1.00000000
-0.10325596 0.20509400 0.00193724 0.30620734 -0.66703100 -0.67919496 1.00000000
-0.10372877 0.20476800 0.00159078 0.26389605 -0.73623200 -0.62315374 1.00000000
-0.10370119 0.20534700 0.00152756 0.32939787 -0.60424000 -0.72552845 1.00000000
-0.10322610 0.20572600 0.00156216 0.34139396 -0.57196400 -0.74586034 1.00000000
-0.10320669 0.20826700 0.00096154 0.14055301 -0.33857500 -0.93038285 1.00000000
-0.10268927 0.20741900 0.00053461 0.44729780 -0.36938200 -0.81454330 1.00000000
-0.10278037 0.20764400 0.00018695 0.41069330 -0.34062900 -0.84575610 1.00000000
-0.10290402 0.20789200 0.00003525 0.39731851 -0.29483300 -0.86902920 1.00000000
-0.10404912 0.20765200 0.00017935 0.05520112 -0.35999400 -0.93132044 1.00000000
-0.10425843 0.20681700 0.00003815 0.06253110 -0.33390400 -0.94053060 1.00000000
-0.10404204 0.20710200 -0.00026535 0.18583325 -0.36532000 -0.91214431 1.00000000
-0.10468321 0.20678500 -0.00013055 0.00298727 -0.34770400 -0.93759975 1.00000000
-0.10412115 0.20721200 -0.00008722 0.10189327 -0.39245400 -0.91411018 1.00000000
-0.10400585 0.20751100 -0.00061341 0.27082933 -0.31672500 -0.90903112 1.00000000
-0.10391964 0.20788800 -0.00013297 0.06214714 -0.36269700 -0.92983222 1.00000000
-0.10393382 0.20795200 -0.00034684 0.21625418 -0.29318800 -0.93127594 1.00000000
-0.10428790 0.20797900 -0.00040895 -0.06670492 -0.40291000 -0.91280530 1.00000000
-0.10476385 0.20651400 -0.00011227 -0.03283685 -0.37226900 -0.92754350 1.00000000
-0.09915379 0.20519700 0.00403542 0.47699984 -0.56686700 -0.67166370 1.00000000
-0.09937432 0.20518600 0.00400001 0.46344206 -0.54749700 -0.69675535 1.00000000
-0.09972845 0.20521400 0.00393799 0.46403296 -0.52115400 -0.71629012 1.00000000
-0.09942210 0.20668600 0.00300011 0.46410654 -0.44864300 -0.76375637 1.00000000
-0.09977086 0.20644100 0.00439947 0.46773067 -0.50810800 -0.72322533 1.00000000
-0.09985345 0.20649600 0.00376692 0.44205491 -0.49766000 -0.74627208 1.00000000
-0.10028822 0.20625300 0.00372318 0.44205491 -0.49766000 -0.74627208 1.00000000
-0.09929790 0.20573100 0.00364275 0.46355014 -0.50583300 -0.72749922 1.00000000
-0.09929571 0.20578300 0.00333084 0.45912445 -0.50475200 -0.73104670 1.00000000
-0.09988247 0.20553700 0.00367033 0.44205491 -0.49766000 -0.74627208 1.00000000
-0.10018359 0.20525600 0.00365333 0.44086512 -0.50202500 -0.74404874 1.00000000
-0.09928217 0.20642600 0.00305372 0.43829398 -0.48584900 -0.75620759 1.00000000
-0.09954576 0.20693400 0.00284841 0.46410654 -0.44864300 -0.76375637 1.00000000
-0.09918943 0.20695900 0.00259852 0.43557708 -0.45194700 -0.77847059 1.00000000
-0.09953859 0.20638400 0.00240376 0.46410654 -0.44864300 -0.76375637 1.00000000
-0.09983991 0.20713900 0.00348980 0.46410654 -0.44864300 -0.76375637 1.00000000
-0.09839331 0.20803900 0.00240014 0.46157794 -0.42959300 -0.77614161 1.00000000
-0.09937596 0.20730500 0.00252695 0.43557708 -0.45194700 -0.77847059 1.00000000
-0.09945158 0.20784700 0.00255301 0.42597943 -0.45300100 -0.78315464 1.00000000
-0.09929954 0.20785000 0.00216970 0.43735176 -0.45404400 -0.77625187 1.00000000
-0.09983743 0.20757000 0.00221528 0.42937096 -0.48451500 -0.76215871 1.00000000
-0.09926699 0.20782700 0.00197375 0.43735176 -0.45404400 -0.77625187 1.00000000
-0.09930503 0.20774400 0.00167102 0.48407133 -0.42247100 -0.76628509 1.00000000
-0.09949528 0.20765800 0.00175151 0.42554647 -0.48994000 -0.76083446 1.00000000
-0.09957448 0.20776800 0.00192960 0.42554647 -0.48994000 -0.76083446 1.00000000
-0.10031033 0.20724300 0.00186877 0.43137665 -0.48564200 -0.76030564 1.00000000
-0.10091113 0.20706100 0.00199434 0.43137665 -0.48564200 -0.76030564 1.00000000
-0.10078040 0.20626300 0.00170134 0.43137665 -0.48564200 -0.76030564 1.00000000
-0.09996665 0.20771200 0.00156486 0.42937096 -0.48451500 -0.76215871 1.00000000
-0.09977017 0.20757600 0.00151133 0.42288591 -0.49107600 -0.76158506 1.00000000
-0.10031860 0.20779200 0.00119093 0.43137665 -0.48564200 -0.76030564 1.00000000
-0.10060145 0.20717300 0.00172658 0.43137665 -0.48564200 -0.76030564 1.00000000
-0.10096554 0.20699000 0.00178966 0.43137665 -0.48564200 -0.76030564 1.00000000
-0.10069255 0.20739800 0.00137893 0.43137665 -0.48564200 -0.76030564 1.00000000
-0.09950564 0.20956800 0.00152602 0.67375298 0.07321820 -0.73532000 1.00000000
-0.10003998 0.20972000 0.00141944 0.64026168 0.12145300 -0.75849477 1.00000000
-0.10072843 0.20878200 0.00090477 0.47752877 -0.28163300 -0.83225564 1.00000000
-0.10096380 0.20916300 0.00112724 0.54855491 -0.12643600 -0.82649955 1.00000000
-0.10125452 0.20697100 0.00133565 0.43137665 -0.48564200 -0.76030564 1.00000000
-0.10109293 0.21071900 0.00061725 0.75836983 0.26976500 -0.59338183 1.00000000
-0.10208962 0.21004900 0.00053014 0.62566548 0.20267400 -0.75330305 1.00000000
-0.10040108 0.20926200 0.00069881 0.55467700 -0.19541000 -0.80879496 1.00000000
-0.10050065 0.20965700 0.00063597 0.61961839 -0.06963540 -0.78180833 1.00000000
-0.10106262 0.20923000 0.00059269 0.55621717 -0.15092000 -0.81721762 1.00000000
-0.10194755 0.20984100 0.00027193 0.51212561 0.00703312 -0.85888152 1.00000000
-0.09852340 0.21431300 -0.00488734 -0.40245236 0.47167100 -0.78457464 1.00000000
-0.09816643 0.21504600 -0.00450563 -0.27989432 0.22392700 -0.93355039 1.00000000
-0.09844908 0.21480600 -0.00493263 -0.50173960 0.35905400 -0.78697956 1.00000000
-0.09876792 0.21415600 -0.00501157 -0.43073382 0.50297200 -0.74932491 1.00000000
-0.09883493 0.21452800 -0.00527036 -0.50674083 0.44483700 -0.73846697 1.00000000
-0.09923566 0.21464200 -0.00535034 -0.61432316 0.42555700 -0.66446077 1.00000000
-0.09904002 0.21342000 -0.00507259 -0.04323432 0.71966500 -0.69297395 1.00000000
-0.09921529 0.21435700 -0.00510942 -0.57698809 0.47350000 -0.66549400 1.00000000
-0.09975959 0.21429800 -0.00509090 -0.56118685 0.50140200 -0.65853299 1.00000000
-0.10060719 0.21390700 -0.00477769 -0.64591164 0.53137100 -0.54812692 1.00000000
-0.09909866 0.21362200 -0.00561625 0.02271864 0.72595300 -0.68736925 1.00000000
-0.09931002 0.21415000 -0.00530496 -0.49307698 0.50596500 -0.70772551 1.00000000
-0.09874517 0.21533700 -0.00494208 -0.47052858 0.29693700 -0.83092214 1.00000000
-0.09817684 0.21554200 -0.00487165 -0.17386443 0.18857200 -0.96654613 1.00000000
-0.09831686 0.21580200 -0.00492532 -0.14211783 0.16501800 -0.97599787 1.00000000
-0.09836490 0.21550800 -0.00510307 -0.19452957 0.19564400 -0.96118767 1.00000000
-0.09921255 0.21511700 -0.00478978 -0.48645753 0.32261900 -0.81195792 1.00000000
-0.09947331 0.21497100 -0.00481601 -0.53396955 0.36174300 -0.76421133 1.00000000
-0.09894310 0.21509300 -0.00504835 -0.48397997 0.34021600 -0.80623559 1.00000000
-0.09917995 0.21509400 -0.00498582 -0.49771314 0.33257600 -0.80104646 1.00000000
-0.09936159 0.21483800 -0.00519018 -0.58314905 0.38714500 -0.71418178 1.00000000
-0.10060998 0.21456100 -0.00495686 -0.62021716 0.46435100 -0.63222531 1.00000000
-0.10093370 0.21451300 -0.00490301 -0.67188729 0.47667100 -0.56687916 1.00000000
-0.10083827 0.21439200 -0.00517909 -0.60613651 0.52487800 -0.59758025 1.00000000
-0.10029393 0.21445000 -0.00519748 -0.58823192 0.48318800 -0.64846911 1.00000000
-0.10052436 0.21422900 -0.00510788 -0.56423149 0.55465800 -0.61155291 1.00000000
-0.10068206 0.21412000 -0.00522335 -0.58052654 0.54992600 -0.60047508 1.00000000
-0.10015952 0.21549900 -0.00550207 -0.61479493 0.34496000 -0.70924629 1.00000000
-0.10132313 0.21521700 -0.00494811 -0.67233881 0.38205500 -0.63403095 1.00000000
-0.10201566 0.21309000 -0.00338527 -0.51061220 0.71384900 -0.47926488 1.00000000
-0.10183954 0.21323900 -0.00367972 -0.59799385 0.62787400 -0.49817466 1.00000000
-0.10191804 0.21302100 -0.00397326 -0.59183687 0.61843000 -0.51698530 1.00000000
-0.10117772 0.21364900 -0.00453621 -0.65717693 0.53389100 -0.53205155 1.00000000
-0.10154758 0.21298200 -0.00400919 -0.62673743 0.60439800 -0.49183611 1.00000000
-0.10157437 0.21348900 -0.00427718 -0.63039172 0.56782800 -0.52931818 1.00000000
-0.10179573 0.21380600 -0.00384093 -0.64359986 0.53930800 -0.54307040 1.00000000
-0.10188683 0.21403200 -0.00418858 -0.65180565 0.53606600 -0.53645415 1.00000000
-0.10164918 0.21370300 -0.00472292 -0.65717693 0.53389100 -0.53205155 1.00000000
-0.10227048 0.21380700 -0.00483822 -0.61119646 0.57351400 -0.54545472 1.00000000
-0.10088218 0.21241000 -0.00515831 -0.62786524 0.45391300 -0.63225636 1.00000000
-0.10081284 0.21350400 -0.00507086 -0.65569999 0.49106000 -0.57351364 1.00000000
-0.10108001 0.21358000 -0.00512415 -0.64528573 0.50603400 -0.57230813 1.00000000
-0.10087083 0.21300100 -0.00512352 -0.59036875 0.53358100 -0.60560412 1.00000000
-0.10123133 0.21325000 -0.00521269 -0.60379769 0.53230700 -0.59336196 1.00000000
-0.10121357 0.21361800 -0.00515084 -0.64528573 0.50603400 -0.57230813 1.00000000
-0.10093793 0.21337300 -0.00538236 -0.62152696 0.48892300 -0.61209297 1.00000000
-0.10147446 0.21347200 -0.00517703 -0.61159109 0.56978900 -0.54890582 1.00000000
-0.10106382 0.21215500 -0.00536267 -0.68314144 0.36135300 -0.63461859 1.00000000
-0.10074777 0.21345800 -0.00546291 -0.63601933 0.46270900 -0.61755928 1.00000000
-0.10122277 0.21308000 -0.00549745 -0.60529802 0.50863500 -0.61229501 1.00000000
-0.10118599 0.21419700 -0.00521405 -0.63573407 0.53427600 -0.55712750 1.00000000
-0.10140238 0.21391300 -0.00491055 -0.65250286 0.53839600 -0.53326422 1.00000000
-0.10102987 0.21392600 -0.00525835 -0.63698094 0.52838500 -0.56130626 1.00000000
-0.10209800 0.21352400 -0.00498056 -0.61770714 0.58386400 -0.52682107 1.00000000
-0.10572001 0.21790200 0.00553790 -0.35063562 0.07978260 -0.93310759 1.00000000
-0.10536085 0.21868700 0.00560770 -0.32004320 0.00970932 -0.94735311 1.00000000
-0.10570866 0.21849300 0.00557269 -0.34694548 0.02952270 -0.93741988 1.00000000
-0.10605513 0.21726400 0.00555705 -0.38824049 0.12895200 -0.91249131 1.00000000
-0.10649976 0.21822500 0.00577884 -0.38928255 0.03503880 -0.92045200 1.00000000
-0.10632727 0.21794200 0.00563650 -0.39118304 0.06139730 -0.91826286 1.00000000
-0.10637028 0.21846100 0.00546652 -0.34965033 0.04984790 -0.93555339 1.00000000
-0.10682129 0.21822900 0.00552078 -0.40323979 0.02925970 -0.91462678 1.00000000
-0.10678874 0.21820600 0.00532483 -0.39205610 0.04949810 -0.91860826 1.00000000
-0.10740805 0.21798400 0.00586027 -0.51859365 -0.00937867 -0.85496941 1.00000000
-0.10734298 0.21793800 0.00546823 -0.49320833 0.01215250 -0.86982687 1.00000000
-0.10732033 0.21770400 0.00539729 -0.49038320 0.03994370 -0.87059148 1.00000000
-0.10786577 0.21618100 0.00670970 -0.77954151 0.05016840 -0.62433905 1.00000000
-0.10768104 0.21757500 0.00627100 -0.70604288 -0.04606600 -0.70666957 1.00000000
-0.10828034 0.21673700 0.00545315 -0.71354785 0.05092250 -0.69875304 1.00000000
-0.10827890 0.21711700 0.00561295 -0.72292555 0.03290840 -0.69014114 1.00000000
-0.10773954 0.21777800 0.00572731 -0.59863262 -0.00906253 -0.80097273 1.00000000
-0.10796006 0.21776700 0.00569189 -0.62245505 -0.02462950 -0.78226790 1.00000000
-0.10834047 0.21759500 0.00585292 -0.70721027 -0.03842370 -0.70595795 1.00000000
-0.10846552 0.21746400 0.00554133 -0.66490758 0.00623450 -0.74690023 1.00000000
-0.10772474 0.21738600 0.00546951 -0.58499349 0.03866420 -0.81011619 1.00000000
-0.10888119 0.21655500 0.00557881 -0.76107647 0.05627150 -0.64621635 1.00000000
-0.10836730 0.21668900 0.00544442 -0.72101205 0.05327710 -0.69087205 1.00000000
-0.10866125 0.21727200 0.00512315 -0.63493241 0.03761060 -0.77165200 1.00000000
-0.10873270 0.21612500 0.00534766 -0.75831170 0.06384810 -0.64875775 1.00000000
-0.10902395 0.21605500 0.00520551 -0.75855218 0.07158070 -0.64766798 1.00000000
-0.10888890 0.21639700 0.00539191 -0.76317950 0.05603330 -0.64375228 1.00000000
-0.10925708 0.21648800 0.00511599 -0.76224633 0.04876270 -0.64544754 1.00000000
-0.10932637 0.21680800 0.00516906 -0.75976080 0.02937280 -0.64953911 1.00000000
-0.10959861 0.21607200 0.00510807 -0.78680250 0.06922580 -0.61331046 1.00000000
-0.10555389 0.21784100 0.00536864 -0.34487486 0.08576350 -0.93472254 1.00000000
-0.10518841 0.21840400 0.00546544 -0.33252295 0.04981800 -0.94177815 1.00000000
-0.10583375 0.21836100 0.00526119 -0.34044183 0.06162390 -0.93824378 1.00000000
-0.10597369 0.21862100 0.00520758 -0.32518247 0.06169280 -0.94363724 1.00000000
-0.10635271 0.21741500 0.00538789 -0.40145674 0.12552400 -0.90723509 1.00000000
-0.10647636 0.21766400 0.00523619 -0.39154102 0.10707900 -0.91390929 1.00000000
-0.10663248 0.21793500 0.00528049 -0.41026248 0.07313810 -0.90903033 1.00000000
-0.10687709 0.21777800 0.00515621 -0.44518875 0.08163720 -0.89170720 1.00000000
-0.10985140 0.21646200 0.00430600 -0.66799737 0.06897750 -0.74095962 1.00000000
-0.10975592 0.21634100 0.00402983 -0.55609763 0.10231600 -0.82479475 1.00000000
-0.10555095 0.22143000 0.00596914 0.20457354 0.00368816 -0.97884429 1.00000000
-0.10587168 0.22252100 0.00537989 0.21472870 0.03122380 -0.97617471 1.00000000
-0.10559591 0.22227500 0.00514833 0.21242882 0.02621240 -0.97682478 1.00000000
-0.10595995 0.22209200 0.00521132 0.23027085 0.01594420 -0.97299598 1.00000000
-0.10593267 0.22087900 0.00597033 0.22772791 -0.00364908 -0.97371799 1.00000000
-0.10657528 0.22018100 0.00594534 0.20785116 -0.08734720 -0.97425262 1.00000000
-0.10659350 0.21910400 0.00525198 -0.26550178 0.02956720 -0.96365655 1.00000000
-0.10594043 0.22072000 0.00578352 0.22410085 -0.00854827 -0.97452794 1.00000000
-0.10607543 0.22037800 0.00559703 0.14323820 -0.00635750 -0.98966826 1.00000000
-0.10621532 0.22063800 0.00554333 0.21904353 -0.01601250 -0.97558361 1.00000000
-0.10789031 0.21815500 0.00627032 -0.58454953 -0.07225380 -0.80813402 1.00000000
-0.10768652 0.21888300 0.00591271 -0.26482685 -0.07399900 -0.96145304 1.00000000
-0.10786393 0.21976800 0.00618771 0.21949811 -0.14652000 -0.96454786 1.00000000
-0.10723272 0.21987500 0.00617800 0.23097780 -0.12564200 -0.96481234 1.00000000
-0.10694764 0.21913200 0.00518996 -0.24453224 0.01819460 -0.96947013 1.00000000
-0.10722476 0.21899700 0.00526177 -0.25797388 -0.01536930 -0.96603001 1.00000000
-0.10754802 0.21824300 0.00580652 -0.49043535 -0.03719290 -0.87068414 1.00000000
-0.10768796 0.21850300 0.00575291 -0.45507611 -0.05762590 -0.88858615 1.00000000
-0.10796504 0.21836900 0.00582463 -0.47093058 -0.05752200 -0.88029309 1.00000000
-0.10746937 0.21884000 0.00513750 -0.28832105 -0.00974085 -0.95748495 1.00000000
-0.10774645 0.21870600 0.00520922 -0.31244741 -0.00138225 -0.94993403 1.00000000
-0.10746514 0.21998000 0.00561685 0.23543180 -0.08620720 -0.96805981 1.00000000
-0.10730894 0.21970900 0.00557260 0.13110644 -0.07076740 -0.98883965 1.00000000
-0.10796782 0.21902300 0.00564546 -0.15248435 -0.08242200 -0.98486270 1.00000000
-0.10803846 0.21896300 0.00553878 -0.16106435 -0.07356540 -0.98419834 1.00000000
-0.10794015 0.21960200 0.00558230 0.21949811 -0.14652000 -0.96454786 1.00000000
-0.10813095 0.21880800 0.00503124 -0.27700513 -0.02384290 -0.96057261 1.00000000
-0.10830344 0.21909100 0.00517358 -0.04169568 -0.06604390 -0.99694533 1.00000000
-0.10607264 0.22113800 0.00591659 0.22705418 0.00853418 -0.97384502 1.00000000
-0.10733014 0.22032200 0.00580334 0.23834163 -0.07523340 -0.96826305 1.00000000
-0.10598703 0.22080700 0.00576556 0.22410085 -0.00854827 -0.97452794 1.00000000
-0.10630085 0.22097000 0.00569441 0.22273414 -0.01104210 -0.97481700 1.00000000
-0.10695978 0.22028400 0.00576736 0.23215963 -0.07804190 -0.96954217 1.00000000
-0.10726363 0.22065700 0.00557110 0.21863127 -0.03885670 -0.97503324 1.00000000
-0.10707765 0.22101600 0.00515172 0.21904353 -0.01601250 -0.97558361 1.00000000
-0.10653048 0.22183500 0.00545281 0.23094307 0.01346000 -0.97287440 1.00000000
-0.10634180 0.22154100 0.00521255 0.23094307 0.01346000 -0.97287440 1.00000000
-0.10651560 0.22144300 0.00519505 0.22705418 0.00853418 -0.97384502 1.00000000
-0.10755758 0.22124000 0.00524983 0.21954743 -0.00365853 -0.97559510 1.00000000
-0.10684717 0.22123700 0.00506204 0.22250837 0.00121753 -0.97492971 1.00000000
-0.10731711 0.22167100 0.00503519 0.22705418 0.00853418 -0.97384502 1.00000000
-0.10805743 0.22104300 0.00559813 0.22638367 -0.00855419 -0.97400009 1.00000000
-0.10788350 0.22114000 0.00561559 0.21904353 -0.01601250 -0.97558361 1.00000000
-0.10831827 0.22089700 0.00557185 0.23321256 -0.01836550 -0.97225185 1.00000000
-0.10828428 0.22125400 0.00553570 0.21954743 -0.00365853 -0.97559510 1.00000000
-0.10788216 0.22010600 0.00563496 0.23537860 -0.08876060 -0.96784176 1.00000000
-0.10792526 0.22062500 0.00546493 0.23509500 -0.03340470 -0.97139781 1.00000000
-0.10802213 0.22036600 0.00558121 0.23834163 -0.07523340 -0.96826305 1.00000000
-0.10811542 0.22053900 0.00554547 0.23814289 -0.06455950 -0.96908189 1.00000000
-0.10848677 0.21807700 0.00577216 -0.61678491 -0.05994680 -0.78484618 1.00000000
-0.10843785 0.21804300 0.00547817 -0.56031999 -0.05023080 -0.82675228 1.00000000
-0.10845198 0.21810600 0.00526421 -0.51312833 -0.03967070 -0.85739469 1.00000000
-0.10852625 0.21761400 0.00530964 -0.60429308 0.01428460 -0.79663367 1.00000000
-0.10873046 0.21759200 0.00517627 -0.57635292 0.01710290 -0.81702194 1.00000000
-0.10880611 0.21813400 0.00520219 -0.50817131 -0.05107370 -0.85973975 1.00000000
-0.10856647 0.21889300 0.00545921 -0.15959954 -0.11367900 -0.98061434 1.00000000
-0.10875301 0.21924000 0.00538764 0.21029265 -0.15613800 -0.96508949 1.00000000
-0.10825038 0.21878300 0.00521851 -0.25728660 -0.05882050 -0.96454324 1.00000000
-0.10851127 0.21863700 0.00519232 -0.24345071 -0.06178910 -0.96794312 1.00000000
-0.10870417 0.21920500 0.00509360 0.20658104 -0.13314700 -0.96932802 1.00000000
-0.10879257 0.21877600 0.00492507 -0.08379113 -0.05499250 -0.99496534 1.00000000
-0.10907239 0.21929600 0.00481776 0.22293187 -0.13197800 -0.96585866 1.00000000
-0.10921228 0.21955600 0.00476406 0.22615809 -0.09771300 -0.96917765 1.00000000
-0.10919461 0.21992500 0.00482586 0.23834163 -0.07523340 -0.96826305 1.00000000
-0.10790251 0.22180600 0.00553442 0.22705418 0.00853418 -0.97384502 1.00000000
-0.10862208 0.22268400 0.00551612 0.25354403 0.01572910 -0.96719596 1.00000000
-0.10842415 0.22292800 0.00562239 0.27381858 0.02769270 -0.96138307 1.00000000
-0.10833729 0.22156300 0.00549069 0.22023528 0.00121668 -0.97544631 1.00000000
-0.10872397 0.22161300 0.00562462 0.22023528 0.00121668 -0.97544631 1.00000000
-0.10847717 0.22182300 0.00543699 0.22772791 0.00364908 -0.97371799 1.00000000
-0.10844318 0.22218000 0.00540084 0.23811159 0.00849733 -0.97120066 1.00000000
-0.10845238 0.22164100 0.00505422 0.22250837 0.00121753 -0.97492971 1.00000000
-0.10844462 0.22180000 0.00524103 0.22772791 0.00364908 -0.97371799 1.00000000
-0.10856827 0.22204800 0.00508933 0.23746686 0.01095050 -0.97133427 1.00000000
-0.10867291 0.22163100 0.00501880 0.22023528 0.00121668 -0.97544631 1.00000000
-0.10853428 0.22240500 0.00505318 0.24903734 0.01087650 -0.96843315 1.00000000
-0.10857324 0.22265000 0.00522208 0.25293424 0.01819080 -0.96731212 1.00000000
-0.10866434 0.22287500 0.00487442 0.27325382 0.03016920 -0.96146917 1.00000000
-0.10869969 0.22213800 0.00475082 0.24164280 0.00846328 -0.97032887 1.00000000
-0.10854772 0.22317700 0.00547074 0.27826560 0.01790670 -0.96033700 1.00000000
-0.10870397 0.22344800 0.00551508 0.27369473 0.05276920 -0.96036751 1.00000000
-0.10877601 0.22300800 0.00524851 0.27830277 0.03013240 -0.96002075 1.00000000
-0.10874210 0.22336500 0.00521231 0.27369473 0.05276920 -0.96036751 1.00000000
-0.10893082 0.22365900 0.00545265 0.28827207 0.03726100 -0.95682329 1.00000000
-0.10874354 0.22298500 0.00505251 0.26872319 0.03530140 -0.96257055 1.00000000
-0.10866290 0.22325500 0.00503423 0.26977244 0.04526210 -0.96186017 1.00000000
-0.10880423 0.22313500 0.00482072 0.27774710 0.03261700 -0.96010056 1.00000000
-0.10897672 0.22341800 0.00496307 0.27190081 0.06053970 -0.96041907 1.00000000
-0.10674259 0.21882600 0.00485167 -0.28657620 0.06492030 -0.95585517 1.00000000
-0.10708264 0.21879000 0.00500347 -0.30174008 0.02387610 -0.95309121 1.00000000
-0.10685997 0.21885300 0.00472707 -0.28657620 0.06492030 -0.95585517 1.00000000
-0.10769762 0.21867100 0.00491518 -0.28646465 0.01254880 -0.95800920 1.00000000
-0.10731093 0.21862100 0.00478124 -0.30198051 0.04119770 -0.95242416 1.00000000
-0.10736892 0.21811700 0.00472858 -0.33518417 0.08277310 -0.93850963 1.00000000
-0.10797255 0.21858900 0.00467508 -0.28841665 0.02383840 -0.95720816 1.00000000
-0.10815689 0.21898800 0.00429160 -0.15147455 0.02651250 -0.98810566 1.00000000
-0.10897413 0.21852100 0.00472076 -0.20759663 -0.06481250 -0.97606517 1.00000000
-0.10886735 0.21899000 0.00447947 0.03463609 -0.03094410 -0.99892130 1.00000000
-0.10923422 0.21804700 0.00422277 -0.36805410 -0.01248060 -0.92972056 1.00000000
-0.10916075 0.21886800 0.00464914 0.08203939 -0.08674800 -0.99284592 1.00000000
-0.10955013 0.21957200 0.00460396 0.22922417 -0.08651140 -0.96952115 1.00000000
-0.10950134 0.21953800 0.00431000 0.23834163 -0.07523340 -0.96826305 1.00000000
-0.10952893 0.21895900 0.00437321 0.22691893 -0.11995200 -0.96649824 1.00000000
-0.10941025 0.21931200 0.00465765 0.22697592 -0.10605000 -0.96810873 1.00000000
-0.10959678 0.21965900 0.00458609 0.23834163 -0.07523340 -0.96826305 1.00000000
-0.10981372 0.22008000 0.00439864 0.23321256 -0.01836550 -0.97225185 1.00000000
-0.10994872 0.21973800 0.00421216 0.23509500 -0.03340470 -0.97139781 1.00000000
-0.11003424 0.22007000 0.00436323 0.24071456 -0.02080580 -0.97037349 1.00000000
-0.11020956 0.21959200 0.00418588 0.25045140 -0.02815000 -0.96771985 1.00000000
-0.11005968 0.21954300 0.00411461 0.25045140 -0.02815000 -0.96771985 1.00000000
-0.10967298 0.22090700 0.00412106 0.24289945 -0.00120347 -0.97005035 1.00000000
-0.11079508 0.21689800 0.00440430 -0.84066835 0.01567890 -0.54132329 1.00000000
-0.09777001 0.21430300 0.00483132 0.33204221 -0.05810110 -0.94147296 1.00000000
-0.09791003 0.21456200 0.00477766 0.33591343 -0.06539270 -0.93961975 1.00000000
-0.09787468 0.21530000 0.00490126 0.34112156 -0.06278060 -0.93792052 1.00000000
-0.09808247 0.21484500 0.00491991 0.34112156 -0.06278060 -0.93792052 1.00000000
-0.09809656 0.21490900 0.00470609 0.34321037 -0.06752400 -0.93682803 1.00000000
-0.09800824 0.21533800 0.00487457 0.34456589 -0.07260490 -0.93595024 1.00000000
-0.09850362 0.21524500 0.00459910 0.35228491 -0.08732740 -0.93181021 1.00000000
-0.09794030 0.21463800 0.00466175 0.34242021 -0.07020930 -0.93691979 1.00000000
-0.09812195 0.21438200 0.00445739 0.34242021 -0.07020930 -0.93691979 1.00000000
-0.09843441 0.21492500 0.00454598 0.35304937 -0.08455380 -0.93177663 1.00000000
-0.09874325 0.21448500 0.00434208 0.34926525 -0.07485320 -0.93402976 1.00000000
-0.10130772 0.21359400 0.00391841 0.21233204 0.23904700 -0.94750817 1.00000000
-0.09671889 0.21787300 0.00540410 0.34894744 -0.04763880 -0.93593027 1.00000000
-0.09670118 0.21682700 0.00532543 0.33242045 -0.07059180 -0.94048600 1.00000000
-0.09700020 0.21659800 0.00499647 0.30129229 -0.07750610 -0.95037655 1.00000000
-0.09726737 0.21667400 0.00494318 0.32176094 -0.09964470 -0.94156250 1.00000000
-0.09761518 0.21648000 0.00490817 0.34399005 -0.10607000 -0.93296280 1.00000000
-0.09771475 0.21687500 0.00484533 0.33908708 -0.10624000 -0.93473649 1.00000000
-0.09835731 0.21617700 0.00482025 0.35228491 -0.08732740 -0.93181021 1.00000000
-0.09780032 0.21579200 0.00485588 0.34456589 -0.07260490 -0.93595024 1.00000000
-0.09820110 0.21590600 0.00477599 0.35228491 -0.08732740 -0.93181021 1.00000000
-0.09836014 0.21683200 0.00464116 0.35228491 -0.08732740 -0.93181021 1.00000000
-0.09847239 0.21767000 0.00452417 0.34652659 -0.10826200 -0.93177227 1.00000000
-0.09882011 0.21747600 0.00448921 0.35399957 -0.09232350 -0.93067768 1.00000000
-0.09918834 0.21756700 0.00421336 0.34626364 -0.09287800 -0.93352804 1.00000000
-0.09948174 0.21744400 0.00438304 0.34971996 -0.08750140 -0.93275948 1.00000000
-0.09998994 0.21779500 0.00405345 0.32065083 -0.08941550 -0.94296783 1.00000000
-0.09877133 0.21744100 0.00419525 0.35399957 -0.09232350 -0.93067768 1.00000000
-0.09947955 0.21749600 0.00407113 0.34232392 -0.08781530 -0.93546937 1.00000000
-0.09927939 0.21779200 0.00386562 0.34626364 -0.09287800 -0.93352804 1.00000000
-0.09984772 0.21758700 0.00379520 0.32065083 -0.08941550 -0.94296783 1.00000000
-0.10080090 0.21569200 0.00436910 0.27095596 -0.11156900 -0.95610437 1.00000000
-0.10102910 0.21552300 0.00414692 0.25287615 -0.12661800 -0.95917732 1.00000000
-0.10107580 0.21419500 0.00398853 0.26678323 0.05568130 -0.96214638 1.00000000
-0.10110979 0.21383800 0.00402468 0.24674850 0.12450600 -0.96104834 1.00000000
-0.10172119 0.21415200 0.00378436 0.18529467 0.23646400 -0.95380853 1.00000000
-0.10115424 0.21397700 0.00369490 0.24394384 0.22918500 -0.94231944 1.00000000
-0.10148573 0.21377100 0.00356194 0.17770470 0.34907000 -0.92009311 1.00000000
-0.10148299 0.21453100 0.00388158 0.25271056 0.11537800 -0.96063795 1.00000000
-0.10182303 0.21449500 0.00403339 0.19176266 0.18501300 -0.96384491 1.00000000
-0.10177411 0.21446100 0.00373940 0.18529467 0.23646400 -0.95380853 1.00000000
-0.10179532 0.21507400 0.00397014 0.14787864 0.25372500 -0.95590547 1.00000000
-0.10156771 0.21453500 0.00356085 0.23116366 0.19634400 -0.95289693 1.00000000
-0.10158669 0.21520100 0.00347982 0.25157854 0.15546600 -0.95526882 1.00000000
-0.10170974 0.21615700 0.00395959 0.10360964 0.19283600 -0.97574573 1.00000000
-0.10128637 0.21581000 0.00396862 0.17947460 -0.04237950 -0.98284944 1.00000000
-0.10176554 0.21570500 0.00359502 0.14386334 0.31026300 -0.93970247 1.00000000
-0.10148703 0.21622000 0.00368309 0.13303771 0.11377600 -0.98455884 1.00000000
-0.10225742 0.21604500 0.00316747 0.06586675 0.46411300 -0.88332423 1.00000000
-0.10159296 0.21825100 0.00373371 0.05161723 0.22233700 -0.97360240 1.00000000
-0.10055649 0.21834800 0.00318013 0.27988194 -0.06280770 -0.95797805 1.00000000
-0.10131086 0.21778300 0.00352916 0.14052959 0.11954100 -0.98283324 1.00000000
-0.10169754 0.21783400 0.00366310 0.05076929 0.17388100 -0.98345678 1.00000000
-0.10138930 0.21756500 0.00323553 0.13303771 0.11377600 -0.98455884 1.00000000
-0.10161890 0.21843100 0.00299407 0.08138111 0.13738700 -0.98716875 1.00000000
-0.10214915 0.21689400 0.00308589 0.07844489 0.39223000 -0.91651589 1.00000000
-0.10204451 0.21731100 0.00315643 0.03972866 0.21323400 -0.97619284 1.00000000
-0.10231168 0.21738700 0.00310314 0.00522820 0.32272500 -0.94647860 1.00000000
-0.10228912 0.21715400 0.00303215 0.04077148 0.43593500 -0.89905378 1.00000000
-0.10242906 0.21741400 0.00297853 -0.01038631 0.43833000 -0.89875448 1.00000000
-0.10248417 0.21767000 0.00324548 -0.03189936 0.35068700 -0.93594963 1.00000000
-0.10147394 0.21898300 0.00305546 0.04660343 0.19636700 -0.97942263 1.00000000
-0.10167648 0.21439200 0.00315140 0.18630982 0.33163900 -0.92482708 1.00000000
-0.10164882 0.21497100 0.00308824 0.23440927 0.20560600 -0.95014643 1.00000000
-0.10170591 0.21696800 0.00284482 0.13014921 0.20031800 -0.97104787 1.00000000
-0.10118426 0.21725900 0.00289724 0.20988260 0.00368497 -0.97771981 1.00000000
-0.10158410 0.21846000 0.00248612 0.04325744 0.14574400 -0.98837571 1.00000000
-0.10224025 0.21712000 0.00273824 0.04881828 0.45856000 -0.88732127 1.00000000
-0.10222760 0.21667600 0.00279226 0.08171194 0.44682600 -0.89088158 1.00000000
-0.10288914 0.21664400 0.00268615 -0.05857149 0.55827500 -0.82758630 1.00000000
-0.10250742 0.21719600 0.00268495 -0.01235722 0.49185900 -0.87058703 1.00000000
-0.10160804 0.21298500 0.00342961 0.17369221 0.41151200 -0.89470078 1.00000000
-0.10179955 0.21393400 0.00349078 0.11822696 0.37964700 -0.91754533 1.00000000
-0.10439423 0.21594600 0.00323211 -0.23292819 0.53495800 -0.81213574 1.00000000
-0.10387035 0.21629000 0.00297275 -0.19362888 0.54859600 -0.81335771 1.00000000
-0.10430512 0.21604700 0.00292901 -0.20122403 0.57045400 -0.79629869 1.00000000
-0.10448533 0.21617200 0.00288445 -0.14923813 0.63221800 -0.76028181 1.00000000
-0.10517124 0.21561500 0.00365208 -0.12506274 0.60162500 -0.78892714 1.00000000
-0.10496475 0.21568900 0.00347359 -0.14884662 0.57586600 -0.80387966 1.00000000
-0.10544617 0.21553300 0.00341198 -0.05372558 0.67431900 -0.73648333 1.00000000
-0.10470172 0.21588700 0.00318796 -0.15593653 0.59972800 -0.78486357 1.00000000
-0.10538321 0.21543500 0.00333190 -0.25478902 0.56678200 -0.78347994 1.00000000
-0.10151758 0.21346600 0.00328627 0.17447170 0.36727800 -0.91360050 1.00000000
-0.10191831 0.21358000 0.00320629 0.11474334 0.46222900 -0.87930617 1.00000000
-0.10367172 0.21620600 0.00260740 -0.20488338 0.59962500 -0.77360961 1.00000000
-0.10739143 0.20774400 0.00430736 -0.32907688 0.32937100 -0.88499872 1.00000000
-0.10720684 0.20772400 0.00372810 -0.43412201 0.19322700 -0.87988707 1.00000000
-0.10912451 0.20867000 0.00380887 -0.30753258 0.26151500 -0.91489492 1.00000000
-0.10782232 0.20831200 0.00314877 0.10101199 0.46554500 -0.87924061 1.00000000
-0.10892499 0.20825900 0.00297176 -0.36946293 0.28109400 -0.88571107 1.00000000
-0.10830719 0.20913700 0.00337975 -0.56916927 0.32961100 -0.75326215 1.00000000
-0.10865499 0.20894300 0.00334474 -0.51434176 0.30261000 -0.80242132 1.00000000
-0.10858704 0.20965700 0.00327231 -0.62960359 0.34845200 -0.69439305 1.00000000
-0.10910018 0.20919600 0.00293499 -0.48164845 0.25763400 -0.83763968 1.00000000
-0.10931657 0.20891100 0.00323849 -0.43619657 0.24680100 -0.86534500 1.00000000
-0.11061523 0.20828800 0.00360605 0.17780853 0.26002000 -0.94909098 1.00000000
-0.10989765 0.20773500 0.00297361 -0.21175866 0.29349700 -0.93221076 1.00000000
-0.11004889 0.20740500 0.00288512 -0.11257567 0.31987700 -0.94074807 1.00000000
-0.10963545 0.20826100 0.00315964 -0.14184996 0.28469900 -0.94806382 1.00000000
-0.10979166 0.20853200 0.00320389 0.25624226 0.23063400 -0.93869431 1.00000000
-0.11001219 0.20852200 0.00316847 0.25624226 0.23063400 -0.93869431 1.00000000
-0.10991034 0.20817900 0.00291945 -0.14184996 0.28469900 -0.94806382 1.00000000
-0.11006790 0.20807000 0.00280395 0.28016867 0.19704500 -0.93950940 1.00000000
-0.11039395 0.20797000 0.00316975 0.28016867 0.19704500 -0.93950940 1.00000000
-0.11070638 0.20709900 0.00311787 -0.09912853 0.32210100 -0.94150159 1.00000000
-0.10767716 0.20924300 0.00224750 -0.61636007 0.19672200 -0.76249709 1.00000000
-0.10762753 0.21128100 0.00528231 -0.72396394 0.39464900 -0.56579781 1.00000000
-0.10763250 0.21188300 0.00541505 -0.76272422 0.30915400 -0.56804476 1.00000000
-0.10680531 0.21114600 0.00472041 -0.70142395 0.40576100 -0.58597093 1.00000000
-0.10694863 0.21135200 0.00385616 -0.74117573 0.40993800 -0.53160922 1.00000000
-0.10750115 0.21184200 0.00319675 -0.81467673 0.40350600 -0.41651438 1.00000000
-0.10787868 0.21243100 0.00367738 -0.75939352 0.32453400 -0.56391474 1.00000000
-0.10709857 0.21145100 0.00137061 -0.87588909 0.35420900 -0.32764789 1.00000000
-0.10806779 0.21093200 0.00473990 -0.69898389 0.40661500 -0.58829155 1.00000000
-0.10818292 0.21101100 0.00430330 -0.69789183 0.39898700 -0.59477459 1.00000000
-0.10798723 0.21120300 0.00472157 -0.69686663 0.38150000 -0.60731834 1.00000000
-0.10928584 0.21058000 0.00508904 -0.67858249 0.40829200 -0.61059275 1.00000000
-0.10891021 0.21173100 0.00409809 -0.71283065 0.33688500 -0.61512726 1.00000000
-0.10907130 0.21260500 0.00427514 -0.59782059 0.34485100 -0.72366318 1.00000000
-0.10933000 0.21251100 0.00393703 -0.75649086 0.30043900 -0.58091107 1.00000000
-0.10963968 0.21240000 0.00420480 -0.56623067 0.36692300 -0.73807191 1.00000000
-0.10997913 0.21165700 0.00484768 -0.74787689 0.33721200 -0.57181134 1.00000000
-0.11012324 0.21219100 0.00445501 -0.74620622 0.32628300 -0.58027280 1.00000000
-0.10993443 0.21189700 0.00421472 -0.68637631 0.31970500 -0.65320433 1.00000000
-0.10783023 0.21060400 0.00420552 -0.68131839 0.38249600 -0.62410150 1.00000000
-0.10750423 0.21070400 0.00383980 -0.73009978 0.39793200 -0.55552195 1.00000000
-0.10846204 0.20978900 0.00358376 -0.63961040 0.36622700 -0.67585203 1.00000000
-0.10858151 0.21117700 0.00391150 -0.69727944 0.37537700 -0.61064991 1.00000000
-0.10921272 0.21107000 0.00392120 -0.67346930 0.37328500 -0.63804168 1.00000000
-0.10890304 0.21118200 0.00365344 -0.68539863 0.36683700 -0.62901484 1.00000000
-0.10848599 0.21105600 0.00363547 -0.70732586 0.39202800 -0.58822093 1.00000000
-0.10862099 0.21071400 0.00344898 -0.70732586 0.39202800 -0.58822093 1.00000000
-0.10903256 0.20953100 0.00382524 -0.58154719 0.35432700 -0.73229491 1.00000000
-0.10912358 0.20975700 0.00347764 -0.59187566 0.34995000 -0.72609760 1.00000000
-0.10933778 0.20952400 0.00346923 -0.55271158 0.33607800 -0.76260186 1.00000000
-0.10922407 0.21048000 0.00388641 -0.62382673 0.36010200 -0.69366118 1.00000000
-0.10830927 0.21191400 0.00397248 -0.73516991 0.32475800 -0.59502676 1.00000000
-0.10807884 0.21213500 0.00388289 -0.73951211 0.32336300 -0.59038812 1.00000000
-0.10923174 0.21173600 0.00384003 -0.70456468 0.33628300 -0.62490187 1.00000000
-0.11030614 0.21297000 0.00423133 -0.50981109 0.38639300 -0.76863098 1.00000000
-0.11050899 0.21332800 0.00425771 -0.53396955 0.36174300 -0.76421133 1.00000000
-0.10978589 0.21288100 0.00412409 -0.55014829 0.36014900 -0.75341238 1.00000000
-0.10830558 0.20989600 0.00257676 -0.75349460 0.42373100 -0.50269000 1.00000000
-0.10804255 0.21009400 0.00229113 -0.82287617 0.42654000 -0.37541804 1.00000000
-0.09408213 0.20484500 -0.01926551 0.69607890 0.71796000 0.00266425 0.00000000
-0.09350528 0.20488100 -0.01947998 0.69753222 0.71654100 0.00425901 0.00000000
-0.09354974 0.20502000 -0.01980977 0.69753222 0.71654100 0.00425901 0.00000000
-0.09341394 0.20503400 -0.02009508 0.67819875 0.73481400 -0.00974891 0.00000000
-0.09224739 0.20362500 -0.02157304 0.63898493 0.76664600 0.06287276 0.00000000
-0.09279741 0.20449600 -0.02095007 0.65414824 0.75624400 -0.01359899 0.00000000
-0.09294316 0.20427200 -0.02053988 0.64206600 0.76516500 -0.04768861 0.00000000
-0.09333812 0.20487000 -0.02108379 0.64779037 0.76067100 -0.04179635 0.00000000
-0.09262493 0.20421400 -0.02109241 0.65514906 0.75541800 0.01112052 0.00000000
-0.09236822 0.20463400 -0.02140505 0.63871753 0.76920700 0.01899773 0.00000000
-0.09293874 0.20437600 -0.02116357 0.65414824 0.75624400 -0.01359899 0.00000000
-0.09217308 0.20411700 -0.02161833 0.63795411 0.76727000 0.06566731 0.00000000
-0.09325450 0.20486500 -0.02188556 0.66720024 0.74353400 0.04473882 0.00000000
-0.09117982 0.20331900 -0.02248238 0.62336760 0.77999500 0.05495657 0.00000000
-0.09158329 0.20408700 -0.02274139 0.62707212 0.77658800 0.06075799 0.00000000
-0.09198436 0.20382300 -0.02185868 0.63951048 0.76584900 0.06709403 0.00000000
-0.09218368 0.20319900 -0.02212484 0.64052876 0.76534300 0.06302532 0.00000000
-0.09193548 0.20378900 -0.02215258 0.63951048 0.76584900 0.06709403 0.00000000
-0.09241053 0.20341000 -0.02218727 0.64156426 0.76373200 0.07147512 0.00000000
-0.09140588 0.20320300 -0.02301639 0.60901394 0.79268200 0.02750573 0.00000000
-0.09175309 0.20371600 -0.02241993 0.63430149 0.77076500 0.05984928 0.00000000
-0.09151544 0.20338700 -0.02295427 0.60901394 0.79268200 0.02750573 0.00000000
-0.09320566 0.20483100 -0.02217960 0.68375505 0.72367100 0.09369697 0.00000000
-0.09430072 0.20450800 -0.01865010 0.69234314 0.72156100 -0.00337654 0.00000000
-0.08999228 0.20238200 -0.02564473 0.82067040 0.55992100 0.11396706 0.00000000
-0.09004664 0.20231000 -0.02584950 0.82067040 0.55992100 0.11396706 0.00000000
-0.09072921 0.20322100 -0.02413077 0.69966332 0.71096500 0.07070961 0.00000000
-0.09091718 0.20318800 -0.02436214 0.71322290 0.69618400 0.08149340 0.00000000
-0.09059337 0.20323600 -0.02441594 0.72017369 0.68843600 0.08605149 0.00000000
-0.09079850 0.20354100 -0.02407770 0.66252796 0.74779900 0.04304272 0.00000000
-0.09121715 0.20290800 -0.02325673 0.62604007 0.77910900 0.03260902 0.00000000
-0.09116832 0.20287400 -0.02355077 0.63267454 0.77393800 0.02725833 0.00000000
-0.09134852 0.20299900 -0.02359533 0.62439344 0.78049000 0.03110830 0.00000000
-0.09296781 0.20488000 -0.02367659 0.62907259 0.77547700 0.05389136 0.00000000
-0.09277487 0.20431200 -0.02357796 0.62860229 0.77533800 0.06090627 0.00000000
-0.09042088 0.20295300 -0.02455828 0.73543412 0.67161000 0.08987278 0.00000000
-0.09045682 0.20292200 -0.02517296 0.75651152 0.64978800 0.07392843 0.00000000
-0.08975472 0.20205300 -0.02617911 0.81145138 0.57659900 0.09529043 0.00000000
-0.09001418 0.20228700 -0.02604550 0.81990748 0.56130000 0.11267302 0.00000000
-0.08996525 0.20225300 -0.02633949 0.81145138 0.57659900 0.09529043 0.00000000
-0.08965920 0.20193200 -0.02645515 0.87190344 0.46576400 0.15115507 0.00000000
-0.08979909 0.20219200 -0.02650885 0.79867828 0.59811600 0.06610254 0.00000000
-0.08982950 0.20226700 -0.02662472 0.79867828 0.59811600 0.06610254 0.00000000
-0.08919889 0.20166600 -0.02726589 0.92270255 0.33396600 0.19257904 0.00000000
-0.08940393 0.20197200 -0.02692759 0.92099720 0.33213600 0.20359295 0.00000000
-0.08954382 0.20223200 -0.02698129 0.84385610 0.52875900 0.09121934 0.00000000
-0.08978843 0.20207400 -0.02710557 0.84385610 0.52875900 0.09121934 0.00000000
-0.08929846 0.20206100 -0.02732872 0.92408061 0.32078100 0.20778649 0.00000000
-0.08965259 0.20208900 -0.02739074 0.92408061 0.32078100 0.20778649 0.00000000
-0.08894223 0.20067200 -0.02771905 0.87714266 0.47893500 0.03524641 0.00000000
-0.08874579 0.20053600 -0.02777249 0.87954805 0.47459800 0.03394007 0.00000000
-0.08900655 0.20039000 -0.02779872 0.87954805 0.47459800 0.03394007 0.00000000
-0.08838305 0.20033800 -0.02799532 0.88058506 0.47369600 0.01352829 0.00000000
-0.08865022 0.20041400 -0.02804861 0.87724553 0.47946100 0.02359647 0.00000000
-0.08901008 0.20137200 -0.02750618 0.91856784 0.35840600 0.16666901 0.00000000
-0.08908220 0.20093200 -0.02777280 0.89708418 0.43251100 0.09040758 0.00000000
-0.08915005 0.20163200 -0.02755993 0.91856784 0.35840600 0.16666901 0.00000000
-0.08900789 0.20142400 -0.02781809 0.90673406 0.40112500 0.13012023 0.00000000
-0.08930622 0.20190300 -0.02751554 0.92270255 0.33396600 0.19257904 0.00000000
-0.08927370 0.20188000 -0.02771163 0.91856784 0.35840600 0.16666901 0.00000000
-0.08988088 0.20192000 -0.02761297 0.92408061 0.32078100 0.20778649 0.00000000
-0.08939871 0.20174800 -0.02802308 0.90673406 0.40112500 0.13012023 0.00000000
-0.08936616 0.20172500 -0.02821903 0.89708418 0.43251100 0.09040758 0.00000000
-0.08934057 0.20121600 -0.02907359 0.88539542 0.46477200 0.00787463 0.00000000
-0.08931099 0.20146900 -0.02848606 0.87714266 0.47893500 0.03524641 0.00000000
-0.08919147 0.20149500 -0.02867328 0.87954805 0.47459800 0.03394007 0.00000000
-0.08858988 0.19993500 -0.02941104 0.88794062 0.45982200 -0.01117558 0.00000000
-0.08847669 0.20018200 -0.02962527 0.88794062 0.45982200 -0.01117558 0.00000000
-0.08879051 0.20034500 -0.02969643 0.88794062 0.45982200 -0.01117558 0.00000000
-0.08883516 0.20010500 -0.02906356 0.88291021 0.46953400 -0.00262740 0.00000000
-0.08918162 0.20029100 -0.02893881 0.88291021 0.46953400 -0.00262740 0.00000000
-0.08914906 0.20026800 -0.02913477 0.88291021 0.46953400 -0.00262740 0.00000000
-0.08877014 0.20005900 -0.02945551 0.88794062 0.45982200 -0.01117558 0.00000000
-0.08891002 0.20031900 -0.02950921 0.88794062 0.45982200 -0.01117558 0.00000000
-0.08896303 0.20062800 -0.02955423 0.88291021 0.46953400 -0.00262740 0.00000000
-0.08911701 0.20095100 -0.02982175 0.88794062 0.45982200 -0.01117558 0.00000000
-0.08914762 0.20064800 -0.02897497 0.88539542 0.46477200 0.00787463 0.00000000
-0.08909883 0.20061300 -0.02926892 0.88291021 0.46953400 -0.00262740 0.00000000
-0.11417251 0.21610600 0.01607929 -0.64861449 -0.76020000 0.03735344 0.00000000
-0.11342144 0.21661700 0.01491967 -0.58828029 -0.80863400 0.00602079 0.00000000
-0.11348441 0.21671500 0.01499976 -0.59257676 -0.80548200 0.00721374 0.00000000
-0.11343557 0.21668100 0.01470571 -0.57917227 -0.81518100 0.00635684 0.00000000
-0.11330201 0.21664300 0.01473240 -0.57917227 -0.81518100 0.00635684 0.00000000
-0.11310962 0.21678100 0.01434009 -0.56342745 -0.82610800 0.00975009 0.00000000
-0.11381260 0.21656300 0.01567738 -0.64201931 -0.76630100 0.02435510 0.00000000
-0.11374744 0.21651700 0.01528539 -0.59828022 -0.80110400 0.01710684 0.00000000
-0.11306078 0.21674700 0.01404605 -0.55949410 -0.82880500 0.00700091 0.00000000
-0.11280133 0.21651200 0.01391244 -0.54518730 -0.83825000 0.01037955 0.00000000
-0.11296526 0.21662500 0.01377001 -0.54518730 -0.83825000 0.01037955 0.00000000
-0.11268958 0.21638000 0.01353840 -0.53854138 -0.84249200 0.01339825 0.00000000
-0.11257861 0.21657500 0.01363594 -0.54518730 -0.83825000 0.01037955 0.00000000
-0.11255513 0.21601400 0.01309334 -0.52805604 -0.84910000 0.01365717 0.00000000
-0.11272770 0.21629700 0.01323563 -0.53275802 -0.84618000 0.01219240 0.00000000
-0.11286759 0.21655700 0.01318193 -0.53275802 -0.84618000 0.01219240 0.00000000
-0.11269515 0.21627400 0.01303968 -0.53275802 -0.84618000 0.01219240 0.00000000
-0.11271063 0.21595700 0.01266597 -0.52473966 -0.85112800 0.01515074 0.00000000
-0.11322088 0.21625600 0.01264825 -0.53275802 -0.84618000 0.01219240 0.00000000
-0.11239817 0.21541500 0.01257737 -0.51057941 -0.85982400 0.00328527 0.00000000
-0.11221214 0.21577400 0.01215791 -0.49101303 -0.87114800 -0.00278744 0.00000000
-0.11231534 0.21573700 0.01224718 -0.50814086 -0.86127400 0.00063411 0.00000000
-0.11196319 0.21603600 0.01165846 -0.42553153 -0.90481100 0.01550521 0.00000000
-0.11209895 0.21602200 0.01194368 -0.47104050 -0.88210900 0.00197476 0.00000000
-0.11208685 0.21628500 0.01150676 -0.42553153 -0.90481100 0.01550521 0.00000000
-0.11186413 0.21634700 0.01123026 -0.41933638 -0.90749200 0.02479513 0.00000000
-0.11404104 0.21743000 0.01655833 -0.67292529 -0.73749200 0.05724108 0.00000000
-0.11422478 0.21853700 0.01680631 -0.68018144 -0.73068800 0.05871937 0.00000000
-0.11392650 0.21805800 0.01650385 -0.68018144 -0.73068800 0.05871937 0.00000000
-0.11418734 0.21791200 0.01647757 -0.68018144 -0.73068800 0.05871937 0.00000000
-0.11416470 0.21767900 0.01640663 -0.67292529 -0.73749200 0.05724108 0.00000000
-0.11392506 0.21843800 0.01666365 -0.68018144 -0.73068800 0.05871937 0.00000000
-0.11415335 0.21826900 0.01644142 -0.68736676 -0.72396400 0.05833307 0.00000000
-0.11426207 0.21812600 0.01603188 -0.66487087 -0.74507600 0.05299759 0.00000000
-0.11402831 0.21698700 0.01661240 -0.66487087 -0.74507600 0.05299759 0.00000000
-0.11408280 0.21691500 0.01640767 -0.66487087 -0.74507600 0.05299759 0.00000000
-0.11393068 0.21691800 0.01602440 -0.64861449 -0.76020000 0.03735344 0.00000000
-0.11415753 0.21712900 0.01596197 -0.64861449 -0.76020000 0.03735344 0.00000000
-0.11418237 0.21731000 0.01634483 -0.66487087 -0.74507600 0.05299759 0.00000000
-0.11398509 0.21684600 0.01581972 -0.64201931 -0.76630100 0.02435510 0.00000000
-0.11412498 0.21710600 0.01576602 -0.64201931 -0.76630100 0.02435510 0.00000000
-0.11428979 0.21754700 0.01609513 -0.66487087 -0.74507600 0.05299759 0.00000000
-0.11424086 0.21751300 0.01580113 -0.64861449 -0.76020000 0.03735344 0.00000000
-0.11420831 0.21749000 0.01560518 -0.64201931 -0.76630100 0.02435510 0.00000000
-0.11435839 0.21857500 0.01677971 -0.68018144 -0.73068800 0.05871937 0.00000000
-0.11360806 0.21696400 0.01484806 -0.59257676 -0.80548200 0.00721374 0.00000000
-0.11416445 0.21805700 0.01544388 -0.64201931 -0.76630100 0.02435510 0.00000000
-0.11357551 0.21694100 0.01465210 -0.58828029 -0.80863400 0.00602079 0.00000000
-0.11337679 0.21685700 0.01428680 -0.57917227 -0.81518100 0.00635684 0.00000000
-0.11351035 0.21689500 0.01426011 -0.57917227 -0.81518100 0.00635684 0.00000000
-0.11334427 0.21683400 0.01409071 -0.56197709 -0.82709600 0.00972459 0.00000000
-0.11383297 0.21684900 0.01543646 -0.61896681 -0.78518000 0.01930099 0.00000000
-0.11401959 0.21719500 0.01536484 -0.63221556 -0.77452900 0.02020345 0.00000000
-0.11437372 0.21722300 0.01530282 -0.64201931 -0.76630100 0.02435510 0.00000000
-0.11380042 0.21682600 0.01524051 -0.60585397 -0.79539900 0.01675941 0.00000000
-0.11434600 0.21780200 0.01523957 -0.64201931 -0.76630100 0.02435510 0.00000000
-0.11347788 0.21687200 0.01406411 -0.56342745 -0.82610800 0.00975009 0.00000000
-0.11310524 0.21688500 0.01371627 -0.54518730 -0.83825000 0.01037955 0.00000000
-0.11012837 0.21481600 0.00935097 -0.82895380 -0.17894400 -0.52991956 0.00000000
-0.11007181 0.21494000 0.00924383 -0.83014537 -0.18672600 -0.52534928 0.00000000
-0.10983286 0.21499100 0.00886934 -0.84155321 -0.16524400 -0.51427829 0.00000000
-0.10986100 0.21511800 0.00844161 -0.87291230 0.00098134 -0.48787517 0.00000000
-0.11030288 0.21542500 0.00884243 -0.83066281 -0.19133200 -0.52286747 0.00000000
-0.10738371 0.21318100 0.00601878 -0.61458179 0.35151500 -0.70620565 0.00000000
-0.10827451 0.21575800 0.00740565 -0.82508006 0.08474130 -0.55862430 0.00000000
-0.10841440 0.21601800 0.00735195 -0.83474736 0.05118520 -0.54824852 0.00000000
-0.10821926 0.21550200 0.00713867 -0.81700920 0.09325490 -0.56903316 0.00000000
-0.10856572 0.21568800 0.00726341 -0.83144787 0.09849680 -0.54680229 0.00000000
-0.10843629 0.21592400 0.00695118 -0.82419860 0.03606500 -0.56515138 0.00000000
-0.10946714 0.21451800 0.00786302 -0.84539804 0.16415600 -0.50828633 0.00000000
-0.10878649 0.21529900 0.00819074 -0.83022096 0.02467830 -0.55688866 0.00000000
-0.10894275 0.21557000 0.00823508 -0.82112429 -0.04076860 -0.56929077 0.00000000
-0.10856378 0.21536100 0.00791425 -0.81702229 0.02511400 -0.57605864 0.00000000
-0.10870371 0.21562100 0.00786064 -0.81353354 0.01633520 -0.58128869 0.00000000
-0.10851002 0.21472500 0.00748755 -0.81660730 0.15396200 -0.55628074 0.00000000
-0.10829363 0.21501000 0.00718405 -0.80905254 0.12939000 -0.57331709 0.00000000
-0.10915746 0.21463000 0.00759526 -0.84408805 0.13974300 -0.51767438 0.00000000
-0.10941831 0.21448400 0.00756898 -0.84196574 0.16262300 -0.51443857 0.00000000
-0.10952986 0.21499500 0.00698036 -0.85258954 0.10894700 -0.51109792 0.00000000
-0.10789335 0.21560200 0.00677291 -0.79083489 0.08625670 -0.60592002 0.00000000
-0.10749516 0.21510600 0.00557059 -0.66792035 0.17213200 -0.72405237 0.00000000
-0.11055482 0.21543900 0.01012560 -0.34140473 -0.93723200 -0.07098645 0.00000000
-0.11036601 0.21514500 0.00988531 -0.79972000 -0.34826500 -0.48903852 0.00000000
-0.11071238 0.21533000 0.01001010 -0.38763075 -0.91593000 -0.10399620 0.00000000
-0.11132482 0.21559300 0.01120410 -0.29596725 -0.95385800 0.05058405 0.00000000
-0.11136295 0.21551000 0.01090133 -0.29596725 -0.95385800 0.05058405 0.00000000
-0.11153544 0.21579300 0.01104367 -0.30887128 -0.94989300 0.04797321 0.00000000
-0.11118274 0.21538600 0.01094589 -0.29596725 -0.95385800 0.05058405 0.00000000
-0.11125334 0.21532600 0.01083912 -0.29713845 -0.95336800 0.05289947 0.00000000
-0.11111758 0.21534000 0.01055390 -0.25513365 -0.96496300 0.06125755 0.00000000
-0.11150283 0.21577000 0.01084763 -0.29596725 -0.95385800 0.05058405 0.00000000
-0.11143772 0.21572400 0.01045573 -0.27861629 -0.95865900 0.05784569 0.00000000
-0.11175158 0.21588700 0.01038443 -0.29713845 -0.95336800 0.05289947 0.00000000
-0.11091110 0.21541400 0.01037540 -0.22402652 -0.97152100 0.07719359 0.00000000
-0.11129779 0.21546400 0.01050934 -0.25629898 -0.96451000 0.06350162 0.00000000
-0.11124900 0.21543000 0.01021538 -0.25546830 -0.96510300 0.05755202 0.00000000
-0.11140521 0.21570100 0.01025964 -0.25513365 -0.96496300 0.06125755 0.00000000
-0.11120008 0.21539600 0.00992139 -0.29686891 -0.95490500 -0.00504521 0.00000000
-0.11034978 0.21513300 0.00978731 -0.78669359 -0.38899300 -0.47937201 0.00000000
-0.11075051 0.21524700 0.00970733 -0.76375637 -0.44864300 -0.46410654 0.00000000
-0.11062467 0.21505100 0.00954712 -0.79712467 -0.34761700 -0.49371441 0.00000000
-0.11025207 0.21506400 0.00919936 -0.82493698 -0.23802800 -0.51266207 0.00000000
-0.11084305 0.21509200 0.00919987 -0.78420505 -0.38443000 -0.48706941 0.00000000
-0.11090677 0.21551800 0.00975167 -0.69701348 -0.58268300 -0.41791413 0.00000000
-0.11076460 0.21531100 0.00949351 -0.82072710 -0.22060300 -0.52701276 0.00000000
-0.11115129 0.21536100 0.00962744 -0.55446448 -0.78726200 -0.26979178 0.00000000
-0.11141213 0.21521500 0.00960116 -0.54995063 -0.79453600 -0.25742234 0.00000000
-0.11091778 0.21530600 0.00875418 -0.86230109 -0.05749100 -0.50312278 0.00000000
-0.10994851 0.21436200 0.00780132 -0.85040421 0.17756100 -0.49526210 0.00000000
-0.10969543 0.21434900 0.00764079 -0.85081897 0.16752200 -0.49803959 0.00000000
-0.10725617 0.21374300 0.00505562 -0.56667811 0.30717600 -0.76453828 0.00000000
-0.10726891 0.21418700 0.00500155 -0.57430822 0.27884600 -0.76968490 0.00000000
-0.10689357 0.21354600 0.00483283 -0.57274123 0.33982700 -0.74597900 0.00000000
-0.10631941 0.21423600 0.00443923 -0.59594423 0.24983300 -0.76317403 0.00000000
-0.10672652 0.21457200 0.00433233 -0.20711260 0.41382300 -0.88648397 0.00000000
-0.10668215 0.21443300 0.00466207 -0.23522831 0.38857700 -0.89088511 0.00000000
-0.10729868 0.21355600 0.00537667 -0.60461272 0.31735000 -0.73057036 0.00000000
-0.10767183 0.21424900 0.00523348 -0.61193881 0.25154400 -0.74983790 0.00000000
-0.10813275 0.21380700 0.00541276 -0.66955162 0.26783400 -0.69279575 0.00000000
-0.10756366 0.21368400 0.00501147 -0.62195065 0.29547600 -0.72516997 0.00000000
-0.10721013 0.21294900 0.00444203 -0.79619693 0.19018300 -0.57436944 0.00000000
-0.10738321 0.21393800 0.00409329 -0.63466952 0.31197600 -0.70701120 0.00000000
-0.10609157 0.21266100 0.00292682 -0.57826890 0.78713500 -0.21453261 0.00000000
-0.10594960 0.21490300 0.00391231 -0.44427339 0.36496400 -0.81818296 0.00000000
-0.10666145 0.21452600 0.00394029 0.01034375 0.48112600 -0.87659001 0.00000000
-0.10616296 0.21434300 0.00343224 -0.56177178 0.41102800 -0.71796131 0.00000000
-0.10694987 0.21380100 0.00397722 -0.54018115 0.38539000 -0.74811621 0.00000000
-0.10694545 0.21390500 0.00335354 -0.73342417 0.37111300 -0.56952997 0.00000000
-0.10607879 0.21363100 0.00312141 -0.50346469 0.67342800 -0.54131058 0.00000000
-0.10631842 0.21287200 0.00286439 -0.59822062 0.73298400 -0.32383168 0.00000000
-0.10608022 0.21325100 0.00296161 -0.51777666 0.75318500 -0.40573341 0.00000000
-0.10603000 0.21359700 0.00282746 -0.48554586 0.74493600 -0.45751039 0.00000000
-0.10647468 0.21314300 0.00290873 -0.63721092 0.62948500 -0.44464699 0.00000000
-0.10656792 0.21331700 0.00287290 -0.68312382 0.57552800 -0.44956500 0.00000000
-0.10570698 0.21397300 0.00324523 -0.43287160 0.65115000 -0.62339868 0.00000000
-0.10596787 0.21382700 0.00321904 -0.47062152 0.65137800 -0.59516431 0.00000000
-0.10612543 0.21371800 0.00310354 -0.50884880 0.64692200 -0.56794881 0.00000000
-0.10609152 0.21407500 0.00306734 -0.49421102 0.59664900 -0.63227093 0.00000000
-0.10571195 0.21457400 0.00337797 -0.45106537 0.49595000 -0.74200646 0.00000000
-0.10611417 0.21430800 0.00313828 -0.46451942 0.56638700 -0.68075544 0.00000000
-0.10652625 0.21383200 0.00302352 -0.60072855 0.55750000 -0.57299170 0.00000000
-0.10675673 0.21361100 0.00311320 -0.74189075 0.41234100 -0.52874745 0.00000000
-0.10666833 0.21404000 0.00328173 -0.77295570 0.26944900 -0.57440133 0.00000000
-0.10686570 0.21308900 0.00366640 -0.76962260 0.29826200 -0.56455376 0.00000000
-0.10728769 0.21381700 0.00381725 -0.68059538 0.31556800 -0.66121677 0.00000000
-0.10733895 0.21483500 0.00552633 -0.62272799 0.21132300 -0.75336104 0.00000000
-0.10794119 0.21427300 0.00549211 -0.69609526 0.21938700 -0.68360863 0.00000000
-0.10670362 0.21471700 0.00329865 -0.09737804 0.61189000 -0.78492591 0.00000000
-0.10685713 0.21433400 0.00352202 -0.48721370 0.45459300 -0.74563251 0.00000000
-0.10433789 0.21329100 0.00028720 -0.04476052 0.97723400 -0.20738794 0.00000000
-0.10496192 0.21404800 -0.00000737 -0.02817666 0.98231100 -0.18512533 0.00000000
-0.10608302 0.21249100 0.00264206 -0.59460831 0.78519400 -0.17295082 0.00000000
-0.10603562 0.21207700 0.00218822 -0.69027148 0.67278000 -0.26625592 0.00000000
-0.10585955 0.21222600 0.00189385 -0.58215050 0.79016000 -0.19169831 0.00000000
-0.10566651 0.21307200 0.00213292 -0.43823050 0.89336200 -0.09928724 0.00000000
-0.10575844 0.21362500 0.00225693 -0.45362996 0.86017900 -0.23304981 0.00000000
-0.10570952 0.21359100 0.00196294 -0.46410266 0.88141800 -0.08781126 0.00000000
-0.10601507 0.21320500 0.00256962 -0.49905217 0.83295800 -0.23901456 0.00000000
-0.10594717 0.21392000 0.00249727 -0.43753830 0.79456600 -0.42098111 0.00000000
-0.10581137 0.21393400 0.00221196 -0.46069347 0.81956800 -0.34068943 0.00000000
-0.10576258 0.21389900 0.00191800 -0.44552203 0.88011500 -0.16403472 0.00000000
-0.10545012 0.21335700 0.00182941 -0.44874107 0.89120600 -0.06620292 0.00000000
-0.10540128 0.21332200 0.00153537 -0.39577623 0.91501400 -0.07816742 0.00000000
-0.10575760 0.21329700 0.00178526 -0.44016450 0.89643800 -0.05151842 0.00000000
-0.10524507 0.21305100 0.00149112 -0.35638517 0.93154500 -0.07220030 0.00000000
-0.10552498 0.21357100 0.00138376 -0.39726391 0.91689500 -0.03853331 0.00000000
-0.10535249 0.21328800 0.00124142 -0.30922249 0.94811500 -0.07389190 0.00000000
-0.10612941 0.21295600 0.00166144 -0.51121955 0.85824100 -0.04556897 0.00000000
-0.10620145 0.21251600 0.00139487 -0.59436911 0.80277400 -0.04773816 0.00000000
-0.10572370 0.21365400 0.00174906 -0.45465416 0.89015000 -0.03036772 0.00000000
-0.10652601 0.21279600 0.00192039 -0.66338544 0.74111800 -0.10326498 0.00000000
-0.10495864 0.21268800 0.00066283 -0.12112373 0.98338000 -0.13525010 0.00000000
-0.10476494 0.21179100 0.00028975 0.77213964 0.63322200 0.05319621 0.00000000
-0.10492608 0.21266500 0.00046688 0.08690094 0.98392400 -0.15601962 0.00000000
-0.10519624 0.21301600 0.00119708 -0.29250987 0.95401900 -0.06547273 0.00000000
-0.10519409 0.21306900 0.00088525 -0.24570101 0.96748500 -0.06003646 0.00000000
-0.10514517 0.21303400 0.00059126 -0.14320001 0.98558600 -0.09008000 0.00000000
-0.10556227 0.21316000 0.00060932 -0.16427707 0.98640300 -0.00466800 0.00000000
-0.10505243 0.21356700 0.00013606 0.05550497 0.98831200 -0.14198141 0.00000000
-0.10541572 0.21305600 -0.00027266 0.25309951 0.96720900 -0.02112827 0.00000000
-0.10574661 0.21355800 0.00022584 0.03887338 0.99894400 -0.02449608 0.00000000
-0.10535992 0.21350800 0.00009191 0.16445792 0.98257900 -0.08656266 0.00000000
-0.10569777 0.21352400 -0.00006820 0.21312565 0.97534100 -0.05732923 0.00000000
-0.10538814 0.21363500 -0.00033587 0.22647159 0.97026200 -0.08545617 0.00000000
-0.10111191 0.21186100 -0.00554035 -0.70191136 0.31946700 -0.63660096 0.00000000
-0.10096342 0.21143200 -0.00577150 -0.42000634 0.58508300 -0.69373723 0.00000000
-0.10091458 0.21139700 -0.00606554 -0.36526323 0.60576500 -0.70684568 0.00000000
-0.10120018 0.21143200 -0.00570892 -0.12065001 0.74046600 -0.66117686 0.00000000
-0.10354603 0.21323100 -0.00039067 0.08136058 0.97755300 -0.19434630 0.00000000
-0.10325682 0.21221300 -0.00103979 0.49103563 0.79715200 0.35133019 0.00000000
-0.10326812 0.21303700 -0.00093406 0.12398756 0.99122800 0.04576167 0.00000000
-0.10344558 0.21392200 -0.00065897 -0.17305188 0.96537200 -0.19521743 0.00000000
-0.10382267 0.21243900 -0.00238473 0.46041229 0.80916700 0.36505944 0.00000000
-0.10240180 0.21243400 -0.00276039 -0.02924262 0.99913700 -0.02948177 0.00000000
-0.10238557 0.21242200 -0.00285839 -0.05297576 0.99754900 -0.04571473 0.00000000
-0.10260251 0.21284400 -0.00304583 0.55877178 0.60872200 0.56323402 0.00000000
-0.10408188 0.21305100 -0.00321387 0.18087345 0.98253400 0.04371420 0.00000000
-0.10476879 0.21244400 -0.00101178 0.52532043 0.81818600 0.23368745 0.00000000
-0.10397424 0.21173000 -0.00151053 0.57206243 0.67770600 0.46201624 0.00000000
-0.10458007 0.21214900 -0.00125212 0.56953401 0.75142200 0.33316202 0.00000000
-0.10440470 0.21262700 -0.00107486 0.48250480 0.84156100 0.24282563 0.00000000
-0.10466559 0.21248100 -0.00110105 0.52028335 0.82028200 0.23757815 0.00000000
-0.10432331 0.21256900 -0.00156485 0.52718617 0.73755700 0.42200058 0.00000000
-0.10418123 0.21236200 -0.00182307 0.57009048 0.65917800 0.49038873 0.00000000
-0.10484504 0.21227800 -0.00161732 0.45965865 0.83600200 0.29968962 0.00000000
-0.10478571 0.21174700 -0.00154529 0.58039858 0.70388400 0.40949254 0.00000000
-0.10460760 0.21298500 -0.00104839 0.29639412 0.95310100 0.06122756 0.00000000
-0.10525513 0.21288900 -0.00094074 0.32396982 0.94522500 0.03992342 0.00000000
-0.10482180 0.21275200 -0.00105680 0.39751746 0.90658100 0.14173961 0.00000000
-0.10487333 0.21344100 -0.00094188 0.21917636 0.97511900 -0.03322737 0.00000000
-0.10556262 0.21283000 -0.00098488 0.31161065 0.94792100 0.06592097 0.00000000
-0.10527415 0.21355500 -0.00102190 0.22240697 0.97382400 -0.04692286 0.00000000
-0.10477073 0.21277000 -0.00166261 0.35640758 0.90778900 0.22111842 0.00000000
-0.10397838 0.21200400 -0.00184945 0.50517668 0.74751600 0.43129740 0.00000000
-0.10239603 0.21291800 -0.00322432 0.56514171 0.59612500 0.57030687 0.00000000
-0.10346251 0.21327400 -0.00374939 -0.11516978 0.95313300 -0.27977219 0.00000000
-0.10249455 0.21336400 -0.00472148 -0.56622837 0.62517300 -0.53716281 0.00000000
-0.10334857 0.21319400 -0.00443534 0.57935966 0.57092400 0.58171217 0.00000000
-0.10141019 0.21234000 -0.00523788 -0.58753211 0.55443300 -0.58941467 0.00000000
-0.10158049 0.21267500 -0.00540745 -0.58844679 0.55694800 -0.58612253 0.00000000
-0.10186259 0.21314300 -0.00520290 -0.62675216 0.57684700 -0.52385905 0.00000000
-0.10224287 0.21297100 -0.00504191 -0.62142273 0.57482700 -0.53236110 0.00000000
-0.10243084 0.21293800 -0.00527328 -0.62142273 0.57482700 -0.53236110 0.00000000
-0.10245204 0.21355100 -0.00504253 -0.59608069 0.59957400 -0.53404039 0.00000000
-0.10224481 0.21329800 -0.00569274 -0.60864759 0.58125300 -0.54008609 0.00000000
-0.10235223 0.21353400 -0.00594244 -0.58113600 0.59093400 -0.55953345 0.00000000
-0.10330666 0.21267300 -0.00538785 -0.48930698 0.67740900 -0.54926828 0.00000000
-0.10273892 0.21358500 -0.00580851 -0.61524589 0.58132800 -0.53247488 0.00000000
-0.10299967 0.21343900 -0.00583474 -0.61405984 0.56193400 -0.55422111 0.00000000
-0.10327958 0.21395900 -0.00594210 -0.55744132 0.58034300 -0.59368427 0.00000000
-0.10094635 0.21109200 -0.00634116 -0.33732140 0.62621600 -0.70289896 0.00000000
-0.10105596 0.21127700 -0.00627895 -0.35524525 0.60365300 -0.71372513 0.00000000
-0.10102335 0.21125400 -0.00647499 -0.33732140 0.62621600 -0.70289896 0.00000000
-0.10089751 0.21105800 -0.00663520 -0.27772273 0.65026400 -0.70712562 0.00000000
-0.10066210 0.21067700 -0.00685754 -0.23564429 0.68507500 -0.68930727 0.00000000
-0.10022658 0.21059200 -0.00728551 -0.24770585 0.65463800 -0.71420666 0.00000000
-0.10067470 0.21112100 -0.00691165 -0.27024114 0.66282300 -0.69830883 0.00000000
-0.10049231 0.21104800 -0.00717900 -0.25074598 0.66971700 -0.69900314 0.00000000
-0.10070461 0.21048900 -0.00653649 -0.23868056 0.66408100 -0.70853891 0.00000000
-0.10146795 0.21080000 -0.00639367 -0.36664796 0.59929000 -0.71163196 0.00000000
-0.10133303 0.21114300 -0.00620723 -0.42540914 0.58739800 -0.68847020 0.00000000
-0.10181854 0.21126000 -0.00660785 -0.31024685 0.65113700 -0.69265343 0.00000000
-0.10208149 0.21106200 -0.00632216 -0.49246274 0.55486600 -0.67052509 0.00000000
-0.10207934 0.21111400 -0.00663399 -0.42215951 0.59519200 -0.68375995 0.00000000
-0.10119914 0.21148300 -0.00714324 -0.32572322 0.63035100 -0.70467140 0.00000000
-0.10201427 0.21106800 -0.00702603 -0.43023082 0.59392800 -0.67981779 0.00000000
-0.09862113 0.20915200 -0.00838082 0.15037272 0.95687600 -0.24854963 0.00000000
-0.09899200 0.20989700 -0.00883587 0.17576673 0.94596500 -0.27250144 0.00000000
-0.09918081 0.21019200 -0.00859557 0.22112536 0.92152600 -0.31920702 0.00000000
-0.09913202 0.21015700 -0.00888953 0.20370347 0.93688700 -0.28415997 0.00000000
-0.09942533 0.21003400 -0.00871980 0.20773148 0.93056100 -0.30150340 0.00000000
-0.10008915 0.20995000 -0.00851406 0.11176556 0.90250300 -0.41592947 0.00000000
-0.10038394 0.21086200 -0.00836367 -0.14923702 0.75972000 -0.63289246 0.00000000
-0.10057266 0.21115600 -0.00812333 -0.18659398 0.73263800 -0.65454110 0.00000000
-0.09972375 0.21051300 -0.00841730 -0.08361833 0.77433100 -0.62723090 0.00000000
-0.10003115 0.21045400 -0.00846140 -0.04793959 0.81753600 -0.57387889 0.00000000
-0.09996608 0.21040800 -0.00885344 0.09734273 0.90833100 -0.40676729 0.00000000
-0.10060446 0.21085100 -0.00839909 -0.13990565 0.76089000 -0.63361794 0.00000000
-0.10080950 0.21115700 -0.00806079 -0.15488393 0.75611300 -0.63584951 0.00000000
-0.10032022 0.21043600 -0.00891546 0.10586033 0.90247800 -0.41752541 0.00000000
-0.09934901 0.20916500 -0.00921749 0.20488794 0.95521600 -0.21350366 0.00000000
-0.09922949 0.20919000 -0.00940471 0.21293876 0.94660100 -0.24208322 0.00000000
-0.09906686 0.21011100 -0.00928152 0.17707866 0.94935400 -0.25955881 0.00000000
-0.09920262 0.21009700 -0.00899630 0.20370347 0.93688700 -0.28415997 0.00000000
-0.09946978 0.21017300 -0.00904959 0.20593308 0.93679300 -0.28286037 0.00000000
-0.09912122 0.21004000 -0.00948629 0.15786743 0.95616100 -0.24664322 0.00000000
-0.09927191 0.21041700 -0.00894323 0.18305228 0.93435000 -0.30574682 0.00000000
-0.09929371 0.21032300 -0.00934395 0.17297171 0.95064500 -0.25759473 0.00000000
-0.09991716 0.21037400 -0.00914743 0.23139059 0.93072800 -0.28320272 0.00000000
-0.09982173 0.21025300 -0.00942352 0.18273846 0.94846100 -0.25889887 0.00000000
-0.09967956 0.21004500 -0.00968168 0.18161080 0.95924300 -0.21649491 0.00000000
-0.09975527 0.21058700 -0.00965567 0.16208896 0.94938900 -0.26904777 0.00000000
-0.09952614 0.21042800 -0.00990510 0.15236108 0.95947800 -0.23704190 0.00000000
-0.09958194 0.20997600 -0.01026967 0.17878120 0.95232600 -0.24720752 0.00000000
-0.09851242 0.20934400 -0.01052818 0.21699652 0.93663900 -0.27499152 0.00000000
-0.09835402 0.20912500 -0.01088434 0.22692710 0.93245300 -0.28113119 0.00000000
-0.09948642 0.20985500 -0.01054571 0.19933604 0.94864400 -0.24564047 0.00000000
-0.09914413 0.20994400 -0.01100951 0.23277446 0.93595700 -0.26419880 0.00000000
-0.09931174 0.20962500 -0.01099996 0.25068086 0.93664800 -0.24464163 0.00000000
-0.09761101 0.20910000 -0.01126817 0.27750898 0.92013300 -0.27630641 0.00000000
-0.09813763 0.20941000 -0.01118785 0.23944562 0.93112500 -0.27508527 0.00000000
-0.09775089 0.20935900 -0.01132187 0.23588151 0.92896400 -0.28528171 0.00000000
-0.09841471 0.20927500 -0.01111613 0.25336282 0.93025300 -0.26539853 0.00000000
-0.09756222 0.20906500 -0.01156212 0.28728686 0.92070600 -0.26413282 0.00000000
-0.09796151 0.20955900 -0.01148230 0.23540936 0.93094100 -0.27916042 0.00000000
-0.09770211 0.20932500 -0.01161582 0.26144472 0.92582200 -0.27294753 0.00000000
-0.09824500 0.20964700 -0.01143764 0.24579408 0.92967400 -0.27439440 0.00000000
-0.09819613 0.20961200 -0.01173154 0.26803963 0.92717900 -0.26171307 0.00000000
-0.09836229 0.20967300 -0.01156219 0.26508339 0.92781700 -0.26246196 0.00000000
-0.09842306 0.20982400 -0.01179402 0.31946836 0.91783500 -0.23562395 0.00000000
-0.09907414 0.20929600 -0.01153420 0.32864060 0.91798300 -0.22203978 0.00000000
-0.09900206 0.20973600 -0.01126772 0.27230200 0.93147500 -0.24126096 0.00000000
-0.09895327 0.20970200 -0.01156167 0.28679954 0.92708300 -0.24137927 0.00000000
-0.09890435 0.20966700 -0.01185567 0.30637901 0.92304500 -0.23263830 0.00000000
-0.09923970 0.21006500 -0.01073339 0.21228399 0.94283500 -0.25690243 0.00000000
-0.09953206 0.20999200 -0.01199803 0.30329285 0.92384400 -0.23350890 0.00000000
-0.10168354 0.21160200 -0.00642136 -0.26364524 0.67097500 -0.69302549 0.00000000
-0.10152514 0.21138300 -0.00677752 -0.40164392 0.60746700 -0.68532247 0.00000000
-0.10204125 0.21119700 -0.00633135 -0.34653878 0.64172100 -0.68418158 0.00000000
-0.10149253 0.21136000 -0.00697356 -0.37438480 0.61915100 -0.69028089 0.00000000
-0.10142743 0.21131400 -0.00736547 -0.32561193 0.64867700 -0.68789182 0.00000000
-0.10104710 0.21148600 -0.00752655 -0.28859891 0.68410100 -0.66986320 0.00000000
-0.10155252 0.21118200 -0.00767697 -0.32010118 0.67105300 -0.66874769 0.00000000
-0.10132980 0.21124500 -0.00795346 -0.24875487 0.71029200 -0.65848783 0.00000000
-0.09685211 0.20873300 -0.01334420 0.59621987 0.80020600 -0.06474335 0.00000000
-0.09667958 0.20845000 -0.01348641 0.61982226 0.78413400 -0.03088616 0.00000000
-0.09738391 0.20926700 -0.01216848 0.32953795 0.90866600 -0.25638104 0.00000000
-0.09733503 0.20923200 -0.01246239 0.35497141 0.90401500 -0.23822826 0.00000000
-0.09748352 0.20966200 -0.01223124 0.30452354 0.92007300 -0.24643848 0.00000000
-0.09705934 0.20898700 -0.01269400 0.41623478 0.88466400 -0.21004250 0.00000000
-0.09538417 0.20656900 -0.01590816 0.66146873 0.74983600 0.01429366 0.00000000
-0.09549234 0.20713400 -0.01568615 0.68332613 0.73009600 0.00509925 0.00000000
-0.09549014 0.20718600 -0.01599806 0.68557238 0.72794200 0.00952597 0.00000000
-0.09610258 0.20745000 -0.01480406 0.66961790 0.74263400 0.01031741 0.00000000
-0.09485321 0.20636400 -0.01661222 0.66080650 0.74995300 0.03009257 0.00000000
-0.09477889 0.20685600 -0.01665751 0.66585028 0.74568000 0.02459499 0.00000000
-0.09487213 0.20702900 -0.01669334 0.66585028 0.74568000 0.02459499 0.00000000
-0.09435328 0.20656100 -0.01696047 0.65865364 0.75205600 0.02422871 0.00000000
-0.09432072 0.20653800 -0.01715642 0.65865364 0.75205600 0.02422871 0.00000000
-0.09448275 0.20632500 -0.01664815 0.66333083 0.74782600 0.02734860 0.00000000
-0.09472289 0.20627200 -0.01739620 0.65827718 0.75205900 0.03282911 0.00000000
-0.09471374 0.20681000 -0.01704950 0.66333083 0.74782600 0.02734860 0.00000000
-0.09466574 0.20710400 -0.01687188 0.66896555 0.74283200 0.02618622 0.00000000
-0.09459017 0.20656200 -0.01689785 0.66333083 0.74782600 0.02734860 0.00000000
-0.09494287 0.20696900 -0.01680007 0.66585028 0.74568000 0.02459499 0.00000000
-0.09454125 0.20652700 -0.01719184 0.65706782 0.75344400 0.02417074 0.00000000
-0.09472159 0.20665200 -0.01723636 0.66644708 0.74499000 0.02893810 0.00000000
-0.09583547 0.20742300 -0.01730759 0.66333083 0.74782600 0.02734860 0.00000000
-0.09543883 0.20758300 -0.01756662 0.67012551 0.74142900 0.03486492 0.00000000
-0.09602423 0.20771700 -0.01706738 0.68437783 0.72832700 0.03415421 0.00000000
-0.09451785 0.20596600 -0.01773450 0.65926472 0.75136800 0.02857300 0.00000000
-0.09449520 0.20573300 -0.01780544 0.66523917 0.74635600 0.02024263 0.00000000
-0.09475330 0.20634700 -0.01751207 0.65767947 0.75275800 0.02850386 0.00000000
-0.09421374 0.20597100 -0.01850098 0.69445412 0.71953200 0.00265892 0.00000000
-0.09483162 0.20754300 -0.01766514 0.67171901 0.73998100 0.03494791 0.00000000
-0.09574751 0.20752200 -0.01873331 0.66054937 0.75058800 0.01710643 0.00000000
-0.09505756 0.20639000 -0.01930245 0.70548405 0.70872600 0.00020106 0.00000000
-0.09467218 0.20596000 -0.01959623 0.69607890 0.71796000 0.00266425 0.00000000
-0.09448350 0.20566600 -0.01983648 0.68988349 0.72392000 -0.00053972 0.00000000
-0.09438802 0.20554500 -0.02011265 0.69607890 0.71796000 0.00266425 0.00000000
-0.09419921 0.20525000 -0.02035294 0.69753222 0.71654100 0.00425901 0.00000000
-0.09429031 0.20547600 -0.02070060 0.68239469 0.73071300 -0.01988317 0.00000000
-0.09402011 0.20512400 -0.02143088 0.64863648 0.75979200 -0.04456896 0.00000000
-0.09682180 0.20724400 -0.01336877 0.65170299 0.75829000 0.01669773 0.00000000
-0.09654244 0.20743000 -0.01375235 0.65514906 0.75541800 0.01112052 0.00000000
-0.09687258 0.20760400 -0.01372556 0.65263714 0.75754300 0.01389333 0.00000000
-0.09690518 0.20762700 -0.01352952 0.64717765 0.76231200 0.00638863 0.00000000
-0.09717812 0.20721900 -0.01311887 0.62646145 0.77922200 -0.01894774 0.00000000
-0.09689159 0.20827000 -0.01380673 0.63532894 0.77215600 -0.01147492 0.00000000
-0.09699623 0.20785300 -0.01387726 0.65263714 0.75754300 0.01389333 0.00000000
-0.09650989 0.20740700 -0.01394830 0.65514906 0.75541800 0.01112052 0.00000000
-0.09682370 0.20757000 -0.01401946 0.65739107 0.75339000 0.01551613 0.00000000
-0.09651411 0.20768100 -0.01428727 0.65673870 0.75403600 0.01114735 0.00000000
-0.09677486 0.20753500 -0.01431350 0.65673870 0.75403600 0.01114735 0.00000000
-0.09696367 0.20783000 -0.01407321 0.65422285 0.75617300 0.01392712 0.00000000
-0.09715936 0.20763800 -0.01449148 0.65739107 0.75339000 0.01551613 0.00000000
-0.09751330 0.20903100 -0.01185611 0.33400665 0.90831600 -0.25179718 0.00000000
-0.09773033 0.20945200 -0.01204360 0.29636321 0.92147800 -0.25109223 0.00000000
-0.09830684 0.20979500 -0.01279183 0.26052145 0.93122800 -0.25483788 0.00000000
-0.09883927 0.20962100 -0.01224771 0.32740269 0.91751400 -0.22577925 0.00000000
-0.09897061 0.20971100 -0.01258617 0.43878375 0.88183800 -0.17271888 0.00000000
-0.09844816 0.20967500 -0.01300533 0.44681644 0.87904200 -0.16625449 0.00000000
-0.09869278 0.20951800 -0.01312961 0.53210907 0.83812200 -0.12004931 0.00000000
-0.09864385 0.20948300 -0.01342360 0.61603375 0.78444500 -0.07175367 0.00000000
-0.09885173 0.21044300 -0.01326439 0.46392499 0.87042200 -0.16473696 0.00000000
-0.09884312 0.21027400 -0.01354924 0.59030744 0.80202500 -0.09106683 0.00000000
-0.09807765 0.20860000 -0.01414449 0.66392363 0.74712900 0.03168256 0.00000000
-0.09831524 0.20892900 -0.01361024 0.66550331 0.74622100 -0.01610163 0.00000000
-0.09777978 0.20882800 -0.01493793 0.65263714 0.75754300 0.01389333 0.00000000
-0.09802872 0.20856600 -0.01443848 0.65263714 0.75754300 0.01389333 0.00000000
-0.09810081 0.20812600 -0.01470496 0.65263714 0.75754300 0.01389333 0.00000000
-0.09794733 0.20850900 -0.01492847 0.65263714 0.75754300 0.01389333 0.00000000
-0.09813883 0.20945700 -0.01486730 0.66683574 0.74492900 0.02029175 0.00000000
-0.09834189 0.21085100 -0.01373765 0.52864366 0.83645900 -0.14447124 0.00000000
-0.09832764 0.20975100 -0.01462701 0.65924869 0.75187800 0.00835966 0.00000000
-0.09573775 0.20589100 -0.01547924 0.65831342 0.75263600 0.01270621 0.00000000
-0.09558926 0.20546100 -0.01571039 0.65454251 0.75554600 0.02691644 0.00000000
-0.09672777 0.20820600 -0.01622103 0.67487753 0.73791800 -0.00409997 0.00000000
-0.09702113 0.20808300 -0.01605122 0.65878603 0.75232300 -0.00322058 0.00000000
-0.09697229 0.20804800 -0.01634526 0.68084824 0.73238200 0.00790738 0.00000000
-0.09835448 0.20743000 -0.01517589 0.65673870 0.75403600 0.01114735 0.00000000
-0.09859682 0.20732500 -0.01561203 0.65924869 0.75187800 0.00835966 0.00000000
-0.09624282 0.20738000 -0.01645197 0.69013681 0.72356700 0.01269698 0.00000000
-0.09625472 0.20749600 -0.01697770 0.69206909 0.72086000 0.03743307 0.00000000
-0.09653896 0.20791100 -0.01646133 0.68557238 0.72794200 0.00952597 0.00000000
-0.09615700 0.20742700 -0.01756565 0.66450162 0.74641900 0.03600814 0.00000000
-0.09732388 0.20845700 -0.01512499 0.65673870 0.75403600 0.01114735 0.00000000
-0.09735341 0.20820500 -0.01571261 0.65924869 0.75187800 0.00835966 0.00000000
-0.09760346 0.20935600 -0.01619504 0.65857740 0.75250300 0.00397559 0.00000000
-0.09854519 0.20946500 -0.01544591 0.66996293 0.74207200 0.02188628 0.00000000
-0.09591164 0.20725700 -0.01791308 0.67012551 0.74142900 0.03486492 0.00000000
-0.09583025 0.20719900 -0.01840307 0.66272422 0.74851000 0.02300454 0.00000000
-0.09627991 0.20734800 -0.01818906 0.67012551 0.74142900 0.03486492 0.00000000
-0.09635468 0.20756200 -0.01863466 0.66333083 0.74782600 0.02734860 0.00000000
-0.09574886 0.20714200 -0.01889307 0.64946237 0.76029400 0.01230981 0.00000000
-0.09471174 0.20549700 -0.02005880 0.69298751 0.72094900 0.00106124 0.00000000
-0.09656938 0.20803500 -0.01913410 0.65580287 0.75477400 0.01547863 0.00000000
