0.08424527 0.21910000 0.08474748 0.19681065 -0.38041500 0.90363131 2.00000000
0.08234936 0.21770000 0.08437934 0.16026898 -0.47931300 0.86288639 2.00000000
0.08261742 0.21860000 0.08473731 0.16204142 -0.46035200 0.87282257 2.00000000
0.08232222 0.21860000 0.08479076 0.16077374 -0.47409600 0.86566999 2.00000000
0.08247406 0.21910000 0.08506814 0.16336066 -0.44563200 0.88018533 2.00000000
0.08217886 0.21920000 0.08512159 0.16232721 -0.45719600 0.87442631 2.00000000
0.08306447 0.21920000 0.08496125 0.16996695 -0.42874500 0.88729313 2.00000000
0.08202702 0.21830000 0.08484420 0.16087058 -0.47299000 0.86625713 2.00000000
0.05835904 0.20630000 0.07479995 0.94943197 0.10613200 0.29549179 1.00000000
0.05788486 0.20590000 0.07498742 0.94943197 0.10613200 0.29549179 1.00000000
0.05818006 0.20610000 0.07493398 0.94943197 0.10613200 0.29549179 1.00000000
0.05818006 0.20640000 0.07493398 0.94869808 0.10599400 0.29788786 1.00000000
0.05792049 0.20630000 0.07518422 0.95034290 0.09711390 0.29566224 1.00000000
0.05774150 0.20580000 0.07531825 0.94869808 0.10599400 0.29788786 1.00000000
0.05774150 0.20610000 0.07531825 0.95276430 0.10257000 0.28586515 1.00000000
0.05774150 0.20640000 0.07531825 0.95276430 0.10257000 0.28586515 1.00000000
0.05764310 0.20640000 0.07533607 0.95276430 0.10257000 0.28586515 1.00000000
0.05881542 0.20670000 0.07451407 0.94939553 0.10294100 0.29673314 1.00000000
0.05861862 0.20660000 0.07454970 0.94939553 0.10294100 0.29673314 1.00000000
0.05835904 0.20640000 0.07479995 0.94943197 0.10613200 0.29549179 1.00000000
0.05792049 0.20640000 0.07518422 0.95034290 0.09711390 0.29566224 1.00000000
0.05799175 0.20660000 0.07557782 0.96078797 0.11945600 0.25023377 1.00000000
0.05779495 0.20760000 0.07561345 0.95944940 0.12562700 0.25233789 1.00000000
0.05780343 0.20730000 0.07622167 0.96987715 0.15847600 0.18499496 1.00000000
0.05744630 0.20610000 0.07537170 0.95276430 0.10257000 0.28586515 1.00000000
0.05718673 0.20610000 0.07562194 0.96078797 0.11945600 0.25023377 1.00000000
0.05738353 0.20630000 0.07558631 0.96078797 0.11945600 0.25023377 1.00000000
0.05755319 0.20640000 0.07596210 0.96566392 0.14184200 0.21765397 1.00000000
0.05745479 0.20630000 0.07597991 0.96566392 0.14184200 0.21765397 1.00000000
0.05705186 0.20590000 0.07656099 0.97134017 0.14608100 0.18750752 1.00000000
0.05724017 0.20610000 0.07591714 0.96393440 0.13366500 0.23013879 1.00000000
0.05731143 0.20610000 0.07631074 0.97134017 0.14608100 0.18750752 1.00000000
0.05724866 0.20630000 0.07652536 0.96987715 0.15847600 0.18499496 1.00000000
0.05731143 0.20640000 0.07631074 0.96987715 0.15847600 0.18499496 1.00000000
0.05734706 0.20780000 0.07650754 0.98102809 0.13672800 0.13743667 1.00000000
0.05740051 0.20790000 0.07680275 0.98692611 0.10967800 0.11810267 1.00000000
0.05717657 0.20780000 0.07724979 0.98076615 0.02452290 0.19363836 1.00000000
0.05702472 0.20750000 0.07697241 0.98732924 0.10679700 0.11737115 1.00000000
0.05672952 0.20750000 0.07702585 0.98079594 0.06480060 0.18395719 1.00000000
0.05727413 0.20550000 0.07835001 0.98284498 0.10023600 0.15482007 1.00000000
0.05732757 0.20520000 0.07864521 0.98224391 0.08637730 0.16654368 1.00000000
0.05679994 0.20610000 0.07853749 0.87171221 0.47895200 0.10354805 1.00000000
0.05650474 0.20610000 0.07859093 0.88384413 0.43622600 0.16889712 1.00000000
0.05720203 0.20530000 0.07907444 0.27687519 0.91329800 -0.29871023 1.00000000
0.05713161 0.20760000 0.07756281 0.65750364 0.72960800 -0.18804553 1.00000000
0.05694330 0.20720000 0.07820665 0.90276822 0.42014500 0.09213185 1.00000000
0.05663961 0.20670000 0.07765188 0.37865963 0.89106100 -0.25025488 1.00000000
0.05654121 0.20700000 0.07766970 0.84950293 0.51815900 0.09927627 1.00000000
0.05707733 0.20720000 0.07838564 -0.33433341 0.81104600 -0.48002768 1.00000000
0.05703237 0.20690000 0.07869866 -0.32344551 0.81598200 -0.47911982 1.00000000
0.05685339 0.20660000 0.07883269 -0.31262966 0.82075000 -0.47815522 1.00000000
0.05698825 0.20730000 0.07789364 0.88726041 0.45767800 0.05743756 1.00000000
0.05718505 0.20790000 0.07785801 0.80928178 0.57946300 -0.09636799 1.00000000
0.05694246 0.20670000 0.07932469 -0.29484511 0.82701600 -0.47865450 1.00000000
0.05746925 0.20670000 0.08055045 -0.29960360 0.81439200 -0.49699517 1.00000000
0.05690683 0.20730000 0.07912789 -0.30551421 0.82251500 -0.47971782 1.00000000
0.05677196 0.20780000 0.08006694 -0.28070458 0.81631900 -0.50480493 1.00000000
0.05695346 0.20820000 0.07657880 0.98565844 0.11567500 0.12287179 1.00000000
0.05702472 0.20820000 0.07697241 0.27384056 0.88825400 -0.36880386 1.00000000
0.05672952 0.20870000 0.07702585 0.57370347 0.78153200 -0.24509717 1.00000000
0.05688136 0.20880000 0.07730324 0.66030665 0.72002900 -0.21343350 1.00000000
0.05678296 0.20880000 0.07732105 0.70204054 0.69390000 -0.16013363 1.00000000
0.05693481 0.20820000 0.07759844 0.82685222 0.56109200 -0.03861632 1.00000000
0.05654121 0.20880000 0.07766970 -0.17685139 0.86965500 -0.46089381 1.00000000
0.05707733 0.20870000 0.07838564 -0.48206374 0.74150900 -0.46666903 1.00000000
0.05679994 0.20820000 0.07853749 -0.38594578 0.78571500 -0.48342231 1.00000000
0.05668373 0.20850000 0.07845690 -0.36815889 0.79132400 -0.48812423 1.00000000
0.05664810 0.20910000 0.07826010 -0.47917716 0.73356100 -0.48195174 1.00000000
0.05650474 0.20640000 0.07859093 0.89749385 0.41731100 0.14267396 1.00000000
0.05649541 0.20610000 0.07910075 0.89920609 0.41143200 0.14883651 1.00000000
0.05646744 0.20790000 0.08063020 -0.29381120 0.79366800 -0.53269718 1.00000000
0.05638853 0.20910000 0.07851034 -0.34493601 0.79644600 -0.49668225 1.00000000
0.05644197 0.20930000 0.07880555 -0.41845577 0.76138800 -0.49515945 1.00000000
0.05649541 0.20930000 0.07910075 -0.36410830 0.78481300 -0.50149065 1.00000000
0.05670070 0.20910000 0.07967333 -0.30990287 0.80150900 -0.51141300 1.00000000
0.05602972 0.20930000 0.07989644 -0.27746754 0.80730600 -0.52083503 1.00000000
0.05636055 0.20940000 0.08003979 -0.26497948 0.80835100 -0.52569449 1.00000000
0.05602123 0.21020000 0.07928822 -0.35507199 0.77533800 -0.52227798 1.00000000
0.05693230 0.20690000 0.08095254 -0.30914032 0.80260500 -0.51015370 1.00000000
0.05755833 0.20790000 0.08104245 -0.27055005 0.80889400 -0.52200915 1.00000000
0.05711128 0.20810000 0.08081851 -0.25460110 0.81262400 -0.52423301 1.00000000
0.05718254 0.20880000 0.08121211 -0.29957231 0.78293000 -0.54523135 1.00000000
0.05718254 0.20930000 0.08121211 -0.32034903 0.76505300 -0.55863237 1.00000000
0.05691448 0.20840000 0.08085414 -0.27340803 0.80049900 -0.53333823 1.00000000
0.06202616 0.21710000 0.07484741 -0.94619165 0.12129600 -0.30001338 1.00000000
0.06212456 0.21720000 0.07482960 -0.94619165 0.12129600 -0.30001338 1.00000000
0.06210675 0.21750000 0.07473120 -0.92467293 0.01501320 -0.38046586 1.00000000
0.06182936 0.21740000 0.07488304 -0.94656255 0.12756900 -0.29621860 1.00000000
0.06221364 0.21650000 0.07532160 -0.97578033 0.15332400 -0.15602896 1.00000000
0.06183785 0.21620000 0.07549126 -0.97750507 0.20767600 -0.03680352 1.00000000
0.06188281 0.21650000 0.07517824 -0.97578033 0.15332400 -0.15602896 1.00000000
0.06158760 0.21660000 0.07523169 -0.97578033 0.15332400 -0.15602896 1.00000000
0.06164105 0.21680000 0.07552689 -0.97578033 0.15332400 -0.15602896 1.00000000
0.06188281 0.21690000 0.07517824 -0.95486389 0.08765070 -0.28381634 1.00000000
0.06191843 0.21710000 0.07537505 -0.95486389 0.08765070 -0.28381634 1.00000000
0.06164105 0.21710000 0.07552689 -0.97656720 0.15267400 -0.15168022 1.00000000
0.06189129 0.21710000 0.07578646 -0.97652776 0.15549700 -0.14904306 1.00000000
0.06191843 0.21740000 0.07537505 -0.95321479 0.10867100 -0.28208340 1.00000000
0.06198969 0.21750000 0.07576865 -0.95412567 0.09966530 -0.28233211 1.00000000
0.06174794 0.21740000 0.07611729 -0.97656720 0.15267400 -0.15168022 1.00000000
0.06154265 0.21620000 0.07554471 -0.97729168 0.20809100 -0.03999763 1.00000000
0.06152483 0.21650000 0.07544630 -0.97477600 0.15059800 -0.16471686 1.00000000
0.06144425 0.21680000 0.07556252 -0.97476019 0.15628000 -0.15943722 1.00000000
0.06159609 0.21680000 0.07583991 -0.97879609 0.18396800 -0.09007569 1.00000000
0.06174794 0.21680000 0.07611729 -0.97547590 0.21980300 -0.01157343 1.00000000
0.06168517 0.21720000 0.07633191 -0.97795400 0.20310900 -0.04849456 1.00000000
0.06158677 0.21740000 0.07634972 -0.97656720 0.15267400 -0.15168022 1.00000000
0.06185483 0.21560000 0.07670769 -0.42472287 -0.54939500 -0.71956668 1.00000000
0.06165803 0.21620000 0.07674332 -0.40683952 -0.53116100 -0.74320267 1.00000000
0.06236632 0.21770000 0.07448095 -0.94582987 0.00668357 -0.32459403 1.00000000
0.06250967 0.21810000 0.07415012 -0.94582987 0.00668357 -0.32459403 1.00000000
0.06255463 0.21880000 0.07383711 -0.94582987 0.00668357 -0.32459403 1.00000000
0.06245623 0.21880000 0.07385492 -0.94582987 0.00668357 -0.32459403 1.00000000
0.06244690 0.21840000 0.07436474 -0.94582987 0.00668357 -0.32459403 1.00000000
0.06231287 0.21890000 0.07418575 -0.94582987 0.00668357 -0.32459403 1.00000000
0.06244690 0.21890000 0.07436474 -0.94582987 0.00668357 -0.32459403 1.00000000
0.06212456 0.21770000 0.07482960 -0.92467293 0.01501320 -0.38046586 1.00000000
0.06225010 0.21800000 0.07440037 -0.94582987 0.00668357 -0.32459403 1.00000000
0.06226792 0.21830000 0.07449877 -0.94582987 0.00668357 -0.32459403 1.00000000
0.06205330 0.21880000 0.07443600 -0.94582987 0.00668357 -0.32459403 1.00000000
0.06206179 0.21770000 0.07504421 -0.92467293 0.01501320 -0.38046586 1.00000000
0.06216019 0.21800000 0.07502640 -0.94582987 0.00668357 -0.32459403 1.00000000
0.06217801 0.21830000 0.07512480 -0.94582987 0.00668357 -0.32459403 1.00000000
0.06211524 0.21830000 0.07533942 -0.94582987 0.00668357 -0.32459403 1.00000000
0.06228490 0.21800000 0.07571520 -0.94582987 0.00668357 -0.32459403 1.00000000
0.06188281 0.21780000 0.07517824 -0.92467293 0.01501320 -0.38046586 1.00000000
0.06164105 0.21780000 0.07552689 -0.94888946 0.07942920 -0.30545075 1.00000000
0.06187348 0.21800000 0.07568806 -0.92467293 0.01501320 -0.38046586 1.00000000
0.06191843 0.21810000 0.07537505 -0.94582987 0.00668357 -0.32459403 1.00000000
0.06182003 0.21830000 0.07539286 -0.94582987 0.00668357 -0.32459403 1.00000000
0.06197188 0.21810000 0.07567025 -0.94582987 0.00668357 -0.32459403 1.00000000
0.06193625 0.21830000 0.07547345 -0.94582987 0.00668357 -0.32459403 1.00000000
0.06173012 0.21770000 0.07601889 -0.97603033 0.16722000 -0.13929575 1.00000000
0.06159609 0.21800000 0.07583991 -0.94888946 0.07942920 -0.30545075 1.00000000
0.06168517 0.21810000 0.07633191 -0.94888946 0.07942920 -0.30545075 1.00000000
0.06751972 0.21420000 0.08442190 -0.14037408 -0.78610400 0.60194339 1.00000000
0.06682243 0.21410000 0.08393839 0.05844355 -0.70835900 0.70342870 1.00000000
0.06652723 0.21420000 0.08399183 0.03029550 -0.71118100 0.70235607 1.00000000
0.06633892 0.21350000 0.08463568 -0.05176828 -0.68943300 0.72249681 1.00000000
0.06604371 0.21350000 0.08468912 -0.05530736 -0.69213900 0.71964263 1.00000000
0.06648227 0.21380000 0.08430485 0.02466344 -0.70638000 0.70740315 1.00000000
0.06648227 0.21410000 0.08430485 0.02466344 -0.70638000 0.70740315 1.00000000
0.06628547 0.21440000 0.08434048 0.04752904 -0.70045300 0.71211404 1.00000000
0.06604371 0.21410000 0.08468912 -0.01708695 -0.70583600 0.70816918 1.00000000
0.06629396 0.21440000 0.08494870 -0.03378240 -0.70561900 0.70778531 1.00000000
0.06607934 0.21380000 0.08488592 -0.05074317 -0.70519700 0.70719338 1.00000000
0.06650941 0.21500000 0.08389343 0.08151845 -0.69481700 0.71455187 1.00000000
0.06667058 0.21530000 0.08366100 0.13274803 -0.69168900 0.70989083 1.00000000
0.06642034 0.21590000 0.08340143 0.11176075 -0.68573100 0.71922398 1.00000000
0.06558818 0.21570000 0.08385697 -0.05236458 -0.71419500 0.69798493 1.00000000
0.06705486 0.21450000 0.08409956 0.08350026 -0.70071200 0.70854065 1.00000000
0.06701923 0.21510000 0.08390276 0.13951939 -0.70005800 0.70032347 1.00000000
0.06672403 0.21450000 0.08395620 0.05582083 -0.70532400 0.70668400 1.00000000
0.06711763 0.21560000 0.08388494 0.17662436 -0.68018900 0.71143908 1.00000000
0.06652723 0.21540000 0.08399183 0.09076156 -0.69229100 0.71588758 1.00000000
0.06646446 0.21440000 0.08420645 0.06593264 -0.69998200 0.71111040 1.00000000
0.06632110 0.21470000 0.08453728 0.05133627 -0.69623100 0.71598063 1.00000000
0.06642883 0.21480000 0.08400965 0.08151845 -0.69481700 0.71455187 1.00000000
0.06657135 0.21470000 0.08479685 0.01604145 -0.70123800 0.71274663 1.00000000
0.06634740 0.21480000 0.08524390 0.02098938 -0.69257300 0.72104185 1.00000000
0.06640085 0.21510000 0.08553910 0.05000644 -0.68719600 0.72474880 1.00000000
0.06642799 0.21570000 0.08512768 0.04671651 -0.68847600 0.72375297 1.00000000
0.06603439 0.21590000 0.08519894 0.04681009 -0.68694000 0.72520452 1.00000000
0.06633892 0.21620000 0.08463568 0.06809777 -0.68678500 0.72366451 1.00000000
0.06569507 0.21620000 0.08444737 0.05827207 -0.69220600 0.71934383 1.00000000
0.06589187 0.21650000 0.08441174 0.06061731 -0.69528200 0.71617636 1.00000000
0.06613279 0.21650000 0.08518113 0.08797496 -0.67449100 0.73302312 1.00000000
0.06594531 0.21680000 0.08470694 0.08351917 -0.68313600 0.72549956 1.00000000
0.06549827 0.21560000 0.08448300 -0.02362575 -0.70517500 0.70863959 1.00000000
0.06580196 0.21650000 0.08503777 0.07818740 -0.67988000 0.72914269 1.00000000
0.06553390 0.21710000 0.08467980 0.35203856 -0.62762300 0.69437634 1.00000000
0.06538205 0.21720000 0.08440241 0.69589996 -0.46325300 0.54874431 1.00000000
0.06558734 0.21710000 0.08497500 0.99244659 0.11559900 0.04107809 1.00000000
0.06579263 0.21740000 0.08554759 0.97679891 0.21403200 -0.00737233 1.00000000
0.06565860 0.21720000 0.08536860 0.98573835 0.16828700 0.00039334 1.00000000
0.06634657 0.21320000 0.08636193 0.73829923 -0.19875400 0.64452407 1.00000000
0.06621254 0.21500000 0.08618294 0.03422866 -0.67065400 0.74098024 1.00000000
0.06610565 0.21570000 0.08559254 0.06131536 -0.67435800 0.73585479 1.00000000
0.06626598 0.21560000 0.08647815 0.94229328 -0.07698020 0.32581764 1.00000000
0.06590885 0.21630000 0.08562817 0.12836529 -0.66872900 0.73234072 1.00000000
0.06610481 0.21680000 0.08671058 0.97708169 0.21134700 -0.02536147 1.00000000
0.06606918 0.21710000 0.08651378 0.97646239 0.21254100 -0.03671374 1.00000000
0.06637287 0.21710000 0.08706855 0.97691718 0.20732000 -0.05148504 1.00000000
0.06657816 0.21690000 0.08764113 0.97691718 0.20732000 -0.05148504 1.00000000
0.06581894 0.21660000 0.08625420 0.98403472 0.17780600 0.00781760 1.00000000
0.06597078 0.21680000 0.08653159 0.97425847 0.22525200 -0.00904958 1.00000000
0.06600641 0.21690000 0.08672839 0.97646239 0.21254100 -0.03671374 1.00000000
0.06612263 0.21710000 0.08680898 0.97691718 0.20732000 -0.05148504 1.00000000
0.06597927 0.21710000 0.08713981 0.97691718 0.20732000 -0.05148504 1.00000000
0.06597927 0.21740000 0.08713981 0.97691718 0.20732000 -0.05148504 1.00000000
0.06613111 0.21710000 0.08741719 0.97691718 0.20732000 -0.05148504 1.00000000
0.06633640 0.21690000 0.08798978 0.97691718 0.20732000 -0.05148504 1.00000000
0.06583591 0.21770000 0.08747064 0.97691718 0.20732000 -0.05148504 1.00000000
0.06612179 0.21840000 0.08792701 0.94673890 0.28624500 -0.14747533 1.00000000
0.06572819 0.21840000 0.08799827 0.93914300 0.29778600 -0.17127225 1.00000000
0.06613960 0.21840000 0.08802541 0.93914300 0.29778600 -0.17127225 1.00000000
0.06574600 0.21840000 0.08809667 0.93922119 0.28329400 -0.19392783 1.00000000
0.06861910 0.20460000 0.08544237 -0.65528036 -0.66231400 0.36324594 1.00000000
0.06842398 0.20490000 0.08324193 -0.86070880 -0.50070800 0.09204367 1.00000000
0.06784290 0.20520000 0.08283901 -0.87049237 -0.48525700 0.08227616 1.00000000
0.06798542 0.20500000 0.08362621 -0.86070880 -0.50070800 0.09204367 1.00000000
0.06773517 0.20520000 0.08336664 -0.87049237 -0.48525700 0.08227616 1.00000000
0.06845877 0.20500000 0.08455677 -0.75926222 -0.59852200 0.25552400 1.00000000
0.06827046 0.20500000 0.08520062 -0.69394698 -0.64927200 0.31126077 1.00000000
0.06821701 0.20550000 0.08490541 -0.80774358 -0.54699700 0.21987493 1.00000000
0.06811012 0.20560000 0.08431501 -0.82990603 -0.52208100 0.19669241 1.00000000
0.06760114 0.20790000 0.08318765 -0.93535590 -0.19312200 0.29633366 1.00000000
0.06701074 0.20700000 0.08329454 -0.92378314 -0.38200000 0.02646709 1.00000000
0.06671554 0.20730000 0.08334799 -0.94083345 -0.33510200 0.05038214 1.00000000
0.06661714 0.20760000 0.08336580 -0.95707395 -0.28638200 0.04467506 1.00000000
0.06710830 0.20790000 0.08439476 -0.91078657 -0.16907300 0.37667280 1.00000000
0.06701839 0.20730000 0.08502079 -0.92078230 -0.14956200 0.36026608 1.00000000
0.06666975 0.20750000 0.08477904 -0.93279913 -0.24047100 0.26844048 1.00000000
0.06699125 0.20750000 0.08543221 -0.89974937 -0.13516500 0.41494781 1.00000000
0.06686655 0.20760000 0.08474341 -0.91018370 -0.22187900 0.34976396 1.00000000
0.06633892 0.20790000 0.08463568 -0.95598624 -0.23780000 0.17187393 1.00000000
0.06677747 0.20810000 0.08425140 -0.91118458 -0.17733400 0.37188106 1.00000000
0.06658067 0.20820000 0.08428703 -0.95940089 -0.18736600 0.21081881 1.00000000
0.06663412 0.20840000 0.08458223 -0.85607762 -0.15343900 0.49354603 1.00000000
0.06702688 0.20730000 0.08562901 -0.87878044 -0.14128400 0.45583222 1.00000000
0.06915941 0.20280000 0.08056815 -0.80203787 -0.59374200 0.06484952 1.00000000
0.06919504 0.20290000 0.08076495 -0.82223068 -0.56459700 0.07187289 1.00000000
0.06924848 0.20310000 0.08106015 -0.84032234 -0.53834100 0.06361428 1.00000000
0.06830095 0.20440000 0.08031706 -0.88202057 -0.46956900 0.03929637 1.00000000
0.06973200 0.20410000 0.08036286 -0.84712246 -0.52845400 0.05585479 1.00000000
0.06915941 0.20430000 0.08056815 -0.86085832 -0.50296900 0.07710596 1.00000000
0.06924848 0.20430000 0.08106015 -0.86085832 -0.50296900 0.07710596 1.00000000
0.06884639 0.20340000 0.08052319 -0.84964640 -0.52398500 0.05951152 1.00000000
0.06855119 0.20350000 0.08057664 -0.85137840 -0.52078100 0.06278799 1.00000000
0.06905168 0.20350000 0.08109578 -0.86085832 -0.50296900 0.07710596 1.00000000
0.06912294 0.20340000 0.08148938 -0.85739952 -0.50849600 0.07935953 1.00000000
0.06830095 0.20410000 0.08031706 -0.86865245 -0.48955700 0.07600882 1.00000000
0.06820255 0.20470000 0.08033488 -0.88202057 -0.46956900 0.03929637 1.00000000
0.06785390 0.20460000 0.08009312 -0.88849414 -0.45372500 0.06863697 1.00000000
0.06776399 0.20430000 0.08071915 -0.88202057 -0.46956900 0.03929637 1.00000000
0.06890916 0.20490000 0.08030858 -0.88202057 -0.46956900 0.03929637 1.00000000
0.06744332 0.20520000 0.07894795 -0.89287754 -0.44888600 0.03565731 1.00000000
0.06785390 0.20500000 0.08009312 -0.88849414 -0.45372500 0.06863697 1.00000000
0.06791667 0.20550000 0.07987851 -0.88927450 -0.45070000 0.07784905 1.00000000
0.06750525 0.20550000 0.07985137 -0.88625311 -0.45819900 0.06789141 1.00000000
0.06771054 0.20550000 0.08042395 -0.87080021 -0.48417500 0.08533584 1.00000000
0.06730845 0.20550000 0.07988700 -0.88625311 -0.45819900 0.06789141 1.00000000
0.06703107 0.20550000 0.08003884 -0.89019234 -0.45547900 0.00980947 1.00000000
0.06716510 0.20550000 0.08021783 -0.86959014 -0.48531300 0.09101491 1.00000000
0.06736190 0.20560000 0.08018220 -0.86959014 -0.48531300 0.09101491 1.00000000
0.06752223 0.20550000 0.08106780 -0.87049237 -0.48525700 0.08227616 1.00000000
0.06782592 0.20560000 0.08162257 -0.87049237 -0.48525700 0.08227616 1.00000000
0.06748576 0.20490000 0.08198903 -0.87049237 -0.48525700 0.08227616 1.00000000
0.06713796 0.20580000 0.08062924 -0.87080021 -0.48417500 0.08533584 1.00000000
0.06702174 0.20560000 0.08054866 -0.86870638 -0.48634400 0.09390927 1.00000000
0.06689620 0.20610000 0.08097789 -0.87049237 -0.48525700 0.08227616 1.00000000
0.06747728 0.20560000 0.08138082 -0.87049237 -0.48525700 0.08227616 1.00000000
0.06764694 0.20560000 0.08175660 -0.87049237 -0.48525700 0.08227616 1.00000000
0.06718208 0.20590000 0.08143426 -0.87049237 -0.48525700 0.08227616 1.00000000
0.06700476 0.20720000 0.07933222 -0.90765945 -0.11860000 -0.40260290 1.00000000
0.06707602 0.20760000 0.07972582 -0.91803798 -0.05762590 -0.39228290 1.00000000
0.06677998 0.20720000 0.08089730 -0.94708028 -0.31881700 -0.03733618 1.00000000
0.06707519 0.20760000 0.08084386 -0.96019522 -0.21723900 -0.17559237 1.00000000
0.06730678 0.20580000 0.08212306 -0.87049237 -0.48525700 0.08227616 1.00000000
0.06667310 0.20910000 0.08030690 -0.79508924 -0.01251370 -0.60636256 1.00000000
0.06688687 0.20900000 0.08148771 -0.90629405 0.01790120 -0.42226873 1.00000000
0.06649411 0.20750000 0.08044093 -0.94736046 -0.28328400 -0.14919053 1.00000000
0.06647629 0.20790000 0.08034253 -0.93903325 -0.20957400 -0.27257065 1.00000000
0.06660100 0.20780000 0.08103133 -0.95477698 -0.24287100 -0.17150830 1.00000000
0.06659167 0.20880000 0.08154115 -0.97614027 -0.07939850 -0.20210387 1.00000000
0.06073596 0.21200000 0.07782489 -0.60411311 0.73752500 0.30183521 1.00000000
0.06100485 0.21240000 0.07706483 -0.79118432 0.49201600 0.36324605 1.00000000
0.06068251 0.21240000 0.07752969 -0.58003876 0.68507300 0.44071498 1.00000000
0.06069100 0.21200000 0.07813791 -0.56139723 0.77141900 0.29957630 1.00000000
0.06047638 0.21240000 0.07807514 -0.53013900 0.75342600 0.38897474 1.00000000
0.06052983 0.21270000 0.07837034 -0.42521386 0.77463300 0.46812052 1.00000000
0.06069949 0.21150000 0.07874612 -0.62438501 0.76775700 -0.14384669 1.00000000
0.06074444 0.21240000 0.07843311 -0.43800653 0.79781600 0.41429449 1.00000000
0.06093192 0.21260000 0.07890729 -0.43466738 0.81440600 0.38445836 1.00000000
0.06148585 0.21260000 0.07972164 -0.30357411 0.85961400 0.41098256 1.00000000
0.06020749 0.21180000 0.07883520 -0.63975432 0.74132700 -0.20285052 1.00000000
0.06058327 0.21230000 0.07866554 -0.50296986 0.79493300 0.33926644 1.00000000
0.06078091 0.21300000 0.07751187 -0.63255807 0.62573700 0.45642553 1.00000000
0.06067402 0.21290000 0.07692147 -0.85762733 0.41678400 0.30127445 1.00000000
0.06067402 0.21320000 0.07692147 -0.87648164 0.38383800 0.29059957 1.00000000
0.06051285 0.21300000 0.07715390 -0.84588288 0.43179100 0.31311053 1.00000000
0.06106679 0.21300000 0.07796825 -0.60779212 0.65262500 0.45240520 1.00000000
0.06112023 0.21300000 0.07826345 -0.54729338 0.69910000 0.46014017 1.00000000
0.06073596 0.21290000 0.07782489 -0.60443544 0.66356700 0.44083615 1.00000000
0.06086999 0.21300000 0.07800388 -0.59321201 0.66464700 0.45425131 1.00000000
0.06072663 0.21290000 0.07833471 -0.48431785 0.73464600 0.47511165 1.00000000
0.06133401 0.21320000 0.07944425 -0.39209420 0.80436200 0.44639070 1.00000000
0.06148585 0.21330000 0.07972164 -0.31263720 0.82738800 0.46657034 1.00000000
0.06119065 0.21320000 0.07977508 -0.36099407 0.84398300 0.39670547 1.00000000
0.06100318 0.21300000 0.07930090 -0.41786871 0.80907200 0.41326551 1.00000000
0.06115502 0.21290000 0.07957828 -0.38794547 0.85275000 0.34973750 1.00000000
0.06109225 0.21290000 0.07979290 -0.37096520 0.85477000 0.36297728 1.00000000
0.06069949 0.21390000 0.07874612 -0.46921067 0.71333100 0.52057660 1.00000000
0.06158426 0.21410000 0.07970382 -0.37967269 0.75739300 0.53122893 1.00000000
0.06322908 0.21230000 0.08093042 -0.27453377 0.94237100 0.19122676 1.00000000
0.06289825 0.21240000 0.08078706 -0.26765148 0.91222900 0.31016223 1.00000000
0.06263868 0.21230000 0.08103731 -0.28697790 0.90444400 0.31563373 1.00000000
0.06188795 0.21260000 0.08025860 -0.28316453 0.86415000 0.41600700 1.00000000
0.06248684 0.21210000 0.08075992 -0.25388524 0.90392600 0.34417894 1.00000000
0.06225441 0.21260000 0.08059875 -0.28749933 0.88046200 0.37700332 1.00000000
0.06274641 0.21290000 0.08050968 -0.29746282 0.86408500 0.40604587 1.00000000
0.06245121 0.21320000 0.08056312 -0.29032455 0.86415000 0.41104212 1.00000000
0.06186080 0.21290000 0.08067001 -0.28316453 0.86415000 0.41600700 1.00000000
0.06194988 0.21330000 0.08116201 -0.31099386 0.87870400 0.36216345 1.00000000
0.06117200 0.21150000 0.08079472 -0.38941080 0.79922700 0.45781643 1.00000000
0.06126191 0.21240000 0.08016868 -0.32400905 0.83340800 0.44771562 1.00000000
0.06129754 0.21260000 0.08036549 -0.32529796 0.84208300 0.43020614 1.00000000
0.06121696 0.21200000 0.08048170 -0.37483277 0.84621300 0.37871300 1.00000000
0.06125259 0.21240000 0.08067850 -0.35997750 0.84832900 0.38827044 1.00000000
0.06131536 0.21270000 0.08046389 -0.32529796 0.84208300 0.43020614 1.00000000
0.06100234 0.21240000 0.08041893 -0.37171488 0.82284900 0.42982211 1.00000000
0.06136880 0.21270000 0.08075909 -0.31182220 0.87801200 0.36312845 1.00000000
0.06102865 0.21140000 0.08112555 -0.37852702 0.74446900 0.54998486 1.00000000
0.06086831 0.21240000 0.08023994 -0.37405345 0.80750200 0.45609703 1.00000000
0.06097520 0.21230000 0.08083035 -0.37778058 0.83277200 0.40468765 1.00000000
0.06126191 0.21320000 0.08016868 -0.31424468 0.85936800 0.40340530 1.00000000
0.06161056 0.21300000 0.08041044 -0.28684488 0.86587600 0.40985219 1.00000000
0.06116351 0.21290000 0.08018650 -0.31854460 0.85497700 0.40932095 1.00000000
0.06175308 0.21300000 0.08119764 -0.29037414 0.88840700 0.35555029 1.00000000
0.07298853 0.21660000 0.07926515 -0.77182494 0.40106000 0.49339410 1.00000000
0.07296223 0.21710000 0.07855853 -0.79707607 0.32708400 0.50762825 1.00000000
0.07303349 0.21710000 0.07895213 -0.77922732 0.35437400 0.51693642 1.00000000
0.07309542 0.21620000 0.07985555 -0.73972433 0.45649600 0.49438832 1.00000000
0.07347121 0.21720000 0.07968589 -0.74935621 0.37695700 0.54439821 1.00000000
0.07327441 0.21690000 0.07972152 -0.74548871 0.40075700 0.53258017 1.00000000
0.07314038 0.21740000 0.07954254 -0.77629427 0.37366800 0.50768084 1.00000000
0.07332785 0.21740000 0.08001672 -0.73979392 0.37797800 0.55663139 1.00000000
0.07313105 0.21740000 0.08005235 -0.74645896 0.39072000 0.53864402 1.00000000
0.07382834 0.21740000 0.08053587 -0.64842889 0.38642100 0.65591095 1.00000000
0.07343474 0.21740000 0.08060713 -0.67045489 0.39475800 0.62821684 1.00000000
0.07335416 0.21720000 0.08072334 -0.66945391 0.41906600 0.61336393 1.00000000
0.07473092 0.21590000 0.08159197 -0.34462973 0.51853900 0.78252694 1.00000000
0.07429320 0.21710000 0.08085821 -0.44850110 0.41634700 0.79088620 1.00000000
0.07368415 0.21680000 0.08198473 -0.43665225 0.50217900 0.74642513 1.00000000
0.07384532 0.21710000 0.08175230 -0.42672692 0.48837400 0.76117997 1.00000000
0.07380120 0.21740000 0.08094728 -0.57076403 0.41596700 0.70795457 1.00000000
0.07383683 0.21750000 0.08114408 -0.54651962 0.40937400 0.73056820 1.00000000
0.07410489 0.21750000 0.08150205 -0.44888003 0.42278200 0.78724954 1.00000000
0.07384532 0.21750000 0.08175230 -0.49926838 0.44947200 0.74074728 1.00000000
0.07354163 0.21710000 0.08119753 -0.58309484 0.45110400 0.67565257 1.00000000
0.07398784 0.21690000 0.08253950 -0.37210818 0.51985800 0.76894899 1.00000000
0.07370197 0.21680000 0.08208313 -0.42687065 0.50640800 0.74922128 1.00000000
0.07350516 0.21750000 0.08211876 -0.53068304 0.46728300 0.70712289 1.00000000
0.07371045 0.21650000 0.08269135 -0.37436761 0.52469900 0.76455217 1.00000000
0.07366550 0.21660000 0.08300436 -0.37449725 0.53074300 0.76030533 1.00000000
0.07380885 0.21680000 0.08267353 -0.36798777 0.51952700 0.77115219 1.00000000
0.07366550 0.21710000 0.08300436 -0.37193617 0.51375800 0.77312109 1.00000000
0.07374608 0.21740000 0.08288815 -0.37599758 0.49605200 0.78266123 1.00000000
0.07375457 0.21690000 0.08349637 -0.33146153 0.53751300 0.77537870 1.00000000
0.07277392 0.21650000 0.07920238 -0.77566400 0.40240900 0.48622230 1.00000000
0.07276543 0.21680000 0.07859416 -0.78852390 0.36504100 0.49494988 1.00000000
0.07277392 0.21710000 0.07920238 -0.78109699 0.37964700 0.49573637 1.00000000
0.07277392 0.21740000 0.07920238 -0.79089321 0.37319400 0.48498965 1.00000000
0.07303265 0.21650000 0.08007017 -0.73036942 0.45793900 0.50680640 1.00000000
0.07293425 0.21680000 0.08008798 -0.74173885 0.43941700 0.50669101 1.00000000
0.07303265 0.21710000 0.08007017 -0.73146353 0.41673800 0.53971372 1.00000000
0.07298770 0.21710000 0.08038318 -0.70296820 0.43862200 0.55986262 1.00000000
0.07308358 0.21750000 0.08371947 -0.49008902 0.50432900 0.71096051 1.00000000
0.07278838 0.21740000 0.08377291 -0.60464211 0.49572600 0.62342879 1.00000000
0.07343725 0.21950000 0.07725302 -0.99302068 0.08352230 0.08327367 1.00000000
0.07300802 0.22070000 0.07712748 -0.99308603 0.10010800 0.06130153 1.00000000
0.07269501 0.22040000 0.07708253 -0.99279279 0.09969690 0.06650249 1.00000000
0.07286467 0.22040000 0.07745831 -0.99519699 0.08039650 0.05584430 1.00000000
0.07354414 0.21920000 0.07784343 -0.99557174 0.06490280 0.06799849 1.00000000
0.07370448 0.21890000 0.07872903 -0.99200202 0.00309168 0.12618370 1.00000000
0.07302416 0.21810000 0.07946195 -0.82956874 0.32194200 0.45625600 1.00000000
0.07336516 0.21910000 0.07797746 -0.99536941 0.06224320 0.07324741 1.00000000
0.07322180 0.21890000 0.07830829 -0.98408596 0.10502600 0.14333472 1.00000000
0.07322180 0.21920000 0.07830829 -0.99494656 0.05949410 0.08088200 1.00000000
0.07437379 0.21770000 0.08074199 -0.58465869 0.35508200 0.72944566 1.00000000
0.07398951 0.21830000 0.08030344 -0.83093077 0.23094800 0.50617924 1.00000000
0.07432967 0.21910000 0.07993697 -0.98808629 -0.05643830 0.14317563 1.00000000
0.07412438 0.21890000 0.07936439 -0.99130596 -0.04383660 0.12405586 1.00000000
0.07307761 0.21830000 0.07975715 -0.84256487 0.30281200 0.44540975 1.00000000
0.07322945 0.21830000 0.08003454 -0.83561327 0.28058100 0.47225475 1.00000000
0.07382834 0.21770000 0.08053587 -0.67272959 0.35268500 0.65042127 1.00000000
0.07382834 0.21800000 0.08053587 -0.70229919 0.32198600 0.63490281 1.00000000
0.07398019 0.21800000 0.08081325 -0.68800580 0.32685600 0.64792985 1.00000000
0.07318450 0.21830000 0.08034755 -0.81767424 0.29746600 0.49287275 1.00000000
0.07333634 0.21830000 0.08062494 -0.80275776 0.31362400 0.50716909 1.00000000
0.07366801 0.21920000 0.07965026 -0.99476749 -0.01165390 0.10150073 1.00000000
0.07356961 0.21890000 0.07966808 -0.98120679 0.05483820 0.18500282 1.00000000
0.07382834 0.21860000 0.08053587 -0.88861782 0.17698600 0.42312352 1.00000000
0.07374776 0.21860000 0.08065208 -0.88424068 0.18708100 0.42792352 1.00000000
0.07377490 0.21910000 0.08024066 -0.98808629 -0.05643830 0.14317563 1.00000000
0.07329139 0.21860000 0.08093796 -0.82489638 0.27997700 0.49107867 1.00000000
0.07348819 0.21890000 0.08090233 -0.93435208 0.14074300 0.32737945 1.00000000
0.07354414 0.21950000 0.07784343 -0.99526839 0.07494040 0.06184908 1.00000000
0.07381137 0.21940000 0.07931943 -0.99566838 -0.00318305 0.09292097 1.00000000
0.07336516 0.21920000 0.07797746 -0.99536941 0.06224320 0.07324741 1.00000000
0.07340079 0.21950000 0.07817426 -0.99519194 0.06211830 0.07572644 1.00000000
0.07365952 0.21920000 0.07904205 -0.99499640 -0.00105267 0.09990518 1.00000000
0.07357894 0.21970000 0.07915826 -0.99500155 0.03833110 0.09221458 1.00000000
0.07313189 0.22000000 0.07893432 -0.99494656 0.05949410 0.08088200 1.00000000
0.07326676 0.22040000 0.07799527 -0.99537748 0.07772210 0.05642474 1.00000000
0.07297156 0.22010000 0.07804872 -0.99537748 0.07772210 0.05642474 1.00000000
0.07300719 0.22010000 0.07824552 -0.99526839 0.07494040 0.06184908 1.00000000
0.07338213 0.22040000 0.07919389 -0.99477771 0.06948690 0.07475308 1.00000000
0.07298004 0.22010000 0.07865693 -0.99496080 0.07204430 0.06972832 1.00000000
0.07311407 0.22070000 0.07883592 -0.99526839 0.07494040 0.06184908 1.00000000
0.07386481 0.22040000 0.07961463 -0.99567122 0.05997370 0.07101344 1.00000000
0.07382918 0.22040000 0.07941783 -0.99494656 0.05949410 0.08088200 1.00000000
0.07391826 0.22040000 0.07990983 -0.99640615 0.04834980 0.06955300 1.00000000
0.07388263 0.22070000 0.07971303 -0.99477771 0.06948690 0.07475308 1.00000000
0.07381985 0.21950000 0.07992765 -0.99477342 -0.01383080 0.10117050 1.00000000
0.07368582 0.22000000 0.07974866 -0.99646198 0.03656870 0.07567183 1.00000000
0.07381985 0.21980000 0.07992765 -0.99566838 -0.00318305 0.09292097 1.00000000
0.07381985 0.22000000 0.07992765 -0.99607711 0.00532556 0.08832822 1.00000000
0.07408708 0.21800000 0.08140365 -0.55242276 0.37668400 0.74359827 1.00000000
0.07379188 0.21800000 0.08145710 -0.60926627 0.36492400 0.70400654 1.00000000
0.07359508 0.21810000 0.08149273 -0.65267813 0.35865500 0.66736619 1.00000000
0.07364852 0.21770000 0.08178793 -0.56512080 0.43769000 0.69933231 1.00000000
0.07358575 0.21780000 0.08200255 -0.59248269 0.42929600 0.68166620 1.00000000
0.07364852 0.21830000 0.08178793 -0.65634091 0.34778000 0.66952626 1.00000000
0.07383683 0.21880000 0.08114408 -0.88317571 0.15239300 0.44359549 1.00000000
0.07383683 0.21920000 0.08114408 -0.98592725 -0.06019320 0.15595990 1.00000000
0.07350600 0.21860000 0.08100073 -0.83603168 0.24246800 0.49220035 1.00000000
0.07355945 0.21860000 0.08129593 -0.84235223 0.23494700 0.48501846 1.00000000
0.07354163 0.21920000 0.08119753 -0.98789276 -0.03853790 0.15027329 1.00000000
0.07339828 0.21890000 0.08152836 -0.91876171 0.16923500 0.35670312 1.00000000
0.07339828 0.21950000 0.08152836 -0.98980258 -0.04570200 0.13491382 1.00000000
0.07339828 0.21980000 0.08152836 -0.99328059 -0.01577160 0.11464774 1.00000000
0.07346105 0.22010000 0.08131374 -0.99565182 -0.00317634 0.09310222 1.00000000
0.07377574 0.22100000 0.07912263 -0.99526839 0.07494040 0.06184908 1.00000000
0.07400817 0.22210000 0.07928380 -0.99702676 0.06924940 0.03379252 1.00000000
0.07405312 0.22220000 0.07897079 -0.99764035 0.06794600 0.00980817 1.00000000
0.07386481 0.22100000 0.07961463 -0.99479274 0.07189890 0.07223955 1.00000000
0.07411506 0.22120000 0.07987420 -0.99479274 0.07189890 0.07223955 1.00000000
0.07386481 0.22130000 0.07961463 -0.99528641 0.07250050 0.06441026 1.00000000
0.07382918 0.22160000 0.07941783 -0.99614134 0.07059570 0.05214943 1.00000000
0.07348902 0.22120000 0.07978429 -0.99496080 0.07204430 0.06972832 1.00000000
0.07366801 0.22130000 0.07965026 -0.99528641 0.07250050 0.06441026 1.00000000
0.07356961 0.22160000 0.07966808 -0.99597868 0.07306540 0.05184661 1.00000000
0.07352465 0.22130000 0.07998109 -0.99479274 0.07189890 0.07223955 1.00000000
0.07353398 0.22190000 0.07947128 -0.99690573 0.06621020 0.04237017 1.00000000
0.07371297 0.22210000 0.07933725 -0.99686192 0.07175130 0.03344561 1.00000000
0.07341776 0.22240000 0.07939069 -0.99747596 0.07031850 0.00980686 1.00000000
0.07329222 0.22180000 0.07981992 -0.99641985 0.06827190 0.04986450 1.00000000
0.07395472 0.22250000 0.07898860 -0.99825745 0.05790120 0.01140668 1.00000000
0.07405312 0.22280000 0.07897079 -0.99602346 0.08906760 -0.00194590 1.00000000
0.07381137 0.22250000 0.07931943 -0.99767105 0.06805020 0.00469891 1.00000000
0.07377574 0.22280000 0.07912263 -0.99602346 0.08906760 -0.00194590 1.00000000
0.07407094 0.22310000 0.07906919 -0.99762559 0.06857610 -0.00645054 1.00000000
0.07361457 0.22250000 0.07935506 -0.99690209 0.07782410 0.01135438 1.00000000
0.07357894 0.22270000 0.07915826 -0.99629344 0.08589760 0.00455621 1.00000000
0.07341776 0.22270000 0.07939069 -0.99748555 0.07075810 0.00386553 1.00000000
0.07361457 0.22300000 0.07935506 -0.99527777 0.09701770 -0.00327196 1.00000000
0.07268401 0.21800000 0.07982841 -0.81534426 0.36073800 0.45285960 1.00000000
0.07293425 0.21810000 0.08008798 -0.80853825 0.33140300 0.48624822 1.00000000
0.07260342 0.21810000 0.07994463 -0.81534426 0.36073800 0.45285960 1.00000000
0.07304114 0.21830000 0.08067838 -0.81913940 0.31607700 0.47865026 1.00000000
0.07279090 0.21810000 0.08041881 -0.80760696 0.34672000 0.47702782 1.00000000
0.07274594 0.21770000 0.08073183 -0.78329401 0.39485800 0.48014334 1.00000000
0.07289778 0.21840000 0.08100922 -0.81734203 0.32531000 0.47552710 1.00000000
0.07260258 0.21890000 0.08106266 -0.88864960 0.27008800 0.37061523 1.00000000
0.07325492 0.21880000 0.08185919 -0.86250827 0.21533300 0.45794211 1.00000000
0.07300467 0.21920000 0.08159962 -0.95960005 0.13648800 0.24604793 1.00000000
0.07285199 0.21860000 0.08244027 -0.76679240 0.32663500 0.55257525 1.00000000
0.07325492 0.21920000 0.08185919 -0.96997062 0.06452000 0.23450885 1.00000000
0.07335332 0.22000000 0.08184137 -0.99430453 -0.00735657 0.10632004 1.00000000
0.07305812 0.22000000 0.08189482 -0.99565182 -0.00317634 0.09310222 1.00000000
0.07311156 0.21950000 0.08219002 -0.99153006 -0.03719310 0.12443464 1.00000000
0.07335332 0.21970000 0.08184137 -0.99265114 -0.02428730 0.11854546 1.00000000
0.07335332 0.22010000 0.08184137 -0.99565182 -0.00317634 0.09310222 1.00000000
0.07325492 0.22060000 0.08185919 -0.99640615 0.04834980 0.06955300 1.00000000
0.07311156 0.22040000 0.08219002 -0.99646198 0.03656870 0.07567183 1.00000000
0.07329055 0.22070000 0.08205599 -0.99691524 0.04383930 0.06510758 1.00000000
0.07316501 0.22040000 0.08248522 -0.99771772 0.03237020 0.05925492 1.00000000
0.07304879 0.22030000 0.08240464 -0.99771772 0.03237020 0.05925492 1.00000000
0.07296904 0.22130000 0.08140282 -0.99685903 0.05852990 0.05334948 1.00000000
0.07348568 0.21830000 0.08425643 -0.24769267 0.50180100 0.82876030 1.00000000
0.06971837 0.20990000 0.07467429 -0.99933952 -0.03632530 -0.00127238 1.00000000
0.06971837 0.21020000 0.07467429 -0.99894077 -0.04601910 -0.00022059 1.00000000
0.06984391 0.21080000 0.07424506 -0.99892310 -0.04608670 -0.00529287 1.00000000
0.06991517 0.21050000 0.07463866 -0.99892310 -0.04608670 -0.00529287 1.00000000
0.06971837 0.21060000 0.07467429 -0.99866891 -0.05115790 -0.00660007 1.00000000
0.06986172 0.21090000 0.07434346 -0.99841641 -0.05605790 -0.00469457 1.00000000
0.06975400 0.21110000 0.07487109 -0.99726499 -0.07374370 -0.00496400 1.00000000
0.06961997 0.21030000 0.07469210 -0.99856428 -0.05342910 -0.00382735 1.00000000
0.06947661 0.21020000 0.07502293 -0.99856428 -0.05342910 -0.00382735 1.00000000
0.06967341 0.21080000 0.07498730 -0.99744270 -0.07113810 -0.00689422 1.00000000
0.06956568 0.21060000 0.07551494 -0.99810157 -0.06107080 -0.00792330 1.00000000
0.06994829 0.21110000 0.07818956 -0.95959281 0.27760500 -0.04601085 1.00000000
0.07002457 0.21240000 0.07187496 -0.99911002 -0.03680380 -0.02060552 1.00000000
0.06991684 0.21150000 0.07240259 -0.99882438 -0.04819000 0.00524409 1.00000000
0.06969290 0.21150000 0.07284964 -0.99856271 -0.03765820 0.03814070 1.00000000
0.06972853 0.21170000 0.07304644 -0.99733562 -0.06686660 0.02915638 1.00000000
0.06979979 0.21170000 0.07344004 -0.99625155 -0.08559590 0.01251709 1.00000000
0.06978197 0.21210000 0.07334164 -0.99643933 -0.08284160 0.01568421 1.00000000
0.06994231 0.21180000 0.07422724 -0.99726499 -0.07374370 -0.00496400 1.00000000
0.06979046 0.21120000 0.07394986 -0.99841641 -0.05605790 -0.00469457 1.00000000
0.06984391 0.21150000 0.07424506 -0.99727954 -0.07356930 -0.00452234 1.00000000
0.06979046 0.21240000 0.07394986 -0.99726499 -0.07374370 -0.00496400 1.00000000
0.06973702 0.21320000 0.07365465 -0.99605859 -0.08816200 0.00973217 1.00000000
0.06980828 0.21320000 0.07404826 -0.99690444 -0.07858480 -0.00258518 1.00000000
0.06966492 0.21350000 0.07437909 -0.99711141 -0.07588600 0.00302442 1.00000000
0.06991517 0.21350000 0.07463866 -0.99747270 -0.07103240 -0.00171604 1.00000000
0.06977181 0.21410000 0.07496949 -0.99790728 -0.05967420 0.02489303 1.00000000
0.06951308 0.21320000 0.07410170 -0.99690444 -0.07858480 -0.00258518 1.00000000
0.06961997 0.21360000 0.07469210 -0.99766189 -0.06821020 0.00428363 1.00000000
0.06936972 0.21380000 0.07443253 -0.99711141 -0.07588600 0.00302442 1.00000000
0.06947661 0.21390000 0.07502293 -0.99790728 -0.05967420 0.02489303 1.00000000
0.07027146 0.21260000 0.07660667 -0.99529988 -0.05254430 0.08134973 1.00000000
0.07012811 0.21260000 0.07693750 -0.99313296 -0.05610200 0.10266486 1.00000000
0.06995761 0.21150000 0.07767974 -0.99533790 0.09640610 0.00285679 1.00000000
0.06999324 0.21120000 0.07787654 -0.98633287 0.16412900 -0.01449399 1.00000000
0.06996610 0.21180000 0.07828796 -0.95668665 0.29021400 -0.02294765 1.00000000
0.06969804 0.21140000 0.07792999 -0.96472109 0.25338800 -0.07146849 1.00000000
0.06967090 0.21140000 0.07834141 -0.91930360 0.38476800 -0.08267278 1.00000000
0.06999324 0.21200000 0.07787654 -0.98813193 0.15281700 -0.01555649 1.00000000
0.07024349 0.21210000 0.07813612 -0.97018768 0.24235400 0.00011140 1.00000000
0.06994829 0.21210000 0.07818956 -0.95668665 0.29021400 -0.02294765 1.00000000
0.07019004 0.21260000 0.07784091 -0.94627199 0.32337100 0.00065657 1.00000000
0.06971586 0.21210000 0.07802839 -0.97165637 0.23276600 -0.04127092 1.00000000
0.06966241 0.21270000 0.07773319 -0.98165359 0.18710600 -0.03669778 1.00000000
0.07018155 0.21350000 0.07723270 -0.95274917 0.29496300 0.07257084 1.00000000
0.07004752 0.21300000 0.07705371 -0.98999029 0.05486870 0.13003187 1.00000000
0.06984140 0.21320000 0.07759916 -0.92856226 0.37001000 -0.02941137 1.00000000
0.06985072 0.21350000 0.07708934 -0.97317445 0.21206200 0.08922803 1.00000000
0.06959964 0.21380000 0.07794780 -0.84583811 0.53055300 -0.05542977 1.00000000
0.06998559 0.21530000 0.07615029 -0.93390049 0.34297900 0.10096945 1.00000000
0.06913645 0.21500000 0.07538939 -0.99869103 -0.01440110 0.04909073 1.00000000
0.06969039 0.21480000 0.07620374 -0.97357743 0.21346600 0.08111383 1.00000000
0.06994063 0.21500000 0.07646331 -0.94429815 0.30299100 0.12844459 1.00000000
0.06943082 0.21470000 0.07645398 -0.97317445 0.21206200 0.08922803 1.00000000
0.06929679 0.21560000 0.07627500 -0.95867755 0.25709600 0.12181318 1.00000000
0.06951057 0.21450000 0.07745580 -0.88371176 0.46754400 -0.02137284 1.00000000
0.06955552 0.21480000 0.07714279 -0.93343823 0.33989600 0.11473246 1.00000000
0.06959115 0.21500000 0.07733959 -0.89061921 0.44747900 0.08099137 1.00000000
0.06951057 0.21480000 0.07745580 -0.85359365 0.52066900 -0.01678495 1.00000000
0.06951057 0.21510000 0.07745580 -0.83783734 0.54532900 0.02539481 1.00000000
0.06978795 0.21530000 0.07730396 -0.86835914 0.48642600 0.09665239 1.00000000
0.06932393 0.21600000 0.07586358 -0.93871547 0.32355200 0.11885921 1.00000000
0.06935788 0.21210000 0.07829645 -0.92723632 0.36611800 -0.07868072 1.00000000
0.06930444 0.21260000 0.07800125 -0.96951455 0.24009400 -0.04895236 1.00000000
0.06914411 0.21440000 0.07711565 -0.95707395 0.28638200 0.04467506 1.00000000
0.06903722 0.21440000 0.07652524 -0.99358053 0.08121320 0.07874994 1.00000000
0.06880479 0.21570000 0.07636407 -0.94739439 0.28263900 0.15019775 1.00000000
0.06921536 0.21480000 0.07750925 -0.84554889 0.53250500 -0.03854723 1.00000000
0.06925099 0.21440000 0.07770605 -0.85946024 0.50784000 -0.05854077 1.00000000
0.06935788 0.21470000 0.07829645 -0.75208477 0.65888400 -0.01553259 1.00000000
0.06925099 0.21500000 0.07770605 -0.80775361 0.58946900 -0.00771521 1.00000000
0.06956317 0.21080000 0.07886904 -0.89255361 0.43564200 -0.11646989 1.00000000
0.06970653 0.21170000 0.07853821 -0.89764514 0.43817200 -0.04730342 1.00000000
0.07033172 0.21470000 0.07974615 -0.68244187 0.71811800 0.13630610 1.00000000
0.06992963 0.21480000 0.07920919 -0.69614364 0.71106500 0.09884531 1.00000000
0.07001871 0.21480000 0.07970120 -0.67578827 0.73165500 0.08939679 1.00000000
0.07003652 0.21500000 0.07979960 -0.65846018 0.75258700 0.00651602 1.00000000
0.07096624 0.21470000 0.08044428 -0.69236428 0.72148600 0.00941943 1.00000000
0.07073381 0.21470000 0.08028311 -0.69917582 0.71351000 0.04535809 1.00000000
0.07082289 0.21480000 0.08077511 -0.66386976 0.74122400 -0.09931722 1.00000000
0.07038517 0.21480000 0.08004135 -0.67772576 0.73447400 0.03514715 1.00000000
0.07072449 0.21470000 0.08079293 -0.64830208 0.75018500 0.13010159 1.00000000
0.06941133 0.21120000 0.07859165 -0.91229680 0.39975700 -0.08893318 1.00000000
0.06946477 0.21150000 0.07888685 -0.85836658 0.50384100 -0.09669900 1.00000000
0.06951822 0.21470000 0.07918205 -0.65273470 0.75429600 0.07053501 1.00000000
0.07208009 0.20880000 0.08603529 -0.72772466 0.59775000 0.33632211 1.00000000
0.07147188 0.20880000 0.08604377 -0.69170458 0.52887800 0.49176470 1.00000000
0.07217766 0.21050000 0.08713550 -0.76547700 0.53230700 0.36151767 1.00000000
0.07113172 0.20970000 0.08641023 -0.85376873 0.51313500 -0.08815950 1.00000000
0.07130987 0.21020000 0.08739424 -0.71627482 0.57413600 0.39663513 1.00000000
0.07152532 0.21060000 0.08633898 -0.52539858 0.68600900 0.50333764 1.00000000
0.07159658 0.21060000 0.08673258 -0.59192567 0.64545800 0.48270937 1.00000000
0.07152532 0.21120000 0.08633898 -0.45115121 0.71994300 0.52739439 1.00000000
0.07135482 0.21110000 0.08708122 -0.63516503 0.59757800 0.48935166 1.00000000
0.07170347 0.21090000 0.08732298 -0.67636882 0.57344400 0.46226375 1.00000000
0.07244488 0.21090000 0.08861151 -0.94918609 0.31333000 -0.02948951 1.00000000
0.07160423 0.21020000 0.08845883 -0.80990816 0.51950400 0.27233136 1.00000000
0.07155927 0.21000000 0.08877184 -0.84894854 0.49790500 0.17713628 1.00000000
0.07171196 0.21050000 0.08793120 -0.84679171 0.48309200 0.22263384 1.00000000
0.07181036 0.21080000 0.08791338 -0.96516479 0.24809800 -0.08309137 1.00000000
0.07184599 0.21090000 0.08811018 -0.96516479 0.24809800 -0.08309137 1.00000000
0.07156860 0.21060000 0.08826203 -0.84679171 0.48309200 0.22263384 1.00000000
0.07150583 0.21060000 0.08847664 -0.97439518 0.20800500 -0.08537451 1.00000000
0.07195288 0.21060000 0.08870058 -0.97439518 0.20800500 -0.08537451 1.00000000
0.07197918 0.21000000 0.08940720 -0.85367884 0.49335000 0.16684921 1.00000000
0.07025544 0.21060000 0.08606075 -0.52430317 0.59426300 0.60988284 1.00000000
0.07317266 0.21180000 0.08421147 -0.29769581 0.78024100 0.55009261 1.00000000
0.07331602 0.21230000 0.08388064 -0.28932562 0.72479300 0.62527309 1.00000000
0.07237697 0.21140000 0.08374577 -0.32381453 0.78282600 0.53134473 1.00000000
0.07160758 0.21180000 0.08398669 -0.26061228 0.79573600 0.54670403 1.00000000
0.07116902 0.21260000 0.08437097 -0.12869939 0.80423900 0.58020278 1.00000000
0.07175942 0.21320000 0.08426408 -0.28704263 0.73587700 0.61326327 1.00000000
0.06929942 0.21240000 0.08470945 -0.02684269 0.77370700 0.63297532 1.00000000
0.07278755 0.21180000 0.08489095 -0.32763417 0.78295000 0.52881574 1.00000000
0.07241176 0.21200000 0.08506061 -0.33479585 0.77828400 0.53121191 1.00000000
0.07275192 0.21200000 0.08469415 -0.34593063 0.76475300 0.54358549 1.00000000
0.07349333 0.21200000 0.08598268 -0.35490271 0.77970100 0.51585832 1.00000000
0.07246520 0.21300000 0.08535581 -0.34934069 0.73461300 0.58164073 1.00000000
0.07270696 0.21380000 0.08500716 -0.48833137 0.70740100 0.51099567 1.00000000
0.07246520 0.21390000 0.08535581 -0.30396120 0.71755700 0.62667381 1.00000000
0.07281385 0.21390000 0.08559757 -0.51208340 0.71372200 0.47788237 1.00000000
0.07351114 0.21330000 0.08608108 -0.29685318 0.74353600 0.59919293 1.00000000
0.07319813 0.21390000 0.08603612 -0.30642825 0.73481300 0.60510427 1.00000000
0.07290292 0.21360000 0.08608957 -0.39476839 0.71453700 0.57757661 1.00000000
0.07219714 0.21150000 0.08499784 -0.36845560 0.75996600 0.53543694 1.00000000
0.07175010 0.21150000 0.08477390 -0.28670552 0.78444600 0.54994942 1.00000000
0.07178489 0.21120000 0.08608873 -0.43093308 0.73534200 0.52303686 1.00000000
0.07217000 0.21240000 0.08540925 -0.34926694 0.75972000 0.54848624 1.00000000
0.07237529 0.21260000 0.08598184 -0.38305269 0.75226100 0.53607357 1.00000000
0.07202665 0.21260000 0.08574008 -0.37134339 0.74968400 0.54779406 1.00000000
0.07187480 0.21230000 0.08546270 -0.32386669 0.77412600 0.54391104 1.00000000
0.07173145 0.21210000 0.08579353 -0.32386669 0.77412600 0.54391104 1.00000000
0.07218698 0.21120000 0.08662569 -0.50268798 0.70840800 0.49544147 1.00000000
0.07189178 0.21150000 0.08667913 -0.49434280 0.70829200 0.50393261 1.00000000
0.07194522 0.21140000 0.08697433 -0.54048882 0.68490900 0.48864288 1.00000000
0.07233034 0.21210000 0.08629486 -0.45161503 0.72777100 0.51613186 1.00000000
0.07216151 0.21290000 0.08480104 -0.32541493 0.73060200 0.60027142 1.00000000
0.07200967 0.21300000 0.08452365 -0.31866510 0.73135900 0.60296503 1.00000000
0.07232185 0.21320000 0.08568664 -0.36072770 0.73225300 0.57765048 1.00000000
0.07306410 0.21470000 0.08585714 -0.55870955 0.71020100 0.42832095 1.00000000
0.07316250 0.21510000 0.08583932 -0.54729338 0.69910000 0.46014017 1.00000000
0.07279604 0.21440000 0.08549916 -0.53260942 0.70308300 0.47117069 1.00000000
0.07078307 0.21140000 0.08616848 -0.22850654 0.80892200 0.54169226 1.00000000
0.07043443 0.21150000 0.08592672 -0.08683837 0.82100700 0.56427450 1.00000000
0.04544660 0.20430000 0.08262546 -0.19834704 0.29580600 -0.93442926 0.00000000
0.04506232 0.20410000 0.08218690 -0.19590403 0.29582600 -0.93493761 0.00000000
0.04476712 0.20430000 0.08224035 -0.19590403 0.29582600 -0.93493761 0.00000000
0.04445410 0.20430000 0.08219539 -0.20236945 0.32214600 -0.92480675 0.00000000
0.04264727 0.20280000 0.08231926 -0.12147262 0.35546300 -0.92676371 0.00000000
0.04343447 0.20370000 0.08217674 -0.19835279 0.35136500 -0.91498622 0.00000000
0.04386370 0.20350000 0.08230228 -0.22632431 0.37318400 -0.89972805 0.00000000
0.04348792 0.20430000 0.08247194 -0.22416760 0.36365400 -0.90415915 0.00000000
0.04323767 0.20340000 0.08221237 -0.17575948 0.34709500 -0.92121279 0.00000000
0.04287121 0.20370000 0.08187221 -0.16220389 0.36372800 -0.91727470 0.00000000
0.04327330 0.20370000 0.08240917 -0.19837178 0.35221300 -0.91465554 0.00000000
0.04259382 0.20320000 0.08202406 -0.11883031 0.35400300 -0.92766383 0.00000000
0.04270071 0.20440000 0.08261446 -0.14980778 0.32597100 -0.93343455 0.00000000
0.04144016 0.20220000 0.08182642 -0.12234578 0.37443700 -0.91914529 0.00000000
0.04134176 0.20310000 0.08184424 -0.12015604 0.36896000 -0.92164538 0.00000000
0.04229862 0.20290000 0.08207750 -0.11900545 0.35314200 -0.92797054 0.00000000
0.04209250 0.20250000 0.08262295 -0.12158476 0.35318500 -0.92761942 0.00000000
0.04200342 0.20290000 0.08213095 -0.11900545 0.35314200 -0.92797054 0.00000000
0.04211031 0.20280000 0.08272135 -0.11405470 0.34847400 -0.93035363 0.00000000
0.04100160 0.20230000 0.08221070 -0.14426091 0.39698400 -0.90641754 0.00000000
0.04169040 0.20280000 0.08208599 -0.12349056 0.36179400 -0.92404269 0.00000000
0.04110000 0.20250000 0.08219288 -0.14426091 0.39698400 -0.90641754 0.00000000
0.04240551 0.20440000 0.08266791 -0.10840011 0.29252200 -0.95009478 0.00000000
0.04609044 0.20400000 0.08281377 -0.20311737 0.30391300 -0.93079530 0.00000000
0.03804110 0.20140000 0.08213693 -0.13544140 0.08197500 -0.98738796 0.00000000
0.03786212 0.20140000 0.08227096 -0.13544140 0.08197500 -0.98738796 0.00000000
0.03973172 0.20220000 0.08193247 -0.13561069 0.27700300 -0.95125175 0.00000000
0.03957055 0.20230000 0.08216490 -0.12945564 0.25595900 -0.95797989 0.00000000
0.03941871 0.20220000 0.08188752 -0.12772973 0.24488900 -0.96110028 0.00000000
0.03981231 0.20250000 0.08181626 -0.14690446 0.33055600 -0.93228336 0.00000000
0.04070640 0.20200000 0.08226414 -0.14582702 0.37821000 -0.91416142 0.00000000
0.04041120 0.20200000 0.08231759 -0.15160202 0.37024900 -0.91647868 0.00000000
0.04042902 0.20220000 0.08241599 -0.14822921 0.38043700 -0.91285050 0.00000000
0.04091169 0.20460000 0.08283673 -0.12829138 0.36865400 -0.92067151 0.00000000
0.04092951 0.20400000 0.08293513 -0.12033054 0.36806200 -0.92198168 0.00000000
0.03922191 0.20190000 0.08192315 -0.12948418 0.22145100 -0.96653669 0.00000000
0.03864932 0.20200000 0.08212844 -0.15030700 0.19831300 -0.96854526 0.00000000
0.03745070 0.20110000 0.08224381 -0.15008456 0.10435900 -0.98314950 0.00000000
0.03766532 0.20140000 0.08230659 -0.13760510 0.08198240 -0.98708872 0.00000000
0.03737012 0.20140000 0.08236003 -0.15008456 0.10435900 -0.98314950 0.00000000
0.03715550 0.20100000 0.08229726 -0.11827826 -0.02862860 -0.99256741 0.00000000
0.03715550 0.20130000 0.08229726 -0.17331538 0.13310000 -0.97583089 0.00000000
0.03705710 0.20140000 0.08231507 -0.17331538 0.13310000 -0.97583089 0.00000000
0.03623427 0.20070000 0.08226079 -0.10040824 -0.17424600 -0.97957001 0.00000000
0.03662787 0.20100000 0.08218953 -0.08953817 -0.17896600 -0.97977274 0.00000000
0.03662787 0.20130000 0.08218953 -0.16672355 0.04864380 -0.98480274 0.00000000
0.03658291 0.20130000 0.08250255 -0.16672355 0.04864380 -0.98480274 0.00000000
0.03621645 0.20110000 0.08216239 -0.08605434 -0.19013600 -0.97797869 0.00000000
0.03626990 0.20130000 0.08245759 -0.08605434 -0.19013600 -0.97797869 0.00000000
0.03569731 0.19980000 0.08266288 -0.22941040 -0.00102634 -0.97332963 0.00000000
0.03558109 0.19960000 0.08258230 -0.23162203 -0.00309134 -0.97280118 0.00000000
0.03563454 0.19960000 0.08287750 -0.23162203 -0.00309134 -0.97280118 0.00000000
0.03525026 0.19930000 0.08243894 -0.25309234 -0.00315190 -0.96743747 0.00000000
0.03528589 0.19950000 0.08263574 -0.24012540 0.00103849 -0.97074136 0.00000000
0.03593907 0.20040000 0.08231424 -0.12226474 -0.14738200 -0.98149409 0.00000000
0.03569731 0.20010000 0.08266288 -0.18499978 -0.05933060 -0.98094616 0.00000000
0.03593907 0.20070000 0.08231424 -0.12226474 -0.14738200 -0.98149409 0.00000000
0.03564386 0.20050000 0.08236768 -0.15249825 -0.09936420 -0.98329585 0.00000000
0.03603747 0.20100000 0.08229642 -0.10040824 -0.17424600 -0.97957001 0.00000000
0.03584067 0.20100000 0.08233205 -0.12226474 -0.14738200 -0.98149409 0.00000000
0.03612654 0.20130000 0.08278842 -0.08605434 -0.19013600 -0.97797869 0.00000000
0.03558109 0.20100000 0.08258230 -0.15249825 -0.09936420 -0.98329585 0.00000000
0.03538429 0.20100000 0.08261793 -0.18499978 -0.05933060 -0.98094616 0.00000000
0.03455213 0.20070000 0.08307346 -0.25812341 -0.01169940 -0.96604085 0.00000000
0.03510691 0.20080000 0.08276977 -0.22941040 -0.00102634 -0.97332963 0.00000000
0.03489229 0.20080000 0.08270700 -0.23162203 -0.00309134 -0.97280118 0.00000000
0.03396173 0.19930000 0.08318035 -0.27857150 -0.01409980 -0.96031242 0.00000000
0.03372930 0.19950000 0.08301918 -0.27857150 -0.01409980 -0.96031242 0.00000000
0.03376493 0.19980000 0.08321598 -0.27857150 -0.01409980 -0.96031242 0.00000000
0.03437315 0.19950000 0.08320749 -0.26892621 -0.00534720 -0.96314604 0.00000000
0.03460558 0.19980000 0.08336866 -0.26892621 -0.00534720 -0.96314604 0.00000000
0.03440878 0.19980000 0.08340429 -0.26892621 -0.00534720 -0.96314604 0.00000000
0.03397955 0.19950000 0.08327875 -0.27857150 -0.01409980 -0.96031242 0.00000000
0.03397955 0.19980000 0.08327875 -0.27857150 -0.01409980 -0.96031242 0.00000000
0.03396173 0.20010000 0.08318035 -0.26892621 -0.00534720 -0.96314604 0.00000000
0.03376493 0.20050000 0.08321598 -0.27857150 -0.01409980 -0.96031242 0.00000000
0.03456995 0.20010000 0.08317186 -0.25812341 -0.01169940 -0.96604085 0.00000000
0.03427475 0.20010000 0.08322531 -0.26892621 -0.00534720 -0.96314604 0.00000000
0.08560506 0.21710000 0.08439967 0.21889395 -0.36198200 0.90612103 0.00000000
0.08428174 0.21740000 0.08382624 0.17003128 -0.42773100 0.88777030 0.00000000
0.08438014 0.21750000 0.08380843 0.17298597 -0.42343000 0.88925975 0.00000000
0.08408494 0.21750000 0.08386187 0.16674994 -0.43616800 0.88428105 0.00000000
0.08406712 0.21740000 0.08376347 0.16674994 -0.43616800 0.88428105 0.00000000
0.08363789 0.21750000 0.08363793 0.16511639 -0.45510100 0.87499655 0.00000000
0.08512238 0.21740000 0.08397892 0.20540987 -0.36725200 0.90715676 0.00000000
0.08472878 0.21740000 0.08405018 0.18385103 -0.41786600 0.88971138 0.00000000
0.08334269 0.21750000 0.08369137 0.16223801 -0.45826900 0.87388149 0.00000000
0.08312807 0.21720000 0.08362860 0.16077374 -0.47409600 0.86566999 0.00000000
0.08304749 0.21740000 0.08374482 0.16077374 -0.47409600 0.86566999 0.00000000
0.08273447 0.21710000 0.08369986 0.16016911 -0.48043300 0.86228252 0.00000000
0.08279724 0.21720000 0.08348525 0.16077374 -0.47409600 0.86566999 0.00000000
0.08226028 0.21680000 0.08388734 0.15641027 -0.49196900 0.85644782 0.00000000
0.08245709 0.21710000 0.08385171 0.15703895 -0.48564200 0.85993561 0.00000000
0.08245709 0.21740000 0.08385171 0.15703895 -0.48564200 0.85993561 0.00000000
0.08226028 0.21710000 0.08388734 0.15703895 -0.48564200 0.85993561 0.00000000
0.08190231 0.21690000 0.08415540 0.15609181 -0.49513200 0.85468129 0.00000000
0.08205416 0.21740000 0.08443278 0.15703895 -0.48564200 0.85993561 0.00000000
0.08170551 0.21630000 0.08419103 0.14168178 -0.50609800 0.85075969 0.00000000
0.08125847 0.21660000 0.08396709 0.12867018 -0.52555500 0.84097313 0.00000000
0.08137468 0.21660000 0.08404767 0.13867219 -0.50926500 0.84936452 0.00000000
0.08071302 0.21680000 0.08376096 0.12368925 -0.58763400 0.79961693 0.00000000
0.08102604 0.21680000 0.08380592 0.12639240 -0.54469500 0.82905528 0.00000000
0.08061462 0.21710000 0.08377877 0.12368925 -0.58763400 0.79961693 0.00000000
0.08028379 0.21710000 0.08363542 0.13102772 -0.59442300 0.79340624 0.00000000
0.08605294 0.21810000 0.08350557 0.24657191 -0.33415500 0.90969338 0.00000000
0.08637529 0.21910000 0.08304071 0.25216380 -0.32613000 0.91107225 0.00000000
0.08598168 0.21860000 0.08311197 0.25216380 -0.32613000 0.91107225 0.00000000
0.08603513 0.21860000 0.08340717 0.25216380 -0.32613000 0.91107225 0.00000000
0.08595454 0.21840000 0.08352339 0.24657191 -0.33415500 0.90969338 0.00000000
0.08614285 0.21890000 0.08287954 0.25216380 -0.32613000 0.91107225 0.00000000
0.08599950 0.21890000 0.08321037 0.25249098 -0.31743700 0.91404756 0.00000000
0.08564153 0.21890000 0.08347843 0.24085954 -0.34533400 0.90704568 0.00000000
0.08608857 0.21770000 0.08370238 0.24085954 -0.34533400 0.90704568 0.00000000
0.08590959 0.21770000 0.08383641 0.24085954 -0.34533400 0.90704568 0.00000000
0.08549817 0.21770000 0.08380926 0.21889395 -0.36198200 0.90612103 0.00000000
0.08551599 0.21800000 0.08390766 0.21889395 -0.36198200 0.90612103 0.00000000
0.08589177 0.21810000 0.08373801 0.24085954 -0.34533400 0.90704568 0.00000000
0.08531918 0.21770000 0.08394329 0.20540987 -0.36725200 0.90715676 0.00000000
0.08531918 0.21800000 0.08394329 0.20540987 -0.36725200 0.90715676 0.00000000
0.08569497 0.21840000 0.08377363 0.24085954 -0.34533400 0.90704568 0.00000000
0.08539977 0.21840000 0.08382708 0.21889395 -0.36198200 0.90612103 0.00000000
0.08520297 0.21840000 0.08386271 0.20540987 -0.36725200 0.90715676 0.00000000
0.08639310 0.21920000 0.08313911 0.25216380 -0.32613000 0.91107225 0.00000000
0.08428174 0.21780000 0.08382624 0.17298597 -0.42343000 0.88925975 0.00000000
0.08505112 0.21890000 0.08358532 0.20540987 -0.36725200 0.90715676 0.00000000
0.08408494 0.21780000 0.08386187 0.17003128 -0.42773100 0.88777030 0.00000000
0.08367352 0.21770000 0.08383473 0.16674994 -0.43616800 0.88428105 0.00000000
0.08369133 0.21780000 0.08393313 0.16674994 -0.43616800 0.88428105 0.00000000
0.08347672 0.21770000 0.08387036 0.16503403 -0.45617200 0.87445455 0.00000000
0.08490777 0.21770000 0.08391615 0.19327276 -0.39532400 0.89797815 0.00000000
0.08490777 0.21810000 0.08391615 0.19681065 -0.38041500 0.90363131 0.00000000
0.08496121 0.21830000 0.08421135 0.20540987 -0.36725200 0.90715676 0.00000000
0.08471097 0.21770000 0.08395178 0.18708716 -0.40930600 0.89301064 0.00000000
0.08490777 0.21880000 0.08391615 0.20540987 -0.36725200 0.90715676 0.00000000
0.08349453 0.21780000 0.08396876 0.16511639 -0.45510100 0.87499655 0.00000000
0.08304749 0.21770000 0.08374482 0.16077374 -0.47409600 0.86566999 0.00000000
0.07791369 0.21530000 0.08345476 -0.24592767 0.32704600 0.91244757 0.00000000
0.07779748 0.21540000 0.08337417 -0.24282444 0.31894500 0.91613878 0.00000000
0.07736825 0.21540000 0.08324863 -0.22696178 0.34237800 0.91173746 0.00000000
0.07697464 0.21560000 0.08331989 -0.18795541 0.49530600 0.84814122 0.00000000
0.07750228 0.21600000 0.08342762 -0.23913845 0.31572600 0.91822144 0.00000000
0.07384448 0.21320000 0.08287033 -0.46584497 0.71887300 0.51595610 0.00000000
0.07550880 0.21560000 0.08195926 -0.26738412 0.55774500 0.78576555 0.00000000
0.07550880 0.21590000 0.08195926 -0.25514097 0.53246100 0.80708651 0.00000000
0.07523142 0.21540000 0.08211111 -0.28045258 0.56306300 0.77737140 0.00000000
0.07546385 0.21570000 0.08227228 -0.25506261 0.57100600 0.78031734 0.00000000
0.07513301 0.21590000 0.08212892 -0.27592159 0.51767600 0.80986397 0.00000000
0.07628584 0.21500000 0.08344460 -0.21076694 0.62791000 0.74920341 0.00000000
0.07640289 0.21530000 0.08240715 -0.26609490 0.50915800 0.81850560 0.00000000
0.07650129 0.21560000 0.08238933 -0.28333447 0.44921000 0.84730855 0.00000000
0.07607206 0.21530000 0.08226379 -0.28919655 0.50511800 0.81315554 0.00000000
0.07607206 0.21560000 0.08226379 -0.29449319 0.49753600 0.81592341 0.00000000
0.07563351 0.21480000 0.08264807 -0.26736304 0.61380500 0.74280559 0.00000000
0.07528486 0.21500000 0.08240631 -0.28610932 0.59144600 0.75387834 0.00000000
0.07593720 0.21500000 0.08320284 -0.22245264 0.60668600 0.76318181 0.00000000
0.07599064 0.21500000 0.08349804 -0.21822082 0.62594800 0.74871144 0.00000000
0.07548082 0.21560000 0.08348871 -0.21327920 0.58352200 0.78359003 0.00000000
0.07478437 0.21540000 0.08188717 -0.32347163 0.55193400 0.76859276 0.00000000
0.07350516 0.21500000 0.08211876 -0.47149570 0.59075300 0.65475403 0.00000000
0.07879929 0.21590000 0.08329442 0.01682534 -0.64005300 0.76814617 0.00000000
0.07850409 0.21560000 0.08334787 -0.21997920 0.15774100 0.96266620 0.00000000
0.07873652 0.21590000 0.08350904 -0.00180636 -0.59388900 0.80454463 0.00000000
0.08006917 0.21620000 0.08357265 0.11535882 -0.69724200 0.70749232 0.00000000
0.07979179 0.21620000 0.08372449 0.11535882 -0.69724200 0.70749232 0.00000000
0.07998859 0.21650000 0.08368886 0.11704330 -0.68726500 0.71691496 0.00000000
0.07977397 0.21600000 0.08362609 0.11535882 -0.69724200 0.70749232 0.00000000
0.07969339 0.21600000 0.08374231 0.11810131 -0.69726400 0.70701817 0.00000000
0.07938037 0.21600000 0.08369735 0.11260834 -0.72763400 0.67665910 0.00000000
0.07979179 0.21650000 0.08372449 0.11535882 -0.69724200 0.70749232 0.00000000
0.07939819 0.21650000 0.08379575 0.11840265 -0.71123700 0.69290878 0.00000000
0.07943382 0.21680000 0.08399255 0.11810131 -0.69726400 0.70701817 0.00000000
0.07914794 0.21600000 0.08353618 0.11920964 -0.74991800 0.65070186 0.00000000
0.07939819 0.21620000 0.08379575 0.11539084 -0.72757200 0.67625696 0.00000000
0.07910298 0.21620000 0.08384920 0.10986699 -0.72761200 0.67713406 0.00000000
0.07920138 0.21650000 0.08383138 0.11260834 -0.72763400 0.67665910 0.00000000
0.07880778 0.21620000 0.08390264 0.06487434 -0.68809200 0.72271660 0.00000000
0.07840569 0.21560000 0.08336568 -0.21707187 0.11491800 0.96936746 0.00000000
0.07845914 0.21590000 0.08366089 -0.21204123 0.05161820 0.97589670 0.00000000
0.07826234 0.21570000 0.08369651 -0.22725127 0.15820500 0.96089945 0.00000000
0.07781529 0.21560000 0.08347257 -0.23327787 0.26951600 0.93431380 0.00000000
0.07800277 0.21590000 0.08394676 -0.22507516 0.12103400 0.96679509 0.00000000
0.07855754 0.21620000 0.08364307 -0.19323078 -0.10495300 0.97552368 0.00000000
0.07826234 0.21600000 0.08369651 -0.24606965 0.28516600 0.92635330 0.00000000
0.07851258 0.21620000 0.08395609 -0.10100848 -0.37386200 0.92196770 0.00000000
0.07856603 0.21620000 0.08425129 -0.09278560 -0.38594600 0.91784384 0.00000000
0.07760916 0.21620000 0.08401802 -0.20731525 0.44183900 0.87281077 0.00000000
0.07637492 0.21510000 0.08393660 -0.19715816 0.63846300 0.74397235 0.00000000
0.07614248 0.21500000 0.08377543 -0.19890158 0.63102600 0.74982963 0.00000000
0.07290544 0.21380000 0.08273547 -0.53864849 0.66792700 0.51354843 0.00000000
0.07286981 0.21420000 0.08253867 -0.54098209 0.64785600 0.53630315 0.00000000
0.07257461 0.21350000 0.08259211 -0.51868227 0.69485700 0.49813898 0.00000000
0.07203849 0.21390000 0.08187617 -0.52877429 0.63141100 0.56720161 0.00000000
0.07207411 0.21440000 0.08207297 -0.76502824 0.61378100 0.19494659 0.00000000
0.07236932 0.21420000 0.08201952 -0.76009416 0.60634900 0.23366230 0.00000000
0.07321845 0.21360000 0.08278042 -0.49452984 0.68786400 0.53130276 0.00000000
0.07321845 0.21440000 0.08278042 -0.51226517 0.63695100 0.57608768 0.00000000
0.07352214 0.21420000 0.08333519 -0.43976359 0.66755700 0.60081314 0.00000000
0.07295888 0.21390000 0.08303067 -0.48504398 0.67624600 0.55445827 0.00000000
0.07228789 0.21320000 0.08325377 -0.28814302 0.63979000 0.71249058 0.00000000
0.07203765 0.21420000 0.08299420 -0.46397789 0.69181800 0.55327444 0.00000000
0.07049038 0.21270000 0.08286782 -0.00081069 0.99001900 0.14093386 0.00000000
0.07143959 0.21440000 0.08137484 -0.62585737 0.67074200 0.39800530 0.00000000
0.07168051 0.21440000 0.08214423 -0.82282150 0.56791300 -0.02096178 0.00000000
0.07103667 0.21410000 0.08195591 -0.49237306 0.74638700 0.44774490 0.00000000
0.07178740 0.21390000 0.08273463 -0.53025622 0.71918100 0.44900693 0.00000000
0.07119700 0.21410000 0.08284152 -0.29970278 0.76512800 0.56987459 0.00000000
0.07069651 0.21350000 0.08232238 -0.33646459 0.91495700 0.22281190 0.00000000
0.07050820 0.21300000 0.08296622 -0.09959532 0.97196300 0.21300102 0.00000000
0.07053534 0.21320000 0.08255481 -0.20178694 0.96667600 0.15754218 0.00000000
0.07040131 0.21350000 0.08237582 -0.26136235 0.95356500 0.14967562 0.00000000
0.07060660 0.21330000 0.08294841 -0.20398748 0.92176500 0.32975601 0.00000000
0.07060660 0.21350000 0.08294841 -0.19743540 0.89730600 0.39479312 0.00000000
0.07070584 0.21360000 0.08181256 -0.43719506 0.87769400 0.19624899 0.00000000
0.07075928 0.21360000 0.08210776 -0.39785170 0.89097200 0.21882008 0.00000000
0.07069651 0.21360000 0.08232238 -0.36085967 0.89978600 0.24528839 0.00000000
0.07066088 0.21390000 0.08212557 -0.42759883 0.86079600 0.27602354 0.00000000
0.07084919 0.21410000 0.08148173 -0.54861505 0.77315800 0.31819399 0.00000000
0.07074147 0.21410000 0.08200936 -0.48358547 0.82969600 0.27883546 0.00000000
0.07074995 0.21390000 0.08261758 -0.33965680 0.86549500 0.36817284 0.00000000
0.07090180 0.21380000 0.08289496 -0.25709501 0.79780200 0.54535688 0.00000000
0.07104516 0.21410000 0.08256413 -0.29388453 0.69711600 0.65395710 0.00000000
0.07144725 0.21330000 0.08310109 -0.28445659 0.71852900 0.63466492 0.00000000
0.07174245 0.21410000 0.08304764 -0.40577695 0.70889000 0.57690604 0.00000000
0.07340676 0.21470000 0.08213658 -0.51263921 0.60890600 0.60533822 0.00000000
0.07354928 0.21450000 0.08292378 -0.42370417 0.63641500 0.64455489 0.00000000
0.07109011 0.21470000 0.08225112 -0.69762511 0.71620400 -0.01926826 0.00000000
0.07134036 0.21440000 0.08251069 -0.54224441 0.75445700 0.36981787 0.00000000
0.06745014 0.21290000 0.08179223 -0.15693290 0.90433000 -0.39693617 0.00000000
0.06738736 0.21390000 0.08200685 -0.14084333 0.89771300 -0.41746286 0.00000000
0.07021300 0.21260000 0.08301967 0.04344192 0.98850200 0.14482964 0.00000000
0.06975662 0.21230000 0.08330554 -0.01670649 0.95205800 0.30546153 0.00000000
0.06942579 0.21240000 0.08316219 0.02137508 0.99038200 0.13669976 0.00000000
0.06961411 0.21300000 0.08251834 0.06824688 0.99599200 -0.05780974 0.00000000
0.06977528 0.21350000 0.08228591 -0.05654490 0.99837500 0.00708294 0.00000000
0.06948008 0.21350000 0.08233935 0.08715441 0.99567500 -0.03218742 0.00000000
0.07014174 0.21320000 0.08262607 -0.04729236 0.99706800 0.06015900 0.00000000
0.07007048 0.21380000 0.08223246 -0.24073120 0.96772200 0.07458737 0.00000000
0.06975746 0.21380000 0.08218751 -0.15705387 0.98575700 0.06014321 0.00000000
0.06946226 0.21380000 0.08224095 0.00643872 0.99961900 -0.02684487 0.00000000
0.06926546 0.21320000 0.08227658 0.10181277 0.99324100 -0.05573364 0.00000000
0.06897026 0.21320000 0.08233003 0.07514992 0.99126500 -0.10837639 0.00000000
0.06931890 0.21330000 0.08257178 0.11307069 0.99111200 -0.07008215 0.00000000
0.06887186 0.21290000 0.08234784 0.06810045 0.98613100 -0.15135006 0.00000000
0.06887186 0.21350000 0.08234784 0.11209542 0.98637500 -0.12041465 0.00000000
0.06867506 0.21320000 0.08238347 0.05251042 0.97898400 -0.19705991 0.00000000
0.06930958 0.21320000 0.08308160 0.14017060 0.99011100 0.00567152 0.00000000
0.06906782 0.21290000 0.08343025 0.16159757 0.98139900 0.10364150 0.00000000
0.06928328 0.21360000 0.08237498 0.13874027 0.98844100 -0.06111796 0.00000000
0.06967604 0.21320000 0.08342176 0.13048848 0.96997600 0.20523162 0.00000000
0.06798626 0.21260000 0.08250818 -0.06549886 0.93269100 -0.35467906 0.00000000
0.06754770 0.21180000 0.08289245 -0.17640401 0.17858500 -0.96798211 0.00000000
0.06778945 0.21260000 0.08254381 -0.14999243 0.83996500 -0.52149815 0.00000000
0.06857666 0.21290000 0.08240129 0.05558812 0.97485900 -0.21577762 0.00000000
0.06828146 0.21300000 0.08245473 0.04699272 0.96321300 -0.26460035 0.00000000
0.06798626 0.21300000 0.08250818 -0.01449532 0.93668000 -0.34988559 0.00000000
0.06813810 0.21330000 0.08278556 0.07379857 0.93191600 -0.35508520 0.00000000
0.06753921 0.21350000 0.08228423 -0.12562918 0.85625800 -0.50103814 0.00000000
0.06725250 0.21330000 0.08294590 -0.07360510 0.72313300 -0.68677529 0.00000000
0.06784290 0.21380000 0.08283901 -0.00987503 0.85172700 -0.52389319 0.00000000
0.06759265 0.21360000 0.08257944 -0.10798765 0.78949900 -0.60417681 0.00000000
0.06754770 0.21380000 0.08289245 -0.09605795 0.75543100 -0.64814846 0.00000000
0.06719905 0.21380000 0.08265069 -0.12736197 0.75004500 -0.64900743 0.00000000
0.06086747 0.21120000 0.08135798 -0.37560499 0.71710400 0.58709595 0.00000000
0.06059009 0.21080000 0.08150982 -0.51170412 0.82629900 0.23535015 0.00000000
0.06029489 0.21080000 0.08156327 -0.53949565 0.82171400 0.18365758 0.00000000
0.06072412 0.21090000 0.08168881 -0.57118025 0.81523700 -0.09561349 0.00000000
0.06655604 0.21260000 0.08134435 -0.18281302 0.84351900 -0.50502977 0.00000000
0.06582228 0.21170000 0.08178207 0.19851139 0.39861500 -0.89537634 0.00000000
0.06594783 0.21240000 0.08135284 0.03039084 0.79284300 -0.60866758 0.00000000
0.06628798 0.21320000 0.08098638 -0.10521014 0.95187500 -0.28786273 0.00000000
0.06473055 0.21240000 0.08248785 0.22258446 0.42014000 -0.87973777 0.00000000
0.06392637 0.21180000 0.08141393 0.00799493 0.88417100 -0.46709513 0.00000000
0.06382797 0.21180000 0.08143175 -0.00003941 0.89737600 -0.44126565 0.00000000
0.06372957 0.21230000 0.08144956 0.37574172 0.16546600 -0.91183293 0.00000000
0.06404175 0.21320000 0.08261255 0.01075096 0.75848000 -0.65160765 0.00000000
0.06633126 0.21260000 0.08290943 0.07892148 0.42164900 -0.90331861 0.00000000
0.06558902 0.21170000 0.08273893 0.27726794 0.23669900 -0.93117944 0.00000000
0.06603606 0.21230000 0.08296287 0.15598478 0.32562400 -0.93254383 0.00000000
0.06616160 0.21260000 0.08253364 0.10022662 0.46089200 -0.88177853 0.00000000
0.06621505 0.21260000 0.08282884 0.08246167 0.42491800 -0.90146870 0.00000000
0.06566960 0.21260000 0.08262272 0.25487299 0.31749000 -0.91336687 0.00000000
0.06537440 0.21240000 0.08267616 0.30415174 0.21796600 -0.92735253 0.00000000
0.06577649 0.21260000 0.08321312 0.16173622 0.45611300 -0.87510056 0.00000000
0.06581212 0.21210000 0.08340992 0.22466703 0.26523600 -0.93764305 0.00000000
0.06626000 0.21300000 0.08251583 -0.01101372 0.67624300 -0.73659581 0.00000000
0.06656369 0.21320000 0.08307060 -0.03910875 0.66016800 -0.75009973 0.00000000
0.06631345 0.21290000 0.08281103 0.03220813 0.57459900 -0.81780071 0.00000000
0.06645681 0.21350000 0.08248020 -0.07439210 0.74911000 -0.65825588 0.00000000
0.06661714 0.21330000 0.08336580 -0.00970749 0.66341200 -0.74819099 0.00000000
0.06651025 0.21380000 0.08277540 -0.08887595 0.74901900 -0.65656048 0.00000000
0.06572305 0.21300000 0.08291792 0.12160517 0.58114100 -0.80466556 0.00000000
0.06527600 0.21200000 0.08269398 0.27041868 0.33613300 -0.90215700 0.00000000
0.06349714 0.21230000 0.08128839 0.37835683 0.14969200 -0.91347609 0.00000000
0.06334446 0.21320000 0.08212904 -0.20303101 0.92973300 -0.30720549 0.00000000
0.06211954 0.21300000 0.08153780 -0.31431047 0.90173000 0.29680479 0.00000000
0.06265566 0.21320000 0.08225374 0.38534569 0.12128900 -0.91476680 0.00000000
0.06126108 0.21170000 0.08128672 -0.35956078 0.85979600 0.36258431 0.00000000
0.06116268 0.21210000 0.08130453 -0.35700149 0.86089600 0.36250206 0.00000000
0.06145788 0.21260000 0.08125109 -0.28340274 0.88572800 0.36765192 0.00000000
0.06172594 0.21260000 0.08160906 -0.29453846 0.88326800 0.36480825 0.00000000
0.06156477 0.21270000 0.08184149 -0.29453846 0.88326800 0.36480825 0.00000000
0.06180652 0.21320000 0.08149285 -0.30398169 0.89317200 0.33141945 0.00000000
0.06111772 0.21300000 0.08161755 -0.30490481 0.88425800 0.35372470 0.00000000
0.06092092 0.21330000 0.08165318 -0.33128986 0.88293700 0.33266935 0.00000000
0.06172510 0.21290000 0.08272709 -0.34934166 0.91304300 0.21050710 0.00000000
0.06117116 0.21350000 0.08191275 -0.29457958 0.88619300 0.35760942 0.00000000
0.06122461 0.21350000 0.08220795 -0.31877558 0.87152600 0.37259157 0.00000000
0.06122461 0.21410000 0.08220795 -0.37224321 0.86867600 0.32685818 0.00000000
0.06003532 0.21060000 0.08181351 -0.54313945 0.82591000 0.15123792 0.00000000
0.06013372 0.21080000 0.08179570 -0.54913840 0.81620600 0.17959636 0.00000000
0.05993692 0.21080000 0.08183133 -0.54313945 0.82591000 0.15123792 0.00000000
0.05974011 0.21060000 0.08186696 -0.56743929 0.81846000 0.09019270 0.00000000
0.05944491 0.21020000 0.08192040 -0.56257682 0.82603800 0.03417589 0.00000000
0.05889947 0.21000000 0.08171428 -0.58315084 0.80982200 0.06421311 0.00000000
0.05940928 0.21060000 0.08172360 -0.55877447 0.82597100 0.07444862 0.00000000
0.05909627 0.21050000 0.08167865 -0.56775714 0.82130900 0.05570596 0.00000000
0.05975793 0.21000000 0.08196536 -0.57757115 0.81471600 0.05147341 0.00000000
0.06014221 0.21060000 0.08240391 -0.54525776 0.81617200 0.19120218 0.00000000
0.06028556 0.21080000 0.08207308 -0.50267930 0.83050400 0.23994997 0.00000000
0.06006162 0.21120000 0.08252013 -0.54215484 0.83258700 0.11343724 0.00000000
0.06041027 0.21110000 0.08276189 -0.46628470 0.83011100 0.30576818 0.00000000
0.06011506 0.21120000 0.08281533 -0.49995947 0.83516000 0.22923605 0.00000000
0.05936433 0.21120000 0.08203662 -0.54787816 0.82520200 0.13737364 0.00000000
0.05972146 0.21120000 0.08288659 -0.49426967 0.83708100 0.23450572 0.00000000
0.05731657 0.20820000 0.08139110 -0.25685347 0.80401900 -0.53626421 0.00000000
0.05702137 0.20910000 0.08144454 -0.28966878 0.78525500 -0.54723469 0.00000000
0.05731657 0.20940000 0.08139110 -0.34864866 0.75287400 -0.55823345 0.00000000
0.05702137 0.20940000 0.08144454 -0.31025487 0.76622800 -0.56270376 0.00000000
0.05727162 0.20940000 0.08170411 -0.32678771 0.76272100 -0.55809168 0.00000000
0.05767371 0.20960000 0.08224107 -0.40584432 0.80417200 -0.43427930 0.00000000
0.05793328 0.21050000 0.08199082 -0.53303813 0.84119100 -0.09092648 0.00000000
0.05822848 0.21080000 0.08193738 -0.54183806 0.83951300 -0.04037413 0.00000000
0.05766522 0.20990000 0.08163285 -0.54711049 0.82285700 -0.15354416 0.00000000
0.05771866 0.21000000 0.08192805 -0.50812972 0.83328200 -0.21782073 0.00000000
0.05732506 0.21000000 0.08199931 -0.39272262 0.81458300 -0.42687649 0.00000000
0.05796891 0.21060000 0.08218762 -0.53642900 0.83798600 -0.10011336 0.00000000
0.05836251 0.21090000 0.08211637 -0.53546431 0.84041200 -0.08358075 0.00000000
0.05737851 0.21020000 0.08229451 -0.40495429 0.80782400 -0.42829106 0.00000000
0.05675247 0.20870000 0.08220460 -0.24161745 0.77003900 -0.59047567 0.00000000
0.05653786 0.20870000 0.08214183 -0.27055767 0.76388700 -0.58589677 0.00000000
0.05662777 0.20940000 0.08151580 -0.27703706 0.78648400 -0.55199110 0.00000000
0.05694079 0.20940000 0.08156076 -0.31025487 0.76622800 -0.56270376 0.00000000
0.05697642 0.20960000 0.08175756 -0.30741341 0.76671000 -0.56360742 0.00000000
0.05644878 0.20940000 0.08164983 -0.25826815 0.79910600 -0.54288814 0.00000000
0.05702137 0.20970000 0.08144454 -0.32242282 0.77884000 -0.53800699 0.00000000
0.05664559 0.20970000 0.08161420 -0.27349511 0.78945600 -0.54950838 0.00000000
0.05702986 0.21000000 0.08205276 -0.31800111 0.74927500 -0.58091509 0.00000000
0.05673466 0.20990000 0.08210620 -0.27839885 0.78273400 -0.55661649 0.00000000
0.05643946 0.20970000 0.08215965 -0.23773762 0.78561500 -0.57121780 0.00000000
0.05650223 0.21020000 0.08194503 -0.28114806 0.79493700 -0.53761679 0.00000000
0.05618921 0.21000000 0.08190008 -0.24856488 0.80235200 -0.54262963 0.00000000
0.05584906 0.20970000 0.08226654 -0.26514023 0.78640700 -0.55791019 0.00000000
0.05525017 0.20870000 0.08176521 -0.30303886 0.75928200 -0.57589733 0.00000000
0.05485656 0.20850000 0.08183647 -0.31368826 0.75245900 -0.57914206 0.00000000
0.05555386 0.20960000 0.08231998 -0.27138439 0.77297700 -0.57346055 0.00000000
0.05500841 0.20960000 0.08211385 -0.29857878 0.75025200 -0.58989276 0.00000000
0.05506185 0.20940000 0.08240905 -0.28610837 0.73795300 -0.61120121 0.00000000
0.05425767 0.20820000 0.08133514 -0.32504549 0.71727600 -0.61632762 0.00000000
0.05450792 0.20870000 0.08159471 -0.31283761 0.74446900 -0.58982956 0.00000000
0.05425767 0.20850000 0.08133514 -0.32151366 0.74595700 -0.58324663 0.00000000
0.05465976 0.20870000 0.08187210 -0.30822936 0.73524100 -0.60366889 0.00000000
0.05396247 0.20820000 0.08138858 -0.31674919 0.71118200 -0.62760702 0.00000000
0.05417709 0.20880000 0.08145135 -0.31502386 0.74683500 -0.58566039 0.00000000
0.05396247 0.20850000 0.08138858 -0.31596122 0.72856600 -0.60775077 0.00000000
0.05431112 0.20900000 0.08163034 -0.31413899 0.73874500 -0.59629921 0.00000000
0.05401592 0.20900000 0.08168379 -0.30717067 0.72546800 -0.61590727 0.00000000
0.05423053 0.20910000 0.08174656 -0.30724624 0.72694600 -0.61412428 0.00000000
0.05403373 0.20930000 0.08178219 -0.29883189 0.68832400 -0.66099099 0.00000000
0.05447145 0.20910000 0.08251594 -0.29051070 0.68184400 -0.67133588 0.00000000
0.05471321 0.20940000 0.08216730 -0.28914106 0.72345200 -0.62690819 0.00000000
0.05441801 0.20940000 0.08222074 -0.29439564 0.71269200 -0.63671192 0.00000000
0.05412281 0.20940000 0.08227419 -0.29364233 0.69802100 -0.65310129 0.00000000
0.05530361 0.20970000 0.08206041 -0.28602786 0.76371700 -0.57872708 0.00000000
0.05419406 0.21000000 0.08266779 -0.29309282 0.70106200 -0.65008291 0.00000000
0.06020498 0.21140000 0.08218930 -0.55811531 0.82737700 0.06288868 0.00000000
0.05981137 0.21120000 0.08226056 -0.50747179 0.83603600 0.20860636 0.00000000
0.06039245 0.21120000 0.08266349 -0.52215738 0.84058400 0.14411708 0.00000000
0.05961457 0.21120000 0.08229619 -0.52010396 0.83497600 0.17974225 0.00000000
0.05922097 0.21120000 0.08236745 -0.53322396 0.83654600 0.12594936 0.00000000
0.05895291 0.21120000 0.08200948 -0.52757621 0.84646100 0.07189007 0.00000000
0.05896140 0.21120000 0.08261769 -0.51704719 0.84970700 0.10324923 0.00000000
0.05863057 0.21120000 0.08247434 -0.52710300 0.84950600 0.02241250 0.00000000
0.05203942 0.20790000 0.08143187 -0.22907075 0.42693200 -0.87478884 0.00000000
0.05184262 0.20760000 0.08146750 -0.20381720 0.39582300 -0.89542279 0.00000000
0.05333644 0.20840000 0.08129867 -0.32217892 0.67883900 -0.65983221 0.00000000
0.05304124 0.20840000 0.08135212 -0.31284596 0.66007000 -0.68296084 0.00000000
0.05331862 0.20880000 0.08120027 -0.30661610 0.69779000 -0.64736020 0.00000000
0.05272822 0.20810000 0.08130716 -0.30690473 0.60964300 -0.73085235 0.00000000
0.04908741 0.20580000 0.08196631 -0.17384218 0.33800100 -0.92495115 0.00000000
0.04934698 0.20630000 0.08171607 -0.19017707 0.31239000 -0.93072345 0.00000000
0.04905178 0.20640000 0.08176951 -0.18786043 0.30793200 -0.93267640 0.00000000
0.05038443 0.20670000 0.08183312 -0.18187259 0.32824500 -0.92691801 0.00000000
0.04824676 0.20550000 0.08181363 -0.15920778 0.33497200 -0.92867990 0.00000000
0.04819332 0.20590000 0.08151843 -0.16691659 0.33040600 -0.92896210 0.00000000
0.04819332 0.20610000 0.08151843 -0.16691659 0.33040600 -0.92896210 0.00000000
0.04776409 0.20550000 0.08139289 -0.16387368 0.33942700 -0.92624777 0.00000000
0.04756729 0.20550000 0.08142852 -0.16381329 0.34022800 -0.92596399 0.00000000
0.04809492 0.20530000 0.08153624 -0.16187939 0.33196200 -0.92929885 0.00000000
0.04745956 0.20550000 0.08195615 -0.15644777 0.33878700 -0.92776495 0.00000000
0.04779972 0.20590000 0.08158969 -0.16187939 0.33196200 -0.92929885 0.00000000
0.04796089 0.20610000 0.08135726 -0.16710446 0.32741000 -0.92998906 0.00000000
0.04789812 0.20560000 0.08157187 -0.16187939 0.33196200 -0.92929885 0.00000000
0.04811273 0.20610000 0.08163464 -0.16691659 0.33040600 -0.92896210 0.00000000
0.04760292 0.20560000 0.08162532 -0.16361175 0.34325500 -0.92488259 0.00000000
0.04762073 0.20580000 0.08172372 -0.16194291 0.33117900 -0.92956682 0.00000000
0.04792442 0.20700000 0.08227849 -0.16420966 0.33419200 -0.92808937 0.00000000
0.04755796 0.20700000 0.08193833 -0.15740406 0.32446400 -0.93270969 0.00000000
0.04821962 0.20730000 0.08222505 -0.16363009 0.30436800 -0.93839548 0.00000000
0.04706596 0.20520000 0.08202741 -0.16154363 0.33720300 -0.92746839 0.00000000
0.04698537 0.20500000 0.08214362 -0.16923053 0.33262400 -0.92775151 0.00000000
0.04736116 0.20560000 0.08197396 -0.15893042 0.33879500 -0.92733987 0.00000000
0.04624313 0.20520000 0.08197313 -0.19822746 0.29879200 -0.93350376 0.00000000
0.04727208 0.20670000 0.08148196 -0.16013612 0.32070500 -0.93354433 0.00000000
0.04654682 0.20730000 0.08252790 -0.17126845 0.33942700 -0.92490898 0.00000000
0.04575961 0.20610000 0.08267042 -0.20373557 0.28524200 -0.93655124 0.00000000
0.04534820 0.20560000 0.08264328 -0.19837500 0.29651300 -0.93419859 0.00000000
0.04505299 0.20530000 0.08269672 -0.19798119 0.30478500 -0.93161644 0.00000000
0.04475779 0.20520000 0.08275017 -0.19834704 0.29580600 -0.93442926 0.00000000
0.04446259 0.20490000 0.08280361 -0.19588174 0.29512300 -0.93516421 0.00000000
0.04416739 0.20520000 0.08285705 -0.21526864 0.31894500 -0.92300292 0.00000000
0.04338019 0.20490000 0.08299957 -0.22673371 0.36359500 -0.90354315 0.00000000
0.05196732 0.20660000 0.08215630 -0.17069289 0.34850000 -0.92163515 0.00000000
0.05152028 0.20670000 0.08193236 -0.17575948 0.34709500 -0.92121279 0.00000000
0.05165431 0.20700000 0.08211134 -0.17308643 0.35014700 -0.92056462 0.00000000
0.05185111 0.20700000 0.08207571 -0.17761409 0.35793100 -0.91670021 0.00000000
0.05231597 0.20670000 0.08239805 -0.19386598 0.38490500 -0.90236565 0.00000000
0.05160086 0.20760000 0.08181614 -0.19188961 0.37550500 -0.90673869 0.00000000
0.05155591 0.20730000 0.08212916 -0.17308643 0.35014700 -0.92056462 0.00000000
0.05132348 0.20670000 0.08196799 -0.17575948 0.34709500 -0.92121279 0.00000000
0.05135911 0.20700000 0.08216479 -0.17346910 0.34406300 -0.92278395 0.00000000
0.05101046 0.20700000 0.08192303 -0.17591316 0.34487200 -0.92201829 0.00000000
0.05106391 0.20700000 0.08221823 -0.17591316 0.34487200 -0.92201829 0.00000000
0.05135911 0.20730000 0.08216479 -0.17331817 0.34628200 -0.92198099 0.00000000
0.05101895 0.20730000 0.08253125 -0.17346910 0.34406300 -0.92278395 0.00000000
0.05366727 0.20820000 0.08144203 -0.31985100 0.67609600 -0.66376890 0.00000000
0.05356887 0.20870000 0.08145984 -0.30844985 0.70497600 -0.63864511 0.00000000
0.05304973 0.20940000 0.08196033 -0.30017230 0.73068700 -0.61318243 0.00000000
0.05372920 0.20940000 0.08234545 -0.29345591 0.68297600 -0.66890023 0.00000000
0.05345182 0.20960000 0.08249729 -0.27785948 0.59158500 -0.75684959 0.00000000
0.05288856 0.20940000 0.08219276 -0.27550537 0.58235900 -0.76482352 0.00000000
0.05284360 0.20940000 0.08250578 -0.25874480 0.49927100 -0.82690955 0.00000000
0.05254840 0.20940000 0.08255923 -0.24135742 0.40444600 -0.88213957 0.00000000
0.05279016 0.21030000 0.08221058 -0.28012618 0.56671500 -0.77483142 0.00000000
0.05251277 0.21020000 0.08236242 -0.25126858 0.43577100 -0.86427311 0.00000000
0.05166280 0.20850000 0.08271956 -0.15934127 0.33274200 -0.92945857 0.00000000
0.05225320 0.20880000 0.08261267 -0.20404123 0.34057700 -0.91781000 0.00000000
0.05082215 0.20870000 0.08256688 -0.17312679 0.34931900 -0.92087134 0.00000000
0.05136760 0.20850000 0.08277300 -0.17312679 0.34931900 -0.92087134 0.00000000
0.05112584 0.20820000 0.08312165 -0.17312679 0.34931900 -0.92087134 0.00000000
0.05087559 0.20850000 0.08286208 -0.17312679 0.34931900 -0.92087134 0.00000000
0.05101895 0.20940000 0.08253125 -0.17178302 0.33118300 -0.92779752 0.00000000
0.05219127 0.21050000 0.08170925 -0.28217262 0.50440600 -0.81605935 0.00000000
0.05131415 0.20970000 0.08247780 -0.17854981 0.34263400 -0.92234582 0.00000000
0.04958790 0.20530000 0.08248545 -0.17609818 0.34183100 -0.92311487 0.00000000
0.04931051 0.20490000 0.08263730 -0.16106768 0.34406300 -0.92502916 0.00000000
0.04925707 0.20790000 0.08234210 -0.19720614 0.32369900 -0.92537975 0.00000000
0.04950731 0.20790000 0.08260167 -0.19095910 0.34584000 -0.91865610 0.00000000
0.04921211 0.20790000 0.08265511 -0.18742145 0.31692300 -0.92974877 0.00000000
0.05074073 0.20780000 0.08380113 -0.17594602 0.34405600 -0.92231722 0.00000000
0.05040057 0.20790000 0.08416759 -0.18103222 0.34262300 -0.92186590 0.00000000
0.04886347 0.20700000 0.08241336 -0.18570408 0.30198400 -0.93505052 0.00000000
0.04837147 0.20720000 0.08250243 -0.16410097 0.29623900 -0.94091083 0.00000000
0.04896187 0.20760000 0.08239554 -0.18786182 0.30866400 -0.93243428 0.00000000
0.04778106 0.20720000 0.08260932 -0.15451899 0.33048700 -0.93107552 0.00000000
0.05049132 0.20820000 0.08242352 -0.17594602 0.34405600 -0.92231722 0.00000000
0.04993655 0.20810000 0.08272721 -0.18101153 0.34343900 -0.92156579 0.00000000
0.04958790 0.20930000 0.08248545 -0.18348381 0.34424500 -0.92077673 0.00000000
0.05059821 0.20970000 0.08301392 -0.17214312 0.32518200 -0.92985122 0.00000000
0.04736965 0.20700000 0.08258218 -0.15747719 0.32369700 -0.93296372 0.00000000
0.04687765 0.20700000 0.08267125 -0.16653429 0.33641500 -0.92687177 0.00000000
0.04722629 0.20730000 0.08291301 -0.15747719 0.32369700 -0.93296372 0.00000000
0.04683269 0.20760000 0.08298427 -0.16187939 0.33196200 -0.92929885 0.00000000
0.04638564 0.20700000 0.08276033 -0.17289148 0.35319700 -0.91943528 0.00000000
0.04490964 0.20530000 0.08302755 -0.19810553 0.30178500 -0.93256649 0.00000000
0.04643909 0.20820000 0.08305553 -0.17088708 0.34547000 -0.92273922 0.00000000
