0.07626539 0.19422900 0.09245280 -0.48505866 -0.85474200 -0.18475597 2.00000000
0.07509637 0.19546600 0.09078160 -0.48967685 -0.82088400 -0.29388029 2.00000000
0.07507338 0.19522600 0.09175727 -0.49426715 -0.82541400 -0.27274721 2.00000000
0.07482216 0.19538800 0.09173013 -0.49211291 -0.82076800 -0.29011180 2.00000000
0.07475756 0.19519700 0.09228597 -0.49866089 -0.82862100 -0.25440927 2.00000000
0.07450931 0.19538000 0.09235607 -0.49669319 -0.82428100 -0.27176375 2.00000000
0.07526328 0.19489600 0.09243948 -0.49923704 -0.83277200 -0.23927523 2.00000000
0.07456162 0.19548400 0.09140929 -0.49211291 -0.82076800 -0.29011180 2.00000000
0.06387243 0.21595500 0.07492430 0.49058659 -0.82659400 0.27580297 1.00000000
0.06338677 0.21605600 0.07450730 0.49058659 -0.82659400 0.27580297 1.00000000
0.06364422 0.21593800 0.07473031 0.49058659 -0.82659400 0.27580297 1.00000000
0.06365336 0.21600300 0.07502313 0.49058659 -0.82659400 0.27580297 1.00000000
0.06328992 0.21598000 0.07493719 0.49158797 -0.82929100 0.26573993 1.00000000
0.06305254 0.21589800 0.07445028 0.49058659 -0.82659400 0.27580297 1.00000000
0.06306170 0.21596300 0.07474320 0.50041044 -0.82212200 0.27148692 1.00000000
0.06307092 0.21602700 0.07503590 0.50041044 -0.82212200 0.27148692 1.00000000
0.06298718 0.21608100 0.07502665 0.50041044 -0.82212200 0.27148692 1.00000000
0.06441252 0.21593500 0.07532156 0.48926072 -0.82853900 0.27230173 1.00000000
0.06424187 0.21602100 0.07520544 0.48926072 -0.82853900 0.27230173 1.00000000
0.06387549 0.21597700 0.07502194 0.49058659 -0.82659400 0.27580297 1.00000000
0.06329305 0.21600100 0.07503471 0.49158797 -0.82929100 0.26573993 1.00000000
0.06308104 0.21571900 0.07530875 0.52808704 -0.80135800 0.28098119 1.00000000
0.06294412 0.21604200 0.07626623 0.52702114 -0.79943300 0.28836757 1.00000000
0.06252398 0.21554200 0.07608247 0.58436557 -0.75046500 0.30873760 1.00000000
0.06281044 0.21612400 0.07471535 0.50041044 -0.82212200 0.27148692 1.00000000
0.06245003 0.21612300 0.07472695 0.52808704 -0.80135800 0.28098119 1.00000000
0.06262373 0.21605800 0.07494071 0.52808704 -0.80135800 0.28098119 1.00000000
0.06249244 0.21570000 0.07512646 0.55692465 -0.77467400 0.29952523 1.00000000
0.06240563 0.21573200 0.07501957 0.55692465 -0.77467400 0.29952523 1.00000000
0.06170187 0.21550800 0.07468144 0.58035909 -0.75674300 0.30087076 1.00000000
0.06228647 0.21587800 0.07478615 0.54689203 -0.78421600 0.29311073 1.00000000
0.06206837 0.21555200 0.07486501 0.58035909 -0.75674300 0.30087076 1.00000000
0.06188166 0.21548600 0.07509037 0.58436557 -0.75046500 0.30873760 1.00000000
0.06207761 0.21561700 0.07515781 0.58436557 -0.75046500 0.30873760 1.00000000
0.06201143 0.21575600 0.07656365 0.62247468 -0.73150900 0.27824330 1.00000000
0.06185090 0.21553300 0.07672039 0.63910800 -0.72506200 0.25656345 1.00000000
0.06137839 0.21534700 0.07667379 0.58211336 -0.79273400 0.18087626 1.00000000
0.06144898 0.21558100 0.07631264 0.64125764 -0.72457300 0.25255053 1.00000000
0.06119772 0.21574200 0.07628479 0.58785395 -0.77848100 0.21998978 1.00000000
0.06062431 0.21400900 0.07463676 0.61156895 -0.75064000 0.25004538 1.00000000
0.06045150 0.21370000 0.07440316 0.60231185 -0.76242400 0.23649407 1.00000000
0.06016931 0.21432600 0.07519571 0.57737667 -0.55867900 0.59541099 1.00000000
0.05991805 0.21448700 0.07516786 0.53948542 -0.62306200 0.56634717 1.00000000
0.06006895 0.21350300 0.07456106 0.43521031 0.22022000 0.87298067 1.00000000
0.06112489 0.21511400 0.07652857 0.62880262 -0.15287200 0.76238909 1.00000000
0.06053421 0.21470000 0.07622868 0.60740521 -0.58281600 0.53980053 1.00000000
0.06067850 0.21518900 0.07560381 0.47584128 0.11296100 0.87224762 1.00000000
0.06060390 0.21530700 0.07588738 0.56712442 -0.53137300 0.62929566 1.00000000
0.06050881 0.21448300 0.07627739 0.11198448 0.73836400 0.66503964 1.00000000
0.06025233 0.21422800 0.07603442 0.11615887 0.73166400 0.67169550 1.00000000
0.06002108 0.21418900 0.07574288 0.12581666 0.72487800 0.67728981 1.00000000
0.06078457 0.21491200 0.07627638 0.62202303 -0.53764500 0.56923288 1.00000000
0.06097045 0.21493400 0.07688049 0.67247690 -0.35380300 0.65007576 1.00000000
0.05975150 0.21380400 0.07593905 0.13913593 0.71261400 0.68762083 1.00000000
0.05929386 0.21258300 0.07622328 0.14735526 0.72627000 0.67142954 1.00000000
0.05987894 0.21409600 0.07648524 0.13154233 0.72351200 0.67766349 1.00000000
0.05915220 0.21363200 0.07712288 0.16768711 0.72203700 0.67122540 1.00000000
0.06168860 0.21605800 0.07691691 0.63492247 -0.72690300 0.26169934 1.00000000
0.06147040 0.21573200 0.07699580 0.47956801 0.26907200 0.83523371 1.00000000
0.06123448 0.21600100 0.07745593 0.60899658 -0.04464960 0.79191554 1.00000000
0.06115771 0.21572500 0.07762201 0.65003666 -0.13844400 0.74718464 1.00000000
0.06107397 0.21577800 0.07761276 0.64078486 -0.20940300 0.73861041 1.00000000
0.06097576 0.21535100 0.07709559 0.64470352 -0.41037900 0.64493966 1.00000000
0.06065903 0.21569600 0.07764403 0.21196887 0.63192000 0.74548438 1.00000000
0.06055480 0.21480700 0.07774132 -0.00786598 0.81679400 0.57687616 1.00000000
0.06023370 0.21477900 0.07724526 0.07343467 0.77109900 0.63246595 1.00000000
0.06021361 0.21497900 0.07750906 0.09249323 0.76330700 0.63938011 1.00000000
0.06034104 0.21527100 0.07805524 0.00645728 0.82290200 0.56814631 1.00000000
0.05992721 0.21455200 0.07546078 0.56847020 -0.61686500 0.54435252 1.00000000
0.05956159 0.21413400 0.07525726 0.56183045 -0.62418000 0.54290575 1.00000000
0.05854752 0.21346200 0.07728197 0.17955216 0.74628800 0.64094872 1.00000000
0.05998073 0.21527000 0.07806683 0.11385414 0.75535400 0.64535036 1.00000000
0.05982326 0.21506900 0.07832120 0.06178481 0.79587100 0.60230558 1.00000000
0.05965958 0.21482400 0.07838032 0.10484194 0.77071600 0.62849407 1.00000000
0.05941011 0.21423800 0.07831278 0.15230113 0.74245400 0.65235451 1.00000000
0.05877532 0.21457700 0.07846280 0.18027753 0.73009300 0.65913937 1.00000000
0.05892066 0.21427400 0.07862760 0.18978530 0.72571000 0.66130646 1.00000000
0.05921382 0.21520600 0.07923207 0.12539153 0.77640300 0.61763773 1.00000000
0.05863386 0.21270500 0.07642196 0.14950391 0.74236600 0.65310202 1.00000000
0.05905800 0.21243500 0.07749304 0.18717986 0.72440100 0.66348074 1.00000000
0.05889267 0.21293700 0.07759202 0.20052412 0.71551900 0.66919559 1.00000000
0.05869599 0.21276300 0.07835404 0.18010789 0.75696100 0.62814929 1.00000000
0.05871133 0.21287000 0.07884202 0.17541969 0.77617800 0.60562042 1.00000000
0.05873430 0.21311000 0.07786624 0.19384770 0.73386300 0.65105152 1.00000000
0.06683719 0.21577700 0.08593653 -0.47869750 0.87624600 -0.05515414 1.00000000
0.06692397 0.21574500 0.08604332 -0.47869750 0.87624600 -0.05515414 1.00000000
0.06698775 0.21589100 0.08631645 -0.41085516 0.89561600 -0.17049599 1.00000000
0.06667882 0.21594900 0.08621075 -0.48115994 0.87531000 -0.04814392 1.00000000
0.06662994 0.21518600 0.08545879 -0.59811089 0.80141300 -0.00103810 1.00000000
0.06623115 0.21525600 0.08514857 -0.67966379 0.72983900 0.07343519 1.00000000
0.06648762 0.21551100 0.08539153 -0.59811089 0.80141300 -0.00103810 1.00000000
0.06623942 0.21569400 0.08546132 -0.59811089 0.80141300 -0.00103810 1.00000000
0.06608194 0.21549300 0.08571570 -0.59811089 0.80141300 -0.00103810 1.00000000
0.06649992 0.21559700 0.08578197 -0.49820266 0.86261200 -0.08771815 1.00000000
0.06639696 0.21547700 0.08601658 -0.49820266 0.86261200 -0.08771815 1.00000000
0.06609119 0.21555700 0.08600850 -0.60137185 0.79896900 -0.00047170 1.00000000
0.06609512 0.21520500 0.08608619 -0.60321036 0.79758200 0.00009383 1.00000000
0.06640621 0.21554200 0.08630938 -0.49750585 0.86502400 -0.06497382 1.00000000
0.06619116 0.21523800 0.08648588 -0.49723720 0.86466400 -0.07149452 1.00000000
0.06577319 0.21513300 0.08641961 -0.60137185 0.79896900 -0.00047170 1.00000000
0.06597981 0.21541700 0.08512084 -0.67817276 0.73126500 0.07302557 1.00000000
0.06604357 0.21556300 0.08539387 -0.59041160 0.80705700 -0.00850609 1.00000000
0.06591445 0.21560000 0.08569720 -0.59633893 0.80273000 0.00184367 1.00000000
0.06583461 0.21530200 0.08576555 -0.64368645 0.76430700 0.03875500 1.00000000
0.06575480 0.21500400 0.08583400 -0.69372257 0.71483200 0.08812043 1.00000000
0.06557418 0.21498100 0.08625454 -0.67308602 0.73661800 0.06594888 1.00000000
0.06549655 0.21507800 0.08644056 -0.60137185 0.79896900 -0.00047170 1.00000000
0.06539090 0.21425600 0.08478116 0.16647964 0.67579000 -0.71804766 1.00000000
0.06524167 0.21449300 0.08534820 0.19573161 0.68752700 -0.69928225 1.00000000
0.06735425 0.21593600 0.08650003 -0.46480062 0.86837000 -0.17289724 1.00000000
0.06769760 0.21615900 0.08684977 -0.46480062 0.86837000 -0.17289724 1.00000000
0.06796635 0.21650000 0.08748307 -0.46480062 0.86837000 -0.17289724 1.00000000
0.06788261 0.21655400 0.08747382 -0.46480062 0.86837000 -0.17289724 1.00000000
0.06751395 0.21611400 0.08717277 -0.46480062 0.86837000 -0.17289724 1.00000000
0.06755458 0.21643900 0.08761206 -0.46480062 0.86837000 -0.17289724 1.00000000
0.06752928 0.21622200 0.08766074 -0.46480062 0.86837000 -0.17289724 1.00000000
0.06693932 0.21585300 0.08653140 -0.41085516 0.89561600 -0.17049599 1.00000000
0.06733416 0.21613600 0.08676383 -0.46480062 0.86837000 -0.17289724 1.00000000
0.06728877 0.21611900 0.08707631 -0.46480062 0.86837000 -0.17289724 1.00000000
0.06719112 0.21641600 0.08752603 -0.46480062 0.86837000 -0.17289724 1.00000000
0.06674653 0.21574400 0.08656158 -0.41085516 0.89561600 -0.17049599 1.00000000
0.06683940 0.21575400 0.08686355 -0.46480062 0.86837000 -0.17289724 1.00000000
0.06679413 0.21573800 0.08717611 -0.46480062 0.86837000 -0.17289724 1.00000000
0.06660123 0.21562900 0.08720631 -0.46480062 0.86837000 -0.17289724 1.00000000
0.06645774 0.21518400 0.08700161 -0.46480062 0.86837000 -0.17289724 1.00000000
0.06652744 0.21579100 0.08666030 -0.41085516 0.89561600 -0.17049599 1.00000000
0.06611261 0.21570800 0.08669165 -0.48040742 0.87170500 -0.09664003 1.00000000
0.06617717 0.21548100 0.08694486 -0.41085516 0.89561600 -0.17049599 1.00000000
0.06642763 0.21569300 0.08699253 -0.46480062 0.86837000 -0.17289724 1.00000000
0.06634997 0.21579000 0.08717846 -0.46480062 0.86837000 -0.17289724 1.00000000
0.06626407 0.21544900 0.08705173 -0.46480062 0.86837000 -0.17289724 1.00000000
0.06637921 0.21565500 0.08720748 -0.46480062 0.86837000 -0.17289724 1.00000000
0.06583685 0.21527900 0.08669266 -0.60861847 0.79328800 0.01667928 1.00000000
0.06587139 0.21556100 0.08693678 -0.48040742 0.87170500 -0.09664003 1.00000000
0.06560181 0.21517500 0.08713295 -0.48040742 0.87170500 -0.09664003 1.00000000
0.06417669 0.20468700 0.08550007 -0.53665026 -0.49997900 -0.67972601 1.00000000
0.06399828 0.20547700 0.08522854 -0.46126074 -0.68781800 -0.56048648 1.00000000
0.06374997 0.20566000 0.08529835 -0.48385423 -0.66783900 -0.56557596 1.00000000
0.06315004 0.20518200 0.08470566 -0.55464694 -0.62538000 -0.54887846 1.00000000
0.06289878 0.20534300 0.08467781 -0.55639812 -0.61994500 -0.55325418 1.00000000
0.06349036 0.20538300 0.08495786 -0.48991839 -0.66905100 -0.55888429 1.00000000
0.06349961 0.20544800 0.08525066 -0.48991839 -0.66905100 -0.55888429 1.00000000
0.06334124 0.20562000 0.08552488 -0.47403483 -0.68721100 -0.55048306 1.00000000
0.06291717 0.20547300 0.08526343 -0.52067637 -0.64070500 -0.56426334 1.00000000
0.06293034 0.20518500 0.08563392 -0.53222413 -0.62883400 -0.56683832 1.00000000
0.06279890 0.20524500 0.08501016 -0.54366811 -0.61673600 -0.56926347 1.00000000
0.06382896 0.20591400 0.08605938 -0.45208413 -0.71050700 -0.53925805 1.00000000
0.06411485 0.20603400 0.08633122 -0.41043664 -0.73998100 -0.53288793 1.00000000
0.06412920 0.20651600 0.08683916 -0.43478412 -0.72881300 -0.52895596 1.00000000
0.06320557 0.20671300 0.08661968 -0.53917642 -0.61021500 -0.58045355 1.00000000
0.06406902 0.20529300 0.08567691 -0.44688149 -0.70615100 -0.54922411 1.00000000
0.06419646 0.20558500 0.08622309 -0.40068961 -0.73922500 -0.54128860 1.00000000
0.06392671 0.20561700 0.08560965 -0.46695430 -0.68768500 -0.55591584 1.00000000
0.06429554 0.20563900 0.08672032 -0.37659570 -0.77036600 -0.51450108 1.00000000
0.06378673 0.20591900 0.08646948 -0.44487403 -0.71668500 -0.53707532 1.00000000
0.06356326 0.20559400 0.08552371 -0.46179123 -0.69643200 -0.54930110 1.00000000
0.06324133 0.20552200 0.08585713 -0.47596717 -0.68954300 -0.54588197 1.00000000
0.06368461 0.20584300 0.08587471 -0.45208413 -0.71050700 -0.53925805 1.00000000
0.06324526 0.20517000 0.08593482 -0.49664580 -0.66698200 -0.55540707 1.00000000
0.06277896 0.20502700 0.08608348 -0.49938657 -0.67217500 -0.54662105 1.00000000
0.06262454 0.20484800 0.08643549 -0.48120628 -0.69383200 -0.53575895 1.00000000
0.06294475 0.20524900 0.08695139 -0.48304559 -0.68899300 -0.54032934 1.00000000
0.06261585 0.20550700 0.08710957 -0.48529007 -0.69268600 -0.53355347 1.00000000
0.06323282 0.20576400 0.08734082 -0.46954914 -0.70584500 -0.53038262 1.00000000
0.06289378 0.20633200 0.08722605 -0.47183555 -0.69660200 -0.54047830 1.00000000
0.06307042 0.20628900 0.08753736 -0.46777476 -0.69768000 -0.54261405 1.00000000
0.06271799 0.20558300 0.08770444 -0.45884946 -0.72274300 -0.51681778 1.00000000
0.06291610 0.20610900 0.08788936 -0.45751237 -0.71618600 -0.52702923 1.00000000
0.06270789 0.20631000 0.08662193 -0.52433370 -0.63789000 -0.56406552 1.00000000
0.06257578 0.20590800 0.08763716 -0.46422264 -0.71436200 -0.52362569 1.00000000
0.06264475 0.20647000 0.08812531 -0.24052302 -0.86256600 -0.44511601 1.00000000
0.06272762 0.20679000 0.08815450 0.11679121 -0.95625000 -0.26822765 1.00000000
0.06248118 0.20622600 0.08818451 0.69750869 -0.67368700 0.24418652 1.00000000
0.06224693 0.20574800 0.08860487 0.72183625 -0.60777300 0.33100507 1.00000000
0.06226612 0.20592200 0.08836091 0.72012523 -0.63120100 0.28810596 1.00000000
0.06196256 0.20389300 0.08472035 0.08983583 -0.99588100 0.01225654 1.00000000
0.06204300 0.20449900 0.08642842 -0.50351209 -0.69129200 -0.51825719 1.00000000
0.06239167 0.20513800 0.08699326 -0.48107672 -0.70667200 -0.51882511 1.00000000
0.06189781 0.20438400 0.08707313 0.46100239 -0.88147500 0.10236399 1.00000000
0.06224244 0.20537600 0.08756030 -0.42898797 -0.74892200 -0.50505879 1.00000000
0.06165802 0.20458700 0.08826520 0.73351355 -0.59705800 0.32477642 1.00000000
0.06177621 0.20481500 0.08851858 0.74070574 -0.58701000 0.32676395 1.00000000
0.06161656 0.20421800 0.08865538 0.75250438 -0.57694300 0.31760614 1.00000000
0.06136709 0.20363300 0.08858784 0.75250438 -0.57694300 0.31760614 1.00000000
0.06175693 0.20505900 0.08795281 0.71381250 -0.63259200 0.30049608 1.00000000
0.06168322 0.20480400 0.08821653 0.72156134 -0.60197400 0.34201802 1.00000000
0.06157731 0.20466300 0.08835349 0.74070574 -0.58701000 0.32676395 1.00000000
0.06161263 0.20457000 0.08857768 0.75250438 -0.57694300 0.31760614 1.00000000
0.06128155 0.20443400 0.08861828 0.75250438 -0.57694300 0.31760614 1.00000000
0.06129070 0.20449800 0.08891110 0.75250438 -0.57694300 0.31760614 1.00000000
0.06120164 0.20413500 0.08868675 0.75250438 -0.57694300 0.31760614 1.00000000
0.06095217 0.20355000 0.08861921 0.75250438 -0.57694300 0.31760614 1.00000000
0.06096876 0.20442600 0.08924451 0.75250438 -0.57694300 0.31760614 1.00000000
0.06088507 0.20406200 0.09004480 0.80046880 -0.47111000 0.37054631 1.00000000
0.06054998 0.20427800 0.09000782 0.81003762 -0.44626400 0.38037803 1.00000000
0.06083057 0.20398100 0.09006466 0.81003762 -0.44626400 0.38037803 1.00000000
0.06049545 0.20419600 0.09002748 0.82439555 -0.43651500 0.36031448 1.00000000
0.06398227 0.20115400 0.07645081 -0.74716270 0.04375450 -0.66319964 1.00000000
0.06535864 0.20290300 0.07632834 -0.70469592 0.40797800 -0.58047995 1.00000000
0.06522162 0.20364400 0.07647608 -0.70480305 0.42278200 -0.56965584 1.00000000
0.06477926 0.20295000 0.07643875 -0.70469592 0.40797800 -0.58047995 1.00000000
0.06478142 0.20334500 0.07655623 -0.70480305 0.42278200 -0.56965584 1.00000000
0.06448528 0.20197300 0.07666376 -0.74485580 0.19865700 -0.63696499 1.00000000
0.06390677 0.20164600 0.07675422 -0.73810100 0.10985300 -0.66568674 1.00000000
0.06408569 0.20199800 0.07718310 -0.75481472 0.27229800 -0.59674936 1.00000000
0.06441587 0.20250900 0.07716235 -0.75521851 0.30758000 -0.57882531 1.00000000
0.06488938 0.20414400 0.07914263 -0.88852182 0.38217100 -0.25391942 1.00000000
0.06435924 0.20427300 0.07820862 -0.70258131 0.52199900 -0.48362823 1.00000000
0.06411712 0.20449900 0.07847359 -0.72942417 0.52743900 -0.43560094 1.00000000
0.06404252 0.20461700 0.07875716 -0.73546811 0.55148200 -0.39364140 1.00000000
0.06370325 0.20362500 0.07929463 -0.92526332 0.31122000 -0.21686470 1.00000000
0.06319014 0.20311400 0.07880893 -0.92133856 0.33582500 -0.19584712 1.00000000
0.06310853 0.20356300 0.07891706 -0.86974222 0.38858300 -0.30422396 1.00000000
0.06289439 0.20288500 0.07907372 -0.94314468 0.28456600 -0.17175731 1.00000000
0.06327908 0.20347700 0.07903320 -0.90884848 0.31956900 -0.26808612 1.00000000
0.06297852 0.20397400 0.07924024 -0.81924271 0.47417700 -0.32248788 1.00000000
0.06356715 0.20399200 0.07942263 -0.92418365 0.31167100 -0.22078387 1.00000000
0.06340259 0.20412100 0.07950169 -0.84663900 0.46051200 -0.26670598 1.00000000
0.06324521 0.20392000 0.07975604 -0.96586698 0.19558300 -0.16984704 1.00000000
0.06277913 0.20267900 0.07891789 -0.95566733 0.24131800 -0.16871552 1.00000000
0.06766275 0.20384100 0.07389696 -0.64384364 0.37029500 -0.66958730 1.00000000
0.06755676 0.20370000 0.07403403 -0.66514701 0.38269600 -0.64118969 1.00000000
0.06739929 0.20349800 0.07428841 -0.67209236 0.40559900 -0.61950082 1.00000000
0.06725969 0.20494300 0.07530551 -0.68057478 0.46933400 -0.56262274 1.00000000
0.06825970 0.20388000 0.07520165 -0.67029202 0.41752000 -0.61350323 1.00000000
0.06770865 0.20416500 0.07536091 -0.69316056 0.41836800 -0.58693859 1.00000000
0.06743604 0.20375700 0.07545954 -0.69316056 0.41836800 -0.58693859 1.00000000
0.06748439 0.20421300 0.07443497 -0.67238284 0.42050000 -0.60916453 1.00000000
0.06723609 0.20439700 0.07450478 -0.67833897 0.41727400 -0.60476352 1.00000000
0.06724397 0.20369200 0.07466027 -0.69316056 0.41836800 -0.58693859 1.00000000
0.06702282 0.20334500 0.07464149 -0.69312213 0.41465700 -0.58960996 1.00000000
0.06725055 0.20487800 0.07501270 -0.70191161 0.42631800 -0.57058896 1.00000000
0.06718519 0.20506100 0.07558906 -0.68057478 0.46933400 -0.56262274 1.00000000
0.06709433 0.20544600 0.07540440 -0.70712469 0.45238900 -0.54343129 1.00000000
0.06659045 0.20500000 0.07521139 -0.68057478 0.46933400 -0.56262274 1.00000000
0.06772311 0.20464600 0.07586883 -0.68057478 0.46933400 -0.56262274 1.00000000
0.06759950 0.20666000 0.07573482 -0.68669811 0.48175900 -0.54438468 1.00000000
0.06710663 0.20553200 0.07579483 -0.70712469 0.45238900 -0.54343129 1.00000000
0.06731476 0.20574900 0.07625263 -0.71394318 0.44627900 -0.53955608 1.00000000
0.06703419 0.20604600 0.07619588 -0.70429601 0.45226300 -0.54719834 1.00000000
0.06679079 0.20550300 0.07632343 -0.70767595 0.42293600 -0.56596877 1.00000000
0.06686667 0.20615300 0.07617729 -0.70429601 0.45226300 -0.54719834 1.00000000
0.06656080 0.20623300 0.07616922 -0.66835982 0.49528800 -0.55496411 1.00000000
0.06653552 0.20601700 0.07621800 -0.71053018 0.41569300 -0.56775468 1.00000000
0.06670616 0.20593000 0.07633412 -0.71053018 0.41569300 -0.56775468 1.00000000
0.06621230 0.20517600 0.07641399 -0.70480305 0.42278200 -0.56965584 1.00000000
0.06605571 0.20460100 0.07664843 -0.70480305 0.42278200 -0.56965584 1.00000000
0.06553559 0.20442100 0.07598729 -0.70480305 0.42278200 -0.56965584 1.00000000
0.06624290 0.20580900 0.07658032 -0.70767595 0.42293600 -0.56596877 1.00000000
0.06620747 0.20590100 0.07635614 -0.71053018 0.41569300 -0.56775468 1.00000000
0.06583712 0.20579100 0.07690450 -0.70480305 0.42278200 -0.56965584 1.00000000
0.06596803 0.20500700 0.07656148 -0.70480305 0.42278200 -0.56965584 1.00000000
0.06583368 0.20462700 0.07664959 -0.70480305 0.42278200 -0.56965584 1.00000000
0.06572591 0.20523300 0.07682645 -0.70480305 0.42278200 -0.56965584 1.00000000
0.06707841 0.20711700 0.07769960 -0.38582801 0.87028400 -0.30617443 1.00000000
0.06687250 0.20687700 0.07816882 -0.39657242 0.88515800 -0.24336287 1.00000000
0.06584161 0.20616400 0.07794908 -0.67351246 0.59742100 -0.43528015 1.00000000
0.06610515 0.20608800 0.07836726 -0.58403791 0.72545000 -0.36417272 1.00000000
0.06534120 0.20464100 0.07686687 -0.70480305 0.42278200 -0.56965584 1.00000000
0.06622693 0.20706200 0.07968507 -0.16359636 0.96157300 -0.22048381 1.00000000
0.06556960 0.20606300 0.07982412 -0.36855328 0.91371100 -0.17117370 1.00000000
0.06595587 0.20674300 0.07812477 -0.59306143 0.68436100 -0.42418007 1.00000000
0.06602268 0.20691100 0.07849544 -0.50152244 0.78062700 -0.37295707 1.00000000
0.06563796 0.20631900 0.07853586 -0.58435906 0.71172700 -0.38983292 1.00000000
0.06531215 0.20618100 0.07960111 -0.57407232 0.78421500 -0.23547472 1.00000000
0.06370083 0.21344600 0.08132467 -0.62484091 0.35636100 0.69468102 1.00000000
0.06442990 0.21388700 0.08161413 -0.80956248 0.38480400 0.44332270 1.00000000
0.06387669 0.21377700 0.08165591 -0.70236389 0.22592800 0.67501192 1.00000000
0.06345350 0.21325500 0.08137452 -0.59073952 0.33225900 0.73527619 1.00000000
0.06335272 0.21353100 0.08172671 -0.62739350 0.24634800 0.73870807 1.00000000
0.06319828 0.21335100 0.08207863 -0.60804398 0.12337100 0.78425901 1.00000000
0.06302718 0.21271200 0.08099561 -0.33366562 0.68805500 0.64439678 1.00000000
0.06330214 0.21309700 0.08182417 -0.57889262 0.17915400 0.79547863 1.00000000
0.06311936 0.21267900 0.08212723 -0.55591644 0.19653100 0.80767130 1.00000000
0.06296365 0.21173100 0.08234172 -0.47717464 0.09801740 0.87332500 1.00000000
0.06261757 0.21304600 0.08124208 -0.30625471 0.73390100 0.60629786 1.00000000
0.06302242 0.21302000 0.08174739 -0.57346727 0.27218400 0.77269083 1.00000000
0.06397883 0.21385200 0.08225078 -0.75423263 0.23756800 0.61212330 1.00000000
0.06430292 0.21431900 0.08203484 -0.81854392 0.45398200 0.35197495 1.00000000
0.06431216 0.21438400 0.08232764 -0.82441847 0.47047000 0.31463031 1.00000000
0.06402941 0.21428600 0.08215332 -0.81580869 0.44410200 0.37044590 1.00000000
0.06387371 0.21333700 0.08236790 -0.73356884 0.23017400 0.63945130 1.00000000
0.06371015 0.21309300 0.08242710 -0.69205817 0.19599800 0.69472359 1.00000000
0.06372836 0.21364000 0.08220310 -0.71838987 0.24103700 0.65254599 1.00000000
0.06370610 0.21344500 0.08234933 -0.72391085 0.22384800 0.65256832 1.00000000
0.06337199 0.21328700 0.08229239 -0.65395912 0.15148500 0.74120830 1.00000000
0.06306185 0.21215800 0.08285889 -0.56565196 0.12389600 0.81528402 1.00000000
0.06298519 0.21188200 0.08302496 -0.52069509 0.06187650 0.85149730 1.00000000
0.06273077 0.21202200 0.08289949 -0.50631976 0.14959900 0.84927109 1.00000000
0.06291355 0.21244000 0.08259643 -0.56245747 0.16593300 0.81000526 1.00000000
0.06283058 0.21212000 0.08256726 -0.49430268 0.20253600 0.84536649 1.00000000
0.06263778 0.21201100 0.08259744 -0.49355056 0.17927900 0.85103881 1.00000000
0.06310071 0.21323000 0.08333797 -0.67794549 0.10050000 0.72820902 1.00000000
0.06309341 0.21200000 0.08381500 -0.61734494 0.04402900 0.78545909 1.00000000
0.06339313 0.20963600 0.08248379 -0.29912883 0.25594400 0.91924741 1.00000000
0.06325388 0.20998200 0.08251417 -0.38282354 0.15677100 0.91042236 1.00000000
0.06289053 0.20995900 0.08242822 -0.40077758 0.16388100 0.90139910 1.00000000
0.06288786 0.21108000 0.08248785 -0.46410018 0.08268380 0.88191559 1.00000000
0.06296414 0.21021400 0.08216451 -0.39201515 0.12496800 0.91143183 1.00000000
0.06292102 0.21059300 0.08259456 -0.43986079 0.11941900 0.89009092 1.00000000
0.06334902 0.21038900 0.08293370 -0.46941438 0.10124900 0.87715361 1.00000000
0.06310691 0.21061500 0.08319867 -0.46696153 0.09173010 0.87950639 1.00000000
0.06259516 0.21087300 0.08285028 -0.46410018 0.08268380 0.88191559 1.00000000
0.06233475 0.21055200 0.08333936 -0.44616348 0.14190100 0.88363047 1.00000000
0.06196585 0.21094800 0.08141906 -0.56984685 0.11117000 0.81419627 1.00000000
0.06248812 0.21152300 0.08219768 -0.51760595 0.08307280 0.85157706 1.00000000
0.06238516 0.21140300 0.08243229 -0.50756944 0.09847460 0.85596490 1.00000000
0.06222851 0.21124600 0.08185719 -0.50605983 0.16904300 0.84577056 1.00000000
0.06213174 0.21116900 0.08228696 -0.50265232 0.14956300 0.85145182 1.00000000
0.06233378 0.21134300 0.08254957 -0.50756944 0.09847460 0.85596490 1.00000000
0.06212781 0.21152200 0.08220926 -0.53939862 0.12363300 0.83292469 1.00000000
0.06217012 0.21109900 0.08260879 -0.45152451 0.14230400 0.88083733 1.00000000
0.06163173 0.21078900 0.08136212 -0.62935121 0.02944920 0.77656314 1.00000000
0.06215311 0.21173800 0.08216058 -0.55813780 0.10467200 0.82311997 1.00000000
0.06182283 0.21122800 0.08218135 -0.52854169 0.14617700 0.83622728 1.00000000
0.06251269 0.21169600 0.08297845 -0.48100326 0.11369800 0.86931508 1.00000000
0.06259426 0.21124700 0.08287012 -0.46334293 0.09169040 0.88142258 1.00000000
0.06241970 0.21168500 0.08267640 -0.48480019 0.11082000 0.86757553 1.00000000
0.06215799 0.21059500 0.08302797 -0.42836414 0.13509900 0.89344940 1.00000000
0.07176342 0.20515400 0.08761778 -0.88772709 0.25978300 0.38007081 1.00000000
0.07224422 0.20577900 0.08797724 -0.91790394 0.25201300 0.30649816 1.00000000
0.07202604 0.20545300 0.08805571 -0.90965523 0.23981400 0.33914076 1.00000000
0.07142390 0.20457900 0.08734575 -0.86422308 0.24686700 0.43837754 1.00000000
0.07184419 0.20466100 0.08833902 -0.90655960 0.20223000 0.37047598 1.00000000
0.07166754 0.20470400 0.08802821 -0.89525166 0.21388800 0.39086539 1.00000000
0.07170801 0.20502900 0.08846662 -0.90045122 0.24589600 0.35877917 1.00000000
0.07151924 0.20456700 0.08857499 -0.90933723 0.18702100 0.37165682 1.00000000
0.07135153 0.20467500 0.08855592 -0.90094174 0.20643100 0.38169429 1.00000000
0.07152710 0.20386300 0.08873039 -0.90952283 0.05514760 0.41197887 1.00000000
0.07119197 0.20407900 0.08869321 -0.90466287 0.09235480 0.41599944 1.00000000
0.07104762 0.20400800 0.08850855 -0.89424141 0.11281800 0.43313260 1.00000000
0.07141316 0.20218500 0.08756787 -0.77164314 -0.20672700 0.60152290 1.00000000
0.07163483 0.20325700 0.08855333 -0.85557748 -0.16467100 0.49078650 1.00000000
0.07041031 0.20280800 0.08838391 -0.81467257 -0.12458300 0.56638160 1.00000000
0.07069603 0.20292900 0.08865599 -0.81694344 -0.14517700 0.55814674 1.00000000
0.07122522 0.20359100 0.08879980 -0.88908929 -0.02342600 0.45713370 1.00000000
0.07111920 0.20345000 0.08893678 -0.88611075 -0.05963840 0.45962079 1.00000000
0.07106864 0.20301600 0.08903434 -0.85338750 -0.16169100 0.49556528 1.00000000
0.07070823 0.20301500 0.08904594 -0.85645204 -0.08917380 0.50846662 1.00000000
0.07085568 0.20352500 0.08851869 -0.87306390 0.01370410 0.48741392 1.00000000
0.07025373 0.20223400 0.08861844 -0.78069269 -0.17977000 0.59849855 1.00000000
0.07035581 0.20272700 0.08840378 -0.80810269 -0.13389200 0.57362220 1.00000000
0.07020962 0.20298600 0.08906835 -0.85704014 -0.03996850 0.51369668 1.00000000
0.06993552 0.20222700 0.08821924 -0.77993701 -0.17388100 0.60121794 1.00000000
0.06969120 0.20205800 0.08836704 -0.77757776 -0.16777000 0.60599204 1.00000000
0.07002855 0.20223800 0.08852199 -0.78339266 -0.18306100 0.59395638 1.00000000
0.06970658 0.20216600 0.08885521 -0.78452313 -0.18612400 0.59150823 1.00000000
0.06985400 0.20225800 0.08913710 -0.79567660 -0.19400600 0.57381247 1.00000000
0.06942776 0.20171600 0.08875807 -0.75728063 -0.20773300 0.61917197 1.00000000
0.07164729 0.20532200 0.08748189 -0.88564408 0.26627700 0.38043459 1.00000000
0.07206742 0.20582100 0.08766564 -0.90173020 0.25971600 0.34558558 1.00000000
0.07166564 0.20545100 0.08806731 -0.89663650 0.25858800 0.35940955 1.00000000
0.07167486 0.20551600 0.08836001 -0.89554276 0.27293600 0.35143785 1.00000000
0.07124035 0.20453500 0.08766873 -0.86516821 0.23463100 0.44320582 1.00000000
0.07116576 0.20465300 0.08795240 -0.87393235 0.23521600 0.42534192 1.00000000
0.07125869 0.20466400 0.08825415 -0.88932395 0.20171100 0.41038432 1.00000000
0.07101121 0.20447300 0.08830373 -0.88161432 0.17424500 0.43862740 1.00000000
0.06880526 0.20214000 0.08929904 -0.82880637 -0.06278110 0.55600148 1.00000000
0.06855096 0.20228000 0.08917365 -0.85146108 0.07541770 0.51896719 1.00000000
0.07355849 0.20689700 0.09014782 -0.77723670 0.62850000 -0.02983929 1.00000000
0.07336905 0.20753400 0.09124175 -0.75890940 0.65105700 -0.01349596 1.00000000
0.07316320 0.20771300 0.09090203 -0.76462651 0.64429200 -0.01528883 1.00000000
0.07302873 0.20733300 0.09098955 -0.75965071 0.64927200 -0.03710082 1.00000000
0.07322210 0.20634400 0.08997331 -0.76908261 0.63728300 -0.04881614 1.00000000
0.07272203 0.20554600 0.08985742 -0.80759566 0.58068100 -0.10295330 1.00000000
0.07170031 0.20531500 0.08912135 -0.90632883 0.30710800 0.29026400 1.00000000
0.07299692 0.20634800 0.08987686 -0.77347849 0.63174300 -0.05130234 1.00000000
0.07265958 0.20616800 0.08972191 -0.81122609 0.58470900 0.00523963 1.00000000
0.07266880 0.20623300 0.09001461 -0.77633465 0.62803000 -0.05368505 1.00000000
0.07179158 0.20341400 0.08912892 -0.91445606 -0.04469270 0.40220886 1.00000000
0.07183128 0.20411300 0.08958787 -0.94386945 0.25187700 0.21369947 1.00000000
0.07235438 0.20431400 0.09034635 -0.81745721 0.55497100 -0.15417903 1.00000000
0.07259169 0.20481400 0.09002362 -0.80691630 0.57245000 -0.14555811 1.00000000
0.07154278 0.20511400 0.08937543 -0.90845087 0.32052500 0.26829068 1.00000000
0.07146300 0.20481500 0.08944408 -0.92413405 0.28844800 0.25054832 1.00000000
0.07153632 0.20392800 0.08902309 -0.92481983 0.07402810 0.37313216 1.00000000
0.07154545 0.20399300 0.08931581 -0.93617017 0.09250830 0.33915676 1.00000000
0.07146567 0.20369400 0.08938445 -0.93531784 0.07754930 0.34520481 1.00000000
0.07121562 0.20462500 0.08949363 -0.92327362 0.26897900 0.27425649 1.00000000
0.07113584 0.20432700 0.08956228 -0.92120426 0.25286900 0.29570157 1.00000000
0.07207299 0.20498500 0.09030984 -0.79323932 0.59691100 -0.12028239 1.00000000
0.07197996 0.20497400 0.09000708 -0.83825143 0.54389200 -0.03892561 1.00000000
0.07156380 0.20412200 0.08990122 -0.93145761 0.33833000 0.13386769 1.00000000
0.07142559 0.20409400 0.08991203 -0.93096734 0.33520800 0.14469291 1.00000000
0.07174266 0.20447400 0.09032981 -0.81745721 0.55497100 -0.15417903 1.00000000
0.07089758 0.20420100 0.08990455 -0.92863002 0.26844800 0.25609129 1.00000000
0.07107441 0.20415800 0.09021634 -0.90074381 0.42766300 0.07592731 1.00000000
0.07323132 0.20640800 0.09026601 -0.76427066 0.64349000 -0.04255746 1.00000000
0.07241024 0.20516500 0.09046379 -0.78767144 0.60592500 -0.11147965 1.00000000
0.07299999 0.20637000 0.08997409 -0.77347849 0.63174300 -0.05130234 1.00000000
0.07290013 0.20627200 0.09030653 -0.77347849 0.63174300 -0.05130234 1.00000000
0.07248396 0.20542000 0.09020067 -0.79161823 0.60104300 -0.10994714 1.00000000
0.07236094 0.20550000 0.09069868 -0.78585051 0.61416400 -0.07240422 1.00000000
0.07219871 0.20602400 0.09089559 -0.77633465 0.62803000 -0.05368505 1.00000000
0.07295298 0.20668300 0.09113587 -0.75981234 0.64890500 -0.04009063 1.00000000
0.07269254 0.20677900 0.09081603 -0.75981234 0.64890500 -0.04009063 1.00000000
0.07258335 0.20661600 0.09085478 -0.76427066 0.64349000 -0.04255746 1.00000000
0.07221485 0.20575900 0.09136323 -0.77145094 0.63473700 -0.04442198 1.00000000
0.07228147 0.20634400 0.09092419 -0.76869621 0.63802800 -0.04502867 1.00000000
0.07227473 0.20625700 0.09155937 -0.76427066 0.64349000 -0.04255746 1.00000000
0.07227721 0.20513600 0.09149876 -0.77071982 0.63505600 -0.05191491 1.00000000
0.07238639 0.20529900 0.09146002 -0.77633465 0.62803000 -0.05368505 1.00000000
0.07211372 0.20489200 0.09155835 -0.77164702 0.63265700 -0.06562692 1.00000000
0.07223184 0.20511900 0.09181135 -0.77145094 0.63473700 -0.04442198 1.00000000
0.07200244 0.20475100 0.09067118 -0.79202461 0.59834100 -0.12118106 1.00000000
0.07204290 0.20507600 0.09110959 -0.77521926 0.62675000 -0.07885871 1.00000000
0.07201166 0.20481600 0.09096388 -0.78767144 0.60592500 -0.11147965 1.00000000
0.07201762 0.20485900 0.09115837 -0.78471171 0.61089700 -0.10503693 1.00000000
0.07113851 0.20320600 0.08950265 -0.89917117 -0.07174840 0.43167542 1.00000000
0.07088709 0.20336700 0.08947452 -0.91414553 -0.00586692 0.40534474 1.00000000
0.07072265 0.20349600 0.08955366 -0.92123665 0.04420160 0.38648206 1.00000000
0.07054677 0.20316600 0.08922232 -0.87826019 -0.02114030 0.47771590 1.00000000
0.07035705 0.20307800 0.08935024 -0.88414924 0.01103430 0.46707358 1.00000000
0.07056512 0.20329500 0.08980774 -0.92525326 0.04634760 0.37650673 1.00000000
0.07115907 0.20373000 0.09020584 -0.94164205 0.31553400 0.11725697 1.00000000
0.07117127 0.20381700 0.09059579 -0.82501686 0.54221000 -0.15923420 1.00000000
0.07101069 0.20401200 0.08994350 -0.93909120 0.26758000 0.21565698 1.00000000
0.07084701 0.20376700 0.09000211 -0.93798730 0.27741300 0.20789810 1.00000000
0.07092005 0.20397800 0.09056865 -0.82125575 0.55433800 -0.13508758 1.00000000
0.07057973 0.20377700 0.09031645 -0.90699602 0.40637600 0.11052992 1.00000000
0.07059808 0.20390600 0.09090187 -0.81231372 0.56403100 -0.14837570 1.00000000
0.07060720 0.20397100 0.09119458 -0.80152049 0.58530800 -0.12239256 1.00000000
0.07080913 0.20414500 0.09145661 -0.78767144 0.60592500 -0.11147965 1.00000000
0.07256822 0.20567300 0.09198585 -0.76427066 0.64349000 -0.04255746 1.00000000
0.07266056 0.20564000 0.09311825 -0.74608262 0.66398400 -0.04986679 1.00000000
0.07291084 0.20585200 0.09316495 -0.73170925 0.67925500 -0.05669471 1.00000000
0.07229575 0.20526600 0.09208516 -0.76980443 0.63693800 -0.04134847 1.00000000
0.07230563 0.20495700 0.09235735 -0.76980443 0.63693800 -0.04134847 1.00000000
0.07230487 0.20533000 0.09237788 -0.76427066 0.64349000 -0.04255746 1.00000000
0.07242309 0.20555800 0.09263086 -0.75751570 0.65109100 -0.04745251 1.00000000
0.07191208 0.20544200 0.09226234 -0.76869621 0.63802800 -0.04502867 1.00000000
0.07213726 0.20543800 0.09235879 -0.76427066 0.64349000 -0.04255746 1.00000000
0.07206278 0.20555600 0.09264244 -0.75751570 0.65109100 -0.04745251 1.00000000
0.07180617 0.20530100 0.09239930 -0.76980443 0.63693800 -0.04134847 1.00000000
0.07218089 0.20578400 0.09289543 -0.75063320 0.65864100 -0.05236239 1.00000000
0.07240925 0.20580100 0.09309011 -0.74608262 0.66398400 -0.04986679 1.00000000
0.07216705 0.20602700 0.09335469 -0.73001661 0.68132600 -0.05357828 1.00000000
0.07176301 0.20568000 0.09282965 -0.75620208 0.65256400 -0.04815352 1.00000000
0.07283625 0.20597000 0.09344861 -0.73078274 0.67928300 -0.06730558 1.00000000
0.07292938 0.20598100 0.09375135 -0.71992250 0.69301100 -0.03804095 1.00000000
0.07250516 0.20583400 0.09348911 -0.72573347 0.68553600 -0.05789462 1.00000000
0.07262346 0.20606100 0.09374309 -0.71992250 0.69301100 -0.03804095 1.00000000
0.07288401 0.20596400 0.09406393 -0.71970064 0.69176600 -0.05908942 1.00000000
0.07233764 0.20594100 0.09347102 -0.72958439 0.68228900 -0.04677318 1.00000000
0.07245288 0.20614700 0.09362675 -0.72634325 0.68594800 -0.04359166 1.00000000
0.07217618 0.20609200 0.09364741 -0.72719110 0.68405000 -0.05717452 1.00000000
0.07235301 0.20604900 0.09395920 -0.71797855 0.69532900 -0.03200223 1.00000000
0.07119853 0.20526400 0.08904554 -0.89163153 0.30750900 0.33231308 1.00000000
0.07120544 0.20493400 0.08922048 -0.91071183 0.27367500 0.30936312 1.00000000
0.07106330 0.20525800 0.08915359 -0.89163153 0.30750900 0.33231308 1.00000000
0.07088442 0.20448800 0.08953415 -0.91446417 0.28191000 0.29031519 1.00000000
0.07087453 0.20479700 0.08926196 -0.90380488 0.28312700 0.32089817 1.00000000
0.07061475 0.20452000 0.08892059 -0.88671138 0.27439200 0.37209098 1.00000000
0.07055649 0.20437300 0.08967288 -0.90984025 0.28512600 0.30148494 1.00000000
0.07032045 0.20464200 0.09013293 -0.89234597 0.39582300 0.21689191 1.00000000
0.07024536 0.20361800 0.09025874 -0.93519276 0.30366000 0.18222442 1.00000000
0.07025383 0.20405700 0.09057197 -0.86353384 0.50141900 0.05375255 1.00000000
0.06954790 0.20343700 0.09011635 -0.92545862 0.19764400 0.32320616 1.00000000
0.07025776 0.20370400 0.09064967 -0.86509087 0.50129800 -0.01784406 1.00000000
0.07036606 0.20382300 0.09143959 -0.79726061 0.59302000 -0.11270953 1.00000000
0.07011464 0.20398500 0.09141147 -0.78767144 0.60592500 -0.11147965 1.00000000
0.06993579 0.20363200 0.09098289 -0.80572956 0.57566800 -0.13930664 1.00000000
0.07035684 0.20375900 0.09114689 -0.80281456 0.58218800 -0.12863011 1.00000000
0.07036904 0.20384500 0.09153684 -0.78767144 0.60592500 -0.11147965 1.00000000
0.07030060 0.20400700 0.09201598 -0.77164702 0.63265700 -0.06562692 1.00000000
0.06996336 0.20382700 0.09186101 -0.77521926 0.62675000 -0.07885871 1.00000000
0.07019459 0.20386500 0.09215295 -0.76765879 0.63702300 -0.07001279 1.00000000
0.06979978 0.20358200 0.09192061 -0.76555196 0.63779400 -0.08455443 1.00000000
0.06976739 0.20369600 0.09179347 -0.76555196 0.63779400 -0.08455443 1.00000000
0.07042718 0.20467300 0.09258220 -0.75964217 0.64780700 -0.05736149 1.00000000
0.06875401 0.20166300 0.09022625 -0.73265910 -0.30776900 0.60703270 1.00000000
0.07232864 0.20915600 0.07985056 -0.72914035 0.66524800 -0.16062146 1.00000000
0.07233788 0.20922000 0.08014335 -0.72574181 0.66622300 -0.17159708 1.00000000
0.07274186 0.20956800 0.08066861 -0.72259772 0.66947100 -0.17222411 1.00000000
0.07251462 0.20917700 0.08045465 -0.72259772 0.66947100 -0.17222411 1.00000000
0.07235016 0.20930700 0.08053369 -0.72246362 0.66847500 -0.17659979 1.00000000
0.07269048 0.20950800 0.08078589 -0.72535390 0.66350400 -0.18336898 1.00000000
0.07225636 0.20925200 0.08106122 -0.72469599 0.65993900 -0.19823168 1.00000000
0.07225717 0.20929600 0.08023164 -0.72550399 0.66454200 -0.17896571 1.00000000
0.07192296 0.20913700 0.08017472 -0.72550399 0.66454200 -0.17896571 1.00000000
0.07210894 0.20915900 0.08077882 -0.72329290 0.66248800 -0.19482508 1.00000000
0.07166262 0.20881600 0.08066369 -0.72206528 0.66607600 -0.18698883 1.00000000
0.07012189 0.20677800 0.08167493 -0.65726577 0.73966400 0.14456493 1.00000000
0.07454766 0.21146400 0.08183222 -0.71167266 0.68219900 -0.16771202 1.00000000
0.07407992 0.21097000 0.08103393 -0.73042979 0.66114900 -0.17133361 1.00000000
0.07361056 0.21080600 0.08108495 -0.75355522 0.63873400 -0.15547989 1.00000000
0.07350761 0.21068600 0.08131956 -0.74677641 0.63846300 -0.18625568 1.00000000
0.07328951 0.21036000 0.08139842 -0.73510903 0.64551900 -0.20717220 1.00000000
0.07335622 0.21052800 0.08176911 -0.73667274 0.64408200 -0.20608379 1.00000000
0.07285627 0.20973000 0.08165381 -0.72469599 0.65993900 -0.19823168 1.00000000
0.07291772 0.20989900 0.08099984 -0.72535390 0.66350400 -0.18336898 1.00000000
0.07276338 0.20971900 0.08135174 -0.72469599 0.65993900 -0.19823168 1.00000000
0.07295447 0.21015800 0.08217098 -0.72469599 0.65993900 -0.19823168 1.00000000
0.07314261 0.21057500 0.08289256 -0.73332985 0.64622300 -0.21123982 1.00000000
0.07292454 0.21024900 0.08297152 -0.72430053 0.65808700 -0.20569544 1.00000000
0.07260249 0.21017700 0.08330485 -0.72924224 0.65406800 -0.20100124 1.00000000
0.07260654 0.20982500 0.08338263 -0.72645683 0.65920400 -0.19419007 1.00000000
0.07229373 0.20981700 0.08400877 -0.74562858 0.64284000 -0.17548620 1.00000000
0.07267318 0.21041000 0.08294369 -0.72430053 0.65808700 -0.20569544 1.00000000
0.07235821 0.21000800 0.08345234 -0.73118162 0.65446000 -0.19249881 1.00000000
0.07236039 0.21040300 0.08356992 -0.72924224 0.65406800 -0.20100124 1.00000000
0.07203628 0.20993600 0.08378576 -0.74562858 0.64284000 -0.17548620 1.00000000
0.07148834 0.20800100 0.08289865 -0.78088227 0.60301900 -0.16306778 1.00000000
0.07115726 0.20786400 0.08293925 -0.79626677 0.58343300 -0.15989253 1.00000000
0.07049054 0.20721800 0.08197599 -0.72241301 0.69077800 -0.03075823 1.00000000
0.07037225 0.20699000 0.08172262 -0.70112966 0.71222900 0.03386927 1.00000000
0.07008877 0.20684800 0.08237775 -0.67175189 0.72351200 0.15899385 1.00000000
0.07012708 0.20719500 0.08188995 -0.64399602 0.75654500 0.11361523 1.00000000
0.06982523 0.20692300 0.08195957 -0.60236016 0.76002400 0.24397959 1.00000000
0.07039683 0.20716300 0.08250340 -0.70254255 0.71132200 0.02130728 1.00000000
0.07040379 0.20683200 0.08267864 -0.69639783 0.70835200 0.11518641 1.00000000
0.07015243 0.20699400 0.08265081 -0.67175189 0.72351200 0.15899385 1.00000000
0.07058271 0.20718500 0.08310751 -0.67849717 0.70874700 0.19318172 1.00000000
0.07009399 0.20726500 0.08259288 -0.67154018 0.73436300 0.09871361 1.00000000
0.07027594 0.20763800 0.08311929 -0.68386025 0.72770400 0.05275727 1.00000000
0.07102121 0.20781400 0.08387678 -0.73400442 0.65565900 0.17705437 1.00000000
0.07103118 0.20792300 0.08334012 -0.80681702 0.58893000 -0.04698519 1.00000000
0.07051330 0.20772000 0.08360610 -0.64302950 0.72746300 0.23939556 1.00000000
0.07087890 0.20813800 0.08380952 -0.76079144 0.64101600 0.10146335 1.00000000
0.07011686 0.20776700 0.08422307 -0.56225438 0.72446400 0.39877516 1.00000000
0.07167621 0.20909800 0.08541659 -0.73862317 0.63280000 0.23237621 1.00000000
0.07157143 0.21014400 0.08488145 -0.76092234 0.63538700 -0.13145817 1.00000000
0.07140954 0.20915200 0.08490088 -0.75826481 0.64408300 0.10095104 1.00000000
0.07141966 0.20884300 0.08517374 -0.76424442 0.61299000 0.20043206 1.00000000
0.07104608 0.20912900 0.08481484 -0.76079144 0.64101600 0.10146335 1.00000000
0.07109901 0.20954000 0.08564458 -0.77368840 0.61545700 0.15039454 1.00000000
0.07041090 0.20832500 0.08480759 -0.61400530 0.71179700 0.34108919 1.00000000
0.07066747 0.20858000 0.08505054 -0.74684364 0.62134200 0.23697995 1.00000000
0.07056451 0.20846100 0.08528515 -0.68835304 0.64165300 0.33830567 1.00000000
0.07042014 0.20839000 0.08510039 -0.59318222 0.70007900 0.39752200 1.00000000
0.07042929 0.20845400 0.08539321 -0.61024028 0.66296300 0.43368964 1.00000000
0.07074125 0.20841800 0.08559645 -0.68214768 0.62354600 0.38192296 1.00000000
0.07141313 0.20989800 0.08596530 -0.75424379 0.61876100 0.21966390 1.00000000
0.06964983 0.20731700 0.08259523 -0.60993056 0.75955600 0.22596199 1.00000000
0.06982875 0.20766900 0.08302411 -0.66341600 0.74113800 0.10292715 1.00000000
0.07037470 0.20879100 0.08460334 -0.71737212 0.67686400 0.16502017 1.00000000
0.07070182 0.20928000 0.08448495 -0.77453278 0.63180100 -0.03044010 1.00000000
0.07068319 0.20983100 0.08569579 -0.78212305 0.59644900 0.18036590 1.00000000
0.07016878 0.20855100 0.08507256 -0.57116960 0.71258200 0.40742128 1.00000000
0.07004745 0.20830200 0.08472166 -0.56762268 0.73132700 0.37810805 1.00000000
0.06972955 0.20787800 0.08513275 -0.51591905 0.65844000 0.54798186 1.00000000
0.07006584 0.20843100 0.08530727 -0.56249580 0.68135500 0.46835224 1.00000000
0.06936664 0.20649400 0.08145410 -0.55621025 0.77851200 0.29077209 1.00000000
0.06972533 0.20682500 0.08229182 -0.60692833 0.73394900 0.30488850 1.00000000
0.06944343 0.20619800 0.08551315 -0.56918046 0.51744100 0.63897405 1.00000000
0.06952237 0.20686900 0.08546465 -0.55029920 0.55584300 0.62306437 1.00000000
0.06924966 0.20646200 0.08556329 -0.53221488 0.55148200 0.64235054 1.00000000
0.06920132 0.20642400 0.08577812 -0.45876776 0.60287300 0.65274482 1.00000000
0.06942602 0.20527700 0.08571732 -0.48614644 0.61936500 0.61648142 1.00000000
0.06936755 0.20554700 0.08565929 -0.51906739 0.59402100 0.61457985 1.00000000
0.06909799 0.20516100 0.08585556 -0.39278744 0.67659800 0.62284178 1.00000000
0.06928293 0.20597500 0.08566999 -0.49587455 0.59203900 0.63529423 1.00000000
0.06901107 0.20519400 0.08574859 -0.53849635 0.50658500 0.67334467 1.00000000
0.06945864 0.20687800 0.08177601 -0.58929817 0.76573700 0.25763330 1.00000000
0.06930432 0.20669900 0.08212801 -0.54384648 0.75543100 0.36545185 1.00000000
0.06923874 0.20714500 0.08531026 -0.50177555 0.55284200 0.66527211 1.00000000
0.06622097 0.19930600 0.08109245 -0.74311050 0.37913900 0.55139804 1.00000000
0.06577288 0.19971000 0.08101710 -0.82442410 0.23754100 0.51371167 1.00000000
0.06558936 0.19883000 0.08295927 -0.78790835 0.37598100 0.48768674 1.00000000
0.06530172 0.19987500 0.08191756 -0.54662256 0.74802500 0.37637974 1.00000000
0.06477174 0.19916900 0.08260281 -0.77523103 0.33010500 0.53855977 1.00000000
0.06566434 0.19985400 0.08283297 -0.70545014 0.14970900 0.69276826 1.00000000
0.06544627 0.19952800 0.08291193 -0.74192586 0.19603700 0.64118260 1.00000000
0.06568273 0.19998400 0.08341858 -0.66729184 0.08536830 0.73988743 1.00000000
0.06504668 0.19955300 0.08343128 -0.77828549 0.21524000 0.58986663 1.00000000
0.06512825 0.19910400 0.08332295 -0.79252284 0.25210400 0.55529387 1.00000000
0.06478368 0.19769500 0.08364541 -0.66280188 0.72735400 0.17790383 1.00000000
0.06425571 0.19821900 0.08282889 -0.76051993 0.46576400 0.45240790 1.00000000
0.06400221 0.19798500 0.08268367 -0.72462823 0.55433900 0.40941672 1.00000000
0.06470508 0.19858300 0.08304165 -0.75497827 0.51815900 0.40189403 1.00000000
0.06479807 0.19859400 0.08334370 -0.63923107 0.76194400 0.10404127 1.00000000
0.06469207 0.19845300 0.08348077 -0.63923107 0.76194400 0.10404127 1.00000000
0.06437705 0.19846800 0.08317989 -0.75497827 0.51815900 0.40189403 1.00000000
0.06418426 0.19835900 0.08321007 -0.64243094 0.76347900 0.06619094 1.00000000
0.06435568 0.19789900 0.08330627 -0.64243094 0.76347900 0.06619094 1.00000000
0.06387179 0.19725300 0.08284948 -0.72064048 0.56524300 0.40147034 1.00000000
0.06493175 0.20090800 0.08262318 -0.78116324 0.05053160 0.62227901 1.00000000
0.06835807 0.20050300 0.08383461 -0.56907931 -0.01816200 0.82208203 1.00000000
0.06870446 0.20074800 0.08428189 -0.61734239 -0.08598110 0.78198155 1.00000000
0.06808655 0.20128300 0.08326095 -0.57716081 0.01533550 0.81648621 1.00000000
0.06737412 0.20171800 0.08359699 -0.53723723 -0.03822130 0.84256492 1.00000000
0.06681624 0.20191500 0.08439044 -0.46561639 -0.14906100 0.87234343 1.00000000
0.06733725 0.20172200 0.08503173 -0.60598644 -0.07977930 0.79146366 1.00000000
0.06521848 0.20289500 0.08401920 -0.42860439 -0.25974700 0.86534998 1.00000000
0.06761196 0.20028400 0.08390649 -0.57720969 0.01819460 0.81639287 1.00000000
0.06722854 0.20046100 0.08408444 -0.58199895 0.01815580 0.81298720 1.00000000
0.06772721 0.20049000 0.08406232 -0.60261829 0.01253210 0.79793121 1.00000000
0.06738263 0.19908000 0.08438469 -0.59016680 0.04119140 0.80622926 1.00000000
0.06709553 0.20043200 0.08511951 -0.62900425 -0.01530970 0.77725121 1.00000000
0.06753493 0.20068700 0.08586894 -0.68371861 0.12193100 0.71948731 1.00000000
0.06712316 0.20062600 0.08599792 -0.63017553 -0.07975310 0.77234595 1.00000000
0.06721084 0.20022000 0.08608487 -0.67836022 0.16371700 0.71625728 1.00000000
0.06736792 0.19927900 0.08567323 -0.60464912 -0.06182530 0.79408830 1.00000000
0.06718957 0.19965100 0.08621123 -0.61258309 -0.06166040 0.78799783 1.00000000
0.06692908 0.19974800 0.08589068 -0.66143598 0.01241900 0.74989833 1.00000000
0.06710021 0.20054200 0.08355810 -0.61234287 0.03237050 0.78992870 1.00000000
0.06692868 0.20100100 0.08346192 -0.56084142 -0.02670010 0.82749328 1.00000000
0.06604312 0.19998500 0.08340688 -0.64878058 0.08242200 0.75649836 1.00000000
0.06682590 0.20046400 0.08450615 -0.60721816 0.01250320 0.79443641 1.00000000
0.06658861 0.19996400 0.08482897 -0.62505407 0.04390620 0.77934591 1.00000000
0.06650091 0.20037000 0.08474192 -0.62161115 0.02381630 0.78296375 1.00000000
0.06657150 0.20060400 0.08438078 -0.58507348 0.00692841 0.81095102 1.00000000
0.06623431 0.20042400 0.08422610 -0.58507348 0.00692841 0.81095102 1.00000000
0.06596726 0.19933500 0.08355312 -0.68194266 0.14420200 0.71704980 1.00000000
0.06572512 0.19956100 0.08381800 -0.68241064 0.12854000 0.71957820 1.00000000
0.06555852 0.19929500 0.08377965 -0.70791256 0.16892800 0.68580099 1.00000000
0.06632594 0.19966600 0.08439084 -0.65959275 0.09756740 0.74526377 1.00000000
0.06725212 0.20100700 0.08488508 -0.62354151 -0.04683410 0.78038616 1.00000000
0.06733507 0.20132700 0.08491415 -0.62217207 -0.05282120 0.78109681 1.00000000
0.06677066 0.20033800 0.08535537 -0.63755155 -0.00689785 0.77037716 1.00000000
0.06723934 0.20004100 0.08694334 -0.67797229 0.22742800 0.69902115 1.00000000
0.06733537 0.20007300 0.08734293 -0.69205817 0.19599800 0.69472359 1.00000000
0.06728068 0.20041000 0.08655308 -0.68871058 0.17674200 0.70316401 1.00000000
0.06526604 0.20064800 0.08348974 -0.51253904 -0.05292100 0.85703161 1.00000000
0.06518139 0.20107600 0.08350033 -0.42206741 -0.16415000 0.89157915 1.00000000
0.04905517 0.21871300 0.07273040 0.50449178 0.85759100 0.10012954 0.00000000
0.04907035 0.21923900 0.07240887 0.50771268 0.85607200 0.09679303 0.00000000
0.04882518 0.21944300 0.07257620 0.50771268 0.85607200 0.09679303 0.00000000
0.04862835 0.21968600 0.07252870 0.49422725 0.86031500 0.12489294 0.00000000
0.04718367 0.22049400 0.07085849 0.55864611 0.81274300 0.16541701 0.00000000
0.04788140 0.22025800 0.07181098 0.49361205 0.85564800 0.15560798 0.00000000
0.04810127 0.21983700 0.07169233 0.46119922 0.87021900 0.17324509 0.00000000
0.04773623 0.22014300 0.07245579 0.46909935 0.86747800 0.16561134 0.00000000
0.04770466 0.22030100 0.07149968 0.51511899 0.84332100 0.15316982 0.00000000
0.04768064 0.22085300 0.07168579 0.52045502 0.83668500 0.17054557 0.00000000
0.04760476 0.22020300 0.07183193 0.49361205 0.85564800 0.15560798 0.00000000
0.04735953 0.22082500 0.07118973 0.56019122 0.81099000 0.16876314 0.00000000
0.04706905 0.22059500 0.07247918 0.54279755 0.82981400 0.12953495 0.00000000
0.04662559 0.22152700 0.07003289 0.55344079 0.81154300 0.18735250 0.00000000
0.04656935 0.22177500 0.07090197 0.55542760 0.81171100 0.18062413 0.00000000
0.04709905 0.22092200 0.07086918 0.56222259 0.81036500 0.16496806 0.00000000
0.04656288 0.22059000 0.07054953 0.55864611 0.81274300 0.16541701 0.00000000
0.04684769 0.22108300 0.07084135 0.56222259 0.81036500 0.16496806 0.00000000
0.04651749 0.22057300 0.07086201 0.56566842 0.80864700 0.16158335 0.00000000
0.04604621 0.22157400 0.07014330 0.52956241 0.82224300 0.20852061 0.00000000
0.04664791 0.22130500 0.07069620 0.55802425 0.81230000 0.16963871 0.00000000
0.04613606 0.22156300 0.07034782 0.52956241 0.82224300 0.20852061 0.00000000
0.04681780 0.22075700 0.07245143 0.58223152 0.80642700 0.10335225 0.00000000
0.04938497 0.21808100 0.07255238 0.50033046 0.85951300 0.10443829 0.00000000
0.04391654 0.22342900 0.06887783 0.58201661 0.80570200 -0.11000497 0.00000000
0.04369441 0.22345500 0.06887902 0.58201661 0.80570200 -0.11000497 0.00000000
0.04531056 0.22260500 0.06983587 0.56395521 0.82140600 0.08513402 0.00000000
0.04503697 0.22257200 0.06995446 0.57109076 0.81839300 0.06393673 0.00000000
0.04511373 0.22284800 0.06978838 0.57620512 0.81557300 0.05317783 0.00000000
0.04545808 0.22269800 0.07011826 0.54042377 0.82962500 0.14023308 0.00000000
0.04578572 0.22167000 0.06982275 0.53385619 0.82485400 0.18604755 0.00000000
0.04553436 0.22183200 0.06979492 0.52723686 0.83049400 0.17972361 0.00000000
0.04548603 0.22179400 0.07000985 0.53309981 0.82436900 0.19031602 0.00000000
0.04562194 0.22168900 0.07248784 0.55041201 0.81512700 0.18059418 0.00000000
0.04554904 0.22147800 0.07192199 0.55542760 0.81171100 0.18062413 0.00000000
0.04493699 0.22289100 0.06947708 0.57733482 0.81605800 0.02709541 0.00000000
0.04438301 0.22315400 0.06953879 0.56174233 0.82731200 0.00091759 0.00000000
0.04340469 0.22368700 0.06852946 0.56782076 0.81786700 -0.09313043 0.00000000
0.04352691 0.22356300 0.06886052 0.57898983 0.80796000 -0.10941361 0.00000000
0.04327555 0.22372400 0.06883269 0.56782076 0.81786700 -0.09313043 0.00000000
0.04315029 0.22382700 0.06840409 0.59510419 0.77298100 -0.21989001 0.00000000
0.04315952 0.22389200 0.06869679 0.54580223 0.83508100 -0.06885067 0.00000000
0.04307883 0.22396700 0.06878518 0.54580223 0.83508100 -0.06885067 0.00000000
0.04249633 0.22441000 0.06798841 0.59371190 0.72062000 -0.35806789 0.00000000
0.04284059 0.22425900 0.06831831 0.60116094 0.71515200 -0.35659953 0.00000000
0.04284971 0.22432400 0.06861103 0.55829368 0.81634900 -0.14792868 0.00000000
0.04260240 0.22413400 0.06866097 0.55829368 0.81634900 -0.14792868 0.00000000
0.04256305 0.22457800 0.06835910 0.60413356 0.70527300 -0.37096149 0.00000000
0.04240556 0.22437600 0.06861338 0.60413356 0.70527300 -0.37096149 0.00000000
0.04180254 0.22429400 0.06711362 0.49906395 0.84266000 -0.20213401 0.00000000
0.04176712 0.22438600 0.06688944 0.49678786 0.84259600 -0.20792821 0.00000000
0.04160354 0.22414200 0.06694854 0.49678786 0.84259600 -0.20792821 0.00000000
0.04161566 0.22464600 0.06652937 0.47961923 0.85272700 -0.20693326 0.00000000
0.04151280 0.22452600 0.06676396 0.48852323 0.84868700 -0.20267175 0.00000000
0.04223583 0.22450700 0.06766777 0.57883774 0.74408000 -0.33360262 0.00000000
0.04181166 0.22435900 0.06740634 0.53435565 0.80584200 -0.25511251 0.00000000
0.04224497 0.22457100 0.06796058 0.57883774 0.74408000 -0.33360262 0.00000000
0.04198752 0.22469000 0.06773758 0.56101417 0.77607300 -0.28805003 0.00000000
0.04233797 0.22458200 0.06826263 0.59371190 0.72062000 -0.35806789 0.00000000
0.04217037 0.22469000 0.06824415 0.57883774 0.74408000 -0.33360262 0.00000000
0.04207448 0.22424000 0.06865398 0.60413356 0.70527300 -0.37096149 0.00000000
0.04181006 0.22468800 0.06825574 0.56101417 0.77607300 -0.28805003 0.00000000
0.04164247 0.22479600 0.06823726 0.53435565 0.80584200 -0.25511251 0.00000000
0.04071578 0.22497100 0.06792013 0.47484176 0.85250700 -0.21853248 0.00000000
0.04133048 0.22483300 0.06803391 0.49906395 0.84266000 -0.20213401 0.00000000
0.04121750 0.22502200 0.06799565 0.49678786 0.84259600 -0.20792821 0.00000000
0.04017033 0.22499200 0.06649824 0.45577551 0.86236800 -0.22043134 0.00000000
0.04011796 0.22530600 0.06663539 0.45577551 0.86236800 -0.22043134 0.00000000
0.04001805 0.22520800 0.06696764 0.45577551 0.86236800 -0.22043134 0.00000000
0.04045699 0.22473900 0.06675017 0.46446244 0.85961800 -0.21291312 0.00000000
0.04052468 0.22453300 0.06710089 0.46446244 0.85961800 -0.21291312 0.00000000
0.04035709 0.22464000 0.06708241 0.46446244 0.85961800 -0.21291312 0.00000000
0.04012189 0.22495400 0.06671309 0.45577551 0.86236800 -0.22043134 0.00000000
0.04013113 0.22501900 0.06700589 0.45577551 0.86236800 -0.22043134 0.00000000
0.04019481 0.22516500 0.06727904 0.46446244 0.85961800 -0.21291312 0.00000000
0.04003947 0.22535900 0.06765080 0.45577551 0.86236800 -0.22043134 0.00000000
0.04064288 0.22476000 0.06735428 0.47484176 0.85250700 -0.21853248 0.00000000
0.04039163 0.22492200 0.06732653 0.46446244 0.85961800 -0.21291312 0.00000000
0.07743139 0.19312500 0.09061086 -0.47145803 -0.86635100 -0.16481433 0.00000000
0.07687168 0.19448700 0.09063507 -0.49914897 -0.83363400 -0.23644219 0.00000000
0.07695856 0.19445500 0.09074235 -0.49774997 -0.83544100 -0.23298893 0.00000000
0.07670724 0.19461700 0.09071421 -0.49961807 -0.83024000 -0.24714918 0.00000000
0.07675866 0.19467600 0.09059712 -0.49961807 -0.83024000 -0.24714918 0.00000000
0.07653560 0.19507600 0.09061744 -0.49530639 -0.82716400 -0.26546389 0.00000000
0.07737815 0.19381200 0.09076805 -0.48303214 -0.85814900 -0.17395404 0.00000000
0.07704303 0.19402800 0.09073087 -0.49126057 -0.84106800 -0.22642345 0.00000000
0.07628447 0.19523800 0.09059028 -0.49669319 -0.82428100 -0.27176375 0.00000000
0.07616213 0.19536200 0.09025863 -0.49211291 -0.82076800 -0.29011180 0.00000000
0.07603007 0.19537800 0.09046491 -0.49211291 -0.82076800 -0.29011180 0.00000000
0.07582403 0.19555600 0.09012421 -0.49095645 -0.81984400 -0.29464729 0.00000000
0.07601999 0.19568700 0.09019174 -0.49211291 -0.82076800 -0.29011180 0.00000000
0.07534157 0.19567900 0.08980512 -0.48731764 -0.81692600 -0.30847043 0.00000000
0.07551811 0.19563600 0.09011595 -0.48978845 -0.81788000 -0.30195995 0.00000000
0.07552734 0.19570100 0.09040865 -0.48978845 -0.81788000 -0.30195995 0.00000000
0.07535070 0.19574400 0.09009784 -0.48978845 -0.81788000 -0.30195995 0.00000000
0.07490043 0.19575300 0.08990492 -0.48609907 -0.81591200 -0.31304256 0.00000000
0.07483602 0.19556200 0.09046174 -0.48978845 -0.81788000 -0.30195995 0.00000000
0.07471447 0.19573100 0.08930041 -0.49485048 -0.80508500 -0.32704976 0.00000000
0.07455225 0.19625500 0.08949733 -0.49718403 -0.79606200 -0.34509916 0.00000000
0.07458146 0.19612000 0.08952624 -0.49856110 -0.80177100 -0.32954405 0.00000000
0.07430304 0.19681200 0.08958698 -0.47309797 -0.77592800 -0.41727038 0.00000000
0.07449997 0.19656900 0.08963497 -0.49293664 -0.78882000 -0.36711778 0.00000000
0.07422856 0.19693100 0.08987063 -0.47309797 -0.77592800 -0.41727038 0.00000000
0.07408632 0.19725500 0.08980376 -0.46396994 -0.77880800 -0.42212555 0.00000000
0.07840102 0.19367000 0.09148555 -0.45240537 -0.88124400 -0.13688898 0.00000000
0.07898487 0.19399600 0.09241962 -0.45241818 -0.88326700 -0.12311687 0.00000000
0.07863437 0.19410300 0.09189427 -0.45241818 -0.88326700 -0.12311687 0.00000000
0.07847070 0.19385900 0.09195288 -0.45241818 -0.88326700 -0.12311687 0.00000000
0.07832625 0.19378800 0.09176823 -0.45240537 -0.88124400 -0.13688898 0.00000000
0.07892020 0.19422300 0.09216633 -0.45241818 -0.88326700 -0.12311687 0.00000000
0.07858910 0.19408700 0.09220683 -0.45150461 -0.88504100 -0.11333883 0.00000000
0.07814499 0.19413900 0.09220938 -0.45913569 -0.87633100 -0.14573167 0.00000000
0.07827964 0.19342000 0.09113435 -0.45913569 -0.87633100 -0.14573167 0.00000000
0.07805753 0.19344600 0.09113512 -0.45913569 -0.87633100 -0.14573167 0.00000000
0.07777700 0.19374300 0.09107806 -0.47145803 -0.86635100 -0.16481433 0.00000000
0.07773163 0.19372700 0.09139065 -0.47145803 -0.86635100 -0.16481433 0.00000000
0.07812442 0.19361400 0.09150619 -0.45913569 -0.87633100 -0.14573167 0.00000000
0.07755499 0.19376900 0.09107984 -0.48303214 -0.85814900 -0.17395404 0.00000000
0.07756411 0.19383400 0.09137256 -0.48303214 -0.85814900 -0.17395404 0.00000000
0.07796594 0.19378700 0.09177982 -0.45913569 -0.87633100 -0.14573167 0.00000000
0.07771471 0.19394800 0.09175268 -0.47145803 -0.86635100 -0.16481433 0.00000000
0.07754710 0.19405600 0.09173359 -0.48303214 -0.85814900 -0.17395404 0.00000000
0.07893336 0.19393600 0.09253673 -0.45241818 -0.88326700 -0.12311687 0.00000000
0.07688388 0.19457400 0.09102502 -0.49774997 -0.83544100 -0.23298893 0.00000000
0.07764225 0.19446200 0.09215312 -0.48303214 -0.85814900 -0.17395404 0.00000000
0.07671636 0.19468100 0.09100693 -0.49914897 -0.83363400 -0.23644219 0.00000000
0.07643285 0.19495600 0.09085262 -0.49961807 -0.83024000 -0.24714918 0.00000000
0.07638133 0.19489700 0.09096973 -0.49961807 -0.83024000 -0.24714918 0.00000000
0.07626514 0.19506400 0.09083356 -0.49535536 -0.82623100 -0.26826384 0.00000000
0.07727436 0.19406600 0.09102280 -0.48736585 -0.84965800 -0.20138283 0.00000000
0.07728675 0.19415300 0.09141373 -0.48505866 -0.85474200 -0.18475597 0.00000000
0.07712922 0.19395100 0.09166781 -0.48303214 -0.85814900 -0.17395404 0.00000000
0.07710694 0.19417400 0.09100469 -0.49082691 -0.84336800 -0.21867601 0.00000000
0.07730808 0.19430300 0.09209639 -0.48303214 -0.85814900 -0.17395404 0.00000000
0.07621382 0.19500400 0.09095165 -0.49530639 -0.82716400 -0.26546389 0.00000000
0.07603920 0.19544200 0.09075763 -0.49211291 -0.82076800 -0.29011180 0.00000000
0.07243169 0.19859300 0.08771524 -0.79438992 -0.40788400 0.45008414 0.00000000
0.07240545 0.19875000 0.08778357 -0.79495839 -0.41367800 0.44374805 0.00000000
0.07217941 0.19912900 0.08770716 -0.78025630 -0.41763200 0.46560038 0.00000000
0.07185043 0.19938700 0.08786495 -0.70353669 -0.36623000 0.60902528 0.00000000
0.07217257 0.19904100 0.08834185 -0.79228379 -0.42269500 0.44001632 0.00000000
0.06980917 0.20129900 0.08504773 -0.67347010 0.10369100 0.73190556 0.00000000
0.07171775 0.20133600 0.08743851 -0.71602221 -0.25527600 0.64972744 0.00000000
0.07172690 0.20140100 0.08773133 -0.72474065 -0.28156600 0.62886566 0.00000000
0.07140577 0.20137300 0.08723517 -0.71891919 -0.23814200 0.65302689 0.00000000
0.07147338 0.20116700 0.08758602 -0.70425061 -0.25627900 0.66208126 0.00000000
0.07133726 0.20153500 0.08771392 -0.73885412 -0.27598900 0.61475585 0.00000000
0.07124575 0.19963400 0.08721480 -0.64717310 -0.24954500 0.72034352 0.00000000
0.07205148 0.20035200 0.08733819 -0.74008342 -0.28929100 0.60711355 0.00000000
0.07214447 0.20036300 0.08764024 -0.77321334 -0.31084600 0.55273450 0.00000000
0.07190927 0.20067700 0.08727091 -0.74931917 -0.26859600 0.60529053 0.00000000
0.07191841 0.20074100 0.08756372 -0.75824523 -0.27078200 0.59307854 0.00000000
0.07131152 0.20059300 0.08679580 -0.68342432 -0.21314900 0.69821063 0.00000000
0.07122993 0.20104300 0.08690403 -0.70623162 -0.21225300 0.67541508 0.00000000
0.07115798 0.20004000 0.08712787 -0.66717226 -0.25887000 0.69847571 0.00000000
0.07099439 0.19979600 0.08718697 -0.65393272 -0.24524900 0.71569901 0.00000000
0.07064844 0.20027600 0.08770649 -0.67551013 -0.28255400 0.68106523 0.00000000
0.07123425 0.20183300 0.08713900 -0.74553998 -0.20553500 0.63397557 0.00000000
0.07013300 0.20244600 0.08662815 -0.77398703 -0.01738660 0.63296331 0.00000000
0.07320390 0.19823800 0.08838409 -0.53724651 -0.68961300 -0.48559251 0.00000000
0.07294336 0.19833500 0.08806325 -0.81446751 -0.49622500 0.30067242 0.00000000
0.07301101 0.19812900 0.08841378 -0.57019622 -0.69553800 -0.43715280 0.00000000
0.07394574 0.19725000 0.08888667 -0.42025766 -0.72681200 -0.54325715 0.00000000
0.07363982 0.19733000 0.08887841 -0.42025766 -0.72681200 -0.54325715 0.00000000
0.07381666 0.19728700 0.08919020 -0.42751503 -0.73475600 -0.52665436 0.00000000
0.07368836 0.19736800 0.08866406 -0.42025766 -0.72681200 -0.54325715 0.00000000
0.07354987 0.19734100 0.08867390 -0.41948023 -0.72976200 -0.53989187 0.00000000
0.07335324 0.19758400 0.08862688 -0.40536094 -0.71019600 -0.57559097 0.00000000
0.07364895 0.19739500 0.08917113 -0.42025766 -0.72681200 -0.54325715 0.00000000
0.07331392 0.19761000 0.08913393 -0.41117238 -0.72315500 -0.55496325 0.00000000
0.07321405 0.19751200 0.08946638 -0.41948023 -0.72976200 -0.53989187 0.00000000
0.07329481 0.19785400 0.08856905 -0.38207102 -0.70025500 -0.60304640 0.00000000
0.07330470 0.19754500 0.08884123 -0.40443850 -0.71178000 -0.57428106 0.00000000
0.07305357 0.19770700 0.08881407 -0.40536094 -0.71019600 -0.57559097 0.00000000
0.07314640 0.19771800 0.08911585 -0.40536094 -0.71019600 -0.57559097 0.00000000
0.07280215 0.19786800 0.08878595 -0.47032027 -0.70278100 -0.53375730 0.00000000
0.07285965 0.19838900 0.08805419 -0.81745899 -0.51507400 0.25779666 0.00000000
0.07270529 0.19820900 0.08840650 -0.82063396 -0.53673500 0.19615384 0.00000000
0.07253153 0.19827400 0.08819194 -0.81931806 -0.48955500 0.29841910 0.00000000
0.07235710 0.19871200 0.08799891 -0.80122754 -0.44588900 0.39902128 0.00000000
0.07217737 0.19831500 0.08839900 -0.82264459 -0.50625800 0.25876491 0.00000000
0.07279822 0.19822000 0.08870825 -0.81110035 -0.58297800 0.04746026 0.00000000
0.07254085 0.19833900 0.08848564 -0.80547587 -0.42652100 0.41144662 0.00000000
0.07255083 0.19803000 0.08875781 -0.71727622 -0.66200200 -0.21740890 0.00000000
0.07238735 0.19778500 0.08881740 -0.70894904 -0.66917000 -0.22271533 0.00000000
0.07185137 0.19859500 0.08865454 -0.73500625 -0.38068000 0.56111457 0.00000000
0.07097608 0.19924800 0.08741099 -0.63335858 -0.25305400 0.73131416 0.00000000
0.07091458 0.19949800 0.08725542 -0.63925829 -0.25974700 0.72379635 0.00000000
0.06923724 0.20215700 0.08549063 -0.72421428 0.14279000 0.67462944 0.00000000
0.06935859 0.20240600 0.08584163 -0.74177164 0.12624600 0.65866292 0.00000000
0.06908580 0.20241700 0.08513065 -0.69670191 0.15007400 0.70148714 0.00000000
0.06919919 0.20337000 0.08532628 -0.75498875 0.09211240 0.64923615 0.00000000
0.06910545 0.20331500 0.08585359 -0.67034948 0.51039000 0.53864031 0.00000000
0.06935062 0.20311000 0.08568626 -0.69497740 0.47773700 0.53737708 0.00000000
0.06942788 0.20187100 0.08534296 -0.70405473 0.10887300 0.70175065 0.00000000
0.06945236 0.20204300 0.08612376 -0.74628524 0.07737830 0.66111373 0.00000000
0.06928663 0.20140400 0.08606547 -0.71201645 0.01506130 0.70200114 0.00000000
0.06907673 0.20193400 0.08564746 -0.71333373 0.07841640 0.69642442 0.00000000
0.06841442 0.20207800 0.08491915 -0.67985924 -0.17055000 0.71323432 0.00000000
0.06844104 0.20264600 0.08581732 -0.69474730 0.06984150 0.71585461 0.00000000
0.06735667 0.20345600 0.08413553 -0.06881294 0.11295000 0.99121492 0.00000000
0.06912289 0.20423600 0.08564951 -0.70835345 0.28667100 0.64502303 0.00000000
0.06877046 0.20353000 0.08581659 -0.56246678 0.69377900 0.44978022 0.00000000
0.06842218 0.20403300 0.08540902 -0.64125340 0.18138700 0.74558200 0.00000000
0.06842787 0.20293300 0.08544683 -0.67056620 0.19702000 0.71520915 0.00000000
0.06793145 0.20330000 0.08558641 -0.58369314 -0.03538580 0.81120299 0.00000000
0.06790512 0.20387400 0.08484552 -0.36647703 0.26793100 0.89101525 0.00000000
0.06731128 0.20343900 0.08444801 -0.18799875 0.12584800 0.97407310 0.00000000
0.06761934 0.20375400 0.08457365 -0.22513541 0.23349400 0.94593635 0.00000000
0.06765386 0.20403600 0.08481767 -0.26079860 0.27753300 0.92463988 0.00000000
0.06740427 0.20345000 0.08475006 -0.34300566 0.10498500 0.93344831 0.00000000
0.06741036 0.20349300 0.08494524 -0.38690261 0.04910060 0.92081203 0.00000000
0.06826463 0.20424900 0.08485376 -0.42793206 0.34643200 0.83478068 0.00000000
0.06810107 0.20400500 0.08491296 -0.41034863 0.30873000 0.85807934 0.00000000
0.06790826 0.20389600 0.08494304 -0.40508265 0.26639200 0.87460976 0.00000000
0.06802645 0.20412300 0.08519643 -0.47426682 0.27882500 0.83506138 0.00000000
0.06861105 0.20449400 0.08530114 -0.59620871 0.31133400 0.74000356 0.00000000
0.06817092 0.20419400 0.08538117 -0.51713822 0.30875200 0.79827386 0.00000000
0.06775384 0.20371600 0.08529506 -0.47430252 0.15542300 0.86653300 0.00000000
0.06767097 0.20339600 0.08526586 -0.53882352 -0.04113200 0.84141378 0.00000000
0.06801129 0.20359800 0.08551806 -0.64235176 -0.11342000 0.75797122 0.00000000
0.06791083 0.20277500 0.08488343 -0.62019307 -0.10121100 0.77789186 0.00000000
0.06818665 0.20278600 0.08569196 -0.66756095 0.01798760 0.74433851 0.00000000
0.07004010 0.20243500 0.08632609 -0.76947826 0.05081870 0.63664821 0.00000000
0.06959772 0.20174100 0.08628866 -0.73182237 -0.03165550 0.68075984 0.00000000
0.06827699 0.20391800 0.08605373 -0.47209749 0.63765800 0.60870115 0.00000000
0.06827168 0.20350100 0.08583863 -0.62546136 0.26436100 0.73410600 0.00000000
0.06588970 0.20630900 0.08375565 0.18507583 0.58204200 0.79181764 0.00000000
0.06572756 0.20641600 0.08476178 0.21004337 0.58382600 0.78423806 0.00000000
0.06704774 0.20351400 0.08402982 -0.03744226 0.08115860 0.99599786 0.00000000
0.06651070 0.20355600 0.08373011 -0.19151405 0.00383276 0.98148248 0.00000000
0.06637154 0.20390200 0.08376047 -0.04569391 0.10338500 0.99359146 0.00000000
0.06696841 0.20435800 0.08425552 0.11932775 0.20926900 0.97055017 0.00000000
0.06726031 0.20452200 0.08472266 -0.01424178 0.24946500 0.96827871 0.00000000
0.06700895 0.20468300 0.08469483 0.11657854 0.18211400 0.97634180 0.00000000
0.06728433 0.20396900 0.08453656 -0.04455204 0.20483300 0.97778289 0.00000000
0.06752079 0.20442500 0.08504321 -0.19627809 0.31917800 0.92714617 0.00000000
0.06732397 0.20466800 0.08499572 -0.12728640 0.27616400 0.95264479 0.00000000
0.06707271 0.20482900 0.08496787 0.05481982 0.22908700 0.97186087 0.00000000
0.06688682 0.20480700 0.08436375 0.14118031 0.18629100 0.97229778 0.00000000
0.06663546 0.20496900 0.08433592 0.15952566 0.24045100 0.95746237 0.00000000
0.06672629 0.20458500 0.08452049 0.16274214 0.18570300 0.96903563 0.00000000
0.06654247 0.20495800 0.08403388 0.18409487 0.27168900 0.94461288 0.00000000
0.06656086 0.20508700 0.08461949 0.19358180 0.21953600 0.95620633 0.00000000
0.06638422 0.20513000 0.08430817 0.20361107 0.31540200 0.92685744 0.00000000
0.06636678 0.20420900 0.08451225 0.12932088 0.11296900 0.98514634 0.00000000
0.06594272 0.20406200 0.08425080 0.07657798 0.03001480 0.99661198 0.00000000
0.06684449 0.20481200 0.08477388 0.17070989 0.16603900 0.97123073 0.00000000
0.06639995 0.20372200 0.08461896 -0.01710787 -0.02482300 0.99954541 0.00000000
0.06577937 0.20537800 0.08365765 0.22270779 0.49518700 0.83975648 0.00000000
0.06517247 0.20523000 0.08288973 0.54005574 0.84138300 -0.02035737 0.00000000
0.06561187 0.20548500 0.08363915 0.27507512 0.64806800 0.71017043 0.00000000
0.06629123 0.20511900 0.08400613 0.21572552 0.32520800 0.92070709 0.00000000
0.06604292 0.20530300 0.08407594 0.24545418 0.36295900 0.89889564 0.00000000
0.06579166 0.20546400 0.08404809 0.25959764 0.45819900 0.85009581 0.00000000
0.06572109 0.20523000 0.08440933 0.32601203 0.40319300 0.85507372 0.00000000
0.06563545 0.20603200 0.08443979 0.27832937 0.62407400 0.73011299 0.00000000
0.06496713 0.20571500 0.08432593 0.44142211 0.68851100 0.57541207 0.00000000
0.06548506 0.20550000 0.08486948 0.37996107 0.55991500 0.73629126 0.00000000
0.06547494 0.20580900 0.08459663 0.35924117 0.66951700 0.65014880 0.00000000
0.06523370 0.20566100 0.08484165 0.39772923 0.68353500 0.61203909 0.00000000
0.06514602 0.20606700 0.08475471 0.37757866 0.70404100 0.60146571 0.00000000
0.06134898 0.21069100 0.08118779 -0.65398261 -0.00965266 0.75644792 0.00000000
0.06103093 0.21068500 0.08078937 -0.50789333 0.35501400 0.78486212 0.00000000
0.06077957 0.21084600 0.08076154 -0.49315393 0.40952300 0.76752208 0.00000000
0.06100866 0.21048900 0.08093559 -0.32263682 0.62700000 0.70906731 0.00000000
0.06553758 0.20716400 0.08327036 0.23676031 0.66161000 0.71148954 0.00000000
0.06467629 0.20715600 0.08237706 0.77139082 0.58214100 0.25703700 0.00000000
0.06508342 0.20752500 0.08299993 0.46197419 0.58313600 0.66823073 0.00000000
0.06560655 0.20772700 0.08375851 0.14947286 0.47640300 0.86642876 0.00000000
0.06341988 0.20754600 0.08304759 0.77726340 0.56242900 0.28201976 0.00000000
0.06355316 0.20871700 0.08216971 0.35184592 0.51482000 0.78177084 0.00000000
0.06346943 0.20877100 0.08216056 0.33082472 0.50428400 0.79765502 0.00000000
0.06340100 0.20893200 0.08263919 0.90401738 0.42468900 0.04890187 0.00000000
0.06285798 0.20809500 0.08376346 0.47745867 0.61564900 0.62690453 0.00000000
0.06430077 0.20621100 0.08351984 0.68785477 0.67771000 0.25993369 0.00000000
0.06385047 0.20663800 0.08251748 0.84695927 0.52176700 0.10207145 0.00000000
0.06404029 0.20630800 0.08319929 0.76359167 0.62250900 0.17149729 0.00000000
0.06443512 0.20659100 0.08343172 0.69401897 0.65249100 0.30429177 0.00000000
0.06427156 0.20634600 0.08349092 0.69041699 0.67237300 0.26690584 0.00000000
0.06401637 0.20686000 0.08338538 0.82196585 0.54117500 0.17748705 0.00000000
0.06375892 0.20697800 0.08316237 0.86317258 0.49794300 0.08358521 0.00000000
0.06368912 0.20637100 0.08350369 0.73095444 0.60710600 0.31165463 0.00000000
0.06356474 0.20610000 0.08305515 0.81448893 0.56721300 0.12197096 0.00000000
0.06453115 0.20662300 0.08383131 0.51809608 0.67203900 0.52909316 0.00000000
0.06437770 0.20607000 0.08416336 0.50487154 0.69793000 0.50793639 0.00000000
0.06436453 0.20635700 0.08379287 0.60439816 0.67670500 0.42044360 0.00000000
0.06471399 0.20662400 0.08433789 0.42147505 0.67672400 0.60365873 0.00000000
0.06421710 0.20584700 0.08432022 0.52548857 0.67973300 0.51168835 0.00000000
0.06455956 0.20644400 0.08468980 0.41073823 0.68527900 0.60140463 0.00000000
0.06386498 0.20670200 0.08383493 0.65933170 0.60953000 0.44017584 0.00000000
0.06366287 0.20694600 0.08276268 0.82476893 0.52817600 0.20195513 0.00000000
0.06334255 0.20920300 0.08258126 0.90677143 0.42025200 0.03397644 0.00000000
0.06268253 0.20890700 0.08358959 0.08836594 0.55553500 0.82678453 0.00000000
0.06219125 0.21010700 0.08313466 -0.40628974 0.20030200 0.89151949 0.00000000
0.06209616 0.20928400 0.08352466 0.91089265 0.41263500 0.00277023 0.00000000
0.06169933 0.21058300 0.08171287 -0.48150308 0.17204800 0.85939167 0.00000000
0.06162786 0.21072400 0.08209396 -0.47776003 0.17198700 0.86149031 0.00000000
0.06189445 0.21067000 0.08260978 -0.42801520 0.12261500 0.89541499 0.00000000
0.06184385 0.21023600 0.08270714 -0.43832239 0.12918300 0.88948644 0.00000000
0.06157034 0.21020300 0.08282562 -0.43832239 0.12918300 0.88948644 0.00000000
0.06200052 0.21039400 0.08328234 -0.42206741 0.16415000 0.89157915 0.00000000
0.06140806 0.21072700 0.08302224 -0.43400005 0.14811900 0.88865270 0.00000000
0.06124969 0.21090000 0.08329646 -0.44421531 0.18129400 0.87738558 0.00000000
0.06108574 0.20951300 0.08319839 -0.37133426 0.28232300 0.88453616 0.00000000
0.06125973 0.21059100 0.08356943 -0.43277785 0.14192300 0.89025945 0.00000000
0.06109615 0.21034600 0.08362853 -0.45735690 0.14211100 0.87785439 0.00000000
0.06111454 0.21047600 0.08421414 -0.47087892 0.20597500 0.85781478 0.00000000
0.06041307 0.21080100 0.08057797 -0.47124593 0.43929900 0.76481670 0.00000000
0.06050293 0.21079100 0.08078250 -0.49624951 0.42047100 0.75956621 0.00000000
0.06033541 0.21089800 0.08076390 -0.47124593 0.43929900 0.76481670 0.00000000
0.06016181 0.21096300 0.08055012 -0.44904152 0.49318800 0.74506843 0.00000000
0.05989817 0.21103800 0.08013195 -0.40613488 0.53448900 0.74119858 0.00000000
0.05963689 0.21150800 0.07983123 -0.44366609 0.52164200 0.72873194 0.00000000
0.06001950 0.21128700 0.08048286 -0.43382915 0.50247400 0.74787217 0.00000000
0.05981964 0.21150900 0.08033783 -0.42584965 0.52003800 0.74041443 0.00000000
0.06008881 0.21075200 0.07998429 -0.43234746 0.53087600 0.72886637 0.00000000
0.06008593 0.21031300 0.08069626 -0.49880453 0.41044500 0.76336721 0.00000000
0.06042309 0.21049300 0.08085084 -0.50284690 0.35134000 0.78975001 0.00000000
0.05996593 0.21041400 0.08129232 -0.44673844 0.46782400 0.76260409 0.00000000
0.06005068 0.20998700 0.08128170 -0.52218947 0.28012600 0.80551071 0.00000000
0.05980237 0.21017000 0.08135151 -0.49795132 0.35569200 0.79090307 0.00000000
0.05979057 0.21122600 0.08111842 -0.46617106 0.45013100 0.76162191 0.00000000
0.05946736 0.21038500 0.08131442 -0.49660302 0.34400700 0.79689764 0.00000000
0.05865232 0.21241600 0.07781720 0.20688921 0.72643000 0.65536035 0.00000000
0.05842860 0.21277200 0.07866779 0.19046325 0.74877100 0.63487447 0.00000000
0.05868908 0.21267500 0.07898834 0.15456135 0.79210400 0.59049311 0.00000000
0.05843772 0.21283700 0.07896051 0.18555855 0.76978400 0.61073719 0.00000000
0.05844177 0.21248500 0.07903828 0.16888431 0.78004100 0.60250636 0.00000000
0.05837198 0.21187700 0.07937961 0.02868943 0.75318500 0.65718276 0.00000000
0.05875988 0.21207300 0.08024624 -0.29921321 0.60576500 0.73723775 0.00000000
0.05902038 0.21197600 0.08056688 -0.34454021 0.57483500 0.74219797 0.00000000
0.05879209 0.21237700 0.07956326 -0.26853459 0.65481900 0.70647088 0.00000000
0.05863157 0.21215400 0.07972000 -0.19390920 0.67796800 0.70905420 0.00000000
0.05829658 0.21237000 0.07968300 0.03091626 0.74355000 0.66796577 0.00000000
0.05865388 0.21193200 0.08038331 -0.30060613 0.61265900 0.73094825 0.00000000
0.05899823 0.21178100 0.08071318 -0.30548474 0.60187800 0.73784960 0.00000000
0.05813910 0.21216800 0.07993737 0.02637282 0.75024900 0.66062924 0.00000000
0.05769953 0.21233100 0.07837833 0.25337610 0.74590800 0.61597278 0.00000000
0.05758655 0.21252000 0.07834007 0.22582186 0.76099000 0.60819303 0.00000000
0.05810271 0.21305200 0.07892341 0.19992028 0.74592600 0.63531503 0.00000000
0.05829946 0.21280900 0.07897102 0.18555855 0.76978400 0.61073719 0.00000000
0.05819650 0.21268900 0.07920563 0.18555855 0.76978400 0.61073719 0.00000000
0.05788060 0.21307800 0.07892469 0.20939803 0.72914500 0.65153682 0.00000000
0.05844696 0.21290100 0.07925331 0.15568766 0.76469200 0.62530551 0.00000000
0.05805734 0.21303500 0.07923599 0.20315718 0.74447400 0.63599151 0.00000000
0.05804522 0.21253100 0.07965517 0.19050273 0.78504300 0.58942055 0.00000000
0.05779082 0.21267100 0.07952980 0.20149889 0.75116600 0.62860865 0.00000000
0.05753337 0.21278900 0.07930679 0.24709824 0.73247500 0.63436854 0.00000000
0.05774160 0.21300600 0.07976457 0.18946884 0.74079700 0.64445412 0.00000000
0.05753868 0.21320600 0.07952189 0.21605220 0.72460100 0.65442681 0.00000000
0.05703075 0.21311200 0.07925112 0.21231770 0.74277900 0.63498101 0.00000000
0.05690847 0.21365400 0.07811052 0.19586389 0.77476800 0.60114270 0.00000000
0.05656727 0.21382700 0.07787826 0.19393588 0.78237000 0.59185004 0.00000000
0.05677645 0.21325200 0.07912573 0.22125760 0.75445200 0.61793805 0.00000000
0.05652118 0.21376600 0.07902030 0.20934282 0.77969900 0.59012357 0.00000000
0.05635151 0.21347800 0.07888422 0.23465890 0.78369100 0.57512000 0.00000000
0.05646642 0.21452000 0.07742082 0.20708329 0.80908500 0.54999896 0.00000000
0.05648569 0.21427600 0.07798650 0.20102627 0.78849200 0.58126395 0.00000000
0.05647564 0.21458500 0.07771352 0.18920191 0.79000500 0.58317617 0.00000000
0.05640587 0.21397700 0.07805494 0.21470288 0.79189600 0.57166738 0.00000000
0.05621516 0.21468100 0.07739298 0.22427743 0.80965500 0.54236388 0.00000000
0.05634653 0.21462200 0.07801685 0.19586242 0.78608700 0.58626364 0.00000000
0.05622430 0.21474600 0.07768579 0.20985243 0.79949100 0.56282885 0.00000000
0.05632741 0.21444800 0.07826070 0.20341524 0.79107300 0.57691058 0.00000000
0.05607607 0.21460900 0.07823297 0.22187142 0.79779100 0.56062674 0.00000000
0.05619209 0.21444200 0.07836877 0.21924986 0.79665900 0.56326276 0.00000000
0.05603068 0.21459300 0.07854545 0.25739390 0.81736700 0.51542122 0.00000000
0.05583966 0.21373600 0.07853585 0.26949289 0.81787700 0.50838121 0.00000000
0.05626373 0.21388400 0.07879730 0.24055632 0.79458500 0.55746535 0.00000000
0.05601247 0.21404500 0.07876945 0.24429066 0.80305300 0.54353175 0.00000000
0.05576111 0.21420700 0.07874162 0.25703025 0.80926700 0.52822577 0.00000000
0.05677557 0.21362600 0.07914567 0.21276767 0.76533300 0.60745035 0.00000000
0.05556140 0.21401100 0.07940610 0.25421751 0.80962700 0.52903543 0.00000000
0.06030320 0.21059400 0.08144688 -0.42490969 0.51036800 0.74764677 0.00000000
0.05996200 0.21076600 0.08121462 -0.48735101 0.37662700 0.78780737 0.00000000
0.06010824 0.21009000 0.08135958 -0.45316247 0.43155900 0.78000029 0.00000000
0.05979451 0.21087400 0.08119612 -0.47691448 0.40286400 0.78118625 0.00000000
0.05945940 0.21108900 0.08115904 -0.44697802 0.45327900 0.77120002 0.00000000
0.05950998 0.21152300 0.08106158 -0.40575851 0.48685700 0.77351874 0.00000000
0.05909909 0.21108800 0.08117063 -0.42038423 0.45953800 0.78236908 0.00000000
0.05895678 0.21141200 0.08110337 -0.37060781 0.52168100 0.76843945 0.00000000
0.05477791 0.21588400 0.07686490 0.44855028 0.86277600 0.23328344 0.00000000
0.05460117 0.21592700 0.07655360 0.47644140 0.85559700 0.20237967 0.00000000
0.05582770 0.21521000 0.07749314 0.23865184 0.82982100 0.50442272 0.00000000
0.05557634 0.21537200 0.07746532 0.25976089 0.83606400 0.48324153 0.00000000
0.05589451 0.21537800 0.07786382 0.24133386 0.81266800 0.53040340 0.00000000
0.05537046 0.21555000 0.07712498 0.29643486 0.85434000 0.42688369 0.00000000
0.05220059 0.21704500 0.07453735 0.51920904 0.84212300 0.14577607 0.00000000
0.05257623 0.21715500 0.07501374 0.50854866 0.85352600 0.11345784 0.00000000
0.05232802 0.21733800 0.07508353 0.51207847 0.85147300 0.11300480 0.00000000
0.05326256 0.21645800 0.07555595 0.51435793 0.84717900 0.13313147 0.00000000
0.05168481 0.21765600 0.07411127 0.52991927 0.83565100 0.14447682 0.00000000
0.05186065 0.21798600 0.07444242 0.52459507 0.83996900 0.13874970 0.00000000
0.05186676 0.21802900 0.07463769 0.52459507 0.83996900 0.13874970 0.00000000
0.05162231 0.21827800 0.07397557 0.52412748 0.83908000 0.14572114 0.00000000
0.05145482 0.21838600 0.07395707 0.52412748 0.83908000 0.14572114 0.00000000
0.05175854 0.21791100 0.07384765 0.52836543 0.83719100 0.14121087 0.00000000
0.05101469 0.21808600 0.07403710 0.53348532 0.83345500 0.14403705 0.00000000
0.05152556 0.21820200 0.07440544 0.52836543 0.83719100 0.14121087 0.00000000
0.05180829 0.21830000 0.07457966 0.52503569 0.84081200 0.13180699 0.00000000
0.05160017 0.21808300 0.07412187 0.52836543 0.83719100 0.14121087 0.00000000
0.05172848 0.21800200 0.07464811 0.52459507 0.83996900 0.13874970 0.00000000
0.05134881 0.21824400 0.07409404 0.52567420 0.83753500 0.14900275 0.00000000
0.05130038 0.21820600 0.07430898 0.53036743 0.83654100 0.13751021 0.00000000
0.05117751 0.21786900 0.07561701 0.52836543 0.83719100 0.14121087 0.00000000
0.05114434 0.21835600 0.07551030 0.53433392 0.83519800 0.13012033 0.00000000
0.05143801 0.21777200 0.07593765 0.53323579 0.83875400 0.11022862 0.00000000
0.05067034 0.21823700 0.07370722 0.52770469 0.83691100 0.14528632 0.00000000
0.05052597 0.21816600 0.07352246 0.52102766 0.84211500 0.13918770 0.00000000
0.05093388 0.21816200 0.07412541 0.52925473 0.83535400 0.14856931 0.00000000
0.05010927 0.21883000 0.07359361 0.50578423 0.85679900 0.10038551 0.00000000
0.05124031 0.21880600 0.07510035 0.53629743 0.83450600 0.12643130 0.00000000
0.05001393 0.21868700 0.07578007 0.51920904 0.84212300 0.14577607 0.00000000
0.04930706 0.21885900 0.07453476 0.50516260 0.85865100 0.08677660 0.00000000
0.04901123 0.21904700 0.07398993 0.50449178 0.85759100 0.10012954 0.00000000
0.04875075 0.21914400 0.07366938 0.50411882 0.85699800 0.10685618 0.00000000
0.04849633 0.21928400 0.07354391 0.50449178 0.85759100 0.10012954 0.00000000
0.04823585 0.21938100 0.07322336 0.50771268 0.85607200 0.09679303 0.00000000
0.04799373 0.21960700 0.07348833 0.48763273 0.86490500 0.11897074 0.00000000
0.04731437 0.21997300 0.07312136 0.46550555 0.86934300 0.16597197 0.00000000
0.05418884 0.21514100 0.07571571 0.51798034 0.84088700 0.15686201 0.00000000
0.05402045 0.21562200 0.07571705 0.51511899 0.84332100 0.15316982 0.00000000
0.05400429 0.21547000 0.07605855 0.51664431 0.84178400 0.15645665 0.00000000
0.05417189 0.21536200 0.07607703 0.51021477 0.84412900 0.16470375 0.00000000
0.05427967 0.21475600 0.07590027 0.48796156 0.85160900 0.19145441 0.00000000
0.05418634 0.21584400 0.07658495 0.49465277 0.84956500 0.18319061 0.00000000
0.05392979 0.21558800 0.07634210 0.51664431 0.84178400 0.15645665 0.00000000
0.05385294 0.21572900 0.07569845 0.51511899 0.84332100 0.15316982 0.00000000
0.05375303 0.21563100 0.07603070 0.51717039 0.84272900 0.14947169 0.00000000
0.05366535 0.21603700 0.07594376 0.51492091 0.84396200 0.15027989 0.00000000
0.05350169 0.21579300 0.07600297 0.51492091 0.84396200 0.15027989 0.00000000
0.05376228 0.21569600 0.07632350 0.51664431 0.84178400 0.15645665 0.00000000
0.05326360 0.21566700 0.07634562 0.51717039 0.84272900 0.14947169 0.00000000
0.05596380 0.21484300 0.07736515 0.24465600 0.82953800 0.50200659 0.00000000
0.05589538 0.21500400 0.07784387 0.23548779 0.81157700 0.53468500 0.00000000
0.05519611 0.21515300 0.07855032 0.22658758 0.79150900 0.56760227 0.00000000
0.05542610 0.21442200 0.07870452 0.26616293 0.81792200 0.51006071 0.00000000
0.05512631 0.21454500 0.07889164 0.33341341 0.85077600 0.40621996 0.00000000
0.05491947 0.21509700 0.07857127 0.34139605 0.85118900 0.39865358 0.00000000
0.05467214 0.21490700 0.07862112 0.39314357 0.86705900 0.30601708 0.00000000
0.05442089 0.21506800 0.07859337 0.44268670 0.87190200 0.20932308 0.00000000
0.05486325 0.21534500 0.07944045 0.34718634 0.85664600 0.38160081 0.00000000
0.05455440 0.21540400 0.07933463 0.42447756 0.87274300 0.24111956 0.00000000
0.05363930 0.21535800 0.07763155 0.53192796 0.83500700 0.14076873 0.00000000
0.05415115 0.21510000 0.07797992 0.48966339 0.86076500 0.13897197 0.00000000
0.05313896 0.21607600 0.07769343 0.51664431 0.84178400 0.15645665 0.00000000
0.05338806 0.21552000 0.07760380 0.51664431 0.84178400 0.15645665 0.00000000
0.05296399 0.21537200 0.07734235 0.51664431 0.84178400 0.15645665 0.00000000
0.05296919 0.21578900 0.07755737 0.51664431 0.84178400 0.15645665 0.00000000
0.05332789 0.21612000 0.07839518 0.51947339 0.84360500 0.13593508 0.00000000
0.05477771 0.21614600 0.07947089 0.37258355 0.87379700 0.31250776 0.00000000
0.05358838 0.21602300 0.07871573 0.51338751 0.84547200 0.14700381 0.00000000
0.05219312 0.21623300 0.07420476 0.51696879 0.84336100 0.14657940 0.00000000
0.05187504 0.21622700 0.07380624 0.52944119 0.83471400 0.15147273 0.00000000
0.05213053 0.21711900 0.07667502 0.49930264 0.85697100 0.12765856 0.00000000
0.05213446 0.21676700 0.07675272 0.50264137 0.85168800 0.14825509 0.00000000
0.05188321 0.21692800 0.07672497 0.51167751 0.85078000 0.11982763 0.00000000
0.05220569 0.21506600 0.07702388 0.51492091 0.84396200 0.15027989 0.00000000
0.05171006 0.21505900 0.07714354 0.51338751 0.84547200 0.14700381 0.00000000
0.05176790 0.21714000 0.07575961 0.51465458 0.85088400 0.10548314 0.00000000
0.05135514 0.21745200 0.07590846 0.53544028 0.83866000 0.09975834 0.00000000
0.05187004 0.21721500 0.07635448 0.51207847 0.85147300 0.11300480 0.00000000
0.05085254 0.21777500 0.07585288 0.53529013 0.83341500 0.13741470 0.00000000
0.05298131 0.21629300 0.07713819 0.51492091 0.84396200 0.15027989 0.00000000
0.05236661 0.21643100 0.07702441 0.51338751 0.84547200 0.14700381 0.00000000
0.05231568 0.21709600 0.07810860 0.50980643 0.84756300 0.14742411 0.00000000
0.05270009 0.21612800 0.07872054 0.52147787 0.84295400 0.13225228 0.00000000
0.05056586 0.21802900 0.07560086 0.53433392 0.83519800 0.13012033 0.00000000
0.05014710 0.21829800 0.07555452 0.52480116 0.83935600 0.14164927 0.00000000
0.05024392 0.21795600 0.07593428 0.53433392 0.83519800 0.13012033 0.00000000
0.04991806 0.21823700 0.07619000 0.52836543 0.83719100 0.14121087 0.00000000
0.04972822 0.21856700 0.07550809 0.51457345 0.84235500 0.16016470 0.00000000
0.04841957 0.21900700 0.07371000 0.50384459 0.85751300 0.10398323 0.00000000
0.04960132 0.21858100 0.07673844 0.51717039 0.84272900 0.14947169 0.00000000
