-0.09349111 0.18778900 -0.03693351 0.72763846 -0.35734900 0.58552866 2.00000000
-0.09417179 0.18946800 -0.03538244 0.66095355 -0.33004900 0.67394965 2.00000000
-0.09356655 0.18930800 -0.03616852 0.67503424 -0.32879500 0.66047161 2.00000000
-0.09349944 0.18959200 -0.03609842 0.66376605 -0.32694300 0.67269761 2.00000000
-0.09308899 0.18949200 -0.03651241 0.68999919 -0.32899700 0.64471916 2.00000000
-0.09299078 0.18979200 -0.03653591 0.67808065 -0.32490600 0.65927420 2.00000000
-0.09319183 0.18894000 -0.03674639 0.69858818 -0.33055200 0.63459356 2.00000000
-0.09352596 0.18982900 -0.03574710 0.66376605 -0.32694300 0.67269761 2.00000000
-0.10548395 0.21225600 -0.02313426 0.26214593 -0.94670800 -0.18714322 1.00000000
-0.10540448 0.21263800 -0.02261657 0.26214593 -0.94670800 -0.18714322 1.00000000
-0.10540919 0.21238500 -0.02287412 0.26214593 -0.94670800 -0.18714322 1.00000000
-0.10531569 0.21243300 -0.02315518 0.26214593 -0.94670800 -0.18714322 1.00000000
-0.10509511 0.21264400 -0.02293947 0.25690079 -0.95006700 -0.17712779 1.00000000
-0.10511398 0.21272600 -0.02239812 0.26214593 -0.94670800 -0.18714322 1.00000000
-0.10502041 0.21277400 -0.02267925 0.25085706 -0.94983700 -0.18676557 1.00000000
-0.10492691 0.21282100 -0.02296031 0.25085706 -0.94983700 -0.18676557 1.00000000
-0.10490450 0.21291600 -0.02293695 0.25085706 -0.94983700 -0.18676557 1.00000000
-0.10565559 0.21190200 -0.02367793 0.26114056 -0.94804100 -0.18172274 1.00000000
-0.10564214 0.21207600 -0.02353742 0.26114056 -0.94804100 -0.18172274 1.00000000
-0.10545278 0.21227200 -0.02322795 0.26214593 -0.94670800 -0.18714322 1.00000000
-0.10506394 0.21266000 -0.02303315 0.25690079 -0.95006700 -0.17712779 1.00000000
-0.10463224 0.21257900 -0.02311662 0.22347426 -0.95135900 -0.21207212 1.00000000
-0.10427581 0.21292600 -0.02400682 0.22745966 -0.94938700 -0.21662396 1.00000000
-0.10379281 0.21280400 -0.02354650 0.16911469 -0.94799200 -0.26965172 1.00000000
-0.10495337 0.21305800 -0.02260907 0.25085706 -0.94983700 -0.18676557 1.00000000
-0.10470161 0.21328500 -0.02248690 0.22347426 -0.95135900 -0.21207212 1.00000000
-0.10468397 0.21312700 -0.02272116 0.22347426 -0.95135900 -0.21207212 1.00000000
-0.10430573 0.21293600 -0.02273446 0.19776367 -0.94839800 -0.24784978 1.00000000
-0.10431454 0.21301400 -0.02261733 0.19776367 -0.94839800 -0.24784978 1.00000000
-0.10386578 0.21328300 -0.02199565 0.17225939 -0.94980200 -0.26115705 1.00000000
-0.10442457 0.21320000 -0.02240910 0.20531230 -0.95038600 -0.23369709 1.00000000
-0.10405514 0.21308700 -0.02230527 0.17225939 -0.94980200 -0.26115705 1.00000000
-0.10378575 0.21315700 -0.02241736 0.16911469 -0.94799200 -0.26965172 1.00000000
-0.10396164 0.21313500 -0.02258633 0.16911469 -0.94799200 -0.26965172 1.00000000
-0.10334053 0.21330000 -0.02384616 0.11990329 -0.95714800 -0.26361084 1.00000000
-0.10303232 0.21323100 -0.02386190 0.09092664 -0.96339700 -0.25218859 1.00000000
-0.10262707 0.21338600 -0.02359413 0.13588731 -0.98007900 -0.14484605 1.00000000
-0.10297527 0.21351800 -0.02336758 0.09108692 -0.96441700 -0.24819860 1.00000000
-0.10290822 0.21380200 -0.02329739 0.14115843 -0.97205500 -0.18757216 1.00000000
-0.10230573 0.21280600 -0.02113023 0.12374699 -0.96536300 -0.22969816 1.00000000
-0.10212218 0.21267400 -0.02077123 0.12947539 -0.96946400 -0.20826895 1.00000000
-0.10191467 0.21334600 -0.02154946 0.20062348 -0.79346600 -0.57459711 1.00000000
-0.10184762 0.21363000 -0.02147928 0.24900509 -0.81808500 -0.51839571 1.00000000
-0.10167689 0.21276600 -0.02071434 -0.01355959 -0.09527770 -0.99535848 1.00000000
-0.10239002 0.21336400 -0.02330551 0.01283808 -0.50851300 -0.86095890 1.00000000
-0.10189350 0.21341500 -0.02270477 0.16701189 -0.83065800 -0.53114379 1.00000000
-0.10255878 0.21369500 -0.02234527 0.01812337 -0.20572100 -0.97844280 1.00000000
-0.10244286 0.21383700 -0.02260297 0.20799884 -0.76224600 -0.61295811 1.00000000
-0.10173113 0.21326400 -0.02267623 -0.18529247 0.50707600 -0.84174884 1.00000000
-0.10152531 0.21322700 -0.02229385 -0.18094715 0.50030300 -0.84673231 1.00000000
-0.10148172 0.21334100 -0.02194002 -0.17932089 0.48727700 -0.85463702 1.00000000
-0.10216179 0.21342100 -0.02289977 0.14423328 -0.80488900 -0.57563075 1.00000000
-0.10201941 0.21332700 -0.02350870 0.04505073 -0.69234100 -0.72016332 1.00000000
-0.10098880 0.21321500 -0.02190392 -0.17511896 0.46870600 -0.86582193 1.00000000
-0.09985522 0.21256400 -0.02163651 -0.19789084 0.47457600 -0.85768060 1.00000000
-0.10098652 0.21336600 -0.02251802 -0.18175633 0.48359800 -0.85621196 1.00000000
-0.09993238 0.21347500 -0.02268258 -0.20771732 0.45714400 -0.86479638 1.00000000
-0.10312646 0.21374100 -0.02412728 0.09812758 -0.96135900 -0.25721442 1.00000000
-0.10275703 0.21362800 -0.02402345 -0.09024635 -0.08623050 -0.99217963 1.00000000
-0.10253415 0.21399100 -0.02442170 -0.02052852 -0.41345800 -0.91029161 1.00000000
-0.10224829 0.21382800 -0.02446088 -0.01557265 -0.50954700 -0.86030147 1.00000000
-0.10222595 0.21392200 -0.02443758 0.02560694 -0.56116100 -0.82731057 1.00000000
-0.10215833 0.21364800 -0.02382089 0.09501504 -0.71867700 -0.68882186 1.00000000
-0.10188187 0.21412200 -0.02428945 -0.15443726 0.36126400 -0.91958558 1.00000000
-0.10126357 0.21350200 -0.02408173 -0.18847874 0.64287900 -0.74241640 1.00000000
-0.10126003 0.21367800 -0.02351702 -0.18978066 0.55848400 -0.80751477 1.00000000
-0.10123657 0.21384800 -0.02380066 -0.19794051 0.53854600 -0.81901674 1.00000000
-0.10123429 0.21400000 -0.02441476 -0.20477033 0.63835900 -0.74200256 1.00000000
-0.10175406 0.21367700 -0.02176041 0.21516756 -0.83162600 -0.51195854 1.00000000
-0.10136345 0.21358400 -0.02132612 0.22097341 -0.83203400 -0.50881261 1.00000000
-0.09935014 0.21372800 -0.02255292 -0.24758847 0.47091400 -0.84672326 1.00000000
-0.10098246 0.21422700 -0.02429267 -0.20347650 0.51741200 -0.83119367 1.00000000
-0.10064302 0.21417400 -0.02440217 -0.21115897 0.58350800 -0.78417463 1.00000000
-0.10036605 0.21408900 -0.02432429 -0.21378466 0.53627400 -0.81652039 1.00000000
-0.09989658 0.21379400 -0.02400455 -0.22059532 0.48464300 -0.84643889 1.00000000
-0.09958549 0.21445900 -0.02400215 -0.22802747 0.45931300 -0.85850704 1.00000000
-0.09943666 0.21413500 -0.02411418 -0.23245710 0.44737100 -0.86361103 1.00000000
-0.09988149 0.21467600 -0.02502458 -0.23477346 0.52869500 -0.81569740 1.00000000
-0.09938176 0.21307900 -0.02160571 -0.21807987 0.48382700 -0.84755599 1.00000000
-0.09901941 0.21261300 -0.02263117 -0.22797105 0.44769800 -0.86463670 1.00000000
-0.09914472 0.21310800 -0.02280286 -0.22820249 0.43342300 -0.87181922 1.00000000
-0.09855712 0.21310500 -0.02335484 -0.25843323 0.48044500 -0.83808471 1.00000000
-0.09840128 0.21318400 -0.02382326 -0.27591168 0.49704200 -0.82269209 1.00000000
-0.09900659 0.21334400 -0.02303710 -0.24380046 0.45453900 -0.85671216 1.00000000
-0.10227553 0.21035900 -0.03391386 -0.19676375 0.98008600 -0.02675183 1.00000000
-0.10226694 0.21028000 -0.03403104 -0.19676375 0.98008600 -0.02675183 1.00000000
-0.10226568 0.21035600 -0.03433799 -0.30648514 0.95097600 0.04135763 1.00000000
-0.10213696 0.21059600 -0.03414785 -0.18927618 0.98133400 -0.03402161 1.00000000
-0.10202312 0.21002800 -0.03324526 -0.04664537 0.99885300 -0.01080161 1.00000000
-0.10193490 0.21033100 -0.03284447 0.08300620 0.99622000 -0.02561316 1.00000000
-0.10214079 0.21036900 -0.03322692 -0.04664537 0.99885300 -0.01080161 1.00000000
-0.10204258 0.21066800 -0.03325042 -0.04664537 0.99885300 -0.01080161 1.00000000
-0.10170321 0.21061500 -0.03335999 -0.04664537 0.99885300 -0.01080161 1.00000000
-0.10201612 0.21043200 -0.03360166 -0.18769241 0.98214900 0.01243185 1.00000000
-0.10176908 0.21040700 -0.03373719 -0.18769241 0.98214900 0.01243185 1.00000000
-0.10160964 0.21066300 -0.03364098 -0.04187517 0.99907600 -0.00965097 1.00000000
-0.10137730 0.21038900 -0.03360992 -0.03880762 0.99919800 -0.00985795 1.00000000
-0.10167551 0.21045400 -0.03401832 -0.17879052 0.98386100 -0.00713238 1.00000000
-0.10127498 0.21035700 -0.03400810 -0.18267387 0.98316800 -0.00345616 1.00000000
-0.10096199 0.21054100 -0.03376636 -0.04187517 0.99907600 -0.00965097 1.00000000
-0.10186779 0.21061500 -0.03277437 0.08300620 0.99622000 -0.02561316 1.00000000
-0.10186669 0.21069100 -0.03308145 -0.05746076 0.99831100 -0.00857109 1.00000000
-0.10165851 0.21080500 -0.03331310 -0.04378582 0.99894400 -0.01392235 1.00000000
-0.10140375 0.21062500 -0.03325868 0.02430880 0.99954500 -0.01783710 1.00000000
-0.10114906 0.21044600 -0.03320417 0.11095089 0.99341500 -0.02855697 1.00000000
-0.10081733 0.21054700 -0.03350363 0.07298738 0.99710200 -0.02144701 1.00000000
-0.10073258 0.21067400 -0.03366764 -0.04187517 0.99907600 -0.00965097 1.00000000
-0.10096898 0.21008700 -0.03192405 -0.83142767 0.40818400 0.37697935 1.00000000
-0.10073729 0.21037100 -0.03243942 -0.84599897 0.40023700 0.35227252 1.00000000
-0.10245481 0.21016000 -0.03464728 -0.25423744 0.96436400 0.07324942 1.00000000
-0.10265204 0.21011900 -0.03514698 -0.25423744 0.96436400 0.07324942 1.00000000
-0.10273302 0.21021900 -0.03590383 -0.25423744 0.96436400 0.07324942 1.00000000
-0.10271076 0.21031400 -0.03588059 -0.25423744 0.96436400 0.07324942 1.00000000
-0.10235147 0.21020400 -0.03535275 -0.25423744 0.96436400 0.07324942 1.00000000
-0.10235763 0.21043400 -0.03584940 -0.25423744 0.96436400 0.07324942 1.00000000
-0.10219564 0.21028300 -0.03582118 -0.25423744 0.96436400 0.07324942 1.00000000
-0.10211104 0.21035900 -0.03449955 -0.30648514 0.95097600 0.04135763 1.00000000
-0.10243135 0.21033000 -0.03493092 -0.25423744 0.96436400 0.07324942 1.00000000
-0.10224585 0.21034900 -0.03518641 -0.25423744 0.96436400 0.07324942 1.00000000
-0.10213764 0.21064600 -0.03563406 -0.25423744 0.96436400 0.07324942 1.00000000
-0.10190382 0.21039700 -0.03442413 -0.30648514 0.95097600 0.04135763 1.00000000
-0.10183274 0.21035000 -0.03472855 -0.25423744 0.96436400 0.07324942 1.00000000
-0.10164647 0.21036900 -0.03498341 -0.25423744 0.96436400 0.07324942 1.00000000
-0.10144002 0.21040700 -0.03490864 -0.25423744 0.96436400 0.07324942 1.00000000
-0.10118619 0.21015300 -0.03454671 -0.25423744 0.96436400 0.07324942 1.00000000
-0.10173549 0.21057400 -0.03444499 -0.30648514 0.95097600 0.04135763 1.00000000
-0.10139148 0.21077300 -0.03429692 -0.21180097 0.97727100 0.00907955 1.00000000
-0.10118919 0.21055900 -0.03447912 -0.30648514 0.95097600 0.04135763 1.00000000
-0.10145734 0.21056500 -0.03467412 -0.25423744 0.96436400 0.07324942 1.00000000
-0.10137266 0.21069100 -0.03483805 -0.25423744 0.96436400 0.07324942 1.00000000
-0.10118023 0.21048000 -0.03459625 -0.25423744 0.96436400 0.07324942 1.00000000
-0.10130268 0.21056900 -0.03483554 -0.25423744 0.96436400 0.07324942 1.00000000
-0.10096081 0.21061600 -0.03407338 -0.02749726 0.99943700 -0.01922875 1.00000000
-0.10102968 0.21081500 -0.03438298 -0.21180097 0.97727100 0.00907955 1.00000000
-0.10053684 0.21069000 -0.03434695 -0.21180097 0.97727100 0.00907955 1.00000000
-0.09440148 0.20346400 -0.02936222 0.33385207 -0.05413890 0.94107003 1.00000000
-0.09485271 0.20418500 -0.02928398 0.44247964 -0.24400700 0.86294369 1.00000000
-0.09475450 0.20448500 -0.02930748 0.44312180 -0.21791800 0.86957126 1.00000000
-0.09435154 0.20448900 -0.02842561 0.47672190 -0.13719100 0.86828275 1.00000000
-0.09428450 0.20477200 -0.02835543 0.46921294 -0.13441100 0.87279612 1.00000000
-0.09457971 0.20443100 -0.02883143 0.45234006 -0.21334300 0.86595205 1.00000000
-0.09448621 0.20447900 -0.02911249 0.45234006 -0.21334300 0.86595205 1.00000000
-0.09434802 0.20471600 -0.02934680 0.45558830 -0.23606300 0.85832087 1.00000000
-0.09409743 0.20486700 -0.02891762 0.45203955 -0.17229800 0.87519924 1.00000000
-0.09377159 0.20464100 -0.02916761 0.45496302 -0.15387600 0.87711535 1.00000000
-0.09400629 0.20476300 -0.02858464 0.45424511 -0.13867500 0.88001754 1.00000000
-0.09459742 0.20463900 -0.03008301 0.45889712 -0.26834600 0.84699727 1.00000000
-0.09473340 0.20455400 -0.03046272 0.45067707 -0.31923900 0.83365321 1.00000000
-0.09477875 0.20492300 -0.03105604 0.46119531 -0.29443700 0.83702171 1.00000000
-0.09436291 0.20565800 -0.03058017 0.44224334 -0.13638200 0.88646549 1.00000000
-0.09458803 0.20400300 -0.02965362 0.44850892 -0.26963600 0.85213625 1.00000000
-0.09458574 0.20415400 -0.03026772 0.43840763 -0.32436300 0.83820567 1.00000000
-0.09470563 0.20434300 -0.02963536 0.44941834 -0.24325100 0.85956508 1.00000000
-0.09445212 0.20413800 -0.03075961 0.45130512 -0.36268100 0.81534388 1.00000000
-0.09438043 0.20467400 -0.03043179 0.45807256 -0.27833200 0.84421578 1.00000000
-0.09448511 0.20455400 -0.02941957 0.45320193 -0.25208500 0.85502090 1.00000000
-0.09406987 0.20470600 -0.02957594 0.46001126 -0.23506600 0.85623182 1.00000000
-0.09454508 0.20467400 -0.02984623 0.45889712 -0.26834600 0.84699727 1.00000000
-0.09383745 0.20443300 -0.02954481 0.45729087 -0.20692300 0.86490902 1.00000000
-0.09336989 0.20461900 -0.02946455 0.46370251 -0.20903100 0.86097965 1.00000000
-0.09299928 0.20458200 -0.02966774 0.47112439 -0.23754100 0.84948018 1.00000000
-0.09320406 0.20469500 -0.03035713 0.46470083 -0.23132100 0.85471842 1.00000000
-0.09305226 0.20510500 -0.03045095 0.47339754 -0.23355000 0.84932316 1.00000000
-0.09350991 0.20491500 -0.03095542 0.47418489 -0.25604200 0.84237228 1.00000000
-0.09365293 0.20556800 -0.03089293 0.46512188 -0.24471700 0.85074924 1.00000000
-0.09360406 0.20542600 -0.03122080 0.46004244 -0.25128300 0.85159737 1.00000000
-0.09288761 0.20510500 -0.03103651 0.48078757 -0.27140100 0.83377719 1.00000000
-0.09323351 0.20538900 -0.03142391 0.47449190 -0.26958800 0.83796143 1.00000000
-0.09379523 0.20566200 -0.03028393 0.45558011 -0.16927400 0.87395275 1.00000000
-0.09300528 0.20544600 -0.03101817 0.47683132 -0.26543700 0.83795847 1.00000000
-0.09314295 0.20584300 -0.03163745 0.44145885 -0.52081900 0.73065856 1.00000000
-0.09336648 0.20603800 -0.03178564 0.33435154 -0.81673200 0.47027458 1.00000000
-0.09286598 0.20575800 -0.03155957 0.01947776 -0.96008000 -0.27904692 1.00000000
-0.09224068 0.20554200 -0.03170825 0.00619855 -0.92426800 -0.38169482 1.00000000
-0.09246531 0.20566100 -0.03154936 0.00084543 -0.94132400 -0.33750438 1.00000000
-0.09280802 0.20424500 -0.02763301 0.50911514 -0.82595200 0.24208435 1.00000000
-0.09240933 0.20468100 -0.02934812 0.49018626 -0.22203000 0.84286367 1.00000000
-0.09274523 0.20496100 -0.03015967 0.48470870 -0.24502300 0.83965588 1.00000000
-0.09194522 0.20469100 -0.02983237 0.23175938 -0.97275900 -0.00522676 1.00000000
-0.09251354 0.20524500 -0.03067505 0.48079286 -0.31064200 0.81996294 1.00000000
-0.09134181 0.20501300 -0.03085801 -0.01026323 -0.92287300 -0.38496661 1.00000000
-0.09143295 0.20511700 -0.03119099 -0.02097667 -0.91955200 -0.39240823 1.00000000
-0.09092357 0.20475900 -0.03108198 -0.03947460 -0.91841800 -0.39363769 1.00000000
-0.09045410 0.20446300 -0.03076224 -0.03947460 -0.91841800 -0.39363769 1.00000000
-0.09182119 0.20531200 -0.03075355 0.01017123 -0.93782200 -0.34696805 1.00000000
-0.09150410 0.20516400 -0.03088649 0.00555797 -0.91966600 -0.39266125 1.00000000
-0.09128829 0.20512400 -0.03092826 -0.02097667 -0.91955200 -0.39240823 1.00000000
-0.09115591 0.20503200 -0.03111305 -0.03947460 -0.91841800 -0.39363769 1.00000000
-0.09083417 0.20513700 -0.03098836 -0.03947460 -0.91841800 -0.39363769 1.00000000
-0.09074067 0.20518400 -0.03126942 -0.03947460 -0.91841800 -0.39363769 1.00000000
-0.09057948 0.20495800 -0.03093386 -0.03947460 -0.91841800 -0.39363769 1.00000000
-0.09011001 0.20466200 -0.03061411 -0.03947460 -0.91841800 -0.39363769 1.00000000
-0.09032545 0.20533600 -0.03142593 -0.03947460 -0.91841800 -0.39363769 1.00000000
-0.08969015 0.20511700 -0.03199876 -0.10844215 -0.86731400 -0.48580519 1.00000000
-0.08960075 0.20549500 -0.03190514 -0.12171739 -0.85446700 -0.50504545 1.00000000
-0.08959775 0.20508800 -0.03197273 -0.12171739 -0.85446700 -0.50504545 1.00000000
-0.08950843 0.20546700 -0.03187918 -0.14413952 -0.85792400 -0.49314284 1.00000000
-0.09648673 0.20075600 -0.02026669 0.17661554 0.49804000 0.84897826 1.00000000
-0.09846959 0.20123500 -0.02116571 -0.01894066 0.75534100 0.65505768 1.00000000
-0.09872617 0.20189700 -0.02145955 -0.02417496 0.76647600 0.64181771 1.00000000
-0.09804964 0.20163900 -0.02106452 -0.01894066 0.75534100 0.65505768 1.00000000
-0.09821973 0.20194500 -0.02128302 -0.02417496 0.76647600 0.64181771 1.00000000
-0.09719324 0.20107300 -0.02087505 0.09475101 0.61905400 0.77961147 1.00000000
-0.09657198 0.20118800 -0.02064913 0.13004154 0.54551900 0.82794813 1.00000000
-0.09669319 0.20135200 -0.02119550 0.08291188 0.68257600 0.72609615 1.00000000
-0.09721617 0.20153700 -0.02144486 0.07134447 0.70767000 0.70293103 1.00000000
-0.09754045 0.20252300 -0.02384124 0.27334768 0.85509000 0.44057055 1.00000000
-0.09768694 0.20294800 -0.02285762 -0.04300740 0.84280300 0.53650135 1.00000000
-0.09752639 0.20328000 -0.02306850 -0.00563468 0.86659400 0.49898143 1.00000000
-0.09741055 0.20342200 -0.02332626 0.00695134 0.88853400 0.45875776 1.00000000
-0.09636819 0.20287500 -0.02339189 0.35247682 0.82598600 0.43989497 1.00000000
-0.09595634 0.20280000 -0.02262722 0.34643188 0.84163900 0.41428214 1.00000000
-0.09610408 0.20320000 -0.02282228 0.23128142 0.84746400 0.47782232 1.00000000
-0.09550230 0.20281300 -0.02268739 0.39801393 0.81589000 0.41941344 1.00000000
-0.09611760 0.20302600 -0.02296271 0.31094142 0.82021300 0.48017238 1.00000000
-0.09609708 0.20360300 -0.02317883 0.13973617 0.88290900 0.44826924 1.00000000
-0.09642353 0.20324700 -0.02356107 0.35133326 0.82479500 0.44303332 1.00000000
-0.09634766 0.20345200 -0.02360787 0.19013310 0.89176400 0.41061784 1.00000000
-0.09600829 0.20339900 -0.02371744 0.46738519 0.76210000 0.44805561 1.00000000
-0.09537992 0.20272500 -0.02244803 0.43414174 0.79096700 0.43115172 1.00000000
-0.10170117 0.20047400 -0.02012783 -0.07965124 0.68646600 0.72278622 1.00000000
-0.10148529 0.20043300 -0.02016967 -0.06038929 0.71223100 0.69934287 1.00000000
-0.10114593 0.20038000 -0.02027924 -0.05898775 0.73303200 0.67763132 1.00000000
-0.10139309 0.20159600 -0.02154374 -0.06190883 0.78758400 0.61308876 1.00000000
-0.10152235 0.20014000 -0.02151229 -0.06428697 0.74166000 0.66768886 1.00000000
-0.10123361 0.20071100 -0.02153333 -0.03726202 0.75558100 0.65399422 1.00000000
-0.10077186 0.20057000 -0.02140354 -0.03726202 0.75558100 0.65399422 1.00000000
-0.10153946 0.20088100 -0.02064586 -0.06198482 0.74591700 0.66314808 1.00000000
-0.10144125 0.20118000 -0.02066937 -0.05741564 0.74631500 0.66311240 1.00000000
-0.10097649 0.20063200 -0.02060717 -0.03726202 0.75558100 0.65399422 1.00000000
-0.10063829 0.20050400 -0.02040958 -0.03735446 0.75417600 0.65560938 1.00000000
-0.10148658 0.20154900 -0.02126254 -0.02662976 0.76879500 0.63894151 1.00000000
-0.10127724 0.20173800 -0.02180136 -0.06190883 0.78758400 0.61308876 1.00000000
-0.10151847 0.20209100 -0.02171536 -0.02825431 0.79247400 0.60925017 1.00000000
-0.10101313 0.20206400 -0.02123175 -0.06190883 0.78758400 0.61308876 1.00000000
-0.10127895 0.20107900 -0.02212651 -0.06190883 0.78758400 0.61308876 1.00000000
-0.10239493 0.20271400 -0.02254223 -0.06064965 0.80235300 0.59376016 1.00000000
-0.10139374 0.20215400 -0.02209018 -0.02825431 0.79247400 0.60925017 1.00000000
-0.10144490 0.20219500 -0.02263397 -0.01467838 0.79326200 0.60870367 1.00000000
-0.10144790 0.20260200 -0.02256637 -0.03035768 0.79003600 0.61230872 1.00000000
-0.10091617 0.20233800 -0.02243392 -0.01748072 0.76933200 0.63861095 1.00000000
-0.10140320 0.20279100 -0.02251949 -0.03035768 0.79003600 0.61230872 1.00000000
-0.10124384 0.20304700 -0.02242335 -0.08038689 0.79934100 0.59547704 1.00000000
-0.10108154 0.20289600 -0.02239487 -0.01504985 0.76565000 0.64308160 1.00000000
-0.10109500 0.20272200 -0.02253537 -0.01504985 0.76565000 0.64308160 1.00000000
-0.10029505 0.20245200 -0.02220799 -0.02417496 0.76647600 0.64181771 1.00000000
-0.09975443 0.20211000 -0.02219274 -0.02417496 0.76647600 0.64181771 1.00000000
-0.09960616 0.20229300 -0.02136537 -0.02417496 0.76647600 0.64181771 1.00000000
-0.10059626 0.20292500 -0.02254866 -0.01748072 0.76933200 0.63861095 1.00000000
-0.10072857 0.20301600 -0.02236394 -0.01504985 0.76565000 0.64308160 1.00000000
-0.10015860 0.20317100 -0.02268166 -0.02417496 0.76647600 0.64181771 1.00000000
-0.09996442 0.20247800 -0.02220037 -0.02417496 0.76647600 0.64181771 1.00000000
-0.09961734 0.20227100 -0.02211998 -0.02417496 0.76647600 0.64181771 1.00000000
-0.09980381 0.20280900 -0.02241132 -0.02417496 0.76647600 0.64181771 1.00000000
-0.10138283 0.20341900 -0.02422137 -0.36986399 0.91475300 0.16256478 1.00000000
-0.10088866 0.20336900 -0.02449222 -0.34338451 0.93316100 0.10628768 1.00000000
-0.09988575 0.20346800 -0.02371487 -0.08126219 0.88553900 0.45740172 1.00000000
-0.09982814 0.20324800 -0.02415993 -0.18055666 0.92734700 0.32776059 1.00000000
-0.09918865 0.20259600 -0.02213584 -0.02417496 0.76647600 0.64181771 1.00000000
-0.09984760 0.20393800 -0.02565087 -0.53267898 0.84599300 -0.02343782 1.00000000
-0.09877061 0.20358300 -0.02524568 -0.34423924 0.93854400 0.02519382 1.00000000
-0.10020932 0.20384600 -0.02407911 -0.17964221 0.90166500 0.39335502 1.00000000
-0.10017704 0.20393700 -0.02447974 -0.27422668 0.91673900 0.29049762 1.00000000
-0.09956167 0.20372400 -0.02420436 -0.18601841 0.91689400 0.35313389 1.00000000
-0.09876589 0.20383600 -0.02498799 -0.16147151 0.96778100 0.19320088 1.00000000
-0.10096941 0.21049400 -0.02801327 0.54842338 0.67925600 -0.48769151 1.00000000
-0.10158061 0.21037600 -0.02866341 0.54041436 0.81584600 -0.20578379 1.00000000
-0.10112178 0.21064200 -0.02846596 0.66431012 0.62935100 -0.40324925 1.00000000
-0.10067002 0.21050400 -0.02791202 0.55607519 0.63956100 -0.53079402 1.00000000
-0.10059298 0.21078400 -0.02826599 0.63214747 0.59734300 -0.49352853 1.00000000
-0.10022244 0.21074700 -0.02846910 0.71046075 0.48846500 -0.50660336 1.00000000
-0.10024935 0.21035000 -0.02726434 0.13660049 0.74983600 -0.64736813 1.00000000
-0.10026825 0.21048200 -0.02820890 0.66309089 0.51303400 -0.54507569 1.00000000
-0.09976650 0.21027800 -0.02828978 0.64428830 0.51250800 -0.56765081 1.00000000
-0.09902471 0.20964600 -0.02814979 0.67621500 0.38543500 -0.62783237 1.00000000
-0.10004418 0.21087100 -0.02742840 0.07702727 0.76825500 -0.63549215 1.00000000
-0.10007000 0.21059900 -0.02801649 0.59673939 0.58269900 -0.55169153 1.00000000
-0.10095713 0.21064200 -0.02905152 0.66455100 0.66945100 -0.33197659 1.00000000
-0.10154244 0.21079600 -0.02911350 0.46353413 0.87425600 -0.14426271 1.00000000
-0.10144887 0.21084300 -0.02939464 0.44309400 0.88950900 -0.11153687 1.00000000
-0.10128186 0.21094400 -0.02910846 0.47846001 0.86435900 -0.15478679 1.00000000
-0.10054007 0.21031200 -0.02896847 0.66763555 0.65020000 -0.36263231 1.00000000
-0.10026296 0.21022700 -0.02889060 0.68463165 0.59712700 -0.41799347 1.00000000
-0.10068891 0.21063600 -0.02885659 0.65778436 0.64797400 -0.38399198 1.00000000
-0.10049538 0.21050100 -0.02892173 0.67071092 0.63838400 -0.37764257 1.00000000
-0.10020473 0.21059000 -0.02870329 0.70632500 0.53902600 -0.45886422 1.00000000
-0.09909240 0.20992000 -0.02876641 0.69392739 0.46428700 -0.55036457 1.00000000
-0.09880647 0.20975600 -0.02880566 0.71619387 0.38762900 -0.58035330 1.00000000
-0.09877066 0.21002400 -0.02864172 0.65655301 0.44400800 -0.60974981 1.00000000
-0.09927241 0.21022800 -0.02856084 0.66596614 0.49243600 -0.56035428 1.00000000
-0.09904889 0.21003300 -0.02841265 0.61449685 0.47870700 -0.62708268 1.00000000
-0.09884181 0.21007200 -0.02833722 0.63375414 0.45734600 -0.62385163 1.00000000
-0.09950129 0.21072900 -0.02951302 0.74423327 0.51509200 -0.42520173 1.00000000
-0.09857949 0.20978800 -0.02957859 0.76043970 0.43600500 -0.48128158 1.00000000
-0.09806809 0.20775500 -0.02783021 0.48369717 0.39716700 -0.77993370 1.00000000
-0.09815452 0.20811200 -0.02790563 0.59741943 0.37292600 -0.70994072 1.00000000
-0.09793400 0.20832300 -0.02768984 0.60238156 0.39108700 -0.69583523 1.00000000
-0.09853760 0.20919200 -0.02806415 0.68007756 0.36792500 -0.63413391 1.00000000
-0.09825109 0.20847100 -0.02755690 0.61937553 0.35511100 -0.70019284 1.00000000
-0.09823529 0.20879600 -0.02803057 0.64736767 0.37905200 -0.66123769 1.00000000
-0.09825345 0.20837000 -0.02842849 0.66993433 0.38617400 -0.63407966 1.00000000
-0.09809291 0.20870100 -0.02863951 0.67670023 0.37463700 -0.63381739 1.00000000
-0.09805239 0.20922200 -0.02821801 0.68007756 0.36792500 -0.63413391 1.00000000
-0.09746591 0.20914400 -0.02846304 0.63558469 0.40128400 -0.65954851 1.00000000
-0.09833236 0.20966300 -0.02674252 0.70524737 0.45398200 -0.54454262 1.00000000
-0.09865063 0.20978500 -0.02778833 0.70293450 0.40165700 -0.58698747 1.00000000
-0.09840351 0.20976000 -0.02792379 0.68946172 0.40568000 -0.60005489 1.00000000
-0.09847584 0.20973200 -0.02731227 0.64531112 0.46010800 -0.60981533 1.00000000
-0.09816646 0.20973800 -0.02763517 0.65494561 0.44192300 -0.61298517 1.00000000
-0.09828002 0.20974800 -0.02799151 0.68946172 0.40568000 -0.60005489 1.00000000
-0.09839888 0.21001200 -0.02766630 0.68649135 0.44702400 -0.57349778 1.00000000
-0.09800299 0.20966300 -0.02791371 0.63562397 0.40869800 -0.65494096 1.00000000
-0.09804173 0.20975100 -0.02652422 0.77371707 0.42969500 -0.46553577 1.00000000
-0.09856117 0.21016300 -0.02769478 0.70471372 0.44163100 -0.55528534 1.00000000
-0.09803827 0.20997800 -0.02744534 0.66697251 0.45767500 -0.58794720 1.00000000
-0.09840131 0.20991100 -0.02853795 0.66773876 0.40267100 -0.62608487 1.00000000
-0.09825357 0.20951100 -0.02834276 0.67486452 0.37380200 -0.63626275 1.00000000
-0.09847238 0.20995900 -0.02823339 0.67221509 0.40111500 -0.62228134 1.00000000
-0.09751470 0.20928500 -0.02813510 0.63164492 0.38575200 -0.67247331 1.00000000
-0.09884763 0.19903900 -0.03414937 0.63570296 0.76709100 -0.08633360 1.00000000
-0.09936061 0.19922100 -0.03482288 0.62852291 0.77775800 -0.00713671 1.00000000
-0.09899118 0.19910800 -0.03471905 0.64140683 0.76625500 -0.03808580 1.00000000
-0.09841815 0.19880700 -0.03361881 0.65394759 0.74318300 -0.14153224 1.00000000
-0.09828820 0.19861400 -0.03467526 0.67712397 0.73381100 -0.05499176 1.00000000
-0.09833707 0.19875600 -0.03434738 0.67022946 0.73781000 -0.08018549 1.00000000
-0.09834360 0.19898600 -0.03484435 0.64268199 0.76385200 -0.05906921 1.00000000
-0.09790420 0.19875100 -0.03473801 0.68366489 0.72833700 -0.04612383 1.00000000
-0.09785943 0.19894000 -0.03469120 0.67589355 0.73376300 -0.06899304 1.00000000
-0.09743944 0.19820300 -0.03467581 0.78034165 0.62359300 -0.04689526 1.00000000
-0.09735005 0.19858100 -0.03458219 0.75794720 0.64915100 -0.06418737 1.00000000
-0.09729771 0.19861600 -0.03434542 0.74745064 0.65825000 -0.08958132 1.00000000
-0.09695515 0.19696500 -0.03312263 0.92248969 0.33554300 -0.19085202 1.00000000
-0.09725290 0.19766400 -0.03438441 0.90402888 0.42139300 -0.07183081 1.00000000
-0.09624410 0.19809100 -0.03365653 0.88918214 0.42597200 -0.16704522 1.00000000
-0.09637995 0.19800600 -0.03403639 0.89937528 0.40924400 -0.15376464 1.00000000
-0.09704766 0.19818500 -0.03454854 0.83180019 0.54995200 -0.07524521 1.00000000
-0.09683177 0.19814400 -0.03459024 0.85111774 0.52094700 -0.06489890 1.00000000
-0.09650705 0.19784200 -0.03453330 0.90385578 0.42049800 -0.07890260 1.00000000
-0.09625536 0.19806900 -0.03441119 0.87067137 0.47896900 -0.11189713 1.00000000
-0.09688948 0.19836500 -0.03414538 0.81335540 0.56990500 -0.11688240 1.00000000
-0.09570349 0.19774800 -0.03364128 0.91248379 0.36067900 -0.19308945 1.00000000
-0.09615178 0.19806300 -0.03363056 0.89302568 0.41582600 -0.17202948 1.00000000
-0.09588885 0.19836300 -0.03423970 0.84645632 0.51659600 -0.12900100 1.00000000
-0.09566879 0.19794100 -0.03317039 0.90952438 0.36701900 -0.19509477 1.00000000
-0.09533816 0.19796700 -0.03316277 0.90781221 0.36749300 -0.20205609 1.00000000
-0.09559764 0.19789400 -0.03347489 0.91412261 0.36018800 -0.18613115 1.00000000
-0.09518240 0.19804600 -0.03363126 0.91419854 0.36104800 -0.18407821 1.00000000
-0.09520350 0.19802700 -0.03396166 0.91994300 0.35828600 -0.15917455 1.00000000
-0.09478291 0.19787300 -0.03331404 0.92132766 0.32683400 -0.21055676 1.00000000
-0.09892650 0.19924100 -0.03403483 0.62929046 0.77190100 -0.09034997 1.00000000
-0.09940942 0.19936300 -0.03449508 0.63005960 0.77486700 -0.05104227 1.00000000
-0.09873943 0.19933600 -0.03459702 0.63160781 0.77235300 -0.06739357 1.00000000
-0.09864593 0.19938300 -0.03487808 0.62013429 0.78206200 -0.06174684 1.00000000
-0.09811759 0.19889200 -0.03382458 0.66295117 0.73541700 -0.14020342 1.00000000
-0.09800181 0.19903400 -0.03408227 0.66126153 0.74024800 -0.12151678 1.00000000
-0.09793066 0.19898700 -0.03438677 0.68195792 0.72513900 -0.09543322 1.00000000
-0.09763120 0.19899700 -0.03428545 0.70566184 0.69927900 -0.11423844 1.00000000
-0.09434716 0.19860200 -0.03368653 0.86023308 0.48062200 -0.17029771 1.00000000
-0.09431128 0.19887000 -0.03352266 0.77927993 0.60293100 -0.17087346 1.00000000
-0.09987714 0.19927700 -0.03754686 0.16135004 0.97808500 0.13159028 1.00000000
-0.09959824 0.19990200 -0.03862940 0.14562906 0.98392500 0.10335997 1.00000000
-0.09971708 0.20016600 -0.03830405 0.15151456 0.98284200 0.10518809 1.00000000
-0.09937008 0.19995900 -0.03822372 0.13392734 0.98326600 0.12349912 1.00000000
-0.09941656 0.19906000 -0.03711006 0.14249341 0.97983600 0.14006151 1.00000000
-0.09867894 0.19875900 -0.03659530 0.17607902 0.95958400 0.21953087 1.00000000
-0.09819542 0.19922000 -0.03550282 0.58020358 0.81436900 -0.01294490 1.00000000
-0.09931070 0.19920500 -0.03694353 0.14627900 0.97786400 0.14961291 1.00000000
-0.09905124 0.19927800 -0.03663154 0.22473601 0.96659400 0.12324823 1.00000000
-0.09895774 0.19932600 -0.03691260 0.14834505 0.97727700 0.15140385 1.00000000
-0.09718057 0.19769200 -0.03499593 0.83663587 0.54772300 -0.00626989 1.00000000
-0.09738829 0.19821200 -0.03561779 0.60142919 0.79443000 0.08464024 1.00000000
-0.09750539 0.19804500 -0.03653885 0.16987149 0.94584400 0.27662683 1.00000000
-0.09809945 0.19827700 -0.03648379 0.15879505 0.95286800 0.25850852 1.00000000
-0.09785597 0.19916700 -0.03561232 0.56305126 0.82642000 0.00165653 1.00000000
-0.09760128 0.19898800 -0.03555781 0.58106677 0.81313100 0.03435316 1.00000000
-0.09734594 0.19825000 -0.03495687 0.76132717 0.64825900 -0.01189867 1.00000000
-0.09725244 0.19829800 -0.03523793 0.74340369 0.66866300 0.01553446 1.00000000
-0.09699761 0.19811800 -0.03518344 0.75422408 0.65645200 0.01476147 1.00000000
-0.09730190 0.19899700 -0.03545657 0.60447759 0.79638100 0.01959499 1.00000000
-0.09704721 0.19881800 -0.03540206 0.62306129 0.78216900 0.00239641 1.00000000
-0.09770949 0.19874100 -0.03659593 0.14695055 0.96314600 0.22528901 1.00000000
-0.09778072 0.19878900 -0.03629150 0.24521939 0.95150200 0.18577185 1.00000000
-0.09706537 0.19839300 -0.03580012 0.50556218 0.85398500 0.12295319 1.00000000
-0.09695064 0.19845900 -0.03575080 0.51297778 0.85048100 0.11634863 1.00000000
-0.09718658 0.19855600 -0.03634650 0.16987149 0.94584400 0.27662683 1.00000000
-0.09665432 0.19887600 -0.03558188 0.60207858 0.79764400 0.03556985 1.00000000
-0.09660537 0.19873400 -0.03590969 0.40823809 0.90247200 0.13742365 1.00000000
-0.09932298 0.19910800 -0.03739105 0.13961050 0.98103200 0.13448137 1.00000000
-0.09796889 0.19866800 -0.03690799 0.14133782 0.96605400 0.21624993 1.00000000
-0.09927947 0.19922100 -0.03703729 0.14627900 0.97786400 0.14961291 1.00000000
-0.09900126 0.19921200 -0.03726650 0.14627900 0.97786400 0.14961291 1.00000000
-0.09828606 0.19881600 -0.03677511 0.14864566 0.96501700 0.21598006 1.00000000
-0.09801548 0.19896200 -0.03719422 0.15409565 0.97225800 0.17597772 1.00000000
-0.09810963 0.19947200 -0.03745960 0.14834505 0.97727700 0.15140385 1.00000000
-0.09888336 0.19950600 -0.03813841 0.13304773 0.98309200 0.12581299 1.00000000
-0.09890958 0.19974200 -0.03778698 0.13304773 0.98309200 0.12581299 1.00000000
-0.09872486 0.19968600 -0.03773499 0.13961050 0.98103200 0.13448137 1.00000000
-0.09775256 0.19926100 -0.03780335 0.14486827 0.97918700 0.14214706 1.00000000
-0.09833316 0.19966700 -0.03760779 0.14045690 0.98037900 0.13830688 1.00000000
-0.09798372 0.19961100 -0.03814144 0.13961050 0.98103200 0.13448137 1.00000000
-0.09738019 0.19874200 -0.03776705 0.14011668 0.97956800 0.14427046 1.00000000
-0.09756491 0.19879800 -0.03781903 0.14834505 0.97727700 0.15140385 1.00000000
-0.09710316 0.19865700 -0.03768924 0.13851038 0.97752300 0.15894619 1.00000000
-0.09719430 0.19876100 -0.03802222 0.14486827 0.97918700 0.14214706 1.00000000
-0.09736130 0.19860900 -0.03682249 0.14343875 0.96358100 0.22569357 1.00000000
-0.09736777 0.19884000 -0.03731954 0.13774063 0.97551500 0.17145523 1.00000000
-0.09726780 0.19865700 -0.03710355 0.14133782 0.96605400 0.21624993 1.00000000
-0.09720547 0.19868900 -0.03729106 0.13907550 0.96911900 0.20363277 1.00000000
-0.09644361 0.19794900 -0.03502775 0.85475075 0.51807100 -0.03166908 1.00000000
-0.09637649 0.19823300 -0.03495751 0.81509646 0.57894000 -0.02111591 1.00000000
-0.09630063 0.19843800 -0.03500445 0.78201165 0.62299500 -0.01830132 1.00000000
-0.09614826 0.19829000 -0.03455176 0.83293328 0.54524500 -0.09449571 1.00000000
-0.09591003 0.19834400 -0.03457016 0.81237481 0.57609000 -0.09037600 1.00000000
-0.09596125 0.19838500 -0.03511388 0.78078143 0.62474300 -0.00876179 1.00000000
-0.09642661 0.19834900 -0.03580830 0.51857415 0.84180300 0.14982732 1.00000000
-0.09630188 0.19841300 -0.03618312 0.18513564 0.93985400 0.28705349 1.00000000
-0.09660655 0.19865800 -0.03560267 0.58950013 0.80417200 0.07614273 1.00000000
-0.09632958 0.19857300 -0.03552479 0.57914571 0.81117800 0.08111918 1.00000000
-0.09623484 0.19869600 -0.03611294 0.18484019 0.94774400 0.26002953 1.00000000
-0.09600660 0.19875400 -0.03570720 0.44122613 0.88958800 0.11812315 1.00000000
-0.09581960 0.19884800 -0.03626931 0.16791438 0.94893700 0.26706237 1.00000000
-0.09572610 0.19889600 -0.03655037 0.15933563 0.95931800 0.23306934 1.00000000
-0.09583959 0.19890500 -0.03690679 0.14133782 0.96605400 0.21624993 1.00000000
-0.09765495 0.19897800 -0.03845909 0.13961050 0.98103200 0.13448137 1.00000000
-0.09717195 0.19890600 -0.03948455 0.10991584 0.98613800 0.12429747 1.00000000
-0.09744025 0.19891200 -0.03967955 0.08981233 0.98844100 0.12213931 1.00000000
-0.09719312 0.19883700 -0.03832924 0.14431013 0.98063700 0.13238077 1.00000000
-0.09689845 0.19859400 -0.03848555 0.14431013 0.98063700 0.13238077 1.00000000
-0.09709962 0.19888400 -0.03861030 0.13961050 0.98103200 0.13448137 1.00000000
-0.09719084 0.19898800 -0.03894334 0.12474948 0.98309000 0.13405741 1.00000000
-0.09694900 0.19921800 -0.03839710 0.14045690 0.98037900 0.13830688 1.00000000
-0.09705493 0.19907300 -0.03856356 0.13961050 0.98103200 0.13448137 1.00000000
-0.09693915 0.19921500 -0.03882124 0.12474948 0.98309000 0.13405741 1.00000000
-0.09673319 0.19917800 -0.03843887 0.14431013 0.98063700 0.13238077 1.00000000
-0.09703029 0.19931900 -0.03915422 0.11433682 0.98473700 0.13122589 1.00000000
-0.09710505 0.19919000 -0.03941435 0.10991584 0.98613800 0.12429747 1.00000000
-0.09694451 0.19952100 -0.03962523 0.08789670 0.98882300 0.12043370 1.00000000
-0.09671737 0.19950300 -0.03891240 0.12424831 0.98362400 0.13055776 1.00000000
-0.09732470 0.19905400 -0.03993742 0.08010752 0.98792600 0.13261033 1.00000000
-0.09725355 0.19900700 -0.04024192 0.08231211 0.99186800 0.09707260 1.00000000
-0.09700267 0.19915800 -0.03981262 0.08150689 0.98929600 0.12103600 1.00000000
-0.09709403 0.19926200 -0.04014565 0.08231211 0.99186800 0.09707260 1.00000000
-0.09706728 0.19902600 -0.04049677 0.07281281 0.99051800 0.11649972 1.00000000
-0.09695797 0.19934800 -0.03976573 0.08663929 0.98980200 0.11307458 1.00000000
-0.09708028 0.19943600 -0.04000503 0.08727996 0.99036800 0.10748217 1.00000000
-0.09685094 0.19956800 -0.03990636 0.08150689 0.98929600 0.12103600 1.00000000
-0.09680206 0.19942700 -0.04023424 0.08129548 0.99259400 0.09027166 1.00000000
-0.09786008 0.19949800 -0.03523764 0.58871732 0.80618600 -0.05895498 1.00000000
-0.09759657 0.19924000 -0.03530026 0.60982394 0.79229500 -0.01958058 1.00000000
-0.09771431 0.19958000 -0.03528199 0.58871732 0.80618600 -0.05895498 1.00000000
-0.09698016 0.19910200 -0.03533188 0.59895882 0.80078000 -0.00061579 1.00000000
-0.09727476 0.19934400 -0.03517551 0.60572209 0.79489400 -0.03527741 1.00000000
-0.09710011 0.19929100 -0.03469944 0.62384574 0.77689100 -0.08519250 1.00000000
-0.09662712 0.19922200 -0.03530089 0.59970281 0.80009600 -0.01422933 1.00000000
-0.09640432 0.19958500 -0.03569920 0.48386127 0.87488200 0.02143149 1.00000000
-0.09571596 0.19884200 -0.03548876 0.55107517 0.82931800 0.09245554 1.00000000
-0.09582371 0.19917900 -0.03589463 0.32961205 0.93594400 0.12395400 1.00000000
-0.09520487 0.19914300 -0.03505460 0.67000670 0.74233600 -0.00534596 1.00000000
-0.09559136 0.19890600 -0.03586357 0.29681942 0.93636100 0.18742249 1.00000000
-0.09536431 0.19893700 -0.03663657 0.15486633 0.96278600 0.22149370 1.00000000
-0.09529734 0.19922100 -0.03656631 0.14133782 0.96605400 0.21624993 1.00000000
-0.09517606 0.19905800 -0.03602001 0.15917338 0.95473800 0.25127635 1.00000000
-0.09545788 0.19889000 -0.03635544 0.15729501 0.95743300 0.24203570 1.00000000
-0.09533315 0.19895300 -0.03673026 0.14133782 0.96605400 0.21624993 1.00000000
-0.09515496 0.19912700 -0.03717525 0.13851038 0.97752300 0.15894619 1.00000000
-0.09489556 0.19920000 -0.03686319 0.13774063 0.97551500 0.17145523 1.00000000
-0.09493908 0.19908600 -0.03721709 0.13035769 0.97823300 0.16145151 1.00000000
-0.09461845 0.19911500 -0.03678532 0.12198228 0.97776000 0.17060143 1.00000000
-0.09471966 0.19922200 -0.03669422 0.12198228 0.97776000 0.17060143 1.00000000
-0.09535379 0.19956800 -0.03791417 0.12510256 0.98166100 0.14384187 1.00000000
-0.09361065 0.19827500 -0.03435046 0.95561426 0.23271600 -0.18067792 1.00000000
-0.10510973 0.20169100 -0.02863435 0.04509779 0.97511900 0.21704499 1.00000000
-0.10501630 0.20173800 -0.02891547 0.03703035 0.97363700 0.22507790 1.00000000
-0.10524336 0.20175700 -0.02962824 0.03338169 0.97382400 0.22483834 1.00000000
-0.10496743 0.20159600 -0.02924335 0.03338169 0.97382400 0.22483834 1.00000000
-0.10489156 0.20180200 -0.02929015 0.03225242 0.97223900 0.23175714 1.00000000
-0.10511981 0.20174400 -0.02969604 0.03277114 0.97098300 0.23689357 1.00000000
-0.10455109 0.20182400 -0.02970680 0.02680515 0.96751000 0.25140635 1.00000000
-0.10496271 0.20184900 -0.02898565 0.03426431 0.97166400 0.23386967 1.00000000
-0.10467215 0.20193700 -0.02876742 0.03426431 0.97166400 0.23386967 1.00000000
-0.10452984 0.20184300 -0.02937628 0.02834612 0.96827000 0.24829324 1.00000000
-0.10408573 0.20186000 -0.02901238 0.02916655 0.97102100 0.23720805 1.00000000
-0.10141391 0.20127100 -0.02875644 0.09745369 0.99020900 -0.09994269 1.00000000
-0.10700247 0.20209100 -0.03186464 0.01963277 0.97730700 0.21091507 1.00000000
-0.10677689 0.20199700 -0.03084498 0.04096502 0.97263400 0.22870305 1.00000000
-0.10634026 0.20216800 -0.03067084 0.08078038 0.96994800 0.22951244 1.00000000
-0.10609359 0.20214300 -0.03080655 0.06016864 0.96556100 0.25312261 1.00000000
-0.10572362 0.20203000 -0.03070226 0.04113636 0.96305000 0.26616381 1.00000000
-0.10569150 0.20212200 -0.03110316 0.04113636 0.96305000 0.26616381 1.00000000
-0.10495397 0.20182000 -0.03058861 0.02680515 0.96751000 0.25140635 1.00000000
-0.10539566 0.20190500 -0.03008086 0.03277114 0.97098300 0.23689357 1.00000000
-0.10502512 0.20186700 -0.03028411 0.02680515 0.96751000 0.25140635 1.00000000
-0.10502174 0.20209400 -0.03120530 0.02680515 0.96751000 0.25140635 1.00000000
-0.10504960 0.20230600 -0.03203286 0.03592081 0.96226600 0.26972860 1.00000000
-0.10467963 0.20219300 -0.03192858 0.02356043 0.96628000 0.25641441 1.00000000
-0.10426478 0.20234500 -0.03208527 0.03294397 0.96558800 0.25798143 1.00000000
-0.10403213 0.20207100 -0.03205395 0.03205917 0.96807600 0.24859760 1.00000000
-0.10352387 0.20227000 -0.03249191 0.06253179 0.96804600 0.24284989 1.00000000
-0.10461297 0.20247600 -0.03185872 0.02356043 0.96628000 0.25641441 1.00000000
-0.10393385 0.20237000 -0.03207739 0.03934026 0.96797300 0.24795474 1.00000000
-0.10410394 0.20267600 -0.03229603 0.03294397 0.96558800 0.25798143 1.00000000
-0.10351885 0.20252200 -0.03223410 0.06253179 0.96804600 0.24284989 1.00000000
-0.10246577 0.20136400 -0.03069161 0.11624182 0.95941300 0.25693224 1.00000000
-0.10214411 0.20146800 -0.03056698 0.13972887 0.95437200 0.26391446 1.00000000
-0.10177343 0.20138100 -0.02928448 0.08624018 0.99205600 0.09158656 1.00000000
-0.10168221 0.20127700 -0.02895144 0.09033713 0.99570400 0.02033344 1.00000000
-0.10110350 0.20135300 -0.02938635 0.12289635 0.98687500 -0.10475996 1.00000000
-0.10155283 0.20159200 -0.02906863 0.06479450 0.99454100 -0.08178569 1.00000000
-0.10116105 0.20157400 -0.02894136 0.09549886 0.97206200 -0.21441878 1.00000000
-0.10143287 0.20140300 -0.02970093 0.08770827 0.99560900 0.03272437 1.00000000
-0.10116930 0.20114500 -0.02976362 0.12975521 0.99035700 -0.04853593 1.00000000
-0.10110224 0.20142900 -0.02969330 0.12289635 0.98687500 -0.10475996 1.00000000
-0.10129057 0.20130900 -0.03030992 0.14987973 0.98035400 -0.12822336 1.00000000
-0.10124227 0.20167500 -0.02969854 0.08585884 0.99492700 -0.05242010 1.00000000
-0.10133231 0.20185400 -0.03033861 0.07961069 0.99681200 -0.00520241 1.00000000
-0.10158643 0.20152600 -0.03133237 0.21017539 0.97467400 -0.07639935 1.00000000
-0.10190470 0.20159800 -0.03089240 0.19597634 0.96629400 0.16694175 1.00000000
-0.10131349 0.20177200 -0.03087974 0.13937855 0.97272300 -0.18542742 1.00000000
-0.10170409 0.20186600 -0.03131403 0.20372240 0.97901300 0.00552556 1.00000000
-0.10078241 0.20206600 -0.03129387 0.15835595 0.92122700 -0.35533601 1.00000000
-0.10204126 0.20212100 -0.03330439 0.25374517 0.96012300 -0.11737417 1.00000000
-0.10280958 0.20299000 -0.03309321 0.09647149 0.97198500 0.21433221 1.00000000
-0.10213005 0.20232600 -0.03276578 0.20191368 0.97939500 0.00393515 1.00000000
-0.10183538 0.20208400 -0.03292209 0.27038669 0.95995300 -0.07335813 1.00000000
-0.10190953 0.20253700 -0.03254999 0.20372240 0.97901300 0.00552556 1.00000000
-0.10179140 0.20283100 -0.03342171 0.24922866 0.96812800 -0.02477496 1.00000000
-0.10102593 0.20231800 -0.03207953 0.17725423 0.94352000 -0.27991098 1.00000000
-0.10123189 0.20235600 -0.03246190 0.26942638 0.95640500 -0.11268584 1.00000000
-0.10098485 0.20233100 -0.03259743 0.26367386 0.93591700 -0.23352787 1.00000000
-0.10093243 0.20236600 -0.03236059 0.19426016 0.92150900 -0.33628052 1.00000000
-0.10083893 0.20241300 -0.03264165 0.24361615 0.90334100 -0.35302434 1.00000000
-0.10093604 0.20218900 -0.03292523 0.29050034 0.91858200 -0.26798787 1.00000000
-0.10205845 0.20291200 -0.03392380 0.26813304 0.95863700 -0.09549533 1.00000000
-0.10096816 0.20199700 -0.02955294 0.09185988 0.97682600 -0.19331823 1.00000000
-0.10108944 0.20216100 -0.03009938 0.08161035 0.99478600 -0.06115454 1.00000000
-0.10135956 0.20269900 -0.03201956 0.18181018 0.98026600 -0.07761516 1.00000000
-0.10191364 0.20286900 -0.03217531 0.15687366 0.97931000 0.12783954 1.00000000
-0.10164850 0.20332000 -0.03339847 0.28133649 0.95865900 -0.04269590 1.00000000
-0.10086539 0.20264900 -0.03229041 0.17729694 0.91564200 -0.36078400 1.00000000
-0.10080541 0.20253000 -0.03186374 0.14852826 0.92935300 -0.33799756 1.00000000
-0.10015776 0.20240800 -0.03198899 0.23472308 0.84284400 -0.48427180 1.00000000
-0.10061841 0.20262500 -0.03242586 0.21636188 0.88769100 -0.40643691 1.00000000
-0.10084159 0.20152700 -0.02820257 0.07483335 0.95791300 -0.27713299 1.00000000
-0.10088290 0.20156500 -0.02917049 0.14252706 0.95565700 -0.25769206 1.00000000
-0.09883661 0.20129400 -0.03173746 0.39234953 0.77086300 -0.50182896 1.00000000
-0.09929248 0.20176300 -0.03191672 0.35194646 0.78630600 -0.50779505 1.00000000
-0.09883072 0.20162200 -0.03178693 0.34680651 0.77086000 -0.53432140 1.00000000
-0.09867607 0.20162500 -0.03194834 0.27595653 0.76369100 -0.58363009 1.00000000
-0.09820949 0.20059500 -0.03164673 0.26761643 0.79352200 -0.54653854 1.00000000
-0.09834950 0.20084100 -0.03165183 0.30283693 0.79558700 -0.52472079 1.00000000
-0.09785658 0.20071500 -0.03161573 0.17375228 0.77922800 -0.60217525 1.00000000
-0.09852834 0.20122500 -0.03175328 0.30044614 0.77824800 -0.55141857 1.00000000
-0.09786533 0.20079400 -0.03149868 0.39558100 0.73830400 -0.54628148 1.00000000
-0.10097169 0.20177000 -0.02863188 0.09066445 0.96800400 -0.23398270 1.00000000
-0.10060108 0.20173300 -0.02883507 0.11272651 0.93227600 -0.34373537 1.00000000
-0.09932657 0.20215400 -0.03175537 0.33909484 0.75290200 -0.56405027 1.00000000
-0.09480663 0.19795900 -0.02466232 0.54822612 0.76987600 -0.32670979 1.00000000
-0.09476501 0.19855500 -0.02454790 0.66521282 0.71303900 -0.22151081 1.00000000
-0.09323856 0.19801100 -0.02594622 0.54971800 0.79676600 -0.25094675 1.00000000
-0.09411794 0.19899100 -0.02521966 0.12226834 0.92999100 -0.34665105 1.00000000
-0.09303867 0.19878700 -0.02542858 0.59229599 0.75308900 -0.28642943 1.00000000
-0.09392690 0.19875400 -0.02615652 0.71901931 0.57159600 -0.39533453 1.00000000
-0.09355747 0.19864100 -0.02605269 0.69206583 0.62943900 -0.35334416 1.00000000
-0.09373984 0.19884900 -0.02671872 0.75068617 0.49822900 -0.43386432 1.00000000
-0.09305749 0.19892000 -0.02637307 0.68251329 0.66756400 -0.29754536 1.00000000
-0.09290982 0.19852000 -0.02617794 0.65684704 0.70314900 -0.27227309 1.00000000
-0.09172855 0.19765100 -0.02593153 0.12275578 0.98485800 -0.12241335 1.00000000
-0.09204504 0.19838200 -0.02516635 0.46632639 0.84782200 -0.25246277 1.00000000
-0.09180806 0.19836100 -0.02487765 0.36903385 0.89356600 -0.25564438 1.00000000
-0.09245800 0.19838200 -0.02562408 0.40728472 0.88432800 -0.22821811 1.00000000
-0.09238685 0.19833400 -0.02592858 0.05424562 0.99537600 -0.07926799 1.00000000
-0.09217104 0.19829400 -0.02597034 0.05424562 0.99537600 -0.07926799 1.00000000
-0.09210509 0.19850200 -0.02559308 0.40728472 0.88432800 -0.22821811 1.00000000
-0.09189810 0.19854000 -0.02551772 0.03741070 0.99838600 -0.04273234 1.00000000
-0.09171038 0.19807700 -0.02553347 0.03741070 0.99838600 -0.04273234 1.00000000
-0.09122856 0.19787900 -0.02476614 0.35992577 0.89745000 -0.25502279 1.00000000
-0.09412049 0.20003100 -0.02600558 0.79437458 0.53997500 -0.27820075 1.00000000
-0.09566210 0.19756000 -0.02821613 0.78041770 0.35778100 -0.51277751 1.00000000
-0.09582800 0.19753400 -0.02880924 0.83284703 0.33321800 -0.44196257 1.00000000
-0.09618441 0.19832800 -0.02783332 0.76484576 0.38623700 -0.51558888 1.00000000
-0.09578864 0.19912000 -0.02799500 0.78070755 0.32001100 -0.53673956 1.00000000
-0.09515052 0.19963500 -0.02854962 0.80795683 0.18949500 -0.55794130 1.00000000
-0.09509754 0.19916200 -0.02925218 0.82627777 0.33195100 -0.45505329 1.00000000
-0.09478832 0.20140100 -0.02791777 0.84256326 0.07931830 -0.53272419 1.00000000
-0.09499621 0.19786300 -0.02794339 0.76216070 0.38803400 -0.51820927 1.00000000
-0.09475216 0.19824500 -0.02801117 0.76316627 0.39232800 -0.51347457 1.00000000
-0.09511859 0.19795200 -0.02818260 0.77479275 0.40103500 -0.48874048 1.00000000
-0.09393740 0.19708300 -0.02793626 0.75364225 0.41578100 -0.50906661 1.00000000
-0.09416339 0.19831900 -0.02887031 0.79990804 0.39226400 -0.45417698 1.00000000
-0.09425814 0.19824600 -0.02976792 0.73274760 0.53505800 -0.42046939 1.00000000
-0.09388289 0.19846100 -0.02971348 0.83434962 0.34510400 -0.42984218 1.00000000
-0.09367282 0.19809200 -0.02970579 0.70402887 0.56265200 -0.43332008 1.00000000
-0.09343976 0.19726000 -0.02912823 0.81672406 0.34313600 -0.46391730 1.00000000
-0.09327811 0.19766700 -0.02964619 0.81976632 0.34880500 -0.45422156 1.00000000
-0.09330464 0.19790400 -0.02929487 0.79210951 0.43762300 -0.42549721 1.00000000
-0.09495562 0.19838400 -0.02752182 0.76771546 0.42194100 -0.48226391 1.00000000
-0.09514334 0.19884700 -0.02750621 0.78116035 0.34302300 -0.52165553 1.00000000
-0.09399159 0.19862200 -0.02684074 0.74907938 0.48038700 -0.45618971 1.00000000
-0.09428334 0.19850800 -0.02823787 0.77664616 0.40282200 -0.48430962 1.00000000
-0.09368928 0.19827500 -0.02829293 0.76558171 0.43718900 -0.47196377 1.00000000
-0.09389927 0.19864400 -0.02830055 0.77384365 0.42056500 -0.47359378 1.00000000
-0.09424747 0.19877600 -0.02807400 0.77270515 0.38454300 -0.50502870 1.00000000
-0.09398806 0.19884900 -0.02776194 0.77270515 0.38454300 -0.50502870 1.00000000
-0.09350449 0.19816900 -0.02675525 0.71623285 0.55213600 -0.42679666 1.00000000
-0.09334395 0.19850000 -0.02696613 0.72976046 0.53779100 -0.42217361 1.00000000
-0.09309801 0.19839900 -0.02679457 0.70468453 0.58710700 -0.39840253 1.00000000
-0.09354572 0.19820600 -0.02772311 0.74049884 0.50450300 -0.44400099 1.00000000
-0.09470401 0.19866200 -0.02888555 0.81463003 0.36630800 -0.44966217 1.00000000
-0.09492754 0.19885700 -0.02903374 0.81684984 0.36231100 -0.44887370 1.00000000
-0.09377932 0.19845500 -0.02893299 0.79557941 0.41053200 -0.44555235 1.00000000
-0.09319108 0.19794500 -0.03042429 0.65826350 0.61416400 -0.43530743 1.00000000
-0.09308883 0.19791400 -0.03082240 0.68463165 0.59712700 -0.41799347 1.00000000
-0.09360939 0.19820000 -0.03020025 0.69895264 0.57904900 -0.41972216 1.00000000
-0.09379811 0.19962800 -0.02682023 0.77685192 0.29455200 -0.55654263 1.00000000
-0.09397701 0.20001200 -0.02692160 0.79523645 0.15047500 -0.58733023 1.00000000
-0.09796959 0.22375700 -0.01655957 -0.78167775 0.34423400 -0.52007879 0.00000000
-0.09842664 0.22415100 -0.01643180 -0.78391596 0.34175100 -0.51834436 0.00000000
-0.09829726 0.22446600 -0.01654899 -0.78391596 0.34175100 -0.51834436 0.00000000
-0.09832254 0.22477800 -0.01650477 -0.76314832 0.35339400 -0.54103371 0.00000000
-0.09857256 0.22630100 -0.01473015 -0.76345061 0.27657500 -0.58365160 0.00000000
-0.09847084 0.22568600 -0.01576057 -0.74601455 0.35000300 -0.56653397 0.00000000
-0.09843779 0.22521900 -0.01561491 -0.72532514 0.38175800 -0.57285564 0.00000000
-0.09800667 0.22569600 -0.01624489 -0.73211357 0.37586000 -0.56810142 0.00000000
-0.09851958 0.22582800 -0.01543271 -0.75520887 0.32740500 -0.56786006 0.00000000
-0.09872846 0.22627200 -0.01574741 -0.74896106 0.31980100 -0.58033130 0.00000000
-0.09824143 0.22581900 -0.01566185 -0.74601455 0.35000300 -0.56653397 0.00000000
-0.09872493 0.22644900 -0.01518284 -0.76252798 0.27363300 -0.58623972 0.00000000
-0.09779679 0.22646900 -0.01615140 -0.77765568 0.29962900 -0.55269678 0.00000000
-0.09916020 0.22744400 -0.01409238 -0.74863214 0.27968700 -0.60110357 0.00000000
-0.09885742 0.22768100 -0.01491218 -0.75274347 0.27509900 -0.59807822 0.00000000
-0.09875139 0.22668500 -0.01483160 -0.76397718 0.27426100 -0.58405408 0.00000000
-0.09834733 0.22676400 -0.01425681 -0.76345061 0.27657500 -0.58365160 0.00000000
-0.09868435 0.22696900 -0.01476142 -0.76397718 0.27426100 -0.58405408 0.00000000
-0.09816136 0.22678400 -0.01451192 -0.76668010 0.26829200 -0.58328543 0.00000000
-0.09874026 0.22784800 -0.01399120 -0.72682713 0.30589000 -0.61494187 0.00000000
-0.09874086 0.22726500 -0.01462343 -0.76055921 0.27531100 -0.58800839 0.00000000
-0.09870028 0.22778500 -0.01420201 -0.72682713 0.30589000 -0.61494187 0.00000000
-0.09772974 0.22675300 -0.01608121 -0.80513511 0.25473300 -0.53560118 0.00000000
-0.09792007 0.22305700 -0.01634100 -0.77859510 0.34995800 -0.52088343 0.00000000
-0.09892696 0.23062000 -0.01262530 -0.90346066 0.25007400 -0.34816820 0.00000000
-0.09878987 0.23078100 -0.01255253 -0.90346066 0.25007400 -0.34816820 0.00000000
-0.09896515 0.22910900 -0.01374656 -0.80861912 0.27935200 -0.51778234 0.00000000
-0.09870450 0.22925800 -0.01374159 -0.82108271 0.27160700 -0.50204799 0.00000000
-0.09899043 0.22942100 -0.01370233 -0.82736310 0.27006300 -0.49247960 0.00000000
-0.09898632 0.22909000 -0.01407702 -0.77111364 0.30073500 -0.56119676 0.00000000
-0.09876678 0.22808500 -0.01363988 -0.74386813 0.30110600 -0.59665323 0.00000000
-0.09869975 0.22836900 -0.01356984 -0.74458720 0.31155000 -0.59036165 0.00000000
-0.09854508 0.22837200 -0.01373111 -0.74045775 0.30197100 -0.60044659 0.00000000
-0.09742452 0.22823200 -0.01594363 -0.75293839 0.28162800 -0.59478482 0.00000000
-0.09751926 0.22810900 -0.01535548 -0.75274347 0.27509900 -0.59807822 0.00000000
-0.09903924 0.22956300 -0.01337454 -0.84194427 0.26622600 -0.46931271 0.00000000
-0.09878158 0.23011800 -0.01330183 -0.84892984 0.28580800 -0.44455797 0.00000000
-0.09888637 0.23114000 -0.01220373 -0.89264306 0.27176900 -0.35962455 0.00000000
-0.09874517 0.23097000 -0.01250565 -0.90144414 0.25707300 -0.34829710 0.00000000
-0.09867813 0.23125400 -0.01243547 -0.89264306 0.27176900 -0.35962455 0.00000000
-0.09885057 0.23140800 -0.01203993 -0.94489355 0.21805100 -0.24419315 0.00000000
-0.09875699 0.23145500 -0.01232092 -0.87583908 0.29795200 -0.37964650 0.00000000
-0.09870348 0.23156600 -0.01239131 -0.87583908 0.29795200 -0.37964650 0.00000000
-0.09892765 0.23226900 -0.01160017 -0.97820489 0.17632300 -0.10966054 0.00000000
-0.09892354 0.23193800 -0.01197485 -0.97932602 0.16935600 -0.11063147 0.00000000
-0.09882996 0.23198500 -0.01225584 -0.91079311 0.27456300 -0.30833692 0.00000000
-0.09853058 0.23199500 -0.01215460 -0.91079311 0.27456300 -0.30833692 0.00000000
-0.09889530 0.23236000 -0.01200087 -0.98298009 0.15713700 -0.09517267 0.00000000
-0.09855593 0.23230700 -0.01211044 -0.98298009 0.15713700 -0.09517267 0.00000000
-0.09879702 0.23260900 -0.01053868 -0.91087436 0.33298100 -0.24378422 0.00000000
-0.09892933 0.23270100 -0.01035383 -0.90999876 0.33750900 -0.24081047 0.00000000
-0.09865236 0.23261600 -0.01027595 -0.90999876 0.33750900 -0.24081047 0.00000000
-0.09914057 0.23299400 -0.01005450 -0.90427966 0.35440300 -0.23806879 0.00000000
-0.09889353 0.23296900 -0.01019003 -0.90720309 0.34343200 -0.24297602 0.00000000
-0.09895411 0.23250500 -0.01124893 -0.96967877 0.20485700 -0.13325137 0.00000000
-0.09870352 0.23265700 -0.01081974 -0.93897815 0.27928500 -0.20079662 0.00000000
-0.09886060 0.23255300 -0.01152999 -0.96967877 0.20485700 -0.13325137 0.00000000
-0.09885589 0.23280500 -0.01127243 -0.95407787 0.24300800 -0.17516383 0.00000000
-0.09878945 0.23250500 -0.01183449 -0.97820489 0.17632300 -0.10966054 0.00000000
-0.09874469 0.23269500 -0.01178768 -0.96967877 0.20485700 -0.13325137 0.00000000
-0.09823412 0.23241200 -0.01198569 -0.98298009 0.15713700 -0.09517267 0.00000000
-0.09849300 0.23292200 -0.01166558 -0.95407787 0.24300800 -0.17516383 0.00000000
-0.09844831 0.23311100 -0.01161883 -0.93897815 0.27928500 -0.20079662 0.00000000
-0.09806370 0.23383100 -0.01104921 -0.90685674 0.35585200 -0.22578883 0.00000000
-0.09835120 0.23333500 -0.01133525 -0.91087436 0.33298100 -0.24378422 0.00000000
-0.09839889 0.23355300 -0.01131440 -0.90999876 0.33750900 -0.24081047 0.00000000
-0.09836595 0.23417700 -0.00959724 -0.90069383 0.37378800 -0.22143482 0.00000000
-0.09844356 0.23445400 -0.00978965 -0.90069383 0.37378800 -0.22143482 0.00000000
-0.09816541 0.23444500 -0.01001879 -0.90069383 0.37378800 -0.22143482 0.00000000
-0.09830068 0.23380200 -0.00985213 -0.90201024 0.36688100 -0.22754402 0.00000000
-0.09806716 0.23360400 -0.01012809 -0.90201024 0.36688100 -0.22754402 0.00000000
-0.09802239 0.23379300 -0.01008128 -0.90201024 0.36688100 -0.22754402 0.00000000
-0.09821128 0.23418100 -0.00975851 -0.90069383 0.37378800 -0.22143482 0.00000000
-0.09811772 0.23422800 -0.01003964 -0.90069383 0.37378800 -0.22143482 0.00000000
-0.09811661 0.23430400 -0.01034673 -0.90201024 0.36688100 -0.22754402 0.00000000
-0.09794718 0.23455600 -0.01067466 -0.90069383 0.37378800 -0.22143482 0.00000000
-0.09815830 0.23370800 -0.01046107 -0.90685674 0.35585200 -0.22578883 0.00000000
-0.09809126 0.23399100 -0.01039088 -0.90201024 0.36688100 -0.22754402 0.00000000
-0.09451978 0.18617600 -0.03541322 0.73211357 -0.37586000 0.56810142 0.00000000
-0.09489689 0.18758500 -0.03562114 0.70225460 -0.32981200 0.63092166 0.00000000
-0.09488808 0.18750600 -0.03573826 0.70335475 -0.33210200 0.62849066 0.00000000
-0.09482103 0.18779000 -0.03566808 0.69405338 -0.32747800 0.64113044 0.00000000
-0.09494452 0.18780200 -0.03560036 0.69405338 -0.32747800 0.64113044 0.00000000
-0.09500875 0.18825300 -0.03565233 0.68083122 -0.32886500 0.65445942 0.00000000
-0.09479864 0.18674300 -0.03573044 0.73161322 -0.36072600 0.57846306 0.00000000
-0.09470918 0.18712200 -0.03563689 0.70491791 -0.33891000 0.62308120 0.00000000
-0.09494170 0.18853700 -0.03558214 0.67808065 -0.32490600 0.65927420 0.00000000
-0.09508290 0.18870700 -0.03528023 0.66376605 -0.32694300 0.67269761 0.00000000
-0.09490583 0.18880500 -0.03541828 0.66376605 -0.32694300 0.67269761 0.00000000
-0.09502461 0.18907000 -0.03509300 0.66117735 -0.32205000 0.67759037 0.00000000
-0.09520050 0.18904700 -0.03526197 0.66376605 -0.32694300 0.67269761 0.00000000
-0.09491412 0.18946700 -0.03466898 0.65207188 -0.32495800 0.68498495 0.00000000
-0.09486524 0.18932500 -0.03499685 0.65380468 -0.32661600 0.68254075 0.00000000
-0.09477174 0.18937300 -0.03527791 0.65380468 -0.32661600 0.68254075 0.00000000
-0.09482061 0.18951500 -0.03495003 0.65380468 -0.32661600 0.68254075 0.00000000
-0.09460877 0.18980500 -0.03461713 0.64549730 -0.32631700 0.69054325 0.00000000
-0.09419825 0.18970500 -0.03503120 0.65380468 -0.32661600 0.68254075 0.00000000
-0.09475114 0.18989900 -0.03400820 0.63910387 -0.31130700 0.70330181 0.00000000
-0.09484529 0.19041000 -0.03427358 0.62548284 -0.30553000 0.71792992 0.00000000
-0.09477524 0.19028700 -0.03427099 0.63864719 -0.30554400 0.70623864 0.00000000
-0.09494833 0.19099900 -0.03442189 0.56580884 -0.30764700 0.76499189 0.00000000
-0.09492297 0.19068700 -0.03446605 0.61033564 -0.30107800 0.73269508 0.00000000
-0.09483241 0.19114100 -0.03467959 0.56580884 -0.30764700 0.76499189 0.00000000
-0.09495008 0.19148200 -0.03466125 0.56174548 -0.31164800 0.76636639 0.00000000
-0.09508099 0.18599200 -0.03669818 0.74224628 -0.39663000 0.54014282 0.00000000
-0.09522808 0.18588500 -0.03783257 0.74855205 -0.39797600 0.53036294 0.00000000
-0.09529452 0.18618400 -0.03727051 0.74855205 -0.39797600 0.53036294 0.00000000
-0.09501742 0.18610000 -0.03719264 0.74855205 -0.39797600 0.53036294 0.00000000
-0.09496508 0.18613400 -0.03695587 0.74224628 -0.39663000 0.54014282 0.00000000
-0.09543036 0.18609900 -0.03765023 0.74855205 -0.39797600 0.53036294 0.00000000
-0.09510862 0.18620300 -0.03752554 0.75529169 -0.39730300 0.52123495 0.00000000
-0.09483452 0.18652500 -0.03738008 0.74087597 -0.38521300 0.55019415 0.00000000
-0.09502094 0.18587300 -0.03627145 0.74087597 -0.38521300 0.55019415 0.00000000
-0.09488385 0.18603400 -0.03619868 0.74087597 -0.38521300 0.55019415 0.00000000
-0.09488685 0.18644000 -0.03613108 0.73211357 -0.37586000 0.56810142 0.00000000
-0.09470103 0.18646000 -0.03638618 0.73211357 -0.37586000 0.56810142 0.00000000
-0.09485150 0.18612500 -0.03659938 0.74087597 -0.38521300 0.55019415 0.00000000
-0.09474976 0.18660100 -0.03605832 0.73161322 -0.36072600 0.57846306 0.00000000
-0.09465634 0.18664900 -0.03633944 0.73161322 -0.36072600 0.57846306 0.00000000
-0.09471331 0.18636200 -0.03683370 0.74087597 -0.38521300 0.55019415 0.00000000
-0.09464634 0.18664600 -0.03676358 0.73211357 -0.37586000 0.56810142 0.00000000
-0.09460164 0.18683500 -0.03671670 0.73161322 -0.36072600 0.57846306 0.00000000
-0.09510445 0.18587200 -0.03790030 0.74855205 -0.39797600 0.53036294 0.00000000
-0.09477223 0.18764800 -0.03599602 0.70335475 -0.33210200 0.62849066 0.00000000
-0.09470051 0.18709300 -0.03723978 0.73161322 -0.36072600 0.57846306 0.00000000
-0.09472753 0.18783700 -0.03594914 0.70225460 -0.32981200 0.63092166 0.00000000
-0.09476170 0.18822800 -0.03578785 0.69405338 -0.32747800 0.64113044 0.00000000
-0.09463814 0.18821600 -0.03585552 0.69405338 -0.32747800 0.64113044 0.00000000
-0.09471693 0.18841700 -0.03574105 0.67871955 -0.32961900 0.65627027 0.00000000
-0.09475277 0.18700800 -0.03599072 0.71854124 -0.34932400 0.60139208 0.00000000
-0.09462810 0.18707100 -0.03636546 0.72763846 -0.35734900 0.58552866 0.00000000
-0.09428866 0.18701800 -0.03647496 0.73161322 -0.36072600 0.57846306 0.00000000
-0.09470808 0.18719700 -0.03594397 0.71060086 -0.34263400 0.61453093 0.00000000
-0.09440986 0.18718200 -0.03702134 0.73161322 -0.36072600 0.57846306 0.00000000
-0.09459344 0.18840500 -0.03580877 0.68083122 -0.32886500 0.65445942 0.00000000
-0.09481233 0.18885200 -0.03569933 0.66376605 -0.32694300 0.67269761 0.00000000
-0.09555144 0.19354300 -0.03259247 0.98135874 0.19189400 0.01058206 0.00000000
-0.09559025 0.19368200 -0.03268881 0.98183273 0.18877400 0.01922931 0.00000000
-0.09568557 0.19411600 -0.03264703 0.98439808 0.17580200 -0.00742621 0.00000000
-0.09553378 0.19452700 -0.03274086 0.96899245 0.17218500 -0.17721596 0.00000000
-0.09533613 0.19406000 -0.03318068 0.98368662 0.17869100 0.02074138 0.00000000
-0.09653505 0.19726800 -0.03004992 0.73972676 0.51703800 -0.43066892 0.00000000
-0.09674326 0.19611400 -0.03287552 0.93439229 0.26555400 -0.23746984 0.00000000
-0.09664976 0.19616100 -0.03315658 0.94559679 0.24923400 -0.20911279 0.00000000
-0.09664629 0.19633800 -0.03259193 0.92890463 0.27620700 -0.24667109 0.00000000
-0.09641271 0.19613900 -0.03286796 0.93369272 0.25448300 -0.25190637 0.00000000
-0.09646804 0.19651100 -0.03303699 0.94605453 0.26078800 -0.19227778 0.00000000
-0.09556440 0.19509400 -0.03201486 0.91710564 0.22347900 -0.33011382 0.00000000
-0.09646146 0.19514000 -0.03262582 0.94964211 0.25403200 -0.18343295 0.00000000
-0.09639024 0.19509300 -0.03293025 0.95974531 0.25521700 -0.11727461 0.00000000
-0.09657913 0.19548000 -0.03260748 0.94368839 0.27512000 -0.18374129 0.00000000
-0.09648556 0.19552800 -0.03288862 0.94522896 0.27841900 -0.17036806 0.00000000
-0.09634619 0.19579000 -0.03194418 0.91062644 0.27615200 -0.30740739 0.00000000
-0.09649385 0.19619000 -0.03213932 0.91572959 0.29146800 -0.27656014 0.00000000
-0.09577440 0.19546300 -0.03202262 0.92533819 0.23147500 -0.30028167 0.00000000
-0.09549736 0.19537800 -0.03194468 0.91730242 0.23355700 -0.32250258 0.00000000
-0.09529088 0.19597400 -0.03241590 0.93752173 0.21591600 -0.27282432 0.00000000
-0.09683394 0.19680100 -0.03257625 0.91996042 0.31888000 -0.22800877 0.00000000
-0.09666809 0.19796800 -0.03189734 0.83198570 0.48359400 -0.27191221 0.00000000
-0.09556550 0.19278600 -0.03336521 0.53109740 -0.19584200 0.82436753 0.00000000
-0.09559188 0.19302300 -0.03301390 0.97546628 0.13538800 0.17359594 0.00000000
-0.09535836 0.19282400 -0.03328986 0.57963542 -0.17780200 0.79524232 0.00000000
-0.09527834 0.19155700 -0.03379714 0.44419676 -0.30343500 0.84298093 0.00000000
-0.09511891 0.19181300 -0.03370107 0.44419676 -0.30343500 0.84298093 0.00000000
-0.09507010 0.19167100 -0.03402887 0.46130029 -0.30370900 0.83364417 0.00000000
-0.09527363 0.19180900 -0.03353959 0.44419676 -0.30343500 0.84298093 0.00000000
-0.09515890 0.19187600 -0.03349026 0.44621299 -0.30650100 0.84080404 0.00000000
-0.09518424 0.19218800 -0.03344596 0.40859730 -0.30054400 0.86181282 0.00000000
-0.09502541 0.19186000 -0.03398213 0.44419676 -0.30343500 0.84298093 0.00000000
-0.09493609 0.19223800 -0.03388857 0.42740699 -0.30498700 0.85106203 0.00000000
-0.09465781 0.19222900 -0.03411772 0.44621299 -0.30650100 0.84080404 0.00000000
-0.09532427 0.19243300 -0.03345121 0.37313003 -0.30509100 0.87618053 0.00000000
-0.09502959 0.19219100 -0.03360751 0.40859730 -0.30054400 0.86181282 0.00000000
-0.09496247 0.19247500 -0.03353727 0.40859730 -0.30054400 0.86181282 0.00000000
-0.09489132 0.19242800 -0.03384177 0.40859730 -0.30054400 0.86181282 0.00000000
-0.09489543 0.19275900 -0.03346708 0.46882968 -0.25347000 0.84613980 0.00000000
-0.09556961 0.19311700 -0.03299052 0.96809288 0.12412100 0.21769490 0.00000000
-0.09519900 0.19308000 -0.03319371 0.95376373 0.10666700 0.28099317 0.00000000
-0.09521671 0.19323800 -0.03295952 0.97352949 0.14472400 0.17690365 0.00000000
-0.09543552 0.19368500 -0.03285016 0.98364778 0.16737300 0.06650495 0.00000000
-0.09490254 0.19349700 -0.03302480 0.96718861 0.13371500 0.21602506 0.00000000
-0.09512785 0.19303300 -0.03349821 0.90415251 0.06672700 0.42196729 0.00000000
-0.09512320 0.19328500 -0.03324058 0.98124598 0.18460200 0.05548117 0.00000000
-0.09482839 0.19304300 -0.03339690 0.76226288 -0.05884300 0.64458775 0.00000000
-0.09455142 0.19295800 -0.03331902 0.75747581 -0.07251470 0.64882323 0.00000000
-0.09471972 0.19392200 -0.03321230 0.97705102 0.17618800 -0.11970739 0.00000000
-0.09507142 0.19496900 -0.03197883 0.91595549 0.21235600 -0.34048570 0.00000000
-0.09524268 0.19519900 -0.03189031 0.91909506 0.21336900 -0.33126656 0.00000000
-0.09642397 0.19829900 -0.03047943 0.72589272 0.57718300 -0.37408531 0.00000000
-0.09648402 0.19841900 -0.03090616 0.74029377 0.57634500 -0.34610966 0.00000000
-0.09663513 0.19859200 -0.03018003 0.71746333 0.56328800 -0.40981988 0.00000000
-0.09715994 0.19926000 -0.03066895 0.76421678 0.55629700 -0.32635398 0.00000000
-0.09681932 0.19928200 -0.03108548 0.41887241 0.82504200 -0.37927788 0.00000000
-0.09694870 0.19896700 -0.03096829 0.45506394 0.81436700 -0.36017229 0.00000000
-0.09646102 0.19795600 -0.03033628 0.74464252 0.53859800 -0.39423302 0.00000000
-0.09621162 0.19808200 -0.03108585 0.77063439 0.54184000 -0.33545853 0.00000000
-0.09576457 0.19769200 -0.03078946 0.80279736 0.47154000 -0.36492072 0.00000000
-0.09611569 0.19823000 -0.03049525 0.76667268 0.51930400 -0.37753879 0.00000000
-0.09608516 0.19875400 -0.02964960 0.89265956 0.30555900 -0.33135120 0.00000000
-0.09600584 0.19918600 -0.03061767 0.76614812 0.50167200 -0.40167386 0.00000000
-0.09650762 0.20048100 -0.02896508 0.44404654 0.14234300 -0.88462460 0.00000000
-0.09744645 0.19998100 -0.03117621 0.61998592 0.67877100 -0.39355666 0.00000000
-0.09673000 0.19966100 -0.03099192 0.20021783 0.89851100 -0.39062875 0.00000000
-0.09696653 0.20026600 -0.03064836 0.68180129 0.55494400 -0.47663810 0.00000000
-0.09633169 0.19941200 -0.03036767 0.67891800 0.58435100 -0.44452764 0.00000000
-0.09613527 0.20001200 -0.03041468 0.79500348 0.35168800 -0.49425144 0.00000000
-0.09678709 0.20046500 -0.02991468 0.51298171 0.45080000 -0.73049971 0.00000000
-0.09632173 0.20050000 -0.02922025 0.51043360 0.22801100 -0.82913760 0.00000000
-0.09665118 0.20055000 -0.02953489 0.46373830 0.33228500 -0.82129933 0.00000000
-0.09671998 0.20074900 -0.02984457 0.45097120 0.38863600 -0.80348416 0.00000000
-0.09625058 0.20045300 -0.02952475 0.60881514 0.30804500 -0.73106293 0.00000000
-0.09618825 0.20048500 -0.02971212 0.66503754 0.29318800 -0.68685147 0.00000000
-0.09724003 0.20052700 -0.03016159 0.48399405 0.54909400 -0.68135580 0.00000000
-0.09696292 0.20044200 -0.03008372 0.50622576 0.50729800 -0.69741254 0.00000000
-0.09675592 0.20048100 -0.03000836 0.53296824 0.47329400 -0.70138286 0.00000000
-0.09684708 0.20058400 -0.03034148 0.55570700 0.52595900 -0.64386055 0.00000000
-0.09740593 0.20050200 -0.03075471 0.57479721 0.62808300 -0.52451843 0.00000000
-0.09689948 0.20055000 -0.03057818 0.55065599 0.57256800 -0.60740729 0.00000000
-0.09638531 0.20044300 -0.03021155 0.63992945 0.42984000 -0.63696697 0.00000000
-0.09616179 0.20024800 -0.03006336 0.78307178 0.31717600 -0.53497479 0.00000000
-0.09638996 0.20019100 -0.03046918 0.85434630 0.32841500 -0.40278677 0.00000000
-0.09615233 0.19961100 -0.02963405 0.84128667 0.32451300 -0.43235206 0.00000000
-0.09596997 0.19945400 -0.03045380 0.79158414 0.44452800 -0.41927391 0.00000000
-0.09673924 0.19801500 -0.03159284 0.79379146 0.53234300 -0.29411964 0.00000000
-0.09606285 0.19775800 -0.03119779 0.83344541 0.44609800 -0.32613720 0.00000000
-0.09650241 0.20027600 -0.03113261 0.24663698 0.80003000 -0.54692059 0.00000000
-0.09636350 0.19995500 -0.03082042 0.61795684 0.60951200 -0.49661229 0.00000000
-0.09729728 0.20361400 -0.02891282 -0.08851735 0.34129100 -0.93578069 0.00000000
-0.09677848 0.20381000 -0.02977447 -0.10720473 0.32669700 -0.93902935 0.00000000
-0.09637936 0.20072100 -0.02877532 0.44453806 0.09760740 -0.89042636 0.00000000
-0.09617647 0.20109000 -0.02832528 0.58690306 0.13590500 -0.79816958 0.00000000
-0.09626298 0.20144600 -0.02840077 0.43639914 0.11765000 -0.89202782 0.00000000
-0.09669717 0.20142700 -0.02918888 0.25142754 0.09579170 -0.96312367 0.00000000
-0.09677060 0.20137300 -0.02975605 0.31839548 0.20891100 -0.92465117 0.00000000
-0.09670356 0.20165700 -0.02968587 0.27156083 0.07785060 -0.95926724 0.00000000
-0.09656178 0.20092900 -0.02944127 0.37048291 0.19388600 -0.90837771 0.00000000
-0.09674422 0.20113600 -0.03010735 0.38444080 0.38195200 -0.84042683 0.00000000
-0.09676943 0.20144800 -0.03006307 0.37470614 0.30460300 -0.87567830 0.00000000
-0.09670246 0.20173200 -0.02999295 0.28428732 0.15462500 -0.94618843 0.00000000
-0.09684476 0.20182700 -0.02938395 0.25050997 0.06398150 -0.96599806 0.00000000
-0.09677779 0.20211100 -0.02931383 0.20007960 0.09463700 -0.97519837 0.00000000
-0.09653656 0.20175800 -0.02939983 0.23533984 0.05017020 -0.97061755 0.00000000
-0.09684887 0.20215800 -0.02900927 0.15892944 0.10462800 -0.98173079 0.00000000
-0.09666194 0.20225300 -0.02957145 0.18939900 0.05661500 -0.98026619 0.00000000
-0.09671075 0.20239500 -0.02924365 0.11385369 0.12149000 -0.98604099 0.00000000
-0.09608362 0.20169600 -0.02915292 0.30463850 0.01680510 -0.95232015 0.00000000
-0.09583304 0.20184700 -0.02872373 0.39601754 -0.01354960 -0.91814320 0.00000000
-0.09662777 0.20186200 -0.02973274 0.24248625 0.03076220 -0.96966651 0.00000000
-0.09578123 0.20129900 -0.02911927 0.49113081 0.00114373 -0.87108534 0.00000000
-0.09674130 0.20296200 -0.02851759 -0.04154882 0.25111700 -0.96706512 0.00000000
-0.09660186 0.20322400 -0.02757323 -0.85331084 0.30948900 -0.41961646 0.00000000
-0.09669661 0.20315100 -0.02847085 -0.22191875 0.33416900 -0.91601467 0.00000000
-0.09678182 0.20244200 -0.02893909 0.09762218 0.12476200 -0.98737297 0.00000000
-0.09668369 0.20274100 -0.02896266 0.04705156 0.13533200 -0.98968218 0.00000000
-0.09661664 0.20302500 -0.02889247 -0.03895921 0.19975200 -0.97907151 0.00000000
-0.09626845 0.20289300 -0.02911903 -0.05248006 0.11406100 -0.99208660 0.00000000
-0.09664846 0.20356700 -0.02934522 -0.20403955 0.31351200 -0.92740410 0.00000000
-0.09606732 0.20374500 -0.02890848 -0.42005459 0.25904200 -0.86974211 0.00000000
-0.09604551 0.20325600 -0.02951735 -0.23270346 0.20057300 -0.95164061 0.00000000
-0.09634025 0.20349900 -0.02936096 -0.31820125 0.29555400 -0.90077517 0.00000000
-0.09597853 0.20354000 -0.02944709 -0.37353397 0.28109700 -0.88400059 0.00000000
-0.09618852 0.20390900 -0.02945471 -0.37740061 0.31151300 -0.87208263 0.00000000
-0.09787471 0.20985300 -0.02623805 0.80285668 0.41644600 -0.42660676 0.00000000
-0.09784001 0.21004500 -0.02576716 0.51054879 0.60459100 -0.61139916 0.00000000
-0.09777297 0.21032900 -0.02569698 0.46293775 0.63663200 -0.61675620 0.00000000
-0.09764648 0.20991000 -0.02583230 0.19720788 0.69637300 -0.69005333 0.00000000
-0.09776614 0.20449300 -0.02860033 -0.20629036 0.37009600 -0.90579946 0.00000000
-0.09759082 0.20502300 -0.02749210 -0.73668767 -0.03674760 -0.67523348 0.00000000
-0.09778671 0.20505700 -0.02829855 -0.33396805 0.16369800 -0.92826118 0.00000000
-0.09790381 0.20489000 -0.02921961 0.03182215 0.28191800 -0.95891057 0.00000000
-0.09664273 0.20612800 -0.02773739 -0.71671225 -0.05588390 -0.69512640 0.00000000
-0.09780386 0.20693900 -0.02734633 -0.16678826 0.18532400 -0.96841935 0.00000000
-0.09778159 0.20703400 -0.02732295 -0.14130461 0.18943600 -0.97167243 0.00000000
-0.09760333 0.20720800 -0.02776802 -0.83288601 -0.24604500 -0.49574529 0.00000000
-0.09623689 0.20691600 -0.02832314 -0.38081568 0.18046100 -0.90687011 0.00000000
-0.09626907 0.20454200 -0.02809397 -0.73097565 0.09183920 -0.67619551 0.00000000
-0.09667025 0.20514700 -0.02716486 -0.82457857 -0.13314600 -0.54985616 0.00000000
-0.09629559 0.20477900 -0.02774266 -0.79305931 0.00102037 -0.60914399 0.00000000
-0.09661615 0.20475000 -0.02817436 -0.70048960 0.06863160 -0.71035506 0.00000000
-0.09633904 0.20466500 -0.02809649 -0.72504427 0.08779580 -0.68308334 0.00000000
-0.09650442 0.20522300 -0.02805744 -0.78336558 -0.10042100 -0.61339487 0.00000000
-0.09649985 0.20547500 -0.02779987 -0.83146368 -0.16239700 -0.53131428 0.00000000
-0.09595026 0.20505400 -0.02790162 -0.69556046 0.00972209 -0.71840124 0.00000000
-0.09592145 0.20491800 -0.02738127 -0.81807169 -0.07602480 -0.57006949 0.00000000
-0.09651383 0.20471800 -0.02857255 -0.48600957 0.19774600 -0.85128809 0.00000000
-0.09594205 0.20439100 -0.02865099 -0.50084307 0.22439700 -0.83594417 0.00000000
-0.09626789 0.20461800 -0.02840099 -0.59887257 0.14351400 -0.78788004 0.00000000
-0.09640262 0.20460800 -0.02908779 -0.38937168 0.26266100 -0.88283606 0.00000000
-0.09563377 0.20432300 -0.02866680 -0.50463702 0.19845600 -0.84021211 0.00000000
-0.09603209 0.20457100 -0.02929105 -0.38664487 0.27643600 -0.87982323 0.00000000
-0.09610264 0.20520200 -0.02835431 -0.58718668 0.05804310 -0.80736780 0.00000000
-0.09660209 0.20550700 -0.02740162 -0.76728366 -0.11018400 -0.63177191 0.00000000
-0.09774343 0.20745300 -0.02777318 -0.83954836 -0.25117300 -0.48173771 0.00000000
-0.09665702 0.20765400 -0.02833852 0.00801941 0.38270900 -0.92383420 0.00000000
-0.09721232 0.20888900 -0.02810145 0.57783712 0.42143900 -0.69892336 0.00000000
-0.09650058 0.20831600 -0.02817471 -0.85247782 -0.25655000 -0.45548256 0.00000000
-0.09780821 0.20955300 -0.02680018 0.63032258 0.44877400 -0.63347942 0.00000000
-0.09766119 0.20971100 -0.02715148 0.62880238 0.44666300 -0.63647373 0.00000000
-0.09757233 0.20950600 -0.02769017 0.63839039 0.37472100 -0.67234081 0.00000000
-0.09724767 0.20920400 -0.02763315 0.63958951 0.38610000 -0.66471987 0.00000000
-0.09698709 0.20935200 -0.02762811 0.63958951 0.38610000 -0.66471987 0.00000000
-0.09717534 0.20923200 -0.02824466 0.60907778 0.40296500 -0.68311235 0.00000000
-0.09708123 0.20986300 -0.02789349 0.62654503 0.39766200 -0.67030388 0.00000000
-0.09694304 0.21010000 -0.02812780 0.60866484 0.43240500 -0.66524695 0.00000000
-0.09609357 0.20913000 -0.02758186 0.50599558 0.46399800 -0.72709962 0.00000000
-0.09664837 0.20985700 -0.02828411 0.62999918 0.39215900 -0.67030828 0.00000000
-0.09637132 0.20977300 -0.02820616 0.63988710 0.40831000 -0.65102032 0.00000000
-0.09618425 0.20986800 -0.02876836 0.60469665 0.46465700 -0.64686581 0.00000000
-0.09758354 0.21052500 -0.02538744 0.42859459 0.64596000 -0.63169820 0.00000000
-0.09754356 0.21046200 -0.02559825 0.45176834 0.64845400 -0.61270955 0.00000000
-0.09749879 0.21065100 -0.02555145 0.42859459 0.64596000 -0.63169820 0.00000000
-0.09751650 0.21080800 -0.02531726 0.37504911 0.67438000 -0.63604278 0.00000000
-0.09757412 0.21102900 -0.02487233 0.31926884 0.67805200 -0.66205198 0.00000000
-0.09780190 0.21155500 -0.02464583 0.34838634 0.69409200 -0.62997052 0.00000000
-0.09763424 0.21114900 -0.02529898 0.36287411 0.67107500 -0.64651425 0.00000000
-0.09769069 0.21144500 -0.02516107 0.34157400 0.68151600 -0.64719701 0.00000000
-0.09761118 0.21068500 -0.02472918 0.33382893 0.69383800 -0.63808081 0.00000000
-0.09702947 0.21035500 -0.02523169 0.46182231 0.64311500 -0.61083718 0.00000000
-0.09728887 0.21028200 -0.02554375 0.51352977 0.59846000 -0.61492484 0.00000000
-0.09672772 0.21051600 -0.02574448 0.39881775 0.65223900 -0.64461483 0.00000000
-0.09654883 0.21013200 -0.02564311 0.57222485 0.55694100 -0.60197570 0.00000000
-0.09645062 0.21043200 -0.02566661 0.50673691 0.59929200 -0.61973061 0.00000000
-0.09714771 0.21125400 -0.02575986 0.41798035 0.65144900 -0.63317192 0.00000000
-0.09636122 0.21081000 -0.02557299 0.51520877 0.59051800 -0.62116647 0.00000000
-0.09858182 0.21285900 -0.02276410 -0.24820898 0.43549500 -0.86529587 0.00000000
-0.09823428 0.21328600 -0.02353723 -0.25875910 0.46640300 -0.84587945 0.00000000
-0.09820782 0.21304900 -0.02388847 -0.27724960 0.52089300 -0.80734357 0.00000000
-0.09814078 0.21333300 -0.02381829 -0.27586131 0.48565800 -0.82947978 0.00000000
-0.09790836 0.21305900 -0.02378716 -0.27568914 0.50396000 -0.81854749 0.00000000
-0.09735893 0.21263700 -0.02388904 -0.13795776 0.57258000 -0.80815797 0.00000000
-0.09733019 0.21255200 -0.02485438 0.20250896 0.66622300 -0.71773035 0.00000000
-0.09730367 0.21231600 -0.02520570 0.25797754 0.66991900 -0.69617258 0.00000000
-0.09784192 0.21276000 -0.02434921 0.14383992 0.68278600 -0.71631933 0.00000000
-0.09753372 0.21269100 -0.02436510 0.08023639 0.65354700 -0.75262140 0.00000000
-0.09744433 0.21306900 -0.02427147 -0.13146783 0.56263900 -0.81618219 0.00000000
-0.09711430 0.21251200 -0.02489608 0.19878637 0.67093200 -0.71437643 0.00000000
-0.09711013 0.21218100 -0.02527084 0.21168671 0.66850400 -0.71294544 0.00000000
-0.09710488 0.21301600 -0.02438097 -0.13553735 0.57155700 -0.80929115 0.00000000
-0.09762316 0.21340300 -0.02288715 -0.30892427 0.42273800 -0.85197344 0.00000000
-0.09767071 0.21362100 -0.02286631 -0.30026577 0.45168700 -0.84013049 0.00000000
-0.09805138 0.21371200 -0.02372466 -0.26330595 0.45895400 -0.84854655 0.00000000
-0.09802604 0.21339900 -0.02376896 -0.27586131 0.48565800 -0.82947978 0.00000000
-0.09777898 0.21337500 -0.02390435 -0.27586131 0.48565800 -0.82947978 0.00000000
-0.09791431 0.21387300 -0.02365204 -0.25037996 0.43887200 -0.86296039 0.00000000
-0.09804721 0.21338000 -0.02409942 -0.24485310 0.50014400 -0.83060414 0.00000000
-0.09786550 0.21373100 -0.02397984 -0.26116383 0.45563000 -0.85099667 0.00000000
-0.09737728 0.21335300 -0.02420129 -0.29561303 0.49134900 -0.81926092 0.00000000
-0.09734141 0.21362100 -0.02403742 -0.26770098 0.45854200 -0.84739304 0.00000000
-0.09733670 0.21387300 -0.02377987 -0.28582842 0.41892300 -0.86186166 0.00000000
-0.09738786 0.21391400 -0.02432366 -0.24559184 0.46051200 -0.85300304 0.00000000
-0.09747554 0.21419500 -0.02409199 -0.25081547 0.42908400 -0.86774266 0.00000000
-0.09720268 0.21444100 -0.02363942 -0.26820965 0.44887500 -0.85239407 0.00000000
-0.09795675 0.21492600 -0.02274131 -0.28938602 0.48170800 -0.82717204 0.00000000
-0.09792969 0.21527200 -0.02246032 -0.29962907 0.48642600 -0.82073820 0.00000000
-0.09716680 0.21470900 -0.02347556 -0.28956334 0.44934500 -0.84512860 0.00000000
-0.09733210 0.21526700 -0.02343644 -0.31089444 0.47915000 -0.82082877 0.00000000
-0.09711746 0.21515100 -0.02317118 -0.33640414 0.46205200 -0.82057313 0.00000000
-0.09846560 0.21586800 -0.02221801 -0.34127765 0.50117800 -0.79520458 0.00000000
-0.09807736 0.21567300 -0.02265545 -0.31023849 0.48854400 -0.81552159 0.00000000
-0.09837203 0.21591500 -0.02249914 -0.30149279 0.49648700 -0.81400345 0.00000000
-0.09782267 0.21549300 -0.02260095 -0.32766981 0.48381700 -0.81151342 0.00000000
-0.09839856 0.21615100 -0.02214783 -0.35847308 0.48943100 -0.79495547 0.00000000
-0.09816386 0.21602900 -0.02273080 -0.30422674 0.49030200 -0.81673182 0.00000000
-0.09830506 0.21619900 -0.02242889 -0.33169611 0.49007300 -0.80610634 0.00000000
-0.09793917 0.21590900 -0.02288977 -0.31702926 0.48866500 -0.81283462 0.00000000
-0.09787205 0.21619300 -0.02281952 -0.33766833 0.48143100 -0.80882872 0.00000000
-0.09779332 0.21599100 -0.02293405 -0.33966602 0.48454100 -0.80613111 0.00000000
-0.09768630 0.21621200 -0.02307468 -0.39988012 0.47469500 -0.78406651 0.00000000
-0.09707674 0.21567100 -0.02274977 -0.41017859 0.46711700 -0.78329799 0.00000000
-0.09732739 0.21551900 -0.02317888 -0.35481089 0.46969500 -0.80839106 0.00000000
-0.09726035 0.21580300 -0.02310870 -0.36643994 0.47033300 -0.80281276 0.00000000
-0.09719330 0.21608700 -0.02303852 -0.38636200 0.46707100 -0.79534281 0.00000000
-0.09736797 0.21499900 -0.02360030 -0.29798007 0.46239700 -0.83510325 0.00000000
-0.09663687 0.21606900 -0.02349680 -0.38491649 0.46827600 -0.79533465 0.00000000
-0.09698712 0.21044300 -0.02605654 0.35098187 0.67098800 -0.65313576 0.00000000
-0.09696006 0.21079000 -0.02577554 0.48474277 0.60790900 -0.62886421 0.00000000
-0.09660998 0.21017600 -0.02576275 0.42681396 0.63072400 -0.64808722 0.00000000
-0.09691537 0.21098000 -0.02572880 0.45975998 0.62494600 -0.63092219 0.00000000
-0.09682598 0.21135800 -0.02563518 0.40754187 0.64152700 -0.64988752 0.00000000
-0.09715072 0.21166000 -0.02569227 0.36526550 0.64199500 -0.67410950 0.00000000
-0.09657429 0.21158600 -0.02551307 0.39178563 0.63055800 -0.67000057 0.00000000
-0.09669189 0.21192600 -0.02549481 0.31304747 0.64665300 -0.69558703 0.00000000
-0.09834456 0.21798600 -0.02150010 -0.68355728 0.38580200 -0.61960157 0.00000000
-0.09839337 0.21812800 -0.02117230 -0.71525586 0.36067200 -0.59860236 0.00000000
-0.09838678 0.21680700 -0.02224676 -0.39799377 0.49583500 -0.77184734 0.00000000
-0.09831974 0.21709100 -0.02217657 -0.42302243 0.48761000 -0.76373275 0.00000000
-0.09835451 0.21689900 -0.02264752 -0.37671871 0.48308000 -0.79039010 0.00000000
-0.09843858 0.21735600 -0.02185122 -0.48596289 0.47635600 -0.73275130 0.00000000
-0.09832883 0.22049300 -0.01883064 -0.76323300 0.32103900 -0.56072197 0.00000000
-0.09842461 0.22034500 -0.01942125 -0.77669074 0.33879700 -0.53100631 0.00000000
-0.09832640 0.22064400 -0.01944475 -0.77758420 0.33474100 -0.53227030 0.00000000
-0.09824632 0.21937700 -0.01995211 -0.76678395 0.33264100 -0.54899204 0.00000000
-0.09852058 0.22128700 -0.01844028 -0.76553061 0.31094700 -0.56327121 0.00000000
-0.09867296 0.22143500 -0.01889297 -0.76759273 0.31625500 -0.55747980 0.00000000
-0.09861062 0.22146700 -0.01908034 -0.76759273 0.31625500 -0.55747980 0.00000000
-0.09889288 0.22180700 -0.01847652 -0.76334403 0.32025300 -0.56101991 0.00000000
-0.09884825 0.22199600 -0.01842971 -0.76334403 0.32025300 -0.56101991 0.00000000
-0.09883761 0.22143500 -0.01830741 -0.76470959 0.31481300 -0.56223924 0.00000000
-0.09834180 0.22204400 -0.01825317 -0.76768096 0.30856100 -0.56165486 0.00000000
-0.09858356 0.22181400 -0.01879935 -0.76470959 0.31481300 -0.56223924 0.00000000
-0.09875064 0.22171300 -0.01908545 -0.77127356 0.32077700 -0.54976393 0.00000000
-0.09869942 0.22167200 -0.01854173 -0.76470959 0.31481300 -0.56223924 0.00000000
-0.09849588 0.22153300 -0.01903102 -0.76759273 0.31625500 -0.55747980 0.00000000
-0.09863244 0.22195600 -0.01847147 -0.76182691 0.31337300 -0.56693613 0.00000000
-0.09847764 0.22195900 -0.01863289 -0.76976170 0.31385200 -0.55584448 0.00000000
-0.09759426 0.22179000 -0.01964826 -0.76470959 0.31481300 -0.56223924 0.00000000
-0.09789658 0.22218700 -0.01968198 -0.77560127 0.30896200 -0.55044082 0.00000000
-0.09756774 0.22155400 -0.01999957 -0.78635890 0.31147900 -0.53349823 0.00000000
-0.09834591 0.22237500 -0.01787849 -0.76481266 0.31404200 -0.56252955 0.00000000
-0.09829357 0.22241000 -0.01764172 -0.76467116 0.32177500 -0.55833544 0.00000000
-0.09828828 0.22215500 -0.01832342 -0.76398883 0.31099600 -0.56533398 0.00000000
-0.09835184 0.22318900 -0.01774323 -0.78167775 0.34423400 -0.52007879 0.00000000
-0.09840713 0.22247000 -0.01948383 -0.77774278 0.30653600 -0.54877291 0.00000000
-0.09718789 0.22316200 -0.01960184 -0.76323300 0.32103900 -0.56072197 0.00000000
-0.09738317 0.22373000 -0.01829029 -0.78809566 0.34490700 -0.50984660 0.00000000
-0.09754194 0.22405700 -0.01775419 -0.78167775 0.34423400 -0.52007879 0.00000000
-0.09756840 0.22429400 -0.01740295 -0.77801135 0.34593400 -0.52443138 0.00000000
-0.09753252 0.22456200 -0.01723909 -0.78167775 0.34423400 -0.52007879 0.00000000
-0.09755904 0.22479800 -0.01688777 -0.78391596 0.34175100 -0.51834436 0.00000000
-0.09739850 0.22512900 -0.01709864 -0.76578640 0.36138600 -0.53195012 0.00000000
-0.09731322 0.22583900 -0.01663048 -0.73139168 0.37810500 -0.56754119 0.00000000
-0.09805863 0.21777300 -0.02005359 -0.75454477 0.32355200 -0.57094347 0.00000000
-0.09821511 0.21825200 -0.02013160 -0.75520887 0.32740500 -0.56786006 0.00000000
-0.09795924 0.21814800 -0.02038411 -0.75454477 0.32355200 -0.57094347 0.00000000
-0.09800386 0.21795900 -0.02043093 -0.74793290 0.33056800 -0.57560475 0.00000000
-0.09781739 0.21742000 -0.02013959 -0.72658967 0.34954300 -0.59151322 0.00000000
-0.09804928 0.21832700 -0.02102417 -0.73088826 0.34586100 -0.58837295 0.00000000
-0.09784340 0.21829000 -0.02064187 -0.75454477 0.32355200 -0.57094347 0.00000000
-0.09817040 0.21844100 -0.02008472 -0.75520887 0.32740500 -0.56786006 0.00000000
-0.09789219 0.21843200 -0.02031393 -0.75884509 0.32579400 -0.56392623 0.00000000
-0.09810226 0.21880000 -0.02032162 -0.75807235 0.32891600 -0.56315181 0.00000000
-0.09782515 0.21871600 -0.02024375 -0.75807235 0.32891600 -0.56315181 0.00000000
-0.09779869 0.21847900 -0.02059499 -0.75454477 0.32355200 -0.57094347 0.00000000
-0.09743227 0.21877300 -0.02042356 -0.75884509 0.32579400 -0.56392623 0.00000000
-0.09833151 0.21643500 -0.02207765 -0.40144188 0.49090200 -0.77321305 0.00000000
-0.09815334 0.21660900 -0.02252277 -0.36869144 0.48442000 -0.79334996 0.00000000
-0.09743165 0.21717400 -0.02293438 -0.33618243 0.47580300 -0.81276815 0.00000000
-0.09710398 0.21646500 -0.02294496 -0.40573194 0.47030200 -0.78370791 0.00000000
-0.09688221 0.21675300 -0.02303612 -0.51955315 0.44875500 -0.72710645 0.00000000
-0.09720224 0.21730700 -0.02283565 -0.52913374 0.44613400 -0.72179104 0.00000000
-0.09690285 0.21731700 -0.02273441 -0.61786388 0.42379200 -0.66230227 0.00000000
-0.09683581 0.21760100 -0.02266423 -0.69649381 0.39421500 -0.59957606 0.00000000
-0.09689933 0.21754400 -0.02365560 -0.54463803 0.44785500 -0.70908056 0.00000000
-0.09677112 0.21778400 -0.02346563 -0.66841686 0.40858500 -0.62151206 0.00000000
-0.09691524 0.21831000 -0.02161029 -0.76697153 0.31165700 -0.56091397 0.00000000
-0.09695576 0.21779000 -0.02203179 -0.75590444 0.35568000 -0.54963662 0.00000000
-0.09695117 0.21918400 -0.02168850 -0.75454477 0.32355200 -0.57094347 0.00000000
-0.09684821 0.21859400 -0.02154025 -0.75454477 0.32355200 -0.57094347 0.00000000
-0.09659762 0.21874600 -0.02111106 -0.75454477 0.32355200 -0.57094347 0.00000000
-0.09673646 0.21906700 -0.02142318 -0.75454477 0.32355200 -0.57094347 0.00000000
-0.09677763 0.21910500 -0.02239112 -0.76689713 0.32559000 -0.55304606 0.00000000
-0.09727940 0.21821800 -0.02388173 -0.60050214 0.44451100 -0.66468516 0.00000000
-0.09675117 0.21886800 -0.02274236 -0.76106145 0.32961900 -0.55869166 0.00000000
-0.09801991 0.21986600 -0.01830002 -0.76183322 0.32649000 -0.55947652 0.00000000
-0.09798513 0.22005900 -0.01782907 -0.76193506 0.31260800 -0.56721267 0.00000000
-0.09732711 0.22061800 -0.02071781 -0.76484580 0.34698000 -0.54278540 0.00000000
-0.09709469 0.22034400 -0.02068668 -0.75419849 0.34377400 -0.55946701 0.00000000
-0.09702765 0.22062700 -0.02061650 -0.77250438 0.33567200 -0.53903749 0.00000000
-0.09605639 0.21898600 -0.02046344 -0.75807235 0.32891600 -0.56315181 0.00000000
-0.09565880 0.21929600 -0.02038569 -0.76106145 0.32961900 -0.55869166 0.00000000
-0.09751828 0.22085400 -0.01978094 -0.78257562 0.33461600 -0.52498299 0.00000000
-0.09734421 0.22135900 -0.01985138 -0.79218524 0.31348300 -0.52361355 0.00000000
-0.09735363 0.22085400 -0.02036649 -0.77758420 0.33474100 -0.53227030 0.00000000
-0.09721013 0.22192600 -0.01971102 -0.76973671 0.30692200 -0.55973506 0.00000000
-0.09722467 0.21944500 -0.02120173 -0.75807235 0.32891600 -0.56315181 0.00000000
-0.09693703 0.21994000 -0.02091569 -0.76106145 0.32961900 -0.55869166 0.00000000
-0.09677310 0.22049900 -0.02204775 -0.75885051 0.33199200 -0.56029143 0.00000000
-0.09620302 0.21951300 -0.02245135 -0.76833173 0.32633200 -0.55061257 0.00000000
-0.09727539 0.22230100 -0.01945598 -0.77560127 0.30896200 -0.55044082 0.00000000
-0.09716372 0.22277400 -0.01933898 -0.76552144 0.31786900 -0.55940716 0.00000000
-0.09686015 0.22245300 -0.01961235 -0.77560127 0.30896200 -0.55044082 0.00000000
-0.09667719 0.22287900 -0.01979986 -0.76470959 0.31481300 -0.56223924 0.00000000
-0.09705205 0.22324800 -0.01922198 -0.75234743 0.32589800 -0.57250696 0.00000000
-0.09724666 0.22439800 -0.01727827 -0.77943166 0.34670900 -0.52180395 0.00000000
-0.09640087 0.22335300 -0.02026842 -0.75884509 0.32579400 -0.56392623 0.00000000
