-0.11889296 0.21071800 0.02032675 -0.31032722 -0.94632000 -0.09041551 2.00000000
-0.11686936 0.21035700 0.01911631 -0.20144873 -0.97569900 -0.08619187 2.00000000
-0.11782545 0.21064500 0.01900200 -0.22051683 -0.97101100 -0.09224953 2.00000000
-0.11772704 0.21065100 0.01871859 -0.20643347 -0.97445400 -0.08846132 2.00000000
-0.11830251 0.21075300 0.01862676 -0.23745171 -0.96651700 -0.09727106 2.00000000
-0.11827556 0.21082500 0.01831996 -0.22357999 -0.97017900 -0.09362100 2.00000000
-0.11857079 0.21080700 0.01916996 -0.25429509 -0.96200000 -0.09944945 2.00000000
-0.11741415 0.21046000 0.01850564 -0.20643347 -0.97445400 -0.08846132 2.00000000
-0.09307574 0.21358100 0.00425934 -0.64937786 -0.29405000 0.70131497 1.00000000
-0.09268761 0.21325200 0.00385789 -0.64937786 -0.29405000 0.70131497 1.00000000
-0.09292899 0.21337800 0.00409437 -0.64937786 -0.29405000 0.70131497 1.00000000
-0.09314338 0.21357600 0.00402395 -0.64988219 -0.29483300 0.70051841 1.00000000
-0.09309703 0.21336500 0.00371804 -0.64193661 -0.30015100 0.70556899 1.00000000
-0.09273567 0.21296500 0.00362347 -0.64988219 -0.29483300 0.70051841 1.00000000
-0.09295019 0.21316200 0.00355310 -0.64164082 -0.28902800 0.71046431 1.00000000
-0.09316467 0.21336000 0.00348265 -0.64164082 -0.28902800 0.71046431 1.00000000
-0.09313182 0.21336200 0.00338824 -0.64164082 -0.28902800 0.71046431 1.00000000
-0.09340222 0.21398500 0.00468376 -0.64671948 -0.29697600 0.70253745 1.00000000
-0.09326515 0.21392300 0.00451829 -0.64671948 -0.29697600 0.70253745 1.00000000
-0.09314725 0.21364700 0.00423581 -0.64937786 -0.29405000 0.70131497 1.00000000
-0.09316849 0.21343100 0.00369464 -0.64193661 -0.30015100 0.70556899 1.00000000
-0.09355851 0.21326200 0.00355569 -0.63913016 -0.25471100 0.72569640 1.00000000
-0.09420780 0.21392500 0.00313207 -0.64424562 -0.25230900 0.72200229 1.00000000
-0.09433104 0.21327800 0.00296995 -0.63446109 -0.18086500 0.75149577 1.00000000
-0.09285178 0.21316800 0.00326970 -0.64164082 -0.28902800 0.71046431 1.00000000
-0.09287689 0.21302400 0.00294039 -0.63913016 -0.25471100 0.72569640 1.00000000
-0.09308547 0.21315200 0.00308233 -0.63913016 -0.25471100 0.72569640 1.00000000
-0.09343683 0.21291500 0.00306131 -0.63819634 -0.21542800 0.73911811 1.00000000
-0.09333252 0.21285100 0.00299029 -0.63819634 -0.21542800 0.73911811 1.00000000
-0.09319125 0.21222100 0.00249689 -0.62742414 -0.18913800 0.75535805 1.00000000
-0.09306220 0.21279800 0.00287135 -0.63912636 -0.22896100 0.73423052 1.00000000
-0.09330915 0.21249700 0.00277936 -0.62742414 -0.18913800 0.75535805 1.00000000
-0.09354284 0.21248000 0.00259199 -0.63446109 -0.18086500 0.75149577 1.00000000
-0.09352363 0.21269500 0.00270891 -0.63446109 -0.18086500 0.75149577 1.00000000
-0.09464791 0.21346700 0.00233444 -0.59602176 -0.16337900 0.78617115 1.00000000
-0.09490476 0.21330700 0.00224197 -0.57192823 -0.16597200 0.80333747 1.00000000
-0.09498180 0.21294600 0.00189010 -0.54726780 -0.27570000 0.79024515 1.00000000
-0.09454930 0.21297600 0.00193500 -0.56951240 -0.16563700 0.80512092 1.00000000
-0.09445094 0.21298200 0.00165169 -0.57294976 -0.24209100 0.78301936 1.00000000
-0.09398411 0.21060600 0.00208220 -0.58259816 -0.19724700 0.78846205 1.00000000
-0.09395489 0.21018200 0.00208353 -0.57796970 -0.21793400 0.78642006 1.00000000
-0.09431075 0.21093500 0.00144616 -0.77682044 0.10561500 0.62080168 1.00000000
-0.09421238 0.21094100 0.00116285 -0.78752798 0.02822310 0.61563227 1.00000000
-0.09420775 0.20995100 0.00177915 -0.60891421 0.77900400 0.14958937 1.00000000
-0.09499128 0.21259000 0.00177358 -0.70155603 0.51911900 0.48819589 1.00000000
-0.09497746 0.21188200 0.00144600 -0.74167153 0.07148480 0.66694301 1.00000000
-0.09418383 0.21200700 0.00151245 -0.66286663 0.71327100 0.22770785 1.00000000
-0.09436560 0.21220700 0.00134763 -0.79126344 0.13737000 0.59584482 1.00000000
-0.09513378 0.21172900 0.00149441 -0.17291346 0.93884200 -0.29778706 1.00000000
-0.09507172 0.21130800 0.00140133 -0.18049591 0.93953000 -0.29103990 1.00000000
-0.09485346 0.21103900 0.00125988 -0.18922164 0.94057700 -0.28197657 1.00000000
-0.09489646 0.21217100 0.00158604 -0.74201602 0.12458300 0.65870458 1.00000000
-0.09539107 0.21256200 0.00163409 -0.71153381 0.32833400 0.62122184 1.00000000
-0.09523366 0.21072900 0.00112136 -0.20332268 0.94225800 -0.26610209 1.00000000
-0.09613489 0.20974500 0.00110558 -0.18218530 0.94801500 -0.26091333 1.00000000
-0.09553909 0.21127400 0.00102658 -0.19071222 0.94209900 -0.27582468 1.00000000
-0.09635392 0.21093300 0.00041887 -0.18378829 0.95284600 -0.24146532 1.00000000
-0.09480272 0.21373800 0.00186282 -0.57701950 -0.16412900 0.80006944 1.00000000
-0.09504977 0.21343700 0.00177079 -0.54912034 0.81579600 0.18150640 1.00000000
-0.09530876 0.21377200 0.00137014 -0.67254055 0.60787200 0.42211471 1.00000000
-0.09559825 0.21361100 0.00137207 -0.68193442 0.53120200 0.50278183 1.00000000
-0.09556549 0.21361200 0.00127762 -0.71222114 0.46732300 0.52378392 1.00000000
-0.09535464 0.21299000 0.00144381 -0.73729349 0.27177100 0.61849726 1.00000000
-0.09565234 0.21339300 0.00092531 -0.29306216 0.93867600 -0.18166492 1.00000000
-0.09620613 0.21271700 0.00114250 -0.06262475 0.90585000 -0.41894464 1.00000000
-0.09581201 0.21231900 0.00095347 -0.12871236 0.93287900 -0.33640707 1.00000000
-0.09593190 0.21259300 0.00081161 -0.13977740 0.93674600 -0.32088762 1.00000000
-0.09623734 0.21313900 0.00071683 -0.05259667 0.91216500 -0.40643364 1.00000000
-0.09442677 0.21113900 0.00109243 -0.76560227 0.03326810 0.64245286 1.00000000
-0.09448831 0.21056700 0.00095341 -0.76519152 0.02244150 0.64341221 1.00000000
-0.09660299 0.21063000 -0.00009741 -0.14820554 0.96074900 -0.23451299 1.00000000
-0.09626245 0.21299400 0.00038752 -0.14713162 0.94359900 -0.29660423 1.00000000
-0.09659073 0.21290100 0.00027156 -0.09055788 0.93080300 -0.35412570 1.00000000
-0.09677590 0.21267500 0.00020247 -0.12712414 0.94228200 -0.30974827 1.00000000
-0.09703625 0.21209000 0.00020591 -0.15700377 0.95274800 -0.26004068 1.00000000
-0.09701143 0.21216000 -0.00052518 -0.17083973 0.95787700 -0.23083408 1.00000000
-0.09730478 0.21207000 -0.00031139 -0.17329494 0.96025800 -0.21879804 1.00000000
-0.09731706 0.21320200 -0.00050393 -0.11348428 0.95024500 -0.29009614 1.00000000
-0.09626631 0.20966300 0.00042295 -0.15974568 0.95185000 -0.26165598 1.00000000
-0.09730150 0.21016000 0.00070900 -0.17527781 0.95889600 -0.22315056 1.00000000
-0.09712800 0.21052500 0.00035326 -0.18260605 0.96090000 -0.20814817 1.00000000
-0.09787542 0.21068500 0.00009705 -0.12989673 0.96355500 -0.23385544 1.00000000
-0.09823287 0.21101400 -0.00002033 -0.09965208 0.96496300 -0.24272439 1.00000000
-0.09727692 0.21072600 0.00009403 -0.16154466 0.96225000 -0.21903879 1.00000000
-0.10240966 0.22009800 0.00496431 0.48843782 0.44399500 -0.75119692 1.00000000
-0.10251393 0.22016200 0.00503523 0.48843782 0.44399500 -0.75119692 1.00000000
-0.10266662 0.22043500 0.00498791 0.59990013 0.43081700 -0.67417886 1.00000000
-0.10255854 0.22030000 0.00470499 0.48234339 0.44775600 -0.75290103 1.00000000
-0.10232229 0.21932500 0.00508451 0.39685899 0.36630900 -0.84161747 1.00000000
-0.10203838 0.21906000 0.00475411 0.29344058 0.31348300 -0.90311750 1.00000000
-0.10210041 0.21948100 0.00484710 0.39685899 0.36630900 -0.84161747 1.00000000
-0.10207346 0.21955300 0.00454029 0.39685899 0.36630900 -0.84161747 1.00000000
-0.10240165 0.21945900 0.00442438 0.39685899 0.36630900 -0.84161747 1.00000000
-0.10238635 0.21974500 0.00475325 0.50662476 0.41101100 -0.75789283 1.00000000
-0.10265280 0.21972600 0.00466033 0.50662476 0.41101100 -0.75789283 1.00000000
-0.10261617 0.21965700 0.00435401 0.39747231 0.36237100 -0.84303266 1.00000000
-0.10286699 0.21942700 0.00447388 0.39299515 0.36152500 -0.84549107 1.00000000
-0.10286732 0.21992400 0.00458996 0.48875168 0.42601500 -0.76133613 1.00000000
-0.10318578 0.21968900 0.00447444 0.49472115 0.42105600 -0.76023871 1.00000000
-0.10320117 0.21940300 0.00414553 0.39747231 0.36237100 -0.84303266 1.00000000
-0.10193997 0.21906600 0.00447070 0.29570307 0.31597800 -0.90150803 1.00000000
-0.10209267 0.21933900 0.00442338 0.40566236 0.36976600 -0.83588954 1.00000000
-0.10233613 0.21946300 0.00423547 0.39867313 0.36938200 -0.83941399 1.00000000
-0.10255419 0.21923500 0.00426089 0.34191898 0.33671600 -0.87733296 1.00000000
-0.10277226 0.21900800 0.00428631 0.27274815 0.30365900 -0.91290716 1.00000000
-0.10314892 0.21912300 0.00405201 0.30366736 0.31704600 -0.89848066 1.00000000
-0.10325904 0.21925700 0.00391067 0.39747231 0.36237100 -0.84303266 1.00000000
-0.10228486 0.21776600 0.00442987 0.97173577 0.23351400 0.03465778 1.00000000
-0.10264817 0.21816500 0.00410023 0.96372472 0.26116200 0.05503443 1.00000000
-0.10278458 0.22071100 0.00527025 0.58309861 0.38783900 -0.71384657 1.00000000
-0.10295082 0.22119700 0.00543430 0.58309861 0.38783900 -0.71384657 1.00000000
-0.10329874 0.22188100 0.00543357 0.58309861 0.38783900 -0.71384657 1.00000000
-0.10326598 0.22188300 0.00533912 0.58309861 0.38783900 -0.71384657 1.00000000
-0.10325606 0.22124600 0.00522349 0.58309861 0.38783900 -0.71384657 1.00000000
-0.10345710 0.22172700 0.00505774 0.58309861 0.38783900 -0.71384657 1.00000000
-0.10361342 0.22157500 0.00510615 0.58309861 0.38783900 -0.71384657 1.00000000
-0.10287142 0.22049200 0.00491795 0.59990013 0.43081700 -0.67417886 1.00000000
-0.10290438 0.22098600 0.00512843 0.58309861 0.38783900 -0.71384657 1.00000000
-0.10318064 0.22110800 0.00503507 0.58309861 0.38783900 -0.71384657 1.00000000
-0.10341075 0.22151700 0.00475182 0.58309861 0.38783900 -0.71384657 1.00000000
-0.10296214 0.22034300 0.00477750 0.59990013 0.43081700 -0.67417886 1.00000000
-0.10320938 0.22053900 0.00480150 0.58309861 0.38783900 -0.71384657 1.00000000
-0.10348555 0.22066100 0.00470818 0.58309861 0.38783900 -0.71384657 1.00000000
-0.10357623 0.22051300 0.00456764 0.58309861 0.38783900 -0.71384657 1.00000000
-0.10364164 0.22001200 0.00464047 0.58309861 0.38783900 -0.71384657 1.00000000
-0.10302978 0.22033800 0.00454211 0.59990013 0.43081700 -0.67417886 1.00000000
-0.10311659 0.22011800 0.00418971 0.52063648 0.42321500 -0.74150268 1.00000000
-0.10344865 0.22009500 0.00428565 0.59990013 0.43081700 -0.67417886 1.00000000
-0.10336774 0.22038500 0.00442566 0.58309861 0.38783900 -0.71384657 1.00000000
-0.10347786 0.22051900 0.00428432 0.58309861 0.38783900 -0.71384657 1.00000000
-0.10355296 0.22015900 0.00435667 0.58309861 0.38783900 -0.71384657 1.00000000
-0.10357245 0.22044100 0.00435574 0.58309861 0.38783900 -0.71384657 1.00000000
-0.10335386 0.21967600 0.00409821 0.37881448 0.36322200 -0.85121639 1.00000000
-0.10341202 0.22002600 0.00397934 0.52063648 0.42321500 -0.74150268 1.00000000
-0.10379222 0.21971600 0.00384082 0.52063648 0.42321500 -0.74150268 1.00000000
-0.10797256 0.21029300 0.00674654 0.29246978 -0.93977300 -0.17688198 1.00000000
-0.10733372 0.21069000 0.00634128 0.09504673 -0.99373100 -0.05887121 1.00000000
-0.10730681 0.21076200 0.00603457 0.11097408 -0.99023200 -0.08441580 1.00000000
-0.10707850 0.20985600 0.00577744 0.11841943 -0.97842400 -0.16930189 1.00000000
-0.10698001 0.20986200 0.00549407 0.12235585 -0.97754500 -0.17156636 1.00000000
-0.10717329 0.21027500 0.00596488 0.10429757 -0.99026100 -0.09222773 1.00000000
-0.10738781 0.21047300 0.00589452 0.10429757 -0.99026100 -0.09222773 1.00000000
-0.10753659 0.21067400 0.00563524 0.08929453 -0.99328500 -0.07356509 1.00000000
-0.10740901 0.21025700 0.00535326 0.12315525 -0.98393100 -0.12927981 1.00000000
-0.10787435 0.21022500 0.00540276 0.13056806 -0.98095500 -0.14379975 1.00000000
-0.10731810 0.20990900 0.00537767 0.13811473 -0.97763300 -0.15861364 1.00000000
-0.10781696 0.21136400 0.00586987 0.06984007 -0.99652200 -0.04546181 1.00000000
-0.10797348 0.21170800 0.00603431 0.04677597 -0.99890500 -0.00013715 1.00000000
-0.10815157 0.21233300 0.00577367 0.04649063 -0.99864200 -0.02350854 1.00000000
-0.10789859 0.21199400 0.00490160 0.15075406 -0.97630100 -0.15527454 1.00000000
-0.10780879 0.21080000 0.00639039 0.07532129 -0.99631500 -0.04103267 1.00000000
-0.10811422 0.21134500 0.00629561 0.05491615 -0.99841100 0.01264871 1.00000000
-0.10758681 0.21095600 0.00615302 0.09262095 -0.99359900 -0.06467370 1.00000000
-0.10850443 0.21167300 0.00627268 0.01830893 -0.99915300 0.03685121 1.00000000
-0.10816464 0.21155300 0.00575302 0.06165496 -0.99733500 -0.03900038 1.00000000
-0.10754046 0.21074500 0.00584710 0.08159503 -0.99494700 -0.05849711 1.00000000
-0.10787459 0.21072100 0.00551889 0.08376711 -0.99381200 -0.07294691 1.00000000
-0.10770297 0.21115900 0.00579934 0.06984007 -0.99652200 -0.04546181 1.00000000
-0.10812541 0.21049200 0.00563876 0.10293705 -0.98961400 -0.10033572 1.00000000
-0.10834551 0.21026300 0.00523992 0.09060639 -0.99065300 -0.10196883 1.00000000
-0.10874530 0.21023500 0.00510043 0.07194828 -0.99420600 -0.07986560 1.00000000
-0.10896002 0.21092900 0.00514610 0.07609016 -0.99361700 -0.08327385 1.00000000
-0.10897177 0.21106800 0.00472145 0.07191640 -0.99378600 -0.08494994 1.00000000
-0.10900864 0.21163400 0.00514388 0.06145693 -0.99608100 -0.06359848 1.00000000
-0.10862656 0.21187200 0.00464620 0.07415920 -0.99485800 -0.06897117 1.00000000
-0.10890669 0.21206500 0.00476470 0.07724438 -0.99488300 -0.06512963 1.00000000
-0.10943344 0.21146200 0.00467513 0.03921650 -0.99784700 -0.05256257 1.00000000
-0.10930643 0.21203700 0.00462534 0.05330341 -0.99722600 -0.05195632 1.00000000
-0.10813204 0.21148000 0.00459811 0.12347320 -0.98310900 -0.13509592 1.00000000
-0.10921160 0.21161800 0.00443781 0.05207968 -0.99686600 -0.05954749 1.00000000
-0.10932786 0.21231800 0.00420020 -0.08651258 -0.97885500 0.18536248 1.00000000
-0.10918131 0.21261100 0.00415126 -0.27011885 -0.81612600 0.51085682 1.00000000
-0.10951313 0.21209200 0.00413108 -0.53444289 -0.10652600 0.83846459 1.00000000
-0.11013093 0.21183700 0.00401714 -0.57149510 -0.00341381 0.82059810 1.00000000
-0.10983163 0.21185700 0.00401565 -0.54736528 -0.04016920 0.83592868 1.00000000
-0.10781540 0.20838500 0.00517331 -0.52946941 -0.71940100 0.44958307 1.00000000
-0.10894590 0.20972300 0.00470253 0.05681094 -0.99282700 -0.10520010 1.00000000
-0.10907575 0.21063600 0.00467638 0.05083249 -0.99572500 -0.07711710 1.00000000
-0.10956003 0.20989300 0.00449276 -0.53221899 -0.43463300 0.72652461 1.00000000
-0.10943915 0.21103500 0.00434671 0.01882216 -0.99963900 -0.01915714 1.00000000
-0.11047581 0.21053700 0.00397631 -0.56099933 0.00790972 0.82777900 1.00000000
-0.11056673 0.21088500 0.00395189 -0.55567768 0.01700390 0.83122341 1.00000000
-0.11100290 0.21043000 0.00400282 -0.54163682 0.02595460 0.84021176 1.00000000
-0.11126330 0.20984500 0.00400613 -0.54163682 0.02595460 0.84021176 1.00000000
-0.10995845 0.21078500 0.00394940 -0.55838431 -0.03824280 0.82870087 1.00000000
-0.11031949 0.21068900 0.00392790 -0.57835522 0.00573390 0.81576489 1.00000000
-0.11051447 0.21060500 0.00385837 -0.55567768 0.01700390 0.83122341 1.00000000
-0.11075203 0.21065900 0.00388286 -0.54163682 0.02595460 0.84021176 1.00000000
-0.11087164 0.21043800 0.00362500 -0.54163682 0.02595460 0.84021176 1.00000000
-0.11108612 0.21063500 0.00355455 -0.54163682 0.02595460 0.84021176 1.00000000
-0.11108980 0.21021000 0.00365038 -0.54163682 0.02595460 0.84021176 1.00000000
-0.11135010 0.20962500 0.00365373 -0.54163682 0.02595460 0.84021176 1.00000000
-0.11142025 0.21061100 0.00322633 -0.54163682 0.02595460 0.84021176 1.00000000
-0.11229479 0.21069200 0.00313599 -0.53164274 0.15224800 0.83317247 1.00000000
-0.11216394 0.21070000 0.00275809 -0.52701263 0.17942400 0.83070087 1.00000000
-0.11235680 0.21061700 0.00311286 -0.52701263 0.17942400 0.83070087 1.00000000
-0.11222595 0.21062500 0.00273497 -0.50160503 0.18413700 0.84527293 1.00000000
-0.10214595 0.20305000 0.00957300 0.55701279 -0.60290600 -0.57117539 1.00000000
-0.10106748 0.20489800 0.01019762 0.68048804 -0.26543700 -0.68299234 1.00000000
-0.10080911 0.20548100 0.00977006 0.67813077 -0.24863800 -0.69160492 1.00000000
-0.10116023 0.20474800 0.00963292 0.68048804 -0.26543700 -0.68299234 1.00000000
-0.10105225 0.20510900 0.00946607 0.67813077 -0.24863800 -0.69160492 1.00000000
-0.10187607 0.20399000 0.00968621 0.61534772 -0.46863000 -0.63382397 1.00000000
-0.10214818 0.20354500 0.00926478 0.59329792 -0.55161800 -0.58627224 1.00000000
-0.10232046 0.20410000 0.00921649 0.61978396 -0.39921000 -0.67564664 1.00000000
-0.10202136 0.20461700 0.00933103 0.62260103 -0.36237100 -0.69358206 1.00000000
-0.10282619 0.20704000 0.00878415 0.38008418 -0.20011300 -0.90304522 1.00000000
-0.10198593 0.20645900 0.00842870 0.65922679 -0.12938900 -0.74072892 1.00000000
-0.10210204 0.20666300 0.00807493 0.61890004 -0.11431400 -0.77710655 1.00000000
-0.10228368 0.20686200 0.00791007 0.59358115 -0.07470090 -0.80129948 1.00000000
-0.10327587 0.20622600 0.00786996 0.30997498 -0.25064600 -0.91711022 1.00000000
-0.10315183 0.20538400 0.00768376 0.30707681 -0.22170100 -0.92550155 1.00000000
-0.10301113 0.20574700 0.00742255 0.42863914 -0.21198300 -0.87825459 1.00000000
-0.10350899 0.20521700 0.00745039 0.25664696 -0.25741000 -0.93159659 1.00000000
-0.10314819 0.20580900 0.00758802 0.36065489 -0.26473200 -0.89434064 1.00000000
-0.10307513 0.20616700 0.00709142 0.49058511 -0.13561100 -0.86077598 1.00000000
-0.10319686 0.20651500 0.00758567 0.31519048 -0.25193500 -0.91497709 1.00000000
-0.10320281 0.20658400 0.00737337 0.43340843 -0.13074300 -0.89166337 1.00000000
-0.10353095 0.20649000 0.00725736 0.20888516 -0.33559200 -0.91855573 1.00000000
-0.10348950 0.20493500 0.00745132 0.23130698 -0.29299300 -0.92771347 1.00000000
-0.09841599 0.20537200 0.01239894 0.73666965 -0.31389000 -0.59899083 1.00000000
-0.09861097 0.20528700 0.01232942 0.71976446 -0.30090600 -0.62561597 1.00000000
-0.09893925 0.20519300 0.01221346 0.71393711 -0.27450800 -0.64415745 1.00000000
-0.09905042 0.20674200 0.01135995 0.69620463 -0.20166700 -0.68893332 1.00000000
-0.09948045 0.20629100 0.01268354 0.71365205 -0.26057300 -0.65023215 1.00000000
-0.09948829 0.20636000 0.01204694 0.69059371 -0.25688800 -0.67608328 1.00000000
-0.09979708 0.20598400 0.01193191 0.69059371 -0.25688800 -0.67608328 1.00000000
-0.09868475 0.20584800 0.01199776 0.71100523 -0.25671800 -0.65465116 1.00000000
-0.09865781 0.20592000 0.01169096 0.70598807 -0.25936800 -0.65902099 1.00000000
-0.09915958 0.20546000 0.01193075 0.69059371 -0.25688800 -0.67608328 1.00000000
-0.09933508 0.20509400 0.01186215 0.69067226 -0.26031600 -0.67469114 1.00000000
-0.09883590 0.20654400 0.01143031 0.68318803 -0.24608600 -0.68752813 1.00000000
-0.09923205 0.20694200 0.01119509 0.69620463 -0.20166700 -0.68893332 1.00000000
-0.09887683 0.20710700 0.01100424 0.67167195 -0.21452600 -0.70910829 1.00000000
-0.09896731 0.20646200 0.01074768 0.69620463 -0.20166700 -0.68893332 1.00000000
-0.09966638 0.20698400 0.01178630 0.69620463 -0.20166700 -0.68893332 1.00000000
-0.09849919 0.20840900 0.01095062 0.68736971 -0.18451900 -0.70247839 1.00000000
-0.09916286 0.20737100 0.01091035 0.67167195 -0.21452600 -0.70910829 1.00000000
-0.09942964 0.20784900 0.01093351 0.66374040 -0.21936200 -0.71507258 1.00000000
-0.09923664 0.20793200 0.01057869 0.67423215 -0.21489800 -0.70656172 1.00000000
-0.09963992 0.20747800 0.01053512 0.67555035 -0.24821500 -0.69427745 1.00000000
-0.09917104 0.20793500 0.01038983 0.67423215 -0.21489800 -0.70656172 1.00000000
-0.09913441 0.20786600 0.01008352 0.70547985 -0.17043100 -0.68793261 1.00000000
-0.09929073 0.20771400 0.01013193 0.67313063 -0.25456200 -0.69432913 1.00000000
-0.09942776 0.20777600 0.01029731 0.67313063 -0.25456200 -0.69432913 1.00000000
-0.09991208 0.20703300 0.01011378 0.67813077 -0.24863800 -0.69160492 1.00000000
-0.10041962 0.20664400 0.01014112 0.67813077 -0.24863800 -0.69160492 1.00000000
-0.09997325 0.20596500 0.00985858 0.67813077 -0.24863800 -0.69160492 1.00000000
-0.09971932 0.20761200 0.00987508 0.67555035 -0.24821500 -0.69427745 1.00000000
-0.09948185 0.20755800 0.00985055 0.67263022 -0.25728000 -0.69381300 1.00000000
-0.10002065 0.20759000 0.00945232 0.67813077 -0.24863800 -0.69160492 1.00000000
-0.10013595 0.20687500 0.00992684 0.67813077 -0.24863800 -0.69160492 1.00000000
-0.10041575 0.20657200 0.00992926 0.67813077 -0.24863800 -0.69160492 1.00000000
-0.10025207 0.20707900 0.00957307 0.67813077 -0.24863800 -0.69160492 1.00000000
-0.09995019 0.20951000 0.00994007 0.69998426 0.35543800 -0.61942379 1.00000000
-0.10048308 0.20947300 0.00975422 0.65459994 0.39252700 -0.64608148 1.00000000
-0.10071243 0.20839200 0.00912275 0.65802486 -0.03623140 -0.75212432 1.00000000
-0.10109678 0.20865000 0.00931230 0.66697073 0.13304000 -0.73310964 1.00000000
-0.10061277 0.20648600 0.00943549 0.67813077 -0.24863800 -0.69160492 1.00000000
-0.10170020 0.21009500 0.00881501 0.68668510 0.55935700 -0.46430927 1.00000000
-0.10236978 0.20912600 0.00856235 0.61169196 0.46097000 -0.64291590 1.00000000
-0.10055256 0.20897000 0.00897855 0.69462352 0.06953810 -0.71600490 1.00000000
-0.10077676 0.20930800 0.00890770 0.70659938 0.20627100 -0.67688219 1.00000000
-0.10113756 0.20871600 0.00877007 0.68189505 0.11118500 -0.72295006 1.00000000
-0.10212835 0.20900100 0.00832601 0.59094346 0.24618700 -0.76822994 1.00000000
-0.09984063 0.21474300 0.00383969 -0.42965994 0.35630800 -0.82972078 1.00000000
-0.09982557 0.21552600 0.00428468 -0.20900465 0.17794800 -0.96158772 1.00000000
-0.09994136 0.21523200 0.00381483 -0.48336616 0.21724000 -0.84803529 1.00000000
-0.09999309 0.21452000 0.00367625 -0.47218813 0.37245500 -0.79894640 1.00000000
-0.10015168 0.21486200 0.00341653 -0.52396838 0.29113900 -0.80043425 1.00000000
-0.10055138 0.21483400 0.00327708 -0.62586885 0.23076600 -0.74500680 1.00000000
-0.09997336 0.21374100 0.00356106 -0.19853282 0.70685500 -0.67892613 1.00000000
-0.10046434 0.21455700 0.00351336 -0.60807247 0.28915900 -0.73934791 1.00000000
-0.10094885 0.21431100 0.00344586 -0.60521905 0.31983400 -0.72898275 1.00000000
-0.10163580 0.21362600 0.00361656 -0.70911167 0.30888000 -0.63384024 1.00000000
-0.10002386 0.21394800 0.00301842 -0.14150412 0.73448700 -0.66370545 1.00000000
-0.10045074 0.21434500 0.00330190 -0.53668958 0.34924200 -0.76811084 1.00000000
-0.10040303 0.21562600 0.00376851 -0.42528807 0.17225400 -0.88851454 1.00000000
-0.09996109 0.21601100 0.00393003 -0.09407434 0.18367400 -0.97847543 1.00000000
-0.10017548 0.21620900 0.00385961 -0.05376905 0.17474000 -0.98314497 1.00000000
-0.10009047 0.21593000 0.00367164 -0.11701084 0.18433100 -0.97587441 1.00000000
-0.10077742 0.21524600 0.00384234 -0.45001578 0.18841200 -0.87291833 1.00000000
-0.10096273 0.21502000 0.00377331 -0.51477894 0.20575900 -0.83226519 1.00000000
-0.10048403 0.21533600 0.00362846 -0.45541537 0.20510900 -0.86632967 1.00000000
-0.10071181 0.21525000 0.00365348 -0.46681455 0.19423300 -0.86276194 1.00000000
-0.10075996 0.21496200 0.00341902 -0.57734203 0.20870500 -0.78937859 1.00000000
-0.10184674 0.21424900 0.00345033 -0.65023215 0.26057300 -0.71365205 1.00000000
-0.10213626 0.21408800 0.00345235 -0.71071821 0.25123700 -0.65708438 1.00000000
-0.10196634 0.21402800 0.00319247 -0.66379229 0.32123100 -0.67541861 1.00000000
-0.10148183 0.21427400 0.00325998 -0.62436637 0.29105500 -0.72488248 1.00000000
-0.10162834 0.21398000 0.00330883 -0.63210724 0.36579500 -0.68310677 1.00000000
-0.10171915 0.21383200 0.00316834 -0.64865257 0.35356900 -0.67397302 1.00000000
-0.10168910 0.21532200 0.00299791 -0.59179855 0.15610800 -0.79082589 1.00000000
-0.10274099 0.21461300 0.00335906 -0.66861599 0.16615200 -0.72480706 1.00000000
-0.10283971 0.21227100 0.00475851 -0.65956231 0.52294200 -0.53991615 1.00000000
-0.10268929 0.21249300 0.00449771 -0.70644889 0.41211000 -0.57540852 1.00000000
-0.10264289 0.21228300 0.00419192 -0.69594472 0.40613900 -0.59220951 1.00000000
-0.10210477 0.21316900 0.00376181 -0.72422505 0.30542800 -0.61823207 1.00000000
-0.10228181 0.21237900 0.00421334 -0.72534111 0.38129700 -0.57314352 1.00000000
-0.10245022 0.21286300 0.00395318 -0.71137402 0.34846800 -0.61034231 1.00000000
-0.10282872 0.21305000 0.00435500 -0.71075392 0.31730500 -0.62781093 1.00000000
-0.10294474 0.21325400 0.00400127 -0.71788530 0.31003800 -0.62331083 1.00000000
-0.10253349 0.21306800 0.00350501 -0.72422505 0.30542800 -0.61823207 1.00000000
-0.10312821 0.21295500 0.00329613 -0.69432927 0.35977600 -0.62327153 1.00000000
-0.10130298 0.21216000 0.00317239 -0.65463322 0.25021800 -0.71333480 1.00000000
-0.10164150 0.21320000 0.00328814 -0.70094103 0.26931400 -0.66041841 1.00000000
-0.10190795 0.21318100 0.00319522 -0.69618298 0.28869300 -0.65725629 1.00000000
-0.10150798 0.21271300 0.00321846 -0.65128419 0.33663300 -0.68007897 1.00000000
-0.10191749 0.21282600 0.00307857 -0.66442354 0.32695400 -0.67204257 1.00000000
-0.10204120 0.21317200 0.00314870 -0.69618298 0.28869300 -0.65725629 1.00000000
-0.10166657 0.21305500 0.00295874 -0.66315086 0.28152800 -0.69352241 1.00000000
-0.10222651 0.21294600 0.00307966 -0.69142234 0.35657700 -0.62832193 1.00000000
-0.10135113 0.21187200 0.00293793 -0.67107864 0.14453400 -0.72716127 1.00000000
-0.10151025 0.21320800 0.00291033 -0.66670729 0.25235300 -0.70129849 1.00000000
-0.10180931 0.21269000 0.00279569 -0.65523605 0.30568600 -0.69081278 1.00000000
-0.10221339 0.21372700 0.00310044 -0.69919060 0.31672400 -0.64095053 1.00000000
-0.10235409 0.21336300 0.00336165 -0.71973665 0.31207700 -0.62015136 1.00000000
-0.10196611 0.21353100 0.00307635 -0.69865133 0.31113900 -0.64426541 1.00000000
-0.10284808 0.21276200 0.00317763 -0.70538273 0.36636000 -0.60680789 1.00000000
-0.10922291 0.21483500 0.01307681 -0.22250388 0.01804630 -0.97476489 1.00000000
-0.10918090 0.21568900 0.01321500 -0.16728787 -0.03479280 -0.98529363 1.00000000
-0.10942795 0.21538800 0.01312297 -0.20073132 -0.02644440 -0.97928911 1.00000000
-0.10930749 0.21412000 0.01303264 -0.27771726 0.04980390 -0.95937110 1.00000000
-0.11009182 0.21484600 0.01319873 -0.24391146 -0.03801070 -0.96905252 1.00000000
-0.10981182 0.21465200 0.01308028 -0.25496168 -0.01529850 -0.96683002 1.00000000
-0.11001295 0.21513400 0.01291449 -0.21006594 -0.00964408 -0.97764031 1.00000000
-0.11035449 0.21475600 0.01289391 -0.25455025 -0.04970250 -0.96578120 1.00000000
-0.11028888 0.21476000 0.01270505 -0.25244449 -0.02656940 -0.96724642 1.00000000
-0.11085622 0.21429700 0.01313361 -0.35592543 -0.13004500 -0.92542138 1.00000000
-0.11072501 0.21430500 0.01275588 -0.33944880 -0.09862810 -0.93543974 1.00000000
-0.11061102 0.21410000 0.01268536 -0.34613028 -0.07096690 -0.93549865 1.00000000
-0.11075458 0.21239300 0.01387069 -0.65156428 -0.18053900 -0.73679641 1.00000000
-0.11101991 0.21379100 0.01348980 -0.53818347 -0.23861500 -0.80834482 1.00000000
-0.11116061 0.21285600 0.01257461 -0.58038826 -0.15356600 -0.79972896 1.00000000
-0.11131713 0.21320100 0.01273906 -0.58332473 -0.17290100 -0.79362339 1.00000000
-0.11107042 0.21399800 0.01294717 -0.43683696 -0.16178400 -0.88487257 1.00000000
-0.11126545 0.21391300 0.01287773 -0.45748805 -0.18447800 -0.86986938 1.00000000
-0.11157810 0.21360900 0.01297456 -0.54179949 -0.23161200 -0.80796594 1.00000000
-0.11160308 0.21346400 0.01264521 -0.51307885 -0.17311400 -0.84070369 1.00000000
-0.11088101 0.21365600 0.01268822 -0.44057152 -0.11035700 -0.89090896 1.00000000
-0.11166825 0.21246700 0.01260192 -0.63455545 -0.16623200 -0.75478872 1.00000000
-0.11122235 0.21278100 0.01255161 -0.58887182 -0.15343600 -0.79352826 1.00000000
-0.11165717 0.21324600 0.01219845 -0.49243771 -0.13175900 -0.86031664 1.00000000
-0.11134559 0.21213400 0.01238950 -0.63218741 -0.15979800 -0.75815746 1.00000000
-0.11156956 0.21197600 0.01220252 -0.63473096 -0.15339000 -0.75735584 1.00000000
-0.11159287 0.21233000 0.01241358 -0.63424778 -0.16904100 -0.75442380 1.00000000
-0.11192705 0.21230600 0.01208523 -0.63161876 -0.17554800 -0.75514320 1.00000000
-0.11211255 0.21257700 0.01213223 -0.62174955 -0.19227100 -0.75924940 1.00000000
-0.11209277 0.21179800 0.01201717 -0.66584911 -0.16640200 -0.72729346 1.00000000
-0.10902410 0.21484800 0.01293434 -0.21815494 0.02645980 -0.97555519 1.00000000
-0.10890086 0.21549500 0.01309646 -0.19402379 -0.00136629 -0.98099580 1.00000000
-0.10945302 0.21524300 0.01279357 -0.20685758 0.00411516 -0.97836296 1.00000000
-0.10966754 0.21544100 0.01272321 -0.19122164 0.01236260 -0.98146938 1.00000000
-0.10961269 0.21416900 0.01282173 -0.28962029 0.04114990 -0.95625630 1.00000000
-0.10979436 0.21436900 0.01265696 -0.27320053 0.02947850 -0.96150520 1.00000000
-0.11004160 0.21456400 0.01268096 -0.27794672 -0.00971740 -0.96054757 1.00000000
-0.11019406 0.21434100 0.01251751 -0.31528054 -0.01536140 -0.94887395 1.00000000
-0.11235389 0.21213200 0.01119222 -0.53861621 -0.11762900 -0.83429945 1.00000000
-0.11218397 0.21207200 0.01093235 -0.43519028 -0.04103410 -0.89940361 1.00000000
-0.11038523 0.21815800 0.01358905 0.32335898 0.14477500 -0.93513604 1.00000000
-0.11098836 0.21910700 0.01297577 0.32411653 0.17454800 -0.92977524 1.00000000
-0.11061374 0.21899100 0.01278581 0.32258968 0.16895900 -0.93133699 1.00000000
-0.11089354 0.21868800 0.01278823 0.34254950 0.16373800 -0.92512129 1.00000000
-0.11054122 0.21750900 0.01352138 0.34712683 0.14467900 -0.92659134 1.00000000
-0.11088257 0.21663500 0.01338477 0.35959689 0.06014630 -0.93116683 1.00000000
-0.11041878 0.21567200 0.01267877 -0.12112875 0.00404707 -0.99262818 1.00000000
-0.11046594 0.21737200 0.01333301 0.34552204 0.13939600 -0.92799962 1.00000000
-0.11044262 0.21701900 0.01312195 0.27160473 0.11583000 -0.95541355 1.00000000
-0.11065705 0.21721600 0.01305162 0.34402623 0.13185900 -0.92965497 1.00000000
-0.11141998 0.21425900 0.01346652 -0.40016532 -0.21316200 -0.89130773 1.00000000
-0.11144170 0.21503600 0.01315737 -0.08500930 -0.09211240 -0.99211340 1.00000000
-0.11195953 0.21578100 0.01341652 0.38899710 0.00913215 -0.92119323 1.00000000
-0.11141328 0.21610300 0.01350702 0.39207809 0.03202900 -0.91937467 1.00000000
-0.11074697 0.21557800 0.01256285 -0.09642125 0.00133543 -0.99533936 1.00000000
-0.11096503 0.21535100 0.01258827 -0.09928822 -0.03699910 -0.99437057 1.00000000
-0.11107066 0.21449400 0.01306329 -0.31729791 -0.14322500 -0.93744776 1.00000000
-0.11128514 0.21469200 0.01299283 -0.27616693 -0.14944100 -0.94942026 1.00000000
-0.11150324 0.21446400 0.01301834 -0.29197224 -0.15615800 -0.94359272 1.00000000
-0.11111749 0.21512700 0.01242483 -0.12842438 -0.04294920 -0.99078909 1.00000000
-0.11133555 0.21490000 0.01245024 -0.15504501 -0.04319830 -0.98696217 1.00000000
-0.11158718 0.21615900 0.01291844 0.38419576 0.07005310 -0.92059007 1.00000000
-0.11133990 0.21596400 0.01289435 0.28413735 0.04960500 -0.95749918 1.00000000
-0.11171405 0.21508700 0.01285206 0.02678322 -0.06029010 -0.99782159 1.00000000
-0.11174303 0.21501400 0.01273461 0.01482035 -0.05498320 -0.99837752 1.00000000
-0.11188624 0.21564200 0.01280381 0.38899710 0.00913215 -0.92119323 1.00000000
-0.11170253 0.21487300 0.01221644 -0.11376736 -0.05137290 -0.99217846 1.00000000
-0.11198253 0.21506700 0.01233489 0.12450848 -0.00615143 -0.99219983 1.00000000
-0.11075575 0.21770700 0.01345102 0.34351440 0.15564700 -0.92616018 1.00000000
-0.11161054 0.21651300 0.01312937 0.38148944 0.08163390 -0.92076144 1.00000000
-0.11053736 0.21743800 0.01330952 0.34552204 0.13939600 -0.92799962 1.00000000
-0.11087545 0.21748500 0.01319312 0.34563402 0.13709700 -0.92830034 1.00000000
-0.11124951 0.21660900 0.01315088 0.37750727 0.07746130 -0.92276108 1.00000000
-0.11163585 0.21686500 0.01291609 0.35082637 0.11091600 -0.92984858 1.00000000
-0.11153390 0.21729600 0.01253690 0.34402623 0.13185900 -0.92965497 1.00000000
-0.11136251 0.21823100 0.01293348 0.34496978 0.16338300 -0.92428457 1.00000000
-0.11104963 0.21803900 0.01272053 0.34496978 0.16338300 -0.92428457 1.00000000
-0.11117310 0.21788800 0.01267453 0.34351440 0.15564700 -0.92616018 1.00000000
-0.11207071 0.21733000 0.01256301 0.34026248 0.14296200 -0.92939906 1.00000000
-0.11138730 0.21758900 0.01248809 0.34204723 0.14795900 -0.92796085 1.00000000
-0.11197254 0.21783200 0.01239573 0.34351440 0.15564700 -0.92616018 1.00000000
-0.11251070 0.21694600 0.01282571 0.34759533 0.14171600 -0.92687340 1.00000000
-0.11238714 0.21709600 0.01287175 0.34402623 0.13185900 -0.92965497 1.00000000
-0.11269592 0.21672000 0.01275672 0.35758051 0.13305200 -0.92435528 1.00000000
-0.11278683 0.21706800 0.01273230 0.34026248 0.14296200 -0.92939906 1.00000000
-0.11201972 0.21612900 0.01287340 0.38432753 0.06776200 -0.92070668 1.00000000
-0.11222089 0.21661100 0.01270770 0.36559891 0.11951300 -0.92306741 1.00000000
-0.11223416 0.21632700 0.01280308 0.38148944 0.08163390 -0.92076144 1.00000000
-0.11237713 0.21645900 0.01275615 0.37866001 0.09145390 -0.92100594 1.00000000
-0.11187376 0.21401300 0.01288032 -0.43944841 -0.21529900 -0.87208508 1.00000000
-0.11177526 0.21401900 0.01259695 -0.38358116 -0.18282800 -0.90522914 1.00000000
-0.11178117 0.21408900 0.01238456 -0.34072106 -0.15638200 -0.92706756 1.00000000
-0.11168053 0.21360000 0.01240938 -0.45202740 -0.14197300 -0.88063341 1.00000000
-0.11184271 0.21351700 0.01224553 -0.42582010 -0.12661600 -0.89590474 1.00000000
-0.11210944 0.21399500 0.01226860 -0.33224381 -0.16297900 -0.92900607 1.00000000
-0.11219469 0.21477000 0.01257270 0.02924487 -0.09151890 -0.99537428 1.00000000
-0.11248072 0.21503300 0.01247880 0.38527185 -0.00304375 -0.92279846 1.00000000
-0.11182988 0.21479400 0.01238230 -0.08202534 -0.07716780 -0.99363816 1.00000000
-0.11201509 0.21456900 0.01231331 -0.06797495 -0.07377500 -0.99495538 1.00000000
-0.11238227 0.21503900 0.01219553 0.37286138 0.01766600 -0.92771854 1.00000000
-0.11228753 0.21462000 0.01200796 0.08204792 -0.00882958 -0.99658931 1.00000000
-0.11271636 0.21501500 0.01186722 0.38842570 0.02371700 -0.92117423 1.00000000
-0.11293084 0.21521300 0.01179677 0.37879585 0.05678640 -0.92373696 1.00000000
-0.11305464 0.21555900 0.01186685 0.38148944 0.08163390 -0.92076144 1.00000000
-0.11263083 0.21771700 0.01279996 0.34351440 0.15564700 -0.92616018 1.00000000
-0.11360632 0.21828800 0.01268477 0.36259565 0.17354000 -0.91564644 1.00000000
-0.11352533 0.21857700 0.01282482 0.37675999 0.18963900 -0.90669156 1.00000000
-0.11293962 0.21734100 0.01268493 0.33963724 0.14827700 -0.92879504 1.00000000
-0.11333341 0.21724300 0.01275788 0.33963724 0.14827700 -0.92879504 1.00000000
-0.11315401 0.21753900 0.01261452 0.34401516 0.15261200 -0.92647913 1.00000000
-0.11324505 0.21788700 0.01259015 0.35245612 0.15963900 -0.92211208 1.00000000
-0.11301316 0.21740600 0.01223715 0.34204723 0.14795900 -0.92796085 1.00000000
-0.11308849 0.21754300 0.01242562 0.34401516 0.15261200 -0.92647913 1.00000000
-0.11327016 0.21774200 0.01226084 0.34994598 0.16229500 -0.92260379 1.00000000
-0.11320810 0.21732100 0.01216776 0.33963724 0.14827700 -0.92879504 1.00000000
-0.11336108 0.21809000 0.01223643 0.36098632 0.16624900 -0.91763246 1.00000000
-0.11350792 0.21829300 0.01240136 0.36245077 0.17394400 -0.91562721 1.00000000
-0.11362398 0.21849700 0.01204772 0.37636120 0.19279900 -0.90619033 1.00000000
-0.11337646 0.21780500 0.01190751 0.35468534 0.16159000 -0.92091636 1.00000000
-0.11370705 0.21877700 0.01265991 0.38408569 0.18301400 -0.90497708 1.00000000
-0.11395424 0.21897200 0.01268404 0.36732981 0.21301800 -0.90536848 1.00000000
-0.11382666 0.21855500 0.01240205 0.38065222 0.19465500 -0.90399804 1.00000000
-0.11391757 0.21890300 0.01237764 0.36732981 0.21301800 -0.90536848 1.00000000
-0.11423046 0.21909500 0.01259059 0.38643406 0.20375100 -0.89952970 1.00000000
-0.11376101 0.21855900 0.01221310 0.36924093 0.19638400 -0.90834747 1.00000000
-0.11378050 0.21884100 0.01221217 0.36816547 0.20514200 -0.90684652 1.00000000
-0.11383846 0.21869500 0.01197727 0.37836874 0.19509100 -0.90486320 1.00000000
-0.11411850 0.21888800 0.01209581 0.36411982 0.21964200 -0.90508245 1.00000000
-0.11040132 0.21538900 0.01225545 -0.15513623 0.02898690 -0.98746750 1.00000000
-0.11072370 0.21522500 0.01235188 -0.15519532 -0.01503850 -0.98776984 1.00000000
-0.11050176 0.21538100 0.01211460 -0.15513623 0.02898690 -0.98746750 1.00000000
-0.11123719 0.21490500 0.01216693 -0.13567752 -0.02050060 -0.99054074 1.00000000
-0.11084340 0.21500300 0.01209398 -0.16042703 0.00135801 -0.98704649 1.00000000
-0.11070982 0.21451600 0.01202443 -0.20835710 0.02647520 -0.97769430 1.00000000
-0.11142831 0.21475000 0.01188555 -0.14252042 -0.00952633 -0.98974601 1.00000000
-0.11168730 0.21508500 0.01148489 -0.01159736 0.04158730 -0.99906799 1.00000000
-0.11233568 0.21433200 0.01177350 -0.03193896 -0.06446010 -0.99740897 1.00000000
-0.11237080 0.21482500 0.01155978 0.18323652 0.05318190 -0.98162950 1.00000000
-0.11233739 0.21383400 0.01123316 -0.20722839 -0.07322610 -0.97554846 1.00000000
-0.11262162 0.21459600 0.01167965 0.24599552 0.01733120 -0.96911635 1.00000000
-0.11322626 0.21512100 0.01158640 0.37810598 0.06818360 -0.92324852 1.00000000
-0.11312790 0.21512600 0.01130308 0.38148944 0.08163390 -0.92076144 1.00000000
-0.11295571 0.21457200 0.01135134 0.38790699 0.03652910 -0.92097469 1.00000000
-0.11301187 0.21492300 0.01165681 0.38326480 0.04985030 -0.92229275 1.00000000
-0.11329782 0.21518700 0.01156296 0.38148944 0.08163390 -0.92076144 1.00000000
-0.11362242 0.21551800 0.01135117 0.35758051 0.13305200 -0.92435528 1.00000000
-0.11359915 0.21516400 0.01114020 0.36559891 0.11951300 -0.92306741 1.00000000
-0.11381745 0.21543300 0.01128174 0.36431904 0.13445400 -0.92151736 1.00000000
-0.11378436 0.21493900 0.01107121 0.37571338 0.13048600 -0.91750372 1.00000000
-0.11361831 0.21495000 0.01102319 0.37571338 0.13048600 -0.91750372 1.00000000
-0.11374845 0.21635900 0.01111303 0.36021427 0.15294900 -0.92024606 1.00000000
-0.11339475 0.21220200 0.01114977 -0.70725915 -0.23979900 -0.66504200 1.00000000
-0.10049657 0.21430400 0.01355545 0.45842390 0.12908500 -0.87930897 1.00000000
-0.10071100 0.21450200 0.01348513 0.46475295 0.12454300 -0.87663734 1.00000000
-0.10095857 0.21519400 0.01362521 0.46896463 0.12762400 -0.87394771 1.00000000
-0.10099113 0.21469600 0.01360363 0.46896463 0.12762400 -0.87394771 1.00000000
-0.10099703 0.21476500 0.01339124 0.47125803 0.12307800 -0.87336525 1.00000000
-0.10109177 0.21518500 0.01357882 0.47555923 0.11850700 -0.87166468 1.00000000
-0.10147787 0.21494400 0.01322791 0.48623129 0.10705000 -0.86724793 1.00000000
-0.10074975 0.21457000 0.01336715 0.47127749 0.12053700 -0.87370962 1.00000000
-0.10079790 0.21428200 0.01313269 0.47127749 0.12053700 -0.87370962 1.00000000
-0.10129246 0.21467300 0.01318087 0.48613331 0.11185300 -0.86669643 1.00000000
-0.10139262 0.21417000 0.01292381 0.47971753 0.11874000 -0.86935180 1.00000000
-0.10338461 0.21247000 0.01209088 0.24156079 0.36660700 -0.89846978 1.00000000
-0.10087890 0.21796600 0.01434569 0.47087535 0.14341500 -0.87046486 1.00000000
-0.10047864 0.21700100 0.01425294 0.46283700 0.11700400 -0.87868732 1.00000000
-0.10062718 0.21670600 0.01387754 0.43836025 0.10174700 -0.89302173 1.00000000
-0.10089372 0.21668800 0.01378458 0.46494005 0.08760220 -0.88099800 1.00000000
-0.10114076 0.21638700 0.01369255 0.48591591 0.08719540 -0.86964493 1.00000000
-0.10136497 0.21672500 0.01362170 0.48155408 0.08664040 -0.87212294 1.00000000
-0.10170618 0.21585100 0.01348504 0.48623129 0.10705000 -0.86724793 1.00000000
-0.10105929 0.21568300 0.01360035 0.47555923 0.11850700 -0.87166468 1.00000000
-0.10145903 0.21565500 0.01346100 0.48623129 0.10705000 -0.86724793 1.00000000
-0.10191712 0.21647400 0.01331880 0.48623129 0.10705000 -0.86724793 1.00000000
-0.10230370 0.21722600 0.01320014 0.48803728 0.08737630 -0.86843826 1.00000000
-0.10255074 0.21692500 0.01310811 0.49034966 0.10473400 -0.86520988 1.00000000
-0.10288483 0.21690100 0.01277980 0.48388835 0.10158500 -0.86921359 1.00000000
-0.10313578 0.21667200 0.01289972 0.48408424 0.10682600 -0.86847632 1.00000000
-0.10368435 0.21684500 0.01250095 0.45884649 0.09685420 -0.88322123 1.00000000
-0.10245238 0.21693100 0.01282479 0.49034966 0.10473400 -0.86520988 1.00000000
-0.10310884 0.21674300 0.01259291 0.47766495 0.10366100 -0.87240458 1.00000000
-0.10300099 0.21710500 0.01242612 0.48388835 0.10158500 -0.86921359 1.00000000
-0.10344293 0.21671900 0.01226460 0.45884649 0.09685420 -0.88322123 1.00000000
-0.10372739 0.21457500 0.01265078 0.42366172 0.05920760 -0.90388317 1.00000000
-0.10384704 0.21435300 0.01239279 0.41287034 0.03768930 -0.91001019 1.00000000
-0.10339453 0.21310800 0.01220651 0.36016440 0.21445400 -0.90790519 1.00000000
-0.10330362 0.21276000 0.01223093 0.31705472 0.27203500 -0.90855592 1.00000000
-0.10394672 0.21285600 0.01190371 0.21982477 0.35329300 -0.90931940 1.00000000
-0.10334818 0.21289700 0.01190060 0.27369897 0.36787500 -0.88868228 1.00000000
-0.10356237 0.21259800 0.01171415 0.16740294 0.45294600 -0.87568059 1.00000000
-0.10387550 0.21328700 0.01204323 0.32610628 0.26415400 -0.90767678 1.00000000
-0.10419783 0.21312300 0.01213957 0.24576949 0.30882700 -0.91881629 1.00000000
-0.10409947 0.21312900 0.01185625 0.21982477 0.35329300 -0.90931940 1.00000000
-0.10437002 0.21367800 0.01209132 0.18066844 0.35765600 -0.91621013 1.00000000
-0.10391038 0.21328300 0.01171339 0.27544982 0.33320400 -0.90172134 1.00000000
-0.10415399 0.21390400 0.01164165 0.30941622 0.30056200 -0.90217685 1.00000000
-0.10467569 0.21472000 0.01211266 0.16332726 0.28594000 -0.94422559 1.00000000
-0.10416196 0.21454300 0.01218149 0.31765079 0.09400500 -0.94353621 1.00000000
-0.10451535 0.21430500 0.01173622 0.15289570 0.40737600 -0.90037091 1.00000000
-0.10445381 0.21487600 0.01187525 0.21946539 0.22416200 -0.94951926 1.00000000
-0.10503107 0.21448000 0.01124304 0.02023251 0.51856500 -0.85479956 1.00000000
-0.10528322 0.21673300 0.01194335 0.10511245 0.29536000 -0.94958599 1.00000000
-0.10428338 0.21722600 0.01155969 0.41443789 0.10664700 -0.90380691 1.00000000
-0.10482736 0.21641000 0.01177732 0.22375536 0.23008100 -0.94709851 1.00000000
-0.10522115 0.21631200 0.01185026 0.12176215 0.25054800 -0.96041630 1.00000000
-0.10478101 0.21619900 0.01147141 0.21946539 0.22416200 -0.94951926 1.00000000
-0.10526812 0.21694400 0.01121185 0.16529815 0.22596000 -0.96000979 1.00000000
-0.10522276 0.21531700 0.01119386 0.06025864 0.45978600 -0.88598269 1.00000000
-0.10528473 0.21573900 0.01128698 0.09538617 0.28279200 -0.95442633 1.00000000
-0.10555127 0.21572000 0.01119402 0.02181575 0.37113800 -0.92832146 1.00000000
-0.10543724 0.21551500 0.01112341 0.00808915 0.48609500 -0.87386918 1.00000000
-0.10565167 0.21571200 0.01105309 -0.04258742 0.46893700 -0.88220416 1.00000000
-0.10583127 0.21591400 0.01131247 -0.02235238 0.38387000 -0.92311688 1.00000000
-0.10533978 0.21750700 0.01130449 0.10961277 0.26836000 -0.95706257 1.00000000
-0.10390260 0.21314000 0.01128957 0.18408106 0.43995700 -0.87894945 1.00000000
-0.10407479 0.21369500 0.01124132 0.27638328 0.34227500 -0.89803080 1.00000000
-0.10480579 0.21555800 0.01102602 0.18476751 0.30231000 -0.93513107 1.00000000
-0.10443527 0.21600900 0.01116404 0.32796769 0.14683700 -0.93320710 1.00000000
-0.10517553 0.21702000 0.01071610 0.12670476 0.22123800 -0.96695425 1.00000000
-0.10533878 0.21552100 0.01084013 0.00431328 0.50990000 -0.86022261 1.00000000
-0.10517641 0.21510700 0.01088795 0.03958068 0.51058600 -0.85891533 1.00000000
-0.10576132 0.21485300 0.01067951 -0.13818088 0.56040200 -0.81661196 1.00000000
-0.10560523 0.21550200 0.01074721 -0.06534462 0.51767600 -0.85307823 1.00000000
-0.10337664 0.21183100 0.01155104 0.13893543 0.51033600 -0.84867759 1.00000000
-0.10390037 0.21264500 0.01159780 0.10161964 0.46101000 -0.88155733 1.00000000
-0.10697902 0.21363600 0.01097255 -0.29405565 0.47568800 -0.82900707 1.00000000
-0.10658156 0.21415900 0.01080378 -0.26139574 0.50391600 -0.82325024 1.00000000
-0.10689034 0.21378300 0.01068875 -0.27649258 0.51837800 -0.80921943 1.00000000
-0.10709505 0.21384000 0.01061882 -0.25692504 0.59284200 -0.76323538 1.00000000
-0.10763699 0.21302400 0.01126071 -0.21995672 0.57605700 -0.78725926 1.00000000
-0.10744791 0.21317900 0.01111784 -0.23217538 0.54435200 -0.80608614 1.00000000
-0.10782815 0.21286900 0.01097941 -0.18957724 0.66282300 -0.72437971 1.00000000
-0.10723575 0.21347600 0.01088003 -0.24857614 0.56215100 -0.78879380 1.00000000
-0.10772393 0.21280500 0.01090836 -0.32791283 0.49598200 -0.80403679 1.00000000
-0.10344451 0.21232200 0.01143177 0.15866415 0.46925800 -0.86869032 1.00000000
-0.10384421 0.21229400 0.01129232 0.06530139 0.53364800 -0.84318117 1.00000000
-0.10631714 0.21417600 0.01047244 -0.29587040 0.54301500 -0.78587211 1.00000000
-0.10697194 0.20484900 0.01142818 -0.29738644 0.25517300 -0.92002637 1.00000000
-0.10671343 0.20493600 0.01088446 -0.34746463 0.09241040 -0.93312835 1.00000000
-0.10883376 0.20514300 0.01068175 -0.25011045 0.20245300 -0.94681455 1.00000000
-0.10741082 0.20531100 0.01022651 0.05009290 0.53336200 -0.84440302 1.00000000
-0.10838584 0.20488800 0.00987907 -0.31756672 0.19648500 -0.92765545 1.00000000
-0.10818547 0.20589600 0.01039310 -0.53922097 0.16226900 -0.82638308 1.00000000
-0.10843251 0.20559500 0.01030107 -0.47073129 0.16103000 -0.86745674 1.00000000
-0.10861438 0.20629100 0.01025233 -0.60952567 0.15538400 -0.77738936 1.00000000
-0.10887682 0.20570500 0.00983138 -0.41993828 0.13281900 -0.89778091 1.00000000
-0.10901742 0.20534100 0.01009263 -0.36936717 0.13968000 -0.91872597 1.00000000
-0.11004601 0.20427900 0.01024272 0.20275452 0.37249100 -0.90561669 1.00000000
-0.10909790 0.20405900 0.00972047 -0.17092265 0.26563300 -0.94880165 1.00000000
-0.10910738 0.20370300 0.00960395 -0.08649582 0.32663900 -0.94118336 1.00000000
-0.10906924 0.20462900 0.00995400 -0.09887764 0.28247800 -0.95416478 1.00000000
-0.10931653 0.20482400 0.00997809 0.28435795 0.37122200 -0.88393145 1.00000000
-0.10951142 0.20474000 0.00990861 0.28435795 0.37122200 -0.88393145 1.00000000
-0.10926036 0.20447300 0.00967262 -0.09887764 0.28247800 -0.95416478 1.00000000
-0.10935108 0.20432400 0.00953217 0.31891241 0.34931600 -0.88106328 1.00000000
-0.10966751 0.20409100 0.00984090 0.31891241 0.34931600 -0.88106328 1.00000000
-0.10963810 0.20317100 0.00972620 -0.07379763 0.33335200 -0.93990956 1.00000000
-0.10748305 0.20629500 0.00937473 -0.53406402 0.02332450 -0.84512243 1.00000000
-0.10858775 0.20800100 0.01241462 -0.73071780 0.15668900 -0.66445536 1.00000000
-0.10882555 0.20855200 0.01255523 -0.73608262 0.06301290 -0.67395238 1.00000000
-0.10770167 0.20820300 0.01198536 -0.71072538 0.17437400 -0.68151591 1.00000000
-0.10778697 0.20840700 0.01111293 -0.75721486 0.16206800 -0.63274012 1.00000000
-0.10838014 0.20871800 0.01038393 -0.83863075 0.12220700 -0.53081445 1.00000000
-0.10900583 0.20910100 0.01080987 -0.73877531 0.07654400 -0.66959044 1.00000000
-0.10761395 0.20862300 0.00863641 -0.88944446 0.04772600 -0.45454526 1.00000000
-0.10879426 0.20756000 0.01180432 -0.70787407 0.17737700 -0.68370483 1.00000000
-0.10886784 0.20762400 0.01135663 -0.70422297 0.17208800 -0.68880815 1.00000000
-0.10881375 0.20784200 0.01180339 -0.69515366 0.15484200 -0.70198628 1.00000000
-0.10984238 0.20677900 0.01195357 -0.68679640 0.18634700 -0.70255570 1.00000000
-0.10976796 0.20805700 0.01105288 -0.69276218 0.11027900 -0.71268460 1.00000000
-0.11025304 0.20880400 0.01121758 -0.57473696 0.16376000 -0.80178598 1.00000000
-0.11041140 0.20865000 0.01084174 -0.72407261 0.05817300 -0.68726631 1.00000000
-0.11069498 0.20841800 0.01105606 -0.55003498 0.19727100 -0.81150766 1.00000000
-0.11083345 0.20756000 0.01162549 -0.73226794 0.09352710 -0.67456461 1.00000000
-0.11110226 0.20803600 0.01122440 -0.72540563 0.08561570 -0.68297694 1.00000000
-0.11078928 0.20784500 0.01101149 -0.65792897 0.10381100 -0.74589032 1.00000000
-0.10838300 0.20737400 0.01130805 -0.67982384 0.16239000 -0.71517141 1.00000000
-0.10806653 0.20760700 0.01099923 -0.73935204 0.15598300 -0.65500215 1.00000000
-0.10858927 0.20643600 0.01058164 -0.62659008 0.16647400 -0.76136089 1.00000000
-0.10924059 0.20766800 0.01091038 -0.69205815 0.14909700 -0.70627635 1.00000000
-0.10978693 0.20734600 0.01081984 -0.66571715 0.15750700 -0.72939229 1.00000000
-0.10950326 0.20757800 0.01060556 -0.67727429 0.14736800 -0.72082092 1.00000000
-0.10907077 0.20760800 0.01065046 -0.71051153 0.16196300 -0.68479331 1.00000000
-0.10904740 0.20725400 0.01043953 -0.71051153 0.16196300 -0.68479331 1.00000000
-0.10905820 0.20597900 0.01072701 -0.56160129 0.18025100 -0.80753579 1.00000000
-0.10917422 0.20618200 0.01037329 -0.57169926 0.17035400 -0.80258270 1.00000000
-0.10928807 0.20589100 0.01032765 -0.52347577 0.17559400 -0.83375058 1.00000000
-0.10958190 0.20679300 0.01077368 -0.60821773 0.16776100 -0.77583912 1.00000000
-0.10926032 0.20844600 0.01102557 -0.71118013 0.08909430 -0.69734130 1.00000000
-0.10911377 0.20874000 0.01097663 -0.71671896 0.08596300 -0.69204392 1.00000000
-0.11003054 0.20796700 0.01074810 -0.68431651 0.11106800 -0.72067699 1.00000000
-0.11151782 0.20871600 0.01098828 -0.50158544 0.23682400 -0.83206130 1.00000000
-0.11183652 0.20897700 0.01098889 -0.51477894 0.20575900 -0.83226519 1.00000000
-0.11099073 0.20882300 0.01096177 -0.53260519 0.19821700 -0.82282564 1.00000000
-0.10834252 0.20666200 0.00961326 -0.77714973 0.16806900 -0.60645813 1.00000000
-0.10813027 0.20696000 0.00937549 -0.86035758 0.13824700 -0.49058301 1.00000000
-0.09035551 0.20847800 -0.00983074 0.38568645 0.91439500 0.12299855 0.00000000
-0.08980539 0.20872800 -0.00995210 0.38769485 0.91341200 0.12398058 0.00000000
-0.08984987 0.20886600 -0.01028239 0.38769485 0.91341200 0.12398058 0.00000000
-0.08968976 0.20894700 -0.01054270 0.36606786 0.92424100 0.10849940 0.00000000
-0.08790348 0.20814500 -0.01184478 0.30894368 0.93491200 0.17462570 0.00000000
-0.08880925 0.20872200 -0.01130043 0.33604640 0.93636100 0.10149766 0.00000000
-0.08892102 0.20843200 -0.01092168 0.32662270 0.94291400 0.06503713 0.00000000
-0.08942347 0.20889200 -0.01151024 0.33249380 0.94025300 0.07329197 0.00000000
-0.08852926 0.20852800 -0.01141888 0.33358865 0.93418900 0.12653109 0.00000000
-0.08839824 0.20903300 -0.01168058 0.31327958 0.94050400 0.13155881 0.00000000
-0.08886721 0.20857500 -0.01153533 0.33604640 0.93636100 0.10149766 0.00000000
-0.08800412 0.20863400 -0.01186960 0.30652363 0.93536400 0.17645843 0.00000000
-0.08923255 0.20897300 -0.01228922 0.34585961 0.92446600 0.16045009 0.00000000
-0.08668147 0.20829800 -0.01258184 0.28948045 0.94279800 0.16532965 0.00000000
-0.08729202 0.20889200 -0.01288748 0.29463217 0.94024300 0.17068977 0.00000000
-0.08769132 0.20844200 -0.01208259 0.30822510 0.93410300 0.18013518 0.00000000
-0.08761570 0.20780900 -0.01238705 0.30968797 0.93458700 0.17504645 0.00000000
-0.08759286 0.20844800 -0.01236587 0.30822510 0.93410300 0.18013518 0.00000000
-0.08789192 0.20793100 -0.01248050 0.31067536 0.93248500 0.18426359 0.00000000
-0.08677409 0.20814800 -0.01314659 0.27624745 0.95133400 0.13656633 0.00000000
-0.08736121 0.20846300 -0.01260275 0.30335692 0.93723300 0.17195885 0.00000000
-0.08694995 0.20827700 -0.01309901 0.27624745 0.95133400 0.13656633 0.00000000
-0.08913415 0.20897900 -0.01257263 0.35981024 0.90885400 0.21099897 0.00000000
-0.09052307 0.20804300 -0.00926269 0.38283956 0.91652200 0.11584803 0.00000000
-0.08480893 0.20806300 -0.01553631 0.54196596 0.80212600 0.25073187 0.00000000
-0.08480515 0.20799200 -0.01574822 0.54196596 0.80212600 0.25073187 0.00000000
-0.08600025 0.20848100 -0.01414147 0.38152703 0.90433700 0.19133990 0.00000000
-0.08612967 0.20840100 -0.01439977 0.39951780 0.89402800 0.20272977 0.00000000
-0.08584015 0.20856200 -0.01440179 0.40705369 0.88912600 0.20919542 0.00000000
-0.08618580 0.20875200 -0.01409439 0.34027449 0.92697800 0.15787780 0.00000000
-0.08646129 0.20795600 -0.01335958 0.29555315 0.94459600 0.14277988 0.00000000
-0.08636293 0.20796200 -0.01364290 0.30544973 0.94199500 0.13909047 0.00000000
-0.08656764 0.20801800 -0.01371282 0.29283428 0.94563200 0.14151899 0.00000000
-0.08872333 0.20921500 -0.01401314 0.29647630 0.94103300 0.16296725 0.00000000
-0.08835611 0.20874500 -0.01389545 0.29534223 0.93994500 0.17110117 0.00000000
-0.08556002 0.20836900 -0.01452029 0.42745430 0.87791600 0.21574700 0.00000000
-0.08549644 0.20837100 -0.01513341 0.45655884 0.86632200 0.20258372 0.00000000
-0.08439768 0.20787700 -0.01603258 0.53107795 0.81534000 0.23060066 0.00000000
-0.08473954 0.20799500 -0.01593708 0.54150788 0.80343500 0.24751068 0.00000000
-0.08464114 0.20800100 -0.01622048 0.53107795 0.81534000 0.23060066 0.00000000
-0.08422776 0.20781700 -0.01629246 0.61901721 0.72895700 0.29230184 0.00000000
-0.08444224 0.20801500 -0.01636291 0.51668169 0.83261500 0.19947944 0.00000000
-0.08448094 0.20808200 -0.01648076 0.51668169 0.83261500 0.19947944 0.00000000
-0.08359462 0.20778700 -0.01702614 0.70602360 0.62210900 0.33839640 0.00000000
-0.08394027 0.20797700 -0.01671873 0.70389219 0.61820200 0.34980251 0.00000000
-0.08415479 0.20817500 -0.01678909 0.57873377 0.78223900 0.23058348 0.00000000
-0.08430725 0.20795100 -0.01695254 0.57873377 0.78223900 0.23058348 0.00000000
-0.08381882 0.20812600 -0.01709699 0.70924012 0.60889100 0.35528886 0.00000000
-0.08414701 0.20803200 -0.01721291 0.70924012 0.60889100 0.35528886 0.00000000
-0.08293967 0.20698100 -0.01745062 0.63446529 0.75168900 0.18004665 0.00000000
-0.08270211 0.20692600 -0.01747511 0.63835655 0.74873400 0.17860012 0.00000000
-0.08288732 0.20670000 -0.01754410 0.63835655 0.74873400 0.17860012 0.00000000
-0.08226575 0.20688500 -0.01764207 0.64293422 0.74910700 0.15960539 0.00000000
-0.08253219 0.20686600 -0.01773499 0.63707582 0.75233700 0.16769680 0.00000000
-0.08328173 0.20759600 -0.01723909 0.69700723 0.64518300 0.31292179 0.00000000
-0.08315406 0.20717800 -0.01752103 0.66178333 0.71148100 0.23629967 0.00000000
-0.08349616 0.20779300 -0.01730941 0.69700723 0.64518300 0.31292179 0.00000000
-0.08325479 0.20766700 -0.01754589 0.67581365 0.68381600 0.27508596 0.00000000
-0.08374340 0.20798900 -0.01728541 0.70602360 0.62210900 0.33839640 0.00000000
-0.08367780 0.20799300 -0.01747427 0.69700723 0.64518300 0.31292179 0.00000000
-0.08426671 0.20781000 -0.01747080 0.70924012 0.60889100 0.35528886 0.00000000
-0.08370300 0.20784800 -0.01780363 0.67581365 0.68381600 0.27508596 0.00000000
-0.08363735 0.20785200 -0.01799258 0.66178333 0.71148100 0.23629967 0.00000000
-0.08331294 0.20744700 -0.01884115 0.65170229 0.74282500 0.15327908 0.00000000
-0.08345775 0.20765100 -0.01825197 0.63446529 0.75168900 0.18004665 0.00000000
-0.08333040 0.20773000 -0.01841783 0.63835655 0.74873400 0.17860012 0.00000000
-0.08211528 0.20653600 -0.01907936 0.65760375 0.74124600 0.13457942 0.00000000
-0.08206917 0.20682200 -0.01926915 0.65760375 0.74124600 0.13457942 0.00000000
-0.08240713 0.20686900 -0.01938560 0.65760375 0.74124600 0.13457942 0.00000000
-0.08245121 0.20658500 -0.01877156 0.64932758 0.74659100 0.14483129 0.00000000
-0.08285481 0.20662800 -0.01869905 0.64932758 0.74659100 0.14483129 0.00000000
-0.08278921 0.20663200 -0.01888791 0.64932758 0.74659100 0.14483129 0.00000000
-0.08231999 0.20659300 -0.01914928 0.65760375 0.74124600 0.13457942 0.00000000
-0.08253438 0.20679000 -0.01921969 0.65760375 0.74124600 0.13457942 0.00000000
-0.08268717 0.20706300 -0.01926706 0.64932758 0.74659100 0.14483129 0.00000000
-0.08290750 0.20733100 -0.01954977 0.65760375 0.74124600 0.13457942 0.00000000
-0.08294577 0.20697600 -0.01872338 0.65170229 0.74282500 0.15327908 0.00000000
-0.08284727 0.20698200 -0.01900674 0.64932758 0.74659100 0.14483129 0.00000000
-0.11786067 0.20944800 0.02214131 -0.33273225 -0.93991000 -0.07653841 0.00000000
-0.11718747 0.21027100 0.02112161 -0.25634487 -0.96135700 -0.10040373 0.00000000
-0.11729178 0.21033500 0.02119262 -0.26123653 -0.96009800 -0.09983583 0.00000000
-0.11719341 0.21034100 0.02090931 -0.24479382 -0.96462200 -0.09787998 0.00000000
-0.11706012 0.21035000 0.02095574 -0.24479382 -0.96462200 -0.09787998 0.00000000
-0.11687685 0.21057400 0.02060052 -0.22713419 -0.96945000 -0.09260823 0.00000000
-0.11763515 0.21003000 0.02180816 -0.32249225 -0.94230200 -0.08980898 0.00000000
-0.11750403 0.21003800 0.02143039 -0.26946917 -0.95882200 -0.08969778 0.00000000
-0.11677848 0.21058000 0.02031721 -0.22306405 -0.97031900 -0.09340498 0.00000000
-0.11643671 0.21046200 0.02022167 -0.20643347 -0.97445400 -0.08846132 0.00000000
-0.11660857 0.21052000 0.02005733 -0.20643347 -0.97445400 -0.08846132 0.00000000
-0.11623394 0.21040400 0.01986738 -0.19896681 -0.97630800 -0.08506197 0.00000000
-0.11621477 0.21061800 0.01998439 -0.20643347 -0.97445400 -0.08846132 0.00000000
-0.11591727 0.21014100 0.01944252 -0.18771777 -0.97875200 -0.08249900 0.00000000
-0.11619727 0.21033400 0.01956097 -0.19261454 -0.97760900 -0.08473712 0.00000000
-0.11641179 0.21053200 0.01949061 -0.19261454 -0.97760900 -0.08473712 0.00000000
-0.11613166 0.21033800 0.01937211 -0.19261454 -0.97760900 -0.08473712 0.00000000
-0.11598105 0.21006400 0.01899527 -0.18285006 -0.97985800 -0.08027426 0.00000000
-0.11655656 0.21016600 0.01890331 -0.19261454 -0.97760900 -0.08473712 0.00000000
-0.11548648 0.20967300 0.01894709 -0.16597304 -0.98198500 -0.09032796 0.00000000
-0.11538444 0.21010400 0.01856795 -0.14281934 -0.98519400 -0.09484697 0.00000000
-0.11547907 0.21002600 0.01863945 -0.16199683 -0.98234200 -0.09359876 0.00000000
-0.11517823 0.21047100 0.01811784 -0.07204332 -0.99524200 -0.06559583 0.00000000
-0.11533833 0.21039000 0.01837816 -0.12119596 -0.98881100 -0.08697164 0.00000000
-0.11535986 0.21067000 0.01795298 -0.07204332 -0.99524200 -0.06559583 0.00000000
-0.11513793 0.21082700 0.01771570 -0.06784459 -0.99611800 -0.05609010 0.00000000
-0.11827839 0.21069700 0.02265738 -0.36659613 -0.92844400 -0.05999540 0.00000000
-0.11887746 0.21164900 0.02289261 -0.37556230 -0.92483600 -0.06026799 0.00000000
-0.11838884 0.21132700 0.02263213 -0.37556230 -0.92483600 -0.06026799 0.00000000
-0.11857406 0.21110100 0.02256313 -0.37556230 -0.92483600 -0.06026799 0.00000000
-0.11846006 0.21089600 0.02249261 -0.36659613 -0.92844400 -0.05999540 0.00000000
-0.11854531 0.21167100 0.02279671 -0.37556230 -0.92483600 -0.06026799 0.00000000
-0.11866497 0.21145000 0.02253872 -0.38575456 -0.92055200 -0.06146697 0.00000000
-0.11865732 0.21130700 0.02211495 -0.35567192 -0.93237400 -0.06462698 0.00000000
-0.11811593 0.21028300 0.02270524 -0.35567192 -0.93237400 -0.06462698 0.00000000
-0.11811206 0.21021200 0.02249338 -0.35567192 -0.93237400 -0.06462698 0.00000000
-0.11791906 0.21029500 0.02213856 -0.33273225 -0.93991000 -0.07653841 0.00000000
-0.11819532 0.21041700 0.02204520 -0.33273225 -0.93991000 -0.07653841 0.00000000
-0.11833626 0.21055000 0.02242252 -0.35567192 -0.93237400 -0.06462698 0.00000000
-0.11791528 0.21022300 0.02192666 -0.32249225 -0.94230200 -0.08980898 0.00000000
-0.11812972 0.21042100 0.02185633 -0.32249225 -0.94230200 -0.08980898 0.00000000
-0.11848513 0.21075200 0.02216321 -0.35567192 -0.93237400 -0.06462698 0.00000000
-0.11838668 0.21075800 0.02187993 -0.33273225 -0.93991000 -0.07653841 0.00000000
-0.11832112 0.21076200 0.02169094 -0.32249225 -0.94230200 -0.08980898 0.00000000
-0.11901071 0.21163900 0.02284608 -0.37556230 -0.92483600 -0.06026799 0.00000000
-0.11747341 0.21053500 0.02102776 -0.26123653 -0.96009800 -0.09983583 0.00000000
-0.11846046 0.21131900 0.02154828 -0.32249225 -0.94230200 -0.08980898 0.00000000
-0.11740780 0.21053800 0.02083889 -0.25634487 -0.96135700 -0.10040373 0.00000000
-0.11714339 0.21055600 0.02050756 -0.24479382 -0.96462200 -0.09787998 0.00000000
-0.11727659 0.21054600 0.02046117 -0.24479382 -0.96462200 -0.09787998 0.00000000
-0.11707778 0.21056000 0.02031870 -0.22509352 -0.97001600 -0.09166288 0.00000000
-0.11772233 0.21030600 0.02157193 -0.29483423 -0.95134100 -0.08957057 0.00000000
-0.11800827 0.21057000 0.02147808 -0.31032722 -0.94632000 -0.09041551 0.00000000
-0.11833646 0.21047600 0.02136216 -0.32249225 -0.94230200 -0.08980898 0.00000000
-0.11765668 0.21031000 0.02138297 -0.27866012 -0.95606900 -0.09100381 0.00000000
-0.11850860 0.21103100 0.02131382 -0.32249225 -0.94230200 -0.08980898 0.00000000
-0.11721103 0.21055000 0.02027217 -0.22713419 -0.96945000 -0.09260823 0.00000000
-0.11682305 0.21071800 0.01998688 -0.20643347 -0.97445400 -0.08846132 0.00000000
-0.11272619 0.21013700 0.01610379 -0.62832868 -0.41989700 -0.65489700 0.00000000
-0.11270312 0.21028000 0.01600885 -0.62743896 -0.42657800 -0.65142249 0.00000000
-0.11244843 0.21043900 0.01567712 -0.64678569 -0.41173400 -0.64198433 0.00000000
-0.11246014 0.21057800 0.01525238 -0.73763749 -0.27078000 -0.61852233 0.00000000
-0.11303366 0.21068100 0.01558476 -0.62651201 -0.43324700 -0.64790445 0.00000000
-0.10914283 0.20980800 0.01321215 -0.59416641 0.16265000 -0.78772563 0.00000000
-0.11107846 0.21180500 0.01448716 -0.71490254 -0.17048900 -0.67812168 0.00000000
-0.11129294 0.21200300 0.01441670 -0.71250031 -0.20475100 -0.67113392 0.00000000
-0.11089886 0.21160400 0.01422777 -0.70902796 -0.15912100 -0.68699263 0.00000000
-0.11130243 0.21164700 0.01430018 -0.72683031 -0.16044600 -0.66781328 0.00000000
-0.11122347 0.21193500 0.01401598 -0.69476105 -0.21343000 -0.68684435 0.00000000
-0.11180161 0.21019700 0.01473202 -0.76912043 -0.10689200 -0.63010088 0.00000000
-0.11149693 0.21114100 0.01517503 -0.69735365 -0.22828000 -0.67940184 0.00000000
-0.11174421 0.21133600 0.01519912 -0.66453118 -0.28456600 -0.69095642 0.00000000
-0.11127500 0.21129700 0.01493776 -0.68427651 -0.22113800 -0.69488316 0.00000000
-0.11148952 0.21149500 0.01486739 -0.67622209 -0.22856400 -0.70034452 0.00000000
-0.11093884 0.21075200 0.01451383 -0.73225969 -0.10194300 -0.67335228 0.00000000
-0.11079823 0.21111500 0.01425258 -0.71323600 -0.12061800 -0.69046757 0.00000000
-0.11151793 0.21042800 0.01451774 -0.75762239 -0.12787100 -0.64004445 0.00000000
-0.11170324 0.21020300 0.01444871 -0.76323898 -0.10491700 -0.63754110 0.00000000
-0.11190640 0.21068300 0.01385866 -0.75538692 -0.15975400 -0.63550642 0.00000000
-0.11058239 0.21183800 0.01391894 -0.67589087 -0.15324700 -0.72089247 0.00000000
-0.10986996 0.21159900 0.01278498 -0.57772907 -0.02032400 -0.81597591 0.00000000
-0.11345034 0.21051500 0.01681301 0.02838877 -0.98968500 -0.14042232 0.00000000
-0.11313745 0.21032300 0.01660006 -0.54789040 -0.56972000 -0.61256410 0.00000000
-0.11354105 0.21036600 0.01667256 -0.01711070 -0.98380500 -0.17842582 0.00000000
-0.11436715 0.21031300 0.01776097 0.06067230 -0.99807500 -0.01287257 0.00000000
-0.11433052 0.21024400 0.01745466 0.06067230 -0.99807500 -0.01287257 0.00000000
-0.11461061 0.21043700 0.01757307 0.04568150 -0.99881300 -0.01690195 0.00000000
-0.11412581 0.21018700 0.01752458 0.06067230 -0.99807500 -0.01287257 0.00000000
-0.11415479 0.21011400 0.01740713 0.05866423 -0.99823700 -0.00898960 0.00000000
-0.11399455 0.21019500 0.01714676 0.10097093 -0.99488100 0.00408296 0.00000000
-0.11454500 0.21044100 0.01738420 0.06067230 -0.99807500 -0.01287257 0.00000000
-0.11441378 0.21044900 0.01700648 0.07533923 -0.99715600 -0.00197855 0.00000000
-0.11475174 0.21049600 0.01689003 0.05866423 -0.99823700 -0.00898960 0.00000000
-0.11380547 0.21034900 0.01700390 0.12794068 -0.99145500 0.02546647 0.00000000
-0.11419935 0.21025100 0.01707680 0.09786847 -0.99518600 0.00515214 0.00000000
-0.11410090 0.21025700 0.01679353 0.10012256 -0.99497400 0.00116955 0.00000000
-0.11434814 0.21045300 0.01681752 0.10097093 -0.99488100 0.00408296 0.00000000
-0.11400249 0.21026300 0.01651012 0.06761071 -0.99551800 -0.06612061 0.00000000
-0.11310460 0.21032500 0.01650565 -0.52112290 -0.60496900 -0.60203351 0.00000000
-0.11350439 0.21029700 0.01636616 -0.48149742 -0.65259700 -0.58504523 0.00000000
-0.11329581 0.21016900 0.01622422 -0.54341742 -0.56770000 -0.61839675 0.00000000
-0.11290783 0.21033700 0.01593893 -0.60538137 -0.47548400 -0.63830181 0.00000000
-0.11346389 0.21015700 0.01584799 -0.51931991 -0.59952900 -0.60899161 0.00000000
-0.11375167 0.21049300 0.01639025 -0.37838966 -0.75864900 -0.53035260 0.00000000
-0.11351024 0.21036700 0.01615390 -0.60550373 -0.45627300 -0.65205919 0.00000000
-0.11390412 0.21026900 0.01622680 -0.19250702 -0.91051500 -0.36592852 0.00000000
-0.11408934 0.21004300 0.01615781 -0.18911218 -0.91658700 -0.35228644 0.00000000
-0.11354716 0.21036200 0.01539981 -0.70559679 -0.31847800 -0.63301307 0.00000000
-0.11218185 0.20988600 0.01459360 -0.77903219 -0.09527200 -0.61970301 0.00000000
-0.11192130 0.20997500 0.01447412 -0.77662645 -0.10636900 -0.62091582 0.00000000
-0.10909130 0.21044700 0.01229037 -0.52609669 0.14320300 -0.83828095 0.00000000
-0.10925367 0.21086100 0.01224256 -0.52312478 0.11497300 -0.84446597 0.00000000
-0.10865484 0.21040500 0.01212346 -0.54602632 0.17131700 -0.82006445 0.00000000
-0.10831557 0.21127800 0.01183590 -0.53297642 0.07835150 -0.84249469 0.00000000
-0.10879654 0.21145700 0.01167262 -0.21470156 0.37813700 -0.90050853 0.00000000
-0.10875194 0.21132000 0.01200286 -0.23133431 0.34324100 -0.91031346 0.00000000
-0.10910847 0.21023400 0.01259771 -0.56813253 0.13838900 -0.81121725 0.00000000
-0.10968036 0.21076100 0.01241001 -0.55084030 0.07500950 -0.83123323 0.00000000
-0.10997351 0.21017400 0.01250777 -0.61726032 0.06453640 -0.78410733 0.00000000
-0.10934806 0.21028700 0.01219794 -0.57958565 0.11031700 -0.80741015 0.00000000
-0.10867972 0.20976400 0.01167803 -0.72337906 -0.06089780 -0.68775967 0.00000000
-0.10914375 0.21065300 0.01132353 -0.59870600 0.11846300 -0.79215982 0.00000000
-0.10733240 0.20999500 0.01035085 -0.78542265 0.54790400 -0.28794365 0.00000000
-0.10813853 0.21206900 0.01138437 -0.42643168 0.24315500 -0.87122393 0.00000000
-0.10866538 0.21146500 0.01129476 -0.03885410 0.51651800 -0.85539433 0.00000000
-0.10806882 0.21150500 0.01086753 -0.56569623 0.23951100 -0.78906423 0.00000000
-0.10867840 0.21068500 0.01127402 -0.53262864 0.22494600 -0.81590772 0.00000000
-0.10862455 0.21082800 0.01066051 -0.73106790 0.13062400 -0.66968494 0.00000000
-0.10769386 0.21089200 0.01056150 -0.62987778 0.49211800 -0.60089406 0.00000000
-0.10760861 0.21011700 0.01025740 -0.76903555 0.49820000 -0.40047680 0.00000000
-0.10753730 0.21054800 0.01039696 -0.69033261 0.55114200 -0.46870494 0.00000000
-0.10759550 0.21089800 0.01027818 -0.64985895 0.55890900 -0.51507621 0.00000000
-0.10785580 0.21031300 0.01028153 -0.75179148 0.39647800 -0.52689120 0.00000000
-0.10799887 0.21044500 0.01023456 -0.77346489 0.33002800 -0.54114171 0.00000000
-0.10748948 0.21133200 0.01074750 -0.54456179 0.50054600 -0.67298341 0.00000000
-0.10767470 0.21110600 0.01067851 -0.58426714 0.48644700 -0.64961610 0.00000000
-0.10776541 0.21095800 0.01053806 -0.62130333 0.46638000 -0.62965957 0.00000000
-0.10785633 0.21130600 0.01051364 -0.58240369 0.42876400 -0.69062859 0.00000000
-0.10772728 0.21188300 0.01088811 -0.48927525 0.35698900 -0.79571923 0.00000000
-0.10797041 0.21151100 0.01058412 -0.53533606 0.41540600 -0.73542705 0.00000000
-0.10816511 0.21093000 0.01039861 -0.67420205 0.35090900 -0.64985691 0.00000000
-0.10831176 0.21063600 0.01044752 -0.75885620 0.16218000 -0.63074103 0.00000000
-0.10840658 0.21105600 0.01063505 -0.73017257 0.02136190 -0.68292920 0.00000000
-0.10830358 0.21007200 0.01096804 -0.73873613 0.04970270 -0.67216010 0.00000000
-0.10897383 0.21059300 0.01106365 -0.64960820 0.10424400 -0.75308933 0.00000000
-0.10962272 0.21140400 0.01276099 -0.54488829 0.03446510 -0.83780010 0.00000000
-0.10997375 0.21067000 0.01262389 -0.62528901 0.00924501 -0.78033906 0.00000000
-0.10868304 0.21167500 0.01065772 -0.19943417 0.59426300 -0.77915140 0.00000000
-0.10871943 0.21124700 0.01084791 -0.50834733 0.30623900 -0.80486062 0.00000000
-0.10556879 0.21138500 0.00802749 -0.36029782 0.91199100 -0.19610430 0.00000000
-0.10637437 0.21189500 0.00765241 -0.35071874 0.92069900 -0.17120234 0.00000000
-0.10722422 0.20986000 0.01006798 -0.80508175 0.53762800 -0.25059784 0.00000000
-0.10696925 0.20952100 0.00962003 -0.84035862 0.40613400 -0.35895978 0.00000000
-0.10681887 0.20974300 0.00935932 -0.79241656 0.54944700 -0.26492247 0.00000000
-0.10697562 0.21058400 0.00963988 -0.71037041 0.68737200 -0.15130616 0.00000000
-0.10727516 0.21106000 0.00975750 -0.69284281 0.66189100 -0.28612795 0.00000000
-0.10717679 0.21106600 0.00947418 -0.73038303 0.66803400 -0.14237784 0.00000000
-0.10740618 0.21055600 0.01001919 -0.72403988 0.62082900 -0.30056368 0.00000000
-0.10758805 0.21125200 0.00997045 -0.62848263 0.61926300 -0.47066313 0.00000000
-0.10742790 0.21133300 0.00971004 -0.66947675 0.62886800 -0.39538121 0.00000000
-0.10732944 0.21133900 0.00942677 -0.70396931 0.67675700 -0.21546765 0.00000000
-0.10683492 0.21094700 0.00937868 -0.72338281 0.67984100 -0.12055633 0.00000000
-0.10673652 0.21095300 0.00909527 -0.68085419 0.72197400 -0.12325358 0.00000000
-0.10709165 0.21078800 0.00928616 -0.71902696 0.68722300 -0.10355886 0.00000000
-0.10648928 0.21075800 0.00907127 -0.65148143 0.75061500 -0.11022175 0.00000000
-0.10691819 0.21115300 0.00893050 -0.68842180 0.72026300 -0.08542334 0.00000000
-0.10663815 0.21095900 0.00881196 -0.61388759 0.78241200 -0.10475616 0.00000000
-0.10729616 0.21034800 0.00910020 -0.77230948 0.62573000 -0.10954916 0.00000000
-0.10716854 0.20993000 0.00881813 -0.82817685 0.54582900 -0.12725932 0.00000000
-0.10718269 0.21113600 0.00926179 -0.73190549 0.67592100 -0.08628348 0.00000000
-0.10764157 0.21004100 0.00929149 -0.86291842 0.46712100 -0.19279532 0.00000000
-0.10597962 0.21057800 0.00829160 -0.44378188 0.88574600 -0.13605991 0.00000000
-0.10542893 0.20983500 0.00793804 0.47967050 0.85819700 0.18279709 0.00000000
-0.10591401 0.21058100 0.00810274 -0.24967562 0.96033200 -0.12419329 0.00000000
-0.10639087 0.21076300 0.00878787 -0.60226110 0.79252400 -0.09584786 0.00000000
-0.10636396 0.21083500 0.00848116 -0.56304183 0.82256500 -0.07981685 0.00000000
-0.10626556 0.21084100 0.00819775 -0.47168219 0.87681400 -0.09333962 0.00000000
-0.10669805 0.21081100 0.00815285 -0.50294346 0.86421300 -0.01353562 0.00000000
-0.10630649 0.21140400 0.00777168 -0.28146539 0.95272300 -0.11443444 0.00000000
-0.10640278 0.21082900 0.00730276 -0.10933743 0.99337600 0.03535362 0.00000000
-0.10695714 0.21114600 0.00775215 -0.31666670 0.94853700 0.00015820 0.00000000
-0.10656326 0.21124400 0.00767925 -0.18646049 0.98152300 -0.04294724 0.00000000
-0.10685864 0.21115200 0.00746879 -0.14267912 0.98975000 -0.00614514 0.00000000
-0.10657497 0.21138400 0.00725451 -0.12630973 0.99146500 -0.03230656 0.00000000
-0.10126612 0.21159400 0.00274996 -0.67343707 0.09713790 -0.73283450 0.00000000
-0.10094351 0.21126100 0.00253740 -0.50057817 0.44979200 -0.73966810 0.00000000
-0.10084505 0.21126700 0.00225413 -0.45527033 0.48906300 -0.74400737 0.00000000
-0.10117129 0.21117400 0.00256242 -0.28397519 0.69692000 -0.65852942 0.00000000
-0.10472141 0.21165400 0.00748038 -0.24645391 0.95552600 -0.16196031 0.00000000
-0.10400081 0.21085100 0.00686695 0.11915428 0.89122000 0.43763951 0.00000000
-0.10431984 0.21160900 0.00698363 -0.24466935 0.96624000 0.08072212 0.00000000
-0.10483776 0.21235400 0.00724274 -0.47758925 0.85475700 -0.20322290 0.00000000
-0.10441642 0.21096000 0.00545430 0.08444165 0.89083000 0.44642072 0.00000000
-0.10304960 0.21147900 0.00530445 -0.37861480 0.92540100 -0.01682059 0.00000000
-0.10301685 0.21148100 0.00521000 -0.39874154 0.91629500 -0.03753401 0.00000000
-0.10334149 0.21181200 0.00499830 0.21935092 0.72431700 0.65364355 0.00000000
-0.10475868 0.21150000 0.00460547 -0.18999123 0.97774100 0.08902942 0.00000000
-0.10548365 0.21053600 0.00666307 0.16132195 0.93117900 0.32692622 0.00000000
-0.10442547 0.21018200 0.00628202 0.22332567 0.79943300 0.55770234 0.00000000
-0.10517086 0.21034400 0.00645007 0.21146600 0.87801200 0.42939200 0.00000000
-0.10520394 0.21083800 0.00666061 0.11141143 0.93752900 0.32958697 0.00000000
-0.10538916 0.21061300 0.00659161 0.15388944 0.93143000 0.32978102 0.00000000
-0.10503984 0.21084800 0.00618838 0.16576157 0.84299200 0.51175026 0.00000000
-0.10479850 0.21072200 0.00595199 0.22374844 0.77968500 0.58483230 0.00000000
-0.10541036 0.21039700 0.00605035 0.08505627 0.92023700 0.38200609 0.00000000
-0.10517643 0.20991700 0.00612160 0.22770739 0.83189400 0.50606525 0.00000000
-0.10552264 0.21110000 0.00666121 -0.07491132 0.98962800 0.12257157 0.00000000
-0.10610174 0.21077700 0.00666512 -0.04269859 0.99346500 0.10584524 0.00000000
-0.10563640 0.21080800 0.00661561 0.02440707 0.97557600 0.21830129 0.00000000
-0.10594565 0.21142500 0.00673282 -0.13980113 0.99000600 0.01855146 0.00000000
-0.10635851 0.21061700 0.00657269 -0.05859857 0.98977100 0.13007424 0.00000000
-0.10634544 0.21139700 0.00659334 -0.13464496 0.99088200 0.00490718 0.00000000
-0.10551108 0.21088600 0.00602549 -0.02598479 0.95680800 0.28955666 0.00000000
-0.10447971 0.21046100 0.00595143 0.13916483 0.84509500 0.51618583 0.00000000
-0.10315241 0.21196600 0.00485543 0.22948369 0.71447300 0.66095801 0.00000000
-0.10419139 0.21196300 0.00417678 -0.40812101 0.86929000 -0.27887544 0.00000000
-0.10319349 0.21245500 0.00336891 -0.67046827 0.42479400 -0.60829461 0.00000000
-0.10396168 0.21197700 0.00351569 0.25188306 0.69450900 0.67395299 0.00000000
-0.10175473 0.21191500 0.00301044 -0.65881107 0.35485200 -0.66336172 0.00000000
-0.10200788 0.21218100 0.00282204 -0.66102595 0.35691300 -0.66004362 0.00000000
-0.10246374 0.21250400 0.00298807 -0.71189260 0.35765800 -0.60439173 0.00000000
-0.10277634 0.21219900 0.00308503 -0.70491064 0.35711200 -0.61283928 0.00000000
-0.10290572 0.21211900 0.00282665 -0.70491064 0.35711200 -0.61283928 0.00000000
-0.10317636 0.21266800 0.00306167 -0.69018140 0.38914200 -0.61009656 0.00000000
-0.10280377 0.21255000 0.00244746 -0.69482482 0.36911100 -0.61723221 0.00000000
-0.10295264 0.21275100 0.00218814 -0.66957082 0.38722000 -0.63382686 0.00000000
-0.10360451 0.21157300 0.00257266 -0.61734309 0.50058600 -0.60687840 0.00000000
-0.10334644 0.21265300 0.00226109 -0.70098665 0.36676600 -0.61163797 0.00000000
-0.10353165 0.21242800 0.00219209 -0.68921123 0.35075300 -0.63400380 0.00000000
-0.10396065 0.21282300 0.00205128 -0.63959980 0.38817300 -0.66350100 0.00000000
-0.10072715 0.21099000 0.00197165 -0.43768603 0.51809500 -0.73485233 0.00000000
-0.10090301 0.21112000 0.00201923 -0.44308653 0.49018000 -0.75059775 0.00000000
-0.10083736 0.21112400 0.00183028 -0.43768603 0.51809500 -0.73485233 0.00000000
-0.10062878 0.21099600 0.00168834 -0.38974783 0.55910000 -0.73178084 0.00000000
-0.10024447 0.21073900 0.00149887 -0.36516470 0.60663200 -0.70615308 0.00000000
-0.09975218 0.21084200 0.00114256 -0.36282623 0.57521700 -0.73313154 0.00000000
-0.10040685 0.21115300 0.00145106 -0.38856090 0.57357400 -0.72113309 0.00000000
-0.10017528 0.21116800 0.00121414 -0.37239236 0.58785000 -0.71816216 0.00000000
-0.10026161 0.21052600 0.00180612 -0.35744235 0.58762300 -0.72590193 0.00000000
-0.10109767 0.21053900 0.00183363 -0.45248996 0.48242100 -0.75001522 0.00000000
-0.10112103 0.21089300 0.00204456 -0.50653785 0.45001800 -0.73546130 0.00000000
-0.10155556 0.21086100 0.00157540 -0.42070711 0.54994700 -0.72150146 0.00000000
-0.10176781 0.21056400 0.00181317 -0.55878841 0.39428000 -0.72958843 0.00000000
-0.10174087 0.21063500 0.00150637 -0.50715635 0.45589000 -0.73140689 0.00000000
-0.10098827 0.21132400 0.00114671 -0.42802602 0.52575800 -0.73510004 0.00000000
-0.10160961 0.21064300 0.00112855 -0.51551151 0.45234700 -0.72775683 0.00000000
-0.09760283 0.21013700 0.00028624 -0.16741796 0.96414100 -0.20591978 0.00000000
-0.09814777 0.21073600 -0.00020826 -0.13803751 0.96454600 -0.22493916 0.00000000
-0.09846066 0.21092800 0.00000469 -0.08021372 0.96083100 -0.26527230 0.00000000
-0.09836229 0.21093400 -0.00027862 -0.10572713 0.96674400 -0.23286698 0.00000000
-0.09861311 0.21070400 -0.00015875 -0.09786998 0.96367900 -0.24848577 0.00000000
-0.09922506 0.21037900 -0.00006043 -0.16178947 0.91163000 -0.37782918 0.00000000
-0.09984329 0.21111600 0.00005778 -0.32026144 0.70262000 -0.63541912 0.00000000
-0.10015618 0.21130800 0.00027073 -0.34169960 0.66496700 -0.66412329 0.00000000
-0.09910182 0.21102600 0.00010169 -0.26644842 0.73872000 -0.61911045 0.00000000
-0.09935855 0.21086600 0.00000916 -0.25627317 0.78723600 -0.56087827 0.00000000
-0.09922733 0.21087400 -0.00036856 -0.17671266 0.91168900 -0.37093999 0.00000000
-0.10003832 0.21103200 -0.00001165 -0.31279214 0.70584100 -0.63557028 0.00000000
-0.10038406 0.21122100 0.00029571 -0.32418669 0.69792700 -0.63859231 0.00000000
-0.09955561 0.21078000 -0.00048452 -0.16473046 0.91031800 -0.37971764 0.00000000
-0.09816292 0.20995400 -0.00065329 -0.12101198 0.97930600 -0.16222336 0.00000000
-0.09803557 0.21003300 -0.00081916 -0.10630078 0.97590600 -0.19054483 0.00000000
-0.09823103 0.21094200 -0.00065644 -0.13890576 0.96719000 -0.21271598 0.00000000
-0.09839127 0.21086000 -0.00039607 -0.10572713 0.96674400 -0.23286698 0.00000000
-0.09865768 0.21084200 -0.00048908 -0.10546246 0.96691400 -0.23228409 0.00000000
-0.09822726 0.21087000 -0.00086834 -0.15989539 0.96623400 -0.20205321 0.00000000
-0.09857677 0.21113100 -0.00034908 -0.12319594 0.95849600 -0.25711521 0.00000000
-0.09850730 0.21106400 -0.00074980 -0.14229232 0.96698500 -0.21140717 0.00000000
-0.09912892 0.21088000 -0.00065197 -0.08027426 0.97048500 -0.22740965 0.00000000
-0.09895901 0.21082000 -0.00091185 -0.13258691 0.96823300 -0.21200493 0.00000000
-0.09871767 0.21069400 -0.00114824 -0.14464533 0.97498200 -0.16878434 0.00000000
-0.09898435 0.21117200 -0.00112503 -0.15129990 0.96299500 -0.22304494 0.00000000
-0.09868124 0.21112100 -0.00133852 -0.16800650 0.96652800 -0.19390036 0.00000000
-0.09852081 0.21070500 -0.00171491 -0.13939354 0.96979700 -0.20015933 0.00000000
-0.09727146 0.21050800 -0.00181444 -0.09387278 0.97043400 -0.22236469 0.00000000
-0.09699723 0.21038400 -0.00214533 -0.08367549 0.97049100 -0.22615272 0.00000000
-0.09835089 0.21064500 -0.00197479 -0.11992152 0.97334600 -0.19548985 0.00000000
-0.09800170 0.21088100 -0.00237798 -0.08296141 0.97443100 -0.20881132 0.00000000
-0.09804394 0.21052300 -0.00240004 -0.06733160 0.98004900 -0.18700253 0.00000000
-0.09624821 0.21064700 -0.00240912 -0.03434018 0.97606700 -0.21474068 0.00000000
-0.09685653 0.21074700 -0.00240654 -0.07128873 0.97322300 -0.21853149 0.00000000
-0.09646274 0.21084500 -0.00247948 -0.07328642 0.97058300 -0.22934295 0.00000000
-0.09707459 0.21052000 -0.00238112 -0.06099063 0.97673000 -0.20561675 0.00000000
-0.09614985 0.21065300 -0.00269243 -0.02576995 0.97948300 -0.19987326 0.00000000
-0.09670611 0.21096900 -0.00266734 -0.07511719 0.97174000 -0.22378446 0.00000000
-0.09636424 0.21085100 -0.00276285 -0.05008370 0.97599500 -0.21195560 0.00000000
-0.09700540 0.21094900 -0.00266585 -0.06531727 0.97382400 -0.21771603 0.00000000
-0.09690704 0.21095500 -0.00294917 -0.04805729 0.97852100 -0.20046943 0.00000000
-0.09710580 0.21094100 -0.00280679 -0.05041148 0.97810200 -0.20192735 0.00000000
-0.09718317 0.21107700 -0.00304258 0.00034438 0.98594100 -0.16709365 0.00000000
-0.09763265 0.21033800 -0.00289640 0.00795984 0.98816700 -0.15317489 0.00000000
-0.09776023 0.21075500 -0.00261442 -0.04664626 0.98246600 -0.18051483 0.00000000
-0.09766187 0.21076100 -0.00289773 -0.03118122 0.98358600 -0.17772543 0.00000000
-0.09756350 0.21076700 -0.00318105 -0.01337500 0.98596900 -0.16639357 0.00000000
-0.09817153 0.21094100 -0.00211806 -0.10465554 0.97304400 -0.20550359 0.00000000
-0.09823937 0.21086100 -0.00341381 -0.01559533 0.98564100 -0.16813445 0.00000000
-0.10157892 0.21121500 0.00178633 -0.38614141 0.58250800 -0.71524797 0.00000000
-0.10130474 0.21109100 0.00145553 -0.49292929 0.47569300 -0.72851757 0.00000000
-0.10177749 0.21070500 0.00181268 -0.45383663 0.52660200 -0.71883400 0.00000000
-0.10123909 0.21109500 0.00126658 -0.47212120 0.49517200 -0.72931928 0.00000000
-0.10110787 0.21110200 0.00088885 -0.43461261 0.54196600 -0.71929541 0.00000000
-0.10079531 0.21140700 0.00079198 -0.41796172 0.58619700 -0.69403206 0.00000000
-0.10113299 0.21095800 0.00055954 -0.44217678 0.56096700 -0.69985465 0.00000000
-0.10091110 0.21111400 0.00032213 -0.39143356 0.62457900 -0.67578138 0.00000000
-0.09512689 0.21071800 -0.00434752 0.27307931 0.96103400 0.04291710 0.00000000
-0.09484676 0.21052500 -0.00446602 0.29692752 0.95163500 0.07890077 0.00000000
-0.09597248 0.21094700 -0.00326004 0.01583386 0.98244800 -0.18586389 0.00000000
-0.09587411 0.21095300 -0.00354336 0.03868094 0.98561700 -0.16450597 0.00000000
-0.09619668 0.21128600 -0.00333090 -0.01291318 0.98327100 -0.18168961 0.00000000
-0.09549949 0.21083600 -0.00373331 0.09834157 0.98683300 -0.12841265 0.00000000
-0.09264145 0.20939400 -0.00668818 0.34128099 0.93092600 0.13001411 0.00000000
-0.09297383 0.20986800 -0.00647616 0.37092246 0.92014100 0.12552767 0.00000000
-0.09294688 0.20994000 -0.00678296 0.37187329 0.91928900 0.12890998 0.00000000
-0.09377311 0.20988600 -0.00569450 0.35265935 0.92717700 0.12639112 0.00000000
-0.09197937 0.20943800 -0.00730432 0.33854049 0.92957900 0.14585628 0.00000000
-0.09208001 0.20992700 -0.00732913 0.34497157 0.92808000 0.14021986 0.00000000
-0.09222307 0.21005800 -0.00737610 0.34497157 0.92808000 0.14021986 0.00000000
-0.09153933 0.20982100 -0.00756710 0.33664640 0.93126400 0.13934323 0.00000000
-0.09147382 0.20982500 -0.00775601 0.33664640 0.93126400 0.13934323 0.00000000
-0.09161834 0.20953300 -0.00728281 0.34227355 0.92882600 0.14188635 0.00000000
-0.09171699 0.20945300 -0.00805990 0.33468382 0.93081000 0.14689969 0.00000000
-0.09194884 0.20993500 -0.00770699 0.34227355 0.92882600 0.14188635 0.00000000
-0.09203389 0.21021300 -0.00751892 0.34980999 0.92592900 0.14243649 0.00000000
-0.09176721 0.20973500 -0.00754213 0.34227355 0.92882600 0.14188635 0.00000000
-0.09225196 0.20998500 -0.00749351 0.34497157 0.92808000 0.14021986 0.00000000
-0.09166871 0.20974100 -0.00782549 0.33463579 0.93212800 0.13840432 0.00000000
-0.09187355 0.20979700 -0.00789536 0.34403292 0.92761600 0.14549705 0.00000000
-0.09316751 0.21013300 -0.00812608 0.34227355 0.92882600 0.14188635 0.00000000
-0.09282206 0.21043900 -0.00831745 0.34977936 0.92458800 0.15096889 0.00000000
-0.09348035 0.21032400 -0.00791322 0.36779585 0.91716200 0.15342774 0.00000000
-0.09137125 0.20926300 -0.00836726 0.33759612 0.93042600 0.14260351 0.00000000
-0.09125726 0.20905800 -0.00843779 0.34402116 0.92892400 0.13692998 0.00000000
-0.09175565 0.20952100 -0.00817784 0.33373697 0.93165600 0.14365231 0.00000000
-0.09098540 0.20943000 -0.00907685 0.38474673 0.91483100 0.12269882 0.00000000
-0.09223328 0.21062200 -0.00832087 0.35259923 0.92330500 0.15225189 0.00000000
-0.09292274 0.21035800 -0.00951879 0.34022560 0.93098200 0.13236179 0.00000000
-0.09180245 0.20958300 -0.00999279 0.39863259 0.90888600 0.12255079 0.00000000
-0.09125200 0.20933700 -0.01023023 0.38568645 0.91439500 0.12299855 0.00000000
-0.09093911 0.20914500 -0.01044318 0.37978586 0.91720100 0.12043491 0.00000000
-0.09076919 0.20908500 -0.01070306 0.38568645 0.91439500 0.12299855 0.00000000
-0.09045640 0.20889300 -0.01091605 0.38769485 0.91341200 0.12398058 0.00000000
-0.09057246 0.20909700 -0.01126969 0.37300292 0.92247600 0.09952914 0.00000000
-0.09009556 0.20891500 -0.01195491 0.33435463 0.93976400 0.07106450 0.00000000
-0.09456417 0.20934000 -0.00439242 0.32910584 0.93526300 0.13027643 0.00000000
-0.09431916 0.20963900 -0.00472464 0.33358865 0.93418900 0.12653109 0.00000000
-0.09468996 0.20968400 -0.00474668 0.33094457 0.93489300 0.12825739 0.00000000
-0.09475561 0.20968000 -0.00455772 0.32412736 0.93844000 0.11946059 0.00000000
-0.09491930 0.20917400 -0.00420153 0.30394844 0.94809700 0.09342501 0.00000000
-0.09493361 0.21030500 -0.00481833 0.31267650 0.94456300 0.10017517 0.00000000
-0.09487164 0.20988400 -0.00491145 0.33094457 0.93489300 0.12825739 0.00000000
-0.09425355 0.20964300 -0.00491350 0.33358865 0.93418900 0.12653109 0.00000000
-0.09459151 0.20969000 -0.00502995 0.33658439 0.93252700 0.13078013 0.00000000
-0.09430793 0.20992200 -0.00524427 0.33747393 0.93293800 0.12544701 0.00000000
-0.09449314 0.20969600 -0.00531327 0.33747393 0.93293800 0.12544701 0.00000000
-0.09480603 0.20988800 -0.00510031 0.33173769 0.93457000 0.12856476 0.00000000
-0.09486008 0.20967000 -0.00554716 0.33658439 0.93252700 0.13078013 0.00000000
-0.09605135 0.21065900 -0.00297580 0.01905397 0.98338000 -0.18055607 0.00000000
-0.09637609 0.21099000 -0.00318754 -0.01963024 0.98229000 -0.18633486 0.00000000
-0.09692669 0.21116200 -0.00401055 -0.05554942 0.97914400 -0.19542420 0.00000000
-0.09743224 0.21077500 -0.00355886 0.00685081 0.98759200 -0.15689223 0.00000000
-0.09753859 0.21083700 -0.00391210 0.11569156 0.98936400 -0.08817242 0.00000000
-0.09698456 0.21101600 -0.00424541 0.12271876 0.98917500 -0.08046008 0.00000000
-0.09713701 0.21079200 -0.00440886 0.20995609 0.97746800 -0.02178156 0.00000000
-0.09703861 0.21079800 -0.00469226 0.29870870 0.95356500 0.03856501 0.00000000
-0.09759519 0.21161100 -0.00455109 0.13987709 0.98732900 -0.07493281 0.00000000
-0.09748702 0.21147500 -0.00483397 0.27130242 0.96236300 0.01586677 0.00000000
-0.09609998 0.21022300 -0.00533103 0.34215523 0.92799700 0.14748114 0.00000000
-0.09651133 0.21040900 -0.00483480 0.35247100 0.93048600 0.09979734 0.00000000
-0.09579527 0.21059600 -0.00606450 0.33094457 0.93489300 0.12825739 0.00000000
-0.09600158 0.21022900 -0.00561443 0.33094457 0.93489300 0.12825739 0.00000000
-0.09587390 0.20981100 -0.00589638 0.33094457 0.93489300 0.12825739 0.00000000
-0.09583760 0.21023900 -0.00608661 0.33094457 0.93489300 0.12825739 0.00000000
-0.09636134 0.21105300 -0.00603985 0.34791961 0.92762900 0.13585317 0.00000000
-0.09720358 0.21220400 -0.00493213 0.20897694 0.97686900 -0.04533926 0.00000000
-0.09667419 0.21124500 -0.00582699 0.33933940 0.93253500 0.12339613 0.00000000
-0.09278582 0.20860500 -0.00633114 0.33844593 0.93213600 0.12874978 0.00000000
-0.09246325 0.20827300 -0.00654361 0.33093961 0.93284900 0.14238019 0.00000000
-0.09442260 0.21047400 -0.00717849 0.36129178 0.92563900 0.11252108 0.00000000
-0.09467342 0.21024500 -0.00705862 0.34111257 0.93325700 0.11257516 0.00000000
-0.09457506 0.21025100 -0.00734193 0.36605296 0.92197700 0.12635133 0.00000000
-0.09579451 0.20910600 -0.00641273 0.33747393 0.93293800 0.12544701 0.00000000
-0.09592011 0.20895400 -0.00688302 0.33933940 0.93253500 0.12339613 0.00000000
-0.09364795 0.20988900 -0.00734508 0.37770852 0.91654200 0.13147691 0.00000000
-0.09362691 0.21003100 -0.00786427 0.37726459 0.91258300 0.15768165 0.00000000
-0.09410971 0.21028300 -0.00739144 0.37187329 0.91928900 0.12890998 0.00000000
-0.09343013 0.21004300 -0.00843099 0.34227793 0.92748700 0.15037852 0.00000000
-0.09521593 0.21042300 -0.00618453 0.33747393 0.93293800 0.12544701 0.00000000
-0.09507109 0.21021800 -0.00677381 0.33933940 0.93253500 0.12339613 0.00000000
-0.09564533 0.21124000 -0.00726969 0.33917648 0.93299000 0.12036602 0.00000000
-0.09665876 0.21096000 -0.00667457 0.35076369 0.92637000 0.13712659 0.00000000
-0.09309421 0.20999400 -0.00873879 0.34977936 0.92458800 0.15096889 0.00000000
-0.09293010 0.21000400 -0.00921102 0.34214140 0.92931900 0.13894491 0.00000000
-0.09342830 0.20997000 -0.00906710 0.34977936 0.92458800 0.15096889 0.00000000
-0.09351156 0.21017500 -0.00951528 0.34227355 0.92882600 0.14188635 0.00000000
-0.09276613 0.21001400 -0.00968320 0.32610303 0.93689400 0.12604516 0.00000000
-0.09105881 0.20892300 -0.01070108 0.38273444 0.91580500 0.12171567 0.00000000
-0.09380922 0.21057800 -0.01003387 0.33456220 0.93338800 0.12982809 0.00000000
