-0.10070086 0.18844800 0.05508082 0.55544925 -0.64425600 -0.52574667 2.00000000
-0.09905834 0.19017800 0.05504592 0.64661597 -0.59785300 -0.47377098 2.00000000
-0.09986145 0.18983200 0.05455089 0.63120843 -0.60321400 -0.48755394 2.00000000
-0.09977924 0.19006200 0.05437720 0.64674555 -0.59485200 -0.47735849 2.00000000
-0.10020464 0.18982900 0.05403857 0.61741152 -0.60701100 -0.50034074 2.00000000
-0.10021510 0.19006600 0.05382959 0.63130867 -0.60018800 -0.49114543 2.00000000
-0.10046370 0.18937500 0.05435080 0.60455077 -0.61154600 -0.51042072 2.00000000
-0.09941709 0.19027100 0.05430903 0.64674555 -0.59485200 -0.47735849 2.00000000
-0.08552982 0.21492100 0.05645258 -0.23608138 -0.96238100 0.13449228 1.00000000
-0.08499569 0.21521300 0.05623027 -0.23608138 -0.96238100 0.13449228 1.00000000
-0.08526500 0.21499700 0.05633361 -0.23608138 -0.96238100 0.13449228 1.00000000
-0.08554505 0.21501800 0.05622810 -0.23608138 -0.96238100 0.13449228 1.00000000
-0.08532315 0.21511400 0.05594240 -0.22711997 -0.96395300 0.13860528 1.00000000
-0.08477828 0.21516900 0.05592904 -0.23608138 -0.96238100 0.13449228 1.00000000
-0.08505834 0.21519000 0.05582343 -0.23683203 -0.96055800 0.14573194 1.00000000
-0.08533839 0.21521000 0.05571791 -0.23683203 -0.96055800 0.14573194 1.00000000
-0.08531093 0.21528700 0.05565998 -0.23683203 -0.96055800 0.14573194 1.00000000
-0.08608682 0.21469300 0.05674845 -0.23248343 -0.96336300 0.13373000 1.00000000
-0.08593843 0.21483900 0.05666781 -0.23248343 -0.96336300 0.13373000 1.00000000
-0.08562317 0.21492800 0.05641745 -0.23608138 -0.96238100 0.13449228 1.00000000
-0.08541650 0.21512100 0.05590726 -0.22711997 -0.96395300 0.13860528 1.00000000
-0.08551130 0.21488000 0.05554273 -0.26164165 -0.95001900 0.17031581 1.00000000
-0.08638969 0.21510300 0.05507507 -0.26690220 -0.94899800 0.16782513 1.00000000
-0.08594431 0.21477600 0.05468138 -0.31849968 -0.92217900 0.21941827 1.00000000
-0.08497574 0.21542000 0.05564971 -0.23683203 -0.96055800 0.14573194 1.00000000
-0.08484718 0.21552200 0.05532896 -0.26164165 -0.95001900 0.17031581 1.00000000
-0.08508892 0.21538300 0.05537437 -0.26164165 -0.95001900 0.17031581 1.00000000
-0.08511803 0.21505800 0.05510293 -0.29549261 -0.93552300 0.19359992 1.00000000
-0.08499711 0.21512800 0.05508022 -0.29549261 -0.93552300 0.19359992 1.00000000
-0.08437109 0.21516500 0.05456366 -0.30845737 -0.92598500 0.21772878 1.00000000
-0.08477835 0.21533100 0.05510828 -0.28238835 -0.94115300 0.18570718 1.00000000
-0.08468634 0.21507600 0.05481413 -0.30845737 -0.92598500 0.21772878 1.00000000
-0.08479963 0.21503900 0.05453869 -0.31849968 -0.92217900 0.21941827 1.00000000
-0.08496641 0.21509700 0.05470852 -0.31849968 -0.92217900 0.21941827 1.00000000
-0.08622739 0.21506700 0.05406886 -0.31223281 -0.91145800 0.26787218 1.00000000
-0.08625181 0.21488300 0.05381304 -0.30110092 -0.90668300 0.29540621 1.00000000
-0.08598395 0.21485100 0.05338031 -0.19495560 -0.94507200 0.26235862 1.00000000
-0.08574526 0.21509800 0.05364857 -0.29801507 -0.90679900 0.29816470 1.00000000
-0.08566265 0.21532800 0.05347495 -0.23517654 -0.93786500 0.25514780 1.00000000
-0.08355685 0.21406700 0.05332257 -0.27828232 -0.92255600 0.26729941 1.00000000
-0.08320786 0.21385400 0.05320750 -0.25900293 -0.92912100 0.26391603 1.00000000
-0.08395614 0.21442800 0.05274848 -0.61765247 -0.77587800 0.12852203 1.00000000
-0.08387354 0.21465800 0.05257476 -0.56261459 -0.82135600 0.09401982 1.00000000
-0.08315427 0.21376000 0.05276234 -0.99836399 -0.03183670 0.04748705 1.00000000
-0.08570075 0.21472300 0.05317216 -0.88399827 -0.42832700 0.18730224 1.00000000
-0.08510698 0.21454300 0.05269792 -0.57498232 -0.79921900 0.17505539 1.00000000
-0.08472294 0.21504400 0.05319930 -0.98773615 -0.14391600 0.06054175 1.00000000
-0.08497543 0.21514100 0.05303585 -0.65199286 -0.75019200 0.11008093 1.00000000
-0.08508860 0.21433800 0.05260864 -0.81353276 0.58045800 -0.03510073 1.00000000
-0.08471204 0.21420300 0.05243573 -0.81819904 0.57388900 -0.03465384 1.00000000
-0.08435398 0.21427200 0.05235190 -0.82600928 0.56281300 -0.03083931 1.00000000
-0.08529673 0.21466400 0.05294131 -0.61675188 -0.76573700 0.18238521 1.00000000
-0.08591198 0.21455200 0.05284597 -0.75369950 -0.61520800 0.23120646 1.00000000
-0.08433245 0.21396000 0.05194895 -0.83794591 0.54510300 -0.02661276 1.00000000
-0.08411657 0.21290100 0.05116648 -0.82997887 0.55771500 -0.00940834 1.00000000
-0.08493852 0.21412900 0.05188495 -0.82783736 0.56029700 -0.02744658 1.00000000
-0.08511589 0.21382100 0.05087338 -0.83693311 0.54723300 0.00882911 1.00000000
-0.08649052 0.21540200 0.05369655 -0.30381628 -0.90778300 0.28918085 1.00000000
-0.08639862 0.21514700 0.05340230 -0.99356571 0.00718704 0.11302796 1.00000000
-0.08678268 0.21541200 0.05305268 -0.92907256 -0.32381600 0.17879146 1.00000000
-0.08683477 0.21515100 0.05285481 -0.88309917 -0.41709800 0.21485994 1.00000000
-0.08680721 0.21522800 0.05279687 -0.85398268 -0.48268600 0.19423812 1.00000000
-0.08620583 0.21491800 0.05284525 -0.72430818 -0.66087900 0.19651107 1.00000000
-0.08665567 0.21526700 0.05240256 -0.89790431 0.44015900 -0.00519851 1.00000000
-0.08648879 0.21444300 0.05208087 -0.70683357 0.70229500 -0.08466379 1.00000000
-0.08591634 0.21457500 0.05200957 -0.77669503 0.62808300 -0.04749990 1.00000000
-0.08619191 0.21473600 0.05191968 -0.78782617 0.61493800 -0.03435889 1.00000000
-0.08679788 0.21490500 0.05185568 -0.70571882 0.70543200 -0.06577869 1.00000000
-0.08415359 0.21467900 0.05246924 -0.55637948 -0.82075900 0.12960420 1.00000000
-0.08373119 0.21441700 0.05214911 -0.55114568 -0.82528900 0.12303401 1.00000000
-0.08498419 0.21381600 0.05023888 -0.81949710 0.57195200 0.03600215 1.00000000
-0.08666932 0.21500800 0.05153493 -0.80051486 0.59894800 -0.02089686 1.00000000
-0.08678710 0.21483100 0.05124387 -0.75114378 0.65891000 -0.04026985 1.00000000
-0.08671817 0.21463900 0.05102318 -0.78574635 0.61824900 -0.01928563 1.00000000
-0.08642127 0.21416600 0.05071024 -0.81816589 0.57493600 0.00731475 1.00000000
-0.08639213 0.21465400 0.05016101 -0.83162851 0.55473900 0.02567021 1.00000000
-0.08652224 0.21430300 0.05015238 -0.83723916 0.54591400 0.03176328 1.00000000
-0.08739762 0.21502200 0.05034358 -0.78518127 0.61924900 0.00463395 1.00000000
-0.08406914 0.21318400 0.05052808 -0.81864097 0.57428900 0.00433224 1.00000000
-0.08512192 0.21266600 0.05037651 -0.83780864 0.54519600 0.02893756 1.00000000
-0.08526737 0.21317800 0.05029526 -0.84604574 0.53194400 0.03525966 1.00000000
-0.08582894 0.21297200 0.04975475 -0.81072686 0.58379000 0.04372527 1.00000000
-0.08629560 0.21300700 0.04957886 -0.79340731 0.60633100 0.05354665 1.00000000
-0.08549230 0.21335300 0.05007387 -0.83080042 0.55495300 0.04239805 1.00000000
-0.09644227 0.21246500 0.05422240 0.02265848 0.97774000 -0.20859357 1.00000000
-0.09656269 0.21239500 0.05424507 0.02265848 0.97774000 -0.20859357 1.00000000
-0.09686662 0.21248000 0.05421308 0.09399338 0.99097700 -0.09554895 1.00000000
-0.09666679 0.21263900 0.05400098 0.01737670 0.97643300 -0.21512142 1.00000000
-0.09579494 0.21202800 0.05412367 0.03760508 0.93523900 -0.35201403 1.00000000
-0.09538164 0.21225000 0.05392405 0.02085691 0.88105400 -0.47255525 1.00000000
-0.09575819 0.21238500 0.05409707 0.03760508 0.93523900 -0.35201403 1.00000000
-0.09576884 0.21262300 0.05388820 0.03760508 0.93523900 -0.35201403 1.00000000
-0.09588672 0.21244500 0.05359715 0.03760508 0.93523900 -0.35201403 1.00000000
-0.09613160 0.21241300 0.05395632 0.06288056 0.97447300 -0.21552058 1.00000000
-0.09627235 0.21230000 0.05373882 0.06288056 0.97447300 -0.21552058 1.00000000
-0.09616668 0.21246600 0.05349153 0.04020177 0.93355100 -0.35618330 1.00000000
-0.09615288 0.21212100 0.05338673 0.04008070 0.93233500 -0.35936754 1.00000000
-0.09655191 0.21232100 0.05363327 0.04200744 0.97356000 -0.22453373 1.00000000
-0.09655366 0.21207300 0.05330390 0.04736880 0.97419200 -0.22069378 1.00000000
-0.09630897 0.21210500 0.05294475 0.04020177 0.93355100 -0.35618330 1.00000000
-0.09529904 0.21248000 0.05375033 0.02107325 0.88218800 -0.47042611 1.00000000
-0.09560207 0.21256500 0.05371828 0.04057786 0.93858200 -0.34266199 1.00000000
-0.09583158 0.21259900 0.05348136 0.03468725 0.93486000 -0.35331966 1.00000000
-0.09579022 0.21233100 0.05331862 0.02928340 0.90827700 -0.41734334 1.00000000
-0.09574887 0.21206300 0.05315578 0.01688805 0.86922600 -0.49412668 1.00000000
-0.09604875 0.21204000 0.05281006 0.02429109 0.88720600 -0.46073417 1.00000000
-0.09620799 0.21213100 0.05268185 0.04020177 0.93355100 -0.35618330 1.00000000
-0.09449098 0.21159700 0.05313677 0.41182534 0.68443200 0.60162514 1.00000000
-0.09499596 0.21179200 0.05280986 0.38430047 0.68254200 0.62165063 1.00000000
-0.09718108 0.21239100 0.05446350 0.12366054 0.98132700 -0.14732987 1.00000000
-0.09767875 0.21245700 0.05465923 0.12366054 0.98132700 -0.14732987 1.00000000
-0.09842832 0.21262000 0.05469147 0.12366054 0.98132700 -0.14732987 1.00000000
-0.09840125 0.21269700 0.05463356 0.12366054 0.98132700 -0.14732987 1.00000000
-0.09788569 0.21242700 0.05434868 0.12366054 0.98132700 -0.14732987 1.00000000
-0.09837084 0.21266600 0.05426197 0.12366054 0.98132700 -0.14732987 1.00000000
-0.09835195 0.21246200 0.05417276 0.12366054 0.98132700 -0.14732987 1.00000000
-0.09702995 0.21243000 0.05406922 0.09399338 0.99097700 -0.09554895 1.00000000
-0.09745695 0.21255200 0.05437363 0.12366054 0.98132700 -0.14732987 1.00000000
-0.09771393 0.21251000 0.05419455 0.12366054 0.98132700 -0.14732987 1.00000000
-0.09814903 0.21276200 0.05397637 0.12366054 0.98132700 -0.14732987 1.00000000
-0.09695593 0.21237900 0.05386412 0.09399338 0.99097700 -0.09554895 1.00000000
-0.09726396 0.21232300 0.05381648 0.12366054 0.98132700 -0.14732987 1.00000000
-0.09752094 0.21228100 0.05363739 0.12366054 0.98132700 -0.14732987 1.00000000
-0.09744792 0.21223000 0.05343246 0.12366054 0.98132700 -0.14732987 1.00000000
-0.09710312 0.21187700 0.05330174 0.12366054 0.98132700 -0.14732987 1.00000000
-0.09697147 0.21247600 0.05363966 0.09399338 0.99097700 -0.09554895 1.00000000
-0.09682034 0.21251500 0.05324528 0.06086216 0.97935500 -0.19276689 1.00000000
-0.09701583 0.21224800 0.05314363 0.09399338 0.99097700 -0.09554895 1.00000000
-0.09720548 0.21236900 0.05338691 0.12366054 0.98132700 -0.14732987 1.00000000
-0.09736472 0.21246000 0.05325870 0.12366054 0.98132700 -0.14732987 1.00000000
-0.09713655 0.21217800 0.05316633 0.12366054 0.98132700 -0.14732987 1.00000000
-0.09736980 0.21232000 0.05324312 0.12366054 0.98132700 -0.14732987 1.00000000
-0.09661181 0.21218900 0.05291268 0.02856457 0.92811400 -0.37119955 1.00000000
-0.09691065 0.21241400 0.05289638 0.06086216 0.97935500 -0.19276689 1.00000000
-0.09688942 0.21210300 0.05249345 0.06086216 0.97935500 -0.19276689 1.00000000
-0.09236614 0.20279400 0.04973592 0.93159210 -0.23005400 -0.28144348 1.00000000
-0.09224534 0.20363000 0.04986509 0.84244964 -0.44364500 -0.30570981 1.00000000
-0.09225609 0.20386800 0.04965613 0.85027106 -0.41921800 -0.31826888 1.00000000
-0.09138216 0.20366700 0.04928751 0.85201886 -0.35991000 -0.38016833 1.00000000
-0.09129946 0.20389700 0.04911378 0.85640284 -0.35305800 -0.37672885 1.00000000
-0.09178618 0.20372500 0.04951836 0.84710416 -0.41791800 -0.32826606 1.00000000
-0.09206624 0.20374600 0.04941274 0.84710416 -0.41791800 -0.32826606 1.00000000
-0.09229116 0.20392000 0.04919145 0.83789158 -0.44050600 -0.32232271 1.00000000
-0.09185957 0.20393800 0.04890265 0.85676565 -0.38259100 -0.34579707 1.00000000
-0.09212584 0.20361500 0.04869224 0.86091748 -0.36565400 -0.35371968 1.00000000
-0.09153367 0.20379000 0.04886105 0.86409982 -0.35263400 -0.35913937 1.00000000
-0.09302579 0.20398700 0.04944819 0.82562789 -0.47087500 -0.31083043 1.00000000
-0.09340683 0.20398200 0.04960558 0.81008742 -0.51259800 -0.28460972 1.00000000
-0.09398073 0.20436800 0.04949935 0.81404284 -0.49434800 -0.30488425 1.00000000
-0.09347709 0.20485400 0.04882797 0.87150791 -0.34458000 -0.34890950 1.00000000
-0.09262793 0.20337700 0.04969300 0.83085901 -0.46829100 -0.30062630 1.00000000
-0.09323390 0.20354700 0.04962899 0.81383532 -0.51363700 -0.27175083 1.00000000
-0.09259118 0.20373500 0.04966640 0.84022211 -0.44284700 -0.31291018 1.00000000
-0.09372823 0.20350500 0.04951094 0.78841961 -0.55357500 -0.26823239 1.00000000
-0.09337622 0.20395100 0.04923397 0.82194458 -0.47959100 -0.30724653 1.00000000
-0.09236927 0.20383100 0.04938079 0.83422563 -0.45367100 -0.31344838 1.00000000
-0.09252527 0.20381400 0.04893881 0.83528595 -0.44246000 -0.32638348 1.00000000
-0.09278854 0.20398600 0.04938716 0.82562789 -0.47087500 -0.31083043 1.00000000
-0.09251148 0.20346900 0.04883391 0.84635658 -0.41471800 -0.33420060 1.00000000
-0.09243032 0.20345100 0.04833090 0.84098358 -0.41982300 -0.34131356 1.00000000
-0.09264155 0.20328100 0.04800461 0.82877334 -0.44729500 -0.33624630 1.00000000
-0.09332094 0.20350100 0.04814566 0.83373382 -0.44041500 -0.33305121 1.00000000
-0.09339748 0.20382200 0.04784362 0.82898409 -0.44444800 -0.33948659 1.00000000
-0.09390248 0.20385500 0.04833747 0.82205085 -0.46382500 -0.33030090 1.00000000
-0.09380610 0.20450600 0.04821072 0.83010359 -0.45215000 -0.32632548 1.00000000
-0.09414130 0.20437400 0.04822089 0.83072219 -0.45532300 -0.32028478 1.00000000
-0.09398506 0.20378700 0.04769043 0.81123699 -0.48194200 -0.33109807 1.00000000
-0.09435242 0.20420300 0.04789479 0.81718178 -0.47665000 -0.32406579 1.00000000
-0.09319096 0.20461800 0.04830597 0.85753683 -0.37866800 -0.34819605 1.00000000
-0.09394841 0.20414500 0.04766384 0.81562130 -0.47469600 -0.33079610 1.00000000
-0.09454519 0.20459500 0.04763117 0.69760213 -0.68845700 -0.19844153 1.00000000
-0.09467990 0.20487000 0.04775868 0.42465173 -0.90518500 0.01765397 1.00000000
-0.09447636 0.20440400 0.04741049 -0.32471633 -0.87331000 0.36316468 1.00000000
-0.09464613 0.20396500 0.04692155 -0.42675362 -0.83033000 0.35837527 1.00000000
-0.09447781 0.20415600 0.04708110 -0.38196424 -0.84615700 0.37164709 1.00000000
-0.09062911 0.20279200 0.04796896 0.19247981 -0.97175900 -0.13651226 1.00000000
-0.09232774 0.20312200 0.04742486 0.82294400 -0.43922800 -0.36033527 1.00000000
-0.09311886 0.20355300 0.04761985 0.81784692 -0.46097000 -0.34443334 1.00000000
-0.09281893 0.20297200 0.04699304 -0.05617751 -0.98342900 0.17236770 1.00000000
-0.09362384 0.20374800 0.04729294 0.79568434 -0.51728800 -0.31511796 1.00000000
-0.09383797 0.20308200 0.04630798 -0.42852987 -0.82284900 0.37320433 1.00000000
-0.09416398 0.20323000 0.04634949 -0.43416071 -0.81569400 0.38229285 1.00000000
-0.09408125 0.20269400 0.04602410 -0.43506066 -0.80667700 0.39999224 1.00000000
-0.09378436 0.20222100 0.04571105 -0.43506066 -0.80667700 0.39999224 1.00000000
-0.09371101 0.20354000 0.04663028 -0.39126492 -0.84735000 0.35904124 1.00000000
-0.09385635 0.20328600 0.04639716 -0.43721034 -0.82564800 0.35658307 1.00000000
-0.09390385 0.20316600 0.04621490 -0.43416071 -0.81569400 0.38229285 1.00000000
-0.09409505 0.20303900 0.04612890 -0.43506066 -0.80667700 0.39999224 1.00000000
-0.09397109 0.20300100 0.04579244 -0.43506066 -0.80667700 0.39999224 1.00000000
-0.09425114 0.20302200 0.04568692 -0.43506066 -0.80667700 0.39999224 1.00000000
-0.09392973 0.20273300 0.04562969 -0.43506066 -0.80667700 0.39999224 1.00000000
-0.09363283 0.20226000 0.04531664 -0.43506066 -0.80667700 0.39999224 1.00000000
-0.09440714 0.20300500 0.04524484 -0.43506066 -0.80667700 0.39999224 1.00000000
-0.09500086 0.20258200 0.04474665 -0.52500016 -0.72844200 0.44016677 1.00000000
-0.09489069 0.20288900 0.04451509 -0.54344787 -0.70867900 0.44993196 1.00000000
-0.09497788 0.20251800 0.04467309 -0.54344787 -0.70867900 0.44993196 1.00000000
-0.09486772 0.20282500 0.04444143 -0.53215864 -0.70307800 0.47168733 1.00000000
-0.08337731 0.20067000 0.05275211 0.86825650 0.34582000 -0.35572525 1.00000000
-0.08421767 0.20194000 0.05438053 0.69049466 0.66730000 -0.27915440 1.00000000
-0.08447477 0.20266300 0.05435312 0.67820439 0.68010300 -0.27838588 1.00000000
-0.08410445 0.20213900 0.05383521 0.69049466 0.66730000 -0.27915440 1.00000000
-0.08430485 0.20249800 0.05386963 0.67820439 0.68010300 -0.27838588 1.00000000
-0.08395740 0.20127200 0.05327341 0.80677603 0.48918500 -0.33137769 1.00000000
-0.08373694 0.20111900 0.05265832 0.85005155 0.40750700 -0.33369154 1.00000000
-0.08427253 0.20134600 0.05270311 0.75661625 0.55653300 -0.34322426 1.00000000
-0.08450364 0.20173500 0.05310924 0.73357167 0.58623900 -0.34379732 1.00000000
-0.08684355 0.20289000 0.05300888 0.47669597 0.65397900 -0.58742772 1.00000000
-0.08583818 0.20328800 0.05297808 0.57680179 0.76230400 -0.29358496 1.00000000
-0.08603553 0.20353900 0.05269885 0.54123990 0.77059200 -0.33652278 1.00000000
-0.08628812 0.20363700 0.05253540 0.50098870 0.78893400 -0.35579931 1.00000000
-0.08639814 0.20272600 0.05179453 0.47367477 0.59491100 -0.64939401 1.00000000
-0.08564514 0.20245500 0.05144850 0.44883469 0.61367200 -0.64957916 1.00000000
-0.08581807 0.20289100 0.05142509 0.51371088 0.66128700 -0.54662533 1.00000000
-0.08571247 0.20229100 0.05102604 0.44872915 0.56910400 -0.68903105 1.00000000
-0.08596656 0.20274400 0.05150573 0.51235598 0.60404500 -0.61042607 1.00000000
-0.08615483 0.20327600 0.05125774 0.48845126 0.73149400 -0.47574287 1.00000000
-0.08654810 0.20309800 0.05169755 0.47742265 0.59510100 -0.64646984 1.00000000
-0.08658632 0.20325800 0.05154653 0.45201556 0.72012100 -0.52640980 1.00000000
-0.08670419 0.20308100 0.05125557 0.47644158 0.48903800 -0.73064702 1.00000000
-0.08547982 0.20215000 0.05094930 0.45953636 0.53105200 -0.71190593 1.00000000
-0.08316208 0.20246600 0.05765295 0.75517782 0.62578800 -0.19517955 1.00000000
-0.08320958 0.20234600 0.05747059 0.73415048 0.64120600 -0.22333374 1.00000000
-0.08332735 0.20216900 0.05717963 0.71234342 0.66217600 -0.23257294 1.00000000
-0.08452718 0.20344700 0.05692097 0.65067853 0.71625700 -0.25217656 1.00000000
-0.08456394 0.20216000 0.05761647 0.70501542 0.67025600 -0.23175496 1.00000000
-0.08456236 0.20257100 0.05712518 0.68977110 0.67502600 -0.26183209 1.00000000
-0.08444749 0.20225200 0.05675737 0.68977110 0.67502600 -0.26183209 1.00000000
-0.08366257 0.20280200 0.05734167 0.69992247 0.67451700 -0.23480757 1.00000000
-0.08367321 0.20303900 0.05713280 0.70005166 0.67184400 -0.24197760 1.00000000
-0.08364563 0.20235000 0.05692310 0.68977110 0.67502600 -0.26183209 1.00000000
-0.08346047 0.20208800 0.05666409 0.69280743 0.67183600 -0.26201920 1.00000000
-0.08424713 0.20342600 0.05702648 0.67745995 0.68227500 -0.27486206 1.00000000
-0.08477967 0.20354400 0.05675751 0.65067853 0.71625700 -0.25217656 1.00000000
-0.08467254 0.20395900 0.05683961 0.64734092 0.70646100 -0.28611610 1.00000000
-0.08419960 0.20370900 0.05638807 0.65067853 0.71625700 -0.25217656 1.00000000
-0.08513617 0.20295700 0.05701885 0.65067853 0.71625700 -0.25217656 1.00000000
-0.08545304 0.20491900 0.05739523 0.63369640 0.72817900 -0.26112024 1.00000000
-0.08504596 0.20398700 0.05669886 0.64734092 0.70646100 -0.28611610 1.00000000
-0.08558614 0.20407200 0.05672793 0.64770577 0.70152300 -0.29722381 1.00000000
-0.08549895 0.20444300 0.05656983 0.64982289 0.70551200 -0.28281361 1.00000000
-0.08538865 0.20398400 0.05618650 0.67511718 0.68058600 -0.28463963 1.00000000
-0.08544381 0.20459600 0.05645405 0.64982289 0.70551200 -0.28281361 1.00000000
-0.08533823 0.20476300 0.05620687 0.63385637 0.73524100 -0.24009910 1.00000000
-0.08531985 0.20455900 0.05611759 0.67893541 0.67519400 -0.28837420 1.00000000
-0.08546823 0.20441200 0.05619822 0.67893541 0.67519400 -0.28837420 1.00000000
-0.08516819 0.20383200 0.05557151 0.67820439 0.68010300 -0.27838588 1.00000000
-0.08517883 0.20330300 0.05521078 0.67820439 0.68010300 -0.27838588 1.00000000
-0.08434636 0.20337000 0.05500491 0.67820439 0.68010300 -0.27838588 1.00000000
-0.08548043 0.20440100 0.05565998 0.67511718 0.68058600 -0.28463963 1.00000000
-0.08528914 0.20452800 0.05574598 0.67893541 0.67519400 -0.28837420 1.00000000
-0.08560896 0.20446100 0.05516006 0.67820439 0.68010300 -0.27838588 1.00000000
-0.08516515 0.20372400 0.05525775 0.67820439 0.68010300 -0.27838588 1.00000000
-0.08510082 0.20339200 0.05502144 0.67820439 0.68010300 -0.27838588 1.00000000
-0.08536251 0.20397500 0.05497851 0.67820439 0.68010300 -0.27838588 1.00000000
-0.08711342 0.20525100 0.05618149 0.21267618 0.97690600 -0.02057089 1.00000000
-0.08739483 0.20502400 0.05574648 0.15580986 0.98631700 -0.05387221 1.00000000
-0.08663114 0.20467800 0.05478866 0.50251179 0.81978500 -0.27465279 1.00000000
-0.08708715 0.20447600 0.05482173 0.37475236 0.90542200 -0.19942799 1.00000000
-0.08510842 0.20352200 0.05449882 0.67820439 0.68010300 -0.27838588 1.00000000
-0.08854249 0.20519300 0.05456151 0.02790655 0.98730400 0.15636922 1.00000000
-0.08817363 0.20442100 0.05371411 0.07434853 0.99573300 -0.05466692 1.00000000
-0.08697095 0.20517100 0.05493508 0.44054342 0.87750400 -0.18949338 1.00000000
-0.08736723 0.20526300 0.05486788 0.33930730 0.93415600 -0.11056136 1.00000000
-0.08711314 0.20481000 0.05438829 0.40063595 0.89617800 -0.19066944 1.00000000
-0.08790422 0.20463800 0.05361076 0.24288128 0.94132400 -0.23434719 1.00000000
-0.09056563 0.21177000 0.05298866 -0.46370978 0.43163800 -0.77373216 1.00000000
-0.09120994 0.21193700 0.05359439 -0.17528374 0.54439400 -0.82031117 1.00000000
-0.09100787 0.21198900 0.05306859 -0.38461822 0.33330800 -0.86079854 1.00000000
-0.09046914 0.21165500 0.05271013 -0.50891642 0.39376900 -0.76547377 1.00000000
-0.09081039 0.21190000 0.05252716 -0.47553955 0.32155100 -0.81882090 1.00000000
-0.09102161 0.21173000 0.05220096 -0.49437899 0.19302400 -0.84754454 1.00000000
-0.08983715 0.21131500 0.05238692 -0.61123073 0.66736700 -0.42546300 1.00000000
-0.09077361 0.21149200 0.05234879 -0.53001926 0.23549100 -0.81463089 1.00000000
-0.09087311 0.21111000 0.05196855 -0.55334751 0.24467600 -0.79620401 1.00000000
-0.09077659 0.21023000 0.05153826 -0.61962480 0.11878000 -0.77585877 1.00000000
-0.08997937 0.21171900 0.05199179 -0.59890291 0.70740100 -0.37536569 1.00000000
-0.09057928 0.21151100 0.05212103 -0.53424879 0.32734400 -0.77937467 1.00000000
-0.09159555 0.21195400 0.05291540 -0.31133614 0.36850000 -0.87594407 1.00000000
-0.09163995 0.21233000 0.05339190 -0.10915788 0.62494600 -0.77299845 1.00000000
-0.09192001 0.21235000 0.05328639 -0.07632050 0.64726300 -0.75843722 1.00000000
-0.09163222 0.21236200 0.05309376 -0.12164533 0.61254400 -0.78102029 1.00000000
-0.09153580 0.21148200 0.05266347 -0.34282900 0.35041600 -0.87159500 1.00000000
-0.09146698 0.21129100 0.05244279 -0.39977696 0.30018800 -0.86606334 1.00000000
-0.09140580 0.21183300 0.05267202 -0.36332320 0.35419700 -0.86170821 1.00000000
-0.09148067 0.21163500 0.05254769 -0.35837918 0.33932100 -0.86972775 1.00000000
-0.09126336 0.21159100 0.05224637 -0.44399518 0.23826100 -0.86377045 1.00000000
-0.09137797 0.21054000 0.05148987 -0.53963474 0.17928200 -0.82258890 1.00000000
-0.09143006 0.21027900 0.05129190 -0.57272558 0.10189000 -0.81339091 1.00000000
-0.09125401 0.21050200 0.05115341 -0.59863981 0.17909300 -0.78074051 1.00000000
-0.09115461 0.21088300 0.05153365 -0.54686233 0.21680900 -0.80866257 1.00000000
-0.09101990 0.21060800 0.05140605 -0.61265776 0.22759800 -0.75686753 1.00000000
-0.09094639 0.21055800 0.05120098 -0.61304820 0.20364400 -0.76334804 1.00000000
-0.09207741 0.21148200 0.05154240 -0.41318508 0.19904600 -0.88862733 1.00000000
-0.09220435 0.21025800 0.05106833 -0.47293181 0.12220000 -0.87258331 1.00000000
-0.09056531 0.20810200 0.05140906 -0.76643381 0.21294200 -0.60599863 1.00000000
-0.09062191 0.20846600 0.05134722 -0.70151814 0.14296800 -0.69816329 1.00000000
-0.09040001 0.20856200 0.05106162 -0.68757832 0.15583700 -0.70919020 1.00000000
-0.09072144 0.20961700 0.05127061 -0.62763210 0.10006200 -0.77205275 1.00000000
-0.09025466 0.20881600 0.05129474 -0.69146433 0.11687400 -0.71289370 1.00000000
-0.09071224 0.20913200 0.05115009 -0.65329914 0.12596500 -0.74654747 1.00000000
-0.09113003 0.20876900 0.05133408 -0.62575550 0.12184600 -0.77044349 1.00000000
-0.09132739 0.20902000 0.05105484 -0.62590396 0.10954400 -0.77216836 1.00000000
-0.09088202 0.20946000 0.05081301 -0.62763210 0.10006200 -0.77205275 1.00000000
-0.09114066 0.20916900 0.05030446 -0.64919538 0.15167200 -0.74534598 1.00000000
-0.08938242 0.20989900 0.05090027 -0.53389892 0.16630800 -0.82903136 1.00000000
-0.09041538 0.21019100 0.05114067 -0.57887924 0.12064100 -0.80643939 1.00000000
-0.09055614 0.21007800 0.05092317 -0.59166371 0.13052900 -0.79554858 1.00000000
-0.08994558 0.21004900 0.05100280 -0.59887753 0.19957900 -0.77557275 1.00000000
-0.09027304 0.20994900 0.05071502 -0.60193131 0.17924100 -0.77817209 1.00000000
-0.09062651 0.21002100 0.05081447 -0.59166371 0.13052900 -0.79554858 1.00000000
-0.09028683 0.21029400 0.05081993 -0.56393245 0.16792700 -0.80856659 1.00000000
-0.09055759 0.20983000 0.05059378 -0.64573129 0.15451400 -0.74776697 1.00000000
-0.08916511 0.20985500 0.05059894 -0.45744352 0.11238800 -0.88210757 1.00000000
-0.09030522 0.21049800 0.05090901 -0.54334757 0.15681500 -0.82473164 1.00000000
-0.09007400 0.21010900 0.05050297 -0.57731743 0.18468300 -0.79535979 1.00000000
-0.09116220 0.21024700 0.05085927 -0.61825421 0.13750900 -0.77385563 1.00000000
-0.09098917 0.20981100 0.05088268 -0.62905654 0.10962100 -0.76959151 1.00000000
-0.09085458 0.21030300 0.05090684 -0.61401294 0.13418000 -0.77780694 1.00000000
-0.09080547 0.20930200 0.05029419 -0.66381885 0.13904300 -0.73485514 1.00000000
-0.09728396 0.20074100 0.05555491 -0.06009923 0.45719900 -0.88733204 1.00000000
-0.09793912 0.20114500 0.05595179 0.01854537 0.46743100 -0.88383537 1.00000000
-0.09784722 0.20089000 0.05565755 -0.01132030 0.45045300 -0.89272827 1.00000000
-0.09677250 0.20033000 0.05525427 -0.11767285 0.42963800 -0.89530140 1.00000000
-0.09783927 0.20015700 0.05520762 -0.02996237 0.40898400 -0.91204909 1.00000000
-0.09750418 0.20028900 0.05519736 -0.05632768 0.41516600 -0.90799981 1.00000000
-0.09798932 0.20052900 0.05511065 -0.03348126 0.45185700 -0.89146196 1.00000000
-0.09790151 0.20013300 0.05480085 -0.02514907 0.39713100 -0.91741728 1.00000000
-0.09784638 0.20028700 0.05468497 -0.04332232 0.41055800 -0.91080457 1.00000000
-0.09787392 0.19944400 0.05459114 -0.03074507 0.26587700 -0.96351690 1.00000000
-0.09776465 0.19975100 0.05435955 -0.04477343 0.29969500 -0.95298405 1.00000000
-0.09752730 0.19975000 0.05429851 -0.06928311 0.31325200 -0.94713962 1.00000000
-0.09639140 0.19803700 0.05464159 -0.18942943 -0.04646050 -0.98079444 1.00000000
-0.09761233 0.19886100 0.05463408 -0.06801568 0.03120330 -0.99719663 1.00000000
-0.09688207 0.19881600 0.05354095 -0.16049416 0.04767940 -0.98588467 1.00000000
-0.09726312 0.19881100 0.05369824 -0.14743130 0.02914900 -0.98864229 1.00000000
-0.09775495 0.19926500 0.05423909 -0.05995229 0.17938200 -0.98195104 1.00000000
-0.09780265 0.19914500 0.05405685 -0.05378935 0.14454300 -0.98803514 1.00000000
-0.09776588 0.19873600 0.05387838 -0.07407495 0.03348330 -0.99669001 1.00000000
-0.09763673 0.19883900 0.05355760 -0.10279406 0.10042900 -0.98961998 1.00000000
-0.09734584 0.19934700 0.05402382 -0.10198996 0.20606800 -0.97320833 1.00000000
-0.09689301 0.19828700 0.05318024 -0.19101255 -0.01880530 -0.98140758 1.00000000
-0.09685910 0.19875300 0.05346739 -0.16883963 0.03641640 -0.98497020 1.00000000
-0.09745753 0.19895500 0.05310524 -0.11789577 0.14708000 -0.98207314 1.00000000
-0.09641422 0.19842600 0.05307372 -0.19318158 -0.01437760 -0.98105797 1.00000000
-0.09641107 0.19831900 0.05276006 -0.19992706 -0.00996765 -0.97976007 1.00000000
-0.09672224 0.19837000 0.05302618 -0.18402599 -0.02094130 -0.98269811 1.00000000
-0.09687814 0.19835300 0.05258409 -0.18186421 -0.02315040 -0.98305123 1.00000000
-0.09720814 0.19836100 0.05260994 -0.15845904 -0.02491800 -0.98705098 1.00000000
-0.09657635 0.19802100 0.05228674 -0.21041395 -0.05445470 -0.97609416 1.00000000
-0.09715815 0.20095100 0.05554780 -0.06254086 0.46243100 -0.88444655 1.00000000
-0.09760403 0.20127800 0.05594153 -0.02459887 0.46470900 -0.88512218 1.00000000
-0.09771806 0.20099300 0.05533676 -0.03846132 0.46258300 -0.88574141 1.00000000
-0.09799802 0.20101400 0.05523114 -0.03509649 0.47651800 -0.87846440 1.00000000
-0.09697943 0.20030100 0.05494382 -0.11777569 0.41987100 -0.89990930 1.00000000
-0.09723132 0.20039800 0.05478032 -0.09845152 0.42275700 -0.90087901 1.00000000
-0.09753935 0.20034200 0.05473268 -0.07232899 0.39951300 -0.91386988 1.00000000
-0.09744235 0.20022800 0.05445412 -0.09395617 0.36697400 -0.92547414 1.00000000
-0.09692042 0.19853600 0.05159675 -0.16269901 0.11096200 -0.98041636 1.00000000
-0.09674456 0.19875900 0.05145828 -0.15413044 0.25326000 -0.95504148 1.00000000
-0.10064797 0.20154000 0.05639521 0.17497745 0.82632100 -0.53532765 1.00000000
-0.10170348 0.20205800 0.05588849 0.14845742 0.83990800 -0.52202960 1.00000000
-0.10136330 0.20233100 0.05589381 0.15168208 0.83636700 -0.52676558 1.00000000
-0.10129945 0.20199900 0.05565764 0.16852502 0.84246900 -0.51170871 1.00000000
-0.10023015 0.20113700 0.05605946 0.18531151 0.83528900 -0.51764003 1.00000000
-0.09974341 0.20054200 0.05550312 0.26253292 0.79948800 -0.54027346 1.00000000
-0.09863780 0.20071800 0.05487998 0.01587011 0.51844300 -0.85496472 1.00000000
-0.10005839 0.20121900 0.05590533 0.19209542 0.83229200 -0.51999009 1.00000000
-0.09974802 0.20116800 0.05563926 0.16704665 0.79083500 -0.58879162 1.00000000
-0.10002798 0.20118900 0.05553364 0.19600034 0.82981400 -0.52248670 1.00000000
-0.09822329 0.19889000 0.05455448 0.00515562 0.17386700 -0.98475566 1.00000000
-0.09881588 0.19948000 0.05453746 0.11059949 0.48683000 -0.86646657 1.00000000
-0.09974130 0.19942000 0.05470817 0.31936106 0.78586600 -0.52955004 1.00000000
-0.09966478 0.19986600 0.05516197 0.30187731 0.79751600 -0.52233852 1.00000000
-0.09875617 0.20054000 0.05458906 0.03195504 0.53413000 -0.84479817 1.00000000
-0.09871431 0.20027300 0.05442628 0.06412824 0.51143100 -0.85692780 1.00000000
-0.09815388 0.19946500 0.05448552 0.00476243 0.29217200 -0.95635372 1.00000000
-0.09843484 0.19948500 0.05438007 0.03439338 0.31784100 -0.94751975 1.00000000
-0.09839298 0.19921700 0.05421729 0.03319439 0.30198900 -0.95273340 1.00000000
-0.09861831 0.20015800 0.05414779 0.04692550 0.48914100 -0.87094134 1.00000000
-0.09857645 0.19989000 0.05398501 0.03045446 0.47044500 -0.88190413 1.00000000
-0.09976145 0.20014300 0.05461975 0.26877696 0.81363100 -0.51552255 1.00000000
-0.09945343 0.20019900 0.05466740 0.22630087 0.76690300 -0.60053937 1.00000000
-0.09899475 0.19952700 0.05416893 0.15603223 0.57482200 -0.80326499 1.00000000
-0.09894371 0.19954000 0.05403750 0.14834563 0.57136400 -0.80717855 1.00000000
-0.09952995 0.19975300 0.05421360 0.31936106 0.78586600 -0.52955004 1.00000000
-0.09876042 0.19979600 0.05360090 0.06289677 0.49223500 -0.86818764 1.00000000
-0.09909551 0.19966400 0.05361116 0.17663794 0.65833700 -0.73170407 1.00000000
-0.10051011 0.20115800 0.05595394 0.17856661 0.83821500 -0.51527663 1.00000000
-0.10007182 0.20019400 0.05488582 0.25809455 0.81906600 -0.51236436 1.00000000
-0.10015204 0.20122600 0.05587011 0.19209542 0.83229200 -0.51999009 1.00000000
-0.10038605 0.20112000 0.05561747 0.19209542 0.83229200 -0.51999009 1.00000000
-0.09992637 0.20044800 0.05511893 0.25880199 0.81571200 -0.51733507 1.00000000
-0.10034259 0.20049600 0.05481154 0.21961098 0.82187200 -0.52563962 1.00000000
-0.10058121 0.20101500 0.05469504 0.19600034 0.82981400 -0.52248670 1.00000000
-0.10124380 0.20138700 0.05538995 0.17233073 0.84233700 -0.51065699 1.00000000
-0.10088164 0.20159600 0.05532188 0.17233073 0.84233700 -0.51065699 1.00000000
-0.10083569 0.20146800 0.05517476 0.17856661 0.83821500 -0.51527663 1.00000000
-0.10094102 0.20069800 0.05444950 0.18528684 0.83308000 -0.52119682 1.00000000
-0.10071672 0.20129000 0.05482270 0.18239722 0.83584700 -0.51777511 1.00000000
-0.10125775 0.20112800 0.05452235 0.17856661 0.83821500 -0.51527663 1.00000000
-0.10093641 0.20007300 0.05431336 0.18919982 0.83508100 -0.51656797 1.00000000
-0.10098236 0.20020000 0.05446048 0.19600034 0.82981400 -0.52248670 1.00000000
-0.10086748 0.19988200 0.05409277 0.20288581 0.83341500 -0.51405804 1.00000000
-0.10119339 0.20003000 0.05413427 0.18528684 0.83308000 -0.52119682 1.00000000
-0.09999955 0.19989600 0.05435145 0.26941411 0.81489900 -0.51318196 1.00000000
-0.10048469 0.20013500 0.05426475 0.21667689 0.83156500 -0.51142007 1.00000000
-0.10027950 0.19991700 0.05424593 0.25809455 0.81906600 -0.51236436 1.00000000
-0.10046681 0.19993100 0.05417560 0.24811556 0.82332200 -0.51046975 1.00000000
-0.09825512 0.19883500 0.05377602 -0.02131475 0.13901200 -0.99006146 1.00000000
-0.09817292 0.19906500 0.05360233 -0.00798040 0.21023600 -0.97761854 1.00000000
-0.09821044 0.19922600 0.05345126 0.00023436 0.26124600 -0.96527233 1.00000000
-0.09776890 0.19900700 0.05337138 -0.08286681 0.17573100 -0.98094431 1.00000000
-0.09778853 0.19896300 0.05313126 -0.07802896 0.20959700 -0.97466940 1.00000000
-0.09832881 0.19904800 0.05316034 0.00855861 0.26603400 -0.96392593 1.00000000
-0.09901613 0.19923500 0.05359945 0.18219316 0.56048100 -0.80787750 1.00000000
-0.09938874 0.19926300 0.05345864 0.32760618 0.77517900 -0.54015872 1.00000000
-0.09879258 0.19957900 0.05364312 0.10497028 0.50099100 -0.85906318 1.00000000
-0.09872365 0.19938800 0.05342253 0.10945074 0.51023400 -0.85304220 1.00000000
-0.09930654 0.19949400 0.05328495 0.30216981 0.78252200 -0.54438233 1.00000000
-0.09890252 0.19943500 0.05305400 0.15385430 0.63572400 -0.75642780 1.00000000
-0.09946243 0.19947700 0.05284296 0.30921858 0.79095500 -0.52798995 1.00000000
-0.09974239 0.19949800 0.05273734 0.27603157 0.80515100 -0.52491693 1.00000000
-0.10009637 0.19956900 0.05283682 0.25809455 0.81906600 -0.51236436 1.00000000
-0.10161121 0.20043300 0.05447003 0.17856661 0.83821500 -0.51527663 1.00000000
-0.10264757 0.20022900 0.05405169 0.17199657 0.85364700 -0.49163351 1.00000000
-0.10283721 0.20035000 0.05429507 0.16871987 0.86488700 -0.47276219 1.00000000
-0.10149633 0.20011500 0.05410222 0.17899147 0.83511200 -0.52014459 1.00000000
-0.10166984 0.19978400 0.05392708 0.17899147 0.83511200 -0.52014459 1.00000000
-0.10177629 0.20013600 0.05399670 0.17856661 0.83821500 -0.51527663 1.00000000
-0.10210219 0.20028400 0.05403830 0.17863359 0.84465900 -0.50462082 1.00000000
-0.10155039 0.20037200 0.05372675 0.18239722 0.83584700 -0.51777511 1.00000000
-0.10172115 0.20028900 0.05388091 0.17856661 0.83821500 -0.51527663 1.00000000
-0.10197404 0.20038700 0.05371749 0.17863359 0.84465900 -0.50462082 1.00000000
-0.10159709 0.20025100 0.05354444 0.17899147 0.83511200 -0.52014459 1.00000000
-0.10229995 0.20053500 0.05375899 0.17578000 0.85147300 -0.49406056 1.00000000
-0.10256436 0.20045900 0.05387803 0.17199657 0.85364700 -0.49163351 1.00000000
-0.10276212 0.20071000 0.05359872 0.16542182 0.86614600 -0.47162073 1.00000000
-0.10205517 0.20056700 0.05339983 0.17528367 0.84606000 -0.50344669 1.00000000
-0.10309010 0.20044800 0.05413164 0.17864740 0.86682500 -0.46550941 1.00000000
-0.10339713 0.20039200 0.05408393 0.14298001 0.87193500 -0.46827907 1.00000000
-0.10296604 0.20041000 0.05379517 0.16585393 0.86923300 -0.46575456 1.00000000
-0.10329195 0.20055900 0.05383678 0.14298001 0.87193500 -0.46827907 1.00000000
-0.10365411 0.20034900 0.05390485 0.16256551 0.87419600 -0.45755191 1.00000000
-0.10291090 0.20056400 0.05367939 0.15884572 0.86670300 -0.47285758 1.00000000
-0.10314316 0.20070500 0.05375611 0.15271177 0.86840100 -0.47176139 1.00000000
-0.10304207 0.20073100 0.05349320 0.16585393 0.86923300 -0.46575456 1.00000000
-0.10337717 0.20059900 0.05350347 0.13654946 0.87421000 -0.46595046 1.00000000
-0.09836594 0.20082600 0.05446301 -0.02788160 0.51101300 -0.85912043 1.00000000
-0.09844481 0.20048900 0.05432293 0.00797837 0.48640100 -0.87369949 1.00000000
-0.09840855 0.20084600 0.05429636 -0.02788160 0.51101300 -0.85912043 1.00000000
-0.09849425 0.20012000 0.05381132 0.02634959 0.49839500 -0.86654902 1.00000000
-0.09832074 0.20045100 0.05398646 -0.00625964 0.49079500 -0.87125246 1.00000000
-0.09785114 0.20030900 0.05384870 -0.05694616 0.47092900 -0.88033106 1.00000000
-0.09846385 0.20008900 0.05343963 0.01159127 0.49743400 -0.86742499 1.00000000
-0.09884790 0.20035500 0.05309002 0.05560148 0.60919200 -0.79107179 1.00000000
-0.09868480 0.19939000 0.05275275 0.12485128 0.53740500 -0.83403128 1.00000000
-0.09907221 0.19976300 0.05271682 0.16348945 0.72175500 -0.67256295 1.00000000
-0.09824628 0.19944100 0.05216587 0.02108606 0.41627700 -0.90899387 1.00000000
-0.09905841 0.19941800 0.05261201 0.22843387 0.73090400 -0.64311629 1.00000000
-0.09983270 0.19939700 0.05238845 0.26597825 0.80969700 -0.52311141 1.00000000
-0.09975050 0.19962700 0.05221476 0.25809455 0.81906600 -0.51236436 1.00000000
-0.09921431 0.19940100 0.05217002 0.29468356 0.79909800 -0.52402679 1.00000000
-0.09955274 0.19937600 0.05249407 0.28316988 0.80371100 -0.52332005 1.00000000
-0.09992635 0.19940400 0.05235333 0.25809455 0.81906600 -0.51236436 1.00000000
-0.10036554 0.19951600 0.05211950 0.20288581 0.83341500 -0.51405804 1.00000000
-0.10005518 0.19946400 0.05185343 0.21667689 0.83156500 -0.51142007 1.00000000
-0.10041325 0.19939500 0.05193716 0.20579179 0.83719100 -0.50671519 1.00000000
-0.09998625 0.19927300 0.05163275 0.21606750 0.83905700 -0.49929805 1.00000000
-0.09988751 0.19940600 0.05168355 0.21606750 0.83905700 -0.49929805 1.00000000
-0.10107886 0.20003600 0.05212507 0.18924711 0.84374700 -0.50227211 1.00000000
-0.09761198 0.19797900 0.05104770 -0.18619339 -0.15548800 -0.97013144 1.00000000
-0.09153961 0.20536700 0.06027360 0.26338197 0.86464300 -0.42780964 1.00000000
-0.09181957 0.20538700 0.06016798 0.27272214 0.86626100 -0.41858659 1.00000000
-0.09252662 0.20553100 0.06036688 0.26974406 0.86886200 -0.41511065 1.00000000
-0.09215476 0.20525500 0.06017825 0.26974406 0.86886200 -0.41511065 1.00000000
-0.09219297 0.20541500 0.06002733 0.27660615 0.86755800 -0.41331922 1.00000000
-0.09259710 0.20547400 0.06025819 0.28292911 0.86516200 -0.41405961 1.00000000
-0.09261378 0.20532300 0.05970432 0.29726554 0.86333900 -0.40777158 1.00000000
-0.09188535 0.20547100 0.06007490 0.27958935 0.86493500 -0.41679352 1.00000000
-0.09166814 0.20542600 0.05977368 0.27958935 0.86493500 -0.41679352 1.00000000
-0.09228319 0.20531500 0.05967833 0.29314511 0.86394900 -0.40946008 1.00000000
-0.09192666 0.20513600 0.05926522 0.28272978 0.86696500 -0.41040813 1.00000000
-0.09174571 0.20352600 0.05704553 -0.05358987 0.87486700 -0.48138853 1.00000000
-0.09471371 0.20664800 0.06184303 0.25888585 0.87688300 -0.40503580 1.00000000
-0.09370363 0.20642000 0.06167608 0.27362208 0.86365600 -0.42335412 1.00000000
-0.09352912 0.20639500 0.06120822 0.27502055 0.84621300 -0.45638453 1.00000000
-0.09366987 0.20628200 0.06099072 0.29891395 0.84821900 -0.43723474 1.00000000
-0.09357807 0.20602700 0.06069657 0.31121428 0.85368700 -0.41756918 1.00000000
-0.09397435 0.20611800 0.06062938 0.31203884 0.85284300 -0.41867576 1.00000000
-0.09348761 0.20552400 0.06007294 0.29726554 0.86333900 -0.40777158 1.00000000
-0.09296896 0.20575000 0.06044682 0.28292911 0.86516200 -0.41405961 1.00000000
-0.09318009 0.20558000 0.06012062 0.29726554 0.86333900 -0.40777158 1.00000000
-0.09408909 0.20583300 0.06002456 0.29726554 0.86333900 -0.40777158 1.00000000
-0.09490473 0.20608000 0.05996384 0.31516674 0.85486200 -0.41216721 1.00000000
-0.09481293 0.20582500 0.05966959 0.30336608 0.86262100 -0.40478873 1.00000000
-0.09496892 0.20580900 0.05922761 0.30382844 0.85897600 -0.41212717 1.00000000
-0.09495513 0.20546400 0.05912271 0.29392381 0.86316800 -0.41054845 1.00000000
-0.09539118 0.20546800 0.05857521 0.28776629 0.85030300 -0.44065312 1.00000000
-0.09473023 0.20605600 0.05949587 0.30336608 0.86262100 -0.40478873 1.00000000
-0.09496578 0.20570100 0.05891385 0.29434764 0.85949100 -0.41789325 1.00000000
-0.09516628 0.20606000 0.05894837 0.30382844 0.85897600 -0.41212717 1.00000000
-0.09512187 0.20568400 0.05847187 0.28776629 0.85030300 -0.44065312 1.00000000
-0.09365574 0.20412600 0.05796843 0.30093492 0.82088700 -0.48536919 1.00000000
-0.09353168 0.20408900 0.05763196 0.30794980 0.80661000 -0.50452632 1.00000000
-0.09226157 0.20379600 0.05733043 0.13933477 0.87002600 -0.47290639 1.00000000
-0.09193556 0.20364800 0.05728892 0.06771192 0.87619500 -0.47717678 1.00000000
-0.09237620 0.20351100 0.05672570 -0.05798790 0.86201900 -0.50354873 1.00000000
-0.09203956 0.20389200 0.05704482 -0.03529186 0.89097200 -0.45268455 1.00000000
-0.09192019 0.20371300 0.05669274 -0.16781336 0.86535700 -0.47222513 1.00000000
-0.09268228 0.20370300 0.05700741 0.07971283 0.87681400 -0.47417532 1.00000000
-0.09276184 0.20336600 0.05686737 -0.00384319 0.85971100 -0.51076683 1.00000000
-0.09267914 0.20359600 0.05669365 -0.05798790 0.86201900 -0.50354873 1.00000000
-0.09329752 0.20359200 0.05691217 -0.08243598 0.84562200 -0.52737838 1.00000000
-0.09267005 0.20387700 0.05672499 -0.00712393 0.88052800 -0.47394038 1.00000000
-0.09329899 0.20411000 0.05673455 0.04121097 0.88267900 -0.46816629 1.00000000
-0.09430292 0.20396000 0.05709473 -0.03331398 0.81371400 -0.58030978 1.00000000
-0.09385464 0.20412900 0.05735981 0.20892789 0.80068300 -0.56147546 1.00000000
-0.09384376 0.20405500 0.05674800 -0.14070728 0.84661100 -0.51327488 1.00000000
-0.09426617 0.20431800 0.05706803 0.04840389 0.81734300 -0.57411389 1.00000000
-0.09425235 0.20413600 0.05614247 -0.31412027 0.79949000 -0.51200107 1.00000000
-0.09623580 0.20478700 0.05727042 -0.07479136 0.78576400 -0.61398701 1.00000000
-0.09596955 0.20587700 0.05763260 0.25797268 0.84222300 -0.47340294 1.00000000
-0.09568644 0.20498200 0.05727259 0.04828995 0.81829700 -0.57276380 1.00000000
-0.09585935 0.20465100 0.05709741 -0.03086136 0.77905000 -0.62620168 1.00000000
-0.09546453 0.20507800 0.05698699 0.04840389 0.81734300 -0.57411389 1.00000000
-0.09632348 0.20534500 0.05675956 0.01605051 0.78984300 -0.61309883 1.00000000
-0.09502059 0.20450300 0.05626401 -0.23746579 0.81029200 -0.53575804 1.00000000
-0.09539714 0.20463800 0.05643702 -0.07274652 0.77710400 -0.62515287 1.00000000
-0.09553780 0.20452500 0.05621951 -0.19169935 0.76494100 -0.61491131 1.00000000
-0.09530065 0.20452400 0.05615839 -0.29394612 0.78583900 -0.54410681 1.00000000
-0.09558071 0.20454500 0.05605288 -0.31243564 0.75106700 -0.58161959 1.00000000
-0.09587299 0.20439200 0.05622978 -0.22677797 0.74115800 -0.63186749 1.00000000
-0.09681606 0.20555100 0.05697098 -0.05295006 0.77907400 -0.62469178 1.00000000
-0.09251393 0.20405600 0.05634631 -0.14890562 0.86960000 -0.47076829 1.00000000
-0.09304952 0.20428200 0.05639100 -0.01505465 0.88306900 -0.46900195 1.00000000
-0.09493644 0.20498100 0.05641967 -0.03434152 0.83099600 -0.55521793 1.00000000
-0.09507420 0.20536400 0.05686093 0.17210063 0.82911900 -0.53192387 1.00000000
-0.09627860 0.20573500 0.05643488 -0.00293497 0.77115800 -0.63663801 1.00000000
-0.09521795 0.20475400 0.05598467 -0.31599970 0.78945200 -0.52622124 1.00000000
-0.09479869 0.20459900 0.05597830 -0.29548806 0.81080400 -0.50525659 1.00000000
-0.09494089 0.20423700 0.05543151 -0.44808160 0.70362400 -0.55148583 1.00000000
-0.09535870 0.20464100 0.05576727 -0.36616940 0.74952900 -0.55147613 1.00000000
-0.09119016 0.20350600 0.05642027 -0.23273103 0.86294300 -0.44851474 1.00000000
-0.09215429 0.20360700 0.05644010 -0.21379864 0.83384400 -0.50891426 1.00000000
-0.09476635 0.20268000 0.05466002 -0.47333823 0.57538500 -0.66699550 1.00000000
-0.09491485 0.20330000 0.05489243 -0.47688393 0.60875000 -0.63403899 1.00000000
-0.09479997 0.20298100 0.05452472 -0.50076469 0.59665700 -0.62708434 1.00000000
-0.09496370 0.20293100 0.05438078 -0.55012073 0.62143900 -0.55783684 1.00000000
-0.09472038 0.20178700 0.05436113 -0.51181436 0.64975100 -0.56202302 1.00000000
-0.09471119 0.20206800 0.05439247 -0.49168898 0.63664100 -0.59408027 1.00000000
-0.09468976 0.20175600 0.05398953 -0.56612170 0.67666000 -0.47078512 1.00000000
-0.09479077 0.20249600 0.05440420 -0.51741727 0.62364700 -0.58595424 1.00000000
-0.09456874 0.20182600 0.05396682 -0.51634821 0.55003900 -0.65638518 1.00000000
-0.09160493 0.20380200 0.05644227 -0.18627867 0.86460900 -0.46663870 1.00000000
-0.09181606 0.20363200 0.05611607 -0.29820488 0.82826200 -0.47440133 1.00000000
-0.09473421 0.20366400 0.05476956 -0.53207739 0.58599000 -0.61115406 1.00000000
-0.08793142 0.19766600 0.05230262 -0.29790167 0.50560900 -0.80969964 1.00000000
-0.08778909 0.19819000 0.05202874 -0.19883408 0.40141500 -0.89405296 1.00000000
-0.08923821 0.19716000 0.05083756 -0.22241474 0.52525900 -0.82136111 1.00000000
-0.08845006 0.19836800 0.05125984 -0.30363392 0.82104900 -0.48340994 1.00000000
-0.08868717 0.19776600 0.05034844 -0.26051344 0.47058200 -0.84302197 1.00000000
-0.08940051 0.19812400 0.05117477 -0.38057113 0.26023300 -0.88738046 1.00000000
-0.08930860 0.19786900 0.05088062 -0.33320824 0.32103700 -0.88651396 1.00000000
-0.08996052 0.19816600 0.05096374 -0.42245306 0.18076800 -0.88817626 1.00000000
-0.08962373 0.19794300 0.05031032 -0.27757469 0.35694100 -0.89193359 1.00000000
-0.08945080 0.19750700 0.05033374 -0.25139068 0.39861500 -0.88199195 1.00000000
-0.08926708 0.19623100 0.04959358 -0.07764582 0.86033400 -0.50378183 1.00000000
-0.08846210 0.19698800 0.04959730 -0.22168559 0.60517700 -0.76460198 1.00000000
-0.08817899 0.19685900 0.04938916 -0.21805980 0.68608300 -0.69407500 1.00000000
-0.08891207 0.19717400 0.04997528 -0.19336991 0.65970200 -0.72622466 1.00000000
-0.08921970 0.19711800 0.04992761 -0.02939200 0.89573400 -0.44361731 1.00000000
-0.08926710 0.19699700 0.04974535 -0.02939200 0.89573400 -0.44361731 1.00000000
-0.08888146 0.19714300 0.04960368 -0.19336991 0.65970200 -0.72622466 1.00000000
-0.08880794 0.19709200 0.04939861 0.00370056 0.90307200 -0.42947270 1.00000000
-0.08884928 0.19659400 0.04940959 0.00370056 0.90307200 -0.42947270 1.00000000
-0.08810087 0.19618300 0.04904795 -0.21719765 0.69384700 -0.68658666 1.00000000
-0.08918468 0.19936300 0.05084769 -0.26569146 0.19724700 -0.94366365 1.00000000
-0.09148505 0.19782000 0.05323453 -0.50896601 0.04470370 -0.85962509 1.00000000
-0.09207568 0.19789300 0.05339500 -0.43908972 -0.00127458 -0.89844295 1.00000000
-0.09105652 0.19871200 0.05341126 -0.51005416 0.07886880 -0.85651954 1.00000000
-0.09118662 0.19929000 0.05273373 -0.53586722 0.01200740 -0.84421669 1.00000000
-0.09172667 0.19953800 0.05194213 -0.56163326 -0.11691200 -0.81908446 1.00000000
-0.09245209 0.19911900 0.05207845 -0.45315509 0.00128038 -0.89143095 1.00000000
-0.09101649 0.20098200 0.05091233 -0.54292590 -0.23305800 -0.80679393 1.00000000
-0.09120946 0.19782100 0.05250366 -0.51100703 0.08181930 -0.85567372 1.00000000
-0.09126302 0.19807800 0.05212816 -0.50567171 0.08182060 -0.85883669 1.00000000
-0.09144202 0.19796300 0.05258040 -0.48189105 0.08686400 -0.87191505 1.00000000
-0.09125829 0.19668700 0.05184025 -0.50111505 0.10839800 -0.85856470 1.00000000
-0.09212751 0.19795700 0.05155569 -0.44814236 0.06850760 -0.89133286 1.00000000
-0.09302586 0.19797400 0.05166859 -0.40732922 0.22388500 -0.88541402 1.00000000
-0.09296768 0.19802000 0.05123905 -0.42669803 0.00892147 -0.90434974 1.00000000
-0.09298136 0.19759800 0.05119208 -0.41726013 0.26158200 -0.87032725 1.00000000
-0.09244879 0.19671400 0.05130929 -0.46154125 0.01690390 -0.88695818 1.00000000
-0.09294928 0.19704900 0.05099800 -0.45119343 0.01949030 -0.89221328 1.00000000
-0.09258652 0.19725900 0.05092989 -0.41805703 0.11010800 -0.90172316 1.00000000
-0.09076410 0.19826100 0.05226183 -0.47516404 0.10726200 -0.87333496 1.00000000
-0.09072276 0.19875900 0.05225085 -0.51640655 0.03363460 -0.85568289 1.00000000
-0.09008908 0.19806300 0.05128448 -0.44516709 0.16960400 -0.87923845 1.00000000
-0.09148480 0.19814500 0.05159310 -0.47868979 0.08674800 -0.87368734 1.00000000
-0.09156131 0.19770000 0.05113930 -0.46398346 0.12476000 -0.87701480 1.00000000
-0.09154754 0.19812100 0.05118626 -0.46462285 0.10381100 -0.87940235 1.00000000
-0.09130885 0.19836900 0.05145452 -0.49965137 0.07291320 -0.86315272 1.00000000
-0.09099807 0.19831700 0.05118852 -0.49965137 0.07291320 -0.86315272 1.00000000
-0.09003402 0.19745000 0.05101694 -0.41093453 0.24407000 -0.87838629 1.00000000
-0.09023137 0.19770100 0.05073770 -0.40881502 0.22782400 -0.88372339 1.00000000
-0.09006920 0.19750300 0.05055216 -0.38024811 0.28031900 -0.88138144 1.00000000
-0.09099816 0.19755100 0.05103666 -0.43357409 0.19088700 -0.88066739 1.00000000
-0.09211689 0.19848600 0.05191632 -0.44413849 0.03799550 -0.89515146 1.00000000
-0.09225160 0.19876100 0.05204392 -0.44549284 0.03264910 -0.89468984 1.00000000
-0.09219026 0.19793300 0.05114885 -0.43877356 0.08219360 -0.89483116 1.00000000
-0.09371438 0.19730900 0.05080578 -0.41747584 0.32436300 -0.84882503 1.00000000
-0.09411536 0.19726000 0.05072297 -0.39977696 0.30018800 -0.86606334 1.00000000
-0.09347109 0.19769700 0.05108976 -0.40386076 0.27742400 -0.87174090 1.00000000
-0.09002328 0.19890800 0.05070866 -0.55419256 -0.00939772 -0.83233590 1.00000000
-0.09010286 0.19933600 0.05072039 -0.59345142 -0.14656000 -0.79141326 1.00000000
-0.07853805 0.22216000 0.04502049 -0.48866152 0.65222600 0.57949204 0.00000000
-0.07838363 0.22269500 0.04528486 -0.48860104 0.64908400 0.58305938 0.00000000
-0.07848763 0.22293900 0.04504076 -0.48860104 0.64908400 0.58305938 0.00000000
-0.07842791 0.22323300 0.04494059 -0.50907871 0.65411200 0.55944306 0.00000000
-0.07657776 0.22463700 0.04457326 -0.55680929 0.58599900 0.58870086 0.00000000
-0.07763827 0.22408600 0.04471984 -0.53482675 0.64535300 0.54541657 0.00000000
-0.07751588 0.22363700 0.04487466 -0.54003298 0.66784500 0.51219879 0.00000000
-0.07812956 0.22393600 0.04428803 -0.53683621 0.66218200 0.52280135 0.00000000
-0.07730317 0.22421800 0.04470958 -0.53708586 0.62857400 0.56252340 0.00000000
-0.07759244 0.22472400 0.04472449 -0.55209353 0.61968900 0.55783354 0.00000000
-0.07753728 0.22411200 0.04445694 -0.53482675 0.64535300 0.54541657 0.00000000
-0.07702009 0.22485600 0.04465319 -0.56015302 0.58259500 0.58890725 0.00000000
-0.07800247 0.22455700 0.04378967 -0.52353878 0.61068100 0.59411835 0.00000000
-0.07587543 0.22588500 0.04466227 -0.57406493 0.58209000 0.57586378 0.00000000
-0.07668793 0.22602500 0.04428778 -0.57060924 0.58223600 0.57914298 0.00000000
-0.07665744 0.22506500 0.04458499 -0.55663952 0.58268800 0.59213834 0.00000000
-0.07608644 0.22494900 0.04418430 -0.55680929 0.58599900 0.58870086 0.00000000
-0.07657474 0.22529500 0.04441126 -0.55663952 0.58268800 0.59213834 0.00000000
-0.07634363 0.22490600 0.04400513 -0.55645660 0.57936300 0.59556289 0.00000000
-0.07576212 0.22608500 0.04411695 -0.58600861 0.59870400 0.54602932 0.00000000
-0.07642165 0.22558200 0.04434634 -0.56142475 0.58367400 0.58662362 0.00000000
-0.07597629 0.22602200 0.04410451 -0.58600861 0.59870400 0.54602932 0.00000000
-0.07791977 0.22478700 0.04361594 -0.50953622 0.57927700 0.63624699 0.00000000
-0.07835447 0.22148700 0.04525277 -0.49119836 0.65418600 0.57512179 0.00000000
-0.07426085 0.22863000 0.04319578 -0.31995590 0.60595500 0.72831759 0.00000000
-0.07418273 0.22872000 0.04300643 -0.31995590 0.60595500 0.72831759 0.00000000
-0.07545293 0.22731700 0.04382510 -0.48907794 0.60233700 0.63086643 0.00000000
-0.07544530 0.22735000 0.04352696 -0.47393507 0.59831600 0.64606805 0.00000000
-0.07539331 0.22761100 0.04372484 -0.46386120 0.59893500 0.65277041 0.00000000
-0.07578354 0.22732500 0.04385099 -0.53305225 0.60944700 0.58688101 0.00000000
-0.07539936 0.22629400 0.04404873 -0.56783820 0.60188500 0.56151054 0.00000000
-0.07531676 0.22652400 0.04387511 -0.56231573 0.60968300 0.55864736 0.00000000
-0.07548049 0.22647500 0.04373118 -0.57242455 0.59955000 0.55934708 0.00000000
-0.07771623 0.22601600 0.04275062 -0.56855059 0.58672200 0.57663384 0.00000000
-0.07713314 0.22591000 0.04288819 -0.57060924 0.58223600 0.57914298 0.00000000
-0.07505812 0.22774400 0.04371467 -0.44137951 0.60078600 0.66651378 0.00000000
-0.07496319 0.22814800 0.04325853 -0.41627246 0.61894400 0.66605195 0.00000000
-0.07381539 0.22906900 0.04295384 -0.33179477 0.62030500 0.71072811 0.00000000
-0.07412760 0.22887300 0.04289055 -0.32028327 0.60943000 0.72526791 0.00000000
-0.07404500 0.22910300 0.04271683 -0.33179477 0.62030500 0.71072811 0.00000000
-0.07363943 0.22929300 0.04281536 -0.21694756 0.58647700 0.78037076 0.00000000
-0.07391949 0.22931400 0.04270985 -0.34852614 0.63961200 0.68514741 0.00000000
-0.07398527 0.22939700 0.04261677 -0.34852614 0.63961200 0.68514741 0.00000000
-0.07315742 0.23009000 0.04254683 -0.08343979 0.55431000 0.82811756 0.00000000
-0.07354764 0.22980400 0.04267298 -0.08622013 0.54862300 0.83161189 0.00000000
-0.07382771 0.22982500 0.04256737 -0.27972064 0.62762900 0.72652492 0.00000000
-0.07373121 0.22971000 0.04228884 -0.27972064 0.62762900 0.72652492 0.00000000
-0.07355380 0.23018100 0.04247975 -0.06958210 0.53760600 0.84031976 0.00000000
-0.07367158 0.23000400 0.04218868 -0.06958210 0.53760600 0.84031976 0.00000000
-0.07208312 0.23029600 0.04229545 -0.21378091 0.67765600 0.70361988 0.00000000
-0.07189182 0.23042300 0.04238145 -0.20734076 0.68048000 0.70282026 0.00000000
-0.07182289 0.23023200 0.04216086 -0.20734076 0.68048000 0.70282026 0.00000000
-0.07157501 0.23076000 0.04246046 -0.20409524 0.69383300 0.69060899 0.00000000
-0.07171587 0.23064600 0.04224296 -0.21077209 0.68626600 0.69614226 0.00000000
-0.07279476 0.23029900 0.04247873 -0.10498894 0.57794300 0.80929567 0.00000000
-0.07236317 0.23031700 0.04218994 -0.17209076 0.63908500 0.74963688 0.00000000
-0.07307482 0.23032000 0.04237322 -0.10498894 0.57794300 0.80929567 0.00000000
-0.07280541 0.23053600 0.04226987 -0.14511866 0.60829200 0.78033363 0.00000000
-0.07338234 0.23026400 0.04232554 -0.08343979 0.55431000 0.82811756 0.00000000
-0.07332721 0.23041800 0.04220975 -0.10498894 0.57794300 0.80929567 0.00000000
-0.07354752 0.22996600 0.04185221 -0.06958210 0.53760600 0.84031976 0.00000000
-0.07319865 0.23052000 0.04188891 -0.14511866 0.60829200 0.78033363 0.00000000
-0.07314352 0.23067400 0.04177313 -0.17209076 0.63908500 0.74963688 0.00000000
-0.07254663 0.23115200 0.04113689 -0.19360371 0.69722800 0.69021057 0.00000000
-0.07285124 0.23082600 0.04159622 -0.21378091 0.67765600 0.70361988 0.00000000
-0.07281907 0.23104400 0.04155400 -0.20734076 0.68048000 0.70282026 0.00000000
-0.07107459 0.23151500 0.04128209 -0.18736427 0.71064700 0.67814090 0.00000000
-0.07125201 0.23181000 0.04124295 -0.18736427 0.71064700 0.67814090 0.00000000
-0.07148612 0.23170400 0.04099031 -0.18736427 0.71064700 0.67814090 0.00000000
-0.07134848 0.23115800 0.04136981 -0.19463108 0.70488000 0.68210215 0.00000000
-0.07163762 0.23089800 0.04123295 -0.19463108 0.70488000 0.68210215 0.00000000
-0.07158259 0.23105200 0.04111707 -0.19463108 0.70488000 0.68210215 0.00000000
-0.07123822 0.23146500 0.04113814 -0.18736427 0.71064700 0.67814090 0.00000000
-0.07151827 0.23148600 0.04103263 -0.18736427 0.71064700 0.67814090 0.00000000
-0.07182131 0.23157100 0.04100058 -0.19463108 0.70488000 0.68210215 0.00000000
-0.07213958 0.23175200 0.04074405 -0.18736427 0.71064700 0.67814090 0.00000000
-0.07196364 0.23104700 0.04127446 -0.19360371 0.69722800 0.69021057 0.00000000
-0.07188103 0.23127700 0.04110074 -0.19463108 0.70488000 0.68210215 0.00000000
-0.09924273 0.18729800 0.05666862 0.53683621 -0.66218200 -0.52280135 0.00000000
-0.09937568 0.18874900 0.05645670 0.60249440 -0.61285500 -0.51128178 0.00000000
-0.09949640 0.18868000 0.05647939 0.59918517 -0.61625500 -0.51108379 0.00000000
-0.09941420 0.18891000 0.05630570 0.61222204 -0.60871500 -0.50462862 0.00000000
-0.09934353 0.18896700 0.05641438 0.61222204 -0.60871500 -0.50462862 0.00000000
-0.09937286 0.18940800 0.05629472 0.62497312 -0.60407900 -0.49446787 0.00000000
-0.09952730 0.18794400 0.05669925 0.54738484 -0.64965500 -0.52755912 0.00000000
-0.09941703 0.18825100 0.05646758 0.59252489 -0.62301400 -0.51065485 0.00000000
-0.09928966 0.18963800 0.05612096 0.63130867 -0.60018800 -0.49114543 0.00000000
-0.09897755 0.18983500 0.05618426 0.64674555 -0.59485200 -0.47735849 0.00000000
-0.09911380 0.18986100 0.05598248 0.64674555 -0.59485200 -0.47735849 0.00000000
-0.09877362 0.19013500 0.05598781 0.64860253 -0.59350900 -0.47651070 0.00000000
-0.09894129 0.19019200 0.05615769 0.64674555 -0.59485200 -0.47735849 0.00000000
-0.09833335 0.19043400 0.05573039 0.65754362 -0.59198000 -0.46604413 0.00000000
-0.09866845 0.19030100 0.05574055 0.65458136 -0.59250100 -0.46953691 0.00000000
-0.09894840 0.19032200 0.05563503 0.65458136 -0.59250100 -0.46953691 0.00000000
-0.09861331 0.19045400 0.05562477 0.65458136 -0.59250100 -0.46953691 0.00000000
-0.09827078 0.19062000 0.05531648 0.66177956 -0.58928600 -0.46345445 0.00000000
-0.09869618 0.19038700 0.05497785 0.65458136 -0.59250100 -0.46953691 0.00000000
-0.09765573 0.19073200 0.05541184 0.67686990 -0.57456400 -0.46013357 0.00000000
-0.09789435 0.19125100 0.05529524 0.69016262 -0.56492500 -0.45225567 0.00000000
-0.09789844 0.19111000 0.05527958 0.67871050 -0.57021500 -0.46282409 0.00000000
-0.09801224 0.19184000 0.05515604 0.74042040 -0.54343300 -0.39554878 0.00000000
-0.09807147 0.19154600 0.05525617 0.70691872 -0.55529700 -0.43807689 0.00000000
-0.09826413 0.19193700 0.05499255 0.74042040 -0.54343300 -0.39554878 0.00000000
-0.09822788 0.19229500 0.05496598 0.74118885 -0.54689700 -0.38928389 0.00000000
-0.10052447 0.18741700 0.05725253 0.50858990 -0.68396300 -0.52300232 0.00000000
-0.10166016 0.18743500 0.05742657 0.49558093 -0.68841700 -0.52960477 0.00000000
-0.10108364 0.18770700 0.05737082 0.49558093 -0.68841700 -0.52960477 0.00000000
-0.10101470 0.18751600 0.05715024 0.49558093 -0.68841700 -0.52960477 0.00000000
-0.10077736 0.18751500 0.05708910 0.50858990 -0.68396300 -0.52300232 0.00000000
-0.10146468 0.18770200 0.05752821 0.49558093 -0.68841700 -0.52960477 0.00000000
-0.10134062 0.18766400 0.05719174 0.48845212 -0.69146400 -0.53225182 0.00000000
-0.10118439 0.18784300 0.05681305 0.51689629 -0.67606500 -0.52512297 0.00000000
-0.10010590 0.18726200 0.05724631 0.51689629 -0.67606500 -0.52512297 0.00000000
-0.10002780 0.18735100 0.05705686 0.51689629 -0.67606500 -0.52512297 0.00000000
-0.09994050 0.18772200 0.05689886 0.53683621 -0.66218200 -0.52280135 0.00000000
-0.10019748 0.18767900 0.05671978 0.53683621 -0.66218200 -0.52280135 0.00000000
-0.10042338 0.18744300 0.05698962 0.51689629 -0.67606500 -0.52512297 0.00000000
-0.09986239 0.18781200 0.05670941 0.54738484 -0.64965500 -0.52755912 0.00000000
-0.10014235 0.18783300 0.05660389 0.54738484 -0.64965500 -0.52755912 0.00000000
-0.10064920 0.18761700 0.05676838 0.51689629 -0.67606500 -0.52512297 0.00000000
-0.10056600 0.18784800 0.05659462 0.53683621 -0.66218200 -0.52280135 0.00000000
-0.10051086 0.18800100 0.05647884 0.54738484 -0.64965500 -0.52755912 0.00000000
-0.10173084 0.18737800 0.05731779 0.49558093 -0.68841700 -0.52960477 0.00000000
-0.09974929 0.18877700 0.05631596 0.59918517 -0.61625500 -0.51108379 0.00000000
-0.10101898 0.18830400 0.05646570 0.54738484 -0.64965500 -0.52755912 0.00000000
-0.09969416 0.18893100 0.05620008 0.60249440 -0.61285500 -0.51128178 0.00000000
-0.09951322 0.18929400 0.05607719 0.61222204 -0.60871500 -0.50462862 0.00000000
-0.09958389 0.18923800 0.05596851 0.61222204 -0.60871500 -0.50462862 0.00000000
-0.09945808 0.18944800 0.05596141 0.62809912 -0.60365300 -0.49101349 0.00000000
-0.09977510 0.18818200 0.05655141 0.57126125 -0.63593200 -0.51889319 0.00000000
-0.10014871 0.18821000 0.05641067 0.55544925 -0.64425600 -0.52574667 0.00000000
-0.10026608 0.18803300 0.05611968 0.54738484 -0.64965500 -0.52755912 0.00000000
-0.09971996 0.18833600 0.05643562 0.58588872 -0.62669100 -0.51380211 0.00000000
-0.10080127 0.18825900 0.05616434 0.54738484 -0.64965500 -0.52755912 0.00000000
-0.09952875 0.18939100 0.05585273 0.62497312 -0.60407900 -0.49446787 0.00000000
-0.09939377 0.18988200 0.05587686 0.64674555 -0.59485200 -0.47735849 0.00000000
-0.09605165 0.19431700 0.05470879 0.00241100 -0.21211400 -0.97724220 0.00000000
-0.09614041 0.19446400 0.05468927 0.01051663 -0.21640200 -0.97624755 0.00000000
-0.09607599 0.19489900 0.05460472 -0.01468141 -0.22633500 -0.97393903 0.00000000
-0.09615252 0.19522000 0.05430279 -0.18529446 -0.21823400 -0.95814390 0.00000000
-0.09661772 0.19473600 0.05430442 0.01377414 -0.22557700 -0.97412843 0.00000000
-0.09331541 0.19799200 0.05414560 -0.41960708 0.20244200 -0.88484283 0.00000000
-0.09618943 0.19716000 0.05478479 -0.24185438 -0.11525900 -0.96344289 0.00000000
-0.09646949 0.19718100 0.05467917 -0.21401713 -0.13436700 -0.96754394 0.00000000
-0.09589705 0.19731300 0.05460787 -0.24762355 -0.09944990 -0.96373822 0.00000000
-0.09618629 0.19705300 0.05447102 -0.25663610 -0.12193400 -0.95878605 0.00000000
-0.09633624 0.19742400 0.05437404 -0.19708923 -0.12462900 -0.97243154 0.00000000
-0.09539964 0.19571500 0.05410853 -0.33248587 -0.13962600 -0.93271513 0.00000000
-0.09599196 0.19614300 0.05491225 -0.18742317 -0.13430200 -0.97305450 0.00000000
-0.09629958 0.19608700 0.05486458 -0.12008206 -0.13961500 -0.98289813 0.00000000
-0.09595520 0.19650100 0.05488565 -0.18566339 -0.11305800 -0.97608726 0.00000000
-0.09623527 0.19652200 0.05478004 -0.17257213 -0.11163100 -0.97865037 0.00000000
-0.09528188 0.19665800 0.05455136 -0.30849752 -0.09264060 -0.94670300 0.00000000
-0.09545481 0.19709400 0.05452795 -0.27839310 -0.08044730 -0.95709261 0.00000000
-0.09538587 0.19613600 0.05415550 -0.30258612 -0.13996400 -0.94278885 0.00000000
-0.09531693 0.19594500 0.05393491 -0.32770743 -0.13314500 -0.93535038 0.00000000
-0.09576229 0.19643400 0.05350774 -0.27876917 -0.15788600 -0.94729124 0.00000000
-0.09585581 0.19781100 0.05459690 -0.22890926 -0.05767740 -0.97173760 0.00000000
-0.09512422 0.19878100 0.05398492 -0.26311138 0.12801100 -0.95623482 0.00000000
-0.09685997 0.19366800 0.05501885 0.80493587 -0.43362500 -0.40502743 0.00000000
-0.09649680 0.19387700 0.05495071 0.16341354 -0.27059700 -0.94872191 0.00000000
-0.09678595 0.19361700 0.05481375 0.77631437 -0.43425300 -0.45690284 0.00000000
-0.09735585 0.19244900 0.05524042 0.82026611 -0.49606600 -0.28474892 0.00000000
-0.09724967 0.19261600 0.05499310 0.82026611 -0.49606600 -0.28474892 0.00000000
-0.09758477 0.19248300 0.05500336 0.81013818 -0.50293900 -0.30121085 0.00000000
-0.09708634 0.19266600 0.05513706 0.82026611 -0.49606600 -0.28474892 0.00000000
-0.09703531 0.19267900 0.05500552 0.81728359 -0.49928700 -0.28767997 0.00000000
-0.09697608 0.19297300 0.05490540 0.83918997 -0.48052900 -0.25466086 0.00000000
-0.09752964 0.19263700 0.05488748 0.82026611 -0.49606600 -0.28474892 0.00000000
-0.09741936 0.19294400 0.05465591 0.82702516 -0.49233700 -0.27135469 0.00000000
-0.09765337 0.19283700 0.05440327 0.81728359 -0.49928700 -0.28767997 0.00000000
-0.09696689 0.19325400 0.05493674 0.85312723 -0.47342000 -0.21919562 0.00000000
-0.09713940 0.19292300 0.05476153 0.83918997 -0.48052900 -0.25466086 0.00000000
-0.09705720 0.19315300 0.05458784 0.83918997 -0.48052900 -0.25466086 0.00000000
-0.09736423 0.19309700 0.05454013 0.83918997 -0.48052900 -0.25466086 0.00000000
-0.09697400 0.19338300 0.05441408 0.82505636 -0.46058500 -0.32732734 0.00000000
-0.09646974 0.19395400 0.05489280 0.20801069 -0.28085400 -0.93693837 0.00000000
-0.09668077 0.19378400 0.05456659 0.26892277 -0.29297200 -0.91752321 0.00000000
-0.09643873 0.19392300 0.05452117 0.16789793 -0.26106000 -0.95060907 0.00000000
-0.09630414 0.19441500 0.05454534 0.05890275 -0.23969800 -0.96905862 0.00000000
-0.09649648 0.19404000 0.05412993 0.20626192 -0.27070100 -0.94030665 0.00000000
-0.09698780 0.19372800 0.05451888 0.40986759 -0.31979500 -0.85424790 0.00000000
-0.09671829 0.19394400 0.05441552 0.04613477 -0.22024900 -0.97435158 0.00000000
-0.09689180 0.19361300 0.05424039 0.62762619 -0.38842400 -0.67469428 0.00000000
-0.09682287 0.19342200 0.05401970 0.63165024 -0.39836800 -0.66507219 0.00000000
-0.09666617 0.19436800 0.05379274 -0.12698987 -0.21874000 -0.96748433 0.00000000
-0.09537811 0.19540300 0.05370559 -0.34653336 -0.14964400 -0.92602413 0.00000000
-0.09527567 0.19567700 0.05377217 -0.33705365 -0.15145500 -0.92922337 0.00000000
-0.09369634 0.19891600 0.05363408 -0.35771899 0.26041000 -0.89678493 0.00000000
-0.09411570 0.19907100 0.05364046 -0.33100364 0.25329300 -0.90899887 0.00000000
-0.09337963 0.19925200 0.05371300 -0.39379813 0.25586500 -0.88286832 0.00000000
-0.09382658 0.20009700 0.05392908 -0.31151607 0.22494000 -0.92323353 0.00000000
-0.09424729 0.20000400 0.05360606 -0.34625405 0.61003600 -0.71271624 0.00000000
-0.09414329 0.19976000 0.05385006 -0.32583657 0.58738800 -0.74081421 0.00000000
-0.09356936 0.19860800 0.05380462 -0.38095754 0.21818300 -0.89848027 0.00000000
-0.09431618 0.19866300 0.05352312 -0.32149427 0.20746600 -0.92390511 0.00000000
-0.09404675 0.19811400 0.05326801 -0.35556208 0.13268100 -0.92518666 0.00000000
-0.09372086 0.19873100 0.05337827 -0.36640048 0.19388600 -0.91003206 0.00000000
-0.09285165 0.19915600 0.05314569 -0.33299082 -0.05393970 -0.94138596 0.00000000
-0.09379886 0.19957000 0.05289871 -0.38878189 0.17737700 -0.90409437 0.00000000
-0.09207727 0.20087200 0.05285211 -0.88437812 -0.00134712 -0.46676983 0.00000000
-0.09429336 0.20089800 0.05390496 -0.37016655 0.39716700 -0.83978331 0.00000000
-0.09413712 0.20031100 0.05337440 -0.35087703 0.76503300 -0.54000875 0.00000000
-0.09376078 0.20094200 0.05335326 -0.46130362 0.26328400 -0.84727787 0.00000000
-0.09353260 0.19989400 0.05310902 -0.42615015 0.29067200 -0.85668279 0.00000000
-0.09355400 0.20036800 0.05269130 -0.48953014 0.03334830 -0.87134819 0.00000000
-0.09302148 0.20101600 0.05311204 -0.71738331 0.24776800 -0.65113147 0.00000000
-0.09233436 0.20082900 0.05267294 -0.82675700 0.04957310 -0.56037019 0.00000000
-0.09264043 0.20102100 0.05295475 -0.81231638 0.16526800 -0.55931084 0.00000000
-0.09293887 0.20124600 0.05293832 -0.79068015 0.21965800 -0.57146691 0.00000000
-0.09264198 0.20077300 0.05262537 -0.72557608 0.08003360 -0.68347193 0.00000000
-0.09282858 0.20078700 0.05255499 -0.68415937 0.04101800 -0.72817862 0.00000000
-0.09325727 0.20126500 0.05350255 -0.66170280 0.34703100 -0.66461960 0.00000000
-0.09318835 0.20107400 0.05328186 -0.68057708 0.30111700 -0.66793919 0.00000000
-0.09311483 0.20102300 0.05307690 -0.68744459 0.25842900 -0.67870066 0.00000000
-0.09344084 0.20117100 0.05311841 -0.62775883 0.29545200 -0.72015712 0.00000000
-0.09384790 0.20133800 0.05366302 -0.50414908 0.37570700 -0.77760995 0.00000000
-0.09367808 0.20117200 0.05317954 -0.58757754 0.33927800 -0.73460426 0.00000000
-0.09332605 0.20085300 0.05275071 -0.62742223 0.17402100 -0.75898505 0.00000000
-0.09319134 0.20057800 0.05262310 -0.53282800 0.00932923 -0.84617223 0.00000000
-0.09359536 0.20063600 0.05285405 -0.40152187 -0.01642440 -0.91570234 0.00000000
-0.09279349 0.19996800 0.05286791 -0.43050589 -0.01407230 -0.90247833 0.00000000
-0.09362291 0.19979400 0.05276013 -0.41084416 0.11580600 -0.90432044 0.00000000
-0.09481669 0.19883700 0.05403260 -0.28318058 0.19090300 -0.93987492 0.00000000
-0.09444628 0.19831300 0.05351458 -0.31843833 0.09615110 -0.94305484 0.00000000
-0.09425187 0.20079300 0.05292144 -0.51258465 0.66469900 -0.54353670 0.00000000
-0.09395802 0.20042700 0.05292215 -0.47724877 0.33890900 -0.81078570 0.00000000
-0.09185990 0.20405400 0.05233728 -0.91696407 0.39470900 -0.05816129 0.00000000
-0.09272001 0.20407300 0.05178044 -0.92016665 0.39007200 -0.03371559 0.00000000
-0.09187834 0.20103100 0.05263997 -0.89345721 -0.03992400 -0.44737058 0.00000000
-0.09141460 0.20126700 0.05230896 -0.80101323 -0.06760390 -0.59481711 0.00000000
-0.09147120 0.20163100 0.05224712 -0.89293459 -0.01760100 -0.44984156 0.00000000
-0.09225177 0.20182500 0.05265108 -0.96141440 0.03730320 -0.27256363 0.00000000
-0.09281952 0.20183400 0.05273800 -0.91782619 0.11453200 -0.38010124 0.00000000
-0.09273681 0.20206400 0.05256437 -0.95899548 0.01141320 -0.28319103 0.00000000
-0.09253026 0.20132800 0.05272309 -0.90432142 0.07989220 -0.41930938 0.00000000
-0.09318218 0.20162500 0.05280620 -0.82743558 0.24165900 -0.50690371 0.00000000
-0.09312245 0.20191900 0.05270604 -0.86641129 0.17540700 -0.46750926 0.00000000
-0.09303985 0.20214900 0.05253232 -0.94216411 0.07701220 -0.32618392 0.00000000
-0.09242460 0.20226100 0.05262766 -0.96538857 0.00876237 -0.26066980 0.00000000
-0.09234200 0.20249100 0.05245394 -0.97260566 0.05736010 -0.22527495 0.00000000
-0.09244912 0.20207600 0.05237185 -0.97073008 0.00369404 -0.24014596 0.00000000
-0.09203437 0.20254700 0.05250162 -0.97809580 0.08265130 -0.19104112 0.00000000
-0.09259449 0.20258900 0.05229049 -0.97942651 0.02829590 -0.19981016 0.00000000
-0.09225940 0.20272100 0.05228023 -0.98040648 0.11914300 -0.15686698 0.00000000
-0.09221343 0.20182800 0.05198134 -0.95498400 -0.05656080 -0.29121519 0.00000000
-0.09178174 0.20184600 0.05169254 -0.92446348 -0.12255500 -0.36103540 0.00000000
-0.09277503 0.20222500 0.05241335 -0.97097081 -0.01867030 -0.23846834 0.00000000
-0.09220423 0.20134200 0.05186082 -0.87879500 -0.14849300 -0.45350770 0.00000000
-0.09150641 0.20321600 0.05208597 -0.95282646 0.29657800 -0.06453007 0.00000000
-0.09055303 0.20335300 0.05185729 -0.39035006 0.64167800 0.66020897 0.00000000
-0.09145128 0.20337000 0.05197018 -0.89416508 0.44247100 0.06847349 0.00000000
-0.09195177 0.20277700 0.05232790 -0.98168911 0.12612300 -0.14275573 0.00000000
-0.09196252 0.20301400 0.05211894 -0.98289830 0.15575200 -0.09824398 0.00000000
-0.09187982 0.20324400 0.05194532 -0.96737771 0.24919500 -0.04563916 0.00000000
-0.09211852 0.20299700 0.05167696 -0.98434526 0.17625100 -0.00037063 0.00000000
-0.09230524 0.20377700 0.05175845 -0.90729939 0.41633900 0.05890175 0.00000000
-0.09187061 0.20368800 0.05115589 -0.84791829 0.44845600 0.28270452 0.00000000
-0.09250258 0.20326200 0.05132734 -0.93685136 0.32410800 0.13139006 0.00000000
-0.09232966 0.20359300 0.05150262 -0.87872968 0.44498500 0.17269055 0.00000000
-0.09241998 0.20349200 0.05115363 -0.86305772 0.45076700 0.22790214 0.00000000
-0.09240620 0.20391400 0.05120059 -0.84998359 0.47916000 0.21893692 0.00000000
-0.08887732 0.20986700 0.05040641 -0.42071978 0.08431670 -0.90326397 0.00000000
-0.08839833 0.21000500 0.05029988 -0.58840067 0.38419100 -0.71146519 0.00000000
-0.08831563 0.21023600 0.05012615 -0.59369118 0.43269200 -0.67846008 0.00000000
-0.08847329 0.20980800 0.05017556 -0.65763243 0.59744800 -0.45888558 0.00000000
-0.09149737 0.20503000 0.05242084 -0.88406420 0.46579100 0.03831947 0.00000000
-0.09036793 0.20539000 0.05205367 -0.66446024 0.29343400 0.68730591 0.00000000
-0.09116833 0.20554000 0.05221733 -0.91286418 0.33142400 0.23840752 0.00000000
-0.09209415 0.20548000 0.05238817 -0.94401595 0.29653900 -0.14456251 0.00000000
-0.09057590 0.20604100 0.05074481 -0.68494751 0.26880800 0.67719248 0.00000000
-0.09012609 0.20722400 0.05149113 -0.95602242 0.28294500 0.07722480 0.00000000
-0.09009863 0.20730100 0.05143320 -0.95913866 0.27841000 0.05040797 0.00000000
-0.09053782 0.20741200 0.05119937 -0.49272305 0.13076000 0.86030582 0.00000000
-0.09112985 0.20663300 0.05005802 -0.89028448 0.36314400 0.27481121 0.00000000
-0.09101509 0.20445700 0.05102811 -0.65704147 0.40829900 0.63371068 0.00000000
-0.09005107 0.20512300 0.05116016 -0.54227008 0.23215100 0.80749515 0.00000000
-0.09065243 0.20466700 0.05096001 -0.59536612 0.34405400 0.72606123 0.00000000
-0.09107942 0.20478900 0.05126442 -0.69435210 0.37492300 0.61425367 0.00000000
-0.09101050 0.20459800 0.05104373 -0.66558738 0.40073800 0.62960501 0.00000000
-0.09094169 0.20517300 0.05097492 -0.60515654 0.24815400 0.75644281 0.00000000
-0.09067238 0.20538900 0.05087157 -0.52496623 0.20794500 0.82532983 0.00000000
-0.09080383 0.20479000 0.05053364 -0.70488450 0.32101300 0.63252558 0.00000000
-0.09029122 0.20462800 0.05056242 -0.55892368 0.28256300 0.77959153 0.00000000
-0.09148030 0.20474000 0.05118160 -0.83207947 0.41763200 0.36500325 0.00000000
-0.09158438 0.20421800 0.05078575 -0.81485399 0.44803400 0.36780345 0.00000000
-0.09131812 0.20454200 0.05099616 -0.76967011 0.40965900 0.48968027 0.00000000
-0.09200220 0.20462100 0.05112150 -0.86269834 0.43968200 0.24986374 0.00000000
-0.09160881 0.20403400 0.05052992 -0.82040561 0.42477300 0.38275751 0.00000000
-0.09221333 0.20445100 0.05079530 -0.85809769 0.45189900 0.24383466 0.00000000
-0.09124617 0.20500900 0.05061348 -0.79322154 0.32601300 0.51431037 0.00000000
-0.09027140 0.20543800 0.05095438 -0.62318813 0.23382800 0.74629774 0.00000000
-0.09052864 0.20769300 0.05123071 -0.47876603 0.12744300 0.86864294 0.00000000
-0.09110230 0.20747600 0.05015194 -0.90419605 0.39439600 -0.16395550 0.00000000
-0.09079626 0.20881600 0.05017376 -0.68627090 0.19255400 -0.70139487 0.00000000
-0.09090953 0.20801300 0.04974657 -0.45279897 0.12345300 0.88302415 0.00000000
-0.08945425 0.20959500 0.05046208 -0.62210935 0.19347500 -0.75864912 0.00000000
-0.08980009 0.20969900 0.05026349 -0.62574056 0.19067200 -0.75636893 0.00000000
-0.09034946 0.20950400 0.05026122 -0.66262242 0.12616800 -0.73824986 0.00000000
-0.09031269 0.20909500 0.05008285 -0.65519047 0.13533200 -0.74324298 0.00000000
-0.09030505 0.20912800 0.04978481 -0.65519047 0.13533200 -0.74324298 0.00000000
-0.09092334 0.20912400 0.05000323 -0.67079327 0.16503600 -0.72304935 0.00000000
-0.09054376 0.20964700 0.04966832 -0.66178536 0.15200200 -0.73412181 0.00000000
-0.09076869 0.20982200 0.04944692 -0.65384830 0.18831300 -0.73281677 0.00000000
-0.09028497 0.20856900 0.04905248 -0.71286247 0.26236600 -0.65037785 0.00000000
-0.09094160 0.20949100 0.04927175 -0.66148105 0.14516500 -0.73577877 0.00000000
-0.09087267 0.20930000 0.04905106 -0.64069695 0.15469400 -0.75204883 0.00000000
-0.09143279 0.20934200 0.04883993 -0.63401661 0.22168600 -0.74086343 0.00000000
-0.08800036 0.21032400 0.04987579 -0.60562222 0.45564700 -0.65238696 0.00000000
-0.08821463 0.21026200 0.04986335 -0.58693096 0.44601800 -0.67570732 0.00000000
-0.08815951 0.21041500 0.04974747 -0.60562222 0.45564700 -0.65238696 0.00000000
-0.08791766 0.21055500 0.04970206 -0.60995144 0.50233200 -0.61287971 0.00000000
-0.08746175 0.21075700 0.04966910 -0.63373893 0.52902800 -0.56436229 0.00000000
-0.08720613 0.21131800 0.04967065 -0.60360241 0.53074900 -0.59495334 0.00000000
-0.08788101 0.21091200 0.04967547 -0.61984956 0.50632200 -0.59952032 0.00000000
-0.08772804 0.21119900 0.04961045 -0.62101170 0.52173100 -0.58492824 0.00000000
-0.08733467 0.21044900 0.04983963 -0.61115352 0.53566000 -0.58271770 0.00000000
-0.08786261 0.20994200 0.04943452 -0.58716883 0.43590700 -0.68206908 0.00000000
-0.08817328 0.20999400 0.04970051 -0.59430221 0.37725600 -0.71026982 0.00000000
-0.08837218 0.20999700 0.04909189 -0.62001208 0.47474500 -0.62466211 0.00000000
-0.08829250 0.20956800 0.04908016 -0.58441264 0.31434700 -0.74809602 0.00000000
-0.08830325 0.20980500 0.04887130 -0.59822143 0.38123100 -0.70483721 0.00000000
-0.08834463 0.21084000 0.04918581 -0.60850507 0.46584800 -0.64242311 0.00000000
-0.08819298 0.21011200 0.04863964 -0.60231246 0.36964100 -0.70752012 0.00000000
-0.08525044 0.21272600 0.04987670 -0.83895951 0.54177400 0.05126629 0.00000000
-0.08600791 0.21301900 0.04938633 -0.81881416 0.57189100 0.04983645 0.00000000
-0.08637056 0.21281000 0.04945454 -0.77636146 0.62854700 0.04681509 0.00000000
-0.08628786 0.21304000 0.04928081 -0.80025634 0.59669800 0.05951770 0.00000000
-0.08627417 0.21269500 0.04917592 -0.78922119 0.61202900 0.05049295 0.00000000
-0.08640572 0.21209600 0.04883799 -0.77746489 0.62058600 -0.10208103 0.00000000
-0.08737445 0.21205600 0.04884210 -0.68758924 0.56712900 -0.45341590 0.00000000
-0.08773711 0.21184700 0.04891030 -0.66655383 0.54905300 -0.50422876 0.00000000
-0.08685111 0.21242300 0.04923159 -0.68391523 0.60752700 -0.40394351 0.00000000
-0.08687553 0.21223900 0.04897576 -0.72080380 0.60714200 -0.33439622 0.00000000
-0.08676536 0.21254600 0.04874420 -0.78666928 0.60847300 -0.10446212 0.00000000
-0.08742185 0.21193600 0.04865983 -0.68402296 0.57388000 -0.45030574 0.00000000
-0.08781208 0.21165000 0.04878588 -0.68518596 0.56416600 -0.46069223 0.00000000
-0.08688314 0.21236800 0.04845314 -0.77876119 0.61843000 -0.10524106 0.00000000
-0.08536360 0.21285200 0.04878059 -0.82567255 0.55289000 0.11215026 0.00000000
-0.08533144 0.21306900 0.04873837 -0.81179857 0.57632900 0.09395949 0.00000000
-0.08617780 0.21334700 0.04904916 -0.82236528 0.56624000 0.05556191 0.00000000
-0.08623742 0.21305300 0.04914931 -0.80025634 0.59669800 0.05951770 0.00000000
-0.08637818 0.21293900 0.04893181 -0.80025634 0.59669800 0.05951770 0.00000000
-0.08609968 0.21343600 0.04885981 -0.83631404 0.54560200 0.05381729 0.00000000
-0.08656802 0.21306100 0.04917521 -0.80126808 0.59773500 0.02613302 0.00000000
-0.08643487 0.21330400 0.04887008 -0.82344257 0.56439100 0.05836085 0.00000000
-0.08668266 0.21277600 0.04857048 -0.78824052 0.61072000 0.07547831 0.00000000
-0.08650670 0.21299900 0.04843190 -0.81807312 0.57189900 0.06073049 0.00000000
-0.08623729 0.21321500 0.04832865 -0.83676138 0.53918700 0.09543337 0.00000000
-0.08677757 0.21330100 0.04835772 -0.82528855 0.56314500 0.04201733 0.00000000
-0.08653114 0.21358100 0.04832794 -0.84096313 0.53809600 0.05685853 0.00000000
-0.08607199 0.21367600 0.04798120 -0.82663012 0.55876700 0.06680438 0.00000000
-0.08513858 0.21437200 0.04848485 -0.79655090 0.60012400 0.07319692 0.00000000
-0.08484171 0.21466500 0.04832356 -0.79037177 0.60759000 0.07840126 0.00000000
-0.08589603 0.21389900 0.04784272 -0.81757493 0.56940100 0.08575458 0.00000000
-0.08582723 0.21447400 0.04777381 -0.79338985 0.60158700 0.09287010 0.00000000
-0.08557159 0.21426900 0.04762359 -0.79182600 0.59841800 0.12209548 0.00000000
-0.08456177 0.21541100 0.04858095 -0.76499854 0.63375100 0.11461469 0.00000000
-0.08501464 0.21510100 0.04830015 -0.78410289 0.61414500 0.08949284 0.00000000
-0.08484173 0.21543100 0.04847533 -0.78214742 0.61820200 0.07791929 0.00000000
-0.08497328 0.21483300 0.04813741 -0.78184297 0.61427200 0.10673354 0.00000000
-0.08447907 0.21564100 0.04840722 -0.76352709 0.63201800 0.13258538 0.00000000
-0.08507135 0.21546500 0.04823832 -0.78674933 0.61154200 0.08391568 0.00000000
-0.08475912 0.21566200 0.04830171 -0.77437432 0.62320600 0.10935216 0.00000000
-0.08523967 0.21527500 0.04807876 -0.78247603 0.61537600 0.09509698 0.00000000
-0.08515696 0.21550500 0.04790503 -0.77751213 0.61761100 0.11845637 0.00000000
-0.08528247 0.21529500 0.04791222 -0.77758563 0.61810600 0.11535263 0.00000000
-0.08541404 0.21546200 0.04772596 -0.75362934 0.63341500 0.17558284 0.00000000
-0.08512633 0.21470800 0.04738167 -0.75338325 0.62994400 0.18863801 0.00000000
-0.08555782 0.21469000 0.04767046 -0.77972878 0.61105500 0.13650963 0.00000000
-0.08547522 0.21492000 0.04749674 -0.77108669 0.61921800 0.14830422 0.00000000
-0.08539251 0.21515100 0.04732311 -0.76398167 0.62335200 0.16662432 0.00000000
-0.08600318 0.21425100 0.04791239 -0.80641994 0.58519000 0.08507918 0.00000000
-0.08586073 0.21493700 0.04681774 -0.76443807 0.62355800 0.16373795 0.00000000
-0.08868285 0.21004800 0.04935798 -0.62636850 0.51009600 -0.58946115 0.00000000
-0.08838597 0.21034100 0.04919679 -0.60609396 0.39937100 -0.68786106 0.00000000
-0.08840883 0.20963900 0.04911848 -0.62464054 0.44194000 -0.64382725 0.00000000
-0.08833084 0.21049500 0.04908091 -0.60845071 0.42167100 -0.67229517 0.00000000
-0.08822067 0.21080200 0.04884935 -0.62586036 0.46036100 -0.62957600 0.00000000
-0.08825743 0.21121000 0.04902781 -0.64934887 0.47922900 -0.59049675 0.00000000
-0.08809211 0.21090500 0.04852861 -0.64523781 0.45736200 -0.61195485 0.00000000
-0.08805537 0.21126200 0.04850190 -0.66829911 0.50415700 -0.54699433 0.00000000
-0.08374446 0.21726900 0.04763325 -0.58772682 0.65575500 0.47388074 0.00000000
-0.08340937 0.21740200 0.04762298 -0.56767471 0.64520100 0.51133348 0.00000000
-0.08454632 0.21624300 0.04813652 -0.73995327 0.65202200 0.16533600 0.00000000
-0.08446372 0.21647300 0.04796280 -0.73185119 0.65336000 0.19368720 0.00000000
-0.08494271 0.21633400 0.04806933 -0.76013580 0.63127100 0.15391942 0.00000000
-0.08412404 0.21674600 0.04796816 -0.69882894 0.66826000 0.25508045 0.00000000
-0.08095773 0.21942500 0.04663513 -0.53117658 0.62671500 0.57015757 0.00000000
-0.08155296 0.21935700 0.04677988 -0.50184369 0.64484100 0.57648414 0.00000000
-0.08156370 0.21959400 0.04657112 -0.50178198 0.64169200 0.58004036 0.00000000
-0.08213301 0.21842600 0.04699755 -0.51954146 0.63527200 0.57140811 0.00000000
-0.08052617 0.22020900 0.04649800 -0.53448386 0.61704500 0.57756664 0.00000000
-0.08096840 0.22042800 0.04657803 -0.52755724 0.62359300 0.57690174 0.00000000
-0.08115511 0.22044200 0.04650766 -0.52755724 0.62359300 0.57690174 0.00000000
-0.08053078 0.22083500 0.04663415 -0.53345027 0.62232900 0.57283296 0.00000000
-0.08047564 0.22098800 0.04651836 -0.53345027 0.62232900 0.57283296 0.00000000
-0.08038082 0.22046300 0.04673122 -0.53102608 0.62032600 0.57724109 0.00000000
-0.08030573 0.22082300 0.04603488 -0.53438458 0.61381800 0.58108618 0.00000000
-0.08085823 0.22073500 0.04634637 -0.53102608 0.62032600 0.57724109 0.00000000
-0.08114593 0.22072300 0.04653890 -0.52050827 0.62688700 0.57972773 0.00000000
-0.08060574 0.22063700 0.04650983 -0.53102608 0.62032600 0.57724109 0.00000000
-0.08110457 0.22045500 0.04637615 -0.52755724 0.62359300 0.57690174 0.00000000
-0.08052304 0.22086800 0.04633610 -0.53690113 0.61905400 0.57315703 0.00000000
-0.08068677 0.22081800 0.04619216 -0.52746818 0.62038300 0.58043302 0.00000000
-0.08172428 0.22036500 0.04544452 -0.53102608 0.62032600 0.57724109 0.00000000
-0.08173348 0.22085100 0.04556495 -0.52379022 0.61719300 0.58712602 0.00000000
-0.08208694 0.22015600 0.04551263 -0.50599481 0.62367800 0.59581393 0.00000000
-0.07991550 0.22110900 0.04590883 -0.53336939 0.61913200 0.57636180 0.00000000
-0.07967825 0.22110800 0.04584770 -0.52763302 0.62678700 0.57335952 0.00000000
-0.08037151 0.22090700 0.04594180 -0.53681461 0.61584900 0.57668047 0.00000000
-0.07974102 0.22185000 0.04559262 -0.48866152 0.65222600 0.57949204 0.00000000
-0.08151317 0.22130200 0.04592249 -0.52020040 0.61721400 0.59028668 0.00000000
-0.08161859 0.22146100 0.04452834 -0.53117658 0.62671500 0.57015757 0.00000000
-0.08027803 0.22199100 0.04448727 -0.47781527 0.65519500 0.58515960 0.00000000
-0.07972407 0.22232700 0.04450516 -0.48866152 0.65222600 0.57949204 0.00000000
-0.07936141 0.22253600 0.04443705 -0.49475462 0.65108800 0.57558847 0.00000000
-0.07918536 0.22275900 0.04429847 -0.48866152 0.65222600 0.57949204 0.00000000
-0.07882269 0.22296900 0.04423036 -0.48860104 0.64908400 0.58305938 0.00000000
-0.07902005 0.22322000 0.04395102 -0.50198252 0.66033100 0.55854891 0.00000000
-0.07851965 0.22381300 0.04359341 -0.53674273 0.66513200 0.51914116 0.00000000
-0.08231511 0.21688600 0.04746003 -0.54054043 0.62531100 0.56285174 0.00000000
-0.08236722 0.21739100 0.04741392 -0.53708586 0.62857400 0.56252340 0.00000000
-0.08262879 0.21720800 0.04721912 -0.54054043 0.62531100 0.56285174 0.00000000
-0.08268393 0.21705400 0.04733490 -0.54524702 0.62942600 0.55365078 0.00000000
-0.08242224 0.21647100 0.04737783 -0.56113418 0.63972000 0.52524905 0.00000000
-0.08325774 0.21744100 0.04722867 -0.55779801 0.63690800 0.53217421 0.00000000
-0.08288138 0.21730500 0.04705567 -0.54054043 0.62531100 0.56285174 0.00000000
-0.08231209 0.21754400 0.04729804 -0.53708586 0.62857400 0.56252340 0.00000000
-0.08254619 0.21743800 0.04704540 -0.53470701 0.62662900 0.56694269 0.00000000
-0.08253242 0.21785900 0.04709236 -0.53475817 0.62979200 0.56337971 0.00000000
-0.08246349 0.21766800 0.04687167 -0.53475817 0.62979200 0.56337971 0.00000000
-0.08282615 0.21745900 0.04693988 -0.54054043 0.62531100 0.56285174 0.00000000
-0.08264715 0.21757400 0.04648764 -0.53470701 0.62662900 0.56694269 0.00000000
-0.08439637 0.21587100 0.04823350 -0.74057464 0.64960000 0.17195571 0.00000000
-0.08483566 0.21598300 0.04799967 -0.76238573 0.63072400 0.14475912 0.00000000
-0.08523192 0.21623700 0.04711182 -0.78354514 0.60989900 0.11866476 0.00000000
-0.08528234 0.21545800 0.04709145 -0.75373219 0.63055800 0.18516080 0.00000000
-0.08536337 0.21563800 0.04677389 -0.69559541 0.65447100 0.29633564 0.00000000
-0.08513083 0.21626300 0.04684891 -0.69153071 0.65404200 0.30661750 0.00000000
-0.08503443 0.21614800 0.04657039 -0.63288614 0.66526400 0.39607843 0.00000000
-0.08495173 0.21637800 0.04639666 -0.56648000 0.66842000 0.48199194 0.00000000
-0.08594344 0.21640200 0.04647433 -0.67874247 0.66099300 0.31999436 0.00000000
-0.08574440 0.21656200 0.04626228 -0.58836350 0.67113100 0.45101212 0.00000000
-0.08386366 0.21700600 0.04619214 -0.53093145 0.61710800 0.58076597 0.00000000
-0.08430902 0.21656700 0.04643397 -0.51966384 0.65389000 0.54988719 0.00000000
-0.08389885 0.21782500 0.04587922 -0.54054043 0.62531100 0.56285174 0.00000000
-0.08378105 0.21723700 0.04601852 -0.54054043 0.62531100 0.56285174 0.00000000
-0.08334946 0.21725500 0.04572973 -0.54054043 0.62531100 0.56285174 0.00000000
-0.08364322 0.21762000 0.04572891 -0.54054043 0.62531100 0.56285174 0.00000000
-0.08460735 0.21772100 0.04574873 -0.52414839 0.63002900 0.57300204 0.00000000
-0.08613016 0.21718200 0.04655572 -0.63152640 0.67869300 0.37489898 0.00000000
-0.08497011 0.21751100 0.04581695 -0.53010495 0.63191600 0.56539420 0.00000000
-0.08046339 0.21870100 0.04660131 -0.53123445 0.62988500 0.56659907 0.00000000
-0.07998440 0.21883900 0.04649478 -0.53802206 0.61696700 0.57435530 0.00000000
-0.08285370 0.21923900 0.04565993 -0.51259548 0.64788500 0.56346350 0.00000000
-0.08283991 0.21889500 0.04555502 -0.53018902 0.64128400 0.55466540 0.00000000
-0.08275720 0.21912500 0.04538140 -0.51005690 0.63968900 0.57501277 0.00000000
-0.08270046 0.21722800 0.04513960 -0.53475817 0.62979200 0.56337971 0.00000000
-0.08261472 0.21735100 0.04465212 -0.53010495 0.63191600 0.56539420 0.00000000
-0.08190336 0.21948400 0.04574501 -0.49571168 0.64283800 0.58397658 0.00000000
-0.08195222 0.21988100 0.04538512 -0.49519569 0.62678700 0.60159701 0.00000000
-0.08249094 0.21944900 0.04559171 -0.50178198 0.64169200 0.58004036 0.00000000
-0.08178702 0.22034200 0.04503768 -0.52972367 0.61597500 0.58306706 0.00000000
-0.08339534 0.21814800 0.04602851 -0.53475817 0.62979200 0.56337971 0.00000000
-0.08309083 0.21847400 0.04556919 -0.53010495 0.63191600 0.56539420 0.00000000
-0.08419718 0.21897900 0.04519399 -0.53014528 0.63505600 0.56182847 0.00000000
-0.08465777 0.21787000 0.04505947 -0.52058711 0.63007900 0.57618472 0.00000000
-0.08151302 0.22069800 0.04494995 -0.52379022 0.61719300 0.58712602 0.00000000
-0.08137529 0.22108200 0.04466045 -0.52991296 0.62240000 0.57603134 0.00000000
-0.08166902 0.22068200 0.04450797 -0.52379022 0.61719300 0.58712602 0.00000000
-0.08183891 0.22100900 0.04417080 -0.53102608 0.62032600 0.57724109 0.00000000
-0.08123745 0.22146600 0.04437094 -0.54403133 0.62519000 0.55961407 0.00000000
-0.07923734 0.22249800 0.04410058 -0.49227954 0.65225600 0.57638747 0.00000000
-0.08228875 0.22135800 0.04372810 -0.53470701 0.62662900 0.56694269 0.00000000
