0.08925945 0.19075900 -0.02588596 -0.82248150 -0.42817000 -0.37442512 2.00000000
0.08969209 0.19206100 -0.02783735 -0.77181269 -0.42363700 -0.47416981 2.00000000
0.08922770 0.19209100 -0.02694666 -0.78394742 -0.41807500 -0.45895475 2.00000000
0.08915427 0.19235800 -0.02706118 -0.77415350 -0.41990000 -0.47367842 2.00000000
0.08881901 0.19236300 -0.02657379 -0.79572222 -0.41563500 -0.44053822 2.00000000
0.08873122 0.19266600 -0.02659617 -0.78621632 -0.41434200 -0.45845798 2.00000000
0.08895139 0.19186400 -0.02625221 -0.80253738 -0.41409000 -0.42949234 2.00000000
0.08912415 0.19251900 -0.02745283 -0.77415350 -0.41990000 -0.47367842 2.00000000
0.09911366 0.21136400 -0.04616479 -0.24312489 -0.87613100 0.41627555 1.00000000
0.09895311 0.21163900 -0.04672926 -0.24312489 -0.87613100 0.41627555 1.00000000
0.09899761 0.21144300 -0.04643006 -0.24312489 -0.87613100 0.41627555 1.00000000
0.09895441 0.21154900 -0.04615303 -0.24312489 -0.87613100 0.41627555 1.00000000
0.09870367 0.21172500 -0.04636826 -0.23826765 -0.88164100 0.40735367 1.00000000
0.09863091 0.21169700 -0.04691045 -0.24312489 -0.87613100 0.41627555 1.00000000
0.09858762 0.21180400 -0.04663352 -0.22972997 -0.87947700 0.41682642 1.00000000
0.09854442 0.21191100 -0.04635660 -0.22972997 -0.87947700 0.41682642 1.00000000
0.09851995 0.21200000 -0.04639477 -0.22972997 -0.87947700 0.41682642 1.00000000
0.09937005 0.21111700 -0.04559619 -0.24209906 -0.87860500 0.41163329 1.00000000
0.09933547 0.21125900 -0.04576498 -0.24209906 -0.87860500 0.41163329 1.00000000
0.09909920 0.21139900 -0.04607245 -0.24312489 -0.87613100 0.41627555 1.00000000
0.09868921 0.21176100 -0.04627602 -0.23826765 -0.88164100 0.40735367 1.00000000
0.09827682 0.21171900 -0.04610786 -0.19805592 -0.87789300 0.43597971 1.00000000
0.09808372 0.21225400 -0.04526109 -0.20171734 -0.87489100 0.44031359 1.00000000
0.09752721 0.21206800 -0.04560108 -0.13464434 -0.86657100 0.48054665 1.00000000
0.09851429 0.21207100 -0.04674814 -0.22972997 -0.87947700 0.41682642 1.00000000
0.09824909 0.21228200 -0.04687103 -0.19805592 -0.87789300 0.43597971 1.00000000
0.09826921 0.21217500 -0.04661000 -0.19805592 -0.87789300 0.43597971 1.00000000
0.09789566 0.21200900 -0.04649591 -0.16809256 -0.86887100 0.46562725 1.00000000
0.09788566 0.21206300 -0.04662652 -0.16809256 -0.86887100 0.46562725 1.00000000
0.09734155 0.21222500 -0.04720752 -0.14023386 -0.86904300 0.47444581 1.00000000
0.09796147 0.21219800 -0.04688342 -0.17706410 -0.87421000 0.45211048 1.00000000
0.09757792 0.21208600 -0.04689995 -0.14023386 -0.86904300 0.47444581 1.00000000
0.09733284 0.21219000 -0.04676181 -0.13464434 -0.86657100 0.48054665 1.00000000
0.09753472 0.21219300 -0.04662302 -0.13464434 -0.86657100 0.48054665 1.00000000
0.09714103 0.21263500 -0.04533881 -0.08859862 -0.87866000 0.46915479 1.00000000
0.09683895 0.21258700 -0.04525886 -0.06190808 -0.88791800 0.45581700 1.00000000
0.09639644 0.21270600 -0.04548245 -0.12634598 -0.92380700 0.36141038 1.00000000
0.09670287 0.21277200 -0.04578516 -0.06180716 -0.89069200 0.45038594 1.00000000
0.09662955 0.21304000 -0.04589978 -0.12333493 -0.90682000 0.40307147 1.00000000
0.09564894 0.21166600 -0.04768933 -0.09869073 -0.89326000 0.43857351 1.00000000
0.09540452 0.21147500 -0.04797875 -0.10666462 -0.90169300 0.41901469 1.00000000
0.09534424 0.21229800 -0.04733068 -0.11251784 -0.65210100 0.74973622 1.00000000
0.09527081 0.21256500 -0.04744530 -0.16991860 -0.68461500 0.70882372 1.00000000
0.09495765 0.21157700 -0.04797928 0.18217863 0.10352600 0.97779988 1.00000000
0.09611318 0.21263900 -0.04571770 0.12622733 -0.32525200 0.93716511 1.00000000
0.09552218 0.21259600 -0.04622628 -0.08740715 -0.69936100 0.70940434 1.00000000
0.09612059 0.21276400 -0.04673955 0.14498099 -0.00564988 0.98941872 1.00000000
0.09605292 0.21296000 -0.04650090 -0.11265653 -0.61402700 0.78120431 1.00000000
0.09535478 0.21245000 -0.04619637 0.33490769 0.65475100 0.67759743 1.00000000
0.09508599 0.21234800 -0.04652396 0.33184380 0.64885700 0.68473722 1.00000000
0.09498449 0.21239100 -0.04688147 0.33072302 0.63737000 0.69597487 1.00000000
0.09581991 0.21262600 -0.04608347 -0.05821091 -0.66556800 0.74406315 1.00000000
0.09578227 0.21266200 -0.04545307 0.06801799 -0.53183200 0.84411366 1.00000000
0.09449064 0.21228700 -0.04680988 0.32715133 0.62106900 0.71221163 1.00000000
0.09331756 0.21165400 -0.04674887 0.34945335 0.62531100 0.69775984 1.00000000
0.09459592 0.21255700 -0.04624767 0.33429887 0.63471100 0.69669728 1.00000000
0.09358742 0.21274900 -0.04593787 0.35898715 0.60868800 0.70754967 1.00000000
0.09698547 0.21313400 -0.04512244 -0.06780097 -0.88477200 0.46106544 1.00000000
0.09660192 0.21302200 -0.04513897 0.25740040 0.10844600 0.96019999 1.00000000
0.09645647 0.21346700 -0.04479208 0.17019122 -0.22590300 0.95916759 1.00000000
0.09617886 0.21332900 -0.04467386 0.15403394 -0.32823700 0.93195211 1.00000000
0.09615439 0.21341900 -0.04471213 0.10605767 -0.38452500 0.91700130 1.00000000
0.09597774 0.21303100 -0.04524020 0.01327642 -0.56305600 0.82631216 1.00000000
0.09579335 0.21360200 -0.04483915 0.31636814 0.52667900 0.78899973 1.00000000
0.09513860 0.21298500 -0.04481165 0.32236206 0.76710400 0.55464746 1.00000000
0.09504136 0.21304600 -0.04539201 0.33534666 0.69643200 0.63444894 1.00000000
0.09506953 0.21327000 -0.04514913 0.34338946 0.68024100 0.64757691 1.00000000
0.09517482 0.21354000 -0.04458701 0.34040050 0.76156300 0.55149732 1.00000000
0.09522752 0.21267200 -0.04716838 -0.13702667 -0.70168000 0.69919102 1.00000000
0.09476694 0.21251400 -0.04750413 -0.14366228 -0.70257200 0.69695991 1.00000000
0.09299577 0.21300100 -0.04601908 0.39723007 0.61604900 0.68021492 1.00000000
0.09490962 0.21375100 -0.04470990 0.35051735 0.66212500 0.66236671 1.00000000
0.09459317 0.21373800 -0.04453761 0.35036398 0.71549500 0.60441021 1.00000000
0.09430545 0.21365400 -0.04455011 0.35801386 0.67630600 0.64376746 1.00000000
0.09378353 0.21332500 -0.04472121 0.37101472 0.63113500 0.68118753 1.00000000
0.09348754 0.21399200 -0.04480827 0.37840309 0.60975600 0.69642638 1.00000000
0.09335472 0.21370400 -0.04460957 0.38518817 0.59700600 0.70371427 1.00000000
0.09395755 0.21439200 -0.04391444 0.37997006 0.66680700 0.64108621 1.00000000
0.09285426 0.21217600 -0.04680593 0.36730194 0.63052600 0.68375910 1.00000000
0.09266508 0.21194100 -0.04566173 0.38068740 0.59853500 0.70486354 1.00000000
0.09282607 0.21245300 -0.04561755 0.38082581 0.58584800 0.71537010 1.00000000
0.09234156 0.21259000 -0.04498789 0.40492929 0.62393100 0.66838877 1.00000000
0.09226943 0.21276800 -0.04452628 0.42002340 0.63594500 0.64742117 1.00000000
0.09273382 0.21273800 -0.04541708 0.39286505 0.60165100 0.69546635 1.00000000
0.09776602 0.21180700 -0.03484766 0.21476325 0.95454000 -0.20671389 1.00000000
0.09777603 0.21175400 -0.03471715 0.21476325 0.95454000 -0.20671389 1.00000000
0.09782868 0.21188900 -0.03443609 0.30908102 0.90792200 -0.28310087 1.00000000
0.09767378 0.21209200 -0.03464719 0.20768289 0.95809500 -0.19728337 1.00000000
0.09739760 0.21136400 -0.03538409 0.06320586 0.97752600 -0.20111778 1.00000000
0.09724706 0.21158500 -0.03581805 -0.06198448 0.98420300 -0.16583980 1.00000000
0.09751595 0.21168700 -0.03549045 0.06320586 0.97752600 -0.20111778 1.00000000
0.09742816 0.21199000 -0.03551273 0.06320586 0.97752600 -0.20111778 1.00000000
0.09711161 0.21197700 -0.03534055 0.06320586 0.97752600 -0.20111778 1.00000000
0.09745819 0.21183000 -0.03512119 0.19893288 0.94962700 -0.24214363 1.00000000
0.09723768 0.21184500 -0.03494477 0.19893288 0.94962700 -0.24214363 1.00000000
0.09706832 0.21208400 -0.03506362 0.05810224 0.97800700 -0.20031709 1.00000000
0.09682965 0.21182200 -0.03499957 0.05556683 0.97823600 -0.19991643 1.00000000
0.09719438 0.21195200 -0.03466784 0.19324811 0.95551100 -0.22283265 1.00000000
0.09679646 0.21187500 -0.03459203 0.19676520 0.95396100 -0.22636514 1.00000000
0.09644979 0.21202200 -0.03481139 0.05810224 0.97800700 -0.20031709 1.00000000
0.09717363 0.21185300 -0.03593267 -0.06198448 0.98420300 -0.16583980 1.00000000
0.09722628 0.21198800 -0.03565161 0.07373044 0.97586400 -0.20555663 1.00000000
0.09706267 0.21215500 -0.03541700 0.06289221 0.97821200 -0.19785518 1.00000000
0.09679952 0.21198200 -0.03539112 -0.00454619 0.98318900 -0.18253209 1.00000000
0.09653628 0.21180900 -0.03536534 -0.08711673 0.98380500 -0.15665001 1.00000000
0.09626237 0.21198400 -0.03504251 -0.05228749 0.98406200 -0.16996239 1.00000000
0.09620916 0.21214500 -0.03489610 0.05810224 0.97800700 -0.20031709 1.00000000
0.09613404 0.21121300 -0.03649792 0.76183464 0.28205800 -0.58313948 1.00000000
0.09599869 0.21160500 -0.03602042 0.77930728 0.28045000 -0.56038170 1.00000000
0.09806495 0.21174900 -0.03412852 0.25287039 0.91696900 -0.30858583 1.00000000
0.09834395 0.21179700 -0.03367041 0.25287039 0.91696900 -0.30858583 1.00000000
0.09855508 0.21204200 -0.03297365 0.25287039 0.91696900 -0.30858583 1.00000000
0.09853061 0.21213100 -0.03301183 0.25287039 0.91696900 -0.30858583 1.00000000
0.09808440 0.21193700 -0.03343993 0.25287039 0.91696900 -0.30858583 1.00000000
0.09817958 0.21226100 -0.03300833 0.25287039 0.91696900 -0.30858583 1.00000000
0.09801238 0.21211500 -0.03297842 0.25287039 0.91696900 -0.30858583 1.00000000
0.09770390 0.21193200 -0.03425554 0.30908102 0.90792200 -0.28310087 1.00000000
0.09809311 0.21197300 -0.03388574 0.25287039 0.91696900 -0.30858583 1.00000000
0.09795398 0.21205200 -0.03361285 0.25287039 0.91696900 -0.30858583 1.00000000
0.09792884 0.21243600 -0.03322356 0.25287039 0.91696900 -0.30858583 1.00000000
0.09748775 0.21196500 -0.03430208 0.30908102 0.90792200 -0.28310087 1.00000000
0.09746893 0.21198300 -0.03398688 0.25287039 0.91696900 -0.30858583 1.00000000
0.09732980 0.21206100 -0.03371408 0.25287039 0.91696900 -0.30858583 1.00000000
0.09711355 0.21209400 -0.03376052 0.25287039 0.91696900 -0.30858583 1.00000000
0.09679776 0.21178600 -0.03401580 0.25287039 0.91696900 -0.30858583 1.00000000
0.09732850 0.21215100 -0.03429031 0.30908102 0.90792200 -0.28310087 1.00000000
0.09696746 0.21233400 -0.03441733 0.22378828 0.94400000 -0.24245108 1.00000000
0.09679580 0.21217000 -0.03416456 0.30908102 0.90792200 -0.28310087 1.00000000
0.09709343 0.21220100 -0.03402165 0.25287039 0.91696900 -0.30858583 1.00000000
0.09704012 0.21236200 -0.03387524 0.25287039 0.91696900 -0.30858583 1.00000000
0.09680581 0.21211700 -0.03403405 0.25287039 0.91696900 -0.30858583 1.00000000
0.09696876 0.21224400 -0.03384110 0.25287039 0.91696900 -0.30858583 1.00000000
0.09650243 0.21215700 -0.03453033 0.04751059 0.98062700 -0.19003546 1.00000000
0.09662644 0.21241000 -0.03428332 0.22378828 0.94400000 -0.24245108 1.00000000
0.09613268 0.21230500 -0.03421163 0.22378828 0.94400000 -0.24245108 1.00000000
0.08911757 0.20455500 -0.03654061 -0.49246594 -0.22139600 -0.84170084 1.00000000
0.08956052 0.20522200 -0.03683740 -0.58734052 -0.38682100 -0.71091558 1.00000000
0.08947273 0.20552500 -0.03685968 -0.58950923 -0.36126400 -0.72247309 1.00000000
0.08892493 0.20537500 -0.03764539 -0.61994700 -0.28258100 -0.73199302 1.00000000
0.08885151 0.20564200 -0.03776001 -0.61362795 -0.27947300 -0.73848155 1.00000000
0.08921830 0.20538800 -0.03727962 -0.59726988 -0.35865500 -0.71738035 1.00000000
0.08917500 0.20549400 -0.03700260 -0.59726988 -0.35865500 -0.71738035 1.00000000
0.08908276 0.20578000 -0.03680212 -0.60084706 -0.37708000 -0.70483637 1.00000000
0.08876502 0.20585600 -0.03720616 -0.59908323 -0.31863100 -0.73455711 1.00000000
0.08848305 0.20570000 -0.03686518 -0.60174999 -0.30065000 -0.73993701 1.00000000
0.08861653 0.20569300 -0.03749135 -0.60161654 -0.28628200 -0.74572051 1.00000000
0.08945324 0.20583800 -0.03611702 -0.60250058 -0.40646600 -0.68686166 1.00000000
0.08965068 0.20582300 -0.03575549 -0.59188012 -0.45378700 -0.66615010 1.00000000
0.08980285 0.20630000 -0.03526549 -0.60154273 -0.43115700 -0.67249475 1.00000000
0.08932389 0.20694600 -0.03580653 -0.59111359 -0.28593100 -0.75420651 1.00000000
0.08936003 0.20513000 -0.03639995 -0.59255179 -0.40987500 -0.69345890 1.00000000
0.08946521 0.20540000 -0.03583774 -0.58221533 -0.46083700 -0.66981722 1.00000000
0.08947838 0.20545400 -0.03650631 -0.59440995 -0.38705600 -0.70488546 1.00000000
0.08941766 0.20548900 -0.03533796 -0.58925211 -0.49355200 -0.63967809 1.00000000
0.08929964 0.20595300 -0.03575189 -0.59935226 -0.41649400 -0.68360095 1.00000000
0.08922765 0.20562900 -0.03672164 -0.59571353 -0.39442400 -0.69968241 1.00000000
0.08884779 0.20583000 -0.03653346 -0.60291846 -0.37631800 -0.70347367 1.00000000
0.08936176 0.20582800 -0.03634401 -0.60250058 -0.40646600 -0.68686166 1.00000000
0.08860902 0.20556800 -0.03646941 -0.60134958 -0.35070000 -0.71790635 1.00000000
0.08813777 0.20575800 -0.03650821 -0.60833353 -0.35089400 -0.71190061 1.00000000
0.08780686 0.20578100 -0.03624368 -0.61336242 -0.37656200 -0.69425341 1.00000000
0.08812830 0.20601800 -0.03563503 -0.60715909 -0.37358000 -0.70128124 1.00000000
0.08800157 0.20644600 -0.03560325 -0.61613774 -0.37296300 -0.69373931 1.00000000
0.08853567 0.20633700 -0.03515287 -0.61661789 -0.39488900 -0.68106217 1.00000000
0.08867643 0.20695600 -0.03536972 -0.60775952 -0.38375400 -0.69524161 1.00000000
0.08868209 0.20688400 -0.03501625 -0.60351201 -0.39182000 -0.69444236 1.00000000
0.08793955 0.20657000 -0.03501112 -0.61984825 -0.40675700 -0.67107103 1.00000000
0.08835118 0.20690700 -0.03475182 -0.61498651 -0.40582300 -0.67609111 1.00000000
0.08871408 0.20692000 -0.03600001 -0.60173802 -0.31509300 -0.73391268 1.00000000
0.08805791 0.20689400 -0.03511758 -0.61783744 -0.40221000 -0.67565047 1.00000000
0.08830602 0.20739800 -0.03462355 -0.56877166 -0.63269300 -0.52554622 1.00000000
0.08855469 0.20760700 -0.03455699 -0.42358060 -0.87530200 -0.23329359 1.00000000
0.08801840 0.20731400 -0.03463595 0.01385295 -0.88349300 0.46823888 1.00000000
0.08742425 0.20716300 -0.03434554 0.04428046 -0.82927600 0.55708308 1.00000000
0.08762038 0.20723700 -0.03456013 0.04147462 -0.85390100 0.51878052 1.00000000
0.08726475 0.20505700 -0.03810717 -0.55714842 -0.83020900 0.01837389 1.00000000
0.08717257 0.20584400 -0.03647543 -0.63047301 -0.35859300 -0.68841507 1.00000000
0.08764695 0.20626200 -0.03580445 -0.62580498 -0.38123000 -0.68046448 1.00000000
0.08679836 0.20597400 -0.03593388 -0.24266769 -0.93950000 0.24176846 1.00000000
0.08751150 0.20665400 -0.03532695 -0.61823098 -0.44319900 -0.64912615 1.00000000
0.08638465 0.20652300 -0.03491079 0.06184023 -0.82833000 0.55681732 1.00000000
0.08653313 0.20668600 -0.03462561 0.07383210 -0.82396600 0.56180921 1.00000000
0.08600685 0.20633900 -0.03457395 0.09235596 -0.82290200 0.56062670 1.00000000
0.08548483 0.20601000 -0.03474515 0.09235596 -0.82290200 0.56062670 1.00000000
0.08684403 0.20677100 -0.03515127 0.03283316 -0.84853700 0.52811722 1.00000000
0.08655196 0.20666800 -0.03494081 0.04703236 -0.82253900 0.56676139 1.00000000
0.08634581 0.20664800 -0.03485673 0.07383210 -0.82396600 0.56180921 1.00000000
0.08624552 0.20660200 -0.03463800 0.09235596 -0.82290200 0.56062670 1.00000000
0.08590895 0.20669600 -0.03472684 0.09235596 -0.82290200 0.56062670 1.00000000
0.08586566 0.20680300 -0.03444992 0.09235596 -0.82290200 0.56062670 1.00000000
0.08564571 0.20652200 -0.03470107 0.09235596 -0.82290200 0.56062670 1.00000000
0.08512379 0.20619400 -0.03487226 0.09235596 -0.82290200 0.56062670 1.00000000
0.08548590 0.20700400 -0.03426174 0.09235596 -0.82290200 0.56062670 1.00000000
0.08495439 0.20693400 -0.03355976 0.17655100 -0.75857900 0.62720650 1.00000000
0.08485650 0.20729100 -0.03371266 0.19354861 -0.74114600 0.64283891 1.00000000
0.08485856 0.20690600 -0.03356389 0.19354861 -0.74114600 0.64283891 1.00000000
0.08476066 0.20726300 -0.03371679 0.21112958 -0.75027100 0.62651163 1.00000000
0.08957146 0.19999500 -0.04510870 -0.30973860 0.32673200 -0.89292109 1.00000000
0.09168656 0.20054200 -0.04466434 -0.07965963 0.60774300 -0.79012811 1.00000000
0.09200028 0.20123500 -0.04455793 -0.07388194 0.62134200 -0.78004895 1.00000000
0.09126210 0.20093900 -0.04477556 -0.07965963 0.60774300 -0.79012811 1.00000000
0.09147204 0.20127200 -0.04465493 -0.07388194 0.62134200 -0.78004895 1.00000000
0.09037674 0.20039000 -0.04470225 -0.21764898 0.45460900 -0.86368936 1.00000000
0.08972799 0.20048900 -0.04484167 -0.26066676 0.37662600 -0.88893536 1.00000000
0.08994358 0.20075100 -0.04436766 -0.19618189 0.52901600 -0.82562452 1.00000000
0.09050444 0.20095600 -0.04425063 -0.17790424 0.55577100 -0.81207704 1.00000000
0.09124998 0.20238000 -0.04219232 -0.33034876 0.76412600 -0.55405885 1.00000000
0.09123292 0.20259400 -0.04325244 -0.03665418 0.71754500 -0.69554670 1.00000000
0.09111630 0.20296800 -0.04309024 -0.06431519 0.74990000 -0.65841711 1.00000000
0.09104862 0.20316400 -0.04285139 -0.07075465 0.77862200 -0.62349170 1.00000000
0.09002403 0.20269400 -0.04250529 -0.40924845 0.73848400 -0.53587009 1.00000000
0.08948624 0.20249000 -0.04316038 -0.39687183 0.75939500 -0.51556906 1.00000000
0.08967170 0.20291300 -0.04307802 -0.29555612 0.74709500 -0.59539504 1.00000000
0.08904948 0.20253800 -0.04303049 -0.45130080 0.73509300 -0.50593060 1.00000000
0.08970619 0.20277100 -0.04290933 -0.37454943 0.72352800 -0.57984554 1.00000000
0.08973239 0.20337900 -0.04281511 -0.20031959 0.78282200 -0.58911941 1.00000000
0.09011355 0.20308900 -0.04242706 -0.40946466 0.73569600 -0.53952688 1.00000000
0.09005014 0.20330300 -0.04241117 -0.24412571 0.80102800 -0.54658711 1.00000000
0.08973369 0.20329000 -0.04223888 -0.52438180 0.68135800 -0.51066090 1.00000000
0.08888653 0.20241100 -0.04322344 -0.48796079 0.71055100 -0.50696179 1.00000000
0.09468000 0.19942600 -0.04604123 -0.03522946 0.52441100 -0.85073579 1.00000000
0.09447385 0.19940600 -0.04595715 -0.04789325 0.55651000 -0.82945872 1.00000000
0.09415730 0.19939300 -0.04578486 -0.04544262 0.57988900 -0.81342700 1.00000000
0.09463710 0.20082200 -0.04485323 -0.03227331 0.64574200 -0.76287333 1.00000000
0.09473523 0.19938300 -0.04460761 -0.03981220 0.59021700 -0.80626219 1.00000000
0.09446371 0.19996100 -0.04465641 -0.06412923 0.60660900 -0.79240998 1.00000000
0.09398422 0.19982000 -0.04467707 -0.06412923 0.60660900 -0.79240998 1.00000000
0.09461592 0.19993600 -0.04559777 -0.04003527 0.59475600 -0.80290884 1.00000000
0.09452813 0.20023900 -0.04562015 -0.04585549 0.59591500 -0.80173776 1.00000000
0.09405069 0.19971400 -0.04549204 -0.06412923 0.60660900 -0.79240998 1.00000000
0.09368161 0.19956600 -0.04560091 -0.06412923 0.60660900 -0.79240998 1.00000000
0.09468030 0.20071500 -0.04513026 -0.07073361 0.62505300 -0.77737035 1.00000000
0.09456933 0.20101800 -0.04461458 -0.03227331 0.64574200 -0.76287333 1.00000000
0.09479809 0.20133400 -0.04480915 -0.06246993 0.65398700 -0.75392228 1.00000000
0.09421701 0.20123700 -0.04518731 -0.03227331 0.64574200 -0.76287333 1.00000000
0.09461589 0.20043700 -0.04416651 -0.03227331 0.64574200 -0.76287333 1.00000000
0.09581311 0.20206300 -0.04428207 -0.02975864 0.66556800 -0.74574319 1.00000000
0.09474033 0.20147600 -0.04443988 -0.06246993 0.65398700 -0.75392228 1.00000000
0.09488445 0.20162200 -0.04393184 -0.07769436 0.65581400 -0.75091344 1.00000000
0.09488249 0.20200600 -0.04408050 -0.06220454 0.64947200 -0.75783693 1.00000000
0.09433164 0.20174800 -0.04406712 -0.07998619 0.62561000 -0.77602478 1.00000000
0.09483354 0.20218400 -0.04415695 -0.06220454 0.64947200 -0.75783693 1.00000000
0.09466428 0.20242400 -0.04427571 -0.00951110 0.66059800 -0.75067947 1.00000000
0.09449698 0.20227800 -0.04424580 -0.08293687 0.62045300 -0.77984582 1.00000000
0.09453146 0.20213600 -0.04407701 -0.08293687 0.62045300 -0.77984582 1.00000000
0.09368298 0.20184700 -0.04420653 -0.07388194 0.62134200 -0.78004895 1.00000000
0.09314223 0.20153600 -0.04406263 -0.07388194 0.62134200 -0.78004895 1.00000000
0.09285758 0.20155900 -0.04487411 -0.07388194 0.62134200 -0.78004895 1.00000000
0.09404575 0.20236200 -0.04402357 -0.07998619 0.62561000 -0.77602478 1.00000000
0.09414595 0.20240800 -0.04424230 -0.08293687 0.62045300 -0.77984582 1.00000000
0.09364142 0.20265200 -0.04387366 -0.07388194 0.62134200 -0.78004895 1.00000000
0.09335643 0.20188800 -0.04416486 -0.07388194 0.62134200 -0.78004895 1.00000000
0.09299734 0.20168600 -0.04414311 -0.07388194 0.62134200 -0.78004895 1.00000000
0.09323981 0.20226200 -0.04400256 -0.07388194 0.62134200 -0.78004895 1.00000000
0.09511481 0.20313700 -0.04263921 0.35262733 0.84418900 -0.40373137 1.00000000
0.09467360 0.20316700 -0.04228647 0.33415502 0.87570800 -0.34853503 1.00000000
0.09355426 0.20316100 -0.04289225 0.01628816 0.77148500 -0.63603895 1.00000000
0.09356993 0.20303600 -0.04240836 0.13768507 0.83350900 -0.53507453 1.00000000
0.09258300 0.20203000 -0.04412382 -0.07388194 0.62134200 -0.78004895 1.00000000
0.09385555 0.20400700 -0.04111347 0.54322934 0.80559500 -0.23647143 1.00000000
0.09271945 0.20363400 -0.04125539 0.35147783 0.89604900 -0.27121716 1.00000000
0.09394151 0.20358700 -0.04267101 0.12455592 0.79538600 -0.59316681 1.00000000
0.09397969 0.20375700 -0.04229772 0.23512442 0.82610900 -0.51211379 1.00000000
0.09332288 0.20352500 -0.04241888 0.13852953 0.81860500 -0.55740047 1.00000000
0.09267486 0.20383000 -0.04155470 0.14214651 0.90027500 -0.41145880 1.00000000
0.09547217 0.21083500 -0.04035527 -0.44725740 0.78915200 0.42095160 1.00000000
0.09618358 0.21081800 -0.03980428 -0.48287743 0.86713400 0.12209796 1.00000000
0.09570212 0.21106200 -0.03997361 -0.57556075 0.72889800 0.37072555 1.00000000
0.09515998 0.21084000 -0.04040594 -0.44715306 0.75962200 0.47225894 1.00000000
0.09514931 0.21118900 -0.04010899 -0.52980057 0.71403800 0.45767017 1.00000000
0.09481839 0.21121200 -0.03984436 -0.60468178 0.61513500 0.50593315 1.00000000
0.09463240 0.21058300 -0.04093051 -0.01078864 0.86881700 0.49501625 1.00000000
0.09481470 0.21089800 -0.04004906 -0.55067516 0.64484100 0.53003578 1.00000000
0.09433085 0.21074000 -0.03984687 -0.52798096 0.64888500 0.54789137 1.00000000
0.09356580 0.21013100 -0.03973115 -0.55253221 0.53689200 0.63753892 1.00000000
0.09446673 0.21113500 -0.04084465 0.04456443 0.88218800 0.46878440 1.00000000
0.09458844 0.21098500 -0.04022602 -0.48385154 0.71016600 0.51142134 1.00000000
0.09564001 0.21118700 -0.03938148 -0.58744169 0.75485100 0.29173829 1.00000000
0.09622981 0.21132000 -0.03944913 -0.41678505 0.90828400 0.03619170 1.00000000
0.09618651 0.21142700 -0.03917211 -0.40269320 0.91533400 -0.00121607 1.00000000
0.09597461 0.21147700 -0.03944151 -0.43164155 0.90049400 0.05288717 1.00000000
0.09520956 0.21086800 -0.03932569 -0.58410815 0.74282800 0.32714440 1.00000000
0.09492195 0.21078400 -0.03933809 -0.59387574 0.70185600 0.39333196 1.00000000
0.09534238 0.21115600 -0.03952439 -0.57168455 0.74408000 0.34571901 1.00000000
0.09516061 0.21104600 -0.03940224 -0.58457769 0.73414700 0.34539376 1.00000000
0.09483851 0.21110500 -0.03958332 -0.60919109 0.65404500 0.44845557 1.00000000
0.09374245 0.21051800 -0.03920308 -0.57987758 0.59964600 0.55151309 1.00000000
0.09346495 0.21038000 -0.03908496 -0.60030779 0.53142600 0.59767740 1.00000000
0.09340589 0.21061200 -0.03929193 -0.53603470 0.58845100 0.60530405 1.00000000
0.09388974 0.21077000 -0.03949412 -0.55298162 0.62688700 0.54883916 1.00000000
0.09364096 0.21056100 -0.03956059 -0.49100805 0.62394400 0.60795229 1.00000000
0.09342471 0.21059400 -0.03960712 -0.50895903 0.60503700 0.61228332 1.00000000
0.09428623 0.21143800 -0.03871491 -0.65171456 0.62672700 0.42717773 1.00000000
0.09337400 0.21057600 -0.03830816 -0.66040902 0.55993400 0.50033405 1.00000000
0.09253784 0.20826600 -0.03949684 -0.33756570 0.56754800 0.75095827 1.00000000
0.09264173 0.20862500 -0.03951096 -0.46040328 0.53651000 0.70723778 1.00000000
0.09239110 0.20880000 -0.03972618 -0.46847879 0.55193400 0.68985241 1.00000000
0.09306390 0.20969500 -0.03964132 -0.55635534 0.52030900 0.64787880 1.00000000
0.09268307 0.20890300 -0.03993665 -0.48466055 0.51772200 0.70503020 1.00000000
0.09275387 0.20931500 -0.03954322 -0.51817716 0.53557000 0.66682525 1.00000000
0.09283285 0.20897600 -0.03907523 -0.54550944 0.53647900 0.64390217 1.00000000
0.09271622 0.20935100 -0.03891283 -0.55204980 0.52615000 0.64684382 1.00000000
0.09261267 0.20977900 -0.03941910 -0.55635534 0.52030900 0.64787880 1.00000000
0.09207552 0.20978100 -0.03907049 -0.50725163 0.55492300 0.65936050 1.00000000
0.09264327 0.20990300 -0.04097910 -0.59458711 0.58738100 0.54904377 1.00000000
0.09313776 0.21021400 -0.04004698 -0.58492010 0.54630500 0.59951655 1.00000000
0.09291705 0.21023000 -0.03987057 -0.57027540 0.55180200 0.60852283 1.00000000
0.09288323 0.21007700 -0.04046682 -0.52195604 0.60470000 0.60158120 1.00000000
0.09263389 0.21016300 -0.04010582 -0.53255797 0.58826400 0.60854603 1.00000000
0.09280685 0.21023700 -0.03978245 -0.57027540 0.55180200 0.60852283 1.00000000
0.09287256 0.21042600 -0.04016987 -0.57028062 0.58622000 0.57543570 1.00000000
0.09251913 0.21015300 -0.03979485 -0.50748862 0.56203400 0.65312584 1.00000000
0.09232116 0.20996200 -0.04116018 -0.67553237 0.55198600 0.48884318 1.00000000
0.09303986 0.21057100 -0.04019978 -0.59158354 0.57734400 0.56276362 1.00000000
0.09247899 0.21036700 -0.04031691 -0.54966463 0.59921500 0.58207456 1.00000000
0.09302243 0.21050000 -0.03930845 -0.54362706 0.55169500 0.63253604 1.00000000
0.09283697 0.21007700 -0.03939081 -0.54968299 0.52710400 0.64808124 1.00000000
0.09304115 0.21048200 -0.03962355 -0.54951592 0.55089900 0.62812579 1.00000000
0.09206986 0.20985200 -0.03942386 -0.49960520 0.54349100 0.67454628 1.00000000
0.09424409 0.20094800 -0.03174795 -0.59857668 0.80041900 0.03218445 1.00000000
0.09486761 0.20123300 -0.03121934 -0.60523654 0.79450300 -0.04953311 1.00000000
0.09448416 0.20112100 -0.03123577 -0.61361189 0.78949900 -0.01309203 1.00000000
0.09372652 0.20063700 -0.03214200 -0.60864156 0.78807000 0.09220411 1.00000000
0.09377601 0.20066500 -0.03106186 -0.64597836 0.76322200 0.01427568 1.00000000
0.09377035 0.20073600 -0.03141523 -0.63560531 0.77109900 0.03757279 1.00000000
0.09386563 0.20105900 -0.03098363 -0.60964348 0.79265000 0.00640664 1.00000000
0.09341071 0.20083000 -0.03096602 -0.65357557 0.75681400 0.00850556 1.00000000
0.09336166 0.20100800 -0.03104247 -0.64212015 0.76606200 0.02880860 1.00000000
0.09293318 0.20030500 -0.03083801 -0.75120692 0.65836700 0.04734182 1.00000000
0.09283528 0.20066100 -0.03099081 -0.72517492 0.68643700 0.05408412 1.00000000
0.09274380 0.20065100 -0.03121790 -0.71023470 0.69989500 0.07558291 1.00000000
0.09217012 0.19880900 -0.03200479 -0.87005720 0.41332000 0.26864168 1.00000000
0.09269082 0.19972900 -0.03097856 -0.87107842 0.47273400 0.13321149 1.00000000
0.09157943 0.20005400 -0.03160260 -0.84091474 0.49397200 0.22102846 1.00000000
0.09177696 0.20003900 -0.03124096 -0.85225346 0.47787300 0.21284046 1.00000000
0.09252525 0.20028100 -0.03089271 -0.79740262 0.59543700 0.09799888 1.00000000
0.09231901 0.20026100 -0.03080863 -0.81896883 0.56559400 0.09691388 1.00000000
0.09198440 0.19997000 -0.03074871 -0.87018725 0.47243900 0.13991473 1.00000000
0.09171930 0.20018100 -0.03087160 -0.83110680 0.53454900 0.15335740 1.00000000
0.09230334 0.20038600 -0.03129252 -0.77182689 0.62224900 0.13072720 1.00000000
0.09103868 0.19974300 -0.03145860 -0.86031929 0.43756400 0.26151232 1.00000000
0.09148359 0.20002600 -0.03160673 -0.84358419 0.48626800 0.22783473 1.00000000
0.09133369 0.20045400 -0.03103689 -0.80367590 0.57351400 0.15870416 1.00000000
0.09092708 0.19984000 -0.03194672 -0.85634546 0.44483100 0.26229235 1.00000000
0.09060053 0.19988000 -0.03190495 -0.85413826 0.44522300 0.26874467 1.00000000
0.09090836 0.19985700 -0.03163152 -0.86259518 0.43564200 0.25719008 1.00000000
0.09052850 0.20005800 -0.03144334 -0.86325497 0.43600500 0.25434496 1.00000000
0.09060552 0.20010400 -0.03112411 -0.87235449 0.43010600 0.23239421 1.00000000
0.09007784 0.19984600 -0.03164868 -0.86666877 0.40670800 0.28891908 1.00000000
0.09430545 0.20111800 -0.03191260 -0.59225685 0.80510300 0.03225414 1.00000000
0.09486196 0.20130500 -0.03157262 -0.59978769 0.80014600 -0.00459116 1.00000000
0.09421895 0.20133200 -0.03135865 -0.59861851 0.80094200 0.01216981 1.00000000
0.09417566 0.20143900 -0.03108173 -0.58833749 0.80861400 0.00116401 1.00000000
0.09346697 0.20077600 -0.03191151 -0.61639713 0.78164700 0.09530259 1.00000000
0.09339931 0.20097200 -0.03167286 -0.61841978 0.78237100 0.07384486 1.00000000
0.09338048 0.20099000 -0.03135766 -0.64370386 0.76327500 0.05527808 1.00000000
0.09306839 0.20099500 -0.03140823 -0.66331011 0.74376100 0.08270351 1.00000000
0.08972418 0.20065600 -0.03136638 -0.81057323 0.54740000 0.20814647 1.00000000
0.08966522 0.20088800 -0.03157335 -0.72857768 0.66389600 0.16857492 1.00000000
0.09584343 0.20180200 -0.02868655 -0.16629071 0.93964600 -0.29901875 1.00000000
0.09576432 0.20264200 -0.02772328 -0.14644633 0.94932000 -0.27811002 1.00000000
0.09583003 0.20283100 -0.02811080 -0.15224176 0.94896400 -0.27620533 1.00000000
0.09547095 0.20262900 -0.02808915 -0.13621714 0.94460600 -0.29860444 1.00000000
0.09531139 0.20152700 -0.02898826 -0.14891994 0.93860400 -0.31120029 1.00000000
0.09449174 0.20116700 -0.02930247 -0.19405593 0.90491700 -0.37877145 1.00000000
0.09383604 0.20142600 -0.03037149 -0.55461132 0.82997300 -0.05958748 1.00000000
0.09518107 0.20164100 -0.02916118 -0.15240409 0.93558900 -0.31850515 1.00000000
0.09487324 0.20166400 -0.02943461 -0.22694614 0.93313800 -0.27883626 1.00000000
0.09483004 0.20177100 -0.02915769 -0.15530225 0.93401200 -0.32171907 1.00000000
0.09272464 0.19988200 -0.03038231 -0.81397477 0.58008200 0.03081359 1.00000000
0.09304412 0.20050300 -0.02992243 -0.59328290 0.79207900 -0.14361561 1.00000000
0.09331431 0.20051600 -0.02901860 -0.20027984 0.87974400 -0.43120686 1.00000000
0.09389400 0.20070300 -0.02921667 -0.18634915 0.88958800 -0.41702227 1.00000000
0.09351959 0.20141300 -0.03019930 -0.54197640 0.83688700 -0.07669274 1.00000000
0.09325645 0.20124000 -0.03017342 -0.56525547 0.81825500 -0.10461583 1.00000000
0.09288998 0.20041200 -0.03056109 -0.73730280 0.67555000 0.00410483 1.00000000
0.09284669 0.20051900 -0.03028406 -0.72452344 0.68863100 -0.02920473 1.00000000
0.09258345 0.20034500 -0.03025828 -0.73535399 0.67726500 -0.02378036 1.00000000
0.09294426 0.20124400 -0.03022399 -0.58672282 0.80569200 -0.08134040 1.00000000
0.09268112 0.20107100 -0.03019821 -0.60249933 0.79578600 -0.06098713 1.00000000
0.09353655 0.20119900 -0.02913908 -0.16865849 0.90597100 -0.38829324 1.00000000
0.09355537 0.20118100 -0.02945428 -0.25865281 0.90623900 -0.33440781 1.00000000
0.09276019 0.20073200 -0.02973021 -0.50453663 0.83737600 -0.21034122 1.00000000
0.09263978 0.20079300 -0.02977252 -0.51007531 0.83628100 -0.20114130 1.00000000
0.09297568 0.20099500 -0.02925621 -0.20027984 0.87974400 -0.43120686 1.00000000
0.09232573 0.20118300 -0.02997185 -0.58589800 0.80428000 -0.09928642 1.00000000
0.09233138 0.20111100 -0.02961848 -0.41061420 0.87707500 -0.24926891 1.00000000
0.09526820 0.20163300 -0.02871134 -0.14529344 0.94074100 -0.30642617 1.00000000
0.09384438 0.20117600 -0.02886565 -0.15929384 0.90980000 -0.38326251 1.00000000
0.09516660 0.20167700 -0.02906884 -0.15240409 0.93558900 -0.31850515 1.00000000
0.09493153 0.20172700 -0.02880018 -0.15240409 0.93558900 -0.31850515 1.00000000
0.09413635 0.20127800 -0.02907602 -0.16826065 0.90895900 -0.38142039 1.00000000
0.09394391 0.20151800 -0.02865681 -0.16595648 0.92418200 -0.34401457 1.00000000
0.09409044 0.20206500 -0.02852039 -0.15530225 0.93401200 -0.32171907 1.00000000
0.09496915 0.20219300 -0.02799932 -0.13605611 0.94384800 -0.30106581 1.00000000
0.09493892 0.20235400 -0.02839087 -0.13605611 0.94384800 -0.30106581 1.00000000
0.09474714 0.20229800 -0.02839913 -0.14529344 0.94074100 -0.30642617 1.00000000
0.09379401 0.20194500 -0.02808707 -0.15180439 0.93707400 -0.31439895 1.00000000
0.09433921 0.20227400 -0.02845383 -0.14586614 0.93932200 -0.31047984 1.00000000
0.09408542 0.20234300 -0.02786997 -0.14529344 0.94074100 -0.30642617 1.00000000
0.09341251 0.20144800 -0.02795483 -0.14588850 0.93740100 -0.31622232 1.00000000
0.09360429 0.20150500 -0.02794657 -0.15530225 0.93401200 -0.32171907 1.00000000
0.09312490 0.20136400 -0.02796723 -0.14704514 0.93237500 -0.33023496 1.00000000
0.09327338 0.20152700 -0.02768204 -0.15180439 0.93707400 -0.31439895 1.00000000
0.09323011 0.20113200 -0.02883638 -0.16286073 0.90586700 -0.39100103 1.00000000
0.09332529 0.20145600 -0.02840468 -0.14780712 0.92743200 -0.34354593 1.00000000
0.09318692 0.20123900 -0.02855935 -0.15929384 0.90980000 -0.38326251 1.00000000
0.09315809 0.20131100 -0.02837477 -0.15556408 0.91503700 -0.37216427 1.00000000
0.09200821 0.20017700 -0.03028297 -0.82870631 0.55582100 0.06563255 1.00000000
0.09193479 0.20044400 -0.03039769 -0.79064777 0.61113000 0.03737340 1.00000000
0.09187147 0.20065800 -0.03038180 -0.75744506 0.65265200 0.01796145 1.00000000
0.09164152 0.20043100 -0.03076346 -0.79555791 0.59451700 0.11678052 1.00000000
0.09141080 0.20050000 -0.03071766 -0.77572932 0.62275700 0.10206546 1.00000000
0.09155493 0.20064500 -0.03020961 -0.75708210 0.65325300 0.00932571 1.00000000
0.09213156 0.20072400 -0.02960859 -0.52407702 0.81942400 -0.23213630 1.00000000
0.09207389 0.20086700 -0.02923923 -0.21740940 0.87163500 -0.43930141 1.00000000
0.09227874 0.20097600 -0.02989954 -0.58082415 0.80196800 -0.13960799 1.00000000
0.09199112 0.20089200 -0.02991193 -0.57071214 0.80756900 -0.14872957 1.00000000
0.09200047 0.20113400 -0.02935395 -0.21237409 0.88536400 -0.41355557 1.00000000
0.09170720 0.20112100 -0.02971972 -0.43930015 0.87049200 -0.22194567 1.00000000
0.09162061 0.20133500 -0.02916577 -0.19651021 0.88444800 -0.42324343 1.00000000
0.09157741 0.20144200 -0.02888884 -0.18181969 0.90041400 -0.39521681 1.00000000
0.09175037 0.20151600 -0.02856538 -0.15929384 0.90980000 -0.38326251 1.00000000
0.09380541 0.20180300 -0.02738023 -0.14529344 0.94074100 -0.30642617 1.00000000
0.09350397 0.20196000 -0.02629658 -0.11304450 0.94640500 -0.30255369 1.00000000
0.09380159 0.20199100 -0.02615368 -0.09312034 0.94816700 -0.30382248 1.00000000
0.09332602 0.20166200 -0.02740098 -0.14850873 0.94081200 -0.30466124 1.00000000
0.09305842 0.20147100 -0.02715225 -0.14850873 0.94081200 -0.30466124 1.00000000
0.09328272 0.20176900 -0.02712396 -0.14529344 0.94074100 -0.30642617 1.00000000
0.09343121 0.20193200 -0.02683877 -0.13061142 0.94194400 -0.30932435 1.00000000
0.09310335 0.20206200 -0.02737323 -0.14586614 0.93932200 -0.31047984 1.00000000
0.09323378 0.20194700 -0.02720041 -0.14529344 0.94074100 -0.30642617 1.00000000
0.09316610 0.20214300 -0.02696166 -0.13061142 0.94194400 -0.30932435 1.00000000
0.09289721 0.20204100 -0.02728925 -0.14850873 0.94081200 -0.30466124 1.00000000
0.09331459 0.20230600 -0.02667647 -0.11891038 0.94339100 -0.30963398 1.00000000
0.09343054 0.20222800 -0.02641131 -0.11304450 0.94640500 -0.30255369 1.00000000
0.09331392 0.20260200 -0.02624900 -0.09028077 0.94867500 -0.30309212 1.00000000
0.09296791 0.20245400 -0.02689583 -0.12778743 0.94336600 -0.30615485 1.00000000
0.09373392 0.20218700 -0.02591492 -0.08488803 0.94475400 -0.31659661 1.00000000
0.09371520 0.20220500 -0.02559982 -0.08128766 0.95588000 -0.28228861 1.00000000
0.09339736 0.20228100 -0.02600377 -0.08473103 0.94865000 -0.30476946 1.00000000
0.09354584 0.20244400 -0.02571858 -0.08128766 0.95588000 -0.28228861 1.00000000
0.09357597 0.20228400 -0.02532693 -0.07615258 0.95032000 -0.30181512 1.00000000
0.09334841 0.20245900 -0.02608022 -0.08725429 0.95116400 -0.29609706 1.00000000
0.09351135 0.20258700 -0.02588727 -0.08693782 0.95238300 -0.29224831 1.00000000
0.09327063 0.20270900 -0.02597198 -0.08473103 0.94865000 -0.30476946 1.00000000
0.09327638 0.20263700 -0.02561861 -0.07834773 0.95811000 -0.27547523 1.00000000
0.09346499 0.20166300 -0.03062912 -0.55675960 0.83058700 -0.01198818 1.00000000
0.09321185 0.20143600 -0.03047272 -0.58390864 0.81066600 -0.04324912 1.00000000
0.09333021 0.20175900 -0.03057908 -0.55675960 0.83058700 -0.01198818 1.00000000
0.09260769 0.20133800 -0.03031283 -0.57639915 0.81471600 -0.06326108 1.00000000
0.09287519 0.20153000 -0.03056147 -0.57782099 0.81564900 -0.02897998 1.00000000
0.09262076 0.20139200 -0.03098140 -0.58645303 0.80954800 0.02655772 1.00000000
0.09225666 0.20146800 -0.03030933 -0.57483138 0.81664300 -0.05160752 1.00000000
0.09211121 0.20191300 -0.02996245 -0.46551167 0.87709100 -0.11836929 1.00000000
0.09138500 0.20117900 -0.02990090 -0.54441714 0.82200800 -0.16706982 1.00000000
0.09156601 0.20158400 -0.02959559 -0.32927342 0.90892200 -0.25581294 1.00000000
0.09081207 0.20141300 -0.03029721 -0.64669120 0.76189700 -0.03612042 1.00000000
0.09132734 0.20132200 -0.02953154 -0.30886983 0.89423800 -0.32394077 1.00000000
0.09123649 0.20151800 -0.02875483 -0.17515031 0.90651700 -0.38412244 1.00000000
0.09116307 0.20178500 -0.02886945 -0.15929384 0.90980000 -0.38326251 1.00000000
0.09094748 0.20152300 -0.02934345 -0.18312780 0.89342000 -0.41020152 1.00000000
0.09127969 0.20141100 -0.02903175 -0.17943938 0.89773600 -0.40233265 1.00000000
0.09122203 0.20155300 -0.02866249 -0.15929384 0.90980000 -0.38326251 1.00000000
0.09112543 0.20182100 -0.02823916 -0.14704514 0.93237500 -0.33023496 1.00000000
0.09081769 0.20184300 -0.02851258 -0.14780712 0.92743200 -0.34354593 1.00000000
0.09091928 0.20180000 -0.02815508 -0.14091332 0.93181500 -0.33446164 1.00000000
0.09053007 0.20175900 -0.02852498 -0.13262682 0.92996500 -0.34289296 1.00000000
0.09061590 0.20184100 -0.02865136 -0.13262682 0.92996500 -0.34289296 1.00000000
0.09145501 0.20238900 -0.02764865 -0.13112466 0.93862100 -0.31905793 1.00000000
0.08910695 0.20050500 -0.03053802 -0.90681998 0.31225500 0.28315236 1.00000000
0.09951305 0.20213200 -0.03863969 -0.06681632 0.91377000 -0.40069988 1.00000000
0.09946975 0.20223900 -0.03836277 -0.05852664 0.91084900 -0.40857002 1.00000000
0.09981566 0.20238700 -0.03771585 -0.05557996 0.91046500 -0.40983399 1.00000000
0.09947541 0.20216800 -0.03800940 -0.05557996 0.91046500 -0.40983399 1.00000000
0.09941209 0.20238100 -0.03799350 -0.05562605 0.90750400 -0.41634506 1.00000000
0.09970546 0.20239400 -0.03762774 -0.05578503 0.90551200 -0.42063688 1.00000000
0.09914829 0.20250300 -0.03754016 -0.05303205 0.89839500 -0.43597510 1.00000000
0.09943081 0.20236400 -0.03830870 -0.05846373 0.90686500 -0.41734742 1.00000000
0.09910871 0.20242200 -0.03848979 -0.05846373 0.90686500 -0.41734742 1.00000000
0.09907107 0.20245800 -0.03785949 -0.05572990 0.89982500 -0.43267802 1.00000000
0.09857156 0.20242400 -0.03814118 -0.05296702 0.90463200 -0.42288848 1.00000000
0.09588621 0.20193300 -0.03782940 -0.06217538 0.99402300 -0.08973547 1.00000000
0.10193735 0.20306900 -0.03591451 -0.03894736 0.91635100 -0.39847833 1.00000000
0.10153800 0.20278600 -0.03684240 -0.06410828 0.90856200 -0.41280037 1.00000000
0.10108142 0.20294100 -0.03697364 -0.10209065 0.90788100 -0.40660750 1.00000000
0.10086101 0.20295600 -0.03679732 -0.08758308 0.89822000 -0.43073088 1.00000000
0.10047746 0.20284300 -0.03681375 -0.07037403 0.89247000 -0.44558399 1.00000000
0.10051564 0.20301400 -0.03644035 -0.07037403 0.89247000 -0.44558399 1.00000000
0.09969599 0.20265400 -0.03675456 -0.05303205 0.89839500 -0.43597510 1.00000000
0.10004562 0.20261400 -0.03733429 -0.05578503 0.90551200 -0.42063688 1.00000000
0.09971481 0.20263600 -0.03706966 -0.05303205 0.89839500 -0.43597510 1.00000000
0.09987263 0.20304100 -0.03622649 -0.05303205 0.89839500 -0.43597510 1.00000000
0.10004493 0.20341100 -0.03547546 -0.06460225 0.89064400 -0.45008961 1.00000000
0.09966137 0.20329800 -0.03549199 -0.05021315 0.89586800 -0.44147328 1.00000000
0.09928151 0.20349900 -0.03530391 -0.06150291 0.89523400 -0.44133183 1.00000000
0.09904284 0.20323700 -0.03523985 -0.05870624 0.90020300 -0.43149463 1.00000000
0.09861979 0.20354400 -0.03477475 -0.08761389 0.90245300 -0.42178584 1.00000000
0.09958795 0.20356600 -0.03560671 -0.05021315 0.89586800 -0.44147328 1.00000000
0.09895506 0.20354000 -0.03526223 -0.06443103 0.90040000 -0.43026672 1.00000000
0.09916489 0.20387300 -0.03514160 -0.06150291 0.89523400 -0.44133183 1.00000000
0.09857519 0.20374000 -0.03507405 -0.08761389 0.90245300 -0.42178584 1.00000000
0.09725496 0.20235400 -0.03615336 -0.14211774 0.89406700 -0.42479111 1.00000000
0.09691840 0.20244800 -0.03624220 -0.16788762 0.88874000 -0.42656250 1.00000000
0.09633242 0.20212700 -0.03740120 -0.08386685 0.95725600 -0.27681486 1.00000000
0.09618394 0.20196300 -0.03768649 -0.07619720 0.97528400 -0.20739976 1.00000000
0.09568942 0.20215400 -0.03718724 -0.08793442 0.99292400 -0.07981421 1.00000000
0.09608168 0.20230200 -0.03761643 -0.03462056 0.99296400 -0.11323971 1.00000000
0.09567366 0.20227900 -0.03767123 -0.04102447 0.99884000 0.02520565 1.00000000
0.09606852 0.20224900 -0.03694796 -0.07649577 0.97220700 -0.22127199 1.00000000
0.09581538 0.20202200 -0.03679156 -0.10375892 0.98545400 -0.13459376 1.00000000
0.09574206 0.20228900 -0.03690618 -0.08793442 0.99292400 -0.07981421 1.00000000
0.09603097 0.20228400 -0.03631756 -0.11053770 0.99246800 -0.05281389 1.00000000
0.09588479 0.20252300 -0.03697437 -0.05877700 0.98853900 -0.13905667 1.00000000
0.09608601 0.20282200 -0.03640802 -0.06011458 0.98092100 -0.18487956 1.00000000
0.09650099 0.20268400 -0.03542372 -0.17728286 0.98005100 -0.08984080 1.00000000
0.09674042 0.20265100 -0.03591524 -0.20559425 0.92251300 -0.32665127 1.00000000
0.09615867 0.20285000 -0.03586594 -0.09061968 0.99587900 0.00359588 1.00000000
0.09661934 0.20300800 -0.03553008 -0.18667844 0.96755900 -0.17023757 1.00000000
0.09571114 0.20324600 -0.03543911 -0.07980784 0.98015500 0.18145519 1.00000000
0.09729614 0.20363500 -0.03371653 -0.21362302 0.97604700 -0.04121224 1.00000000
0.09803116 0.20440400 -0.03422389 -0.11630026 0.91337200 -0.39016183 1.00000000
0.09729484 0.20372400 -0.03429276 -0.18418432 0.96803100 -0.17027195 1.00000000
0.09702724 0.20353300 -0.03404412 -0.23767185 0.96796700 -0.08093848 1.00000000
0.09704410 0.20389900 -0.03450798 -0.18667844 0.96755900 -0.17023757 1.00000000
0.09708162 0.20436500 -0.03370712 -0.22618613 0.96506600 -0.13224302 1.00000000
0.09608958 0.20363600 -0.03477216 -0.11158005 0.98793500 0.10739802 1.00000000
0.09635847 0.20373800 -0.03444456 -0.23048021 0.97217300 -0.04193955 1.00000000
0.09613786 0.20375300 -0.03426824 -0.20455106 0.97569900 0.07854472 1.00000000
0.09604638 0.20374300 -0.03449523 -0.11800599 0.97847600 0.16928860 1.00000000
0.09600308 0.20385000 -0.03421831 -0.16593982 0.96658800 0.19537408 1.00000000
0.09614362 0.20368200 -0.03391487 -0.22395229 0.96718400 0.12000663 1.00000000
0.09743199 0.20453100 -0.03328305 -0.23149614 0.97099500 -0.05981120 1.00000000
0.09559521 0.20282400 -0.03713553 -0.04180813 0.99912300 0.00225753 1.00000000
0.09581080 0.20308600 -0.03666153 -0.05372373 0.98996900 -0.13067465 1.00000000
0.09641417 0.20398000 -0.03496260 -0.15042902 0.98402800 -0.09517982 1.00000000
0.09698950 0.20414900 -0.03493791 -0.16010973 0.94115300 -0.29764948 1.00000000
0.09694488 0.20484700 -0.03380585 -0.25461246 0.96084100 -0.10934863 1.00000000
0.09597295 0.20401000 -0.03460986 -0.09873324 0.97688900 0.18957530 1.00000000
0.09583884 0.20381200 -0.03498739 -0.07313809 0.98419500 0.16127987 1.00000000
0.09522031 0.20375000 -0.03473525 -0.13342899 0.93277900 0.33484329 1.00000000
0.09575235 0.20402600 -0.03443354 -0.12854983 0.96057100 0.24653135 1.00000000
0.09523180 0.20210300 -0.03832218 -0.01117311 0.99641900 0.08381164 1.00000000
0.09543868 0.20233000 -0.03740247 -0.08137523 0.99377300 0.07611616 1.00000000
0.09385752 0.20267700 -0.03453384 -0.28791069 0.87456900 0.39017563 1.00000000
0.09434496 0.20314800 -0.03453133 -0.24615442 0.88806800 0.38825559 1.00000000
0.09386557 0.20300800 -0.03455198 -0.23622217 0.87872200 0.41478508 1.00000000
0.09374090 0.20305100 -0.03437153 -0.16083371 0.87665100 0.45344963 1.00000000
0.09321278 0.20200600 -0.03437582 -0.15742133 0.89894900 0.40878965 1.00000000
0.09335551 0.20224100 -0.03444400 -0.19467040 0.89773600 0.39518792 1.00000000
0.09286175 0.20213600 -0.03437232 -0.05607803 0.89096500 0.45059637 1.00000000
0.09355544 0.20262800 -0.03445389 -0.18765593 0.88594100 0.42413913 1.00000000
0.09285164 0.20218900 -0.03450284 -0.28387294 0.85073800 0.44233624 1.00000000
0.09543728 0.20241900 -0.03797870 -0.03336588 0.99854300 0.04242033 1.00000000
0.09510647 0.20244100 -0.03771417 -0.03651602 0.98648900 0.15970886 1.00000000
0.09435736 0.20349700 -0.03477243 -0.22546820 0.86614300 0.44605012 1.00000000
0.08862261 0.19821300 -0.04001979 -0.47292482 0.84567800 0.24732784 1.00000000
0.08857170 0.19877600 -0.04024491 -0.60517004 0.77621800 0.17678982 1.00000000
0.08729830 0.19859900 -0.03853401 -0.48487950 0.85788900 0.17005448 1.00000000
0.08805640 0.19936900 -0.03957942 -0.04630814 0.98506300 0.16584901 1.00000000
0.08702549 0.19926600 -0.03915903 -0.52173323 0.82455600 0.21886468 1.00000000
0.08802451 0.19933300 -0.03859565 -0.63154195 0.67376400 0.38366098 1.00000000
0.08764096 0.19922100 -0.03861218 -0.61281832 0.72032300 0.32494179 1.00000000
0.08793802 0.19954700 -0.03804170 -0.65676719 0.61136800 0.44145985 1.00000000
0.08720779 0.19958200 -0.03827759 -0.60987094 0.74759000 0.26299478 1.00000000
0.08702243 0.19915900 -0.03836005 -0.58935813 0.77519800 0.22743097 1.00000000
0.08580236 0.19832000 -0.03822672 -0.08456108 0.99443300 -0.06287341 1.00000000
0.08599524 0.19886800 -0.03916631 -0.40266113 0.90340100 0.14741027 1.00000000
0.08571198 0.19880200 -0.03940156 -0.30543396 0.94399800 0.12481465 1.00000000
0.08648029 0.19893700 -0.03879228 -0.34785595 0.93154500 0.10592218 1.00000000
0.08646156 0.19895500 -0.03847708 -0.02328620 0.99286500 -0.11694696 1.00000000
0.08625542 0.19893500 -0.03839310 -0.02328620 0.99286500 -0.11694696 1.00000000
0.08612935 0.19906700 -0.03878878 -0.34785595 0.93154500 0.10592218 1.00000000
0.08591310 0.19910000 -0.03883521 -0.01404042 0.98771200 -0.15565447 1.00000000
0.08572329 0.19865900 -0.03869481 -0.01404042 0.98771200 -0.15565447 1.00000000
0.08511413 0.19833800 -0.03931576 -0.29510938 0.94772300 0.12137417 1.00000000
0.08821031 0.20054300 -0.03903359 -0.72580866 0.62346500 0.29067705 1.00000000
0.09006672 0.19848400 -0.03664910 -0.67442452 0.49238600 0.55018852 1.00000000
0.09033116 0.19856900 -0.03609875 -0.74017226 0.45558600 0.49455696 1.00000000
0.09052839 0.19913400 -0.03726110 -0.65826860 0.51988500 0.54442896 1.00000000
0.09017909 0.19996200 -0.03720166 -0.67168382 0.45982100 0.58086745 1.00000000
0.08965378 0.20060800 -0.03666669 -0.69723872 0.33682000 0.63277995 1.00000000
0.08971413 0.20028700 -0.03588350 -0.73076791 0.45576100 0.50819302 1.00000000
0.08921779 0.20223000 -0.03757738 -0.73747241 0.22711200 0.63604531 1.00000000
0.08936901 0.19876100 -0.03686497 -0.65633216 0.52101900 0.54568116 1.00000000
0.08914644 0.19916100 -0.03683741 -0.65827854 0.52330900 0.54112617 1.00000000
0.08953196 0.19888900 -0.03667212 -0.67342548 0.52907600 0.51631142 1.00000000
0.08831199 0.19805000 -0.03653879 -0.64993290 0.54518300 0.52949340 1.00000000
0.08871467 0.19943300 -0.03592659 -0.70398560 0.51375800 0.49036416 1.00000000
0.08896029 0.19953500 -0.03506104 -0.64021172 0.64548500 0.41650742 1.00000000
0.08858489 0.19975400 -0.03509572 -0.74297130 0.46536300 0.48107305 1.00000000
0.08837059 0.19940200 -0.03499349 -0.60995989 0.67184300 0.42020974 1.00000000
0.08802860 0.19848500 -0.03534288 -0.72104579 0.46799900 0.51095016 1.00000000
0.08796463 0.19899400 -0.03489952 -0.72395226 0.47450800 0.50073480 1.00000000
0.08793450 0.19915500 -0.03529107 -0.70078237 0.55195300 0.45194232 1.00000000
0.08926546 0.19918900 -0.03737134 -0.66807480 0.54720100 0.50422939 1.00000000
0.08945528 0.19963000 -0.03751174 -0.67392096 0.47840100 0.56299447 1.00000000
0.08820312 0.19933600 -0.03791882 -0.65149673 0.59886900 0.46573392 1.00000000
0.08872774 0.19948700 -0.03659516 -0.67640712 0.52883100 0.51265082 1.00000000
0.08814815 0.19930000 -0.03639709 -0.66635709 0.55939100 0.49300114 1.00000000
0.08836235 0.19965200 -0.03649932 -0.67291503 0.54571800 0.49937708 1.00000000
0.08866878 0.19971800 -0.03680212 -0.66748463 0.51594200 0.53690561 1.00000000
0.08836105 0.19974100 -0.03707555 -0.66748463 0.51594200 0.53690561 1.00000000
0.08770131 0.19890000 -0.03782889 -0.62322371 0.66183300 0.41661682 1.00000000
0.08758459 0.19927400 -0.03766668 -0.63684087 0.64878500 0.41654780 1.00000000
0.08731134 0.19915400 -0.03777132 -0.61712284 0.68907400 0.37991762 1.00000000
0.08790809 0.19912700 -0.03690927 -0.64638272 0.61762400 0.44802834 1.00000000
0.08925542 0.19974400 -0.03607059 -0.72004165 0.48751900 0.49382721 1.00000000
0.08950420 0.19995300 -0.03600403 -0.72120816 0.48497600 0.49462808 1.00000000
0.08834928 0.19959800 -0.03583075 -0.70054876 0.53061800 0.47715538 1.00000000
0.08801660 0.19942500 -0.03419090 -0.56368017 0.72082500 0.40333135 1.00000000
0.08798332 0.19947800 -0.03378346 -0.59387574 0.70185600 0.39333196 1.00000000
0.08839441 0.19960800 -0.03452775 -0.60704833 0.68558600 0.40182598 1.00000000
0.08802558 0.20032700 -0.03811215 -0.66494529 0.43942700 0.60394732 1.00000000
0.08822541 0.20071400 -0.03812213 -0.68150160 0.30452700 0.66544640 1.00000000
0.09077455 0.22169900 -0.05362268 0.86492232 0.39957800 0.30371962 0.00000000
0.09120945 0.22203500 -0.05390133 0.86752198 0.39631300 0.30056768 0.00000000
0.09110719 0.22237400 -0.05383137 0.86752198 0.39631300 0.30056768 0.00000000
0.09112961 0.22266900 -0.05394186 0.84950940 0.41468800 0.32614040 0.00000000
0.09109732 0.22379500 -0.05600625 0.85695719 0.34655800 0.38147370 0.00000000
0.09116333 0.22340300 -0.05486969 0.83813509 0.41688500 0.35176189 0.00000000
0.09109828 0.22291900 -0.05490964 0.81929227 0.45007400 0.35523873 0.00000000
0.09078912 0.22353200 -0.05432813 0.82439699 0.44452800 0.35037932 0.00000000
0.09115758 0.22347400 -0.05522306 0.84619147 0.39612900 0.35642757 0.00000000
0.09142451 0.22396100 -0.05504423 0.84163482 0.39082200 0.37270553 0.00000000
0.09092260 0.22352500 -0.05495440 0.83813509 0.41688500 0.35176189 0.00000000
0.09132727 0.22402200 -0.05562459 0.85593247 0.34616700 0.38412062 0.00000000
0.09057896 0.22428100 -0.05454159 0.86496412 0.36473200 0.34468489 0.00000000
0.09158586 0.22475800 -0.05695160 0.84488811 0.35554100 0.39969257 0.00000000
0.09143170 0.22516800 -0.05615900 0.84845123 0.34824400 0.39856840 0.00000000
0.09129714 0.22418200 -0.05601614 0.85695719 0.34655800 0.38147370 0.00000000
0.09080209 0.22416600 -0.05652079 0.85695719 0.34655800 0.38147370 0.00000000
0.09122372 0.22445000 -0.05613076 0.85695719 0.34655800 0.38147370 0.00000000
0.09066285 0.22424500 -0.05624789 0.85932334 0.33892400 0.38300716 0.00000000
0.09116150 0.22515500 -0.05706272 0.82673977 0.38331200 0.41179225 0.00000000
0.09126070 0.22470900 -0.05633369 0.85512593 0.34708900 0.38508340 0.00000000
0.09115715 0.22513700 -0.05683996 0.82673977 0.38331200 0.41179225 0.00000000
0.09050553 0.22454800 -0.05465621 0.88950835 0.31445500 0.33150014 0.00000000
0.09067698 0.22097300 -0.05368276 0.86128342 0.40680700 0.30446527 0.00000000
0.09115706 0.22758700 -0.05897706 0.95333360 0.26877400 0.13753749 0.00000000
0.09101227 0.22773700 -0.05905763 0.95333360 0.26877400 0.13753749 0.00000000
0.09136177 0.22632900 -0.05759299 0.88951925 0.33517400 0.31050452 0.00000000
0.09110667 0.22648700 -0.05758536 0.89856425 0.32486400 0.29503641 0.00000000
0.09138418 0.22662500 -0.05770349 0.90388101 0.31958700 0.28436399 0.00000000
0.09143888 0.22637500 -0.05727366 0.86080020 0.36690900 0.35270584 0.00000000
0.09113138 0.22531500 -0.05745437 0.83964766 0.37591600 0.39202011 0.00000000
0.09105795 0.22558300 -0.05756899 0.83975299 0.38524100 0.38262941 0.00000000
0.09093328 0.22562600 -0.05738854 0.83677684 0.37746200 0.39664414 0.00000000
0.09020562 0.22598400 -0.05504061 0.84786625 0.35543800 0.39342930 0.00000000
0.09019627 0.22574200 -0.05559869 0.84845123 0.34824400 0.39856840 0.00000000
0.09137853 0.22669600 -0.05805686 0.91371895 0.31192500 0.26042247 0.00000000
0.09112147 0.22723800 -0.05819799 0.91786516 0.32351400 0.22991908 0.00000000
0.09105350 0.22801500 -0.05948333 0.94540254 0.29199800 0.14474436 0.00000000
0.09096332 0.22791500 -0.05913408 0.95184524 0.27508900 0.13534267 0.00000000
0.09088989 0.22818300 -0.05924871 0.94540254 0.29199800 0.14474436 0.00000000
0.09099455 0.22824700 -0.05969029 0.97620766 0.21376900 0.03636251 0.00000000
0.09095125 0.22835300 -0.05941336 0.93284052 0.32196600 0.16169859 0.00000000
0.09091241 0.22847800 -0.05935920 0.93284052 0.32196600 0.16169859 0.00000000
0.09100935 0.22899800 -0.06030292 0.98536658 0.14394800 -0.09127958 0.00000000
0.09106395 0.22874800 -0.05987310 0.98646352 0.13825300 -0.08817606 0.00000000
0.09102065 0.22885500 -0.05959617 0.95456684 0.28363300 0.09139782 0.00000000
0.09070856 0.22886000 -0.05964674 0.95456684 0.28363300 0.09139782 0.00000000
0.09104752 0.22916900 -0.05992952 0.98704602 0.12356400 -0.10233652 0.00000000
0.09073108 0.22915600 -0.05975733 0.98704602 0.12356400 -0.10233652 0.00000000
0.09070467 0.22912800 -0.06137543 0.94473350 0.32741000 0.01679736 0.00000000
0.09080496 0.22917400 -0.06159416 0.94345856 0.33118300 0.01426822 0.00000000
0.09051725 0.22908900 -0.06160665 0.94345856 0.33118300 0.01426822 0.00000000
0.09096651 0.22939000 -0.06197754 0.93748118 0.34791900 0.00904626 0.00000000
0.09074600 0.22940500 -0.06180112 0.94052526 0.33942700 0.01420394 0.00000000
0.09097922 0.22915800 -0.06069456 0.98152301 0.17695300 -0.07279910 0.00000000
0.09066147 0.22923500 -0.06109851 0.96402448 0.26524500 -0.01737282 0.00000000
0.09093592 0.22926500 -0.06041754 0.98152301 0.17695300 -0.07279910 0.00000000
0.09089143 0.22946100 -0.06071684 0.97391028 0.22398200 -0.03648784 0.00000000
0.09091720 0.22928300 -0.06010244 0.98536658 0.14394800 -0.09127958 0.00000000
0.09086825 0.22946100 -0.06017879 0.98152301 0.17695300 -0.07279910 0.00000000
0.09039451 0.22924900 -0.05984617 0.98704602 0.12356400 -0.10233652 0.00000000
0.09060305 0.22967200 -0.06030168 0.97391028 0.22398200 -0.03648784 0.00000000
0.09055410 0.22985100 -0.06037812 0.96402448 0.26524500 -0.01737282 0.00000000
0.09008951 0.23046100 -0.06101151 0.93744804 0.34810500 -0.00377750 0.00000000
0.09041367 0.23001900 -0.06068156 0.94473350 0.32741000 0.01679736 0.00000000
0.09046066 0.23022500 -0.06075388 0.94345856 0.33118300 0.01426822 0.00000000
0.09014457 0.23049700 -0.06253314 0.93174319 0.36299900 -0.00933855 0.00000000
0.09025857 0.23080300 -0.06241674 0.93174319 0.36299900 -0.00933855 0.00000000
0.09002360 0.23085400 -0.06214808 0.93174319 0.36299900 -0.00933855 0.00000000
0.09011770 0.23018400 -0.06219989 0.93363459 0.35820500 -0.00399956 0.00000000
0.08993168 0.23005600 -0.06185468 0.93363459 0.35820500 -0.00399956 0.00000000
0.08988273 0.23023500 -0.06193113 0.93363459 0.35820500 -0.00399956 0.00000000
0.09001990 0.23054000 -0.06235268 0.93174319 0.36299900 -0.00933855 0.00000000
0.08997661 0.23064700 -0.06207576 0.93174319 0.36299900 -0.00933855 0.00000000
0.09002925 0.23078200 -0.06179460 0.93363459 0.35820500 -0.00399956 0.00000000
0.08992264 0.23110300 -0.06150179 0.93174319 0.36299900 -0.00933855 0.00000000
0.09008016 0.23022000 -0.06156949 0.93744804 0.34810500 -0.00377750 0.00000000
0.09000684 0.23048700 -0.06168411 0.93363459 0.35820500 -0.00399956 0.00000000
0.08998624 0.18882700 -0.02719312 -0.82439699 -0.44452800 -0.35037932 0.00000000
0.09041646 0.19022800 -0.02734173 -0.80476806 -0.41356100 -0.42581226 0.00000000
0.09042647 0.19017400 -0.02721121 -0.80588167 -0.41410200 -0.42317205 0.00000000
0.09035305 0.19044200 -0.02732584 -0.79907508 -0.41246800 -0.43743568 0.00000000
0.09046335 0.19043400 -0.02741405 -0.79907508 -0.41246800 -0.43743568 0.00000000
0.09054286 0.19088300 -0.02746634 -0.78751972 -0.41819300 -0.45268882 0.00000000
0.09032454 0.18943100 -0.02704833 -0.82628751 -0.42992900 -0.36388188 0.00000000
0.09022664 0.18978700 -0.02720123 -0.80703313 -0.41937100 -0.41572267 0.00000000
0.09046944 0.19115000 -0.02758096 -0.78621632 -0.41434200 -0.45845798 0.00000000
0.09055962 0.19124900 -0.02793020 -0.77415350 -0.41990000 -0.47367842 0.00000000
0.09041048 0.19138200 -0.02778792 -0.77415350 -0.41990000 -0.47367842 0.00000000
0.09047619 0.19157000 -0.02817544 -0.77147719 -0.41703000 -0.48052957 0.00000000
0.09067798 0.19157300 -0.02803656 -0.77415350 -0.41990000 -0.47367842 0.00000000
0.09030127 0.19188100 -0.02864757 -0.76402905 -0.42160600 -0.48837378 0.00000000
0.09030693 0.19180900 -0.02829419 -0.76659061 -0.42119100 -0.48470302 0.00000000
0.09026373 0.19191600 -0.02801727 -0.76659061 -0.42119100 -0.48470302 0.00000000
0.09025798 0.19198800 -0.02837064 -0.76659061 -0.42119100 -0.48470302 0.00000000
0.08999723 0.19221700 -0.02871638 -0.76009586 -0.42307400 -0.49321656 0.00000000
0.08966196 0.19222100 -0.02822890 -0.76659061 -0.42119100 -0.48470302 0.00000000
0.09003477 0.19218100 -0.02934668 -0.75550142 -0.41271900 -0.50880267 0.00000000
0.09018129 0.19272900 -0.02921016 -0.74441208 -0.41070800 -0.52646815 0.00000000
0.09010983 0.19261100 -0.02917612 -0.75494340 -0.40596000 -0.51503015 0.00000000
0.09031781 0.19333000 -0.02920425 -0.69411544 -0.42306600 -0.58242496 0.00000000
0.09029529 0.19303400 -0.02909376 -0.73143075 -0.40950200 -0.54526770 0.00000000
0.09025004 0.19352600 -0.02896550 -0.69411544 -0.42306600 -0.58242496 0.00000000
0.09036839 0.19384900 -0.02907186 -0.69045550 -0.42949000 -0.58207301 0.00000000
0.09075585 0.18887300 -0.02600761 -0.83041635 -0.45634300 -0.31962364 0.00000000
0.09109315 0.18898600 -0.02491507 -0.83361082 -0.45769300 -0.30920774 0.00000000
0.09106728 0.18916400 -0.02552947 -0.83361082 -0.45769300 -0.30920774 0.00000000
0.09077966 0.18908000 -0.02554187 -0.83361082 -0.45769300 -0.30920774 0.00000000
0.09068808 0.18906900 -0.02576886 -0.83041635 -0.45634300 -0.31962364 0.00000000
0.09126471 0.18914900 -0.02516784 -0.83361082 -0.45769300 -0.30920774 0.00000000
0.09092814 0.18924300 -0.02525668 -0.83877049 -0.45534500 -0.29853832 0.00000000
0.09063857 0.18954300 -0.02541784 -0.83040218 -0.44876900 -0.33021130 0.00000000
0.09062183 0.18867500 -0.02638523 -0.83040218 -0.44876900 -0.33021130 0.00000000
0.09047694 0.18882500 -0.02646571 -0.83040218 -0.44876900 -0.33021130 0.00000000
0.09047498 0.18920900 -0.02661448 -0.82439699 -0.44452800 -0.35037932 0.00000000
0.09033585 0.18928800 -0.02634169 -0.82439699 -0.44452800 -0.35037932 0.00000000
0.09051522 0.18899500 -0.02609232 -0.83040218 -0.44876900 -0.33021130 0.00000000
0.09033020 0.18935900 -0.02669496 -0.82628751 -0.42992900 -0.36388188 0.00000000
0.09028690 0.18946600 -0.02641803 -0.82628751 -0.42992900 -0.36388188 0.00000000
0.09042298 0.18928100 -0.02589184 -0.83040218 -0.44876900 -0.33021130 0.00000000
0.09034965 0.18954800 -0.02600646 -0.82439699 -0.44452800 -0.35037932 0.00000000
0.09030070 0.18972600 -0.02608291 -0.82628751 -0.42992900 -0.36388188 0.00000000
0.09098274 0.18899300 -0.02482686 -0.83361082 -0.45769300 -0.30920774 0.00000000
0.09035870 0.19037000 -0.02697246 -0.80588167 -0.41410200 -0.42317205 0.00000000
0.09049182 0.19007800 -0.02564708 -0.82628751 -0.42992900 -0.36388188 0.00000000
0.09030985 0.19054900 -0.02704891 -0.80476806 -0.41356100 -0.42581226 0.00000000
0.09032225 0.19089800 -0.02728992 -0.79907508 -0.41246800 -0.43743568 0.00000000
0.09021195 0.19090500 -0.02720181 -0.79907508 -0.41246800 -0.43743568 0.00000000
0.09027330 0.19107600 -0.02736637 -0.78634418 -0.41760100 -0.45527184 0.00000000
0.09032824 0.18974400 -0.02684372 -0.81655989 -0.42385300 -0.39189224 0.00000000
0.09027047 0.18988700 -0.02647446 -0.82248150 -0.42817000 -0.37442512 0.00000000
0.08995403 0.18987300 -0.02630227 -0.82628751 -0.42992900 -0.36388188 0.00000000
0.09027929 0.18992200 -0.02692017 -0.81027247 -0.42249200 -0.40615178 0.00000000
0.09016952 0.19013600 -0.02582827 -0.82628751 -0.42992900 -0.36388188 0.00000000
0.09016300 0.19108300 -0.02727816 -0.78751972 -0.41819300 -0.45268882 0.00000000
0.09036718 0.19148800 -0.02751100 -0.77415350 -0.41990000 -0.47367842 0.00000000
0.09064058 0.19542600 -0.03158782 -0.96554654 0.23464800 0.11251990 0.00000000
0.09069758 0.19557900 -0.03152952 -0.96745583 0.23069100 0.10397989 0.00000000
0.09079146 0.19599200 -0.03167426 -0.96575482 0.22345100 0.13185745 0.00000000
0.09066473 0.19641900 -0.03164247 -0.92100476 0.25301200 0.29620289 0.00000000
0.09053766 0.19606000 -0.03109030 -0.96938037 0.22162000 0.10577047 0.00000000
0.09123564 0.19851800 -0.03496318 -0.64554948 0.63051300 0.43095114 0.00000000
0.09190524 0.19793800 -0.03203486 -0.87568101 0.35414000 0.32828117 0.00000000
0.09186195 0.19804500 -0.03175793 -0.89196654 0.33242000 0.30641922 0.00000000
0.09176481 0.19810600 -0.03233829 -0.86890155 0.36562100 0.33366361 0.00000000
0.09157869 0.19797900 -0.03199319 -0.87256993 0.34602300 0.34480359 0.00000000
0.09166821 0.19837300 -0.03191496 -0.89520947 0.34052200 0.28747885 0.00000000
0.09057999 0.19682900 -0.03246384 -0.84313530 0.33050700 0.42413209 0.00000000
0.09156891 0.19695000 -0.03203088 -0.90014580 0.33193800 0.28205460 0.00000000
0.09155019 0.19696800 -0.03171578 -0.92120048 0.32096400 0.21993425 0.00000000
0.09168736 0.19727300 -0.03213734 -0.89446520 0.35232000 0.27532184 0.00000000
0.09164406 0.19738000 -0.03186031 -0.89815739 0.35332300 0.26167986 0.00000000
0.09134940 0.19745600 -0.03280231 -0.83992365 0.37746800 0.38993018 0.00000000
0.09153486 0.19787900 -0.03271995 -0.85015015 0.38638500 0.35770304 0.00000000
0.09079429 0.19718100 -0.03256607 -0.85527766 0.33436000 0.39585909 0.00000000
0.09050657 0.19709700 -0.03257846 -0.84375146 0.34022600 0.41512669 0.00000000
0.09039354 0.19778400 -0.03221145 -0.87267290 0.31398500 0.37397194 0.00000000
0.09195463 0.19854700 -0.03247880 -0.86175443 0.40388200 0.30701622 0.00000000
0.09169422 0.19956300 -0.03334483 -0.76470118 0.56950500 0.30148839 0.00000000
0.09077426 0.19483800 -0.03069001 -0.66782237 -0.32966600 -0.66733339 0.00000000
0.09074403 0.19499800 -0.03108156 -0.98843246 0.14738400 -0.03575613 0.00000000
0.09055801 0.19487100 -0.03073645 -0.70966328 -0.30377700 -0.63568655 0.00000000
0.09054517 0.19373500 -0.02997515 -0.58690787 -0.44270900 -0.67789929 0.00000000
0.09037590 0.19397400 -0.03009391 -0.58690787 -0.44270900 -0.67789929 0.00000000
0.09038156 0.19390300 -0.02974043 -0.60256612 -0.43846800 -0.66682826 0.00000000
0.09050057 0.19393100 -0.03027436 -0.58690787 -0.44270900 -0.67789929 0.00000000
0.09038026 0.19399200 -0.03031666 -0.58956227 -0.44548300 -0.67376623 0.00000000
0.09040267 0.19428700 -0.03042725 -0.55518057 -0.44512700 -0.70259298 0.00000000
0.09033261 0.19408100 -0.02981688 -0.58690787 -0.44270900 -0.67789929 0.00000000
0.09023471 0.19443800 -0.02996978 -0.57183045 -0.44491400 -0.68924647 0.00000000
0.08999974 0.19448800 -0.02970112 -0.58956227 -0.44548300 -0.67376623 0.00000000
0.09054560 0.19452200 -0.03049534 -0.52248334 -0.45317900 -0.72224623 0.00000000
0.09027800 0.19433100 -0.03024670 -0.55518057 -0.44512700 -0.70259298 0.00000000
0.09020458 0.19459800 -0.03036143 -0.55518057 -0.44512700 -0.70259298 0.00000000
0.09018586 0.19461600 -0.03004623 -0.55518057 -0.44512700 -0.70259298 0.00000000
0.09013116 0.19486500 -0.03047605 -0.61048995 -0.39197400 -0.68822747 0.00000000
0.09071966 0.19508700 -0.03111983 -0.98883221 0.12735200 -0.07740825 0.00000000
0.09038875 0.19511000 -0.03085530 -0.98568690 0.09752090 -0.13751625 0.00000000
0.09036863 0.19521700 -0.03111633 -0.98691974 0.15604300 -0.04049311 0.00000000
0.09057281 0.19562200 -0.03134907 -0.97769309 0.20017200 0.06362245 0.00000000
0.09007459 0.19549900 -0.03105453 -0.98742261 0.13761300 -0.07784532 0.00000000
0.09036992 0.19512800 -0.03054010 -0.96155940 0.02803500 -0.27316328 0.00000000
0.09032533 0.19532400 -0.03083941 -0.97322728 0.21885300 0.07022153 0.00000000
0.09005783 0.19513300 -0.03059067 -0.86225125 -0.14643400 -0.48484964 0.00000000
0.08977012 0.19504800 -0.03060307 -0.85861568 -0.16242700 -0.48620647 0.00000000
0.08993350 0.19596300 -0.03093051 -0.93928726 0.24593300 0.23928442 0.00000000
0.09008614 0.19672400 -0.03239216 -0.84030782 0.32113400 0.43675538 0.00000000
0.09024343 0.19692300 -0.03255268 -0.84553073 0.32080700 0.42680284 0.00000000
0.09121659 0.19961900 -0.03474080 -0.64109499 0.67689300 0.36168056 0.00000000
0.09135060 0.19981700 -0.03436327 -0.66017139 0.66994600 0.33962829 0.00000000
0.09137824 0.19983500 -0.03512418 -0.62719896 0.66930300 0.39831458 0.00000000
0.09198968 0.20055900 -0.03487466 -0.68891839 0.64670400 0.32736114 0.00000000
0.09172578 0.20068100 -0.03442142 -0.33315626 0.90462800 0.26581101 0.00000000
0.09182804 0.20034200 -0.03449138 -0.37270579 0.89180900 0.25645313 0.00000000
0.09122291 0.19925200 -0.03481499 -0.65690874 0.64261700 0.39435356 0.00000000
0.09110758 0.19953700 -0.03407646 -0.69255387 0.63684400 0.33882081 0.00000000
0.09061003 0.19911900 -0.03420939 -0.72096615 0.57504500 0.38669302 0.00000000
0.09091451 0.19957000 -0.03466085 -0.68036527 0.62328200 0.38551606 0.00000000
0.09074830 0.19991600 -0.03557879 -0.81628651 0.41140100 0.40549336 0.00000000
0.09084282 0.20053500 -0.03471963 -0.67766423 0.60987100 0.41088726 0.00000000
0.09107563 0.20145000 -0.03666114 -0.28378018 0.33728600 0.89761201 0.00000000
0.09237062 0.20135100 -0.03457944 -0.53179300 0.77396400 0.34376636 0.00000000
0.09162798 0.20103700 -0.03457421 -0.11549641 0.96713400 0.22652395 0.00000000
0.09181215 0.20154900 -0.03506809 -0.58037096 0.67203700 0.45993097 0.00000000
0.09112478 0.20069100 -0.03506061 -0.58236450 0.69400300 0.42333323 0.00000000
0.09094920 0.20129700 -0.03510527 -0.69237799 0.48429800 0.53485391 0.00000000
0.09151312 0.20160800 -0.03578723 -0.37206736 0.61085900 0.69886798 0.00000000
0.09093649 0.20152800 -0.03638825 -0.35771261 0.41342400 0.83733032 0.00000000
0.09131569 0.20162300 -0.03614896 -0.31038185 0.51277200 0.80045435 0.00000000
0.09143970 0.20187500 -0.03590185 -0.30168788 0.56277900 0.76958773 0.00000000
0.09091767 0.20154600 -0.03607315 -0.46948375 0.47823400 0.74221177 0.00000000
0.09088884 0.20161700 -0.03588847 -0.53333088 0.45654900 0.71212415 0.00000000
0.09200253 0.20169500 -0.03563606 -0.35293444 0.69656500 0.62468779 0.00000000
0.09171491 0.20161000 -0.03564845 -0.37122700 0.66005400 0.65308468 0.00000000
0.09149866 0.20164300 -0.03569499 -0.39757892 0.62914600 0.66791221 0.00000000
0.09164714 0.20180600 -0.03540970 -0.42906546 0.67020600 0.60557962 0.00000000
0.09226707 0.20177900 -0.03508570 -0.46474948 0.74841700 0.47316011 0.00000000
0.09173872 0.20181700 -0.03518271 -0.42912202 0.70940700 0.55910307 0.00000000
0.09116775 0.20166600 -0.03543036 -0.51497479 0.58019100 0.63101487 0.00000000
0.09091897 0.20145700 -0.03549692 -0.67456656 0.45616500 0.58040732 0.00000000
0.09121234 0.20147000 -0.03513115 -0.76758392 0.44402900 0.46222665 0.00000000
0.09082575 0.20074900 -0.03577975 -0.74955148 0.44669000 0.48850876 0.00000000
0.09078386 0.20076700 -0.03492660 -0.70021965 0.55827500 0.44499680 0.00000000
0.09171294 0.19954500 -0.03366003 -0.72295244 0.61988500 0.30509522 0.00000000
0.09097476 0.19924900 -0.03387766 -0.75808698 0.54250700 0.36192471 0.00000000
0.09143794 0.20167900 -0.03452653 -0.13576306 0.90460200 0.40405934 0.00000000
0.09124247 0.20130900 -0.03473951 -0.51383461 0.72693000 0.45557265 0.00000000
0.09189582 0.20446600 -0.03748043 0.25430589 0.51634900 0.81774793 0.00000000
0.09153542 0.20485500 -0.03660375 0.27130608 0.50021700 0.82229937 0.00000000
0.09092073 0.20165300 -0.03687224 -0.28463279 0.29605400 0.91177632 0.00000000
0.09064988 0.20193600 -0.03734850 -0.44017132 0.32155800 0.83836100 0.00000000
0.09075387 0.20229500 -0.03736261 -0.27446997 0.31516900 0.90847877 0.00000000
0.09131603 0.20241000 -0.03666925 -0.08103698 0.29629700 0.95165214 0.00000000
0.09148463 0.20246600 -0.03612293 -0.15129168 0.40495900 0.90173156 0.00000000
0.09141120 0.20273300 -0.03623756 -0.10213199 0.28005400 0.95453587 0.00000000
0.09121779 0.20197900 -0.03630176 -0.20624122 0.38820900 0.89819769 0.00000000
0.09151476 0.20230600 -0.03573129 -0.22871019 0.56055300 0.79591000 0.00000000
0.09153727 0.20260100 -0.03584188 -0.21291731 0.49112400 0.84466745 0.00000000
0.09146385 0.20286800 -0.03595650 -0.11634857 0.35251900 0.92854367 0.00000000
0.09150149 0.20283300 -0.03658690 -0.08013612 0.26602700 0.96062898 0.00000000
0.09142807 0.20310000 -0.03670152 -0.02931850 0.29692300 0.95445119 0.00000000
0.09119941 0.20278400 -0.03650695 -0.06421605 0.25361800 0.96517079 0.00000000
0.09144689 0.20308200 -0.03701672 0.01325171 0.30549200 0.95210262 0.00000000
0.09136039 0.20329600 -0.03646277 -0.01724304 0.25967300 0.96554279 0.00000000
0.09135464 0.20336700 -0.03681614 0.05920892 0.32077700 0.94530291 0.00000000
0.09070991 0.20269700 -0.03665812 -0.13708593 0.22066300 0.96566847 0.00000000
0.09039216 0.20277300 -0.03706217 -0.23221891 0.19004100 0.95391781 0.00000000
0.09134789 0.20294700 -0.03622176 -0.07141811 0.23495300 0.96937904 0.00000000
0.09039978 0.20231700 -0.03656003 -0.33516041 0.19897600 0.92091018 0.00000000
0.09126991 0.20377700 -0.03763761 0.20967708 0.43620600 0.87507722 0.00000000
0.09097524 0.20385400 -0.03857961 0.91693771 0.34365000 0.20280543 0.00000000
0.09122096 0.20395600 -0.03771406 0.38056688 0.49628000 0.78030399 0.00000000
0.09137346 0.20335000 -0.03713134 0.07343707 0.32205000 0.94387033 0.00000000
0.09128567 0.20365300 -0.03715362 0.12637617 0.33099300 0.93513258 0.00000000
0.09121225 0.20392000 -0.03726824 0.20822393 0.38734000 0.89811467 0.00000000
0.09090581 0.20385300 -0.03696554 0.22444612 0.30510300 0.92549242 0.00000000
0.09132994 0.20453900 -0.03694724 0.36322505 0.48144000 0.79767402 0.00000000
0.09068564 0.20465500 -0.03730941 0.56694689 0.40521900 0.71719531 0.00000000
0.09076026 0.20429900 -0.03661856 0.39569428 0.37378800 0.83887352 0.00000000
0.09102786 0.20449000 -0.03686729 0.47081230 0.45229600 0.75747202 0.00000000
0.09068683 0.20456600 -0.03673318 0.52423893 0.43217900 0.73375385 0.00000000
0.09090113 0.20491800 -0.03683551 0.52667332 0.45714400 0.71668322 0.00000000
0.09210927 0.21001200 -0.04142957 -0.71144353 0.53233900 0.45876199 0.00000000
0.09199767 0.21010900 -0.04191749 -0.38880167 0.73840900 0.55098549 0.00000000
0.09192424 0.21037700 -0.04203222 -0.33961152 0.76923900 0.54123497 0.00000000
0.09181590 0.21000000 -0.04179534 -0.06546978 0.82797700 0.55692743 0.00000000
0.09231865 0.20524000 -0.03803826 0.36473262 0.53225800 0.76398367 0.00000000
0.09196503 0.20554800 -0.03918732 0.84031421 0.06024590 0.53874159 0.00000000
0.09229657 0.20573200 -0.03844805 0.48999204 0.32679300 0.80815448 0.00000000
0.09256677 0.20574400 -0.03754433 0.13643375 0.46799000 0.87313832 0.00000000
0.09109108 0.20672600 -0.03902028 0.82373599 0.04612130 0.56509484 0.00000000
0.09218139 0.20738400 -0.03975389 0.33271873 0.36465000 0.86967165 0.00000000
0.09215691 0.20747300 -0.03979217 0.30884885 0.37135900 0.87561695 0.00000000
0.09206041 0.20774100 -0.03936873 0.90119457 -0.18514700 0.39187929 0.00000000
0.09080453 0.20763500 -0.03854926 0.53216517 0.33717300 0.77660401 0.00000000
0.09075810 0.20526400 -0.03829140 0.83746082 0.18675400 0.51359652 0.00000000
0.09100428 0.20565200 -0.03937730 0.90401490 -0.06330930 0.42278778 0.00000000
0.09072797 0.20542500 -0.03868295 0.88534524 0.08151700 0.45773266 0.00000000
0.09111708 0.20546600 -0.03831305 0.81255113 0.17240300 0.55681076 0.00000000
0.09082946 0.20538100 -0.03832545 0.83222993 0.18396800 0.52302036 0.00000000
0.09099491 0.20591100 -0.03850412 0.87570180 -0.01734820 0.48254005 0.00000000
0.09095031 0.20610700 -0.03880343 0.90677506 -0.09459880 0.41086531 0.00000000
0.09041957 0.20574300 -0.03852891 0.80812930 0.11533300 0.57760312 0.00000000
0.09029982 0.20550800 -0.03899878 0.90256987 -0.00388603 0.43052660 0.00000000
0.09108399 0.20551900 -0.03790561 0.62743408 0.33747800 0.70173747 0.00000000
0.09052878 0.20524400 -0.03766927 0.64062692 0.35867400 0.67893322 0.00000000
0.09081074 0.20539900 -0.03801035 0.72602316 0.26504800 0.63453972 0.00000000
0.09106082 0.20551900 -0.03736755 0.53908425 0.41105300 0.73513556 0.00000000
0.09022670 0.20519500 -0.03758932 0.64361363 0.33402600 0.68861302 0.00000000
0.09072990 0.20554200 -0.03710302 0.53648316 0.42471300 0.72924982 0.00000000
0.09064953 0.20596900 -0.03814725 0.71801159 0.18613300 0.67068134 0.00000000
0.09098350 0.20605400 -0.03921087 0.86176611 -0.02026250 0.50690040 0.00000000
0.09220324 0.20797500 -0.03943692 0.90477836 -0.19325100 0.37951247 0.00000000
0.09123302 0.20833800 -0.03875382 0.15757318 0.55842400 0.81445227 0.00000000
0.09175973 0.20947200 -0.03932576 -0.44315650 0.57944100 0.68400386 0.00000000
0.09106179 0.20896200 -0.03902124 0.91326809 -0.20393200 0.35263667 0.00000000
0.09213504 0.20983400 -0.04081507 -0.50446111 0.59665700 0.62411436 0.00000000
0.09205290 0.21006600 -0.04048398 -0.50445766 0.59321500 0.62739002 0.00000000
0.09205420 0.20997700 -0.03990785 -0.50627165 0.53336800 0.67764855 0.00000000
0.09171960 0.20968600 -0.03984793 -0.51024006 0.54092200 0.66862413 0.00000000
0.09146451 0.20984400 -0.03984030 -0.51024006 0.54092200 0.66862413 0.00000000
0.09175342 0.20983900 -0.03925167 -0.47606908 0.55998800 0.67806433 0.00000000
0.09161103 0.21039100 -0.03970377 -0.49646671 0.55389700 0.66837108 0.00000000
0.09151878 0.21067600 -0.03950330 -0.48038558 0.58519900 0.65327739 0.00000000
0.09057273 0.20966200 -0.03969280 -0.36781620 0.62252000 0.69078268 0.00000000
0.09125128 0.21048500 -0.03925456 -0.50084567 0.54833400 0.66968871 0.00000000
0.09096357 0.21040100 -0.03926696 -0.51202645 0.56004200 0.65129286 0.00000000
0.09087708 0.21061500 -0.03871311 -0.47597445 0.61459400 0.62906520 0.00000000
0.09168787 0.21051600 -0.04233979 -0.30409546 0.77916200 0.54811738 0.00000000
0.09168352 0.21049900 -0.04211693 -0.32875844 0.77948500 0.53321674 0.00000000
0.09163457 0.21067700 -0.04219338 -0.30409546 0.77916200 0.54811738 0.00000000
0.09161455 0.21078400 -0.04245441 -0.25048816 0.80410800 0.53913435 0.00000000
0.09159878 0.21090900 -0.04293830 -0.19027212 0.81076500 0.55358578 0.00000000
0.09179296 0.21136700 -0.04330166 -0.22517946 0.82251500 0.52226653 0.00000000
0.09173290 0.21110700 -0.04256087 -0.23716187 0.80344300 0.54610708 0.00000000
0.09176978 0.21136700 -0.04276360 -0.21337376 0.81354900 0.54093436 0.00000000
0.09160510 0.21054200 -0.04301239 -0.20869713 0.82309500 0.52816733 0.00000000
0.09111264 0.21034800 -0.04236457 -0.33899284 0.77452900 0.53403047 0.00000000
0.09142038 0.21032500 -0.04209115 -0.39187753 0.73464600 0.55382927 0.00000000
0.09090574 0.21062300 -0.04185303 -0.27262803 0.78594700 0.55494148 0.00000000
0.09070591 0.21023500 -0.04184305 -0.45139772 0.69330400 0.56175521 0.00000000
0.09061812 0.21053800 -0.04186543 -0.38218729 0.73464600 0.56056053 0.00000000
0.09133422 0.21132600 -0.04205749 -0.29319693 0.78499100 0.54573205 0.00000000
0.09052022 0.21089500 -0.04201832 -0.39269644 0.72599600 0.56455259 0.00000000
0.09226075 0.21223100 -0.04551183 0.39939586 0.58521200 0.70569892 0.00000000
0.09205763 0.21281900 -0.04479557 0.40813779 0.61072800 0.67855289 0.00000000
0.09208776 0.21265900 -0.04440403 0.42026583 0.65575500 0.62718611 0.00000000
0.09201434 0.21292600 -0.04451865 0.42250226 0.62494200 0.65646015 0.00000000
0.09177567 0.21266300 -0.04445460 0.41919120 0.64125100 0.64271042 0.00000000
0.09124493 0.21229900 -0.04418008 0.28473569 0.71415100 0.63946347 0.00000000
0.09138034 0.21240800 -0.04322632 -0.06645993 0.80535500 0.58905538 0.00000000
0.09141047 0.21224800 -0.04283467 -0.12388443 0.80754400 0.57665062 0.00000000
0.09180144 0.21248500 -0.04384019 -0.00692413 0.81684800 0.57681195 0.00000000
0.09149936 0.21243700 -0.04376025 0.06163399 0.79352900 0.60540224 0.00000000
0.09140156 0.21279300 -0.04391304 0.27758164 0.70648100 0.65102397 0.00000000
0.09117410 0.21238800 -0.04314234 -0.06340111 0.80879100 0.58466898 0.00000000
0.09122870 0.21213800 -0.04271242 -0.07522693 0.80664600 0.58622746 0.00000000
0.09108502 0.21278000 -0.04374085 0.28115931 0.71337300 0.64191062 0.00000000
0.09134632 0.21283600 -0.04534666 0.45668895 0.56665000 0.68581628 0.00000000
0.09139321 0.21304300 -0.04541897 0.44712583 0.59358700 0.66912963 0.00000000
0.09191654 0.21328200 -0.04467155 0.41156547 0.60431300 0.68221601 0.00000000
0.09189402 0.21298700 -0.04456096 0.42250226 0.62494200 0.65646015 0.00000000
0.09167342 0.21300200 -0.04438464 0.42250226 0.62494200 0.65646015 0.00000000
0.09177165 0.21343300 -0.04475203 0.40236705 0.58793300 0.70173693 0.00000000
0.09197114 0.21303300 -0.04424172 0.39065097 0.64209300 0.65962754 0.00000000
0.09177740 0.21336100 -0.04439865 0.41140206 0.60083700 0.68537847 0.00000000
0.09132814 0.21306000 -0.04402776 0.43824862 0.62794900 0.64313238 0.00000000
0.09126908 0.21329200 -0.04423473 0.41529885 0.60480900 0.67950880 0.00000000
0.09122459 0.21348800 -0.04453403 0.43534313 0.56538700 0.70058138 0.00000000
0.09136871 0.21363300 -0.04402589 0.39597982 0.60778000 0.68833352 0.00000000
0.09142006 0.21385700 -0.04432106 0.40271373 0.57867600 0.70919391 0.00000000
0.09107774 0.21402300 -0.04476328 0.41853111 0.59485200 0.68628176 0.00000000
0.09167495 0.21428100 -0.04585277 0.43438656 0.62079100 0.65263037 0.00000000
0.09160588 0.21456600 -0.04619025 0.44452688 0.62401200 0.64265518 0.00000000
0.09101878 0.21425400 -0.04497024 0.43702038 0.59366000 0.67570787 0.00000000
0.09118412 0.21478400 -0.04514892 0.45528176 0.61494600 0.64386376 0.00000000
0.09092534 0.21462900 -0.04534599 0.48026332 0.59665700 0.64292060 0.00000000
0.09210213 0.21507300 -0.04663346 0.48095988 0.63034300 0.60938078 0.00000000
0.09179134 0.21498900 -0.04610790 0.45186063 0.62472600 0.63682015 0.00000000
0.09205884 0.21518000 -0.04635654 0.44566207 0.63204300 0.63396227 0.00000000
0.09152810 0.21481500 -0.04608202 0.47095967 0.61751000 0.62998259 0.00000000
0.09202871 0.21534000 -0.04674818 0.49630106 0.61918100 0.60852256 0.00000000
0.09189523 0.21534800 -0.04612192 0.44920851 0.62569500 0.63774368 0.00000000
0.09198542 0.21544700 -0.04647126 0.47367005 0.62321100 0.62228994 0.00000000
0.09169909 0.21527400 -0.04590732 0.46013561 0.62333800 0.63223932 0.00000000
0.09162567 0.21554100 -0.04602195 0.47817519 0.61468800 0.62730088 0.00000000
0.09156432 0.21537000 -0.04585739 0.48081144 0.61703500 0.62296642 0.00000000
0.09148654 0.21562000 -0.04574915 0.53521042 0.60059300 0.59400186 0.00000000
0.09082168 0.21505600 -0.04585217 0.54560254 0.59070600 0.59446138 0.00000000
0.09113953 0.21498000 -0.04544822 0.49600722 0.60234400 0.62542703 0.00000000
0.09106620 0.21524800 -0.04556284 0.50572164 0.60170700 0.61821821 0.00000000
0.09099278 0.21551500 -0.04567747 0.52343298 0.59572400 0.60920475 0.00000000
0.09124308 0.21455300 -0.04494205 0.44387515 0.60357200 0.66232632 0.00000000
0.09052273 0.21561600 -0.04514014 0.52343298 0.59572400 0.60920475 0.00000000
0.09121357 0.21060000 -0.04157950 -0.22423441 0.80397700 0.55076277 0.00000000
0.09114450 0.21088500 -0.04191708 -0.35953424 0.74449200 0.56255444 0.00000000
0.09078738 0.21029900 -0.04174667 -0.29887240 0.76857500 0.56565631 0.00000000
0.09109555 0.21106300 -0.04199343 -0.33367508 0.76001100 0.55771333 0.00000000
0.09099765 0.21142000 -0.04214633 -0.28031142 0.77697000 0.56368737 0.00000000
0.09133226 0.21171000 -0.04220625 -0.23294809 0.78025600 0.58046180 0.00000000
0.09073255 0.21163100 -0.04226922 -0.26041258 0.76964600 0.58294884 0.00000000
0.09085091 0.21195400 -0.04237567 -0.17898540 0.78703900 0.59036800 0.00000000
0.09189470 0.21701100 -0.04773882 0.78628630 0.46539200 0.40640283 0.00000000
0.09188905 0.21708200 -0.04809219 0.81311321 0.43634100 0.38529622 0.00000000
0.09204481 0.21600200 -0.04678458 0.53062952 0.61919500 0.57881762 0.00000000
0.09197138 0.21627000 -0.04689920 0.55605008 0.60738800 0.56735193 0.00000000
0.09208299 0.21617300 -0.04641118 0.51408341 0.60999000 0.60301810 0.00000000
0.09203720 0.21645800 -0.04728672 0.61298438 0.58585200 0.53012027 0.00000000
0.09146363 0.21893600 -0.05082392 0.85257539 0.38714500 0.35104649 0.00000000
0.09165661 0.21890300 -0.05023942 0.86120308 0.39912000 0.31469460 0.00000000
0.09156882 0.21920600 -0.05026180 0.86320990 0.39255200 0.31744642 0.00000000
0.09155598 0.21807000 -0.04950041 0.85489706 0.39591000 0.33526994 0.00000000
0.09159875 0.21962600 -0.05139424 0.85547092 0.37783300 0.35413634 0.00000000
0.09182870 0.21985300 -0.05101258 0.85715660 0.38024500 0.34741330 0.00000000
0.09179987 0.21992400 -0.05082790 0.85715660 0.38024500 0.34741330 0.00000000
0.09198024 0.22012300 -0.05152648 0.85257539 0.38714500 0.35104649 0.00000000
0.09193139 0.22030100 -0.05160283 0.85257539 0.38714500 0.35104649 0.00000000
0.09189072 0.21972800 -0.05160470 0.85447164 0.38047300 0.35372218 0.00000000
0.09140305 0.22033900 -0.05169993 0.85726627 0.37418700 0.35366354 0.00000000
0.09173080 0.22021000 -0.05116548 0.85447164 0.38047300 0.35372218 0.00000000
0.09194270 0.22015900 -0.05089608 0.85868704 0.38562900 0.33755873 0.00000000
0.09179857 0.22001300 -0.05140413 0.85447164 0.38047300 0.35372218 0.00000000
0.09167946 0.21998500 -0.05087030 0.85715660 0.38024500 0.34741330 0.00000000
0.09172515 0.22028100 -0.05151885 0.85270068 0.38108400 0.35731702 0.00000000
0.09160048 0.22032400 -0.05133830 0.85795222 0.37923600 0.34655034 0.00000000
0.09090101 0.22040500 -0.05017884 0.85447164 0.38047300 0.35372218 0.00000000
0.09121114 0.22078500 -0.05027694 0.86318598 0.37135900 0.34205645 0.00000000
0.09093124 0.22024400 -0.04978729 0.87123038 0.37118400 0.32121626 0.00000000
0.09134845 0.22058900 -0.05212975 0.85447164 0.38047300 0.35372218 0.00000000
0.09125686 0.22057800 -0.05235674 0.85432926 0.38651700 0.34745632 0.00000000
0.09136411 0.22046400 -0.05164587 0.85451799 0.37743800 0.35684664 0.00000000
0.09134443 0.22135800 -0.05242728 0.86492232 0.39957800 0.30371962 0.00000000
0.09168488 0.22099600 -0.05060975 0.86583120 0.36810300 0.33887538 0.00000000
0.09051527 0.22175900 -0.05043685 0.85257539 0.38714500 0.35104649 0.00000000
0.09049256 0.22204500 -0.05185044 0.86952701 0.39743700 0.29320063 0.00000000
0.09056272 0.22225100 -0.05246082 0.86492232 0.39957800 0.30371962 0.00000000
0.09053249 0.22241100 -0.05285236 0.86152922 0.40390200 0.30762054 0.00000000
0.09047354 0.22264300 -0.05305933 0.86492232 0.39957800 0.30371962 0.00000000
0.09044341 0.22280400 -0.05345097 0.86752198 0.39631300 0.30056768 0.00000000
0.09032669 0.22317800 -0.05328867 0.85157392 0.42023500 0.31340650 0.00000000
0.09017428 0.22378400 -0.05387129 0.82340346 0.44569000 0.35123550 0.00000000
0.09136203 0.21652900 -0.04904423 0.84530696 0.39266600 0.36231176 0.00000000
0.09153748 0.21700600 -0.04909239 0.84619147 0.39612900 0.35642757 0.00000000
0.09132689 0.21696700 -0.04878555 0.84530696 0.39266600 0.36231176 0.00000000
0.09137583 0.21678900 -0.04870911 0.84057659 0.40106000 0.36411876 0.00000000
0.09113337 0.21621300 -0.04884966 0.82268997 0.42201900 0.38089628 0.00000000
0.09152801 0.21726500 -0.04821921 0.82676981 0.41769500 0.37680644 0.00000000
0.09125921 0.21716300 -0.04854680 0.84530696 0.39266600 0.36231176 0.00000000
0.09148853 0.21718400 -0.04916884 0.84619147 0.39612900 0.35642757 0.00000000
0.09125346 0.21723400 -0.04890018 0.84988362 0.39183300 0.35237033 0.00000000
0.09146775 0.21758600 -0.04900240 0.84884962 0.39445000 0.35194151 0.00000000
0.09118004 0.21750200 -0.04901480 0.84884962 0.39445000 0.35194151 0.00000000
0.09121027 0.21734100 -0.04862325 0.84530696 0.39266600 0.36231176 0.00000000
0.09082475 0.21761400 -0.04878844 0.84988362 0.39183300 0.35237033 0.00000000
0.09195529 0.21560800 -0.04686281 0.53524837 0.61387400 0.58023108 0.00000000
0.09185878 0.21587500 -0.04643937 0.50698339 0.61303300 0.60593606 0.00000000
0.09122752 0.21654700 -0.04603905 0.47703598 0.61002700 0.63269511 0.00000000
0.09089488 0.21587100 -0.04583036 0.54106018 0.59620000 0.59312740 0.00000000
0.09069679 0.21618200 -0.04576454 0.64398123 0.55639500 0.52508222 0.00000000
0.09098680 0.21666900 -0.04612366 0.65139985 0.55351500 0.51894076 0.00000000
0.09067471 0.21667300 -0.04617433 0.72837946 0.51596300 0.45082822 0.00000000
0.09060128 0.21694100 -0.04628895 0.79481771 0.46904900 0.38504283 0.00000000
0.09083253 0.21707800 -0.04533106 0.66546380 0.55101900 0.50352349 0.00000000
0.09067764 0.21728200 -0.04554216 0.77263410 0.48825900 0.40575903 0.00000000
0.09051080 0.21742200 -0.04746380 0.85721988 0.37722000 0.35054108 0.00000000
0.09061435 0.21699400 -0.04695753 0.84408532 0.41973000 0.33368621 0.00000000
0.09057389 0.21829100 -0.04757251 0.84530696 0.39266600 0.36231176 0.00000000
0.09043747 0.21768900 -0.04757842 0.84530696 0.39266600 0.36231176 0.00000000
0.09011963 0.21776600 -0.04798236 0.84530696 0.39266600 0.36231176 0.00000000
0.09031510 0.21813500 -0.04776949 0.84530696 0.39266600 0.36231176 0.00000000
0.09052188 0.21836200 -0.04684987 0.85515361 0.38991800 0.34157999 0.00000000
0.09125666 0.21776400 -0.04531276 0.71270302 0.53553000 0.45305830 0.00000000
0.09055210 0.21820100 -0.04645822 0.85155603 0.39421600 0.34560903 0.00000000
0.09105823 0.21823300 -0.05115742 0.85165973 0.39119900 0.34876759 0.00000000
0.09094663 0.21832900 -0.05164554 0.85370186 0.37844200 0.35773622 0.00000000
0.09080168 0.21948300 -0.04886360 0.85250348 0.40847900 0.32616458 0.00000000
0.09056301 0.21922000 -0.04879954 0.84478953 0.40779400 0.34646099 0.00000000
0.09048959 0.21948800 -0.04891417 0.85890188 0.39649200 0.32416239 0.00000000
0.08947969 0.21790000 -0.04856759 0.84884962 0.39445000 0.35194151 0.00000000
0.08907981 0.21820800 -0.04864054 0.85155603 0.39421600 0.34560903 0.00000000
0.09083357 0.21951800 -0.04984737 0.86639966 0.39118200 0.31036704 0.00000000
0.09068246 0.22003500 -0.04985375 0.87518391 0.37021900 0.31143296 0.00000000
0.09077155 0.21964300 -0.04925524 0.86320990 0.39255200 0.31744642 0.00000000
0.09053562 0.22057000 -0.05008300 0.85900415 0.37357800 0.35007307 0.00000000
0.09076437 0.21843600 -0.04814048 0.84884962 0.39445000 0.35194151 0.00000000
0.09044020 0.21887900 -0.04847033 0.85155603 0.39421600 0.34560903 0.00000000
0.09048141 0.21965800 -0.04746476 0.84874693 0.39746800 0.34878197 0.00000000
0.08997285 0.21880200 -0.04678044 0.85687038 0.38927200 0.33799512 0.00000000
0.09056249 0.22088300 -0.05041645 0.86318598 0.37135900 0.34205645 0.00000000
0.09044021 0.22132900 -0.05060752 0.85440839 0.38349900 0.35059241 0.00000000
0.09018263 0.22108400 -0.05022837 0.86318598 0.37135900 0.34205645 0.00000000
0.09004153 0.22154700 -0.05010424 0.85447164 0.38047300 0.35372218 0.00000000
0.09031784 0.22177400 -0.05079859 0.84443558 0.39370700 0.36321328 0.00000000
0.09019593 0.22250500 -0.05294121 0.86311282 0.40319100 0.30409514 0.00000000
0.08985714 0.22211800 -0.04970319 0.84988362 0.39183300 0.35237033 0.00000000
