-0.08167618 0.18696500 -0.07184867 0.71678583 -0.46402800 0.52047645 2.00000000
-0.08182556 0.18881400 -0.07034917 0.66870798 -0.42042100 0.61325061 2.00000000
-0.08136718 0.18850300 -0.07118805 0.68100935 -0.42380000 0.59717573 2.00000000
-0.08123959 0.18877200 -0.07114597 0.67167940 -0.41744300 0.61203627 2.00000000
-0.08091198 0.18857500 -0.07159778 0.69321159 -0.42705000 0.58059089 2.00000000
-0.08076296 0.18884800 -0.07165272 0.68397662 -0.42078000 0.59591981 2.00000000
-0.08114547 0.18804300 -0.07177909 0.70087739 -0.43005500 0.56905404 2.00000000
-0.08117599 0.18902400 -0.07081139 0.67167940 -0.41744300 0.61203627 2.00000000
-0.08700311 0.21390000 -0.05846978 0.05292629 -0.98729600 -0.14981557 1.00000000
-0.08678777 0.21428200 -0.05799275 0.05292629 -0.98729600 -0.14981557 1.00000000
-0.08687265 0.21402400 -0.05822982 0.05292629 -0.98729600 -0.14981557 1.00000000
-0.08680888 0.21404000 -0.05852255 0.05292629 -0.98729600 -0.14981557 1.00000000
-0.08652676 0.21421400 -0.05834940 0.05136113 -0.98883300 -0.13989666 1.00000000
-0.08646015 0.21432300 -0.05781666 0.05292629 -0.98729600 -0.14981557 1.00000000
-0.08639629 0.21433800 -0.05810944 0.04217553 -0.98791300 -0.14916075 1.00000000
-0.08633252 0.21435400 -0.05840217 0.04217553 -0.98791300 -0.14916075 1.00000000
-0.08628999 0.21444300 -0.05838822 0.04217553 -0.98791300 -0.14916075 1.00000000
-0.08730635 0.21356200 -0.05896365 0.05495452 -0.98785600 -0.14532711 1.00000000
-0.08724266 0.21373600 -0.05883819 0.05495452 -0.98785600 -0.14532711 1.00000000
-0.08698187 0.21390500 -0.05856739 0.05292629 -0.98729600 -0.14981557 1.00000000
-0.08650538 0.21421900 -0.05844696 0.05136113 -0.98883300 -0.13989666 1.00000000
-0.08611090 0.21405200 -0.05857479 0.01170958 -0.98537100 -0.17001972 1.00000000
-0.08581323 0.21428200 -0.05952259 0.01498688 -0.98438500 -0.17539053 1.00000000
-0.08530657 0.21409000 -0.05911479 -0.04717008 -0.97408400 -0.22121448 1.00000000
-0.08626888 0.21460600 -0.05806750 0.04217553 -0.98791300 -0.14916075 1.00000000
-0.08596547 0.21478600 -0.05799186 0.01170958 -0.98537100 -0.17001972 1.00000000
-0.08600782 0.21461700 -0.05821498 0.01170958 -0.98537100 -0.17001972 1.00000000
-0.08567707 0.21435500 -0.05825928 -0.01638620 -0.97917600 -0.20234893 1.00000000
-0.08565587 0.21444000 -0.05814768 -0.01638620 -0.97917600 -0.20234893 1.00000000
-0.08508857 0.21464400 -0.05760314 -0.04352276 -0.97608900 -0.21296979 1.00000000
-0.08570149 0.21465300 -0.05794137 -0.00761176 -0.98192800 -0.18909927 1.00000000
-0.08534950 0.21447500 -0.05787399 -0.04352276 -0.97608900 -0.21296979 1.00000000
-0.08508849 0.21448600 -0.05802156 -0.04717008 -0.97408400 -0.22121448 1.00000000
-0.08528564 0.21449000 -0.05816676 -0.04717008 -0.97408400 -0.22121448 1.00000000
-0.08481184 0.21447400 -0.05949920 -0.09637506 -0.97302600 -0.20960024 1.00000000
-0.08452667 0.21434600 -0.05954618 -0.12322073 -0.97324400 -0.19394065 1.00000000
-0.08406850 0.21443100 -0.05933924 -0.06966095 -0.99334000 -0.09177267 1.00000000
-0.08435376 0.21463800 -0.05908315 -0.12434216 -0.97371800 -0.19081884 1.00000000
-0.08422635 0.21490700 -0.05904120 -0.06871758 -0.98861500 -0.13386244 1.00000000
-0.08354721 0.21391300 -0.05689590 -0.08949401 -0.98049100 -0.17500626 1.00000000
-0.08334709 0.21376500 -0.05655263 -0.08225010 -0.98438700 -0.15562003 1.00000000
-0.08311926 0.21434700 -0.05739458 -0.02820039 -0.84236200 -0.53817447 1.00000000
-0.08299185 0.21461500 -0.05735264 0.02195385 -0.87298800 -0.48724828 1.00000000
-0.08288888 0.21377100 -0.05655491 -0.15926148 -0.13613400 -0.97780552 1.00000000
-0.08380453 0.21437700 -0.05907968 -0.19324930 -0.54152400 -0.81817222 1.00000000
-0.08323418 0.21435800 -0.05854642 -0.06125917 -0.86970400 -0.48975691 1.00000000
-0.08378355 0.21477800 -0.05813156 -0.14635313 -0.24854400 -0.95750044 1.00000000
-0.08367734 0.21488300 -0.05841029 -0.01916351 -0.81580600 -0.57800750 1.00000000
-0.08310071 0.21418000 -0.05852668 -0.19244868 0.49368300 -0.84808012 1.00000000
-0.08285807 0.21412100 -0.05816946 -0.19106800 0.48753300 -0.85194179 1.00000000
-0.08274898 0.21424000 -0.05783194 -0.19477470 0.47456000 -0.85840289 1.00000000
-0.08351944 0.21440700 -0.05870847 -0.08345216 -0.84258400 -0.53206024 1.00000000
-0.08347678 0.21425900 -0.05932191 -0.17774715 -0.72059200 -0.67018817 1.00000000
-0.08228763 0.21402300 -0.05784531 -0.19418774 0.45500500 -0.86905835 1.00000000
-0.08127112 0.21317700 -0.05766840 -0.21479275 0.46520400 -0.85874915 1.00000000
-0.08233609 0.21414200 -0.05846446 -0.19590581 0.47100400 -0.86010270 1.00000000
-0.08131031 0.21403700 -0.05875885 -0.22886783 0.44955200 -0.86343683 1.00000000
-0.08455688 0.21485200 -0.05983341 -0.11701840 -0.97322300 -0.19784728 1.00000000
-0.08420484 0.21467400 -0.05976617 -0.23107599 -0.11115000 -0.96656622 1.00000000
-0.08397113 0.21496900 -0.06021208 -0.21439637 -0.44348800 -0.87026041 1.00000000
-0.08372831 0.21475100 -0.06027310 -0.22123425 -0.53668300 -0.81426446 1.00000000
-0.08368587 0.21484000 -0.06025910 -0.18469007 -0.59348200 -0.78336919 1.00000000
-0.08359201 0.21458700 -0.05963719 -0.13207618 -0.75339500 -0.64416735 1.00000000
-0.08329439 0.21497500 -0.06016671 -0.20081127 0.34379600 -0.91732209 1.00000000
-0.08278163 0.21425700 -0.05999032 -0.15893080 0.63359300 -0.75716591 1.00000000
-0.08267259 0.21445500 -0.05944359 -0.18457598 0.54705100 -0.81649663 1.00000000
-0.08265430 0.21460500 -0.05973926 -0.19715239 0.52886900 -0.82548732 1.00000000
-0.08270262 0.21472400 -0.06035836 -0.17678474 0.63145200 -0.75499369 1.00000000
-0.08292807 0.21463100 -0.05764536 -0.01276739 -0.87969700 -0.47536292 1.00000000
-0.08250934 0.21448300 -0.05725450 -0.00481804 -0.88151400 -0.47213316 1.00000000
-0.08067916 0.21417800 -0.05871638 -0.26077186 0.46948300 -0.84355356 1.00000000
-0.08239921 0.21490400 -0.06028273 -0.20749468 0.50902300 -0.83536888 1.00000000
-0.08209271 0.21478100 -0.06042736 -0.19716091 0.57770600 -0.79207490 1.00000000
-0.08182873 0.21464800 -0.06037687 -0.21309376 0.53073900 -0.82030924 1.00000000
-0.08138576 0.21428100 -0.06009476 -0.23304107 0.47960200 -0.84597485 1.00000000
-0.08095794 0.21487300 -0.06017511 -0.24651202 0.45446700 -0.85597382 1.00000000
-0.08088802 0.21452100 -0.06028101 -0.25290199 0.44310300 -0.86005785 1.00000000
-0.08133692 0.21509700 -0.06116832 -0.23415175 0.52660900 -0.81722425 1.00000000
-0.08070979 0.21359100 -0.05772914 -0.22986787 0.47829500 -0.84758205 1.00000000
-0.08057597 0.21301700 -0.05875517 -0.24952043 0.44403000 -0.86056735 1.00000000
-0.08062748 0.21351800 -0.05894489 -0.25409225 0.42903900 -0.86681191 1.00000000
-0.08012656 0.21337600 -0.05956053 -0.26973220 0.48147800 -0.83392083 1.00000000
-0.08002030 0.21340200 -0.06004847 -0.28143452 0.50249000 -0.81749502 1.00000000
-0.08047869 0.21371200 -0.05920959 -0.26302051 0.45203100 -0.85234308 1.00000000
-0.08561900 0.21092600 -0.06939331 -0.01117924 0.99735300 -0.07184332 1.00000000
-0.08564011 0.21084100 -0.06950474 -0.01117924 0.99735300 -0.07184332 1.00000000
-0.08566463 0.21090100 -0.06981489 -0.11512782 0.99328000 0.01183653 1.00000000
-0.08547039 0.21112000 -0.06965859 -0.00458027 0.99691300 -0.07837924 1.00000000
-0.08534924 0.21058300 -0.06873789 0.13991803 0.98737200 -0.07429531 1.00000000
-0.08515513 0.21088100 -0.06837233 0.26528325 0.95848500 -0.10454871 1.00000000
-0.08539778 0.21094000 -0.06872955 0.13991803 0.98737200 -0.07429531 1.00000000
-0.08524912 0.21121400 -0.06878521 0.13991803 0.98737200 -0.07429531 1.00000000
-0.08494253 0.21109100 -0.06892989 0.13991803 0.98737200 -0.07429531 1.00000000
-0.08531267 0.21096100 -0.06911993 0.00217269 0.99941100 -0.03424744 1.00000000
-0.08509424 0.21088200 -0.06928154 0.00217269 0.99941100 -0.03424744 1.00000000
-0.08487858 0.21110600 -0.06922226 0.14483725 0.98666500 -0.07425799 1.00000000
-0.08469971 0.21079400 -0.06919998 0.14812662 0.98624100 -0.07339957 1.00000000
-0.08503051 0.21089800 -0.06957458 0.00876292 0.99844400 -0.05507850 1.00000000
-0.08465736 0.21072500 -0.06960476 0.00404010 0.99874300 -0.04995237 1.00000000
-0.08428690 0.21085500 -0.06941432 0.14483725 0.98666500 -0.07425799 1.00000000
-0.08502763 0.21114900 -0.06833044 0.26465357 0.95868600 -0.10430054 1.00000000
-0.08505184 0.21120900 -0.06863997 0.12990657 0.98892900 -0.07171823 1.00000000
-0.08485765 0.21127000 -0.06890190 0.14148801 0.98689200 -0.07762809 1.00000000
-0.08463607 0.21104700 -0.06886531 0.20771903 0.97402900 -0.09011599 1.00000000
-0.08441453 0.21082400 -0.06882881 0.28966038 0.95070100 -0.11074214 1.00000000
-0.08411099 0.21084600 -0.06917151 0.25409945 0.96208000 -0.09917634 1.00000000
-0.08402602 0.21094500 -0.06935263 0.14483725 0.98666500 -0.07425799 1.00000000
-0.08414181 0.21049600 -0.06755696 -0.68399274 0.57925100 0.44342154 1.00000000
-0.08392925 0.21070600 -0.06811438 -0.70443956 0.57221500 0.41992205 1.00000000
-0.08592542 0.21073200 -0.07008547 -0.05828707 0.99767800 0.03522731 1.00000000
-0.08618908 0.21070700 -0.07055393 -0.05828707 0.99767800 0.03522731 1.00000000
-0.08634694 0.21078700 -0.07130193 -0.05828707 0.99767800 0.03522731 1.00000000
-0.08630423 0.21087600 -0.07128762 -0.05828707 0.99767800 0.03522731 1.00000000
-0.08590687 0.21072300 -0.07079920 -0.05828707 0.99767800 0.03522731 1.00000000
-0.08593426 0.21092700 -0.07130723 -0.05828707 0.99767800 0.03522731 1.00000000
-0.08580066 0.21074900 -0.07128723 -0.05828707 0.99767800 0.03522731 1.00000000
-0.08553381 0.21086700 -0.06999281 -0.11512782 0.99328000 0.01183653 1.00000000
-0.08590723 0.21088100 -0.07038132 -0.05828707 0.99767800 0.03522731 1.00000000
-0.08575543 0.21085200 -0.07065715 -0.05828707 0.99767800 0.03522731 1.00000000
-0.08565196 0.21110100 -0.07113373 -0.05828707 0.99767800 0.03522731 1.00000000
-0.08531532 0.21086800 -0.06994503 -0.11512782 0.99328000 0.01183653 1.00000000
-0.08529431 0.21079400 -0.07025238 -0.05828707 0.99767800 0.03522731 1.00000000
-0.08514251 0.21076500 -0.07052822 -0.05828707 0.99767800 0.03522731 1.00000000
-0.08492394 0.21076500 -0.07048049 -0.05828707 0.99767800 0.03522731 1.00000000
-0.08467811 0.21048300 -0.07013406 -0.05828707 0.99767800 0.03522731 1.00000000
-0.08512122 0.21100700 -0.06999807 -0.11512782 0.99328000 0.01183653 1.00000000
-0.08472970 0.21114200 -0.06990537 -0.02242666 0.99919800 -0.03318038 1.00000000
-0.08459614 0.21088500 -0.07009475 -0.11512782 0.99328000 0.01183653 1.00000000
-0.08488127 0.21093400 -0.07025675 -0.05828707 0.99767800 0.03522731 1.00000000
-0.08479644 0.21103400 -0.07043837 -0.05828707 0.99767800 0.03522731 1.00000000
-0.08461725 0.21080100 -0.07020617 -0.05828707 0.99767800 0.03522731 1.00000000
-0.08475099 0.21090000 -0.07043552 -0.05828707 0.99767800 0.03522731 1.00000000
-0.08431133 0.21091500 -0.06972429 0.15761707 0.98376200 -0.08583982 1.00000000
-0.08438085 0.21110900 -0.07003641 -0.02242666 0.99919800 -0.03318038 1.00000000
-0.08391945 0.21089200 -0.07004947 -0.02242666 0.99919800 -0.03318038 1.00000000
-0.07865613 0.20284700 -0.06533018 0.43452302 -0.07538760 0.89750000 1.00000000
-0.07895054 0.20364500 -0.06524976 0.49536547 -0.28669300 0.82001260 1.00000000
-0.07880175 0.20391800 -0.06530538 0.50228990 -0.25996800 0.82469512 1.00000000
-0.07829526 0.20388400 -0.06447935 0.54970123 -0.18733200 0.81408570 1.00000000
-0.07816785 0.20415200 -0.06443740 0.54497884 -0.18321800 0.81818707 1.00000000
-0.07858039 0.20385400 -0.06485065 0.51180630 -0.25626700 0.81998936 1.00000000
-0.07851658 0.20386900 -0.06514329 0.51180630 -0.25626700 0.81998936 1.00000000
-0.07836783 0.20406400 -0.06540807 0.50980871 -0.28062100 0.81323235 1.00000000
-0.07804022 0.20418300 -0.06502291 0.52129458 -0.21689800 0.82535280 1.00000000
-0.07779731 0.20388700 -0.06529304 0.52638922 -0.19994400 0.82639983 1.00000000
-0.07792799 0.20407900 -0.06469649 0.52932695 -0.18373900 0.82828315 1.00000000
-0.07871956 0.20400400 -0.06610281 0.50410295 -0.31421000 0.80445738 1.00000000
-0.07891676 0.20392900 -0.06645718 0.48614515 -0.36133400 0.79567619 1.00000000
-0.07896813 0.20427200 -0.06706522 0.50110747 -0.33963100 0.79595357 1.00000000
-0.07836440 0.20493400 -0.06669369 0.51829411 -0.17896600 0.83626726 1.00000000
-0.07877436 0.20339800 -0.06563431 0.49499709 -0.31215100 0.81088794 1.00000000
-0.07882273 0.20351800 -0.06625350 0.47381063 -0.36449100 0.80165451 1.00000000
-0.07882295 0.20375500 -0.06562606 0.50240008 -0.28486100 0.81636286 1.00000000
-0.07875887 0.20345400 -0.06675535 0.47659527 -0.40689200 0.77929211 1.00000000
-0.07854653 0.20398000 -0.06647625 0.50303150 -0.32369300 0.80136242 1.00000000
-0.07854078 0.20392900 -0.06545282 0.50385385 -0.29550000 0.81167150 1.00000000
-0.07812797 0.20399000 -0.06566715 0.51439647 -0.28187900 0.80990097 1.00000000
-0.07863168 0.20403900 -0.06587689 0.50410295 -0.31421000 0.80445738 1.00000000
-0.07794897 0.20367800 -0.06564461 0.51691283 -0.25199600 0.81810762 1.00000000
-0.07744832 0.20377400 -0.06563289 0.52358281 -0.25672200 0.81237624 1.00000000
-0.07712048 0.20365600 -0.06587517 0.52377096 -0.28511300 0.80272919 1.00000000
-0.07738733 0.20377500 -0.06654191 0.51964850 -0.27763500 0.80801197 1.00000000
-0.07717486 0.20414300 -0.06668114 0.52622555 -0.28191000 0.80225575 1.00000000
-0.07772100 0.20402300 -0.06711395 0.52194974 -0.30325800 0.79724725 1.00000000
-0.07773006 0.20469300 -0.06708060 0.51586596 -0.29183800 0.80542678 1.00000000
-0.07775117 0.20453000 -0.06740132 0.51066005 -0.29676400 0.80694315 1.00000000
-0.07708971 0.20408500 -0.06728051 0.52504462 -0.32059700 0.78838154 1.00000000
-0.07742338 0.20441200 -0.06764347 0.51801281 -0.31846500 0.79387760 1.00000000
-0.07777273 0.20484100 -0.06646715 0.52354404 -0.21393400 0.82470168 1.00000000
-0.07713830 0.20444200 -0.06727226 0.52335305 -0.31348300 0.79235736 1.00000000
-0.07727773 0.20483000 -0.06789706 0.42812149 -0.56171100 0.70794977 1.00000000
-0.07747793 0.20505700 -0.06803121 0.23305575 -0.84373500 0.48352407 1.00000000
-0.07701376 0.20469600 -0.06784657 -0.19771812 -0.95695200 -0.21248510 1.00000000
-0.07646434 0.20435600 -0.06805226 -0.21675096 -0.92383200 -0.31552209 1.00000000
-0.07664043 0.20452400 -0.06787684 -0.21970291 -0.93778700 -0.26886222 1.00000000
-0.07673575 0.20338200 -0.06385852 0.37080688 -0.89773200 0.23786350 1.00000000
-0.07648636 0.20365300 -0.06563463 0.54355524 -0.27367500 0.79350443 1.00000000
-0.07686548 0.20395500 -0.06641859 0.53453828 -0.29706100 0.79121592 1.00000000
-0.07609480 0.20355000 -0.06616951 0.04266317 -0.99844600 0.03586517 1.00000000
-0.07665283 0.20416500 -0.06697606 0.51534711 -0.36134700 0.77707531 1.00000000
-0.07557861 0.20370200 -0.06727874 -0.23272961 -0.91977600 -0.31598937 1.00000000
-0.07569074 0.20380700 -0.06760521 -0.24230168 -0.91537700 -0.32151886 1.00000000
-0.07524772 0.20336100 -0.06753208 -0.26125483 -0.91046800 -0.32061571 1.00000000
-0.07480474 0.20299500 -0.06724997 -0.26125483 -0.91046800 -0.32061571 1.00000000
-0.07597614 0.20409300 -0.06713986 -0.21006917 -0.93674100 -0.27997660 1.00000000
-0.07571208 0.20388100 -0.06729848 -0.21605081 -0.92047000 -0.32566348 1.00000000
-0.07551483 0.20379700 -0.06736240 -0.24230168 -0.91537700 -0.32151886 1.00000000
-0.07542672 0.20367300 -0.06755463 -0.26125483 -0.91046800 -0.32061571 1.00000000
-0.07507787 0.20371900 -0.06747614 -0.26125483 -0.91046800 -0.32061571 1.00000000
-0.07501401 0.20373400 -0.06776892 -0.26125483 -0.91046800 -0.32061571 1.00000000
-0.07485629 0.20349600 -0.06743956 -0.26125483 -0.91046800 -0.32061571 1.00000000
-0.07441331 0.20313000 -0.06715744 -0.26125483 -0.91046800 -0.32061571 1.00000000
-0.07460129 0.20379600 -0.06798321 -0.26125483 -0.91046800 -0.32061571 1.00000000
-0.07409737 0.20343100 -0.06860999 -0.33025417 -0.85068200 -0.40898942 1.00000000
-0.07392738 0.20378800 -0.06855400 -0.34404955 -0.83603600 -0.42740395 1.00000000
-0.07400934 0.20338600 -0.06859310 -0.34404955 -0.83603600 -0.42740395 1.00000000
-0.07383940 0.20374400 -0.06853720 -0.36431406 -0.83523800 -0.41188891 1.00000000
-0.08002442 0.20101400 -0.05588676 0.37322427 0.49355900 0.78555940 1.00000000
-0.08198151 0.20182800 -0.05657786 0.20631250 0.77331000 0.59952215 1.00000000
-0.08214528 0.20251300 -0.05688479 0.20195613 0.78619200 0.58405240 1.00000000
-0.08148387 0.20214700 -0.05655499 0.20631250 0.77331000 0.59952215 1.00000000
-0.08162038 0.20247000 -0.05677275 0.20195613 0.78619200 0.58405240 1.00000000
-0.08073133 0.20143500 -0.05642857 0.30930095 0.62418600 0.71744284 1.00000000
-0.08007597 0.20143600 -0.05628564 0.33483003 0.54798400 0.76655197 1.00000000
-0.08023355 0.20159500 -0.05682403 0.30043416 0.68677800 0.66187290 1.00000000
-0.08074026 0.20186700 -0.05702262 0.29176145 0.71245300 0.63818883 1.00000000
-0.08117950 0.20278700 -0.05942692 0.48187813 0.80509000 0.34586811 1.00000000
-0.08111613 0.20327700 -0.05846489 0.18642870 0.85867600 0.47740872 1.00000000
-0.08092481 0.20356100 -0.05871564 0.22119299 0.87239200 0.43589763 1.00000000
-0.08081860 0.20366600 -0.05899437 0.23237319 0.88993800 0.39244565 1.00000000
-0.07991431 0.20292400 -0.05914387 0.55498617 0.76057700 0.33691529 1.00000000
-0.07942889 0.20280600 -0.05842939 0.54870804 0.77613500 0.31069954 1.00000000
-0.07952297 0.20321800 -0.05863315 0.44492780 0.80752500 0.38722455 1.00000000
-0.07899197 0.20272800 -0.05854322 0.59468353 0.74150900 0.31067174 1.00000000
-0.07958665 0.20304400 -0.05875862 0.51842683 0.76516100 0.38178918 1.00000000
-0.07948641 0.20359600 -0.05901519 0.35762436 0.85868100 0.36711322 1.00000000
-0.07992028 0.20329200 -0.05933079 0.55318143 0.76006200 0.34102206 1.00000000
-0.07981402 0.20347600 -0.05940036 0.40493179 0.85487500 0.32437426 1.00000000
-0.07950752 0.20335300 -0.05954499 0.65661844 0.67538000 0.33572936 1.00000000
-0.07885850 0.20262900 -0.05831441 0.62679314 0.71038700 0.32012652 1.00000000
-0.08513779 0.20175700 -0.05511749 0.14400341 0.72160300 0.67716533 1.00000000
-0.08494055 0.20167300 -0.05518141 0.16426151 0.74180800 0.65018414 1.00000000
-0.08463404 0.20155000 -0.05532604 0.16711716 0.76078100 0.62712412 1.00000000
-0.08480962 0.20273300 -0.05663420 0.16621554 0.81232600 0.55901648 1.00000000
-0.08520417 0.20133200 -0.05648674 0.16288522 0.76882200 0.61837004 1.00000000
-0.08481879 0.20183400 -0.05658109 0.18870448 0.77815200 0.59905863 1.00000000
-0.08437873 0.20161200 -0.05649695 0.18870448 0.77815200 0.59905863 1.00000000
-0.08497072 0.20210100 -0.05567785 0.16382207 0.77297600 0.61291905 1.00000000
-0.08482202 0.20237400 -0.05573343 0.17092513 0.77189800 0.61233900 1.00000000
-0.08446401 0.20175000 -0.05568833 0.18870448 0.77815200 0.59905863 1.00000000
-0.08413330 0.20156700 -0.05552343 0.19010997 0.77557400 0.60194939 1.00000000
-0.08487348 0.20271700 -0.05634143 0.19836963 0.78739400 0.58366071 1.00000000
-0.08470340 0.20283800 -0.05691294 0.16621554 0.81232600 0.55901648 1.00000000
-0.08486121 0.20323400 -0.05682388 0.19927617 0.81038100 0.55097262 1.00000000
-0.08431206 0.20313100 -0.05640222 0.16621554 0.81232600 0.55901648 1.00000000
-0.08487016 0.20217700 -0.05718914 0.16621554 0.81232600 0.55901648 1.00000000
-0.08570450 0.20397700 -0.05758341 0.16722719 0.82506000 0.53973250 1.00000000
-0.08477606 0.20325500 -0.05721417 0.19927617 0.81038100 0.55097262 1.00000000
-0.08488820 0.20328000 -0.05774971 0.21194983 0.80791700 0.54986151 1.00000000
-0.08480623 0.20368200 -0.05771062 0.19713947 0.80923100 0.55342696 1.00000000
-0.08432081 0.20332600 -0.05762358 0.20768534 0.78626400 0.58194193 1.00000000
-0.08472126 0.20386100 -0.05768267 0.19713947 0.80923100 0.55342696 1.00000000
-0.08450587 0.20408500 -0.05762393 0.14835523 0.82612400 0.54360822 1.00000000
-0.08437240 0.20390700 -0.05760419 0.21263100 0.78253900 0.58516823 1.00000000
-0.08443604 0.20373300 -0.05772979 0.21263100 0.78253900 0.58516823 1.00000000
-0.08366536 0.20332800 -0.05748070 0.20195613 0.78619200 0.58405240 1.00000000
-0.08320110 0.20288800 -0.05750518 0.20195613 0.78619200 0.58405240 1.00000000
-0.08291605 0.20307600 -0.05671569 0.20195613 0.78619200 0.58405240 1.00000000
-0.08391411 0.20383400 -0.05781558 0.20768534 0.78626400 0.58194193 1.00000000
-0.08400217 0.20395700 -0.05762327 0.21263100 0.78253900 0.58516823 1.00000000
-0.08345886 0.20398400 -0.05801592 0.20195613 0.78619200 0.58405240 1.00000000
-0.08333766 0.20328900 -0.05751373 0.20195613 0.78619200 0.58405240 1.00000000
-0.08302810 0.20302200 -0.05746034 0.20195613 0.78619200 0.58405240 1.00000000
-0.08314634 0.20357300 -0.05776447 0.20195613 0.78619200 0.58405240 1.00000000
-0.08480276 0.20439400 -0.05941452 -0.16916755 0.97546400 0.14089975 1.00000000
-0.08436562 0.20423700 -0.05973743 -0.14573395 0.98610200 0.07977754 1.00000000
-0.08327046 0.20417500 -0.05909208 0.14650828 0.90409000 0.40144287 1.00000000
-0.08331281 0.20392700 -0.05952427 0.03946581 0.95880200 0.28132129 1.00000000
-0.08255175 0.20325700 -0.05754904 0.20195613 0.78619200 0.58405240 1.00000000
-0.08339426 0.20453900 -0.06104696 -0.36405950 0.93119800 -0.01818589 1.00000000
-0.08235961 0.20400100 -0.06074738 -0.15666540 0.98765100 -0.00106884 1.00000000
-0.08356169 0.20459100 -0.05944105 0.04412941 0.93594400 0.34937271 1.00000000
-0.08356451 0.20465600 -0.05984814 -0.05916075 0.96490700 0.25584186 1.00000000
-0.08296983 0.20434000 -0.05963275 0.03577938 0.95062600 0.30827042 1.00000000
-0.08227468 0.20425900 -0.06051023 0.04856295 0.98836400 0.14414398 1.00000000
-0.08356337 0.21107300 -0.06371093 0.59899443 0.53652300 -0.59443196 1.00000000
-0.08426422 0.21104700 -0.06427494 0.65275098 0.68462500 -0.32435360 1.00000000
-0.08374233 0.21122700 -0.06415175 0.71380386 0.46849400 -0.52057401 1.00000000
-0.08325695 0.21103000 -0.06364644 0.59312498 0.49493400 -0.63501405 1.00000000
-0.08317490 0.21127400 -0.06402554 0.66479471 0.43955300 -0.60401960 1.00000000
-0.08284715 0.21115600 -0.06426777 0.71806465 0.31629200 -0.61995370 1.00000000
-0.08279282 0.21082700 -0.06304352 0.19163208 0.67801700 -0.70962615 1.00000000
-0.08290792 0.21091700 -0.06398619 0.67163322 0.34948500 -0.65327556 1.00000000
-0.08246786 0.21061600 -0.06411112 0.65048531 0.35090900 -0.67359577 1.00000000
-0.08184574 0.20985800 -0.06401550 0.64976361 0.21864800 -0.72801113 1.00000000
-0.08251662 0.21128900 -0.06326627 0.13664598 0.70903700 -0.69180466 1.00000000
-0.08266819 0.21100200 -0.06382695 0.61880674 0.42970800 -0.65759328 1.00000000
-0.08365718 0.21116900 -0.06475112 0.72919473 0.51170300 -0.45435113 1.00000000
-0.08420642 0.21143000 -0.06475459 0.59697627 0.75960100 -0.25811939 1.00000000
-0.08414265 0.21144600 -0.06504731 0.58240689 0.78120300 -0.22477505 1.00000000
-0.08392416 0.21152500 -0.06479046 0.60683038 0.74771600 -0.26958706 1.00000000
-0.08330223 0.21076800 -0.06469497 0.72635270 0.48928800 -0.48271007 1.00000000
-0.08303821 0.21063400 -0.06464439 0.72530147 0.43341200 -0.53487533 1.00000000
-0.08337196 0.21112000 -0.06458916 0.71221966 0.48968700 -0.50294101 1.00000000
-0.08321721 0.21094700 -0.06466693 0.72377161 0.47755600 -0.49809138 1.00000000
-0.08288951 0.21098700 -0.06449089 0.73005309 0.37019200 -0.57443878 1.00000000
-0.08193964 0.21011200 -0.06463749 0.69146680 0.29506200 -0.65940306 1.00000000
-0.08169696 0.20989400 -0.06469856 0.69453489 0.21571600 -0.68635856 1.00000000
-0.08159079 0.21015700 -0.06455901 0.64379049 0.28061800 -0.71188949 1.00000000
-0.08203076 0.21045900 -0.06443412 0.66853969 0.32782400 -0.66752287 1.00000000
-0.08183056 0.21023100 -0.06429997 0.60849323 0.31966500 -0.72632675 1.00000000
-0.08161203 0.21023100 -0.06425233 0.62156160 0.29775200 -0.72457181 1.00000000
-0.08228229 0.21095000 -0.06538530 0.76627977 0.34016700 -0.54507108 1.00000000
-0.08156923 0.20984600 -0.06549318 0.76125931 0.25699400 -0.59534662 1.00000000
-0.08122684 0.20783500 -0.06368006 0.44623520 0.25923800 -0.85654521 1.00000000
-0.08125413 0.20819700 -0.06376932 0.55955228 0.21827000 -0.79953669 1.00000000
-0.08097197 0.20837100 -0.06359609 0.56950193 0.23352200 -0.78812126 1.00000000
-0.08144529 0.20932300 -0.06395641 0.64881381 0.19979500 -0.73425032 1.00000000
-0.08123603 0.20858400 -0.06343746 0.57991815 0.19661800 -0.79059293 1.00000000
-0.08122075 0.20887700 -0.06393106 0.61600637 0.21648700 -0.75740958 1.00000000
-0.08136923 0.20844500 -0.06429363 0.64311463 0.21991900 -0.73351111 1.00000000
-0.08117800 0.20872900 -0.06454455 0.64828170 0.20659800 -0.73283541 1.00000000
-0.08098699 0.20925000 -0.06416780 0.64881381 0.19979500 -0.73425032 1.00000000
-0.08046192 0.20904900 -0.06447400 0.60895556 0.24002300 -0.75601711 1.00000000
-0.08098748 0.20980400 -0.06270393 0.70131619 0.28297500 -0.65427874 1.00000000
-0.08140891 0.20993800 -0.06371114 0.68397069 0.23022700 -0.69222789 1.00000000
-0.08119038 0.20986000 -0.06387257 0.66926063 0.23556800 -0.70469643 1.00000000
-0.08118751 0.20987400 -0.06325631 0.63523899 0.29892900 -0.71211918 1.00000000
-0.08092649 0.20980600 -0.06361296 0.64137640 0.27833200 -0.71495948 1.00000000
-0.08108112 0.20982100 -0.06395328 0.66926063 0.23556800 -0.70469643 1.00000000
-0.08110550 0.21011800 -0.06363550 0.67823065 0.27861500 -0.67998302 1.00000000
-0.08081714 0.20968700 -0.06390279 0.61220603 0.24621400 -0.75138769 1.00000000
-0.08065978 0.20984500 -0.06252788 0.77439559 0.25064700 -0.58093702 1.00000000
-0.08123905 0.21029600 -0.06365520 0.69801966 0.27171000 -0.66252778 1.00000000
-0.08073230 0.21002500 -0.06345652 0.66014332 0.29148300 -0.69227793 1.00000000
-0.08123874 0.20998000 -0.06449176 0.64514373 0.23568800 -0.72680133 1.00000000
-0.08114476 0.20956800 -0.06428795 0.64541528 0.20692300 -0.73526979 1.00000000
-0.08126008 0.21005400 -0.06418504 0.64893118 0.23469000 -0.72374604 1.00000000
-0.08044081 0.20921200 -0.06415328 0.60067260 0.22452700 -0.76732073 1.00000000
-0.08442955 0.19915700 -0.06924320 0.75241019 0.62341100 -0.21269145 1.00000000
-0.08498144 0.19940400 -0.06986248 0.75538004 0.64137100 -0.13432596 1.00000000
-0.08462971 0.19922600 -0.06979563 0.76363174 0.62401200 -0.16575864 1.00000000
-0.08398666 0.19887000 -0.06875197 0.75810421 0.59391100 -0.26934606 1.00000000
-0.08403171 0.19860800 -0.06980028 0.78938134 0.58574800 -0.18378408 1.00000000
-0.08401073 0.19877100 -0.06947983 0.78038518 0.58919600 -0.20939587 1.00000000
-0.08403794 0.19897500 -0.06998751 0.75986033 0.62262900 -0.18693875 1.00000000
-0.08364023 0.19866400 -0.06991696 0.79713854 0.57722000 -0.17716516 1.00000000
-0.08355535 0.19884300 -0.06988919 0.78673539 0.58484200 -0.19750109 1.00000000
-0.08328231 0.19804000 -0.06987205 0.87007323 0.45763800 -0.18314030 1.00000000
-0.08311237 0.19839700 -0.06981616 0.85081989 0.48690400 -0.19756200 1.00000000
-0.08302444 0.19843200 -0.06959015 0.83929005 0.49679900 -0.22086875 1.00000000
-0.08284276 0.19680300 -0.06830431 0.93701466 0.14147400 -0.31935766 1.00000000
-0.08316408 0.19748900 -0.06956792 0.94985489 0.23370000 -0.20774921 1.00000000
-0.08200811 0.19774400 -0.06899499 0.92398519 0.23828800 -0.29911507 1.00000000
-0.08220517 0.19767000 -0.06934931 0.93271682 0.21968500 -0.28596813 1.00000000
-0.08288788 0.19795100 -0.06979067 0.90325307 0.37505700 -0.20848638 1.00000000
-0.08269055 0.19786800 -0.06985463 0.91823377 0.34123400 -0.20101097 1.00000000
-0.08242357 0.19751100 -0.06981528 0.94861724 0.23340000 -0.21365966 1.00000000
-0.08212016 0.19769100 -0.06973965 0.92370847 0.29412300 -0.24546750 1.00000000
-0.08264828 0.19811500 -0.06942240 0.88363658 0.39553200 -0.25048135 1.00000000
-0.08154384 0.19730400 -0.06901947 0.93134146 0.16803300 -0.32306162 1.00000000
-0.08192009 0.19770000 -0.06897810 0.92546240 0.22497300 -0.30480706 1.00000000
-0.08168619 0.19791500 -0.06963317 0.90393834 0.33742400 -0.26275420 1.00000000
-0.08141347 0.19750800 -0.06857039 0.92976844 0.17334200 -0.32478282 1.00000000
-0.08108567 0.19746900 -0.06860346 0.92683049 0.17549500 -0.33194270 1.00000000
-0.08139214 0.19743400 -0.06887712 0.93344404 0.16631100 -0.31784131 1.00000000
-0.08097942 0.19749500 -0.06909141 0.93429660 0.16666100 -0.31514331 1.00000000
-0.08104597 0.19746500 -0.06941498 0.94205842 0.16650100 -0.29120954 1.00000000
-0.08058193 0.19726200 -0.06881201 0.93162350 0.13102600 -0.33898341 1.00000000
-0.08445384 0.19937500 -0.06913454 0.74658569 0.62905000 -0.21657784 1.00000000
-0.08496064 0.19956800 -0.06954261 0.75157566 0.63509200 -0.17830279 1.00000000
-0.08432625 0.19940600 -0.06972013 0.75163730 0.63059500 -0.19336656 1.00000000
-0.08426262 0.19942100 -0.07001313 0.74182466 0.64365500 -0.18815987 1.00000000
-0.08370436 0.19888600 -0.06899706 0.76477376 0.58526600 -0.26941756 1.00000000
-0.08359815 0.19899100 -0.06927579 0.76707025 0.59100400 -0.24963295 1.00000000
-0.08357677 0.19891700 -0.06958243 0.78852962 0.57233100 -0.22507324 1.00000000
-0.08327026 0.19887300 -0.06951798 0.80403626 0.54180800 -0.24488685 1.00000000
-0.08006892 0.19787500 -0.06928279 0.90510953 0.29711900 -0.30413348 1.00000000
-0.07996275 0.19813800 -0.06914324 0.85043118 0.43133500 -0.30119185 1.00000000
-0.08582443 0.19943500 -0.07250483 0.35841874 0.93255900 0.04324317 1.00000000
-0.08557499 0.19994300 -0.07365296 0.33870456 0.94072300 0.01789568 1.00000000
-0.08559982 0.20024100 -0.07333585 0.34460271 0.93855200 0.01923314 1.00000000
-0.08529026 0.19997300 -0.07328246 0.33010274 0.94320000 0.03750912 1.00000000
-0.08536011 0.19915300 -0.07211062 0.33949081 0.93905100 0.05411809 1.00000000
-0.08463214 0.19873800 -0.07166677 0.37901143 0.91600800 0.13145120 1.00000000
-0.08393460 0.19914500 -0.07067342 0.71540233 0.68511600 -0.13716664 1.00000000
-0.08520859 0.19928200 -0.07196863 0.34443967 0.93677500 0.06176613 1.00000000
-0.08490226 0.19931700 -0.07169524 0.41461149 0.90953400 0.02906217 1.00000000
-0.08483817 0.19933300 -0.07198735 0.34729738 0.93553100 0.06454982 1.00000000
-0.08316704 0.19747500 -0.07018458 0.91583986 0.37540400 -0.14251013 1.00000000
-0.08335170 0.19799600 -0.07081156 0.74543927 0.66524800 -0.04201416 1.00000000
-0.08361545 0.19781300 -0.07169880 0.37842882 0.90633300 0.18802454 1.00000000
-0.08414345 0.19815800 -0.07159057 0.36676579 0.91454000 0.17058793 1.00000000
-0.08362801 0.19902200 -0.07081787 0.70246354 0.70109300 -0.12252751 1.00000000
-0.08340661 0.19880000 -0.07078164 0.72382840 0.68400200 -0.09063226 1.00000000
-0.08321823 0.19805500 -0.07016438 0.86217226 0.48492400 -0.14665699 1.00000000
-0.08315459 0.19807000 -0.07045737 0.85131995 0.51087600 -0.11941531 1.00000000
-0.08293319 0.19784800 -0.07042114 0.85917829 0.49726700 -0.12057424 1.00000000
-0.08309988 0.19875600 -0.07071675 0.74105846 0.66281300 -0.10728869 1.00000000
-0.08287857 0.19853300 -0.07068048 0.75242000 0.64672000 -0.12496830 1.00000000
-0.08369156 0.19853200 -0.07178026 0.35298374 0.92513300 0.13975327 1.00000000
-0.08371258 0.19860600 -0.07147291 0.43981583 0.89359900 0.08968453 1.00000000
-0.08302732 0.19810100 -0.07104337 0.66866321 0.74356000 0.00287976 1.00000000
-0.08289645 0.19814600 -0.07101190 0.67418290 0.73855200 -0.00431444 1.00000000
-0.08318459 0.19826000 -0.07158113 0.37842882 0.90633300 0.18802454 1.00000000
-0.08250820 0.19850500 -0.07090859 0.73977615 0.66668400 -0.09090082 1.00000000
-0.08252945 0.19834100 -0.07122935 0.58445084 0.81098400 0.02688529 1.00000000
-0.08529639 0.19916800 -0.07240367 0.33561210 0.94072700 0.04896207 1.00000000
-0.08399780 0.19849700 -0.07205369 0.34620058 0.92925600 0.12895467 1.00000000
-0.08518752 0.19928700 -0.07206659 0.34443967 0.93677500 0.06176613 1.00000000
-0.08494749 0.19921400 -0.07232532 0.34443967 0.93677500 0.06176613 1.00000000
-0.08426177 0.19870900 -0.07189488 0.35362288 0.92640400 0.12932796 1.00000000
-0.08402514 0.19878000 -0.07235234 0.35352495 0.93116000 0.08922777 1.00000000
-0.08405540 0.19928600 -0.07263944 0.34729738 0.93553100 0.06454982 1.00000000
-0.08488973 0.19943900 -0.07322342 0.32982602 0.94313800 0.04130374 1.00000000
-0.08482586 0.19969100 -0.07288830 0.32982602 0.94313800 0.04130374 1.00000000
-0.08465000 0.19960300 -0.07285488 0.33561210 0.94072700 0.04896207 1.00000000
-0.08379103 0.19899500 -0.07300674 0.34365052 0.93746100 0.05541686 1.00000000
-0.08425565 0.19951400 -0.07277368 0.33754876 0.93989600 0.05153584 1.00000000
-0.08399423 0.19936700 -0.07333882 0.33561210 0.94072700 0.04896207 1.00000000
-0.08352127 0.19841500 -0.07297921 0.33833246 0.93924700 0.05785651 1.00000000
-0.08369713 0.19850400 -0.07301263 0.34729738 0.93553100 0.06454982 1.00000000
-0.08325725 0.19828200 -0.07292863 0.33779933 0.93829400 0.07413554 1.00000000
-0.08336947 0.19838600 -0.07325505 0.34365052 0.93746100 0.05541686 1.00000000
-0.08340608 0.19832500 -0.07203613 0.34976480 0.92620200 0.14076537 1.00000000
-0.08343302 0.19852900 -0.07254328 0.33926347 0.93666600 0.08693418 1.00000000
-0.08334244 0.19834000 -0.07232913 0.34620058 0.92925600 0.12895467 1.00000000
-0.08329978 0.19835100 -0.07252421 0.34271890 0.93183000 0.11931627 1.00000000
-0.08240529 0.19758100 -0.07032002 0.92513895 0.34079700 -0.16725672 1.00000000
-0.08227783 0.19785000 -0.07027799 0.89891635 0.40887000 -0.15740173 1.00000000
-0.08217148 0.19803400 -0.07034761 0.87633879 0.45692200 -0.15248364 1.00000000
-0.08199265 0.19788000 -0.06990682 0.90103995 0.36806600 -0.22946756 1.00000000
-0.08175288 0.19788500 -0.06995679 0.88745529 0.40129100 -0.22669010 1.00000000
-0.08186498 0.19791100 -0.07049224 0.87508208 0.46218600 -0.14358359 1.00000000
-0.08241399 0.19793500 -0.07112293 0.68121638 0.73150800 0.02900336 1.00000000
-0.08232875 0.19795500 -0.07151304 0.39193298 0.89857500 0.19736063 1.00000000
-0.08250538 0.19828100 -0.07092009 0.73395990 0.67743000 -0.04891048 1.00000000
-0.08224136 0.19814800 -0.07086951 0.72690926 0.68527900 -0.04468043 1.00000000
-0.08220170 0.19822400 -0.07147181 0.39063948 0.90462800 0.17043881 1.00000000
-0.08191653 0.19825400 -0.07110042 0.61051743 0.79199000 0.00437639 1.00000000
-0.08178871 0.19828500 -0.07168557 0.37491585 0.90984300 0.17783080 1.00000000
-0.08172508 0.19830000 -0.07197856 0.36528982 0.91934600 0.14617021 1.00000000
-0.08187947 0.19831500 -0.07231844 0.34620058 0.92925600 0.12895467 1.00000000
-0.08383334 0.19866800 -0.07364836 0.33561210 0.94072700 0.04896207 1.00000000
-0.08350833 0.19845700 -0.07471588 0.30789332 0.95044200 0.04314873 1.00000000
-0.08379346 0.19850600 -0.07487788 0.28759686 0.95685900 0.04133248 1.00000000
-0.08339345 0.19844600 -0.07356435 0.34179055 0.93861800 0.04664533 1.00000000
-0.08317174 0.19814400 -0.07373657 0.34179055 0.93861800 0.04664533 1.00000000
-0.08332982 0.19846100 -0.07385735 0.33561210 0.94072700 0.04896207 1.00000000
-0.08344204 0.19856600 -0.07418377 0.32365418 0.94486900 0.04971691 1.00000000
-0.08309296 0.19877000 -0.07368669 0.33754876 0.93989600 0.05153584 1.00000000
-0.08324449 0.19864000 -0.07382869 0.33561210 0.94072700 0.04896207 1.00000000
-0.08313868 0.19874500 -0.07410823 0.32365418 0.94486900 0.04971691 1.00000000
-0.08289567 0.19868600 -0.07375029 0.34179055 0.93861800 0.04664533 1.00000000
-0.08325036 0.19884900 -0.07443380 0.31162450 0.94898300 0.04817866 1.00000000
-0.08338083 0.19872500 -0.07467376 0.30789332 0.95044200 0.04314873 1.00000000
-0.08318960 0.19900900 -0.07492468 0.28579563 0.95750200 0.03887410 1.00000000
-0.08288035 0.19897900 -0.07424403 0.32175698 0.94564600 0.04717701 1.00000000
-0.08368720 0.19861100 -0.07515653 0.28128086 0.95815100 0.05317894 1.00000000
-0.08366618 0.19853700 -0.07546388 0.27728060 0.96063400 0.01727856 1.00000000
-0.08333830 0.19865700 -0.07507818 0.27926730 0.95933700 0.04100324 1.00000000
-0.08345044 0.19876100 -0.07540464 0.27728060 0.96063400 0.01727856 1.00000000
-0.08351430 0.19850800 -0.07573976 0.26999024 0.96209900 0.03835421 1.00000000
-0.08325342 0.19883500 -0.07505041 0.28511443 0.95793000 0.03285900 1.00000000
-0.08338662 0.19893500 -0.07527891 0.28370548 0.95853700 0.02680196 1.00000000
-0.08312596 0.19902500 -0.07521768 0.27926730 0.95933700 0.04100324 1.00000000
-0.08314712 0.19886100 -0.07553849 0.27589625 0.96112000 0.01136142 1.00000000
-0.08352197 0.19936500 -0.07046930 0.71650874 0.67330300 -0.18242486 1.00000000
-0.08332168 0.19905800 -0.07054449 0.73920335 0.65755500 -0.14560288 1.00000000
-0.08337004 0.19941500 -0.07053579 0.71650874 0.67330300 -0.18242486 1.00000000
-0.08275107 0.19880100 -0.07063836 0.73306769 0.66818600 -0.12703758 1.00000000
-0.08297278 0.19910300 -0.07046614 0.73368123 0.66007000 -0.16130702 1.00000000
-0.08275120 0.19903900 -0.07001096 0.74183510 0.63672300 -0.21039279 1.00000000
-0.08238056 0.19885200 -0.07065713 0.73131243 0.66720300 -0.14150251 1.00000000
-0.08214685 0.19914600 -0.07110303 0.63816418 0.76398800 -0.09523136 1.00000000
-0.08158869 0.19829400 -0.07092411 0.70401852 0.70954000 -0.03019673 1.00000000
-0.08168268 0.19862700 -0.07133699 0.51193141 0.85880600 0.01942920 1.00000000
-0.08097891 0.19850900 -0.07057500 0.79034342 0.59772900 -0.13445076 1.00000000
-0.08150345 0.19831500 -0.07131422 0.48932242 0.86781100 0.08641560 1.00000000
-0.08137577 0.19826700 -0.07210871 0.36073614 0.92300900 0.13387611 1.00000000
-0.08124872 0.19853500 -0.07206748 0.34620058 0.92925600 0.12895467 1.00000000
-0.08109091 0.19837600 -0.07152887 0.36617260 0.91600800 0.16384984 1.00000000
-0.08143986 0.19825100 -0.07181660 0.36361731 0.91868500 0.15427198 1.00000000
-0.08135471 0.19827200 -0.07220667 0.34620058 0.92925600 0.12895467 1.00000000
-0.08120579 0.19838700 -0.07268039 0.33779933 0.93829400 0.07413554 1.00000000
-0.08089946 0.19842200 -0.07240701 0.33926347 0.93666600 0.08693418 1.00000000
-0.08100841 0.19830300 -0.07274404 0.33159060 0.94032900 0.07635220 1.00000000
-0.08063544 0.19828900 -0.07235643 0.32386973 0.94216700 0.08620009 1.00000000
-0.08070249 0.19841800 -0.07226216 0.32386973 0.94216700 0.08620009 1.00000000
-0.08141191 0.19882400 -0.07341974 0.32324871 0.94443200 0.05965043 1.00000000
-0.07949822 0.19738100 -0.07000437 0.95070318 0.03326850 -0.30831379 1.00000000
-0.08932290 0.20322400 -0.06322876 0.25453847 0.95667000 0.14139900 1.00000000
-0.08925913 0.20323900 -0.06352148 0.24730061 0.95686200 0.15250068 1.00000000
-0.08956846 0.20326900 -0.06420232 0.24276952 0.95830400 0.15072279 1.00000000
-0.08928024 0.20307600 -0.06384221 0.24276952 0.95830400 0.15072279 1.00000000
-0.08917411 0.20326000 -0.06391182 0.24318058 0.95721200 0.15687069 1.00000000
-0.08945920 0.20323000 -0.06428303 0.24420211 0.95585100 0.16344550 1.00000000
-0.08889173 0.20319700 -0.06436602 0.24021684 0.95394200 0.17969850 1.00000000
-0.08919540 0.20333400 -0.06360501 0.24544616 0.95612700 0.15993042 1.00000000
-0.08886774 0.20337400 -0.06342905 0.24544616 0.95612700 0.15993042 1.00000000
-0.08882508 0.20322600 -0.06404250 0.24045066 0.95494500 0.17396355 1.00000000
-0.08834262 0.20317300 -0.06373516 0.24070491 0.95666500 0.16386996 1.00000000
-0.08581792 0.20208900 -0.06375444 0.26780084 0.94666100 -0.17920777 1.00000000
-0.09150674 0.20383700 -0.06623428 0.22952976 0.96321700 0.13974278 1.00000000
-0.09117338 0.20374700 -0.06524427 0.25186169 0.95538500 0.15428920 1.00000000
-0.09069397 0.20383800 -0.06513495 0.28871802 0.94555500 0.15022818 1.00000000
-0.09047549 0.20375900 -0.06529647 0.27299101 0.94561300 0.17689654 1.00000000
-0.09012349 0.20358100 -0.06522909 0.25425984 0.94795400 0.19166562 1.00000000
-0.09012636 0.20364600 -0.06563627 0.25490809 0.94768100 0.19215414 1.00000000
-0.08939826 0.20323100 -0.06519193 0.24021684 0.95394200 0.17969850 1.00000000
-0.08974738 0.20342300 -0.06464305 0.24420211 0.95585100 0.16344550 1.00000000
-0.08941963 0.20330500 -0.06488529 0.24021684 0.95394200 0.17969850 1.00000000
-0.08949207 0.20348500 -0.06581397 0.24021684 0.95394200 0.17969850 1.00000000
-0.08958588 0.20365900 -0.06664509 0.25003495 0.94819700 0.19596978 1.00000000
-0.08923393 0.20348200 -0.06657779 0.23667670 0.95392200 0.18443918 1.00000000
-0.08882116 0.20354300 -0.06679199 0.24638261 0.95148900 0.18429531 1.00000000
-0.08864216 0.20323000 -0.06676945 0.24436526 0.95368900 0.17539369 1.00000000
-0.08816563 0.20330700 -0.06727638 0.27281985 0.94786600 0.16468138 1.00000000
-0.08910651 0.20375000 -0.06653585 0.23667670 0.95392200 0.18443918 1.00000000
-0.08849346 0.20350400 -0.06682502 0.25081608 0.95223300 0.17419501 1.00000000
-0.08862998 0.20382600 -0.06704278 0.24638261 0.95148900 0.18429531 1.00000000
-0.08808074 0.20356500 -0.06703931 0.27281985 0.94786600 0.16468138 1.00000000
-0.08707367 0.20229600 -0.06555448 0.32646691 0.92890000 0.17482637 1.00000000
-0.08672473 0.20234100 -0.06547604 0.34812069 0.92025300 0.17873571 1.00000000
-0.08621532 0.20224200 -0.06424296 0.28123462 0.95955600 0.01259916 1.00000000
-0.08610319 0.20213800 -0.06391649 0.27719908 0.95903500 -0.05841802 1.00000000
-0.08558103 0.20208000 -0.06442066 0.29128130 0.93843400 -0.18573382 1.00000000
-0.08593316 0.20241600 -0.06406972 0.23752382 0.95854400 -0.15740509 1.00000000
-0.08553876 0.20232800 -0.06398843 0.24706883 0.92425100 -0.29106341 1.00000000
-0.08593302 0.20217900 -0.06469712 0.27598744 0.96005700 -0.04605138 1.00000000
-0.08573269 0.20187200 -0.06477222 0.30502521 0.94307700 -0.13253234 1.00000000
-0.08560523 0.20214000 -0.06473019 0.29128130 0.93843400 -0.18573382 1.00000000
-0.08589036 0.20203100 -0.06531057 0.31317408 0.92563900 -0.21240229 1.00000000
-0.08569626 0.20240800 -0.06473594 0.26385574 0.95554000 -0.13161868 1.00000000
-0.08583269 0.20257200 -0.06537189 0.26403328 0.96084000 -0.08410630 1.00000000
-0.08626935 0.20225400 -0.06630378 0.37831614 0.91019000 -0.16861717 1.00000000
-0.08650921 0.20240700 -0.06583562 0.39216528 0.91678500 0.07557539 1.00000000
-0.08589925 0.20246300 -0.06590453 0.29499375 0.91735600 -0.26727606 1.00000000
-0.08631789 0.20261200 -0.06629544 0.38193024 0.92007000 -0.08717824 1.00000000
-0.08538018 0.20262900 -0.06639751 0.28243419 0.85488500 -0.43520376 1.00000000
-0.08685446 0.20283600 -0.06824541 0.41212505 0.88608300 -0.21215597 1.00000000
-0.08741298 0.20384600 -0.06800646 0.30294410 0.94372000 0.13272632 1.00000000
-0.08683339 0.20307800 -0.06771548 0.38097421 0.92048700 -0.08695988 1.00000000
-0.08661177 0.20277600 -0.06788811 0.43191246 0.88563200 -0.17061062 1.00000000
-0.08655118 0.20325300 -0.06754238 0.38193024 0.92007000 -0.08717824 1.00000000
-0.08649311 0.20347700 -0.06843986 0.42125736 0.89878200 -0.12138391 1.00000000
-0.08567128 0.20288800 -0.06716480 0.31246269 0.87771800 -0.36328815 1.00000000
-0.08591392 0.20294700 -0.06752202 0.42698723 0.87935400 -0.21075463 1.00000000
-0.08569539 0.20286800 -0.06768345 0.40305363 0.85475500 -0.32701829 1.00000000
-0.08560751 0.20290300 -0.06745753 0.31672092 0.85073200 -0.41945649 1.00000000
-0.08554360 0.20291800 -0.06775022 0.36055220 0.82167100 -0.44142854 1.00000000
-0.08571659 0.20270500 -0.06800413 0.42078198 0.83197300 -0.36161147 1.00000000
-0.08680276 0.20358600 -0.06891202 0.42689424 0.88354400 -0.19264252 1.00000000
-0.08535041 0.20267700 -0.06464631 0.24621405 0.93086500 -0.26994358 1.00000000
-0.08550799 0.20283600 -0.06518470 0.25804564 0.95598200 -0.13968016 1.00000000
-0.08591710 0.20332800 -0.06709264 0.35052547 0.92162200 -0.16656798 1.00000000
-0.08644505 0.20359500 -0.06719362 0.35224682 0.93507800 0.03937848 1.00000000
-0.08625962 0.20393000 -0.06846784 0.44758159 0.88267900 -0.14334831 1.00000000
-0.08547996 0.20317100 -0.06741555 0.29795259 0.84708900 -0.44007235 1.00000000
-0.08538911 0.20306200 -0.06699156 0.27506076 0.86587600 -0.41785225 1.00000000
-0.08479734 0.20281100 -0.06718322 0.32428746 0.75841800 -0.56536754 1.00000000
-0.08526148 0.20309300 -0.06757707 0.32516827 0.80917000 -0.48939822 1.00000000
-0.08514145 0.20225400 -0.06329080 0.21654316 0.91132900 -0.35012578 1.00000000
-0.08529899 0.20225500 -0.06424747 0.28380287 0.89704400 -0.33877454 1.00000000
-0.08368676 0.20147400 -0.06701183 0.46120258 0.65515800 -0.59838065 1.00000000
-0.08406605 0.20201400 -0.06716848 0.42420549 0.67827600 -0.59999346 1.00000000
-0.08362608 0.20179200 -0.06708430 0.41392536 0.66337200 -0.62338025 1.00000000
-0.08349553 0.20175800 -0.06726253 0.33556009 0.66842000 -0.66378855 1.00000000
-0.08319519 0.20067100 -0.06694704 0.33796196 0.70058900 -0.62845548 1.00000000
-0.08328618 0.20093900 -0.06695270 0.37570816 0.69633900 -0.61151899 1.00000000
-0.08282496 0.20072200 -0.06696612 0.23868044 0.70191300 -0.67108099 1.00000000
-0.08340150 0.20134600 -0.06705886 0.36703001 0.67972300 -0.63503122 1.00000000
-0.08280376 0.20080600 -0.06685452 0.45267502 0.62255800 -0.63836210 1.00000000
-0.08527784 0.20249700 -0.06371758 0.23975745 0.92063100 -0.30814683 1.00000000
-0.08495000 0.20237900 -0.06395987 0.24084431 0.87641400 -0.41700536 1.00000000
-0.08400542 0.20241100 -0.06703174 0.39700106 0.64735500 -0.65063111 1.00000000
-0.07947694 0.19774600 -0.06024440 0.63577720 0.63373400 -0.44064610 1.00000000
-0.07931009 0.19832700 -0.06017731 0.75368291 0.55797500 -0.34731191 1.00000000
-0.07810483 0.19743400 -0.06170395 0.65301182 0.66158300 -0.36862330 1.00000000
-0.07868468 0.19859800 -0.06094898 0.24997956 0.87103300 -0.42286058 1.00000000
-0.07769838 0.19817900 -0.06126860 0.68145745 0.60925500 -0.40549297 1.00000000
-0.07866321 0.19828600 -0.06188310 0.75585511 0.40143200 -0.51723866 1.00000000
-0.07831126 0.19810900 -0.06181581 0.74645107 0.46606500 -0.47496802 1.00000000
-0.07853558 0.19831700 -0.06246861 0.76933213 0.32183800 -0.55185933 1.00000000
-0.07781344 0.19827000 -0.06221118 0.75106320 0.50679800 -0.42315418 1.00000000
-0.07771941 0.19785800 -0.06200751 0.73547476 0.54913700 -0.39689520 1.00000000
-0.07669989 0.19678900 -0.06184174 0.28780086 0.93546400 -0.20512797 1.00000000
-0.07677295 0.19760100 -0.06109729 0.57995214 0.72831400 -0.36498464 1.00000000
-0.07650906 0.19754700 -0.06083768 0.49401739 0.79212500 -0.35844711 1.00000000
-0.07723403 0.19766000 -0.06150219 0.53407659 0.77630800 -0.33482636 1.00000000
-0.07721270 0.19758600 -0.06180892 0.22912899 0.96131300 -0.15289363 1.00000000
-0.07701546 0.19750200 -0.06187283 0.22912899 0.96131300 -0.15289363 1.00000000
-0.07686384 0.19771100 -0.06152136 0.53407659 0.77630800 -0.33482636 1.00000000
-0.07664540 0.19771100 -0.06147367 0.21815316 0.96891900 -0.11664320 1.00000000
-0.07655128 0.19722000 -0.06147912 0.21815316 0.96891900 -0.11664320 1.00000000
-0.07602041 0.19696800 -0.06076179 0.48503640 0.79820500 -0.35722268 1.00000000
-0.07859345 0.19958200 -0.06179957 0.83793063 0.36407400 -0.40659851 1.00000000
-0.08084142 0.19735900 -0.06363680 0.76128447 0.17528900 -0.62427575 1.00000000
-0.08108398 0.19733900 -0.06420313 0.81678681 0.14363200 -0.55877498 1.00000000
-0.08115716 0.19823100 -0.06324966 0.75035324 0.20674600 -0.62787383 1.00000000
-0.08064420 0.19892300 -0.06351123 0.75061153 0.13731200 -0.64631784 1.00000000
-0.07999772 0.19927800 -0.06417134 0.75088465 0.00357993 -0.66042436 1.00000000
-0.08012491 0.19877200 -0.06484072 0.80724378 0.14507900 -0.57210982 1.00000000
-0.07923311 0.20096700 -0.06371057 0.76701102 -0.11024800 -0.63209046 1.00000000
-0.08010104 0.19754000 -0.06346584 0.74777328 0.20974300 -0.62995538 1.00000000
-0.07980059 0.19786300 -0.06358826 0.75116974 0.21203800 -0.62512742 1.00000000
-0.08023451 0.19763900 -0.06369465 0.76636094 0.22059400 -0.60334804 1.00000000
-0.07921500 0.19657000 -0.06352888 0.74739348 0.23703300 -0.62065968 1.00000000
-0.07932393 0.19778200 -0.06451352 0.79444259 0.20878600 -0.57032412 1.00000000
-0.07954515 0.19768800 -0.06538658 0.75898907 0.36360900 -0.54011532 1.00000000
-0.07913247 0.19782800 -0.06539166 0.82206392 0.15586200 -0.54764730 1.00000000
-0.07899591 0.19742600 -0.06538311 0.73471797 0.39563900 -0.55105275 1.00000000
-0.07885042 0.19659200 -0.06478051 0.79956318 0.15763800 -0.57952549 1.00000000
-0.07868335 0.19693600 -0.06534087 0.80523457 0.16200400 -0.57039724 1.00000000
-0.07861980 0.19718900 -0.06500615 0.79857196 0.25565200 -0.54490779 1.00000000
-0.07990999 0.19806100 -0.06308922 0.76405192 0.24159500 -0.59821106 1.00000000
-0.08000402 0.19855200 -0.06308382 0.75853142 0.16177900 -0.63123543 1.00000000
-0.07883899 0.19813800 -0.06254424 0.76041312 0.30500600 -0.57336100 1.00000000
-0.07932410 0.19801900 -0.06388599 0.76997322 0.22025600 -0.59885618 1.00000000
-0.07879611 0.19767300 -0.06399421 0.76600160 0.25925400 -0.58824172 1.00000000
-0.07893267 0.19807500 -0.06400276 0.77214448 0.23960600 -0.58854275 1.00000000
-0.07921798 0.19828200 -0.06374653 0.75927005 0.20458600 -0.61778108 1.00000000
-0.07891152 0.19831700 -0.06347288 0.75927005 0.20458600 -0.61778108 1.00000000
-0.07843845 0.19760300 -0.06248520 0.74636487 0.38191800 -0.54504826 1.00000000
-0.07824722 0.19788700 -0.06273590 0.75611601 0.36681700 -0.54197188 1.00000000
-0.07800454 0.19774800 -0.06258789 0.74549938 0.42154900 -0.51626222 1.00000000
-0.07859595 0.19760400 -0.06344178 0.75783439 0.32862900 -0.56364009 1.00000000
-0.07978815 0.19822200 -0.06448895 0.80456071 0.18094300 -0.56563312 1.00000000
-0.07998844 0.19845000 -0.06462306 0.80556299 0.17560800 -0.56588857 1.00000000
-0.07893245 0.19783800 -0.06463020 0.79519556 0.22553800 -0.56284686 1.00000000
-0.07864675 0.19715500 -0.06614119 0.69995386 0.45355600 -0.55168124 1.00000000
-0.07860413 0.19708700 -0.06654543 0.72530147 0.43341200 -0.53487533 1.00000000
-0.07897759 0.19749700 -0.06588776 0.73475945 0.41277800 -0.53827726 1.00000000
-0.07845967 0.19908700 -0.06261639 0.74047073 0.11295000 -0.66252950 1.00000000
-0.07857495 0.19949400 -0.06272245 0.72648670 -0.03371160 -0.68635295 1.00000000
-0.07668736 0.22401000 -0.05363751 -0.76280332 0.46640300 -0.44788327 0.00000000
-0.07704241 0.22449000 -0.05348454 -0.76570493 0.46308200 -0.44637488 0.00000000
-0.07687247 0.22476800 -0.05363772 -0.76570493 0.46308200 -0.44637488 0.00000000
-0.07683294 0.22508100 -0.05361263 -0.74613132 0.47079600 -0.47078597 0.00000000
-0.07656342 0.22670300 -0.05193098 -0.76569051 0.39376900 -0.50859026 0.00000000
-0.07671181 0.22603400 -0.05292104 -0.73463124 0.46156000 -0.49727125 0.00000000
-0.07674833 0.22557700 -0.05274821 -0.70719884 0.49007300 -0.50960725 0.00000000
-0.07632020 0.22593100 -0.05345605 -0.71567926 0.48438800 -0.50316157 0.00000000
-0.07669070 0.22619700 -0.05260032 -0.74775689 0.44112500 -0.49625372 0.00000000
-0.07685151 0.22665800 -0.05291849 -0.74400408 0.43156100 -0.51011068 0.00000000
-0.07645093 0.22612400 -0.05285936 -0.73463124 0.46156000 -0.49727125 0.00000000
-0.07674238 0.22685700 -0.05237180 -0.76613317 0.39004300 -0.51079049 0.00000000
-0.07595911 0.22665200 -0.05344173 -0.77207173 0.41892300 -0.47792117 0.00000000
-0.07683981 0.22796700 -0.05130958 -0.75422040 0.39151000 -0.52713424 0.00000000
-0.07660592 0.22810200 -0.05217372 -0.75747941 0.38926200 -0.52411758 0.00000000
-0.07667874 0.22710900 -0.05203713 -0.76840237 0.39047400 -0.50703866 0.00000000
-0.07619645 0.22713500 -0.05152063 -0.76569051 0.39376900 -0.50859026 0.00000000
-0.07655132 0.22737800 -0.05199519 -0.76840237 0.39047400 -0.50703866 0.00000000
-0.07604462 0.22710600 -0.05179660 -0.77205446 0.38443600 -0.50610388 0.00000000
-0.07634217 0.22828600 -0.05128671 -0.72990028 0.41302700 -0.54466091 0.00000000
-0.07653313 0.22768500 -0.05187244 -0.76437728 0.39061100 -0.51298122 0.00000000
-0.07634208 0.22820700 -0.05149583 -0.72990028 0.41302700 -0.54466091 0.00000000
-0.07583170 0.22692000 -0.05339979 -0.80515353 0.38150000 -0.45407581 0.00000000
-0.07674207 0.22332400 -0.05337813 -0.75988423 0.46971500 -0.44938143 0.00000000
-0.07582975 0.23110000 -0.05010409 -0.87705107 0.40577000 -0.25716249 0.00000000
-0.07565676 0.23123400 -0.05005925 -0.87705107 0.40577000 -0.25716249 0.00000000
-0.07629373 0.22957600 -0.05110552 -0.80157684 0.40761100 -0.43741017 0.00000000
-0.07601143 0.22967100 -0.05114153 -0.81337552 0.40258400 -0.41993578 0.00000000
-0.07625421 0.22988900 -0.05108043 -0.81881524 0.40238500 -0.40942573 0.00000000
-0.07636029 0.22954600 -0.05142909 -0.76765186 0.41808800 -0.48570887 0.00000000
-0.07627853 0.22853900 -0.05095204 -0.74492831 0.41347500 -0.52356444 0.00000000
-0.07615111 0.22880700 -0.05091010 -0.74285585 0.42359700 -0.51839278 0.00000000
-0.07602061 0.22877300 -0.05108842 -0.74212929 0.41190800 -0.52874905 0.00000000
-0.07524000 0.22831700 -0.05340205 -0.75609202 0.39569800 -0.52129385 0.00000000
-0.07527961 0.22824100 -0.05279966 -0.75747941 0.38926200 -0.52411758 0.00000000
-0.07623310 0.23005200 -0.05075971 -0.83028903 0.40372000 -0.38422583 0.00000000
-0.07586892 0.23055000 -0.05075658 -0.83097883 0.42359800 -0.36061017 0.00000000
-0.07563865 0.23162100 -0.04972738 -0.86437720 0.42409000 -0.27018543 0.00000000
-0.07557179 0.23141300 -0.05003130 -0.87515972 0.41028100 -0.25644497 0.00000000
-0.07544437 0.23168100 -0.04998936 -0.86437720 0.42409000 -0.27018543 0.00000000
-0.07553253 0.23188400 -0.04958792 -0.91020631 0.38723700 -0.14687230 0.00000000
-0.07546871 0.23190000 -0.04988056 -0.84553878 0.44584100 -0.29375115 0.00000000
-0.07540494 0.23199400 -0.04996422 -0.84553878 0.44584100 -0.29375115 0.00000000
-0.07539001 0.23276200 -0.04920297 -0.93363484 0.35819400 -0.00476398 0.00000000
-0.07549610 0.23242000 -0.04955164 -0.93625238 0.35127400 -0.00615133 0.00000000
-0.07543223 0.23243600 -0.04984441 -0.87575179 0.43130100 -0.21688280 0.00000000
-0.07512582 0.23239200 -0.04977992 -0.87575179 0.43130100 -0.21688280 0.00000000
-0.07539289 0.23282800 -0.04961015 -0.93976305 0.34165900 0.01069225 0.00000000
-0.07508638 0.23270500 -0.04975478 -0.93976305 0.34165900 0.01069225 0.00000000
-0.07506253 0.23311900 -0.04819041 -0.85575679 0.49271100 -0.15784430 0.00000000
-0.07515060 0.23324300 -0.04799809 -0.85433987 0.49610200 -0.15487755 0.00000000
-0.07488662 0.23311000 -0.04794760 -0.85433987 0.49610200 -0.15487755 0.00000000
-0.07526295 0.23358500 -0.04769711 -0.84547408 0.51133400 -0.15398431 0.00000000
-0.07504447 0.23350600 -0.04785863 -0.85088377 0.50092000 -0.15835189 0.00000000
-0.07532637 0.23301500 -0.04886830 -0.92354427 0.38226600 -0.03065306 0.00000000
-0.07499876 0.23313500 -0.04848314 -0.88788882 0.44706900 -0.10855228 0.00000000
-0.07526251 0.23303100 -0.04916107 -0.92354427 0.38226600 -0.03065306 0.00000000
-0.07517772 0.23328900 -0.04892396 -0.90682556 0.41453700 -0.07633217 0.00000000
-0.07524127 0.23295700 -0.04946775 -0.93363484 0.35819400 -0.00476398 0.00000000
-0.07515630 0.23313600 -0.04943981 -0.92354427 0.38226600 -0.03065306 0.00000000
-0.07473739 0.23275000 -0.04967625 -0.93976305 0.34165900 0.01069225 0.00000000
-0.07485280 0.23331500 -0.04936422 -0.90682556 0.41453700 -0.07633217 0.00000000
-0.07476792 0.23349400 -0.04933623 -0.88788882 0.44706900 -0.10855228 0.00000000
-0.07418543 0.23415000 -0.04886709 -0.84593723 0.51408100 -0.14181676 0.00000000
-0.07459501 0.23370800 -0.04908227 -0.85575679 0.49271100 -0.15784430 0.00000000
-0.07459802 0.23393100 -0.04907113 -0.85433987 0.49610200 -0.15487755 0.00000000
-0.07422836 0.23461500 -0.04741721 -0.83522554 0.53163700 -0.14057168 0.00000000
-0.07427681 0.23489300 -0.04761799 -0.83522554 0.53163700 -0.14057168 0.00000000
-0.07403704 0.23481900 -0.04787703 -0.83522554 0.53163700 -0.14057168 0.00000000
-0.07426766 0.23422300 -0.04765138 -0.83837626 0.52501200 -0.14658511 0.00000000
-0.07411291 0.23397100 -0.04793846 -0.83837626 0.52501200 -0.14658511 0.00000000
-0.07402789 0.23415000 -0.04791042 -0.83837626 0.52501200 -0.14658511 0.00000000
-0.07409781 0.23458100 -0.04759544 -0.83522554 0.53163700 -0.14057168 0.00000000
-0.07403404 0.23459600 -0.04788817 -0.83522554 0.53163700 -0.14057168 0.00000000
-0.07405820 0.23465600 -0.04819784 -0.83837626 0.52501200 -0.14658511 0.00000000
-0.07388817 0.23485600 -0.04856014 -0.83522554 0.53163700 -0.14057168 0.00000000
-0.07422500 0.23407500 -0.04826483 -0.84593723 0.51408100 -0.14181676 0.00000000
-0.07409759 0.23434300 -0.04822289 -0.83837626 0.52501200 -0.14658511 0.00000000
-0.08278452 0.18565400 -0.07011018 0.71567926 -0.48438800 0.50316157 0.00000000
-0.08291496 0.18709800 -0.07036986 0.70329066 -0.43067200 0.56560139 0.00000000
-0.08293607 0.18701400 -0.07048129 0.70272654 -0.43438600 0.56345791 0.00000000
-0.08280857 0.18728200 -0.07043916 0.69563807 -0.42768400 0.57721333 0.00000000
-0.08291778 0.18732100 -0.07035836 0.69563807 -0.42768400 0.57721333 0.00000000
-0.08290291 0.18777300 -0.07043417 0.68590404 -0.42511600 0.59060338 0.00000000
-0.08299083 0.18624900 -0.07043129 0.71874237 -0.46950600 0.51280936 0.00000000
-0.08282061 0.18660700 -0.07037486 0.70355871 -0.44128700 0.55701935 0.00000000
-0.08277532 0.18804100 -0.07039209 0.68397662 -0.42078000 0.59591981 0.00000000
-0.08284219 0.18824900 -0.07008817 0.67167940 -0.41744300 0.61203627 0.00000000
-0.08266915 0.18830500 -0.07025254 0.67167940 -0.41744300 0.61203627 0.00000000
-0.08269358 0.18860200 -0.06993463 0.67007229 -0.41419500 0.61599079 0.00000000
-0.08289077 0.18860600 -0.07007992 0.67167940 -0.41744300 0.61203627 0.00000000
-0.08245699 0.18898900 -0.06955521 0.66178428 -0.41468800 0.62456013 0.00000000
-0.08247805 0.18882600 -0.06987584 0.66426218 -0.41538300 0.62146012 0.00000000
-0.08241428 0.18884100 -0.07016857 0.66426218 -0.41538300 0.62146012 0.00000000
-0.08239317 0.18900500 -0.06984785 0.66426218 -0.41538300 0.62146012 0.00000000
-0.08208976 0.18926300 -0.06956314 0.65682156 -0.41328400 0.63069979 0.00000000
-0.08176192 0.18906600 -0.07001450 0.66426218 -0.41538300 0.62146012 0.00000000
-0.08213242 0.18941100 -0.06894969 0.65367268 -0.39737000 0.64405751 0.00000000
-0.08216268 0.18991800 -0.06923702 0.64486473 -0.38839900 0.65825181 0.00000000
-0.08211724 0.18978400 -0.06923417 0.65487854 -0.39118200 0.64661439 0.00000000
-0.08217174 0.19050900 -0.06941275 0.59172185 -0.37553600 0.71332851 0.00000000
-0.08221127 0.19019600 -0.06943784 0.63239833 -0.38026900 0.67488355 0.00000000
-0.08206544 0.19061300 -0.06969153 0.59172185 -0.37553600 0.71332851 0.00000000
-0.08211403 0.19097100 -0.06968327 0.58659730 -0.37847100 0.71600546 0.00000000
-0.08353074 0.18552400 -0.07130476 0.71729738 -0.50827700 0.47659085 0.00000000
-0.08383971 0.18539600 -0.07240325 0.72268611 -0.51228800 0.46398889 0.00000000
-0.08377616 0.18572800 -0.07185968 0.72268611 -0.51228800 0.46398889 0.00000000
-0.08351214 0.18559400 -0.07180910 0.72268611 -0.51228800 0.46398889 0.00000000
-0.08342439 0.18562900 -0.07158345 0.71729738 -0.50827700 0.47659085 0.00000000
-0.08397327 0.18565300 -0.07221387 0.72268611 -0.51228800 0.46398889 0.00000000
-0.08362437 0.18569900 -0.07213552 0.72702582 -0.51329100 0.45603106 0.00000000
-0.08327838 0.18596800 -0.07204562 0.71996534 -0.49718200 0.48421045 0.00000000
-0.08343966 0.18541500 -0.07088033 0.71996534 -0.49718200 0.48421045 0.00000000
-0.08326662 0.18554900 -0.07083540 0.71996534 -0.49718200 0.48421045 0.00000000
-0.08318502 0.18595100 -0.07079703 0.71567926 -0.48438800 0.50316157 0.00000000
-0.08303322 0.18592200 -0.07107286 0.71567926 -0.48438800 0.50316157 0.00000000
-0.08326954 0.18561400 -0.07124267 0.71996534 -0.49718200 0.48421045 0.00000000
-0.08301198 0.18608600 -0.07075210 0.71874237 -0.46950600 0.51280936 0.00000000
-0.08294789 0.18610100 -0.07104420 0.71874237 -0.46950600 0.51280936 0.00000000
-0.08312102 0.18580900 -0.07150790 0.71996534 -0.49718200 0.48421045 0.00000000
-0.08299352 0.18607700 -0.07146578 0.71567926 -0.48438800 0.50316157 0.00000000
-0.08290864 0.18625600 -0.07143801 0.71874237 -0.46950600 0.51280936 0.00000000
-0.08373041 0.18535600 -0.07248409 0.72268611 -0.51228800 0.46398889 0.00000000
-0.08282972 0.18711900 -0.07075997 0.70272654 -0.43438600 0.56345791 0.00000000
-0.08302374 0.18650400 -0.07196232 0.71874237 -0.46950600 0.51280936 0.00000000
-0.08274493 0.18729800 -0.07073216 0.70329066 -0.43067200 0.56560139 0.00000000
-0.08268438 0.18769500 -0.07059582 0.69563807 -0.42768400 0.57721333 0.00000000
-0.08257517 0.18765500 -0.07067663 0.69563807 -0.42768400 0.57721333 0.00000000
-0.08259905 0.18787300 -0.07056716 0.68345896 -0.42446100 0.59389961 0.00000000
-0.08293001 0.18648800 -0.07071278 0.71115227 -0.45484300 0.53607868 0.00000000
-0.08284486 0.18650900 -0.07110285 0.71678583 -0.46402800 0.52047645 0.00000000
-0.08253818 0.18638600 -0.07124735 0.71874237 -0.46950600 0.51280936 0.00000000
-0.08284513 0.18666700 -0.07068502 0.70572263 -0.44676500 0.54987036 0.00000000
-0.08269590 0.18654500 -0.07178600 0.71874237 -0.46950600 0.51280936 0.00000000
-0.08248983 0.18783400 -0.07064796 0.68590404 -0.42511600 0.59060338 0.00000000
-0.08260524 0.18832000 -0.07054500 0.67167940 -0.41744300 0.61203627 0.00000000
-0.08204793 0.19320200 -0.06770626 0.99302198 -0.00125144 -0.11792007 0.00000000
-0.08207218 0.19334100 -0.06780680 0.99393584 -0.00630540 -0.10978368 0.00000000
-0.08207823 0.19378700 -0.06778438 0.99075692 -0.01887870 -0.13432741 0.00000000
-0.08186576 0.19415500 -0.06792361 0.95302185 -0.02871810 -0.30153608 0.00000000
-0.08181709 0.19364000 -0.06835027 0.99424239 -0.01400310 -0.10623824 0.00000000
-0.08198189 0.19715900 -0.06533077 0.76165700 0.34252100 -0.55005253 0.00000000
-0.08276392 0.19593900 -0.06802524 0.92913433 0.06637770 -0.36373391 0.00000000
-0.08270015 0.19595500 -0.06831797 0.94072866 0.05119770 -0.33527348 0.00000000
-0.08259115 0.19615300 -0.06777133 0.92508427 0.08040220 -0.37115176 0.00000000
-0.08243617 0.19590100 -0.06805840 0.92411397 0.05633920 -0.37794042 0.00000000
-0.08244218 0.19626800 -0.06824518 0.94477975 0.06387640 -0.32142145 0.00000000
-0.08169608 0.19475100 -0.06724036 0.89310993 0.02712570 -0.44902094 0.00000000
-0.08263963 0.19494200 -0.06774331 0.94904412 0.05464930 -0.31036790 0.00000000
-0.08261821 0.19486800 -0.06805008 0.96760092 0.05733670 -0.24588663 0.00000000
-0.08268812 0.19529900 -0.06773510 0.94707492 0.07693850 -0.31165537 0.00000000
-0.08262435 0.19531400 -0.06802783 0.95100125 0.08007790 -0.29863745 0.00000000
-0.08231815 0.19558700 -0.06712682 0.89922525 0.07815420 -0.43044905 0.00000000
-0.08241210 0.19599900 -0.06733054 0.91040188 0.09463750 -0.40275515 0.00000000
-0.08183265 0.19515200 -0.06724891 0.90656232 0.03222460 -0.42083994 0.00000000
-0.08156863 0.19501900 -0.06719833 0.89560085 0.03558180 -0.44343228 0.00000000
-0.08131659 0.19554100 -0.06773074 0.91816905 0.01784110 -0.39578760 0.00000000
-0.08268518 0.19664400 -0.06776593 0.92590612 0.12416400 -0.35676576 0.00000000
-0.08221797 0.19778600 -0.06719378 0.86563987 0.29948400 -0.40121957 0.00000000
-0.08230253 0.19242800 -0.06841758 0.58581542 -0.25871300 0.76804198 0.00000000
-0.08223889 0.19268000 -0.06808291 0.99768601 -0.04822040 0.04793554 0.00000000
-0.08208409 0.19242800 -0.06836990 0.63244447 -0.25174200 0.73255771 0.00000000
-0.08230853 0.19114800 -0.06879385 0.48382056 -0.34376300 0.80482555 0.00000000
-0.08209305 0.19137100 -0.06873515 0.48382056 -0.34376300 0.80482555 0.00000000
-0.08211425 0.19120800 -0.06905583 0.49986787 -0.34926900 0.79255478 0.00000000
-0.08222364 0.19140600 -0.06855679 0.48382056 -0.34376300 0.80482555 0.00000000
-0.08209314 0.19145100 -0.06852604 0.48566236 -0.34772900 0.80200808 0.00000000
-0.08205370 0.19176300 -0.06850090 0.45258721 -0.33365300 0.82694641 0.00000000
-0.08202928 0.19138700 -0.06902788 0.48382056 -0.34376300 0.80482555 0.00000000
-0.08185942 0.19174500 -0.06897195 0.46984247 -0.34303400 0.81337363 0.00000000
-0.08161956 0.19167100 -0.06923103 0.48566236 -0.34772900 0.80200808 0.00000000
-0.08214473 0.19203100 -0.06850664 0.41895820 -0.33196200 0.84514811 0.00000000
-0.08192320 0.19172900 -0.06867922 0.45258721 -0.33365300 0.82694641 0.00000000
-0.08179574 0.19199800 -0.06863719 0.45258721 -0.33365300 0.82694641 0.00000000
-0.08177445 0.19192400 -0.06894400 0.45258721 -0.33365300 0.82694641 0.00000000
-0.08166833 0.19226600 -0.06859524 0.51770431 -0.29951000 0.80142178 0.00000000
-0.08219645 0.19277000 -0.06806892 0.99391401 -0.05747170 0.09397511 0.00000000
-0.08186866 0.19265200 -0.06831106 0.98495370 -0.06696410 0.15931753 0.00000000
-0.08182622 0.19282100 -0.06808800 0.99788756 -0.03976520 0.05137264 0.00000000
-0.08194163 0.19330700 -0.06798503 0.99789886 -0.02481210 -0.05985536 0.00000000
-0.08148032 0.19301000 -0.06820757 0.99470492 -0.04588950 0.09195608 0.00000000
-0.08184733 0.19257800 -0.06861779 0.94693545 -0.09221940 0.30791039 0.00000000
-0.08176245 0.19283600 -0.06838072 0.99726192 -0.00640569 -0.07367452 0.00000000
-0.08154082 0.19253400 -0.06855335 0.81433548 -0.17621400 0.55299821 0.00000000
-0.08127685 0.19240100 -0.06850285 0.80806192 -0.18844700 0.55814345 0.00000000
-0.08124656 0.19338400 -0.06844432 0.96926932 -0.02258240 -0.24496268 0.00000000
-0.08123473 0.19453400 -0.06725374 0.88786603 0.01504250 -0.45985611 0.00000000
-0.08134714 0.19479600 -0.06716192 0.89244034 0.01489410 -0.45092043 0.00000000
-0.08173595 0.19812800 -0.06584085 0.76709012 0.40661700 -0.49622098 0.00000000
-0.08182680 0.19823800 -0.06626483 0.78486926 0.40411800 -0.46975361 0.00000000
-0.08184827 0.19847000 -0.06553978 0.75166934 0.39479900 -0.52832511 0.00000000
-0.08229726 0.19920400 -0.06600890 0.80608470 0.38215100 -0.45187228 0.00000000
-0.08201487 0.19914100 -0.06646310 0.51360202 0.70969800 -0.48222674 0.00000000
-0.08218490 0.19886200 -0.06630988 0.54885747 0.69384700 -0.46618831 0.00000000
-0.08181787 0.19780500 -0.06567078 0.77582899 0.36463300 -0.51490930 0.00000000
-0.08164771 0.19784700 -0.06645140 0.80980169 0.36490500 -0.45941927 0.00000000
-0.08124726 0.19739100 -0.06618324 0.82386057 0.28779200 -0.48829303 0.00000000
-0.08145069 0.19800000 -0.06588787 0.79443285 0.34369500 -0.50074973 0.00000000
-0.08121424 0.19854600 -0.06509013 0.88290644 0.11209800 -0.45597203 0.00000000
-0.08118059 0.19891000 -0.06608851 0.78914642 0.32309800 -0.52235618 0.00000000
-0.08121443 0.20035200 -0.06448240 0.34474074 0.01251950 -0.93861477 0.00000000
-0.08250652 0.19994300 -0.06652784 0.68014456 0.52686100 -0.50972557 0.00000000
-0.08184501 0.19949900 -0.06640716 0.31218315 0.82332200 -0.47400673 0.00000000
-0.08191794 0.20015300 -0.06608104 0.70721732 0.38947500 -0.59004484 0.00000000
-0.08142332 0.19920600 -0.06581824 0.71361454 0.42066900 -0.56017124 0.00000000
-0.08112597 0.19975300 -0.06592948 0.77663563 0.16697700 -0.60741806 0.00000000
-0.08161165 0.20034700 -0.06538916 0.49014739 0.30826500 -0.81530848 0.00000000
-0.08106255 0.20032300 -0.06475829 0.43203288 0.08551020 -0.89779417 0.00000000
-0.08141454 0.20042100 -0.06503474 0.40849447 0.19875400 -0.89085874 0.00000000
-0.08148424 0.20061500 -0.06534721 0.40862632 0.25722100 -0.87570659 0.00000000
-0.08104131 0.20024900 -0.06506497 0.55612687 0.15016100 -0.81741969 0.00000000
-0.08099869 0.20025900 -0.06526013 0.61424011 0.12562700 -0.77905497 0.00000000
-0.08207282 0.20048400 -0.06558494 0.48583570 0.41371500 -0.76993754 0.00000000
-0.08180885 0.20035100 -0.06553445 0.49811764 0.36779900 -0.78524002 0.00000000
-0.08159037 0.20035200 -0.06548667 0.51748696 0.32748400 -0.79054449 0.00000000
-0.08170250 0.20045600 -0.06581314 0.55707085 0.37797400 -0.73946539 0.00000000
-0.08231547 0.20046500 -0.06615123 0.61017573 0.47919900 -0.63091462 0.00000000
-0.08179052 0.20042100 -0.06603910 0.56562765 0.42645200 -0.70583585 0.00000000
-0.08126262 0.20023400 -0.06572891 0.62123424 0.26752200 -0.73654586 0.00000000
-0.08106233 0.20000600 -0.06559481 0.75340467 0.13415200 -0.64372670 0.00000000
-0.08134755 0.19997600 -0.06596606 0.84126325 0.13590000 -0.52326575 0.00000000
-0.08111717 0.19940000 -0.06512639 0.82469257 0.13398300 -0.54948173 0.00000000
-0.08107442 0.19917300 -0.06594896 0.79982283 0.26315300 -0.53947545 0.00000000
-0.08223930 0.19786000 -0.06688706 0.83439754 0.35457800 -0.42196678 0.00000000
-0.08157788 0.19749500 -0.06655726 0.85351182 0.26163200 -0.45062857 0.00000000
-0.08152633 0.20005100 -0.06661605 0.32012652 0.71038700 -0.62679314 0.00000000
-0.08141110 0.19972300 -0.06630078 0.65258366 0.45442000 -0.60633095 0.00000000
-0.08139042 0.20357700 -0.06455541 -0.14217385 0.30820400 -0.94063683 0.00000000
-0.08095920 0.20362900 -0.06548351 -0.16344051 0.29771300 -0.94056093 0.00000000
-0.08102028 0.20057000 -0.06432605 0.33565368 -0.03243560 -0.94142675 0.00000000
-0.08069567 0.20091300 -0.06392975 0.49492375 -0.01783960 -0.86875359 0.00000000
-0.08072297 0.20127600 -0.06401901 0.33175818 -0.00972212 -0.94331446 0.00000000
-0.08125084 0.20130500 -0.06474749 0.13994710 0.00136187 -0.99015835 0.00000000
-0.08140537 0.20124000 -0.06529693 0.23152373 0.10140300 -0.96752995 0.00000000
-0.08127787 0.20150900 -0.06525503 0.15466467 -0.02076070 -0.98774861 0.00000000
-0.08124460 0.20077900 -0.06497885 0.28086018 0.07700020 -0.95665468 0.00000000
-0.08146897 0.20098800 -0.06563174 0.33824044 0.26167300 -0.90394718 0.00000000
-0.08142948 0.20130000 -0.06560651 0.30977934 0.18598900 -0.93244048 0.00000000
-0.08130207 0.20156900 -0.06556456 0.18414018 0.05252700 -0.98149594 0.00000000
-0.08134473 0.20171700 -0.06495112 0.13262208 -0.02911850 -0.99073857 0.00000000
-0.08121737 0.20198500 -0.06490926 0.08831635 0.00948636 -0.99604740 0.00000000
-0.08105952 0.20158800 -0.06499823 0.11424391 -0.04029070 -0.99263478 0.00000000
-0.08123865 0.20205900 -0.06460245 0.04837926 0.02578390 -0.99849645 0.00000000
-0.08111102 0.20209000 -0.06518795 0.06927625 -0.02587620 -0.99726171 0.00000000
-0.08108991 0.20225300 -0.06486723 0.00595435 0.05325950 -0.99856279 0.00000000
-0.08059835 0.20145100 -0.06480244 0.17878678 -0.08541700 -0.98017288 0.00000000
-0.08027073 0.20157000 -0.06441728 0.26381652 -0.13311400 -0.95534327 0.00000000
-0.08117174 0.20169300 -0.06532465 0.11868083 -0.06071100 -0.99107483 0.00000000
-0.08037381 0.20100500 -0.06477709 0.36615918 -0.13331700 -0.92095278 0.00000000
-0.08092019 0.20284800 -0.06418389 -0.11725325 0.20958900 -0.97073399 0.00000000
-0.08061399 0.20312100 -0.06328289 -0.82703779 0.44960200 -0.33744273 0.00000000
-0.08083522 0.20302700 -0.06415595 -0.27074484 0.32932800 -0.90456606 0.00000000
-0.08111124 0.20232700 -0.06456051 -0.00746919 0.05856320 -0.99825627 0.00000000
-0.08096250 0.20260100 -0.06461622 -0.05712550 0.07723020 -0.99537549 0.00000000
-0.08083508 0.20286900 -0.06457427 -0.12628497 0.15912100 -0.97914842 0.00000000
-0.08054978 0.20266200 -0.06483050 -0.15717376 0.07667310 -0.98459023 0.00000000
-0.08082277 0.20338600 -0.06505663 -0.25831604 0.30426900 -0.91689323 0.00000000
-0.08016750 0.20346700 -0.06470459 -0.47357845 0.29595500 -0.82953792 0.00000000
-0.08031593 0.20295600 -0.06527637 -0.31225820 0.19813500 -0.92910564 0.00000000
-0.08053755 0.20325800 -0.06510375 -0.37036835 0.31094700 -0.87529359 0.00000000
-0.08018852 0.20322400 -0.06523443 -0.42499184 0.30732500 -0.85142968 0.00000000
-0.08032508 0.20362600 -0.06524298 -0.42000460 0.33942700 -0.84165649 0.00000000
-0.08044134 0.20992500 -0.06227112 0.80517256 0.23119200 -0.54612037 0.00000000
-0.08031105 0.21012800 -0.06182200 0.53282005 0.46539200 -0.70676177 0.00000000
-0.08018355 0.21039600 -0.06178010 0.48996089 0.50536400 -0.71031366 0.00000000
-0.08015625 0.20995500 -0.06189991 0.23385773 0.61274000 -0.75489120 0.00000000
-0.08164235 0.20454400 -0.06425183 -0.24719798 0.36086500 -0.89926033 0.00000000
-0.08122998 0.20508000 -0.06321128 -0.81094231 0.07648200 -0.58010637 0.00000000
-0.08151803 0.20511400 -0.06398963 -0.41395046 0.18384300 -0.89154176 0.00000000
-0.08178178 0.20493100 -0.06487664 -0.04088894 0.22666000 -0.97311514 0.00000000
-0.08013144 0.20596700 -0.06364234 -0.79751590 0.05300230 -0.60096560 0.00000000
-0.08106010 0.20700600 -0.06317506 -0.25105143 0.16831300 -0.95322826 0.00000000
-0.08101757 0.20709500 -0.06316111 -0.22663599 0.16839500 -0.95931233 0.00000000
-0.08086883 0.20721000 -0.06363497 -0.92110571 -0.10130600 -0.37590084 0.00000000
-0.07966388 0.20663400 -0.06432504 -0.45361101 0.21006600 -0.86608833 0.00000000
-0.08011004 0.20432500 -0.06392939 -0.78177839 0.20229400 -0.58983127 0.00000000
-0.08026820 0.20503800 -0.06300386 -0.89839445 0.00411287 -0.43916941 0.00000000
-0.08004640 0.20457700 -0.06359472 -0.85035697 0.12690800 -0.51067429 0.00000000
-0.08041955 0.20459200 -0.06398269 -0.76049696 0.17060500 -0.62652883 0.00000000
-0.08015549 0.20445800 -0.06393224 -0.77730458 0.19558600 -0.59794964 0.00000000
-0.08020717 0.20503900 -0.06391280 -0.86056762 0.02608430 -0.50866794 0.00000000
-0.08012229 0.20529700 -0.06367574 -0.90828497 -0.02090700 -0.41782915 0.00000000
-0.07967922 0.20477200 -0.06381181 -0.76736268 0.11242300 -0.63128126 0.00000000
-0.07960952 0.20465800 -0.06329027 -0.88470993 0.05804480 -0.46251375 0.00000000
-0.08037698 0.20452300 -0.06438702 -0.54524738 0.24948400 -0.80028997 0.00000000
-0.07989138 0.20408800 -0.06450915 -0.55301654 0.27994200 -0.78473232 0.00000000
-0.08013425 0.20438400 -0.06423892 -0.65748753 0.22121200 -0.72026024 0.00000000
-0.08035556 0.20437000 -0.06490286 -0.44248767 0.29241100 -0.84776155 0.00000000
-0.07960612 0.20396000 -0.06455617 -0.56392972 0.25318800 -0.78605278 0.00000000
-0.08002768 0.20425200 -0.06514505 -0.43836344 0.30651200 -0.84491856 0.00000000
-0.07985805 0.20492600 -0.06425260 -0.66491761 0.13348200 -0.73489298 0.00000000
-0.08016491 0.20536600 -0.06327149 -0.84926049 0.01217480 -0.52783302 0.00000000
-0.08095981 0.20747800 -0.06364062 -0.92614051 -0.10451900 -0.36240782 0.00000000
-0.07993700 0.20743700 -0.06434215 -0.03820086 0.33156200 -0.94265987 0.00000000
-0.08021627 0.20876600 -0.06412793 0.55267189 0.26855100 -0.78894554 0.00000000
-0.07963964 0.20806300 -0.06424431 -0.93671647 -0.10778200 -0.33308479 0.00000000
-0.08050489 0.20959300 -0.06281491 0.61704096 0.28847800 -0.73214789 0.00000000
-0.08037730 0.20970300 -0.06319121 0.61344882 0.28505200 -0.73649536 0.00000000
-0.08039841 0.20946000 -0.06372100 0.60610701 0.21377500 -0.76611683 0.00000000
-0.08013143 0.20910400 -0.06368165 0.61007017 0.22358000 -0.76014894 0.00000000
-0.07984917 0.20919900 -0.06371753 0.61007017 0.22358000 -0.76014894 0.00000000
-0.08013421 0.20908900 -0.06429795 0.58174698 0.24617400 -0.77522218 0.00000000
-0.07987943 0.20970500 -0.06400486 0.59783058 0.23792900 -0.76549859 0.00000000
-0.07973069 0.20990000 -0.06426964 0.58793106 0.27495900 -0.76074643 0.00000000
-0.07901472 0.20880900 -0.06376118 0.48563608 0.32259700 -0.81245909 0.00000000
-0.07950907 0.20959800 -0.06444226 0.60085504 0.23105100 -0.76523684 0.00000000
-0.07924509 0.20946400 -0.06439177 0.61634232 0.24520500 -0.74832904 0.00000000
-0.07911746 0.20949500 -0.06497727 0.59275547 0.30851900 -0.74394705 0.00000000
-0.07992271 0.21056500 -0.06150921 0.45693223 0.52089300 -0.72102976 0.00000000
-0.07992267 0.21048600 -0.06171842 0.48365443 0.51950500 -0.70440939 0.00000000
-0.07983765 0.21066500 -0.06169038 0.45693223 0.52089300 -0.72102976 0.00000000
-0.07979521 0.21083400 -0.06146732 0.40928385 0.55956300 -0.72067728 0.00000000
-0.07975295 0.21108100 -0.06103508 0.35237486 0.57094100 -0.74152440 0.00000000
-0.07984707 0.21165200 -0.06082056 0.38727020 0.58350800 -0.71382053 0.00000000
-0.07984380 0.21119100 -0.06145906 0.39530950 0.55761800 -0.72992645 0.00000000
-0.07982565 0.21149800 -0.06133641 0.37753646 0.57131000 -0.72874686 0.00000000
-0.07983487 0.21075800 -0.06086501 0.37235441 0.58593800 -0.71974296 0.00000000
-0.07939476 0.21029900 -0.06140823 0.49258882 0.51157800 -0.70401993 0.00000000
-0.07970109 0.21026400 -0.06168183 0.53379287 0.45856000 -0.71048394 0.00000000
-0.07913658 0.21037500 -0.06196289 0.42647834 0.53344700 -0.73044559 0.00000000
-0.07902135 0.20996800 -0.06185669 0.58486828 0.40721500 -0.70150195 0.00000000
-0.07887260 0.21024200 -0.06191240 0.52649181 0.45973300 -0.71515805 0.00000000
-0.07940970 0.21117800 -0.06197999 0.44761312 0.52872400 -0.72117604 0.00000000
-0.07870271 0.21059900 -0.06185637 0.53186685 0.44972700 -0.71754019 0.00000000
-0.08012068 0.21316700 -0.05895542 -0.27049378 0.43500600 -0.85883859 0.00000000
-0.07980186 0.21348200 -0.05979171 -0.27368674 0.46777200 -0.84040707 0.00000000
-0.07986546 0.21322900 -0.06012629 -0.27689723 0.52637900 -0.80389813 0.00000000
-0.07973804 0.21349700 -0.06008435 -0.28443261 0.49231100 -0.82263463 0.00000000
-0.07955904 0.21318500 -0.06006180 -0.27940363 0.50927200 -0.81398776 0.00000000
-0.07911588 0.21266100 -0.06019793 -0.13041997 0.55111900 -0.82417170 0.00000000
-0.07922798 0.21252700 -0.06115175 0.22986484 0.58053000 -0.78111877 0.00000000
-0.07929153 0.21227500 -0.06148646 0.28532542 0.57594500 -0.76607813 0.00000000
-0.07962259 0.21285300 -0.06060559 0.17478212 0.60890600 -0.77374707 0.00000000
-0.07933738 0.21272500 -0.06065271 0.10442573 0.59059300 -0.80018503 0.00000000
-0.07916743 0.21308300 -0.06059681 -0.12768100 0.53874500 -0.83273708 0.00000000
-0.07903069 0.21244400 -0.06121557 0.22637320 0.58608600 -0.77798376 0.00000000
-0.07913682 0.21210100 -0.06156433 0.23900655 0.58065000 -0.77828058 0.00000000
-0.07886084 0.21296000 -0.06074149 -0.12774854 0.54850000 -0.82633452 0.00000000
-0.07910105 0.21350800 -0.05922756 -0.33077297 0.43519500 -0.83737390 0.00000000
-0.07910406 0.21373100 -0.05921642 -0.31532199 0.46375300 -0.82795184 0.00000000
-0.07956819 0.21385500 -0.06002841 -0.27829557 0.46109900 -0.84257915 0.00000000
-0.07960763 0.21354200 -0.06005355 -0.28443261 0.49231100 -0.82263463 0.00000000
-0.07938901 0.21346400 -0.06021503 -0.28443261 0.49231100 -0.82263463 0.00000000
-0.07939515 0.21398900 -0.05998371 -0.27248515 0.43982500 -0.85574864 0.00000000
-0.07967418 0.21351300 -0.06037712 -0.25216510 0.49933100 -0.82890358 0.00000000
-0.07941631 0.21382600 -0.06030429 -0.27925311 0.45767500 -0.84412792 0.00000000
-0.07904002 0.21335100 -0.06055487 -0.30195513 0.50167000 -0.81064834 0.00000000
-0.07893381 0.21361400 -0.06041523 -0.28345960 0.46477800 -0.83882742 0.00000000
-0.07884892 0.21387200 -0.06017817 -0.31130084 0.42514100 -0.84990946 0.00000000
-0.07896097 0.21389700 -0.06071375 -0.26375622 0.45912400 -0.84831488 0.00000000
-0.07896415 0.21420000 -0.06049344 -0.27469278 0.43064600 -0.85970210 0.00000000
-0.07859401 0.21440900 -0.06009433 -0.28722115 0.45115700 -0.84496188 0.00000000
-0.07912236 0.21507100 -0.05914963 -0.29894656 0.49159700 -0.81790165 0.00000000
-0.07899494 0.21541900 -0.05889862 -0.30554064 0.49844900 -0.81129137 0.00000000
-0.07848784 0.21467200 -0.05995478 -0.30565881 0.45775400 -0.83488503 0.00000000
-0.07853943 0.21525300 -0.05993539 -0.31892068 0.49075200 -0.81083432 0.00000000
-0.07831807 0.21510900 -0.05968972 -0.34587156 0.48095800 -0.80563811 0.00000000
-0.07937437 0.21611700 -0.05863694 -0.34300933 0.52006200 -0.78222817 0.00000000
-0.07908898 0.21583000 -0.05910229 -0.31566071 0.50285700 -0.80466990 0.00000000
-0.07931051 0.21613200 -0.05892971 -0.30534056 0.50951000 -0.80446714 0.00000000
-0.07886744 0.21560800 -0.05906579 -0.33298137 0.49950500 -0.79976194 0.00000000
-0.07924691 0.21638500 -0.05859491 -0.36045225 0.51307600 -0.77899097 0.00000000
-0.07911628 0.21619300 -0.05919156 -0.31040767 0.50173100 -0.80741162 0.00000000
-0.07918305 0.21640100 -0.05888768 -0.33575561 0.50832200 -0.79301756 0.00000000
-0.07894023 0.21602500 -0.05936707 -0.32086659 0.50395800 -0.80191725 0.00000000
-0.07881269 0.21629300 -0.05932509 -0.34303827 0.50157900 -0.79419360 0.00000000
-0.07878844 0.21607500 -0.05943384 -0.34261175 0.50277800 -0.79361909 0.00000000
-0.07866094 0.21626400 -0.05960101 -0.40139012 0.50607900 -0.76339334 0.00000000
-0.07812702 0.21563000 -0.05931311 -0.41236874 0.50108400 -0.76083306 0.00000000
-0.07845464 0.21551100 -0.05969828 -0.36124419 0.49159300 -0.79236358 0.00000000
-0.07832714 0.21577900 -0.05965638 -0.37238276 0.49676500 -0.78393535 0.00000000
-0.07819968 0.21604700 -0.05961435 -0.39171342 0.49714300 -0.77421582 0.00000000
-0.07864569 0.21498900 -0.06007489 -0.30993413 0.47265000 -0.82495066 0.00000000
-0.07772014 0.21590000 -0.06013242 -0.38903278 0.49829500 -0.77482670 0.00000000
-0.07944304 0.21033900 -0.06223654 0.38257572 0.55872900 -0.73583889 0.00000000
-0.07931567 0.21068700 -0.06198539 0.50450277 0.47314900 -0.72222321 0.00000000
-0.07908808 0.21001800 -0.06197109 0.44998168 0.50490900 -0.73660186 0.00000000
-0.07923070 0.21086600 -0.06195744 0.48457004 0.49278700 -0.72274013 0.00000000
-0.07906076 0.21122400 -0.06190155 0.43316968 0.51929300 -0.73668159 0.00000000
-0.07932783 0.21158000 -0.06194085 0.38873075 0.52679800 -0.75589214 0.00000000
-0.07875735 0.21140300 -0.06182592 0.41449811 0.51198300 -0.75237302 0.00000000
-0.07880589 0.21176000 -0.06181758 0.33698471 0.54025800 -0.77107933 0.00000000
-0.07876766 0.21820200 -0.05808707 -0.67327605 0.48346900 -0.55942558 0.00000000
-0.07874646 0.21836600 -0.05776639 -0.70477176 0.46597700 -0.53494177 0.00000000
-0.07912547 0.21702100 -0.05873988 -0.39300362 0.52837100 -0.75257640 0.00000000
-0.07899806 0.21728900 -0.05869794 -0.41867823 0.52421600 -0.74155639 0.00000000
-0.07912843 0.21708600 -0.05914702 -0.37868429 0.51011200 -0.77225968 0.00000000
-0.07902239 0.21758700 -0.05838007 -0.47832677 0.52864400 -0.70124129 0.00000000
-0.07794003 0.22077800 -0.05561850 -0.75469325 0.43768400 -0.48874415 0.00000000
-0.07813700 0.22062400 -0.05618194 -0.76045040 0.45925800 -0.45912757 0.00000000
-0.07798835 0.22089700 -0.05623761 -0.76293921 0.45481300 -0.45942190 0.00000000
-0.07821274 0.21961700 -0.05666170 -0.75492870 0.44934500 -0.47767346 0.00000000
-0.07792798 0.22161100 -0.05526443 -0.75922448 0.42801200 -0.49028904 0.00000000
-0.07810689 0.22176500 -0.05570517 -0.75977337 0.43484900 -0.48337511 0.00000000
-0.07806432 0.22177500 -0.05590043 -0.75977337 0.43484900 -0.48337511 0.00000000
-0.07819796 0.22219100 -0.05529264 -0.75576656 0.43504800 -0.48943836 0.00000000
-0.07811313 0.22237000 -0.05526473 -0.75576656 0.43504800 -0.48943836 0.00000000
-0.07819204 0.22182300 -0.05510581 -0.75861989 0.43175700 -0.48793639 0.00000000
-0.07758818 0.22232600 -0.05515260 -0.76205049 0.42471300 -0.48877285 0.00000000
-0.07793695 0.22212300 -0.05564928 -0.75861989 0.43175700 -0.48793639 0.00000000
-0.07815530 0.22204300 -0.05590609 -0.76134214 0.43902500 -0.47708937 0.00000000
-0.07804316 0.22201800 -0.05537055 -0.75861989 0.43175700 -0.48793639 0.00000000
-0.07793386 0.22182000 -0.05586954 -0.75977337 0.43484900 -0.48337511 0.00000000
-0.07791575 0.22228600 -0.05532860 -0.75592702 0.43021100 -0.49344937 0.00000000
-0.07778524 0.22225200 -0.05550693 -0.76260923 0.43155100 -0.48186291 0.00000000
-0.07708695 0.22186800 -0.05660480 -0.75861989 0.43175700 -0.48793639 0.00000000
-0.07731154 0.22231400 -0.05663024 -0.76762790 0.42866700 -0.47643637 0.00000000
-0.07715059 0.22161500 -0.05693947 -0.77567026 0.43401600 -0.45821915 0.00000000
-0.07748201 0.22266900 -0.05480398 -0.75816506 0.43066600 -0.48960463 0.00000000
-0.07739417 0.22270300 -0.05457793 -0.75692004 0.43813900 -0.48487708 0.00000000
-0.07752436 0.22242100 -0.05523617 -0.75876291 0.42692800 -0.49194612 0.00000000
-0.07731817 0.22347300 -0.05472575 -0.76280332 0.46640300 -0.44788327 0.00000000
-0.07773036 0.22270000 -0.05639362 -0.77089195 0.42641400 -0.47317642 0.00000000
-0.07642852 0.22313600 -0.05670173 -0.75469325 0.43768400 -0.48874415 0.00000000
-0.07634390 0.22379000 -0.05541894 -0.76911509 0.46757800 -0.43569738 0.00000000
-0.07636832 0.22416600 -0.05489195 -0.76280332 0.46640300 -0.44788327 0.00000000
-0.07630473 0.22441900 -0.05455737 -0.76067409 0.46599300 -0.45191281 0.00000000
-0.07619856 0.22468200 -0.05441782 -0.76280332 0.46640300 -0.44788327 0.00000000
-0.07613492 0.22493500 -0.05408315 -0.76570493 0.46308200 -0.44637488 0.00000000
-0.07594369 0.22521900 -0.05433385 -0.74671562 0.47869400 -0.46180936 0.00000000
-0.07566766 0.22591900 -0.05392929 -0.71454704 0.48687800 -0.50236603 0.00000000
-0.07834318 0.21800300 -0.05667277 -0.74838966 0.43738300 -0.49860672 0.00000000
-0.07841606 0.21850000 -0.05676493 -0.74775689 0.44112500 -0.49625372 0.00000000
-0.07821873 0.21833700 -0.05703796 -0.74838966 0.43738300 -0.49860672 0.00000000
-0.07830361 0.21815800 -0.05706596 -0.74030457 0.44338600 -0.50533019 0.00000000
-0.07818537 0.21760700 -0.05676183 -0.71816613 0.45658800 -0.52513246 0.00000000
-0.07835507 0.21850100 -0.05767396 -0.72348023 0.45399000 -0.52006766 0.00000000
-0.07811243 0.21844200 -0.05731674 -0.74838966 0.43738300 -0.49860672 0.00000000
-0.07833109 0.21867800 -0.05673698 -0.74775689 0.44112500 -0.49625372 0.00000000
-0.07809132 0.21860500 -0.05699602 -0.75000971 0.44160300 -0.49241384 0.00000000
-0.07822779 0.21900700 -0.05700462 -0.74892875 0.44422100 -0.49170445 0.00000000
-0.07796381 0.21887300 -0.05695412 -0.74892875 0.44422100 -0.49170445 0.00000000
-0.07802745 0.21862100 -0.05728880 -0.74838966 0.43738300 -0.49860672 0.00000000
-0.07759358 0.21884500 -0.05718228 -0.75000971 0.44160300 -0.49241384 0.00000000
-0.07911950 0.21665400 -0.05855297 -0.39896423 0.52439500 -0.75222167 0.00000000
-0.07897063 0.21676900 -0.05902700 -0.37123752 0.51042800 -0.77565802 0.00000000
-0.07821488 0.21716400 -0.05955875 -0.34278055 0.49288900 -0.79972560 0.00000000
-0.07802982 0.21640500 -0.05955841 -0.40941215 0.50314700 -0.76106790 0.00000000
-0.07777182 0.21663900 -0.05969483 -0.51468044 0.50748700 -0.69105727 0.00000000
-0.07795400 0.21725400 -0.05949707 -0.52498613 0.50690700 -0.68369162 0.00000000
-0.07764750 0.21721000 -0.05943263 -0.60684533 0.50467600 -0.61403603 0.00000000
-0.07752009 0.21747800 -0.05939069 -0.68149165 0.49484000 -0.53916804 0.00000000
-0.07772002 0.21739000 -0.06036126 -0.53688228 0.51200900 -0.67052539 0.00000000
-0.07752588 0.21760800 -0.06020491 -0.65449473 0.50242700 -0.56498128 0.00000000
-0.07732921 0.21823700 -0.05838654 -0.76145708 0.42845800 -0.48642240 0.00000000
-0.07752022 0.21771600 -0.05876329 -0.73988145 0.47053300 -0.48080623 0.00000000
-0.07721077 0.21909600 -0.05852037 -0.74838966 0.43738300 -0.49860672 0.00000000
-0.07720175 0.21850500 -0.05834473 -0.74838966 0.43738300 -0.49860672 0.00000000
-0.07687418 0.21862500 -0.05795943 -0.74838966 0.43738300 -0.49860672 0.00000000
-0.07698932 0.21895200 -0.05827475 -0.74838966 0.43738300 -0.49860672 0.00000000
-0.07714686 0.21895300 -0.05923142 -0.75670699 0.44298900 -0.48078619 0.00000000
-0.07799310 0.21811400 -0.06058757 -0.58748371 0.52213300 -0.61825597 0.00000000
-0.07721050 0.21870000 -0.05956609 -0.75116676 0.44469200 -0.48785076 0.00000000
-0.07768832 0.22012700 -0.05508556 -0.75225263 0.44207300 -0.48855656 0.00000000
-0.07755795 0.22033100 -0.05463648 -0.75698153 0.42756000 -0.49413738 0.00000000
-0.07718375 0.22061900 -0.05761426 -0.74985230 0.46381000 -0.47180753 0.00000000
-0.07700475 0.22030600 -0.05759171 -0.74171271 0.45818100 -0.48982964 0.00000000
-0.07687734 0.22057500 -0.05754977 -0.75860839 0.45396200 -0.46736629 0.00000000
-0.07621886 0.21878500 -0.05739822 -0.74892875 0.44422100 -0.49170445 0.00000000
-0.07576375 0.21901500 -0.05738931 -0.75116676 0.44469200 -0.48785076 0.00000000
-0.07720531 0.22093000 -0.05668009 -0.76722329 0.45563000 -0.45140924 0.00000000
-0.07695039 0.22138800 -0.05680533 -0.78037826 0.43584900 -0.44838138 0.00000000
-0.07712020 0.22087100 -0.05727955 -0.76293921 0.45481300 -0.45942190 0.00000000
-0.07669548 0.22192400 -0.05672149 -0.76427771 0.42515000 -0.48489996 0.00000000
-0.07736575 0.21942700 -0.05802422 -0.74892875 0.44422100 -0.49170445 0.00000000
-0.07695608 0.21987000 -0.05780908 -0.75116676 0.44469200 -0.48785076 0.00000000
-0.07683746 0.22033400 -0.05898859 -0.74826548 0.44795500 -0.48932202 0.00000000
-0.07651871 0.21923800 -0.05938688 -0.75891799 0.44343400 -0.47687444 0.00000000
-0.07665613 0.22231600 -0.05648723 -0.76762790 0.42866700 -0.47643637 0.00000000
-0.07644375 0.22276300 -0.05641734 -0.75755062 0.43440300 -0.48724798 0.00000000
-0.07624337 0.22237700 -0.05670143 -0.76762790 0.42866700 -0.47643637 0.00000000
-0.07600965 0.22275000 -0.05693826 -0.75861989 0.43175700 -0.48793639 0.00000000
-0.07623132 0.22321100 -0.05634736 -0.74506069 0.43952100 -0.50170231 0.00000000
-0.07595574 0.22446500 -0.05447884 -0.76105996 0.46714000 -0.45007665 0.00000000
-0.07571212 0.22313900 -0.05746774 -0.75000971 0.44160300 -0.49241384 0.00000000
