0.105406 0.194229 -0.0570395 -0.274684 -0.854742 0.440415 2 
0.103541 0.195466 -0.0562141 -0.382656 -0.820884 0.423938 2 
0.104494 0.195226 -0.0560037 -0.362802 -0.825414 0.432511 2 
0.104419 0.195388 -0.0557624 -0.379427 -0.820768 0.427054 2 
0.104952 0.195197 -0.055592 -0.345653 -0.828621 0.440353 2 
0.104973 0.19538 -0.0553349 -0.362304 -0.824281 0.435081 2 
0.1052 0.194896 -0.0560587 -0.330913 -0.832772 0.443832 2 
0.104054 0.195484 -0.0555685 -0.379427 -0.820768 0.427054 2 
0.0858195 0.215955 -0.048253 0.365092 -0.826594 -0.428311 1 
0.0853168 0.216056 -0.0478567 0.365092 -0.826594 -0.428311 1 
0.0855852 0.215938 -0.0480664 0.365092 -0.826594 -0.428311 1 
0.0858743 0.216003 -0.048019 0.365092 -0.826594 -0.428311 1 
0.08572 0.21598 -0.0476789 0.35541 -0.829291 -0.431231 1 
0.0851965 0.215898 -0.0475397 0.365092 -0.826594 -0.428311 1 
0.0854857 0.215963 -0.0474923 0.362748 -0.822122 -0.438782 1 
0.0857747 0.216027 -0.047445 0.362748 -0.822122 -0.438782 1 
0.0857495 0.216081 -0.0473646 0.362748 -0.822122 -0.438782 1 
0.0863133 0.215935 -0.0487065 0.361401 -0.828539 -0.427684 1 
0.0861665 0.216021 -0.0485614 0.361401 -0.828539 -0.427684 1 
0.0859159 0.215977 -0.0482372 0.365092 -0.826594 -0.428311 1 
0.0858163 0.216001 -0.0476632 0.35541 -0.829291 -0.431231 1 
0.0860444 0.215719 -0.0474024 0.377393 -0.801358 -0.464113 1 
0.0869576 0.216042 -0.0470837 0.384436 -0.799433 -0.461645 1 
0.0866964 0.215542 -0.0467068 0.415465 -0.750465 -0.513995 1 
0.08541 0.216124 -0.0472511 0.362748 -0.822122 -0.438782 1 
0.085352 0.216123 -0.0468952 0.377393 -0.801358 -0.464113 1 
0.0855952 0.216058 -0.0470245 0.377393 -0.801358 -0.464113 1 
0.0857522 0.2157 -0.0468599 0.401142 -0.774674 -0.488841 1 
0.0856306 0.215732 -0.0467953 0.401142 -0.774674 -0.488841 1 
0.0851633 0.215508 -0.0461698 0.406974 -0.756743 -0.511578 1 
0.0853786 0.215878 -0.0467233 0.392916 -0.784216 -0.480231 1 
0.085414 0.215552 -0.0464941 0.406974 -0.756743 -0.511578 1 
0.0855992 0.215486 -0.0462675 0.415465 -0.750465 -0.513995 1 
0.0857031 0.215617 -0.0464468 0.415465 -0.750465 -0.513995 1 
0.0870699 0.215756 -0.0461112 0.392878 -0.731509 -0.557262 1 
0.0871928 0.215533 -0.0459235 0.374806 -0.725062 -0.577758 1 
0.0870561 0.215347 -0.0454688 0.289562 -0.792734 -0.536401 1 
0.0867153 0.215581 -0.0456076 0.371282 -0.724573 -0.58064 1 
0.0866396 0.215742 -0.0453664 0.329049 -0.778481 -0.534504 1 
0.084912 0.214009 -0.045121 0.363108 -0.75064 -0.551989 1 
0.0846495 0.2137 -0.0449964 0.348028 -0.762424 -0.545514 1 
0.0853729 0.214326 -0.0445669 0.69543 -0.558679 -0.451946 1 
0.0852972 0.214487 -0.0443257 0.659615 -0.623062 -0.420359 1 
0.0847308 0.213503 -0.0445906 0.940437 0.22022 -0.259001 1 
0.0868648 0.215114 -0.045248 0.869185 -0.152872 -0.470263 1 
0.0864568 0.2147 -0.0447261 0.646641 -0.582816 -0.492119 1 
0.0858714 0.215189 -0.044988 0.94754 0.112961 -0.299013 1 
0.0861353 0.215307 -0.0448602 0.726707 -0.531373 -0.435362 1 
0.0864997 0.214483 -0.0446918 0.674158 0.738364 0.018145 1 
0.0862119 0.214228 -0.0444869 0.681493 0.731664 0.0153301 1 
0.0858813 0.214189 -0.0443161 0.688842 0.724878 0.00693 1 
0.0865518 0.214912 -0.0449626 0.678337 -0.537645 -0.500797 1 
0.0871804 0.214934 -0.0450287 0.767381 -0.353803 -0.534743 1 
0.0860219 0.213804 -0.0440138 0.701544 0.712614 -0.00415115 1 
0.0862127 0.212583 -0.04351 0.687238 0.72627 -0.0153339 1 
0.0865824 0.214096 -0.0440337 0.690311 0.723512 0.00138339 1 
0.0870682 0.213632 -0.0431978 0.690952 0.722037 -0.0353247 1 
0.0873544 0.216058 -0.0457264 0.37904 -0.726903 -0.572662 1 
0.0873898 0.215732 -0.0454971 0.911936 0.269072 -0.309796 1 
0.0877959 0.216001 -0.045177 0.894346 -0.0446496 -0.445143 1 
0.0879441 0.215725 -0.0450697 0.858353 -0.138444 -0.494027 1 
0.0879189 0.215778 -0.0449893 0.848158 -0.209403 -0.486599 1 
0.0873925 0.215351 -0.0449925 0.756994 -0.410379 -0.508478 1 
0.0878697 0.215696 -0.0445761 0.772347 0.63192 -0.0644816 1 
0.0879451 0.214807 -0.0444551 0.56457 0.816794 0.11878 1 
0.0873965 0.214779 -0.0442355 0.634772 0.771099 0.0497025 1 
0.0876515 0.214979 -0.044165 0.645226 0.763307 0.0323316 1 
0.088212 0.215271 -0.0441849 0.558761 0.822902 0.103044 1 
0.0855864 0.214552 -0.0442783 0.643612 -0.616865 -0.453036 1 
0.0853163 0.214134 -0.0439587 0.640914 -0.62418 -0.446799 1 
0.0871079 0.213462 -0.0425738 0.663526 0.746288 -0.0527967 1 
0.088154 0.21527 -0.0438291 0.655197 0.755354 0.0125197 1 
0.0883733 0.215069 -0.0436256 0.602933 0.795871 0.0553279 1 
0.0883998 0.214824 -0.0434536 0.636921 0.770716 0.0181181 1 
0.0882855 0.214238 -0.0432218 0.669472 0.742454 -0.0238596 1 
0.0883105 0.214577 -0.04257 0.681516 0.730093 -0.0500064 1 
0.0885002 0.214274 -0.0426809 0.685473 0.72571 -0.0589191 1 
0.0891498 0.215206 -0.0428522 0.630224 0.776403 -0.00413714 1 
0.0862806 0.212705 -0.0428241 0.669667 0.742366 -0.0209708 1 
0.0874133 0.212435 -0.0430341 0.687105 0.724401 -0.0559438 1 
0.0874786 0.212937 -0.0428528 0.695282 0.715519 -0.0679382 1 
0.0881885 0.212763 -0.0425131 0.651073 0.756961 -0.0558062 1 
0.0886703 0.21287 -0.0424342 0.628063 0.776178 -0.055543 1 
0.0877172 0.21311 -0.0426446 0.676192 0.733863 -0.0648798 1 
0.0971965 0.215777 -0.0490422 -0.146282 0.876246 0.459124 1 
0.097318 0.215745 -0.0491068 -0.146282 0.876246 0.459124 1 
0.0975983 0.215891 -0.0491168 -0.246405 0.895616 0.370345 1 
0.0974351 0.215949 -0.048834 -0.139877 0.87531 0.46289 1 
0.0966878 0.215186 -0.0489308 -0.116168 0.801413 0.586722 1 
0.0963066 0.215256 -0.0485992 -0.0587886 0.729839 0.681087 1 
0.0965944 0.215511 -0.0488041 -0.116168 0.801413 0.586722 1 
0.0966151 0.215694 -0.0485471 -0.116168 0.801413 0.586722 1 
0.0968344 0.215493 -0.0483436 -0.116168 0.801413 0.586722 1 
0.0969799 0.215597 -0.048741 -0.181992 0.862612 0.471995 1 
0.0971903 0.215477 -0.0485948 -0.181992 0.862612 0.471995 1 
0.0971235 0.215557 -0.0482963 -0.11624 0.798969 0.590031 1 
0.0972005 0.215205 -0.0482852 -0.116039 0.797582 0.591944 1 
0.0974794 0.215542 -0.0485475 -0.159539 0.865024 0.47569 1 
0.0976112 0.215238 -0.0483025 -0.165886 0.864664 0.474171 1 
0.0974657 0.215133 -0.0479051 -0.11624 0.798969 0.590031 1 
0.096231 0.215417 -0.0483579 -0.0589035 0.731265 0.679545 1 
0.0965112 0.215563 -0.0483679 -0.122014 0.807057 0.577729 1 
0.096784 0.2156 -0.0481828 -0.112999 0.80273 0.585538 1 
0.0968357 0.215302 -0.0480913 -0.0858936 0.764307 0.639106 1 
0.0968875 0.215004 -0.0479998 -0.0470847 0.714832 0.69771 1 
0.0972654 0.214981 -0.0477416 -0.0648685 0.736618 0.673191 1 
0.097433 0.215078 -0.0476296 -0.11624 0.798969 0.590031 1 
0.0957843 0.214256 -0.0478454 -0.672564 0.67579 -0.301605 1 
0.096312 0.214493 -0.0475898 -0.648518 0.687527 -0.326697 1 
0.097849 0.215936 -0.0494411 -0.259147 0.86837 0.422819 1 
0.0982583 0.216159 -0.0497107 -0.259147 0.86837 0.422819 1 
0.0989315 0.2165 -0.0498525 -0.259147 0.86837 0.422819 1 
0.0989063 0.216554 -0.0497721 -0.259147 0.86837 0.422819 1 
0.0985399 0.216114 -0.0494683 -0.259147 0.86837 0.422819 1 
0.0989788 0.216439 -0.0494236 -0.259147 0.86837 0.422819 1 
0.0990217 0.216222 -0.0493894 -0.259147 0.86837 0.422819 1 
0.0977999 0.215853 -0.0490279 -0.246405 0.895616 0.370345 1 
0.098104 0.216136 -0.0493706 -0.259147 0.86837 0.422819 1 
0.0984019 0.216119 -0.0492659 -0.259147 0.86837 0.422819 1 
0.0988244 0.216416 -0.0490835 -0.259147 0.86837 0.422819 1 
0.0977924 0.215744 -0.0488329 -0.246405 0.895616 0.370345 1 
0.0981066 0.215754 -0.0488659 -0.259147 0.86837 0.422819 1 
0.0984046 0.215738 -0.0487613 -0.259147 0.86837 0.422819 1 
0.0983971 0.215629 -0.0485662 -0.259147 0.86837 0.422819 1 
0.0981686 0.215184 -0.0484648 -0.259147 0.86837 0.422819 1 
0.0978471 0.215791 -0.0485989 -0.246405 0.895616 0.370345 1 
0.097798 0.215708 -0.0481858 -0.187321 0.871705 0.452815 1 
0.0980589 0.215481 -0.0482004 -0.246405 0.895616 0.370345 1 
0.0981539 0.215693 -0.048437 -0.259147 0.86837 0.422819 1 
0.0983214 0.21579 -0.048325 -0.259147 0.86837 0.422819 1 
0.0981805 0.215449 -0.0482651 -0.259147 0.86837 0.422819 1 
0.0983555 0.215655 -0.0483481 -0.259147 0.86837 0.422819 1 
0.0977459 0.215279 -0.047915 -0.100805 0.793288 0.600444 1 
0.0979921 0.215561 -0.0479019 -0.187321 0.871705 0.452815 1 
0.0981327 0.215175 -0.0475996 -0.187321 0.871705 0.452815 1 
0.096256 0.204687 -0.0465155 -0.770327 -0.499979 0.395749 1 
0.0959552 0.205477 -0.0463927 -0.638804 -0.687818 0.344726 1 
0.0959759 0.20566 -0.0461356 -0.648148 -0.667839 0.365917 1 
0.0952788 0.205182 -0.045661 -0.645392 -0.62538 0.4386 1 
0.0952031 0.205343 -0.0454198 -0.650023 -0.619945 0.439476 1 
0.0955918 0.205383 -0.0459464 -0.642749 -0.669051 0.373156 1 
0.0958809 0.205448 -0.0458991 -0.642749 -0.669051 0.373156 1 
0.0961195 0.20562 -0.0456909 -0.631447 -0.687211 0.359187 1 
0.0957813 0.205473 -0.0453251 -0.653949 -0.640705 0.402303 1 
0.0961474 0.205185 -0.0452667 -0.658699 -0.628834 0.413139 1 
0.09551 0.205245 -0.0452578 -0.663282 -0.616736 0.423902 1 
0.0967379 0.205914 -0.0460666 -0.616206 -0.710507 0.339808 1 
0.0970597 0.206034 -0.0462948 -0.601937 -0.739981 0.300166 1 
0.0975609 0.206516 -0.0462111 -0.602766 -0.728813 0.324815 1 
0.0971677 0.206713 -0.045347 -0.673398 -0.610215 0.41734 1 
0.0964088 0.205293 -0.0463758 -0.624984 -0.706151 0.332784 1 
0.0969693 0.205585 -0.0463957 -0.608304 -0.739225 0.288984 1 
0.0963154 0.205617 -0.0462491 -0.635415 -0.687685 0.351193 1 
0.0974763 0.205639 -0.0463972 -0.577379 -0.770366 0.270498 1 
0.0971322 0.205919 -0.0459462 -0.612676 -0.716685 0.333153 1 
0.0961611 0.205594 -0.045909 -0.62793 -0.696432 0.3474 1 
0.0964263 0.205522 -0.0455289 -0.627304 -0.689543 0.361969 1 
0.0965289 0.205843 -0.0459605 -0.616206 -0.710507 0.339808 1 
0.0965033 0.20517 -0.0455178 -0.640632 -0.666982 0.380427 1 
0.0965594 0.205027 -0.0450316 -0.632538 -0.672175 0.384808 1 
0.0968751 0.204848 -0.0448123 -0.618379 -0.693832 0.369059 1 
0.097443 0.205249 -0.0450272 -0.623218 -0.688993 0.369984 1 
0.0975349 0.205507 -0.044674 -0.617001 -0.692686 0.373491 1 
0.0978806 0.205764 -0.0452349 -0.610859 -0.705845 0.358655 1 
0.0977027 0.206332 -0.0449243 -0.621206 -0.696602 0.358955 1 
0.0980422 0.206289 -0.0450377 -0.62252 -0.69768 0.354559 1 
0.0981383 0.205583 -0.0446597 -0.595488 -0.722743 0.350767 1 
0.0983579 0.206109 -0.0448185 -0.605251 -0.716186 0.347489 1 
0.0970741 0.20631 -0.0448582 -0.654459 -0.63789 0.40593 1 
0.0980449 0.205908 -0.0445331 -0.603203 -0.714362 0.354729 1 
0.0985372 0.20647 -0.0445068 -0.483095 -0.862566 0.150329 1 
0.0985818 0.20679 -0.0445825 -0.240725 -0.95625 -0.166246 1 
0.0985638 0.206226 -0.0443349 0.373904 -0.673687 -0.637449 1 
0.0989312 0.205748 -0.0440241 0.463782 -0.607773 -0.644607 1 
0.0986955 0.205922 -0.0440899 0.421356 -0.631201 -0.651187 1 
0.0950646 0.203893 -0.0444929 0.0293226 -0.995881 -0.0857956 1 
0.0967562 0.204499 -0.044243 -0.605499 -0.691292 0.394317 1 
0.0973776 0.205138 -0.0444764 -0.601737 -0.706672 0.372192 1 
0.0973609 0.204384 -0.0439764 0.189202 -0.881475 -0.432671 1 
0.0979053 0.205376 -0.0442208 -0.5782 -0.748922 0.323728 1 
0.0984845 0.204587 -0.0435116 0.459918 -0.597058 -0.657265 1 
0.0987559 0.204815 -0.0435788 0.463253 -0.58701 -0.66394 1 
0.0988594 0.204218 -0.0433958 0.456538 -0.576943 -0.677281 1 
0.0987451 0.203633 -0.043164 0.456538 -0.576943 -0.677281 1 
0.098197 0.205059 -0.0436688 0.432299 -0.632592 -0.642607 1 
0.0984416 0.204804 -0.0435457 0.474536 -0.601974 -0.642217 1 
0.0985556 0.204663 -0.0434154 0.463253 -0.58701 -0.66394 1 
0.0987824 0.20457 -0.0434069 0.456538 -0.576943 -0.677281 1 
0.0987585 0.204434 -0.0430742 0.456538 -0.576943 -0.677281 1 
0.0990476 0.204498 -0.0430268 0.456538 -0.576943 -0.677281 1 
0.0988103 0.204135 -0.0429826 0.456538 -0.576943 -0.677281 1 
0.098696 0.20355 -0.0427508 0.456538 -0.576943 -0.677281 1 
0.0993128 0.204426 -0.0426467 0.456538 -0.576943 -0.677281 1 
0.100082 0.204062 -0.0424105 0.517722 -0.47111 -0.714156 1 
0.0999812 0.204278 -0.0420888 0.529212 -0.446264 -0.721653 1 
0.100091 0.203981 -0.0423532 0.529212 -0.446264 -0.721653 1 
0.09999 0.204196 -0.0420315 0.512288 -0.436515 -0.739605 1 
0.0873386 0.201154 -0.0480669 -0.794638 0.0437545 0.605505 1 
0.0874834 0.202903 -0.0494411 -0.70529 0.407978 0.579758 1 
0.087602 0.203644 -0.0492782 -0.694689 0.422782 0.581947 1 
0.0874802 0.20295 -0.0488513 -0.70529 0.407978 0.579758 1 
0.0875959 0.203345 -0.0488308 -0.694689 0.422782 0.581947 1 
0.0876444 0.201973 -0.0485195 -0.76845 0.198657 0.608292 1 
0.0876218 0.201646 -0.0479344 -0.795334 0.109853 0.596134 1 
0.0880771 0.201998 -0.0480274 -0.730904 0.272298 0.625807 1 
0.0881203 0.202509 -0.0483554 -0.713393 0.30758 0.629654 1 
0.0901547 0.204144 -0.0484388 -0.420229 0.382171 0.823015 1 
0.0891361 0.204273 -0.0480984 -0.609843 0.521999 0.596329 1 
0.0893495 0.204499 -0.0478098 -0.567882 0.527439 0.631916 1 
0.0896134 0.204617 -0.047682 -0.527871 0.551482 0.645925 1 
0.0900755 0.203625 -0.0472456 -0.390941 0.31122 0.866203 1 
0.0895001 0.203114 -0.0468356 -0.369561 0.335825 0.866398 1 
0.0895905 0.203563 -0.0467347 -0.465977 0.388583 0.794902 1 
0.089703 0.202885 -0.0464944 -0.35012 0.284566 0.892434 1 
0.0897373 0.203477 -0.0468797 -0.438044 0.319569 0.840234 1 
0.0898826 0.203974 -0.0465449 -0.474177 0.474177 0.741831 1 
0.0901749 0.203992 -0.0470874 -0.394579 0.311671 0.864389 1 
0.0902208 0.204121 -0.0469107 -0.424713 0.460512 0.779454 1 
0.0904401 0.20392 -0.0467073 -0.35262 0.195583 0.915099 1 
0.0895279 0.202679 -0.0464113 -0.349546 0.241318 0.905308 1 
0.0855411 0.203841 -0.0521702 -0.781015 0.370295 0.502889 1 
0.0856552 0.2037 -0.0520398 -0.75725 0.382696 0.529261 1 
0.0858745 0.203498 -0.0518363 -0.737304 0.405599 0.540252 1 
0.0868457 0.204943 -0.0515035 -0.683123 0.469334 0.559526 1 
0.0869363 0.20388 -0.0525048 -0.731072 0.41752 0.53964 1 
0.0869865 0.204165 -0.0519334 -0.709407 0.418368 0.567195 1 
0.0870308 0.203757 -0.0516469 -0.709407 0.418368 0.567195 1 
0.0860347 0.204213 -0.0518916 -0.727217 0.4205 0.542527 1 
0.0860554 0.204397 -0.0516345 -0.724045 0.417274 0.549219 1 
0.0862095 0.203692 -0.0516123 -0.709407 0.418368 0.567195 1 
0.0861485 0.203345 -0.0513989 -0.712021 0.414657 0.566643 1 
0.0865566 0.204878 -0.0515509 -0.695048 0.426318 0.57893 1 
0.0871096 0.205061 -0.0513758 -0.683123 0.469334 0.559526 1 
0.0869109 0.205446 -0.0513222 -0.669402 0.452389 0.589274 1 
0.0866245 0.205 -0.0508649 -0.683123 0.469334 0.559526 1 
0.0874877 0.204646 -0.0518498 -0.683123 0.469334 0.559526 1 
0.0873324 0.20666 -0.0517543 -0.666405 0.481759 0.569046 1 
0.0872964 0.205532 -0.0512591 -0.669402 0.452389 0.589274 1 
0.0877857 0.205749 -0.0513752 -0.666912 0.446279 0.596711 1 
0.087676 0.206046 -0.0511108 -0.672554 0.452263 0.585773 1 
0.0877543 0.205503 -0.0508474 -0.691624 0.422936 0.585476 1 
0.0876255 0.206153 -0.05095 -0.672554 0.452263 0.585773 1 
0.0875587 0.206233 -0.0506514 -0.673256 0.495288 0.549014 1 
0.0876017 0.206017 -0.0506172 -0.693926 0.415693 0.587933 1 
0.0877485 0.20593 -0.0507623 -0.693926 0.415693 0.587933 1 
0.0877318 0.205176 -0.0502623 -0.694689 0.422782 0.581947 1 
0.0879317 0.204601 -0.0500635 -0.694689 0.422782 0.581947 1 
0.0871828 0.204421 -0.0496804 -0.694689 0.422782 0.581947 1 
0.0879009 0.205809 -0.0502603 -0.691624 0.422936 0.585476 1 
0.0876741 0.205901 -0.0502687 -0.693926 0.415693 0.587933 1 
0.0881409 0.205791 -0.0497997 -0.694689 0.422782 0.581947 1 
0.0878295 0.205007 -0.0499942 -0.694689 0.422782 0.581947 1 
0.0878901 0.204627 -0.0498454 -0.694689 0.422782 0.581947 1 
0.0880429 0.205233 -0.0497056 -0.694689 0.422782 0.581947 1 
0.0891601 0.207117 -0.0508647 -0.374727 0.870284 0.319665 1 
0.0895809 0.206877 -0.0505723 -0.315159 0.885158 0.342301 1 
0.0891668 0.206164 -0.049603 -0.556803 0.597421 0.577112 1 
0.0896279 0.206088 -0.0497811 -0.4698 0.72545 0.503001 1 
0.0880085 0.204641 -0.0493203 -0.694689 0.422782 0.581947 1 
0.0909445 0.207062 -0.0496469 -0.247855 0.961573 0.118088 1 
0.0909544 0.206063 -0.0489751 -0.238926 0.913711 0.328704 1 
0.0893612 0.206743 -0.0496813 -0.530422 0.684361 0.500303 1 
0.0897378 0.206911 -0.0496755 -0.462534 0.780627 0.420338 1 
0.0897034 0.206319 -0.0492902 -0.495042 0.711727 0.498376 1 
0.090686 0.206181 -0.0487654 -0.341591 0.784215 0.517999 1 
0.0920671 0.213446 -0.0468524 0.56139 0.356361 0.746893 1 
0.0924915 0.213887 -0.0475121 0.279171 0.384804 0.879767 1 
0.092426 0.213777 -0.0469612 0.527164 0.225928 0.819179 1 
0.0920684 0.213255 -0.0466001 0.607791 0.332259 0.721245 1 
0.0923946 0.213531 -0.0464334 0.604102 0.246348 0.757874 1 
0.0927102 0.213351 -0.0462141 0.652526 0.123371 0.747656 1 
0.0916145 0.212712 -0.0462547 0.568104 0.688055 0.451484 1 
0.0924805 0.213097 -0.046365 0.669148 0.179154 0.72121 1 
0.0927427 0.212679 -0.0461273 0.685536 0.196531 0.701011 1 
0.0929232 0.211731 -0.0459332 0.765121 0.0980174 0.636382 1 
0.0917775 0.213046 -0.0458053 0.535995 0.733901 0.417251 1 
0.0923513 0.21302 -0.0461053 0.647831 0.272184 0.711499 1 
0.0930294 0.213852 -0.0469469 0.455466 0.237568 0.85797 1 
0.0928799 0.214319 -0.0473065 0.187803 0.453982 0.870994 1 
0.093169 0.214384 -0.0472592 0.150026 0.47047 0.869569 1 
0.0929435 0.214286 -0.0470153 0.206455 0.444102 0.871866 1 
0.0931241 0.213337 -0.0468212 0.486261 0.230174 0.842954 1 
0.0931507 0.213093 -0.0466493 0.548491 0.195998 0.812861 1 
0.0929344 0.21364 -0.0467103 0.502033 0.241037 0.83058 1 
0.0930736 0.213445 -0.0466603 0.500992 0.223848 0.836002 1 
0.0929534 0.213287 -0.0463434 0.601441 0.151485 0.784424 1 
0.0934496 0.212158 -0.04593 0.691132 0.123896 0.71203 1 
0.0935978 0.211882 -0.0458228 0.735323 0.0618765 0.674886 1 
0.0934257 0.212022 -0.0455973 0.735906 0.149599 0.660351 1 
0.0931635 0.21244 -0.045835 0.686567 0.165933 0.707879 1 
0.0931189 0.21212 -0.0457592 0.734388 0.202536 0.647807 1 
0.0931114 0.212011 -0.0455642 0.740099 0.179279 0.648161 1 
0.0939272 0.21323 -0.0458759 0.584067 0.1005 0.805459 1 
0.0943939 0.212 -0.0457769 0.651913 0.044029 0.757014 1 
0.0931453 0.209636 -0.0463273 0.844462 0.255944 0.470508 1 
0.0931483 0.209982 -0.0461848 0.819689 0.156771 0.550938 1 
0.092994 0.209959 -0.0458448 0.807378 0.163881 0.566819 1 
0.093052 0.21108 -0.0458307 0.776068 0.0826838 0.625206 1 
0.0927494 0.210214 -0.0459678 0.81891 0.124968 0.560152 1 
0.0931631 0.210593 -0.0458427 0.788757 0.119419 0.602994 1 
0.0935783 0.210389 -0.0461974 0.770372 0.101249 0.629504 1 
0.0937917 0.210615 -0.0459088 0.773153 0.0917301 0.62755 1 
0.0933513 0.210873 -0.0454737 0.776068 0.0826838 0.625206 1 
0.0937811 0.210552 -0.045124 0.781204 0.141901 0.607935 1 
0.0918257 0.210948 -0.0451317 0.689257 0.11117 0.715937 1 
0.0926903 0.211523 -0.0454943 0.735996 0.0830728 0.67187 1 
0.0929007 0.211403 -0.0453481 0.742234 0.0984746 0.662866 1 
0.0923062 0.211246 -0.0453051 0.732521 0.169043 0.659422 1 
0.0927093 0.211169 -0.0451274 0.738752 0.149563 0.657172 1 
0.0930059 0.211343 -0.0452751 0.742234 0.0984746 0.662866 1 
0.0926323 0.211522 -0.0451385 0.713497 0.123633 0.689664 1 
0.0930325 0.211099 -0.0451031 0.777431 0.142304 0.612658 1 
0.0917055 0.210789 -0.0448148 0.640872 0.0294492 0.767083 1 
0.0925894 0.211738 -0.0451727 0.700268 0.104672 0.706165 1 
0.0925462 0.211228 -0.0448446 0.718828 0.146177 0.679646 1 
0.0934612 0.211696 -0.0453681 0.760449 0.113698 0.639367 1 
0.0933706 0.211247 -0.045469 0.77573 0.0916904 0.624368 1 
0.0931469 0.211685 -0.045335 0.758011 0.11082 0.642758 1 
0.0934415 0.210595 -0.0450105 0.794266 0.135099 0.592359 1 
0.0997947 0.205154 -0.0535526 0.202054 0.259783 0.944292 1 
0.10024 0.205779 -0.0539552 0.124048 0.252013 0.95974 1 
0.100275 0.205453 -0.053726 0.157668 0.239814 0.95793 1 
0.0994624 0.204579 -0.0532718 0.263795 0.246867 0.932453 1 
0.100518 0.204661 -0.053493 0.189013 0.20223 0.960925 1 
0.100179 0.204704 -0.0533795 0.211198 0.213888 0.953754 1 
0.100617 0.205029 -0.0533348 0.178711 0.245896 0.952679 1 
0.100687 0.204567 -0.0531287 0.189637 0.187021 0.963878 1 
0.100636 0.204675 -0.0529678 0.201103 0.206431 0.957572 1 
0.100841 0.203863 -0.0531065 0.229169 0.0551476 0.971823 1 
0.10074 0.204079 -0.0527848 0.23405 0.0923548 0.967828 1 
0.100531 0.204008 -0.0526787 0.252869 0.112818 0.9609 1 
0.0996783 0.202185 -0.0532185 0.441712 -0.206727 0.873014 1 
0.100688 0.203257 -0.0532463 0.316888 -0.164671 0.934059 1 
0.100286 0.202808 -0.0520773 0.398944 -0.124583 0.908473 1 
0.100608 0.202929 -0.0523053 0.390426 -0.145177 0.909116 1 
0.100851 0.203591 -0.0527969 0.277413 -0.023426 0.960465 1 
0.100965 0.20345 -0.0526665 0.280427 -0.0596384 0.958021 1 
0.101051 0.203016 -0.0525981 0.321999 -0.161691 0.93283 1 
0.100993 0.203015 -0.0522422 0.334069 -0.0891738 0.938321 1 
0.100504 0.203525 -0.0524884 0.310212 0.0137041 0.950569 1 
0.100486 0.202234 -0.0518785 0.437002 -0.17977 0.881312 1 
0.100295 0.202727 -0.05202 0.407314 -0.133892 0.90342 1 
0.100919 0.202986 -0.0517486 0.339088 -0.0399685 0.939905 1 
0.100033 0.202227 -0.0516431 0.439816 -0.173881 0.881094 1 
0.100131 0.202058 -0.0513749 0.444955 -0.16777 0.879698 1 
0.100348 0.202238 -0.0516761 0.432025 -0.183061 0.883087 1 
0.100613 0.202166 -0.051296 0.429405 -0.186124 0.883725 1 
0.100918 0.202258 -0.0513864 0.409893 -0.194006 0.891263 1 
0.100464 0.201716 -0.0510411 0.461796 -0.207733 0.862318 1 
0.099639 0.205322 -0.0534648 0.202812 0.266277 0.942318 1 
0.0999002 0.205821 -0.0538417 0.165518 0.259716 0.951394 1 
0.100217 0.205451 -0.0533701 0.180064 0.258588 0.949057 1 
0.100506 0.205516 -0.0533228 0.172452 0.272936 0.946449 1 
0.099744 0.204535 -0.0530295 0.268351 0.234631 0.93431 1 
0.100008 0.204653 -0.0529017 0.249134 0.235216 0.939471 1 
0.100322 0.204664 -0.0529348 0.231493 0.201711 0.951695 1 
0.100323 0.204473 -0.0526824 0.260692 0.174245 0.949567 1 
0.100875 0.20214 -0.0503261 0.386037 -0.0627811 0.920344 1 
0.100703 0.20228 -0.0501007 0.345334 0.0754177 0.935445 1 
0.102623 0.206897 -0.054827 -0.178916 0.6285 0.756952 1 
0.10366 0.207534 -0.0544305 -0.15935 0.651057 0.742114 1 
0.103287 0.207713 -0.0542939 -0.16221 0.644292 0.747379 1 
0.103347 0.207333 -0.0541451 -0.182656 0.649272 0.738297 1 
0.102387 0.206344 -0.0545305 -0.195968 0.637283 0.745297 1 
0.102177 0.205546 -0.0540621 -0.256507 0.580681 0.772667 1 
0.101258 0.205315 -0.0532012 0.110346 0.307108 0.945256 1 
0.102249 0.206348 -0.0543281 -0.199254 0.631743 0.749132 1 
0.102032 0.206168 -0.0540269 -0.151037 0.584709 0.797059 1 
0.102321 0.206233 -0.0539796 -0.202142 0.62803 0.751476 1 
0.101283 0.203414 -0.0532893 0.218632 -0.0446927 0.974783 1 
0.101741 0.204113 -0.0532399 0.0279864 0.251877 0.967354 1 
0.102586 0.204314 -0.0536072 -0.308673 0.554971 0.772482 1 
0.102315 0.204814 -0.0539022 -0.298184 0.57245 0.763798 1 
0.101477 0.205114 -0.0529977 0.0883752 0.320525 0.943108 1 
0.101529 0.204815 -0.0529062 0.0679454 0.288448 0.955082 1 
0.10113 0.203928 -0.0530592 0.188104 0.0740281 0.979355 1 
0.101419 0.203993 -0.0530118 0.152579 0.0925083 0.983952 1 
0.101471 0.203694 -0.0529203 0.158678 0.0775493 0.98428 1 
0.10153 0.204625 -0.0526539 0.0913757 0.268979 0.958802 1 
0.101582 0.204327 -0.0525624 0.112818 0.252869 0.9609 1 
0.102496 0.204985 -0.0533381 -0.270748 0.596911 0.755243 1 
0.102181 0.204974 -0.0533051 -0.199579 0.543892 0.815076 1 
0.101997 0.204122 -0.0529171 -0.0479624 0.33833 0.939805 1 
0.101981 0.204094 -0.0527794 -0.0372453 0.335208 0.941408 1 
0.102452 0.204474 -0.0530101 -0.308673 0.554971 0.772482 1 
0.101872 0.204201 -0.0522627 0.0725191 0.268448 0.960561 1 
0.102212 0.204158 -0.0523762 -0.0989058 0.427663 0.898511 1 
0.102676 0.206408 -0.0544832 -0.1889 0.64349 0.74178 1 
0.102712 0.205165 -0.0536394 -0.261038 0.605925 0.751474 1 
0.102345 0.20637 -0.0543124 -0.199254 0.631743 0.749132 1 
0.102652 0.206272 -0.0541504 -0.199254 0.631743 0.749132 1 
0.102468 0.20542 -0.0537624 -0.260294 0.601043 0.755642 1 
0.102933 0.2055 -0.0535458 -0.222343 0.614164 0.75721 1 
0.103095 0.206024 -0.0533487 -0.202142 0.62803 0.751476 1 
0.103476 0.206683 -0.0540426 -0.185621 0.648905 0.73788 1 
0.103112 0.206779 -0.0538486 -0.185621 0.648905 0.73788 1 
0.103129 0.206616 -0.053734 -0.1889 0.64349 0.74178 1 
0.103557 0.205759 -0.0532745 -0.192112 0.634737 0.748467 1 
0.103139 0.206344 -0.0534244 -0.192177 0.638028 0.745647 1 
0.103761 0.206257 -0.0532955 -0.1889 0.64349 0.74178 1 
0.103702 0.205136 -0.0533096 -0.199324 0.635056 0.746307 1 
0.103685 0.205299 -0.0534242 -0.202142 0.62803 0.751476 1 
0.103729 0.204892 -0.0531377 -0.212958 0.632657 0.744577 1 
0.104 0.205119 -0.0532049 -0.192112 0.634737 0.748467 1 
0.102837 0.204751 -0.0531993 -0.271396 0.598341 0.753878 1 
0.103275 0.205076 -0.0531546 -0.22663 0.62675 0.745535 1 
0.103126 0.204816 -0.053152 -0.261038 0.605925 0.751474 1 
0.103318 0.204859 -0.0531204 -0.254146 0.610897 0.74981 1 
0.101524 0.203206 -0.0525765 0.25049 -0.0717484 0.965457 1 
0.101448 0.203367 -0.0523352 0.221769 -0.00586692 0.975082 1 
0.101494 0.203496 -0.0521586 0.201894 0.0442016 0.978409 1 
0.101135 0.203166 -0.0520498 0.299695 -0.0211403 0.953801 1 
0.101224 0.203078 -0.051839 0.288118 0.0110343 0.957531 1 
0.101713 0.203295 -0.0519551 0.191332 0.0463476 0.98043 1 
0.102218 0.20373 -0.0524613 -0.0662231 0.315534 0.946601 1 
0.102603 0.203817 -0.0523982 -0.315089 0.54221 0.778927 1 
0.101932 0.204012 -0.0523662 0.0308272 0.26758 0.963042 1 
0.101958 0.203767 -0.0521943 0.023426 0.277413 0.960465 1 
0.102528 0.203978 -0.0521569 -0.29067 0.554338 0.779885 1 
0.102215 0.203777 -0.0518715 -0.0661542 0.406376 0.911308 1 
0.102793 0.203906 -0.0517768 -0.301988 0.564031 0.768552 1 
0.103082 0.203971 -0.0517294 -0.274413 0.585308 0.762963 1 
0.103378 0.204145 -0.0518771 -0.261038 0.605925 0.751474 1 
0.104236 0.205673 -0.0535014 -0.1889 0.64349 0.74178 1 
0.105365 0.20564 -0.053374 -0.192571 0.663984 0.722525 1 
0.105459 0.205852 -0.0536106 -0.196504 0.679255 0.707106 1 
0.104281 0.205266 -0.0532149 -0.188779 0.636938 0.747443 1 
0.10455 0.204957 -0.0531722 -0.188779 0.636938 0.747443 1 
0.10457 0.20533 -0.0531675 -0.1889 0.64349 0.74178 1 
0.104841 0.205558 -0.0532348 -0.192403 0.651091 0.734209 1 
0.104381 0.205442 -0.0528043 -0.192177 0.638028 0.745647 1 
0.104519 0.205438 -0.0530067 -0.1889 0.64349 0.74178 1 
0.104783 0.205556 -0.052879 -0.192403 0.651091 0.734209 1 
0.104495 0.205301 -0.052674 -0.188779 0.636938 0.747443 1 
0.105054 0.205784 -0.0529462 -0.195896 0.658641 0.72651 1 
0.105289 0.205801 -0.0531328 -0.192571 0.663984 0.722525 1 
0.105502 0.206027 -0.0528442 -0.19312 0.681326 0.706045 1 
0.104909 0.20568 -0.0525488 -0.192838 0.652564 0.732785 1 
0.105723 0.20597 -0.0534828 -0.206738 0.679283 0.704154 1 
0.106038 0.205981 -0.0535159 -0.17593 0.693011 0.699131 1 
0.105699 0.205834 -0.0531501 -0.196531 0.685536 0.701011 1 
0.105971 0.206061 -0.0532173 -0.17593 0.693011 0.699131 1 
0.106336 0.205964 -0.0534112 -0.196542 0.691766 0.694861 1 
0.105649 0.205941 -0.0529892 -0.186359 0.682289 0.706931 1 
0.105824 0.206147 -0.0530723 -0.182613 0.685948 0.704363 1 
0.105791 0.206092 -0.0527968 -0.196105 0.68405 0.70258 1 
0.106131 0.206049 -0.0529103 -0.16963 0.695329 0.698386 1 
0.101087 0.205264 -0.0527234 0.154438 0.307509 0.938929 1 
0.10126 0.204934 -0.0526965 0.128244 0.273675 0.953234 1 
0.101167 0.205258 -0.0525699 0.154438 0.307509 0.938929 1 
0.101506 0.204488 -0.0523211 0.10883 0.28191 0.953249 1 
0.101237 0.204797 -0.0523638 0.140893 0.283127 0.948677 1 
0.100852 0.20452 -0.0521746 0.194419 0.274392 0.941759 1 
0.101579 0.204373 -0.0519726 0.120681 0.285126 0.950862 1 
0.101985 0.204642 -0.0516524 0.0410385 0.395823 0.917409 1 
0.102094 0.203618 -0.0515545 -0.00122939 0.30366 0.95278 1 
0.102403 0.204057 -0.0515025 -0.113502 0.501419 0.857728 1 
0.10182 0.203437 -0.0508975 0.138989 0.197644 0.97037 1 
0.10248 0.203704 -0.0514914 -0.184059 0.501298 0.845472 1 
0.103276 0.203823 -0.0514456 -0.264091 0.59302 0.760647 1 
0.1032 0.203985 -0.0512043 -0.261038 0.605925 0.751474 1 
0.102745 0.203632 -0.0511113 -0.291821 0.575668 0.763837 1 
0.102987 0.203759 -0.0514929 -0.280783 0.582188 0.763032 1 
0.103372 0.203845 -0.0514298 -0.261038 0.605925 0.751474 1 
0.103829 0.204007 -0.0512704 -0.212958 0.632657 0.744577 1 
0.103612 0.203827 -0.0509693 -0.22663 0.62675 0.745535 1 
0.103943 0.203865 -0.05114 -0.216494 0.637023 0.739819 1 
0.103639 0.203582 -0.0507973 -0.230358 0.637794 0.734952 1 
0.103508 0.203696 -0.05079 -0.230358 0.637794 0.734952 1 
0.104409 0.204673 -0.0512856 -0.202536 0.647807 0.734388 1 
0.101775 0.201663 -0.0500973 0.454624 -0.307769 0.83582 1 
0.0922816 0.209156 -0.0556026 -0.297992 0.665248 0.684577 1 
0.0925707 0.20922 -0.0555553 -0.308108 0.666223 0.679129 1 
0.0931639 0.209568 -0.0558506 -0.308118 0.669471 0.675923 1 
0.0929102 0.209177 -0.0556688 -0.308118 0.669471 0.675923 1 
0.0929561 0.209307 -0.0554922 -0.312386 0.668475 0.674949 1 
0.0932691 0.209508 -0.0557776 -0.319585 0.663504 0.676482 1 
0.0934557 0.209252 -0.0552986 -0.334043 0.659939 0.672975 1 
0.0926418 0.209296 -0.0554591 -0.315293 0.664542 0.677477 1 
0.0925216 0.209137 -0.0551421 -0.315293 0.664542 0.677477 1 
0.0931502 0.209159 -0.0552083 -0.33043 0.662488 0.672254 1 
0.0929513 0.208816 -0.0547925 -0.322504 0.666076 0.672558 1 
0.093647 0.206778 -0.0530859 0.0153226 0.739664 0.672802 1 
0.0946534 0.211464 -0.0573986 -0.301587 0.682199 0.666071 1 
0.09378 0.21097 -0.0570933 -0.308752 0.661149 0.68378 1 
0.0937397 0.210806 -0.0566229 -0.297647 0.638734 0.709525 1 
0.0939501 0.210686 -0.0564767 -0.326542 0.638463 0.696948 1 
0.0939855 0.21036 -0.0562475 -0.344821 0.645519 0.681472 1 
0.0943621 0.210528 -0.0562416 -0.344054 0.644082 0.683216 1 
0.0941527 0.20973 -0.0557732 -0.334043 0.659939 0.672975 1 
0.0935228 0.209899 -0.0559594 -0.319585 0.663504 0.676482 1 
0.0938384 0.209719 -0.0557402 -0.334043 0.659939 0.672975 1 
0.0946791 0.210158 -0.05577 -0.334043 0.659939 0.672975 1 
0.0954234 0.210575 -0.0558157 -0.34847 0.646223 0.678943 1 
0.0954589 0.210249 -0.0555865 -0.341291 0.658087 0.67115 1 
0.095724 0.210177 -0.0552063 -0.337636 0.654068 0.676903 1 
0.0958011 0.209825 -0.0551953 -0.330416 0.659204 0.675481 1 
0.0963553 0.209817 -0.0547678 -0.315753 0.64284 0.697895 1 
0.0953832 0.21041 -0.0553452 -0.341291 0.658087 0.67115 1 
0.0958217 0.210008 -0.0549382 -0.329666 0.65446 0.680443 1 
0.0959375 0.210403 -0.0549177 -0.337636 0.654068 0.676903 1 
0.0960869 0.209936 -0.0545581 -0.315753 0.64284 0.697895 1 
0.0951109 0.208001 -0.0541912 -0.310354 0.603019 0.73488 1 
0.095087 0.207864 -0.0538585 -0.3102 0.583433 0.750588 1 
0.0940134 0.207218 -0.0533897 -0.169263 0.690778 0.702977 1 
0.093742 0.20699 -0.0533224 -0.101747 0.712229 0.694534 1 
0.0943303 0.206848 -0.0529181 0.0266927 0.723512 0.689795 1 
0.093859 0.207195 -0.0530496 -0.0124934 0.756545 0.653822 1 
0.0938692 0.206923 -0.05274 0.123448 0.760024 0.638063 1 
0.0945129 0.207163 -0.0531962 -0.114346 0.711322 0.693502 1 
0.0946862 0.206832 -0.0531693 -0.0210401 0.708352 0.705546 1 
0.0946105 0.206994 -0.052928 0.0266927 0.723512 0.689795 1 
0.0951415 0.207185 -0.0532623 0.0589424 0.708747 0.702996 1 
0.0945424 0.207265 -0.0528818 -0.0324191 0.734363 0.677982 1 
0.095094 0.207638 -0.052959 -0.0798876 0.727704 0.681224 1 
0.0959808 0.207814 -0.0535445 0.0324304 0.655659 0.75436 1 
0.0954561 0.207923 -0.0536576 -0.201436 0.58893 0.782678 1 
0.0956174 0.20772 -0.0530982 0.11112 0.727463 0.677089 1 
0.0958874 0.208138 -0.0534178 -0.0469036 0.641016 0.766093 1 
0.0961465 0.207767 -0.0525904 0.283069 0.724464 0.628509 1 
0.0976179 0.209098 -0.0538908 0.0858281 0.6328 0.769543 1 
0.0970726 0.210144 -0.053891 -0.275493 0.635387 0.721379 1 
0.0970605 0.209152 -0.0537284 -0.0469199 0.644083 0.763515 1 
0.0973302 0.208843 -0.0536858 0.0495489 0.61299 0.788535 1 
0.0969061 0.209129 -0.0533883 -0.0469036 0.641016 0.766093 1 
0.0977305 0.20954 -0.0532805 -0.00137073 0.615457 0.788169 1 
0.0967767 0.208325 -0.0527664 0.216499 0.711797 0.668186 1 
0.0970645 0.20858 -0.0529714 0.0887631 0.621342 0.778496 1 
0.0972749 0.208461 -0.0528252 0.199454 0.641653 0.740607 1 
0.0970658 0.20839 -0.0527191 0.275885 0.700079 0.658617 1 
0.0973549 0.208454 -0.0526717 0.308092 0.662963 0.682319 1 
0.0976144 0.208418 -0.0529387 0.24345 0.623546 0.742915 1 
0.0981057 0.209898 -0.053527 0.0703463 0.618761 0.782424 1 
0.0944592 0.207317 -0.0524455 0.10431 0.759556 0.642023 1 
0.0949145 0.207669 -0.0525385 -0.0267203 0.741138 0.670821 1 
0.0965693 0.208791 -0.0527702 0.0238234 0.676864 0.735722 1 
0.0965161 0.20928 -0.053114 -0.178985 0.631801 0.754183 1 
0.0977007 0.209831 -0.0528626 0.0264161 0.596449 0.802216 1 
0.0969901 0.208551 -0.0524778 0.289837 0.712582 0.638922 1 
0.0966224 0.208302 -0.0524263 0.261755 0.731327 0.629798 1 
0.0969646 0.207878 -0.0520352 0.438405 0.65844 0.611766 1 
0.0972006 0.208431 -0.0523316 0.351298 0.681355 0.642141 1 
0.0932849 0.206494 -0.0523873 0.17825 0.778512 0.601785 1 
0.094176 0.206825 -0.052578 0.182338 0.733949 0.654272 1 
0.0972828 0.206198 -0.0516812 0.517441 0.517441 0.681549 1 
0.0972504 0.206869 -0.051768 0.505464 0.555843 0.659958 1 
0.0972947 0.206462 -0.0514814 0.527871 0.551482 0.645925 1 
0.0974962 0.206424 -0.0513926 0.552211 0.602873 0.575853 1 
0.0974798 0.205277 -0.0516248 0.511355 0.619365 0.595738 1 
0.0974116 0.205547 -0.0515786 0.503151 0.594021 0.627677 1 
0.0975523 0.205161 -0.0512763 0.53557 0.676598 0.50535 1 
0.0974058 0.205975 -0.0514935 0.527943 0.592039 0.608906 1 
0.0974306 0.205194 -0.0512116 0.557076 0.506585 0.658056 1 
0.0936185 0.206878 -0.0524156 0.139361 0.765737 0.627874 1 
0.0939342 0.206699 -0.0521964 0.253913 0.755431 0.60403 1 
0.0970443 0.207145 -0.0515194 0.556224 0.552842 0.620468 1 
0.0923244 0.199306 -0.0493701 0.398018 0.379139 0.835365 1 
0.0921642 0.19971 -0.0489449 0.345382 0.237541 0.907902 1 
0.0940347 0.19883 -0.0483909 0.326874 0.375981 0.867059 1 
0.0929571 0.199875 -0.0483092 0.264102 0.748025 0.608858 1 
0.0935275 0.199169 -0.0476572 0.379236 0.330105 0.864413 1 
0.0939252 0.199854 -0.0484888 0.543994 0.149709 0.825626 1 
0.0939607 0.199528 -0.0482596 0.486351 0.196037 0.851488 1 
0.0945034 0.199984 -0.0483941 0.597578 0.0853683 0.797253 1 
0.0943934 0.199553 -0.0477675 0.428995 0.21524 0.877288 1 
0.0943028 0.199104 -0.0478684 0.392328 0.252104 0.884603 1 
0.0945529 0.197695 -0.0474682 0.046972 0.727354 0.684653 1 
0.09365 0.198219 -0.0471073 0.297528 0.465764 0.833391 1 
0.0934587 0.197985 -0.0468865 0.262251 0.554339 0.789894 1 
0.0939453 0.198583 -0.0475073 0.249026 0.518159 0.818228 1 
0.0942596 0.198594 -0.0475404 -0.0209709 0.761944 0.647303 1 
0.0943737 0.198453 -0.04741 -0.0209709 0.761944 0.647303 1 
0.0940178 0.198468 -0.0471588 0.249026 0.518159 0.818228 1 
0.0940103 0.198359 -0.0469638 -0.0587292 0.763479 0.643156 1 
0.0941377 0.197899 -0.0471135 -0.0587292 0.763479 0.643156 1 
0.0935963 0.197253 -0.0467266 0.255221 0.565243 0.784451 1 
0.0935783 0.200908 -0.0478103 0.460247 0.0505316 0.886352 1 
0.0954267 0.200503 -0.0509393 0.697143 -0.018162 0.716702 1 
0.0959323 0.200748 -0.0511931 0.648501 -0.0859811 0.756342 1 
0.0948115 0.201283 -0.0507833 0.690096 0.0153355 0.723555 1 
0.0950041 0.201718 -0.0500195 0.723373 -0.0382213 0.689399 1 
0.0956753 0.201915 -0.0493193 0.766383 -0.149061 0.624851 1 
0.0964049 0.201722 -0.0497071 0.659992 -0.0797793 0.747024 1 
0.0950034 0.202895 -0.0478229 0.766646 -0.259747 0.587185 1 
0.0953536 0.200284 -0.0501933 0.689995 0.0181946 0.723585 1 
0.0954544 0.200461 -0.0497828 0.685731 0.0181558 0.727629 1 
0.0955287 0.20049 -0.0502764 0.666987 0.0125321 0.744964 1 
0.0957787 0.19908 -0.0498762 0.677527 0.0411914 0.734343 1 
0.0964445 0.200432 -0.049453 0.641614 -0.0153097 0.766875 1 
0.0972645 0.200687 -0.0497399 0.574397 0.121931 0.809445 1 
0.0973118 0.200626 -0.049311 0.636575 -0.0797531 0.76708 1 
0.097414 0.20022 -0.0493803 0.572259 0.163717 0.803565 1 
0.0970403 0.199279 -0.0496137 0.662825 -0.0618253 0.746217 1 
0.0975339 0.199651 -0.0493351 0.655321 -0.0616604 0.75283 1 
0.0971692 0.199748 -0.0491412 0.608529 0.012419 0.793434 1 
0.0949132 0.200542 -0.0497582 0.657262 0.0323705 0.752966 1 
0.0947858 0.201001 -0.0496084 0.704039 -0.0267001 0.70966 1 
0.0945613 0.199985 -0.04875 0.617442 0.082422 0.782286 1 
0.0957907 0.200464 -0.0493065 0.662672 0.0125032 0.748805 1 
0.0960618 0.199964 -0.0490115 0.64443 0.0439062 0.763402 1 
0.0959595 0.20037 -0.0489422 0.648643 0.0238163 0.76072 1 
0.0956187 0.200604 -0.049081 0.683141 0.00692841 0.730254 1 
0.095402 0.200424 -0.0487799 0.683141 0.00692841 0.730254 1 
0.0946902 0.199335 -0.0486474 0.572347 0.144202 0.807233 1 
0.0949035 0.199561 -0.0483588 0.574738 0.12854 0.808179 1 
0.0948338 0.199295 -0.0482027 0.536683 0.168928 0.826701 1 
0.0955813 0.199666 -0.0488381 0.604336 0.0975674 0.790733 1 
0.0962446 0.201007 -0.0496518 0.645742 -0.0468341 0.762118 1 
0.0962891 0.201327 -0.0497276 0.646703 -0.0528212 0.760911 1 
0.0966134 0.200338 -0.0490888 0.633223 -0.00689785 0.773939 1 
0.0982619 0.200041 -0.049243 0.55542 0.227428 0.799866 1 
0.0986725 0.200073 -0.0492603 0.548491 0.195998 0.812861 1 
0.0978869 0.20041 -0.0493587 0.557418 0.176742 0.811201 1 
0.094493 0.200648 -0.0479715 0.742324 -0.052921 0.667948 1 
0.0944871 0.201076 -0.0478864 0.793643 -0.16415 0.58582 1 
0.080814 0.218713 -0.0341353 0.195382 0.857591 -0.475777 0 
0.0805014 0.219239 -0.0342121 0.192728 0.856072 -0.47958 0 
0.0806184 0.219443 -0.0339393 0.192728 0.856072 -0.47958 0 
0.0805339 0.219686 -0.0337553 0.217706 0.860315 -0.460937 0 
0.0786168 0.220494 -0.0326592 0.269874 0.812743 -0.516349 0 
0.0796858 0.220258 -0.0331605 0.247728 0.855648 -0.45442 0 
0.0796117 0.219837 -0.0333991 0.258795 0.870219 -0.419218 0 
0.0802906 0.220143 -0.0328939 0.252825 0.867478 -0.42844 0 
0.0793463 0.220301 -0.033047 0.249476 0.843321 -0.475994 0 
0.0795243 0.220853 -0.0329876 0.267554 0.836685 -0.477885 0 
0.0796531 0.220203 -0.032885 0.247728 0.855648 -0.45442 0 
0.0789757 0.220825 -0.032768 0.273455 0.81099 -0.517221 0 
0.0801851 0.220595 -0.0322347 0.231612 0.829814 -0.507705 0 
0.0776992 0.221527 -0.0322705 0.290397 0.811543 -0.507018 0 
0.0785412 0.221775 -0.032048 0.284177 0.811711 -0.510263 0 
0.078611 0.220922 -0.0325741 0.270122 0.810365 -0.519945 0 
0.0781941 0.22059 -0.0321095 0.269874 0.812743 -0.516349 0 
0.0785353 0.221083 -0.0323328 0.270122 0.810365 -0.519945 0 
0.078492 0.220573 -0.0320048 0.267464 0.808647 -0.523978 0 
0.077696 0.221574 -0.0316807 0.306572 0.822243 -0.479511 0 
0.0783544 0.221305 -0.0321647 0.273897 0.8123 -0.514926 0 
0.077914 0.221563 -0.0317295 0.306572 0.822243 -0.479511 0 
0.0801095 0.220757 -0.0319935 0.213511 0.806427 -0.551442 0 
0.0807028 0.218081 -0.0344932 0.198809 0.859513 -0.470864 0 
0.0760442 0.223429 -0.0298345 0.00410374 0.805702 -0.592307 0 
0.0760026 0.223455 -0.0296163 0.00410374 0.805702 -0.592307 0 
0.0772527 0.222605 -0.031018 0.192115 0.821406 -0.537015 0 
0.0773164 0.222572 -0.0307267 0.172688 0.818393 -0.548098 0 
0.0771682 0.222848 -0.030834 0.163115 0.815573 -0.555188 0 
0.0775582 0.222698 -0.0311084 0.241653 0.829625 -0.503316 0 
0.0773313 0.22167 -0.0314868 0.285346 0.824854 -0.488051 0 
0.0772556 0.221832 -0.0312455 0.277866 0.830494 -0.482773 0 
0.0774572 0.221794 -0.0311567 0.289389 0.824369 -0.486487 0 
0.079915 0.221689 -0.030813 0.283182 0.815127 -0.505347 0 
0.0793457 0.221478 -0.0308504 0.284177 0.811711 -0.510263 0 
0.0768287 0.222891 -0.0307205 0.137738 0.816058 -0.561318 0 
0.0767826 0.223154 -0.030165 0.109048 0.827312 -0.551057 0 
0.0756038 0.223687 -0.0293993 0.0179296 0.817867 -0.575128 0 
0.0759522 0.223563 -0.0294555 0.00410132 0.80796 -0.589223 0 
0.0758765 0.223724 -0.0292142 0.0179296 0.817867 -0.575128 0 
0.0754318 0.223827 -0.0291738 -0.101206 0.772981 -0.626305 0 
0.0757208 0.223892 -0.0291265 0.0375161 0.835081 -0.548847 0 
0.075792 0.223967 -0.0290303 0.0375161 0.835081 -0.548847 0 
0.074898 0.22441 -0.0286121 -0.237067 0.72062 -0.651541 0 
0.075288 0.224259 -0.0288864 -0.234192 0.715152 -0.658568 0 
0.075577 0.224324 -0.028839 -0.0376777 0.816349 -0.576329 0 
0.0755784 0.224134 -0.0285867 -0.0376777 0.816349 -0.576329 0 
0.0752746 0.224578 -0.0286062 -0.247713 0.705273 -0.66425 0 
0.0754938 0.224376 -0.0284027 -0.247713 0.705273 -0.66425 0 
0.073906 0.224294 -0.0280997 -0.102272 0.84266 -0.528643 0 
0.0736792 0.224386 -0.0281081 -0.108396 0.842596 -0.527525 0 
0.0737057 0.224142 -0.0279362 -0.108396 0.842596 -0.527525 0 
0.0732967 0.224646 -0.0280288 -0.110725 0.852727 -0.510486 0 
0.0735071 0.224526 -0.0278827 -0.104829 0.848687 -0.518403 0 
0.0745332 0.224507 -0.0284182 -0.215923 0.74408 -0.632235 0 
0.074195 0.224359 -0.0280523 -0.147465 0.805842 -0.573474 0 
0.0748223 0.224571 -0.0283708 -0.215923 0.74408 -0.632235 0 
0.0745539 0.22469 -0.0281611 -0.174654 0.776073 -0.605975 0 
0.0751366 0.224582 -0.0284039 -0.237067 0.72062 -0.651541 0 
0.0750862 0.22469 -0.028243 -0.215923 0.74408 -0.632235 0 
0.0754699 0.22424 -0.02807 -0.247713 0.705273 -0.66425 0 
0.0750282 0.224688 -0.0278872 -0.174654 0.776073 -0.605975 0 
0.0749778 0.224796 -0.0277263 -0.147465 0.805842 -0.573474 0 
0.0744882 0.224971 -0.026878 -0.123027 0.852507 -0.508031 0 
0.0747182 0.224833 -0.0274593 -0.102272 0.84266 -0.528643 0 
0.0746589 0.225022 -0.0273558 -0.108396 0.842596 -0.527525 0 
0.0729879 0.224992 -0.0266165 -0.128561 0.862368 -0.489687 0 
0.0731124 0.225306 -0.0265387 -0.128561 0.862368 -0.489687 0 
0.0734192 0.225208 -0.0263767 -0.128561 0.862368 -0.489687 0 
0.0732903 0.224739 -0.0268493 -0.119511 0.859618 -0.496764 0 
0.0736475 0.224533 -0.0268482 -0.119511 0.859618 -0.496764 0 
0.0735971 0.22464 -0.0266873 -0.119511 0.859618 -0.496764 0 
0.0731894 0.224954 -0.0265276 -0.128561 0.862368 -0.489687 0 
0.0734785 0.225019 -0.0264803 -0.128561 0.862368 -0.489687 0 
0.0737588 0.225165 -0.0264902 -0.119511 0.859618 -0.496764 0 
0.0740937 0.225359 -0.0262662 -0.128561 0.862368 -0.489687 0 
0.0739189 0.22476 -0.0269154 -0.123027 0.852507 -0.508031 0 
0.0738433 0.224922 -0.0266742 -0.119511 0.859618 -0.496764 0 
0.103823 0.193125 -0.0585383 -0.252497 -0.866351 0.430908 0 
0.103739 0.194487 -0.0579844 -0.328116 -0.833634 0.444291 0 
0.103861 0.194455 -0.058049 -0.324458 -0.835441 0.443583 0 
0.103785 0.194617 -0.0578078 -0.338713 -0.83024 0.44269 0 
0.10368 0.194676 -0.0578808 -0.338713 -0.83024 0.44269 0 
0.103657 0.195076 -0.057658 -0.355855 -0.827164 0.434933 0 
0.103967 0.193812 -0.0584558 -0.263694 -0.858149 0.440506 0 
0.103866 0.194028 -0.0581341 -0.316766 -0.841068 0.438479 0 
0.103582 0.195238 -0.0574168 -0.362304 -0.824281 0.435081 0 
0.103233 0.195362 -0.0573606 -0.379427 -0.820768 0.427054 0 
0.10341 0.195378 -0.0571913 -0.379427 -0.820768 0.427054 0 
0.103036 0.195556 -0.0570547 -0.383655 -0.819844 0.425046 0 
0.10314 0.195687 -0.057234 -0.379427 -0.820768 0.427054 0 
0.10263 0.195679 -0.0566427 -0.396519 -0.816926 0.418814 0 
0.102969 0.195636 -0.0567561 -0.390606 -0.81788 0.422492 0 
0.103258 0.195701 -0.0567088 -0.390606 -0.81788 0.422492 0 
0.102919 0.195744 -0.0565953 -0.390606 -0.81788 0.422492 0 
0.102643 0.195753 -0.0561906 -0.400771 -0.815912 0.416738 0 
0.103177 0.195562 -0.0560202 -0.390606 -0.81788 0.422492 0 
0.102014 0.195731 -0.0561245 -0.416201 -0.805085 0.422629 0 
0.102176 0.196255 -0.0559274 -0.434362 -0.796062 0.421444 0 
0.10221 0.19612 -0.0559505 -0.419363 -0.801771 0.42579 0 
0.102216 0.196812 -0.0556656 -0.500546 -0.775928 0.383914 0 
0.102301 0.196569 -0.0558496 -0.455151 -0.78882 0.413037 0 
0.10248 0.196931 -0.0555379 -0.500546 -0.775928 0.383914 0 
0.102387 0.197255 -0.0554112 -0.503553 -0.778808 0.374022 0 
0.104868 0.19367 -0.0593214 -0.221426 -0.881244 0.417588 0 
0.105897 0.193996 -0.0597145 -0.207914 -0.883267 0.420252 0 
0.105314 0.194103 -0.0594717 -0.207914 -0.883267 0.420252 0 
0.10534 0.193859 -0.0592998 -0.207914 -0.883267 0.420252 0 
0.105131 0.193788 -0.0591936 -0.221426 -0.881244 0.417588 0 
0.105636 0.194223 -0.0596998 -0.207914 -0.883267 0.420252 0 
0.105612 0.194087 -0.0593671 -0.198143 -0.885041 0.421238 0 
0.105529 0.194139 -0.0589308 -0.231399 -0.876331 0.42249 0 
0.1045 0.19342 -0.0592699 -0.231399 -0.876331 0.42249 0 
0.104458 0.193446 -0.0590518 -0.231399 -0.876331 0.42249 0 
0.104348 0.193743 -0.0587875 -0.252497 -0.866351 0.430908 0 
0.104646 0.193727 -0.0586828 -0.252497 -0.866351 0.430908 0 
0.104835 0.193614 -0.059046 -0.231399 -0.876331 0.42249 0 
0.104307 0.193769 -0.0585693 -0.263694 -0.858149 0.440506 0 
0.104596 0.193834 -0.0585219 -0.263694 -0.858149 0.440506 0 
0.105073 0.193787 -0.0588378 -0.231399 -0.876331 0.42249 0 
0.104998 0.193948 -0.0585965 -0.252497 -0.866351 0.430908 0 
0.104947 0.194056 -0.0584357 -0.263694 -0.858149 0.440506 0 
0.106002 0.193936 -0.0596414 -0.207914 -0.883267 0.420252 0 
0.104124 0.194574 -0.0579213 -0.324458 -0.835441 0.443583 0 
0.105377 0.194462 -0.0584483 -0.263694 -0.858149 0.440506 0 
0.104074 0.194681 -0.0577604 -0.328116 -0.833634 0.444291 0 
0.103868 0.194956 -0.0575119 -0.338713 -0.83024 0.44269 0 
0.103973 0.194897 -0.0574388 -0.338713 -0.83024 0.44269 0 
0.103817 0.195064 -0.057351 -0.358612 -0.826231 0.434442 0 
0.104197 0.194066 -0.0583049 -0.291444 -0.849658 0.439478 0 
0.104583 0.194153 -0.0582418 -0.274684 -0.854742 0.440415 0 
0.104802 0.193951 -0.0580383 -0.263694 -0.858149 0.440506 0 
0.104147 0.194174 -0.0581441 -0.30908 -0.843368 0.439545 0 
0.105257 0.194303 -0.0581313 -0.263694 -0.858149 0.440506 0 
0.103923 0.195004 -0.0572779 -0.355855 -0.827164 0.434933 0 
0.103699 0.195442 -0.0571439 -0.379427 -0.820768 0.427054 0 
0.100019 0.198593 -0.0541896 0.288727 -0.407884 0.86618 0 
0.100081 0.19875 -0.0541507 0.2824 -0.413678 0.865518 0 
0.0999625 0.199129 -0.0539436 0.306674 -0.417632 0.855298 0 
0.100054 0.199387 -0.0535904 0.462186 -0.36623 0.807626 0 
0.100584 0.199041 -0.0538147 0.279253 -0.422695 0.862175 0 
0.0968965 0.201299 -0.0521297 0.588556 0.103691 0.801779 0 
0.09961 0.201336 -0.0535423 0.499723 -0.255276 0.827714 0 
0.0998991 0.201401 -0.0534949 0.477573 -0.281566 0.832253 0 
0.0993504 0.201373 -0.0532753 0.502403 -0.238142 0.831192 0 
0.0997077 0.201167 -0.0532741 0.514112 -0.256279 0.818541 0 
0.099807 0.201535 -0.0531159 0.46101 -0.275989 0.843386 0 
0.0992996 0.199634 -0.0531222 0.582273 -0.249545 0.773748 0 
0.0995758 0.200352 -0.0538891 0.453274 -0.289291 0.843121 0 
0.0998901 0.200363 -0.0539222 0.393534 -0.310846 0.865162 0 
0.0994824 0.200677 -0.0537625 0.449707 -0.268596 0.851833 0 
0.0997715 0.200741 -0.0537151 0.436005 -0.270782 0.858241 0 
0.0989011 0.200593 -0.0532674 0.553575 -0.213149 0.80506 0 
0.0989916 0.201043 -0.0531665 0.526815 -0.212253 0.823052 0 
0.0991974 0.20004 -0.0530528 0.556964 -0.25887 0.789163 0 
0.0992239 0.199796 -0.0528809 0.576414 -0.245249 0.779487 0 
0.0996671 0.200276 -0.0524414 0.538274 -0.282554 0.793993 0 
0.099223 0.201833 -0.0531255 0.478583 -0.205535 0.853647 0 
0.0985097 0.202446 -0.0521432 0.472113 -0.0173866 0.881367 0 
0.100824 0.198238 -0.0548186 -0.57994 -0.689613 0.433709 0 
0.100459 0.198335 -0.0546247 0.138245 -0.496225 0.857117 0 
0.100816 0.198129 -0.0546236 -0.53875 -0.695538 0.475368 0 
0.10146 0.19725 -0.0554498 -0.614003 -0.726812 0.307807 0 
0.101393 0.19733 -0.0551512 -0.614003 -0.726812 0.307807 0 
0.101733 0.197287 -0.0552647 -0.599108 -0.734756 0.318125 0 
0.101192 0.197368 -0.0552401 -0.614003 -0.726812 0.307807 0 
0.101175 0.197341 -0.0551023 -0.610551 -0.729762 0.307692 0 
0.101091 0.197584 -0.0549184 -0.642864 -0.710196 0.286964 0 
0.101682 0.197395 -0.0551038 -0.614003 -0.726812 0.307807 0 
0.101581 0.19761 -0.0547822 -0.623741 -0.723155 0.296638 0 
0.101888 0.197512 -0.0546202 -0.610551 -0.729762 0.307692 0 
0.101023 0.197854 -0.0548722 -0.665322 -0.700255 0.258824 0 
0.101292 0.197545 -0.0548295 -0.641401 -0.71178 0.286311 0 
0.101217 0.197707 -0.0545883 -0.642864 -0.710196 0.286964 0 
0.101531 0.197718 -0.0546213 -0.642864 -0.710196 0.286964 0 
0.101141 0.197868 -0.054347 -0.614319 -0.702781 0.358762 0 
0.100434 0.198389 -0.0545443 0.0955954 -0.515074 0.851798 0 
0.10075 0.198209 -0.054325 0.0344945 -0.536735 0.843046 0 
0.100506 0.198274 -0.0541958 0.1351 -0.489555 0.861443 0 
0.100283 0.198712 -0.0540618 0.237303 -0.445889 0.863059 0 
0.100641 0.198315 -0.0538084 0.0955472 -0.506258 0.857073 0 
0.101064 0.19822 -0.0543581 -0.109582 -0.582978 0.805064 0 
0.100796 0.198339 -0.0541484 0.248678 -0.426521 0.86962 0 
0.101065 0.19803 -0.0541058 -0.351433 -0.662002 0.662002 0 
0.101092 0.197785 -0.0539339 -0.355037 -0.66917 0.652809 0 
0.100829 0.198595 -0.0534393 0.409113 -0.38068 0.829283 0 
0.0994402 0.199248 -0.0528198 0.595698 -0.253054 0.762304 0 
0.0992757 0.199498 -0.0527894 0.587185 -0.259747 0.766646 0 
0.097221 0.202157 -0.0514832 0.522582 0.14279 0.840547 0 
0.0975888 0.202406 -0.0515347 0.503534 0.126246 0.854702 0 
0.0968386 0.202417 -0.0514039 0.554234 0.150074 0.81872 0 
0.0970524 0.20337 -0.0514775 0.491739 0.0921124 0.865857 0 
0.0975518 0.203315 -0.051284 0.399507 0.51039 0.761509 0 
0.0974348 0.20311 -0.0515568 0.393526 0.477737 0.785433 0 
0.0971128 0.201871 -0.0516987 0.553077 0.108873 0.825986 0 
0.0978837 0.202043 -0.0515724 0.50507 0.0773783 0.859603 0 
0.0977946 0.201404 -0.051421 0.55179 0.0150613 0.833847 0 
0.097344 0.201934 -0.0512955 0.546064 0.0784164 0.834066 0 
0.0965018 0.202078 -0.0507858 0.569004 -0.17055 0.804454 0 
0.0973883 0.202646 -0.050639 0.568709 0.0698415 0.819568 0 
0.0955292 0.203456 -0.0498987 0.959424 0.11295 0.258356 0 
0.0973549 0.204236 -0.0513404 0.496583 0.286671 0.819283 0 
0.097451 0.20353 -0.0509624 0.333079 0.693779 0.638537 0 
0.096984 0.204033 -0.0506991 0.608179 0.181387 0.772798 0 
0.0970222 0.202933 -0.0506974 0.572731 0.19702 0.795715 0 
0.0970636 0.2033 -0.0501834 0.683654 -0.0353858 0.728948 0 
0.0963315 0.203874 -0.0503002 0.803792 0.267931 0.531161 0 
0.0958271 0.203439 -0.049794 0.919657 0.125848 0.372012 0 
0.0960097 0.203754 -0.0500721 0.884897 0.233494 0.403037 0 
0.0962558 0.204036 -0.050059 0.857133 0.277533 0.433933 0 
0.0961414 0.20345 -0.0498271 0.84995 0.104985 0.516298 0 
0.0963341 0.203493 -0.0497955 0.829099 0.0491006 0.556941 0 
0.0964088 0.204249 -0.0506514 0.736778 0.346432 0.58064 0 
0.0964354 0.204005 -0.0504795 0.763026 0.30873 0.567871 0 
0.0964278 0.203896 -0.0502845 0.780261 0.266392 0.565886 0 
0.0966992 0.204123 -0.0503517 0.728133 0.278825 0.626162 0 
0.0969145 0.204494 -0.0509052 0.611377 0.311334 0.727522 0 
0.0969083 0.204194 -0.0504579 0.68378 0.308752 0.661149 0 
0.0967435 0.203716 -0.0500652 0.759009 0.155423 0.632256 0 
0.0966989 0.203396 -0.0499895 0.721938 -0.041132 0.690734 0 
0.0970119 0.203598 -0.0502749 0.620125 -0.11342 0.776261 0 
0.0963698 0.202775 -0.0502985 0.643939 -0.101211 0.758352 0 
0.0972163 0.202786 -0.0504135 0.601894 0.0179876 0.798374 0 
0.0981954 0.202435 -0.0521102 0.476597 0.0508187 0.877652 0 
0.0980735 0.201741 -0.0516833 0.527133 -0.0316555 0.849193 0 
0.0975887 0.203918 -0.0504325 0.506425 0.637658 0.580454 0 
0.0973766 0.203501 -0.0504687 0.599958 0.264361 0.755092 0 
0.094874 0.206309 -0.0485323 0.812636 0.582042 -0.0291715 0 
0.0958301 0.206416 -0.0481795 0.810005 0.583826 -0.0551312 0 
0.095366 0.203514 -0.0496159 0.970157 0.0811586 0.228493 0 
0.0949685 0.203556 -0.0491466 0.926251 0.00383276 0.376888 0 
0.0949715 0.203902 -0.0490042 0.966207 0.103385 0.236127 0 
0.0955722 0.204358 -0.0494946 0.975367 0.209269 0.0697565 0 
0.0960868 0.204522 -0.0496911 0.947423 0.249465 0.20039 0 
0.0960111 0.204683 -0.0494498 0.980521 0.182114 0.0735693 0 
0.0959088 0.203969 -0.0497505 0.950914 0.204833 0.231963 0 
0.0964515 0.204425 -0.049885 0.872014 0.319178 0.371102 0 
0.096367 0.204668 -0.049701 0.910318 0.276164 0.30831 0 
0.0962913 0.204829 -0.0494598 0.964234 0.229087 0.13331 0 
0.0956627 0.204807 -0.0493937 0.981289 0.186291 0.0486492 0 
0.095587 0.204969 -0.0491524 0.970263 0.240451 0.0277909 0 
0.0957856 0.204585 -0.049206 0.982239 0.185703 0.0268627 0 
0.0952727 0.204958 -0.0491193 0.962384 0.271689 0.00120751 0 
0.0958509 0.205087 -0.0490246 0.975587 0.219536 -0.00586996 0 
0.0955114 0.20513 -0.0489112 0.948718 0.315402 -0.0213619 0 
0.0957083 0.204209 -0.0488548 0.991614 0.112969 0.0627604 0 
0.0953701 0.204062 -0.048489 0.992711 0.0300148 0.116724 0 
0.096057 0.204812 -0.0492732 0.985927 0.166039 0.0194666 0 
0.0958194 0.203722 -0.0488668 0.977553 -0.024823 0.209222 0 
0.0947566 0.205378 -0.0484429 0.866923 0.495187 -0.0568702 0 
0.0938862 0.20523 -0.0479952 0.0839959 0.841383 -0.533872 0 
0.0947062 0.205485 -0.0482821 0.749843 0.648068 -0.133206 0 
0.0951971 0.205119 -0.0488781 0.945015 0.325208 -0.0344338 0 
0.0952178 0.205303 -0.048621 0.929335 0.362959 -0.0678055 0 
0.0951421 0.205464 -0.0483798 0.884171 0.458199 -0.0910794 0 
0.095483 0.20523 -0.048241 0.901842 0.403193 -0.155293 0 
0.0954964 0.206032 -0.0481511 0.770039 0.624074 -0.13256 0 
0.095256 0.205715 -0.0475172 0.649631 0.688511 -0.322385 0 
0.0958891 0.2055 -0.0479208 0.795668 0.559915 -0.231101 0 
0.0956194 0.205809 -0.0479634 0.707148 0.669517 -0.227353 0 
0.0958134 0.205661 -0.0476795 0.677161 0.683535 -0.272458 0 
0.0957112 0.206067 -0.0476102 0.662906 0.704041 -0.25472 0 
0.09148 0.210691 -0.0445709 0.616391 -0.00965266 0.787381 0 
0.0910278 0.210685 -0.0443355 0.672399 0.355014 0.649495 0 
0.0909521 0.210846 -0.0440942 0.658221 0.409523 0.631693 0 
0.091167 0.210489 -0.0442855 0.633688 0.627 0.453112 0 
0.09433 0.207164 -0.0482802 0.743761 0.66161 -0.095354 0 
0.0932876 0.207156 -0.047607 0.400738 0.582141 -0.707475 0 
0.0939772 0.207525 -0.0478866 0.74467 0.583136 -0.324683 0 
0.0948223 0.207727 -0.0482539 0.878997 0.476403 0.0201297 0 
0.0937037 0.207546 -0.046245 0.426384 0.562429 -0.708428 0 
0.0928679 0.208717 -0.0465448 0.834884 0.51482 -0.194756 0 
0.0928428 0.208771 -0.0464644 0.846424 0.504284 -0.17107 0 
0.0932993 0.208932 -0.0463051 0.22203 0.424689 -0.877691 0 
0.094298 0.208095 -0.0455558 0.707098 0.615649 -0.347834 0 
0.0943367 0.206211 -0.0470185 0.387498 0.67771 -0.624944 0 
0.0932664 0.206638 -0.0467696 0.26322 0.521767 -0.811464 0 
0.093972 0.206308 -0.0468246 0.315297 0.622509 -0.71629 0 
0.0942761 0.206591 -0.0471673 0.432213 0.652491 -0.622453 0 
0.0943027 0.206346 -0.0469954 0.394833 0.672373 -0.626116 0 
0.09415 0.20686 -0.0467653 0.332413 0.541175 -0.772419 0 
0.0938816 0.206978 -0.0465556 0.248201 0.497943 -0.830933 0 
0.0942031 0.206371 -0.0464214 0.446549 0.607106 -0.65728 0 
0.093739 0.2061 -0.0463857 0.276496 0.567213 -0.77577 0 
0.0946867 0.206623 -0.0471846 0.61894 0.672039 -0.406542 0 
0.094983 0.20607 -0.0469701 0.595633 0.69793 -0.397638 0 
0.0946169 0.206357 -0.0470285 0.528938 0.676705 -0.512147 0 
0.095219 0.206624 -0.0472665 0.673509 0.676724 -0.297373 0 
0.095106 0.205847 -0.0467823 0.603284 0.679733 -0.417147 0 
0.0955346 0.206444 -0.0470472 0.66923 0.685279 -0.287271 0 
0.094562 0.206702 -0.0465302 0.558877 0.60953 -0.562254 0 
0.0934709 0.206946 -0.0465383 0.356963 0.528176 -0.770459 0 
0.0932312 0.209203 -0.0462589 0.207914 0.420252 -0.883267 0 
0.0940936 0.208907 -0.0454171 0.82833 0.555535 0.0724611 0 
0.0935526 0.210107 -0.0450226 0.796622 0.200302 0.570326 0 
0.093917 0.209284 -0.0448542 0.178085 0.412635 -0.893319 0 
0.0920627 0.210583 -0.0448136 0.750615 0.172048 0.637947 0 
0.0924229 0.210724 -0.0446701 0.753395 0.171987 0.634678 0 
0.0929804 0.21067 -0.0448324 0.796262 0.122615 0.592395 0 
0.0930662 0.210236 -0.044764 0.78846 0.129183 0.601368 0 
0.0931298 0.210203 -0.0444728 0.78846 0.129183 0.601368 0 
0.0936608 0.210394 -0.044807 0.793643 0.16415 0.58582 0 
0.0932915 0.210727 -0.0442757 0.788474 0.148119 0.596966 0 
0.0935301 0.2109 -0.0440675 0.775451 0.181294 0.604821 0 
0.0934023 0.209513 -0.0439255 0.796499 0.282323 0.53468 0 
0.0937999 0.210591 -0.0440248 0.790286 0.141923 0.596076 0 
0.0938264 0.210346 -0.0438529 0.773381 0.142111 0.617807 0 
0.0944046 0.210476 -0.0437582 0.751113 0.205975 0.627218 0 
0.0907014 0.210801 -0.0437699 0.659784 0.439299 0.609674 0 
0.0909194 0.210791 -0.0438187 0.649818 0.420471 0.633199 0 
0.0908689 0.210898 -0.0436579 0.659784 0.439299 0.609674 0 
0.0906257 0.210963 -0.0435287 0.64468 0.493188 0.584083 0 
0.0901646 0.211038 -0.0433505 0.649143 0.534489 0.541234 0 
0.0898192 0.211508 -0.043152 0.629684 0.521642 0.575663 0 
0.0905323 0.211287 -0.043402 0.65036 0.502474 0.569695 0 
0.0903515 0.211509 -0.0432338 0.644578 0.520038 0.560429 0 
0.0900564 0.210752 -0.043566 0.631995 0.530876 0.564582 0 
0.0907545 0.210313 -0.0434261 0.653056 0.410445 0.636438 0 
0.0909711 0.210493 -0.0437272 0.678167 0.35134 0.645484 0 
0.0913163 0.210414 -0.0431936 0.662331 0.467824 0.585199 0 
0.0913222 0.209987 -0.0432788 0.689909 0.280126 0.667499 0 
0.0913429 0.21017 -0.0430217 0.680241 0.355692 0.640902 0 
0.0911119 0.211226 -0.043055 0.657626 0.450131 0.604079 0 
0.091242 0.210385 -0.0427001 0.686383 0.344007 0.640733 0 
0.0876533 0.212416 -0.0425736 0.682931 0.72643 -0.0768478 0 
0.0884449 0.212772 -0.0421903 0.659666 0.748771 -0.0646731 0 
0.0888096 0.212675 -0.0423842 0.609203 0.792104 -0.0379872 0 
0.0887339 0.212837 -0.0421429 0.635036 0.769784 -0.0645071 0 
0.088811 0.212485 -0.0421319 0.623749 0.780041 -0.0497294 0 
0.0891325 0.211877 -0.0419977 0.650412 0.753185 0.0983692 0 
0.0900576 0.212073 -0.0422115 0.665841 0.605765 0.43555 0 
0.0904224 0.211976 -0.0424054 0.661982 0.574835 0.480984 0 
0.0893936 0.212377 -0.0423746 0.641556 0.654819 0.399522 0 
0.0895165 0.212154 -0.0421869 0.658458 0.677968 0.32679 0 
0.0894157 0.21237 -0.0418653 0.661422 0.74355 0.09826 0 
0.0901717 0.211932 -0.0420811 0.659401 0.612659 0.435706 0 
0.0905617 0.211781 -0.0423555 0.665234 0.601878 0.441822 0 
0.089635 0.212168 -0.0416618 0.653348 0.750249 0.101306 0 
0.0880205 0.212331 -0.0415306 0.65323 0.745908 -0.130048 0 
0.0879612 0.21252 -0.0414271 0.640291 0.76099 -0.104507 0 
0.088633 0.213052 -0.0418213 0.661919 0.745926 -0.0738684 0 
0.0887176 0.212809 -0.0420052 0.635036 0.769784 -0.0645071 0 
0.088928 0.212689 -0.041859 0.635036 0.769784 -0.0645071 0 
0.0885915 0.213078 -0.0416031 0.679662 0.729145 -0.0800458 0 
0.089023 0.212901 -0.0420956 0.643581 0.764692 -0.0323903 0 
0.088931 0.213035 -0.0417166 0.663206 0.744474 -0.0769145 0 
0.08934 0.212531 -0.041624 0.61507 0.785043 -0.0734627 0 
0.089168 0.212671 -0.0413985 0.655642 0.751166 -0.0767086 0 
0.0888996 0.212789 -0.0411888 0.670073 0.732475 -0.120346 0 
0.0893889 0.213006 -0.041305 0.668875 0.740797 -0.061853 0 
0.0891117 0.213206 -0.0411526 0.683779 0.724601 -0.0860191 0 
0.0887482 0.213112 -0.0407063 0.663978 0.742779 -0.0860982 0 
0.0876054 0.213654 -0.0408059 0.627605 0.774768 -0.0764668 0 
0.0873118 0.213827 -0.0405158 0.618115 0.78237 -0.0763639 0 
0.0885762 0.213252 -0.0404809 0.648975 0.754452 -0.098152 0 
0.0884236 0.213766 -0.0402507 0.619387 0.779699 -0.091815 0 
0.0882574 0.213478 -0.0401104 0.609538 0.783691 -0.119546 0 
0.0868435 0.21452 -0.0405049 0.579578 0.809085 -0.0973226 0 
0.0874023 0.214276 -0.0404149 0.609092 0.788492 -0.0853597 0 
0.0871325 0.214585 -0.0404576 0.608692 0.790005 -0.0733884 0 
0.0874541 0.213977 -0.0403234 0.602308 0.791896 -0.100628 0 
0.0867678 0.214681 -0.0402637 0.575396 0.809655 -0.115665 0 
0.0874053 0.214622 -0.0402725 0.613004 0.786087 -0.0793299 0 
0.0870569 0.214746 -0.0402163 0.592701 0.799491 -0.0975699 0 
0.0876409 0.214448 -0.0402068 0.60528 0.791073 -0.0885421 0 
0.0875653 0.214609 -0.0399655 0.592854 0.797791 -0.109788 0 
0.0877209 0.214442 -0.0400532 0.594936 0.796659 -0.106708 0 
0.0878632 0.214593 -0.0398608 0.555333 0.817367 -0.153349 0 
0.087817 0.213736 -0.0396752 0.550754 0.817877 -0.166577 0 
0.0881552 0.213884 -0.040041 0.593349 0.794585 -0.128732 0 
0.0880795 0.214045 -0.0397998 0.580395 0.803053 -0.135079 0 
0.0880038 0.214207 -0.0395585 0.567828 0.809267 -0.150527 0 
0.0885956 0.213626 -0.0404762 0.637049 0.765333 -0.09184 0 
0.0886174 0.214011 -0.0392346 0.568081 0.809627 -0.147611 0 
0.0915329 0.210594 -0.0434948 0.651856 0.510368 0.560899 0 
0.0912393 0.210766 -0.0432047 0.679244 0.376627 0.629904 0 
0.0914097 0.21009 -0.0433203 0.678165 0.431559 0.594852 0 
0.0911889 0.210874 -0.0430439 0.674756 0.402864 0.618388 0 
0.091088 0.211089 -0.0427222 0.67072 0.453279 0.587089 0 
0.0910021 0.211523 -0.0427906 0.680931 0.486857 0.547087 0 
0.09103 0.211088 -0.0423664 0.6868 0.459538 0.563143 0 
0.0909366 0.211412 -0.0422397 0.682714 0.521681 0.511616 0 
0.0859729 0.215884 -0.038955 0.315275 0.862776 -0.395247 0 
0.0856334 0.215927 -0.0388415 0.290319 0.855597 -0.428566 0 
0.0867915 0.21521 -0.0398642 0.540932 0.829821 -0.137075 0 
0.0867158 0.215372 -0.0396229 0.524211 0.836064 -0.161867 0 
0.0871681 0.215378 -0.0398584 0.566943 0.812668 -0.134705 0 
0.0863422 0.21555 -0.0394864 0.475968 0.85434 -0.208705 0 
0.0831927 0.217045 -0.036874 0.243008 0.842123 -0.481431 0 
0.0837325 0.217155 -0.0371509 0.209242 0.853526 -0.477192 0 
0.0837532 0.217338 -0.0368939 0.209477 0.851473 -0.480743 0 
0.0843967 0.216458 -0.03772 0.229666 0.847179 -0.479105 0 
0.0826753 0.217656 -0.0364499 0.243795 0.835651 -0.492191 0 
0.0830341 0.217986 -0.0365587 0.23715 0.839969 -0.488069 0 
0.0832269 0.218029 -0.0365271 0.23715 0.839969 -0.488069 0 
0.0825301 0.218278 -0.0364147 0.243901 0.83908 -0.486268 0 
0.0824797 0.218386 -0.0362539 0.243901 0.83908 -0.486268 0 
0.0824308 0.217911 -0.036573 0.240291 0.837191 -0.491295 0 
0.0824735 0.218086 -0.0358066 0.24405 0.833455 -0.495775 0 
0.0829333 0.218202 -0.036237 0.240291 0.837191 -0.491295 0 
0.0831587 0.2183 -0.0364809 0.230422 0.840812 -0.489838 0 
0.0826694 0.218083 -0.0363648 0.240291 0.837191 -0.491295 0 
0.0832105 0.218002 -0.0363894 0.23715 0.839969 -0.488069 0 
0.0825937 0.218244 -0.0361235 0.247419 0.837535 -0.487154 0 
0.0827953 0.218206 -0.0360346 0.237045 0.836541 -0.493972 0 
0.0840552 0.217869 -0.0356622 0.240291 0.837191 -0.491295 0 
0.0839441 0.218356 -0.0356502 0.230557 0.835198 -0.499287 0 
0.08442 0.217772 -0.0358561 0.210826 0.838754 -0.502039 0 
0.0820835 0.218237 -0.0355322 0.244163 0.836911 -0.489862 0 
0.0818744 0.218166 -0.0354261 0.236893 0.842115 -0.484484 0 
0.0825446 0.218162 -0.0357103 0.247683 0.835354 -0.490751 0 
0.081864 0.21883 -0.0350035 0.195882 0.856799 -0.476996 0 
0.0835603 0.218806 -0.0358233 0.227315 0.834506 -0.501924 0 
0.0839912 0.218687 -0.034489 0.243008 0.842123 -0.481431 0 
0.0826331 0.218859 -0.0340351 0.182408 0.858651 -0.479006 0 
0.0820415 0.219047 -0.0338497 0.195382 0.857591 -0.475777 0 
0.0816768 0.219144 -0.0336558 0.201911 0.856998 -0.474116 0 
0.0815047 0.219284 -0.0334303 0.195382 0.857591 -0.475777 0 
0.08114 0.219381 -0.0332364 0.192728 0.856072 -0.47958 0 
0.0813534 0.219607 -0.0329478 0.210625 0.864905 -0.455606 0 
0.0808625 0.219973 -0.0323518 0.252487 0.869343 -0.424844 0 
0.0847318 0.215141 -0.0385982 0.25365 0.840887 -0.478091 0 
0.0847007 0.215622 -0.0384327 0.249476 0.843321 -0.475994 0 
0.0850327 0.21547 -0.0383511 0.252995 0.841784 -0.476858 0 
0.0850831 0.215362 -0.038512 0.25985 0.844129 -0.468961 0 
0.0849304 0.214756 -0.0386518 0.281816 0.851609 -0.441974 0 
0.0855843 0.215844 -0.0384284 0.274995 0.849565 -0.450131 0 
0.0852966 0.215588 -0.0382234 0.252995 0.841784 -0.476858 0 
0.0846502 0.215729 -0.0382719 0.249476 0.843321 -0.475994 0 
0.084957 0.215631 -0.0381099 0.246242 0.842729 -0.478719 0 
0.0848548 0.216037 -0.0380406 0.246602 0.843962 -0.476356 0 
0.0848814 0.215793 -0.0378686 0.246602 0.843962 -0.476356 0 
0.0852461 0.215696 -0.0380626 0.252995 0.841784 -0.476858 0 
0.0851718 0.215667 -0.037569 0.246242 0.842729 -0.478719 0 
0.0866921 0.214843 -0.0400224 0.539717 0.829538 -0.143432 0 
0.0871487 0.215004 -0.0398631 0.570019 0.811577 -0.128144 0 
0.0877073 0.215153 -0.0390409 0.600607 0.791509 -0.113073 0 
0.0879029 0.214422 -0.0392369 0.551761 0.817922 -0.162986 0 
0.0880288 0.214545 -0.0389067 0.46281 0.850776 -0.24897 0 
0.0876746 0.215097 -0.0387654 0.456922 0.851189 -0.25826 0 
0.0876759 0.214907 -0.0385131 0.375981 0.867059 -0.326874 0 
0.0876003 0.215068 -0.0382719 0.290634 0.871902 -0.394106 0 
0.0885167 0.215345 -0.0385429 0.441303 0.856646 -0.267225 0 
0.0883534 0.215404 -0.0382602 0.31833 0.872743 -0.370116 0 
0.086506 0.215358 -0.0376901 0.240543 0.835007 -0.494876 0 
0.0869464 0.2151 -0.0381253 0.230643 0.860765 -0.453748 0 
0.0864704 0.216076 -0.0371872 0.252995 0.841784 -0.476858 0 
0.0864304 0.21552 -0.0374489 0.252995 0.841784 -0.476858 0 
0.0860922 0.215372 -0.0370831 0.252995 0.841784 -0.476858 0 
0.0863042 0.215789 -0.0370468 0.252995 0.841784 -0.476858 0 
0.0871954 0.21612 -0.0372375 0.233402 0.843605 -0.483585 0 
0.0885301 0.216146 -0.0384531 0.378392 0.873797 -0.305449 0 
0.0875601 0.216023 -0.0374314 0.243092 0.845472 -0.475482 0 
0.0828649 0.216233 -0.0369307 0.243365 0.843361 -0.479078 0 
0.0824126 0.216227 -0.0366953 0.250568 0.834714 -0.490375 0 
0.0852769 0.217119 -0.0363937 0.221397 0.856971 -0.465385 0 
0.0853539 0.216767 -0.0363826 0.242251 0.851688 -0.464696 0 
0.0852783 0.216928 -0.0361414 0.216095 0.85078 -0.479036 0 
0.0856337 0.215066 -0.0364003 0.246602 0.843962 -0.476356 0 
0.0856557 0.215059 -0.0358909 0.243092 0.845472 -0.475482 0 
0.0843088 0.21714 -0.0362141 0.202592 0.850884 -0.484719 0 
0.0843754 0.217452 -0.0357804 0.200976 0.83866 -0.506218 0 
0.0849122 0.217215 -0.0361998 0.209477 0.851473 -0.480743 0 
0.0842241 0.217775 -0.0352979 0.237899 0.833415 -0.498821 0 
0.0858952 0.216293 -0.0371394 0.246602 0.843962 -0.476356 0 
0.0856652 0.216431 -0.0365581 0.243092 0.845472 -0.475482 0 
0.0867193 0.217096 -0.0362994 0.242815 0.847563 -0.471887 0 
0.0873938 0.216128 -0.0365588 0.230174 0.842954 -0.486261 0 
0.0839216 0.218029 -0.0350651 0.230557 0.835198 -0.499287 0 
0.0837955 0.218298 -0.0346631 0.240035 0.839356 -0.487713 0 
0.0841868 0.217956 -0.034685 0.230557 0.835198 -0.499287 0 
0.084375 0.218237 -0.034316 0.240291 0.837191 -0.491295 0 
0.0836693 0.218567 -0.034261 0.256235 0.842355 -0.474112 0 
0.0816529 0.219007 -0.033323 0.199039 0.857513 -0.4744 0 
0.0848522 0.218581 -0.0338996 0.246242 0.842729 -0.478719 0 
