0.0995264 0.210718 -0.0681411 0.31972 -0.94632 -0.0475086 2 
0.0981936 0.210357 -0.0661959 0.219035 -0.975699 -0.00585654 2 
0.09911 0.210645 -0.0664915 0.23889 -0.971011 -0.00831956 2 
0.099139 0.210651 -0.0661929 0.224512 -0.974454 -0.00587728 2 
0.0997002 0.210753 -0.0663499 0.256374 -0.966517 -0.0108327 2 
0.0998039 0.210825 -0.0660599 0.242246 -0.970179 -0.00835332 2 
0.099717 0.210807 -0.0669555 0.272587 -0.962 -0.0158907 2 
0.0989437 0.21046 -0.0658687 0.224512 -0.974454 -0.00587728 2 
0.0827834 0.213581 -0.0427568 0.296976 -0.29405 -0.908482 1 
0.0825985 0.213252 -0.0422299 0.296976 -0.29405 -0.908482 1 
0.082719 0.213378 -0.0425456 0.296976 -0.29405 -0.908482 1 
0.0829432 0.213576 -0.0425712 0.297767 -0.294833 -0.907969 1 
0.0830289 0.213365 -0.0422739 0.288438 -0.300151 -0.909238 1 
0.0827401 0.212965 -0.042037 0.297767 -0.294833 -0.907969 1 
0.0829644 0.213162 -0.0420627 0.286124 -0.289028 -0.913562 1 
0.0831887 0.21336 -0.0420883 0.286124 -0.289028 -0.913562 1 
0.0831983 0.213362 -0.0419888 0.286124 -0.289028 -0.913562 1 
0.0829027 0.213985 -0.0432788 0.29405 -0.296976 -0.908482 1 
0.0828473 0.213923 -0.0430712 0.29405 -0.296976 -0.908482 1 
0.0828582 0.213647 -0.0427653 0.296976 -0.29405 -0.908482 1 
0.0831036 0.213431 -0.0422825 0.288438 -0.300151 -0.909238 1 
0.083516 0.213262 -0.0423192 0.277479 -0.254711 -0.926352 1 
0.0842829 0.213925 -0.0422056 0.28367 -0.252309 -0.925133 1 
0.0844626 0.213278 -0.0421098 0.262458 -0.180865 -0.947841 1 
0.0829934 0.213168 -0.0417641 0.286124 -0.289028 -0.913562 1 
0.0831538 0.213024 -0.0414754 0.277479 -0.254711 -0.926352 1 
0.083284 0.213152 -0.0416915 0.277479 -0.254711 -0.926352 1 
0.083612 0.212915 -0.0418192 0.271023 -0.215428 -0.938156 1 
0.0835469 0.212851 -0.0417111 0.271023 -0.215428 -0.938156 1 
0.0836247 0.212221 -0.0412038 0.254451 -0.189138 -0.94841 1 
0.083351 0.212798 -0.0414901 0.27391 -0.228961 -0.934104 1 
0.0836138 0.212497 -0.0415097 0.254451 -0.189138 -0.94841 1 
0.0839044 0.21248 -0.0414371 0.262458 -0.180865 -0.947841 1 
0.0838381 0.212695 -0.0415353 0.262458 -0.180865 -0.947841 1 
0.085016 0.213467 -0.0416648 0.213047 -0.163379 -0.963285 1 
0.085288 0.213307 -0.0416881 0.183985 -0.165972 -0.968815 1 
0.085505 0.212946 -0.0414006 0.16705 -0.2757 -0.946617 1 
0.0850933 0.212976 -0.0412607 0.181045 -0.165637 -0.969426 1 
0.0851223 0.212982 -0.0409622 0.193402 -0.242091 -0.950782 1 
0.0845183 0.210606 -0.0411583 0.199894 -0.197247 -0.959758 1 
0.0844912 0.210182 -0.0411473 0.196542 -0.217934 -0.955969 1 
0.0850808 0.210935 -0.0407169 0.446401 0.105615 -0.888578 1 
0.0851098 0.210941 -0.0404184 0.458289 0.0282231 -0.888355 1 
0.0848481 0.209951 -0.0409764 0.490724 0.779004 -0.390312 1 
0.0855623 0.21259 -0.0412987 0.433423 0.519119 -0.736655 1 
0.0856866 0.211882 -0.0409953 0.395189 0.0714848 -0.915814 1 
0.0849378 0.212007 -0.0407241 0.507104 0.713271 -0.483827 1 
0.0851718 0.212207 -0.0406503 0.46995 0.13737 -0.871938 1 
0.0858084 0.211729 -0.0411046 0.281514 0.938842 0.198308 1 
0.0857909 0.211308 -0.0409941 0.285584 0.93953 0.18901 1 
0.0856517 0.211039 -0.0407744 0.289725 0.940577 0.17713 1 
0.0855545 0.212171 -0.0410887 0.398944 0.124583 -0.908473 1 
0.0859838 0.212562 -0.041339 0.38691 0.328334 -0.861683 1 
0.086055 0.210729 -0.0408074 0.295904 0.942258 0.156816 1 
0.0868804 0.209745 -0.0411696 0.274532 0.948015 0.160933 1 
0.0863721 0.211274 -0.0408489 0.288509 0.942099 0.170918 1 
0.0873663 0.210933 -0.0406372 0.267863 0.952846 0.142594 1 
0.0853537 0.213738 -0.041301 0.189976 -0.164129 -0.967973 1 
0.0856166 0.213437 -0.0413206 0.423064 0.815796 -0.394328 1 
0.0860193 0.213772 -0.0410648 0.43467 0.607872 -0.664495 1 
0.0862815 0.213611 -0.0411875 0.409502 0.531202 -0.741709 1 
0.0862912 0.213612 -0.041088 0.428244 0.467323 -0.773444 1 
0.0860302 0.21299 -0.0411509 0.411452 0.271771 -0.86997 1 
0.0865173 0.213393 -0.0408042 0.342158 0.938676 0.0426084 1 
0.0869297 0.212717 -0.0412329 0.231932 0.90585 0.354463 1 
0.0866506 0.212319 -0.0408965 0.257491 0.932879 0.251863 1 
0.0868188 0.212593 -0.0408177 0.26106 0.936746 0.23314 1 
0.0871359 0.213139 -0.0408592 0.217594 0.912165 0.347286 1 
0.085334 0.211139 -0.040444 0.427163 0.0332681 -0.903562 1 
0.085448 0.210567 -0.0403434 0.426389 0.0224415 -0.904262 1 
0.0878083 0.21063 -0.0402722 0.23263 0.960749 0.151144 1 
0.0872963 0.212994 -0.0405705 0.257596 0.943599 0.208005 1 
0.087643 0.212901 -0.0406023 0.230229 0.930803 0.283902 1 
0.0878401 0.212675 -0.0406169 0.24491 0.942282 0.228306 1 
0.0880752 0.21209 -0.0407288 0.251289 0.952748 0.170661 1 
0.0883581 0.21216 -0.0400542 0.251657 0.957877 0.138345 1 
0.0885353 0.21207 -0.040371 0.248859 0.960258 0.126384 1 
0.0886269 0.213202 -0.0402012 0.224307 0.950245 0.21615 1 
0.087285 0.209663 -0.0406043 0.254455 0.95185 0.170983 1 
0.088106 0.21016 -0.0412967 0.252479 0.958896 0.12951 1 
0.088097 0.210525 -0.040901 0.252869 0.9609 0.112818 1 
0.0888831 0.210685 -0.0409805 0.215721 0.963555 0.158196 1 
0.0892569 0.211014 -0.0410232 0.191948 0.964963 0.17889 1 
0.0883406 0.210726 -0.0407277 0.238284 0.96225 0.131512 1 
0.0909691 0.220098 -0.047297 -0.129915 0.443995 0.886561 1 
0.0910342 0.220162 -0.047405 -0.129915 0.443995 0.886561 1 
0.0911927 0.220435 -0.0474258 -0.263361 0.430817 0.863156 1 
0.0912127 0.2203 -0.0471236 -0.123666 0.447756 0.885563 1 
0.0908395 0.219325 -0.0473697 -0.00893437 0.366309 0.93045 1 
0.0907196 0.21906 -0.0469509 0.11072 0.313483 0.943117 1 
0.0907371 0.219481 -0.0470613 -0.00893437 0.366309 0.93045 1 
0.0908408 0.219553 -0.0467713 -0.00893437 0.366309 0.93045 1 
0.0911874 0.219459 -0.0468031 -0.00893437 0.366309 0.93045 1 
0.0910361 0.219745 -0.0470955 -0.143641 0.411011 0.900243 1 
0.091317 0.219726 -0.0471224 -0.143641 0.411011 0.900243 1 
0.0914117 0.219657 -0.0468288 -0.00890033 0.362371 0.931992 1 
0.0915895 0.219427 -0.0470425 -0.00380553 0.361525 0.932355 1 
0.0915413 0.219924 -0.0471481 -0.125964 0.426015 0.895904 1 
0.0918789 0.219689 -0.0471762 -0.131846 0.421056 0.897401 1 
0.0920303 0.219403 -0.0468838 -0.00890033 0.362371 0.931992 1 
0.0907486 0.219066 -0.0466523 0.107992 0.315978 0.9426 1 
0.0909071 0.219339 -0.0466731 -0.0193257 0.369766 0.928924 1 
0.0912068 0.219463 -0.0466041 -0.0115032 0.369382 0.929206 1 
0.0913943 0.219235 -0.0467183 0.0559027 0.336716 0.939945 1 
0.0915818 0.219008 -0.0468325 0.13361 0.303659 0.943366 1 
0.0920219 0.219123 -0.046777 0.0994913 0.317046 0.943177 1 
0.092181 0.219257 -0.0466946 -0.00890033 0.362371 0.931992 1 
0.091079 0.217766 -0.0467593 -0.89734 0.233514 0.374503 1 
0.0915468 0.218165 -0.0466116 -0.898575 0.261162 0.352643 1 
0.0911819 0.220711 -0.0477316 -0.231523 0.387839 0.892176 1 
0.0912644 0.221197 -0.0479501 -0.231523 0.387839 0.892176 1 
0.0915808 0.221881 -0.0480948 -0.231523 0.387839 0.892176 1 
0.0915905 0.221883 -0.0479953 -0.231523 0.387839 0.892176 1 
0.0916298 0.221246 -0.0478861 -0.231523 0.387839 0.892176 1 
0.0918817 0.221727 -0.0478195 -0.231523 0.387839 0.892176 1 
0.0920035 0.221575 -0.0479288 -0.231523 0.387839 0.892176 1 
0.091408 0.220492 -0.0474478 -0.263361 0.430817 0.863156 1 
0.09135 0.220986 -0.0476528 -0.231523 0.387839 0.892176 1 
0.09164 0.221108 -0.0476834 -0.231523 0.387839 0.892176 1 
0.0919674 0.221517 -0.0475222 -0.231523 0.387839 0.892176 1 
0.0915491 0.220343 -0.0473581 -0.263361 0.430817 0.863156 1 
0.0917637 0.220539 -0.0474832 -0.231523 0.387839 0.892176 1 
0.0920536 0.220661 -0.0475138 -0.231523 0.387839 0.892176 1 
0.0921947 0.220513 -0.047424 -0.231523 0.387839 0.892176 1 
0.0922237 0.220012 -0.0475175 -0.231523 0.387839 0.892176 1 
0.0917089 0.220338 -0.0471725 -0.263361 0.430817 0.863156 1 
0.091935 0.220118 -0.0468886 -0.163219 0.423215 0.891206 1 
0.0921966 0.220095 -0.0471145 -0.263361 0.430817 0.863156 1 
0.0920646 0.220385 -0.0472079 -0.231523 0.387839 0.892176 1 
0.0922237 0.220519 -0.0471255 -0.231523 0.387839 0.892176 1 
0.0922617 0.220159 -0.0472226 -0.231523 0.387839 0.892176 1 
0.0922798 0.220441 -0.0472299 -0.231523 0.387839 0.892176 1 
0.0921888 0.219676 -0.0469046 0.0114702 0.363222 0.931632 1 
0.0922913 0.220026 -0.0468209 -0.163219 0.423215 0.891206 1 
0.0926946 0.219716 -0.0468539 -0.163219 0.423215 0.891206 1 
0.0952786 0.210293 -0.0512404 -0.191819 -0.939773 0.282898 1 
0.0948675 0.21069 -0.0506053 -0.0617573 -0.993731 0.0931973 1 
0.0949712 0.210762 -0.0503154 -0.0655554 -0.990232 0.12306 1 
0.0948712 0.209856 -0.0499864 -0.0368544 -0.978424 0.203293 1 
0.0949001 0.209862 -0.0496878 -0.0394847 -0.977545 0.206995 1 
0.094879 0.210275 -0.0501963 -0.0562257 -0.990261 0.127368 1 
0.0951033 0.210473 -0.050222 -0.0562257 -0.990261 0.127368 1 
0.0953468 0.210674 -0.0500486 -0.0503921 -0.993285 0.104144 1 
0.0953487 0.210257 -0.0497391 -0.0578783 -0.983931 0.16891 1 
0.0957508 0.210225 -0.0499785 -0.0585467 -0.980955 0.185199 1 
0.0952559 0.209909 -0.0497233 -0.0592139 -0.977633 0.201811 1 
0.0955035 0.211364 -0.0503789 -0.0444585 -0.996522 0.070483 1 
0.095577 0.211708 -0.0505937 -0.0424405 -0.998905 0.0196676 1 
0.0958477 0.212333 -0.0504313 -0.0324167 -0.998642 0.0407822 1 
0.0959822 0.211994 -0.0495333 -0.0720923 -0.976301 0.204058 1 
0.0952786 0.2108 -0.0508484 -0.0512889 -0.996315 0.068749 1 
0.0955957 0.211345 -0.0508899 -0.0551781 -0.998411 0.0114521 1 
0.0951761 0.210956 -0.05054 -0.0571291 -0.993599 0.0974556 1 
0.0959598 0.211673 -0.0510321 -0.0320308 -0.999153 -0.0258313 1 
0.0958682 0.211553 -0.050418 -0.0397216 -0.997335 0.0611928 1 
0.0952618 0.210745 -0.0502427 -0.0496922 -0.994947 0.0872373 1 
0.0957025 0.210721 -0.0500841 -0.0456285 -0.993812 0.101273 1 
0.0954294 0.211159 -0.0502672 -0.0444585 -0.996522 0.070483 1 
0.0958803 0.210492 -0.0502978 -0.0516021 -0.989614 0.134166 1 
0.0962469 0.210263 -0.0500274 -0.0397169 -0.990653 0.130498 1 
0.0966684 0.210235 -0.0500677 -0.032 -0.994206 0.102621 1 
0.0968444 0.210929 -0.0501989 -0.0343391 -0.993617 0.107448 1 
0.0970325 0.211068 -0.049818 -0.0298468 -0.993786 0.107227 1 
0.0968895 0.211634 -0.0502172 -0.0292646 -0.996081 0.0834584 1 
0.0967503 0.211872 -0.0496054 -0.0385604 -0.994858 0.0936467 1 
0.0969553 0.212065 -0.0498301 -0.0429684 -0.994883 0.0914455 1 
0.0974713 0.211462 -0.0499688 -0.0136691 -0.997847 0.0641398 1 
0.0973767 0.212037 -0.0498705 -0.0267209 -0.997226 0.0694745 1 
0.0963211 0.21148 -0.0493551 -0.0557372 -0.983109 0.174327 1 
0.0973689 0.211618 -0.0496605 -0.0224375 -0.996866 0.0758601 1 
0.0975738 0.212318 -0.0494932 0.00115567 -0.978855 -0.204554 1 
0.0974611 0.212611 -0.0493875 0.0319777 -0.816126 -0.576989 1 
0.097771 0.212092 -0.0495078 0.135252 -0.106526 -0.985068 1 
0.0983799 0.211837 -0.0496624 0.17638 -0.00341381 -0.984316 1 
0.0981086 0.211857 -0.049536 0.148052 -0.0401692 -0.988163 1 
0.0957931 0.208385 -0.0497454 0.293208 -0.719401 -0.629676 1 
0.0970169 0.209723 -0.04979 -0.00766239 -0.992827 0.119314 1 
0.0971458 0.210636 -0.0498205 -0.0139638 -0.995725 0.0913017 1 
0.0976625 0.209893 -0.049856 0.18 -0.434633 -0.882437 1 
0.0976137 0.211035 -0.0496728 -0.00909682 -0.999639 0.0252689 1 
0.0987103 0.210537 -0.0497694 0.163844 0.00790972 -0.986455 1 
0.0988031 0.210885 -0.0497852 0.15757 0.0170039 -0.987361 1 
0.0991781 0.21043 -0.0500137 0.141058 0.0259546 -0.989661 1 
0.0994133 0.209845 -0.0501255 0.141058 0.0259546 -0.989661 1 
0.0982515 0.210785 -0.0495288 0.161083 -0.0382428 -0.9862 1 
0.0985885 0.210689 -0.0496601 0.184632 0.0057339 -0.982791 1 
0.0987947 0.210605 -0.0496784 0.15757 0.0170039 -0.987361 1 
0.0990003 0.210659 -0.0497999 0.141058 0.0259546 -0.989661 1 
0.0992167 0.210438 -0.0496156 0.141058 0.0259546 -0.989661 1 
0.099441 0.210635 -0.0496412 0.141058 0.0259546 -0.989661 1 
0.0994043 0.21021 -0.0497298 0.141058 0.0259546 -0.989661 1 
0.0996394 0.209625 -0.0498416 0.141058 0.0259546 -0.989661 1 
0.0998817 0.210611 -0.0494826 0.141058 0.0259546 -0.989661 1 
0.100714 0.210692 -0.0497659 0.134919 0.152248 -0.97909 1 
0.100753 0.2107 -0.0493679 0.131745 0.179424 -0.97491 1 
0.10078 0.210617 -0.0497708 0.131745 0.179424 -0.97491 1 
0.100819 0.210625 -0.0493728 0.102573 0.184137 -0.977534 1 
0.088804 0.20305 -0.051374 -0.267431 -0.602906 0.751655 1 
0.0875632 0.204898 -0.0514909 -0.332896 -0.265437 0.904833 1 
0.0875071 0.205481 -0.0509945 -0.327156 -0.248638 0.911673 1 
0.0878834 0.204748 -0.0510166 -0.332896 -0.265437 0.904833 1 
0.087855 0.205109 -0.0508199 -0.327156 -0.248638 0.911673 1 
0.0885115 0.20399 -0.0513641 -0.294256 -0.46863 0.832946 1 
0.0889348 0.203545 -0.0510949 -0.29409 -0.551618 0.780531 1 
0.0891115 0.2041 -0.051123 -0.280813 -0.39921 0.872797 1 
0.0887919 0.204617 -0.0511021 -0.275879 -0.362371 0.890269 1 
0.0897516 0.20704 -0.0509415 0.0319707 -0.200113 0.979251 1 
0.0891367 0.206459 -0.0502675 -0.289457 -0.129389 0.948406 1 
0.08939 0.206663 -0.0499946 -0.23762 -0.114314 0.964608 1 
0.0896239 0.206862 -0.0499207 -0.204509 -0.0747009 0.97601 1 
0.0905421 0.206226 -0.0502988 0.101544 -0.250646 0.962738 1 
0.0905072 0.205384 -0.0500778 0.107683 -0.221701 0.969151 1 
0.0904885 0.205747 -0.0497817 -0.0225009 -0.211983 0.977014 1 
0.0909292 0.205217 -0.050015 0.156047 -0.25741 0.953619 1 
0.0905439 0.205809 -0.0499893 0.0459862 -0.264732 0.963225 1 
0.090685 0.206167 -0.0495076 -0.0860838 -0.135611 0.987015 1 
0.0905891 0.206515 -0.0500075 0.0959143 -0.251935 0.962979 1 
0.0906832 0.206584 -0.0498171 -0.0212318 -0.130743 0.991189 1 
0.0910298 0.20649 -0.0498488 0.193992 -0.335592 0.921816 1 
0.0909111 0.204935 -0.0500077 0.177447 -0.292993 0.939504 1 
0.0842345 0.205372 -0.0523831 -0.419035 -0.31389 0.851987 1 
0.0844407 0.205287 -0.0524014 -0.392552 -0.300906 0.869114 1 
0.0847874 0.205193 -0.0524332 -0.379511 -0.274508 0.883525 1 
0.085245 0.206742 -0.0517042 -0.344693 -0.201667 0.916797 1 
0.0850827 0.206291 -0.0530864 -0.376714 -0.260573 0.888925 1 
0.0853558 0.20636 -0.0525113 -0.344964 -0.256888 0.902778 1 
0.0856844 0.205984 -0.0525358 -0.344964 -0.256888 0.902778 1 
0.0846463 0.205848 -0.0521309 -0.372463 -0.256718 0.891834 1 
0.08475 0.20592 -0.0518409 -0.366079 -0.259368 0.893708 1 
0.0851057 0.20546 -0.0522684 -0.344964 -0.256888 0.902778 1 
0.0852938 0.205094 -0.0522794 -0.345617 -0.260316 0.901546 1 
0.0850207 0.206544 -0.0516785 -0.333454 -0.246086 0.910082 1 
0.0854789 0.206942 -0.0516303 -0.344693 -0.201667 0.916797 1 
0.0852359 0.207107 -0.0513085 -0.313975 -0.214526 0.924877 1 
0.0854253 0.206462 -0.0511132 -0.344693 -0.201667 0.916797 1 
0.0856265 0.206984 -0.0523489 -0.344693 -0.201667 0.916797 1 
0.0849152 0.208409 -0.051102 -0.331007 -0.184519 0.925412 1 
0.085535 0.207371 -0.0513427 -0.313975 -0.214526 0.924877 1 
0.0857677 0.207849 -0.0514752 -0.304277 -0.219362 0.926982 1 
0.0857406 0.207932 -0.0510722 -0.317365 -0.214898 0.923633 1 
0.0861252 0.207478 -0.0512011 -0.323695 -0.248215 0.913023 1 
0.0857599 0.207935 -0.0508732 -0.317365 -0.214898 0.923633 1 
0.0858546 0.207866 -0.0505796 -0.353538 -0.170431 0.919763 1 
0.0859764 0.207714 -0.0506889 -0.321475 -0.254562 0.912059 1 
0.0860318 0.207776 -0.0508964 -0.321475 -0.254562 0.912059 1 
0.0865485 0.207033 -0.050932 -0.327156 -0.248638 0.911673 1 
0.0869982 0.206644 -0.0511689 -0.327156 -0.248638 0.911673 1 
0.0867107 0.205965 -0.0507257 -0.327156 -0.248638 0.911673 1 
0.0864731 0.207612 -0.0506346 -0.323695 -0.248215 0.913023 1 
0.0862676 0.207558 -0.0505131 -0.321236 -0.25728 0.911381 1 
0.0869235 0.20759 -0.0503764 -0.327156 -0.248638 0.911673 1 
0.08683 0.206875 -0.0508557 -0.327156 -0.248638 0.911673 1 
0.0870832 0.206572 -0.0509748 -0.327156 -0.248638 0.911673 1 
0.0870833 0.207079 -0.0505828 -0.327156 -0.248638 0.911673 1 
0.0866557 0.20951 -0.0507901 -0.377168 0.355438 0.855224 1 
0.0872175 0.209473 -0.0508439 -0.324797 0.392527 0.860482 1 
0.0876897 0.208392 -0.050366 -0.283604 -0.0362314 0.958257 1 
0.0879597 0.20865 -0.0506988 -0.299676 0.13304 0.944719 1 
0.0874685 0.206486 -0.0506085 -0.327156 -0.248638 0.911673 1 
0.0887157 0.210095 -0.0504991 -0.429892 0.559357 0.70874 1 
0.0894296 0.209126 -0.0505493 -0.287136 0.46097 0.839679 1 
0.0876047 0.20897 -0.0501682 -0.331946 0.0695381 0.940732 1 
0.087838 0.209308 -0.0501975 -0.359172 0.206271 0.910191 1 
0.0882233 0.208716 -0.0502232 -0.31748 0.111185 0.941724 1 
0.089309 0.209001 -0.0502337 -0.215929 0.246187 0.944863 1 
0.0891049 0.214743 -0.0452019 0.73702 0.356308 0.574322 1 
0.0889053 0.215526 -0.0455999 0.59164 0.177948 0.786318 1 
0.0892068 0.215232 -0.0452214 0.793466 0.21724 0.568523 1 
0.0893117 0.21452 -0.0451171 0.762801 0.372455 0.528594 1 
0.0895643 0.214862 -0.0449474 0.810467 0.291139 0.508312 1 
0.0899857 0.214834 -0.0449877 0.87989 0.230766 0.41538 1 
0.0893419 0.213741 -0.0450042 0.46403 0.706855 0.533884 1 
0.0898079 0.214557 -0.045166 0.861357 0.289159 0.417674 1 
0.0902763 0.214311 -0.0453071 0.854434 0.319834 0.409449 1 
0.0908291 0.213626 -0.0457492 0.909074 0.30888 0.279602 1 
0.0896145 0.213948 -0.0445323 0.405858 0.734487 0.543882 1 
0.0898839 0.214345 -0.0449682 0.80852 0.349242 0.47363 1 
0.0896456 0.215626 -0.0453722 0.757612 0.172254 0.629565 1 
0.0891766 0.216011 -0.0453343 0.494277 0.183674 0.849679 1 
0.0894008 0.216209 -0.0453599 0.459609 0.17474 0.870761 1 
0.0894021 0.21593 -0.0451536 0.514029 0.184331 0.837733 1 
0.0899549 0.215246 -0.0455957 0.773562 0.188412 0.605064 1 
0.0901521 0.21502 -0.0456104 0.815417 0.205759 0.541071 1 
0.0897777 0.215336 -0.0452788 0.775715 0.205109 0.596822 1 
0.0899742 0.21525 -0.0453967 0.784581 0.194233 0.588818 1 
0.0901159 0.214962 -0.0452038 0.85434 0.208705 0.475968 1 
0.0910902 0.214249 -0.0456863 0.888925 0.260573 0.376714 1 
0.0913524 0.214088 -0.0458091 0.920245 0.251237 0.300049 1 
0.0913066 0.214028 -0.045502 0.885271 0.321231 0.336312 1 
0.0908382 0.214274 -0.0453609 0.870117 0.291055 0.397724 1 
0.0909509 0.21398 -0.0454665 0.859696 0.365795 0.356535 1 
0.0910921 0.213832 -0.0453768 0.870912 0.353569 0.341324 1 
0.091136 0.215322 -0.0452094 0.868079 0.156108 0.471243 1 
0.0919408 0.214613 -0.045977 0.910288 0.166152 0.379168 1 
0.0914458 0.212271 -0.0472897 0.824815 0.522942 0.21497 1 
0.0914181 0.212493 -0.0469899 0.882242 0.41211 0.227627 1 
0.0915037 0.212283 -0.0466927 0.879718 0.406139 0.24728 1 
0.0911945 0.213169 -0.0460771 0.916284 0.305428 0.259107 1 
0.0911667 0.212379 -0.0465613 0.89846 0.381297 0.217676 1 
0.0914284 0.212863 -0.0463953 0.901312 0.348468 0.257308 1 
0.0916044 0.21305 -0.0469185 0.908047 0.317305 0.273438 1 
0.0918576 0.213254 -0.0466456 0.912646 0.310038 0.26637 1 
0.0916913 0.213068 -0.0460229 0.916284 0.305428 0.259107 1 
0.0923189 0.212955 -0.0460816 0.891228 0.359776 0.276176 1 
0.0907123 0.21216 -0.0452066 0.892791 0.250218 0.374587 1 
0.0909715 0.2132 -0.0454532 0.912755 0.269314 0.307163 1 
0.0912524 0.213181 -0.0454801 0.907111 0.288693 0.306278 1 
0.0908793 0.212713 -0.0453341 0.875854 0.336633 0.345772 1 
0.0913098 0.212826 -0.0453781 0.884434 0.326954 0.332981 1 
0.0913929 0.213172 -0.0454935 0.907111 0.288693 0.306278 1 
0.0911319 0.213055 -0.0451644 0.892252 0.281528 0.353028 1 
0.0915901 0.212946 -0.0455082 0.890697 0.356577 0.281979 1 
0.090854 0.211872 -0.0450137 0.913509 0.144534 0.380278 1 
0.0910101 0.213208 -0.0450551 0.898732 0.252353 0.358607 1 
0.0913297 0.21269 -0.0450759 0.883929 0.305686 0.353873 1 
0.0915695 0.213727 -0.0455216 0.903031 0.316724 0.290207 1 
0.0915882 0.213363 -0.0458177 0.913008 0.312077 0.262726 1 
0.0913549 0.213531 -0.0453964 0.903926 0.311139 0.293444 1 
0.0921139 0.212762 -0.0458569 0.894392 0.36636 0.2566 1 
0.0937698 0.214835 -0.0575141 0.60941 0.0180463 0.79265 1 
0.0936739 0.215689 -0.0576221 0.563643 -0.0347928 0.825285 1 
0.0939368 0.215388 -0.0576417 0.591519 -0.0264444 0.805857 1 
0.0938651 0.21412 -0.0575093 0.653142 0.0498039 0.755596 1 
0.0945083 0.214846 -0.0579879 0.626473 -0.0380107 0.778516 1 
0.0943034 0.214652 -0.0577633 0.635584 -0.0152985 0.77188 1 
0.0945554 0.215134 -0.0576967 0.599311 -0.00964408 0.800459 1 
0.0948743 0.214756 -0.0578207 0.634772 -0.0497025 0.771099 1 
0.0948936 0.21476 -0.0576217 0.633471 -0.0265694 0.77331 1 
0.09523 0.214297 -0.0582481 0.710013 -0.130045 0.692076 1 
0.0952686 0.214305 -0.0578501 0.699229 -0.0986281 0.708062 1 
0.0951945 0.2141 -0.0577384 0.705324 -0.0709669 0.705324 1 
0.0948297 0.212393 -0.0588753 0.899805 -0.180539 0.397185 1 
0.0952299 0.213791 -0.0586401 0.826687 -0.238615 0.50956 1 
0.0957401 0.212856 -0.0578674 0.861432 -0.153566 0.484099 1 
0.0958136 0.213201 -0.0580822 0.861549 -0.172901 0.477325 1 
0.0955025 0.213998 -0.0581682 0.766583 -0.161784 0.621431 1 
0.0957087 0.213913 -0.0581866 0.779077 -0.184478 0.599172 1 
0.0959523 0.213609 -0.0584052 0.829814 -0.231612 0.507705 1 
0.0961126 0.213464 -0.0581164 0.817398 -0.173114 0.549448 1 
0.0954386 0.213656 -0.0578538 0.772498 -0.110357 0.625355 1 
0.0961899 0.212467 -0.0581043 0.891869 -0.166232 0.420638 1 
0.0958058 0.212781 -0.0578723 0.866549 -0.153436 0.474921 1 
0.0963484 0.213246 -0.0577331 0.806839 -0.131759 0.575891 1 
0.0959855 0.212134 -0.0577765 0.891125 -0.159798 0.424688 1 
0.0962671 0.211976 -0.0577002 0.893101 -0.15339 0.422897 1 
0.0962001 0.21233 -0.0579017 0.891437 -0.169041 0.420435 1 
0.0966409 0.212306 -0.057743 0.889349 -0.175548 0.422187 1 
0.0967898 0.212577 -0.0578632 0.882098 -0.192271 0.430041 1 
0.0968199 0.211798 -0.0577504 0.908813 -0.166402 0.382583 1 
0.0936487 0.214848 -0.0573016 0.605789 0.0264598 0.795185 1 
0.093469 0.215495 -0.0573974 0.586138 -0.00136629 0.81021 1 
0.0940972 0.215243 -0.0573529 0.596698 0.00411516 0.802456 1 
0.0943215 0.215441 -0.0573786 0.58379 0.0123626 0.811811 1 
0.0942305 0.214169 -0.0574452 0.662655 0.0411499 0.747793 1 
0.0944644 0.214369 -0.0573714 0.64993 0.0294785 0.759422 1 
0.094679 0.214564 -0.0574965 0.653842 -0.0097174 0.756569 1 
0.0948858 0.214341 -0.0574117 0.682884 -0.0153614 0.730365 1 
0.0974018 0.212132 -0.05711 0.837924 -0.117629 0.53296 1 
0.097356 0.212072 -0.0568029 0.771158 -0.0410341 0.635321 1 
0.0946118 0.218158 -0.0584651 0.0969153 0.144775 0.984707 1 
0.095416 0.219107 -0.0581599 0.0939873 0.174548 0.980153 1 
0.095155 0.218991 -0.0578308 0.096027 0.168959 0.980934 1 
0.0954082 0.218688 -0.0579499 0.0752958 0.163738 0.983626 1 
0.0947818 0.217509 -0.0584688 0.0717513 0.144679 0.986874 1 
0.095149 0.216635 -0.0584873 0.0623334 0.0601463 0.996241 1 
0.0950226 0.215672 -0.0576521 0.52477 0.00404707 0.851234 1 
0.0947921 0.217372 -0.0582662 0.0737977 0.139396 0.987483 1 
0.0948591 0.217019 -0.0580647 0.152408 0.11583 0.981507 1 
0.0950833 0.217216 -0.0580904 0.0758483 0.131859 0.988362 1 
0.0956031 0.214259 -0.0587861 0.735954 -0.213162 0.642599 1 
0.095752 0.215036 -0.0585143 0.491739 -0.0921124 0.865857 1 
0.0961142 0.215781 -0.0589661 0.0314552 0.00913215 0.999463 1 
0.0955801 0.216103 -0.0588201 0.0278962 0.032029 0.999098 1 
0.0953692 0.215578 -0.0576839 0.503455 0.00133543 0.86402 1 
0.0955567 0.215351 -0.0577981 0.505655 -0.0369991 0.861942 1 
0.0954542 0.214494 -0.0582738 0.679943 -0.143225 0.719141 1 
0.0956785 0.214692 -0.0582994 0.647576 -0.149441 0.747203 1 
0.095866 0.214464 -0.0584137 0.659501 -0.156158 0.735305 1 
0.0957635 0.215127 -0.0577133 0.53063 -0.0429492 0.846515 1 
0.095951 0.2149 -0.0578275 0.553217 -0.0431983 0.831916 1 
0.095984 0.216159 -0.058358 0.0355654 0.0700531 0.996909 1 
0.0957694 0.215964 -0.0582328 0.141893 0.049605 0.988638 1 
0.096127 0.215087 -0.0583507 0.392556 -0.0602901 0.91775 1 
0.0962024 0.215014 -0.0582561 0.403657 -0.0549832 0.913257 1 
0.0963036 0.215642 -0.0583788 0.0314552 0.00913215 0.999463 1 
0.0963821 0.214873 -0.0577684 0.517894 -0.0513729 0.853901 1 
0.096587 0.215067 -0.057993 0.30142 -0.00615143 0.953472 1 
0.0950061 0.217707 -0.0584945 0.0748532 0.155647 0.984973 1 
0.0959171 0.216513 -0.0585594 0.0380958 0.0816339 0.995934 1 
0.0948668 0.217438 -0.0582747 0.0737977 0.139396 0.987483 1 
0.0952226 0.217485 -0.0583102 0.0738216 0.137097 0.987803 1 
0.0955801 0.216609 -0.0584281 0.0425492 0.0774613 0.996087 1 
0.0960292 0.216865 -0.0583762 0.069751 0.110916 0.991379 1 
0.096095 0.217296 -0.0579891 0.0758483 0.131859 0.988362 1 
0.0957736 0.218231 -0.0582778 0.0727473 0.163383 0.983877 1 
0.0955783 0.218039 -0.0579536 0.0727473 0.163383 0.983877 1 
0.0957097 0.217888 -0.0579634 0.0748532 0.155647 0.984973 1 
0.0965718 0.21733 -0.0582371 0.0791609 0.142962 0.986557 1 
0.0959822 0.217589 -0.0578835 0.0769385 0.147959 0.985996 1 
0.0965525 0.217832 -0.0580441 0.0748532 0.155647 0.984973 1 
0.0968618 0.216946 -0.0586596 0.0714435 0.141716 0.987326 1 
0.0967303 0.217096 -0.0586498 0.0758483 0.131859 0.988362 1 
0.0970589 0.21672 -0.0586743 0.0613195 0.133052 0.98921 1 
0.0971517 0.217068 -0.0586901 0.0791609 0.142962 0.986557 1 
0.0963958 0.216129 -0.0584978 0.0354944 0.067762 0.99707 1 
0.0966478 0.216611 -0.0584313 0.0534964 0.119513 0.99139 1 
0.09662 0.216327 -0.0585235 0.0380958 0.0816339 0.995934 1 
0.0967695 0.216459 -0.0585406 0.0407686 0.0914539 0.994974 1 
0.0962603 0.214013 -0.0584431 0.763613 -0.215299 0.608722 1 
0.0962892 0.214019 -0.0581445 0.726703 -0.182828 0.662176 1 
0.0963833 0.214089 -0.057954 0.696887 -0.156382 0.699924 1 
0.0962815 0.2136 -0.0579345 0.778613 -0.141973 0.611233 1 
0.0964973 0.213517 -0.0578534 0.761183 -0.126616 0.636057 1 
0.09673 0.213995 -0.0579858 0.689995 -0.162979 0.705227 1 
0.0966804 0.21477 -0.0582977 0.389297 -0.0915189 0.916555 1 
0.0969795 0.215033 -0.0583319 0.0355104 -0.00304375 0.999365 1 
0.0964285 0.214794 -0.0579723 0.489665 -0.0771678 0.868489 1 
0.0966256 0.214569 -0.057987 0.47745 -0.073775 0.875556 1 
0.0970084 0.215039 -0.0580334 0.0488414 0.017666 0.99865 1 
0.0970007 0.21462 -0.0578234 0.341831 -0.00882958 0.93972 1 
0.0974491 0.215015 -0.0578747 0.0319664 0.023717 0.999207 1 
0.0976734 0.215213 -0.0579003 0.0417862 0.0567864 0.997512 1 
0.0977566 0.215559 -0.0580157 0.0380958 0.0816339 0.995934 1 
0.0969817 0.217717 -0.0586864 0.0748532 0.155647 0.984973 1 
0.0979161 0.218288 -0.0589893 0.0531245 0.17354 0.983393 1 
0.097784 0.218577 -0.0590827 0.0365143 0.189639 0.981175 1 
0.0973103 0.217341 -0.0587109 0.0794766 0.148277 0.985747 1 
0.0976376 0.217243 -0.0589417 0.0794766 0.148277 0.985747 1 
0.0975345 0.217539 -0.0587365 0.0745315 0.152612 0.985472 1 
0.0976274 0.217887 -0.0587524 0.065038 0.159639 0.985031 1 
0.0975642 0.217406 -0.0583348 0.0769385 0.147959 0.985996 1 
0.0975539 0.217543 -0.0585375 0.0745315 0.152612 0.985472 1 
0.0977878 0.217742 -0.0584637 0.067524 0.162295 0.984429 1 
0.0977703 0.217321 -0.0583532 0.0794766 0.148277 0.985747 1 
0.0978806 0.21809 -0.0584795 0.0554164 0.166249 0.984525 1 
0.0979451 0.218293 -0.0586907 0.0532481 0.173944 0.983315 1 
0.0981983 0.218497 -0.0584179 0.0366672 0.192799 0.980553 1 
0.098032 0.217805 -0.0581871 0.0625131 0.16159 0.984876 1 
0.098018 0.218777 -0.0590088 0.0291423 0.183014 0.982678 1 
0.0982325 0.218972 -0.059134 0.0445292 0.213018 0.976033 1 
0.0982344 0.218555 -0.0588245 0.0318527 0.194655 0.980354 1 
0.0983272 0.218903 -0.0588403 0.0445292 0.213018 0.976033 1 
0.0985225 0.219095 -0.0591645 0.0247328 0.203751 0.97871 1 
0.0982537 0.218559 -0.0586254 0.0440375 0.196384 0.979538 1 
0.0982718 0.218841 -0.0586327 0.0443875 0.205142 0.977725 1 
0.0984226 0.218695 -0.0584435 0.0342888 0.195091 0.980186 1 
0.0986275 0.218888 -0.0586682 0.0473261 0.219642 0.974432 1 
0.0951836 0.215389 -0.0572602 0.553511 0.0289869 0.832337 1 
0.0954362 0.215225 -0.0574825 0.553691 -0.0150385 0.832587 1 
0.0953337 0.215381 -0.0571742 0.553511 0.0289869 0.832337 1 
0.09598 0.214905 -0.057529 0.537116 -0.0205006 0.843259 1 
0.0956527 0.215003 -0.0572982 0.558142 0.00135801 0.829744 1 
0.0955604 0.214516 -0.0571792 0.597781 0.0264752 0.801222 1 
0.0962712 0.21475 -0.0573532 0.543001 -0.00952633 0.839678 1 
0.0966739 0.215085 -0.0570974 0.427947 0.0415873 0.902847 1 
0.0971424 0.214332 -0.0576305 0.445735 -0.0644601 0.892841 1 
0.0972636 0.214825 -0.057451 0.243647 0.0531819 0.968405 1 
0.0973697 0.213834 -0.0571403 0.595859 -0.0732261 0.799744 1 
0.0974414 0.214596 -0.0576647 0.1814 0.0173312 0.983257 1 
0.0980297 0.215121 -0.0578326 0.0422089 0.0681836 0.99678 1 
0.0980587 0.215126 -0.0575341 0.0380958 0.0816339 0.995934 1 
0.0978821 0.214572 -0.057506 0.0323543 0.0365291 0.998809 1 
0.0978055 0.214923 -0.057807 0.0371226 0.0498503 0.998067 1 
0.0981045 0.215187 -0.0578412 0.0380958 0.0816339 0.995934 1 
0.0984879 0.215518 -0.0577844 0.0613195 0.133052 0.98921 1 
0.0985549 0.215164 -0.057583 0.0534964 0.119513 0.99139 1 
0.0986941 0.215433 -0.0578028 0.0540116 0.134454 0.989447 1 
0.098752 0.214939 -0.0575977 0.0419825 0.130486 0.990561 1 
0.0986212 0.21495 -0.0574847 0.0419825 0.130486 0.990561 1 
0.0987019 0.216359 -0.0576207 0.0572098 0.152949 0.986577 1 
0.0983652 0.212202 -0.0575063 0.920427 -0.239799 0.308724 1 
0.0856416 0.214304 -0.0543031 -0.049121 0.129085 0.990416 1 
0.0858658 0.214502 -0.0543288 -0.0559874 0.124543 0.990633 1 
0.0860322 0.215194 -0.0545595 -0.0609376 0.127624 0.989949 1 
0.0860708 0.214696 -0.0545535 -0.0609376 0.127624 0.989949 1 
0.0861649 0.214765 -0.054363 -0.0632646 0.123078 0.990378 1 
0.0861726 0.215185 -0.054573 -0.0678829 0.118507 0.99063 1 
0.08667 0.214944 -0.0544155 -0.0794242 0.10705 0.991076 1 
0.0859503 0.21457 -0.0542378 -0.0631384 0.120537 0.990699 1 
0.086092 0.214282 -0.0540449 -0.0631384 0.120537 0.990699 1 
0.0865212 0.214673 -0.0542953 -0.0795656 0.111853 0.990534 1 
0.0867196 0.21417 -0.0541036 -0.0726272 0.11874 0.990266 1 
0.0888774 0.21247 -0.0541791 0.155913 0.366607 0.917219 1 
0.0856588 0.217966 -0.0551808 -0.0641287 0.143415 0.987583 1 
0.0853339 0.217001 -0.0549293 -0.0533902 0.117004 0.991695 1 
0.0856257 0.216706 -0.0546503 -0.0251632 0.101747 0.994492 1 
0.0859067 0.216688 -0.0546772 -0.0543355 0.0876022 0.994673 1 
0.0861696 0.216387 -0.0546968 -0.0781362 0.0871954 0.993122 1 
0.0864029 0.216725 -0.0547261 -0.073138 0.0866404 0.993551 1 
0.08677 0.215851 -0.0547445 -0.0794242 0.10705 0.991076 1 
0.0861341 0.215683 -0.054579 -0.0678829 0.118507 0.99063 1 
0.0865555 0.215655 -0.0546194 -0.0794242 0.10705 0.991076 1 
0.0870311 0.216474 -0.0546816 -0.0794242 0.10705 0.991076 1 
0.0874319 0.217226 -0.0547353 -0.0805677 0.0873763 0.992912 1 
0.0876948 0.216925 -0.0547549 -0.0840174 0.104734 0.990945 1 
0.0881355 0.216901 -0.0545962 -0.0764743 0.101585 0.991883 1 
0.0883134 0.216672 -0.05481 -0.0769603 0.106826 0.991295 1 
0.0889784 0.216845 -0.0546769 -0.0478704 0.0968542 0.994147 1 
0.0877238 0.216931 -0.0544564 -0.0840174 0.104734 0.990945 1 
0.0884171 0.216743 -0.05452 -0.0694869 0.103661 0.992182 1 
0.0883888 0.217105 -0.0543234 -0.0764743 0.101585 0.991883 1 
0.0888578 0.216719 -0.0543613 -0.0478704 0.0968542 0.994147 1 
0.0889549 0.214575 -0.054831 -0.00727111 0.0592076 0.998219 1 
0.0891714 0.214353 -0.0546466 0.00509315 0.0376893 0.999277 1 
0.0888381 0.213108 -0.0542883 0.0520991 0.214454 0.975344 1 
0.0887453 0.21276 -0.0542725 0.0915378 0.272035 0.957924 1 
0.0894663 0.212856 -0.0542439 0.180194 0.353293 0.917995 1 
0.0889238 0.212897 -0.053991 0.122625 0.367875 0.921754 1 
0.0891963 0.212598 -0.0539111 0.213767 0.452946 0.865531 1 
0.0893433 0.213287 -0.0543409 0.0829468 0.264154 0.960907 1 
0.0895959 0.213123 -0.0545631 0.16059 0.308827 0.937463 1 
0.0896249 0.213129 -0.0542646 0.180194 0.353293 0.917995 1 
0.0897725 0.213678 -0.0545912 0.218648 0.357656 0.907896 1 
0.0895128 0.213283 -0.0540558 0.126482 0.333204 0.934332 1 
0.0897641 0.213904 -0.0540924 0.0958125 0.300562 0.948937 1 
0.0900413 0.21472 -0.0547383 0.246108 0.28594 0.926104 1 
0.0895458 0.214543 -0.0545862 0.105611 0.094005 0.989954 1 
0.0900529 0.214305 -0.0543293 0.237263 0.407376 0.881902 1 
0.0899389 0.214876 -0.0544299 0.197316 0.224162 0.954368 1 
0.0907275 0.21448 -0.0540967 0.338753 0.518565 0.785072 1 
0.090664 0.216733 -0.0548383 0.301238 0.29536 0.906652 1 
0.0899159 0.217226 -0.054072 0.00107724 0.106647 0.994296 1 
0.0903192 0.21641 -0.054497 0.192407 0.230081 0.953961 1 
0.0906465 0.216312 -0.0547278 0.290636 0.250548 0.923448 1 
0.0904049 0.216199 -0.0541997 0.197316 0.224162 0.954368 1 
0.0909559 0.216944 -0.0541674 0.250912 0.22596 0.941268 1 
0.0909222 0.215317 -0.0541321 0.315416 0.459786 0.830126 1 
0.0909396 0.215739 -0.0542426 0.312097 0.282792 0.906986 1 
0.0912206 0.21572 -0.0542695 0.368032 0.371138 0.852531 1 
0.0911465 0.215515 -0.0541577 0.357753 0.486095 0.797324 1 
0.0913707 0.215712 -0.0541834 0.407277 0.468937 0.783724 1 
0.0914255 0.215914 -0.0544941 0.405986 0.38387 0.829349 1 
0.0909823 0.217507 -0.0542815 0.300273 0.26836 0.915325 1 
0.0896828 0.21314 -0.0536675 0.19998 0.439957 0.875469 1 
0.0898594 0.213695 -0.0536956 0.124092 0.342275 0.931369 1 
0.0906135 0.215558 -0.0538054 0.222829 0.30231 0.926799 1 
0.0902192 0.216009 -0.053776 0.0919222 0.146837 0.98488 1 
0.0910789 0.21702 -0.0536783 0.288877 0.221238 0.931453 1 
0.0911754 0.215521 -0.0538592 0.355482 0.5099 0.783348 1 
0.0910079 0.215107 -0.0538348 0.322894 0.510586 0.796895 1 
0.0916264 0.214853 -0.0538898 0.466723 0.560402 0.684192 1 
0.0914563 0.215502 -0.0538861 0.415784 0.517676 0.747754 1 
0.0890957 0.211831 -0.0536853 0.228349 0.510336 0.829104 1 
0.089552 0.212645 -0.0539466 0.275989 0.46101 0.843386 1 
0.0926103 0.213636 -0.0546648 0.61352 0.475688 0.630329 1 
0.0923197 0.214159 -0.0543454 0.581442 0.503916 0.638744 1 
0.0926483 0.213783 -0.0543699 0.589296 0.518378 0.619689 1 
0.0928635 0.21384 -0.0543919 0.552306 0.592842 0.586086 1 
0.0930877 0.213024 -0.0552015 0.528756 0.576057 0.623358 1 
0.0929756 0.213179 -0.0549927 0.547723 0.544352 0.635358 1 
0.0933789 0.212869 -0.0550258 0.474884 0.662823 0.578922 1 
0.0928822 0.213476 -0.054688 0.555399 0.562151 0.612795 1 
0.0933139 0.212805 -0.0549177 0.633848 0.495982 0.593497 1 
0.0892072 0.212322 -0.0536053 0.218786 0.469258 0.855529 1 
0.0896286 0.212294 -0.0536456 0.292952 0.533648 0.793346 1 
0.0922179 0.214176 -0.0539339 0.597147 0.543015 0.590381 1 
0.0924135 0.204849 -0.0550758 0.654574 0.255173 0.711632 1 
0.0924058 0.204936 -0.0544738 0.705546 0.0924104 0.702613 1 
0.0944169 0.205143 -0.0551755 0.622814 0.202453 0.755722 1 
0.0933143 0.205311 -0.0541674 0.30728 0.533362 0.788102 1 
0.0943453 0.204888 -0.0542591 0.676096 0.196485 0.710132 1 
0.0939485 0.205896 -0.0546424 0.835166 0.162269 0.525515 1 
0.0942114 0.205595 -0.054662 0.790101 0.16103 0.591447 1 
0.094397 0.206291 -0.0546937 0.878571 0.155384 0.451629 1 
0.0948113 0.205705 -0.0544209 0.756623 0.132819 0.640219 1 
0.0948299 0.205341 -0.054717 0.719428 0.13968 0.680377 1 
0.0957017 0.204279 -0.0552831 0.194156 0.372491 0.907499 1 
0.0950585 0.204059 -0.0544125 0.551699 0.265633 0.790612 1 
0.0951158 0.203703 -0.0543106 0.471811 0.326639 0.818964 1 
0.0949349 0.204629 -0.0546127 0.488484 0.282478 0.825585 1 
0.0951495 0.204824 -0.0547379 0.110956 0.371222 0.921891 1 
0.0953556 0.20474 -0.0547562 0.110956 0.371222 0.921891 1 
0.0952261 0.204473 -0.0544369 0.488484 0.282478 0.825585 1 
0.0953672 0.204324 -0.0543472 0.0783636 0.349316 0.933722 1 
0.0955257 0.204091 -0.0547599 0.0783636 0.349316 0.933722 1 
0.0955469 0.203171 -0.0546434 0.459742 0.333352 0.823112 1 
0.0937358 0.206295 -0.0534237 0.83831 0.0233245 0.544695 1 
0.0934694 0.208001 -0.0566471 0.941495 0.156689 0.29839 1 
0.0936267 0.208552 -0.0568742 0.950337 0.0630129 0.304777 1 
0.0928437 0.208203 -0.0558869 0.930459 0.174374 0.322243 1 
0.0932857 0.208407 -0.0551299 0.952318 0.162068 0.258505 1 
0.0941292 0.208718 -0.0547154 0.983703 0.122207 0.131886 1 
0.0945197 0.209101 -0.0553638 0.950961 0.076544 0.299689 1 
0.0941632 0.208623 -0.0528076 0.998004 0.047726 0.0413625 1 
0.093912 0.20756 -0.0561789 0.928783 0.177377 0.325423 1 
0.0941659 0.207624 -0.0558029 0.927598 0.172088 0.331585 1 
0.0939301 0.207842 -0.0561862 0.924864 0.154842 0.347347 1 
0.0948019 0.206779 -0.0567524 0.917509 0.186347 0.351356 1 
0.0951106 0.208057 -0.055903 0.927161 0.110279 0.358066 1 
0.0954825 0.208804 -0.0562553 0.857157 0.16376 0.488329 1 
0.0957834 0.20865 -0.05598 0.944988 0.058173 0.321891 1 
0.0959515 0.208418 -0.0562932 0.838776 0.197271 0.507482 1 
0.0958394 0.20756 -0.0568684 0.947127 0.0935271 0.306927 1 
0.0962512 0.208036 -0.0566163 0.944407 0.0856157 0.317437 1 
0.0960558 0.207845 -0.0562921 0.909387 0.103811 0.402788 1 
0.0937457 0.207374 -0.0555562 0.916445 0.16239 0.365731 1 
0.0935872 0.207607 -0.0551434 0.94539 0.155983 0.286194 1 
0.0942366 0.206436 -0.0549824 0.887378 0.166474 0.429937 1 
0.094691 0.207668 -0.0555532 0.923844 0.149097 0.352538 1 
0.0952252 0.207346 -0.0556992 0.90957 0.157507 0.384545 1 
0.095057 0.207578 -0.055386 0.916489 0.147368 0.371929 1 
0.0946453 0.207608 -0.0552461 0.931634 0.161963 0.32531 1 
0.0947122 0.207254 -0.0550447 0.931634 0.161963 0.32531 1 
0.0946019 0.205979 -0.0553104 0.847625 0.180251 0.499041 1 
0.0948551 0.206182 -0.0550375 0.85473 0.170354 0.490322 1 
0.0949776 0.205891 -0.0550436 0.823939 0.175594 0.538787 1 
0.0950582 0.206793 -0.0555716 0.876735 0.167761 0.450767 1 
0.0946608 0.208446 -0.0556661 0.937484 0.0890943 0.336431 1 
0.0945481 0.20874 -0.0555604 0.940303 0.085963 0.329304 1 
0.0954765 0.207967 -0.0557358 0.922827 0.111068 0.368856 1 
0.0967274 0.208716 -0.0565754 0.803345 0.236824 0.546398 1 
0.0970167 0.208977 -0.0567091 0.815417 0.205759 0.541071 1 
0.0962596 0.208823 -0.0563311 0.827669 0.198217 0.525047 1 
0.094417 0.206662 -0.0539995 0.959449 0.168069 0.226298 1 
0.0943235 0.20696 -0.0536948 0.986634 0.138247 0.0862567 1 
0.0861988 0.208478 -0.0288189 -0.4018 0.914395 0.0493907 0 
0.0857497 0.208728 -0.0284788 -0.404035 0.913412 0.0493376 0 
0.0859281 0.208866 -0.0281973 -0.404035 0.913412 0.0493376 0 
0.0858914 0.208947 -0.0278939 -0.377918 0.924241 0.0543671 0 
0.0848125 0.208145 -0.0259646 -0.353646 0.934912 -0.0295777 0 
0.085408 0.208722 -0.0268376 -0.347717 0.936361 0.0481855 0 
0.0853513 0.208432 -0.0272284 -0.323922 0.942914 0.0773741 0 
0.0860537 0.208892 -0.0269036 -0.332705 0.940253 0.0723272 0 
0.0852031 0.208528 -0.026613 -0.355943 0.934189 0.0244148 0 
0.0851934 0.209033 -0.0263205 -0.339592 0.940504 0.0113618 0 
0.0855588 0.208575 -0.0266484 -0.347717 0.936361 0.0481855 0 
0.0849143 0.208634 -0.0259841 -0.352213 0.935364 -0.0322539 0 
0.0862057 0.208973 -0.0261161 -0.381263 0.924466 -0.00127513 0 
0.0840102 0.208298 -0.0247844 -0.332079 0.942798 -0.0292636 0 
0.0846926 0.208892 -0.0247618 -0.338999 0.940243 -0.0319811 0 
0.0847191 0.208442 -0.0256599 -0.355295 0.934103 -0.0348835 0 
0.0847776 0.207809 -0.0253517 -0.354498 0.934587 -0.029649 0 
0.084748 0.208448 -0.0253614 -0.355295 0.934103 -0.0348835 0 
0.0850676 0.207931 -0.0253822 -0.359246 0.932485 -0.0376106 0 
0.0843303 0.208148 -0.02431 -0.308039 0.951334 -0.00865974 0 
0.0846365 0.208463 -0.0250494 -0.347456 0.937233 -0.0294889 0 
0.0844702 0.208277 -0.0244267 -0.308039 0.951334 -0.00865974 0 
0.0862347 0.208979 -0.0258175 -0.415057 0.908854 -0.0413722 0 
0.0861137 0.208043 -0.029405 -0.396226 0.916522 0.0546978 0 
0.0835433 0.208063 -0.0213178 -0.597153 0.802126 -0.00136648 0 
0.0836284 0.207992 -0.0211237 -0.597153 0.802126 -0.00136648 0 
0.0840429 0.208481 -0.0230828 -0.426574 0.904337 -0.0144379 0 
0.0842684 0.208401 -0.0229022 -0.447678 0.894028 -0.0172695 0 
0.0840062 0.208562 -0.0227794 -0.457226 0.889126 -0.0199953 0 
0.0841918 0.208752 -0.0232031 -0.375114 0.926978 -0.00127157 0 
0.0841351 0.207956 -0.0239858 -0.328175 0.944596 -0.00623908 0 
0.0841641 0.207962 -0.0236873 -0.335625 0.941995 0.00124768 0 
0.0843793 0.208018 -0.0237093 -0.325178 0.945632 -0.00622946 0 
0.0864633 0.209215 -0.0243371 -0.337448 0.941033 -0.0241944 0 
0.0860805 0.208745 -0.0242906 -0.339816 0.939945 -0.0320582 0 
0.0838012 0.208369 -0.0225547 -0.478498 0.877916 -0.0174243 0 
0.0839996 0.208371 -0.0219711 -0.499441 0.866322 0.00669492 0 
0.083377 0.207877 -0.0206951 -0.57885 0.81534 0.0123745 0 
0.0836477 0.207995 -0.0209247 -0.595391 0.803435 0.00136871 0 
0.0836767 0.208001 -0.0206261 -0.57885 0.81534 0.0123745 0 
0.0833312 0.207817 -0.020388 -0.684525 0.728957 -0.00694244 0 
0.0835555 0.208015 -0.0204136 -0.552768 0.832615 0.0346346 0 
0.0836399 0.208082 -0.0203227 -0.552768 0.832615 0.0346346 0 
0.0830625 0.207787 -0.0194569 -0.782832 0.622109 -0.0124699 0 
0.0832481 0.207977 -0.0198806 -0.785661 0.618202 -0.0237233 0 
0.0834724 0.208175 -0.0199063 -0.62214 0.782239 0.0323007 0 
0.0836792 0.207951 -0.0198215 -0.62214 0.782239 0.0323007 0 
0.0832958 0.208126 -0.0194862 -0.792812 0.608891 -0.0264735 0 
0.0836424 0.208032 -0.019518 -0.792812 0.608891 -0.0264735 0 
0.0826448 0.206981 -0.0187976 -0.65166 0.751689 0.1015 0 
0.0824392 0.206926 -0.0186761 -0.654591 0.748734 0.10444 0 
0.0826363 0.2067 -0.0186908 -0.654591 0.748734 0.10444 0 
0.0821125 0.206885 -0.0183421 -0.650814 0.749107 0.12361 0 
0.0823934 0.206866 -0.018369 -0.648872 0.752337 0.113811 0 
0.0828672 0.207596 -0.0191327 -0.763997 0.645183 0.00690774 0 
0.082869 0.207178 -0.0188232 -0.699982 0.711481 0.0618054 0 
0.0830914 0.207793 -0.0191584 -0.763997 0.645183 0.00690774 0 
0.0829709 0.207667 -0.0188427 -0.728934 0.683816 0.0324284 0 
0.083306 0.207989 -0.0192835 -0.782832 0.622109 -0.0124699 0 
0.0833253 0.207993 -0.0190845 -0.763997 0.645183 0.00690774 0 
0.0838589 0.20781 -0.0193337 -0.792812 0.608891 -0.0264735 0 
0.0834858 0.207848 -0.0187958 -0.728934 0.683816 0.0324284 0 
0.0835051 0.207852 -0.0185967 -0.699982 0.711481 0.0618054 0 
0.0835649 0.207447 -0.0176902 -0.656137 0.742825 0.133021 0 
0.0834503 0.207651 -0.018286 -0.65166 0.751689 0.1015 0 
0.0834039 0.20773 -0.0180821 -0.654591 0.748734 0.10444 0 
0.0825763 0.206536 -0.0169734 -0.653686 0.741246 0.152476 0 
0.0826137 0.206822 -0.0167817 -0.653686 0.741246 0.152476 0 
0.0829694 0.206869 -0.0168171 -0.653686 0.741246 0.152476 0 
0.0827529 0.206585 -0.0173934 -0.65045 0.746591 0.139704 0 
0.0830893 0.206628 -0.0176279 -0.65045 0.746591 0.139704 0 
0.0831086 0.206632 -0.0174289 -0.65045 0.746591 0.139704 0 
0.0827915 0.206593 -0.0169954 -0.653686 0.741246 0.152476 0 
0.0830157 0.20679 -0.017021 -0.653686 0.741246 0.152476 0 
0.0831743 0.207063 -0.0170418 -0.65045 0.746591 0.139704 0 
0.0834926 0.207331 -0.016877 -0.653686 0.741246 0.152476 0 
0.0831821 0.206976 -0.0176438 -0.656137 0.742825 0.133021 0 
0.083211 0.206982 -0.0173452 -0.65045 0.746591 0.139704 0 
0.0978304 0.209448 -0.0693584 0.334278 -0.93991 -0.0694773 0 
0.0976448 0.210271 -0.0681507 0.274848 -0.961357 -0.0158801 0 
0.0977099 0.210335 -0.0682588 0.279055 -0.960098 -0.0184398 0 
0.0977389 0.210341 -0.0679603 0.263299 -0.964622 -0.013347 0 
0.0975984 0.21035 -0.0679468 0.263299 -0.964622 -0.013347 0 
0.0975803 0.210574 -0.0675475 0.245052 -0.96945 -0.0107584 0 
0.0977647 0.21003 -0.0689615 0.330519 -0.942302 -0.0531422 0 
0.0978034 0.210038 -0.0685635 0.282299 -0.958822 -0.0310902 0 
0.0976093 0.21058 -0.067249 0.241687 -0.970319 -0.00833402 0 
0.0973387 0.210462 -0.0670194 0.224512 -0.974454 -0.00587728 0 
0.0975635 0.21052 -0.0669419 0.224512 -0.974454 -0.00587728 0 
0.0973025 0.210404 -0.0666128 0.216308 -0.976308 -0.00584615 0 
0.0972362 0.210618 -0.0667111 0.224512 -0.974454 -0.00587728 0 
0.0971923 0.210141 -0.0660945 0.205017 -0.978752 -0.00347486 0 
0.0973972 0.210334 -0.0663191 0.210401 -0.977609 -0.00348731 0 
0.0976215 0.210532 -0.0663448 0.210401 -0.977609 -0.00348731 0 
0.0974165 0.210338 -0.0661201 0.210401 -0.977609 -0.00348731 0 
0.0974371 0.210064 -0.0657148 0.199665 -0.979858 -0.0034624 0 
0.0979984 0.210166 -0.0658717 0.210401 -0.977609 -0.00348731 0 
0.0970079 0.209673 -0.0654644 0.188532 -0.981985 0.012723 0 
0.0970736 0.210104 -0.0650773 0.169384 -0.985194 0.0265023 0 
0.0971297 0.210026 -0.0651818 0.186286 -0.982342 0.0173559 0 
0.0970743 0.210471 -0.0645822 0.0928601 -0.995242 0.0294967 0 
0.097111 0.21039 -0.0648856 0.146448 -0.988811 0.0283815 0 
0.0973082 0.21067 -0.0645083 0.0928601 -0.995242 0.0294967 0 
0.0972057 0.210827 -0.0642 0.0850739 -0.996118 0.0226146 0 
0.0979943 0.210697 -0.0700018 0.358133 -0.928444 -0.0986556 0 
0.0984403 0.211649 -0.0704658 0.366393 -0.924836 -0.102154 0 
0.0981052 0.211327 -0.070025 0.366393 -0.924836 -0.102154 0 
0.0983023 0.211101 -0.0700397 0.366393 -0.924836 -0.102154 0 
0.0982282 0.210896 -0.069928 0.358133 -0.928444 -0.0986556 0 
0.0981786 0.211671 -0.0702399 0.366393 -0.924836 -0.102154 0 
0.0983951 0.21145 -0.0700555 0.376154 -0.920552 -0.105323 0 
0.0985652 0.211307 -0.0696673 0.350143 -0.932374 -0.0898835 0 
0.0978267 0.210283 -0.0699774 0.350143 -0.932374 -0.0898835 0 
0.0979117 0.210212 -0.0697833 0.350143 -0.932374 -0.0898835 0 
0.0978846 0.210295 -0.0693803 0.334278 -0.93991 -0.0694773 0 
0.0981746 0.210417 -0.0694109 0.334278 -0.93991 -0.0694773 0 
0.098145 0.21055 -0.0698126 0.350143 -0.932374 -0.0898835 0 
0.0979697 0.210223 -0.0691862 0.330519 -0.942302 -0.0531422 0 
0.0981939 0.210421 -0.0692119 0.330519 -0.942302 -0.0531422 0 
0.0983886 0.210752 -0.0696392 0.350143 -0.932374 -0.0898835 0 
0.0984175 0.210758 -0.0693407 0.334278 -0.93991 -0.0694773 0 
0.0984369 0.210762 -0.0691416 0.330519 -0.942302 -0.0531422 0 
0.0985808 0.211639 -0.0704792 0.366393 -0.924836 -0.102154 0 
0.0979438 0.210535 -0.0681849 0.279055 -0.960098 -0.0184398 0 
0.0986231 0.211319 -0.0690702 0.330519 -0.942302 -0.0531422 0 
0.0979631 0.210538 -0.0679859 0.274848 -0.961357 -0.0158801 0 
0.0978613 0.210556 -0.0675744 0.263299 -0.964622 -0.013347 0 
0.0980017 0.210546 -0.0675879 0.263299 -0.964622 -0.013347 0 
0.0978806 0.21056 -0.0673754 0.242803 -0.970016 -0.0107647 0 
0.0979426 0.210306 -0.0687833 0.305291 -0.951341 -0.0418033 0 
0.0982416 0.21057 -0.0688175 0.31972 -0.94632 -0.0475086 0 
0.0985882 0.210476 -0.0688493 0.330519 -0.942302 -0.0531422 0 
0.0979619 0.21031 -0.0685842 0.291195 -0.956069 -0.0337436 0 
0.0987648 0.211031 -0.0688773 0.330519 -0.942302 -0.0531422 0 
0.0980211 0.21055 -0.0673888 0.245052 -0.96945 -0.0107584 0 
0.0977878 0.210718 -0.0669675 0.224512 -0.974454 -0.00587728 0 
0.095688 0.210137 -0.0617279 0.844477 -0.419897 0.332484 0 
0.0957067 0.21028 -0.061632 0.842217 -0.426578 0.329699 0 
0.0956139 0.210439 -0.0612242 0.855851 -0.411734 0.313041 0 
0.095802 0.210578 -0.0608432 0.928591 -0.27078 0.253767 0 
0.0961842 0.210681 -0.0613848 0.839905 -0.433247 0.32689 0 
0.0936405 0.209808 -0.0576036 0.868935 0.16265 0.467437 0 
0.0948664 0.211805 -0.0595707 0.932836 -0.170489 0.317414 0 
0.0950907 0.212003 -0.0595963 0.927734 -0.204751 0.312069 0 
0.0948116 0.211604 -0.05926 0.931205 -0.159121 0.327928 0 
0.095148 0.211647 -0.0594944 0.939366 -0.160446 0.303065 0 
0.095195 0.211935 -0.0592032 0.918181 -0.21343 0.333754 0 
0.0954211 0.210197 -0.0600953 0.962032 -0.106892 0.251133 0 
0.0949592 0.211141 -0.0603705 0.917427 -0.22828 0.325909 0 
0.0951738 0.211336 -0.0604957 0.892434 -0.284566 0.35012 0 
0.0948567 0.211297 -0.0600622 0.912014 -0.221138 0.345438 0 
0.095081 0.211495 -0.0600879 0.906978 -0.228564 0.353765 0 
0.0947284 0.210752 -0.0595366 0.946613 -0.101943 0.305829 0 
0.0947098 0.211115 -0.0592405 0.93648 -0.120618 0.329327 0 
0.0952529 0.210428 -0.0597821 0.95574 -0.127871 0.264971 0 
0.0954501 0.210203 -0.0597968 0.959797 -0.104917 0.26035 0 
0.0958812 0.210683 -0.0593456 0.951813 -0.159754 0.261782 0 
0.0946531 0.211838 -0.0588472 0.915262 -0.153247 0.372572 0 
0.0944796 0.211599 -0.0575193 0.865804 -0.020324 0.499971 0 
0.0960496 0.210515 -0.0626748 0.0328761 -0.989685 0.13944 0 
0.0958543 0.210323 -0.0623506 0.753709 -0.56972 0.32763 0 
0.0961907 0.210366 -0.0625851 0.090092 -0.983805 0.154958 0 
0.0964865 0.210313 -0.0639191 -0.049745 -0.998075 0.0370441 0 
0.0965812 0.210244 -0.0636255 -0.049745 -0.998075 0.0370441 0 
0.0967862 0.210437 -0.0638501 -0.0344418 -0.998813 0.0344418 0 
0.096366 0.210187 -0.0636035 -0.049745 -0.998075 0.0370441 0 
0.0964414 0.210114 -0.0635089 -0.0495429 -0.998237 0.0326773 0 
0.0964046 0.210195 -0.0632054 -0.0934419 -0.994881 0.0384761 0 
0.0968055 0.210441 -0.0636511 -0.049745 -0.998075 0.0370441 0 
0.0968441 0.210449 -0.0632531 -0.067622 -0.997156 0.0332743 0 
0.0971998 0.210496 -0.0632885 -0.0495429 -0.998237 0.0326773 0 
0.0962925 0.210349 -0.0629966 -0.126879 -0.991455 0.0303163 0 
0.0966199 0.210251 -0.0632274 -0.0910699 -0.995186 0.0362085 0 
0.0966488 0.210257 -0.0629289 -0.0914539 -0.994974 0.0407686 0 
0.0968634 0.210453 -0.063054 -0.0934419 -0.994881 0.0384761 0 
0.0966778 0.210263 -0.0626303 -0.0338018 -0.995518 0.0883209 0 
0.0958639 0.210325 -0.0622511 0.72499 -0.604969 0.329246 0 
0.0962854 0.210297 -0.0622914 0.681891 -0.652597 0.330367 0 
0.0961552 0.210169 -0.0620753 0.752082 -0.5677 0.334798 0 
0.0959219 0.210337 -0.061654 0.816695 -0.475484 0.326994 0 
0.0964651 0.210157 -0.0618037 0.726259 -0.599529 0.336321 0 
0.0965 0.210493 -0.0624166 0.565363 -0.758649 0.323755 0 
0.0963794 0.210367 -0.062101 0.822554 -0.456273 0.339442 0 
0.0967068 0.210269 -0.0623318 0.327785 -0.910515 0.252031 0 
0.0969039 0.210043 -0.0623465 0.319001 -0.916587 0.241055 0 
0.096728 0.210362 -0.0614313 0.905535 -0.318478 0.280319 0 
0.0958244 0.209886 -0.0601284 0.966693 -0.095272 0.237545 0 
0.0956376 0.209975 -0.059911 0.965014 -0.106369 0.239652 0 
0.0939788 0.210447 -0.0567446 0.828213 0.143203 0.541808 0 
0.0941463 0.210861 -0.056769 0.828097 0.114973 0.548669 0 
0.093652 0.210405 -0.0564106 0.838709 0.171317 0.516931 0 
0.0934639 0.211278 -0.0560076 0.836224 0.0783515 0.542762 0 
0.0939691 0.211457 -0.0560602 0.571297 0.378137 0.728445 0 
0.0937906 0.21132 -0.0563416 0.590505 0.343241 0.730404 0 
0.093866 0.210234 -0.057031 0.855097 0.138389 0.499657 0 
0.094464 0.210761 -0.0570994 0.847749 0.0750095 0.525067 0 
0.0946895 0.210174 -0.0573107 0.888405 0.0645364 0.454501 0 
0.0942507 0.210287 -0.0567679 0.863912 0.110317 0.491413 0 
0.0938607 0.209764 -0.0560163 0.944564 -0.0608978 0.322629 0 
0.0944304 0.210653 -0.0558881 0.874912 0.118463 0.469569 0 
0.0931911 0.209995 -0.0542476 0.83389 0.547904 -0.0665413 0 
0.0934917 0.212069 -0.0555234 0.751427 0.243155 0.613378 0 
0.0940078 0.211465 -0.0556621 0.392684 0.516518 0.760926 0 
0.0936443 0.211505 -0.0550247 0.843628 0.239511 0.480548 0 
0.0940283 0.210685 -0.0556487 0.8248 0.224946 0.518752 0 
0.0942357 0.210828 -0.0550688 0.943998 0.130624 0.302995 0 
0.0934315 0.210892 -0.05459 0.823322 0.492118 0.282773 0 
0.0934811 0.210117 -0.0542781 0.866018 0.4982 0.042546 0 
0.093358 0.210548 -0.0543751 0.823019 0.551142 0.137416 0 
0.0934605 0.210898 -0.0542915 0.805621 0.558909 0.196456 0 
0.0936956 0.210313 -0.0544033 0.903167 0.396478 0.164603 0 
0.0938452 0.210445 -0.0544204 0.928812 0.330028 0.168495 0 
0.0931681 0.211332 -0.0546736 0.775928 0.500546 0.383914 0 
0.0933652 0.211106 -0.0546883 0.802239 0.486447 0.346095 0 
0.0935063 0.210958 -0.0545986 0.82755 0.46638 0.31249 0 
0.0935991 0.211306 -0.0546144 0.817681 0.428764 0.384135 0 
0.0933254 0.211883 -0.0549007 0.776977 0.356989 0.518523 0 
0.0936733 0.211511 -0.0547261 0.793635 0.415406 0.444501 0 
0.0939277 0.21093 -0.0546389 0.884049 0.350909 0.308739 0 
0.0940405 0.210636 -0.0547446 0.952974 0.16218 0.256003 0 
0.0940483 0.211056 -0.0549546 0.948718 0.0213619 0.315402 0 
0.0938156 0.210072 -0.0552141 0.951999 0.0497027 0.30204 0 
0.0943846 0.210593 -0.055581 0.904835 0.104244 0.412805 0 
0.094265 0.211404 -0.0573942 0.845085 0.0344651 0.53352 0 
0.0946412 0.21067 -0.0574163 0.894125 0.00924501 0.447723 0 
0.09429 0.211675 -0.0550907 0.506723 0.594263 0.624566 0 
0.0942436 0.211247 -0.0552787 0.798124 0.306239 0.51886 0 
0.0925595 0.211385 -0.0513999 0.409277 0.911991 0.0276361 0 
0.0934481 0.211895 -0.0513957 0.39017 0.920699 0.00901383 0 
0.093211 0.20986 -0.0539454 0.836148 0.537628 -0.108685 0 
0.0931665 0.209521 -0.0534319 0.913472 0.406134 -0.0249726 0 
0.0931388 0.209743 -0.0531322 0.830626 0.549447 -0.090379 0 
0.093164 0.210584 -0.0534526 0.708615 0.687372 -0.159325 0 
0.093387 0.21106 -0.0536846 0.749019 0.661891 -0.0295111 0 
0.093416 0.211066 -0.0533861 0.723067 0.668034 -0.175798 0 
0.0933967 0.210556 -0.0539771 0.783394 0.620829 -0.0294298 0 
0.0935823 0.211252 -0.0540088 0.767644 0.619263 0.165036 0 
0.0935456 0.211333 -0.0537053 0.773436 0.628868 0.0795121 0 
0.0935745 0.211339 -0.0534068 0.729606 0.676757 -0.0983574 0 
0.0931453 0.210947 -0.0531565 0.70759 0.679841 -0.192699 0 
0.0931743 0.210953 -0.0528579 0.670078 0.721974 -0.17248 0 
0.0934172 0.210788 -0.0531797 0.696531 0.687223 -0.206322 0 
0.0929597 0.210758 -0.0527328 0.637947 0.750615 -0.172048 0 
0.0934082 0.211153 -0.0527841 0.661148 0.720263 -0.210012 0 
0.0932033 0.210959 -0.0525594 0.601508 0.782412 -0.161307 0 
0.0936807 0.210348 -0.0530962 0.747443 0.62573 -0.223141 0 
0.0936826 0.20993 -0.0527866 0.8056 0.545829 -0.230392 0 
0.0935101 0.211136 -0.0531956 0.701014 0.675921 -0.227398 0 
0.0939146 0.210041 -0.0534143 0.864545 0.467121 -0.185365 0 
0.0928224 0.210578 -0.0518115 0.460039 0.885746 -0.0617962 0 
0.0924698 0.209835 -0.0512602 -0.512172 0.858197 0.0343279 0 
0.0928417 0.210581 -0.0516125 0.278728 0.960332 0.00852006 0 
0.0929887 0.210763 -0.0524342 0.587223 0.792524 -0.164543 0 
0.0930924 0.210835 -0.0521443 0.544893 0.822565 -0.162722 0 
0.0931214 0.210841 -0.0518457 0.467539 0.876814 -0.112266 0 
0.0935331 0.210811 -0.0519856 0.462599 0.864213 -0.197832 0 
0.0933366 0.211404 -0.0514757 0.303533 0.952723 -0.013628 0 
0.09362 0.210829 -0.0510899 0.0845666 0.993376 -0.0778013 0 
0.0939359 0.211146 -0.0517298 0.287638 0.948537 -0.132447 0 
0.0936085 0.211244 -0.051499 0.18735 0.981523 -0.0388839 0 
0.0939648 0.211152 -0.0514312 0.132197 0.98975 -0.0540282 0 
0.0937966 0.211384 -0.051118 0.128255 0.991465 -0.0234204 0 
0.0908553 0.211594 -0.0448074 0.918022 0.0971379 0.384447 0 
0.090651 0.211261 -0.0444795 0.763828 0.449792 0.462876 0 
0.0906799 0.211267 -0.044181 0.724477 0.489063 0.485748 0 
0.0908475 0.211174 -0.0445974 0.533136 0.69692 0.479655 0 
0.0920182 0.211654 -0.0505488 0.29158 0.955526 0.0441789 0 
0.0916198 0.210851 -0.0496904 -0.291102 0.89122 -0.34783 0 
0.0918609 0.211609 -0.0499297 0.188566 0.96624 -0.175562 0 
0.0922232 0.212354 -0.0503815 0.518815 0.854757 -0.0149007 0 
0.0925876 0.21096 -0.0485806 -0.263233 0.89083 -0.370311 0 
0.0914084 0.211479 -0.0478734 0.351014 0.925401 -0.142903 0 
0.0914181 0.211481 -0.0477739 0.377954 0.916295 -0.132493 0 
0.0918015 0.211812 -0.0477172 -0.472381 0.724317 -0.502216 0 
0.0932532 0.2115 -0.0479524 0.135418 0.977741 -0.160265 0 
0.0930522 0.210536 -0.0501247 -0.283157 0.931179 -0.229625 0 
0.09225 0.210182 -0.0493364 -0.435908 0.799433 -0.413389 0 
0.092857 0.210344 -0.0498005 -0.371525 0.878012 -0.301769 0 
0.0927991 0.210838 -0.0500056 -0.238923 0.937529 -0.252895 0 
0.0929962 0.210613 -0.0500203 -0.277597 0.93143 -0.235324 0 
0.0928473 0.210848 -0.049508 -0.36441 0.842992 -0.39569 0 
0.0927268 0.210722 -0.0491924 -0.447627 0.779685 -0.437861 0 
0.0932416 0.210397 -0.0495374 -0.236879 0.920237 -0.311531 0 
0.0929993 0.209917 -0.0495044 -0.418315 0.831894 -0.364644 0 
0.0930884 0.2111 -0.0501393 0.0168495 0.989628 -0.142659 0 
0.0936129 0.210777 -0.0503848 -0.00542877 0.993465 -0.114004 0 
0.0932108 0.210808 -0.0501454 -0.113381 0.975576 -0.188138 0 
0.0934428 0.211425 -0.0503811 0.119264 0.990006 -0.0752636 0 
0.0938848 0.210617 -0.0504081 -0.00110589 0.989771 -0.14266 0 
0.0938643 0.211397 -0.0504214 0.12028 0.990882 -0.060713 0 
0.0933435 0.210886 -0.0495569 -0.0973685 0.956808 -0.27393 0 
0.0924374 0.210461 -0.0490587 -0.342099 0.845095 -0.410832 0 
0.0916894 0.211966 -0.0475084 -0.484643 0.714473 -0.504628 0 
0.0929169 0.211963 -0.0473259 0.487308 0.86929 0.0828564 0 
0.0923478 0.212455 -0.046175 0.863292 0.424794 0.272538 0 
0.0929844 0.211977 -0.0466293 -0.510423 0.694509 -0.507076 0 
0.0911904 0.211915 -0.0452482 0.875708 0.354852 0.327439 0 
0.0914991 0.212181 -0.0451828 0.876334 0.356913 0.323499 0 
0.0918439 0.212504 -0.0455241 0.899297 0.357658 0.251685 0 
0.0920874 0.212199 -0.0457428 0.896483 0.357112 0.262277 0 
0.0923129 0.212119 -0.0455621 0.896483 0.357112 0.262277 0 
0.0924606 0.212668 -0.0458887 0.881955 0.389142 0.265939 0 
0.0923787 0.21255 -0.045175 0.889155 0.369111 0.270482 0 
0.0926223 0.212751 -0.0450016 0.873144 0.38722 0.29611 0 
0.0930539 0.211573 -0.0456233 0.814434 0.500586 0.293447 0 
0.0929496 0.212653 -0.0452324 0.892416 0.366766 0.262825 0 
0.0931467 0.212428 -0.0452471 0.891062 0.350753 0.288065 0 
0.0935953 0.212823 -0.0452984 0.858312 0.388173 0.335592 0 
0.0906908 0.21099 -0.0438751 0.704676 0.518095 0.484777 0 
0.0908307 0.21112 -0.0439918 0.716161 0.49018 0.496826 0 
0.09085 0.211124 -0.0437927 0.704676 0.518095 0.484777 0 
0.0907198 0.210996 -0.0435766 0.659839 0.5591 0.502015 0 
0.0904498 0.210739 -0.0432439 0.626797 0.606632 0.489002 0 
0.0901514 0.210842 -0.0427145 0.635944 0.575217 0.51449 0 
0.0906173 0.211153 -0.0432683 0.654312 0.573574 0.492837 0 
0.0905059 0.211168 -0.0429563 0.638381 0.58785 0.496893 0 
0.090337 0.210526 -0.0435302 0.628032 0.587623 0.510171 0 
0.0910851 0.210539 -0.0439045 0.724461 0.482421 0.492368 0 
0.0910182 0.210893 -0.0441059 0.767485 0.450018 0.456564 0 
0.091609 0.210861 -0.0438612 0.683672 0.549947 0.479741 0 
0.0917025 0.210564 -0.0441659 0.812503 0.39428 0.429398 0 
0.0918062 0.210635 -0.0438759 0.766353 0.45589 0.452622 0 
0.0912727 0.211324 -0.0432347 0.696003 0.525758 0.489038 0 
0.0918448 0.210643 -0.0434778 0.772419 0.452347 0.445815 0 
0.0885564 0.210137 -0.0410385 0.238139 0.964141 0.117139 0 
0.0892581 0.210736 -0.0408169 0.219392 0.964546 0.146694 0 
0.0894534 0.210928 -0.0411411 0.183708 0.960831 0.207497 0 
0.0894824 0.210934 -0.0408426 0.193349 0.966744 0.167396 0 
0.0896602 0.210704 -0.0410563 0.192736 0.963679 0.184869 0 
0.0901751 0.210379 -0.0414013 0.304849 0.91163 0.275677 0 
0.0906874 0.211116 -0.041767 0.556448 0.70262 0.443498 0 
0.0908827 0.211308 -0.0420912 0.587918 0.664967 0.46062 0 
0.0899954 0.211026 -0.0414971 0.500743 0.73872 0.451164 0 
0.0902673 0.210866 -0.0415203 0.467169 0.787236 0.402509 0 
0.0903059 0.210874 -0.0411223 0.315529 0.911689 0.263183 0 
0.0908936 0.211032 -0.0417854 0.549725 0.705841 0.446756 0 
0.0910793 0.211221 -0.0422091 0.56134 0.697927 0.444741 0 
0.0906526 0.21078 -0.0411541 0.30831 0.910318 0.276164 0 
0.0894578 0.209954 -0.0404189 0.177721 0.979306 0.0968275 0 
0.0894114 0.210033 -0.040215 0.176188 0.975906 0.128705 0 
0.089521 0.210942 -0.0404445 0.215074 0.96719 0.135226 0 
0.0895578 0.21086 -0.040748 0.193349 0.966744 0.167396 0 
0.0898387 0.210842 -0.0407748 0.192865 0.966914 0.166977 0 
0.0896061 0.21087 -0.0402504 0.229689 0.966234 0.116769 0 
0.0897067 0.211131 -0.0408682 0.219351 0.958496 0.182128 0 
0.089811 0.211064 -0.0404751 0.217604 0.966985 0.132622 0 
0.0903349 0.21088 -0.0408237 0.167944 0.970485 0.173072 0 
0.0902891 0.21082 -0.0405166 0.209036 0.968233 0.13722 0 
0.0901686 0.210694 -0.040201 0.201934 0.974982 0.0929144 0 
0.0904012 0.211172 -0.0403335 0.23065 0.962995 0.139432 0 
0.090215 0.211121 -0.0400129 0.233652 0.966528 0.105973 0 
0.0902265 0.210705 -0.0396039 0.210271 0.969797 0.123614 0 
0.089133 0.210508 -0.0389915 0.178191 0.970434 0.162807 0 
0.0890221 0.210384 -0.0385763 0.170509 0.970491 0.170509 0 
0.0901807 0.210645 -0.0392968 0.190629 0.973346 0.127507 0 
0.0900319 0.210881 -0.0387846 0.162615 0.974431 0.155052 0 
0.0900795 0.210523 -0.0387822 0.139303 0.980049 0.141768 0 
0.0884518 0.210647 -0.0380237 0.120918 0.976067 0.180753 0 
0.0890034 0.210747 -0.0382802 0.156071 0.973223 0.16876 0 
0.0886761 0.210845 -0.0380494 0.162403 0.970583 0.177748 0 
0.0891909 0.21052 -0.0383944 0.141319 0.97673 0.161329 0 
0.0884808 0.210653 -0.0377252 0.10692 0.979483 0.170826 0 
0.0889757 0.210969 -0.0379804 0.161744 0.97174 0.171933 0 
0.088705 0.210851 -0.0377508 0.134058 0.975995 0.171645 0 
0.089247 0.210949 -0.0381068 0.150305 0.973824 0.170514 0 
0.089276 0.210955 -0.0378083 0.127418 0.978521 0.162056 0 
0.0893971 0.210941 -0.0380207 0.130166 0.978102 0.162397 0 
0.0895659 0.211077 -0.0378388 0.0694988 0.985941 0.151955 0 
0.0899132 0.210338 -0.0381594 0.0567646 0.988167 0.142491 0 
0.0899113 0.210755 -0.0384689 0.117799 0.982466 0.144516 0 
0.0899403 0.210761 -0.0381704 0.102583 0.983586 0.148443 0 
0.0899693 0.210767 -0.0378719 0.0816709 0.985969 0.145587 0 
0.0900776 0.210941 -0.0390917 0.180943 0.973044 0.142983 0 
0.0906806 0.210861 -0.0379428 0.0844155 0.985641 0.146241 0 
0.0915421 0.211215 -0.0440626 0.649655 0.582508 0.488501 0 
0.0914312 0.211091 -0.0436475 0.75222 0.475693 0.455941 0 
0.0917115 0.210705 -0.0441695 0.712657 0.526602 0.463476 0 
0.0914505 0.211095 -0.0434484 0.73365 0.495172 0.465363 0 
0.0914891 0.211102 -0.0430504 0.695384 0.541966 0.471927 0 
0.0912456 0.211407 -0.0428318 0.669701 0.586197 0.455931 0 
0.0916495 0.210958 -0.0427617 0.694134 0.560967 0.451104 0 
0.0915471 0.211114 -0.0424533 0.637974 0.624579 0.450433 0 
0.0882429 0.210718 -0.0357941 -0.266034 0.961034 0.0751006 0 
0.0880379 0.210525 -0.0355694 -0.302735 0.951635 0.0523718 0 
0.0885568 0.210947 -0.0371354 0.0632682 0.982448 0.17548 0 
0.0885858 0.210953 -0.0368369 0.0335874 0.985617 0.165621 0 
0.0887901 0.211286 -0.0371647 0.087642 0.983271 0.159677 0 
0.0883248 0.210836 -0.0365078 -0.0356964 0.986833 0.157755 0 
0.0869627 0.209394 -0.0326291 -0.364387 0.930926 0.0244642 0 
0.0871761 0.209868 -0.0329606 -0.389443 0.920141 0.0409245 0 
0.0872798 0.20994 -0.0326706 -0.39172 0.919289 0.0382488 0 
0.0875757 0.209886 -0.0340047 -0.373211 0.927177 0.0325097 0 
0.0866186 0.209438 -0.0317927 -0.368516 0.929579 0.00892599 0 
0.0867204 0.209927 -0.0318122 -0.372004 0.92808 0.0167338 0 
0.08687 0.210058 -0.0318293 -0.372004 0.92808 0.0167338 0 
0.0863286 0.209821 -0.0313701 -0.364074 0.931264 0.014052 0 
0.086348 0.209825 -0.0311711 -0.364074 0.931264 0.014052 0 
0.0862816 0.209533 -0.0316614 -0.370249 0.928826 0.0140925 0 
0.0866959 0.209453 -0.0309966 -0.365448 0.93081 0.00636669 0 
0.0867591 0.209935 -0.0314141 -0.370249 0.928826 0.0140925 0 
0.0867578 0.210213 -0.0316205 -0.377326 0.925929 0.0167414 0 
0.0865252 0.209735 -0.031488 -0.370249 0.928826 0.0140925 0 
0.0869453 0.209985 -0.0317347 -0.372004 0.92808 0.0167338 0 
0.0865541 0.209741 -0.0311894 -0.361855 0.932128 0.014065 0 
0.0867694 0.209797 -0.0312115 -0.373356 0.927616 0.0115471 0 
0.0880414 0.210133 -0.0315425 -0.370249 0.928826 0.0140925 0 
0.0878075 0.210439 -0.0312243 -0.380863 0.924588 0.00897658 0 
0.0882367 0.210324 -0.0318666 -0.398259 0.917162 0.0142699 0 
0.0865102 0.209263 -0.0305729 -0.366299 0.930426 0.0114867 0 
0.0864361 0.209058 -0.0304612 -0.369766 0.928924 0.0193257 0 
0.0867803 0.209521 -0.0309056 -0.363231 0.931656 0.00892147 0 
0.0864561 0.20943 -0.029767 -0.400821 0.914831 0.0492704 0 
0.087274 0.210622 -0.0309752 -0.383961 0.923305 0.00898906 0 
0.0884009 0.210358 -0.0301749 -0.364409 0.930982 0.0218903 0 
0.0875811 0.209583 -0.0292762 -0.413375 0.908886 0.0552064 0 
0.0871802 0.209337 -0.0288305 -0.4018 0.914395 0.0493907 0 
0.0869849 0.209145 -0.0285063 -0.395368 0.917201 0.0492546 0 
0.0869391 0.209085 -0.0281992 -0.4018 0.914395 0.0493907 0 
0.0867439 0.208893 -0.027875 -0.404035 0.913412 0.0493376 0 
0.0869971 0.209097 -0.0276022 -0.380471 0.922476 0.0654144 0 
0.0868501 0.208915 -0.0267804 -0.333465 0.939764 0.0751284 0 
0.0877504 0.20934 -0.0355182 -0.353435 0.935263 0.0191391 0 
0.0876666 0.209639 -0.035114 -0.355943 0.934189 0.0244148 0 
0.0880127 0.209684 -0.0352489 -0.354262 0.934893 0.0217417 0 
0.0879934 0.20968 -0.035448 -0.344393 0.93844 0.0268857 0 
0.0879933 0.209174 -0.03584 -0.315182 0.948097 0.0421093 0 
0.088264 0.210305 -0.0352856 -0.325932 0.944563 0.0396231 0 
0.0882466 0.209884 -0.0351751 -0.354262 0.934893 0.0217417 0 
0.0876859 0.209643 -0.034915 -0.355943 0.934189 0.0244148 0 
0.0880416 0.20969 -0.0349504 -0.36044 0.932527 0.021806 0 
0.0878735 0.209922 -0.0346372 -0.35902 0.932938 0.027023 0 
0.0880706 0.209696 -0.0346519 -0.35902 0.932938 0.027023 0 
0.0882659 0.209888 -0.0349761 -0.355111 0.93457 0.0217938 0 
0.0885017 0.20967 -0.0345927 -0.36044 0.932527 0.021806 0 
0.0885097 0.210659 -0.0374266 0.058125 0.98338 0.172003 0 
0.0888932 0.21099 -0.0373699 0.0956855 0.98229 0.161091 0 
0.0897373 0.211162 -0.0368522 0.132117 0.979144 0.154342 0 
0.0900079 0.210775 -0.0374738 0.0593253 0.987592 0.145405 0 
0.0902521 0.210837 -0.0371973 -0.0682719 0.989364 0.128444 0 
0.089888 0.211016 -0.036663 -0.0778786 0.989175 0.124373 0 
0.0900948 0.210792 -0.0365782 -0.181653 0.977468 0.107509 0 
0.0901238 0.210798 -0.0362796 -0.287501 0.953565 0.0897626 0 
0.0905705 0.211611 -0.0366404 -0.0957769 0.987329 0.12652 0 
0.0905904 0.211475 -0.0363382 -0.253118 0.962363 0.0989345 0 
0.0895379 0.210223 -0.0353071 -0.372479 0.927997 0.00895998 0 
0.0897043 0.210409 -0.0359298 -0.361929 0.930486 0.0565925 0 
0.0895675 0.210596 -0.0345134 -0.354262 0.934893 0.0217417 0 
0.0895669 0.210229 -0.0350085 -0.354262 0.934893 0.0217417 0 
0.0895687 0.209811 -0.034699 -0.354262 0.934893 0.0217417 0 
0.0896152 0.210239 -0.034511 -0.354262 0.934893 0.0217417 0 
0.0900715 0.211053 -0.0347723 -0.372858 0.927629 0.0219328 0 
0.0903739 0.212204 -0.0361306 -0.170921 0.976869 0.128503 0 
0.0902668 0.211245 -0.0350964 -0.359858 0.932535 0.0296657 0 
0.0869447 0.208605 -0.0330138 -0.361283 0.932136 0.0244284 0 
0.0867404 0.208273 -0.032686 -0.360158 0.932849 0.00890851 0 
0.0887858 0.210474 -0.0329278 -0.375259 0.925639 0.0487178 0 
0.0889636 0.210245 -0.0331415 -0.356948 0.933257 0.0402378 0 
0.0889926 0.210251 -0.032843 -0.385363 0.921977 0.0381417 0 
0.0897123 0.209106 -0.0341967 -0.35902 0.932938 0.027023 0 
0.0900229 0.208954 -0.0338219 -0.359858 0.932535 0.0296657 0 
0.0881516 0.209889 -0.0324528 -0.398094 0.916542 0.0383546 0 
0.0883494 0.210031 -0.0319723 -0.408639 0.912583 0.0143611 0 
0.0885905 0.210283 -0.0326036 -0.39172 0.919289 0.0382488 0 
0.0884074 0.210043 -0.0313752 -0.373801 0.927487 0.00637886 0 
0.0890913 0.210423 -0.0341623 -0.35902 0.932938 0.027023 0 
0.0892059 0.210218 -0.0335664 -0.359858 0.932535 0.0296657 0 
0.0899348 0.21124 -0.0333558 -0.358444 0.93299 0.0323506 0 
0.0906069 0.21096 -0.0343199 -0.375974 0.92637 0.0219641 0 
0.0882308 0.209994 -0.0309552 -0.380863 0.924588 0.00897658 0 
0.088279 0.210004 -0.0304576 -0.3689 0.929319 0.0167097 0 
0.0886715 0.20997 -0.0307965 -0.380863 0.924588 0.00897658 0 
0.0889344 0.210175 -0.0304241 -0.370249 0.928826 0.0140925 0 
0.0883273 0.210014 -0.0299601 -0.348939 0.936894 0.0217288 0 
0.0872014 0.208923 -0.028322 -0.398582 0.915805 0.0493229 0 
0.0894215 0.210578 -0.0300773 -0.358205 0.933388 0.0218261 0 
