0.103757 0.204235 -0.0648431 0.094131 -0.979207 0.179705 2 
0.102006 0.204541 -0.0632516 -0.0175156 -0.979705 0.199678 2 
0.103005 0.204582 -0.063355 0.00346863 -0.97931 0.202337 2 
0.102973 0.204644 -0.0630631 -0.0128104 -0.97941 0.201472 2 
0.103562 0.204602 -0.0630918 0.022327 -0.978863 0.203293 2 
0.103618 0.204711 -0.0628 0.00579411 -0.979204 0.202794 2 
0.103715 0.204527 -0.0636757 0.0392474 -0.978806 0.200994 2 
0.102676 0.204563 -0.0627708 -0.0128104 -0.97941 0.201472 2 
0.0832912 0.215369 -0.0450928 0.400753 -0.525069 -0.750799 1 
0.0829307 0.215197 -0.0445827 0.400753 -0.525069 -0.750799 1 
0.0831394 0.21523 -0.0448749 0.400753 -0.525069 -0.750799 1 
0.0834038 0.215372 -0.0448752 0.400753 -0.525069 -0.750799 1 
0.0833752 0.215214 -0.044537 0.390822 -0.528182 -0.753845 1 
0.082959 0.214933 -0.0443187 0.400753 -0.525069 -0.750799 1 
0.0832234 0.215075 -0.0443191 0.392993 -0.520185 -0.758264 1 
0.0834878 0.215217 -0.0443195 0.392993 -0.520185 -0.758264 1 
0.083477 0.215237 -0.0442222 0.392993 -0.520185 -0.758264 1 
0.0836058 0.215628 -0.045626 0.397316 -0.52812 -0.750486 1 
0.083496 0.215621 -0.0454312 0.397316 -0.52812 -0.750486 1 
0.0833794 0.215417 -0.0450929 0.400753 -0.525069 -0.750799 1 
0.0834634 0.215262 -0.0445372 0.390822 -0.528182 -0.753845 1 
0.0838236 0.215013 -0.044445 0.393675 -0.487638 -0.779249 1 
0.0846833 0.215526 -0.0442517 0.400765 -0.485137 -0.777193 1 
0.0846842 0.214891 -0.0440155 0.400771 -0.416738 -0.815912 1 
0.083191 0.215136 -0.0440272 0.392993 -0.520185 -0.758264 1 
0.0832506 0.215026 -0.0436891 0.393675 -0.487638 -0.779249 1 
0.0834484 0.21508 -0.043884 0.393675 -0.487638 -0.779249 1 
0.0837314 0.214763 -0.043889 0.401369 -0.449727 -0.797903 1 
0.0836324 0.214737 -0.0437916 0.401369 -0.449727 -0.797903 1 
0.0834559 0.214221 -0.0431891 0.393794 -0.42568 -0.814692 1 
0.0833886 0.214769 -0.0436199 0.398356 -0.462868 -0.791875 1 
0.0835726 0.214426 -0.0435275 0.393794 -0.42568 -0.814692 1 
0.08383 0.214369 -0.0433842 0.400771 -0.416738 -0.815912 1 
0.083837 0.214567 -0.0435279 0.400771 -0.416738 -0.815912 1 
0.0851628 0.215058 -0.0434834 0.361693 -0.39614 -0.84395 1 
0.0853889 0.214848 -0.0434143 0.336078 -0.391833 -0.856457 1 
0.0854524 0.214519 -0.0430299 0.289693 -0.490129 -0.822102 1 
0.0850392 0.214654 -0.0430015 0.332442 -0.391199 -0.858164 1 
0.0850068 0.214716 -0.0427096 0.322256 -0.463734 -0.825289 1 
0.0839207 0.212509 -0.0426757 0.340246 -0.424916 -0.838856 1 
0.0837943 0.21211 -0.042606 0.331373 -0.441308 -0.83393 1 
0.0844414 0.212809 -0.0421669 0.630595 -0.165626 -0.758233 1 
0.084409 0.21287 -0.041875 0.623546 -0.24345 -0.742915 1 
0.0840448 0.211855 -0.0423192 0.727977 0.574202 -0.374622 1 
0.0854033 0.214187 -0.0428631 0.684922 0.265387 -0.678566 1 
0.0852945 0.213545 -0.0424321 0.579956 -0.194339 -0.791128 1 
0.0845562 0.213864 -0.0423755 0.746802 0.489625 -0.45006 1 
0.0848098 0.214026 -0.0422785 0.657331 -0.136258 -0.741182 1 
0.0853973 0.213353 -0.0424832 0.444985 0.888557 0.111599 1 
0.08526 0.212975 -0.0423163 0.45202 0.885734 0.105612 1 
0.0850201 0.212788 -0.0420982 0.458081 0.883942 0.0938575 1 
0.0852554 0.213829 -0.0425988 0.594671 -0.141588 -0.791404 1 
0.0858058 0.214072 -0.0427942 0.620768 0.064514 -0.781336 1 
0.0853382 0.212407 -0.0419829 0.468561 0.880115 0.0764713 1 
0.0859686 0.211231 -0.0419746 0.448774 0.890644 0.0731847 1 
0.085775 0.212862 -0.0420298 0.457181 0.885001 0.0880807 1 
0.0865973 0.212387 -0.0415307 0.447129 0.892898 0.0530031 1 
0.0854721 0.215328 -0.0430948 0.34246 -0.392047 -0.853827 1 
0.0856561 0.214985 -0.0430024 0.674267 0.621254 -0.399259 1 
0.0860644 0.215283 -0.0427111 0.690135 0.365559 -0.624564 1 
0.0863013 0.215052 -0.0427393 0.664243 0.280103 -0.693054 1 
0.0862905 0.215073 -0.042642 0.675678 0.209693 -0.706744 1 
0.0859105 0.214512 -0.0426692 0.633232 0.00413877 -0.773951 1 
0.0863961 0.214877 -0.0422808 0.535167 0.844497 -0.0205307 1 
0.0867192 0.214062 -0.0424851 0.358339 0.898059 0.255114 1 
0.0862921 0.213801 -0.0421695 0.410915 0.897714 0.158926 1 
0.0864998 0.214049 -0.0420957 0.416953 0.897943 0.140882 1 
0.0869365 0.214504 -0.0421426 0.346727 0.905587 0.244318 1 
0.0846734 0.213012 -0.0418754 0.597729 -0.235658 -0.76628 1 
0.0846282 0.212462 -0.0416622 0.597226 -0.246101 -0.763384 1 
0.0868722 0.212088 -0.0410262 0.412425 0.909484 0.0523927 1 
0.0869961 0.214394 -0.0418046 0.422159 0.899016 0.116409 1 
0.0873104 0.214231 -0.0417355 0.377262 0.908012 0.182176 1 
0.0874484 0.213974 -0.0416663 0.404078 0.905304 0.130938 1 
0.087559 0.213345 -0.0416248 0.42663 0.901274 0.0754491 1 
0.0877056 0.213496 -0.0409208 0.432172 0.900696 0.0444289 1 
0.0879181 0.213311 -0.0411667 0.433574 0.9005 0.0333519 1 
0.0882335 0.214416 -0.0411578 0.388643 0.914209 0.114795 1 
0.0862181 0.211191 -0.0413218 0.427597 0.900566 0.0783699 1 
0.0872563 0.211369 -0.0418606 0.435626 0.8994 0.0361905 1 
0.0872513 0.211803 -0.041541 0.441285 0.897147 0.0198777 1 
0.0880522 0.21179 -0.0414495 0.396226 0.916522 0.0546978 1 
0.0884929 0.212027 -0.0414501 0.369381 0.926786 0.0680088 1 
0.0874941 0.211985 -0.0413468 0.421777 0.906089 0.0332632 1 
0.0935203 0.219138 -0.0484475 -0.202686 0.632812 0.747307 1 
0.0936192 0.219165 -0.0485449 -0.202686 0.632812 0.747307 1 
0.0938376 0.219392 -0.0485684 -0.326601 0.641827 0.693823 1 
0.0937631 0.219321 -0.0482533 -0.195901 0.633979 0.748126 1 
0.0932323 0.218405 -0.0484286 -0.115061 0.543262 0.831642 1 
0.0929707 0.218259 -0.0480159 -0.0147124 0.472133 0.881404 1 
0.0931079 0.218638 -0.0481829 -0.115061 0.543262 0.831642 1 
0.0931637 0.218747 -0.0478911 -0.115061 0.543262 0.831642 1 
0.0934779 0.218584 -0.0478221 -0.115061 0.543262 0.831642 1 
0.0934605 0.218827 -0.0481834 -0.226048 0.606432 0.762327 1 
0.0937287 0.21875 -0.0481375 -0.226048 0.606432 0.762327 1 
0.0937423 0.218726 -0.0478225 -0.114963 0.539891 0.833847 1 
0.0939019 0.218428 -0.0479478 -0.111818 0.53876 0.835006 1 
0.0939931 0.218892 -0.0481378 -0.205238 0.615715 0.760771 1 
0.0942653 0.218596 -0.0480456 -0.212441 0.612514 0.761378 1 
0.0942827 0.218353 -0.0476843 -0.114963 0.539891 0.833847 1 
0.0929383 0.218321 -0.047724 -0.0174055 0.475305 0.879649 1 
0.0931567 0.218548 -0.0477475 -0.124373 0.548704 0.826714 1 
0.0934563 0.218625 -0.0476275 -0.115157 0.546629 0.829419 1 
0.0936051 0.218347 -0.0476555 -0.0627375 0.506082 0.8602 1 
0.093754 0.218069 -0.0476836 0.00396198 0.458269 0.888805 1 
0.0941877 0.218107 -0.0475406 -0.0256152 0.478601 0.877659 1 
0.0943531 0.218222 -0.0474435 -0.114963 0.539891 0.833847 1 
0.0929724 0.216988 -0.0475435 -0.875942 0.471226 0.103302 1 
0.0934796 0.217312 -0.0473496 -0.865397 0.495114 0.0771423 1 
0.0939543 0.219597 -0.0489067 -0.314469 0.598298 0.736987 1 
0.0941904 0.220002 -0.0491711 -0.314469 0.598298 0.736987 1 
0.0946801 0.22057 -0.0493386 -0.314469 0.598298 0.736987 1 
0.0946694 0.22059 -0.0492413 -0.314469 0.598298 0.736987 1 
0.0945361 0.219993 -0.049028 -0.314469 0.598298 0.736987 1 
0.0948739 0.220421 -0.0489775 -0.314469 0.598298 0.736987 1 
0.0949767 0.220229 -0.0490287 -0.314469 0.598298 0.736987 1 
0.0940599 0.219401 -0.0485456 -0.326601 0.641827 0.693823 1 
0.0941619 0.219845 -0.0488329 -0.314469 0.598298 0.736987 1 
0.0944723 0.219901 -0.0488102 -0.314469 0.598298 0.736987 1 
0.0948453 0.220264 -0.0486393 -0.314469 0.598298 0.736987 1 
0.0941411 0.21925 -0.0484021 -0.326601 0.641827 0.693823 1 
0.0944163 0.219371 -0.0484998 -0.314469 0.598298 0.736987 1 
0.0947267 0.219427 -0.0484771 -0.314469 0.598298 0.736987 1 
0.0948079 0.219276 -0.0483336 -0.314469 0.598298 0.736987 1 
0.0947383 0.218771 -0.0483381 -0.314469 0.598298 0.736987 1 
0.0942537 0.219252 -0.0481845 -0.326601 0.641827 0.693823 1 
0.0943592 0.219056 -0.0478234 -0.239836 0.619184 0.747723 1 
0.0946491 0.218939 -0.047972 -0.326601 0.641827 0.693823 1 
0.09461 0.219223 -0.0481387 -0.314469 0.598298 0.736987 1 
0.0947755 0.219338 -0.0480417 -0.314469 0.598298 0.736987 1 
0.0947481 0.218965 -0.0480694 -0.314469 0.598298 0.736987 1 
0.0948323 0.219231 -0.0481159 -0.314469 0.598298 0.736987 1 
0.0945011 0.21858 -0.0477078 -0.0963548 0.536423 0.838431 1 
0.0946627 0.218914 -0.047657 -0.239836 0.619184 0.747723 1 
0.0949808 0.218533 -0.0475417 -0.239836 0.619184 0.747723 1 
0.0961485 0.208096 -0.0496422 -0.459124 -0.807866 0.369539 1 
0.0957196 0.208686 -0.0491969 -0.309489 -0.922763 0.229621 1 
0.0957753 0.208794 -0.0489051 -0.317782 -0.912715 0.256837 1 
0.0954019 0.20801 -0.0484738 -0.304017 -0.891083 0.336964 1 
0.0953695 0.208071 -0.0481819 -0.307238 -0.888742 0.34021 1 
0.09555 0.208368 -0.048738 -0.309453 -0.913832 0.262963 1 
0.0958144 0.20851 -0.0487384 -0.309453 -0.913832 0.262963 1 
0.0960572 0.208693 -0.0485442 -0.299101 -0.923062 0.241857 1 
0.0958983 0.208355 -0.0481826 -0.318428 -0.899005 0.300656 1 
0.0963224 0.208199 -0.0483083 -0.321521 -0.892782 0.315539 1 
0.095726 0.208042 -0.0481361 -0.323718 -0.886836 0.32974 1 
0.0964343 0.209258 -0.0489292 -0.287138 -0.934248 0.211501 1 
0.0966283 0.20953 -0.0491704 -0.277619 -0.946613 0.163863 1 
0.0969975 0.210112 -0.0490458 -0.272554 -0.943667 0.187638 1 
0.096862 0.209944 -0.0481006 -0.33745 -0.882213 0.328371 1 
0.0961857 0.208662 -0.0493458 -0.295765 -0.932149 0.208857 1 
0.0966225 0.209117 -0.0493927 -0.288064 -0.945338 0.152823 1 
0.0960613 0.208895 -0.0491001 -0.304116 -0.92377 0.232727 1 
0.097074 0.209333 -0.0494907 -0.257622 -0.958561 0.121618 1 
0.0968328 0.209361 -0.0489066 -0.281933 -0.937461 0.204158 1 
0.0960327 0.208738 -0.0487619 -0.296167 -0.92818 0.225314 1 
0.0964135 0.208663 -0.0484984 -0.29493 -0.924682 0.240788 1 
0.0962933 0.209098 -0.0488086 -0.287138 -0.934248 0.211501 1 
0.0965731 0.208365 -0.0486237 -0.307163 -0.912755 0.269314 1 
0.0968129 0.20813 -0.0482396 -0.293188 -0.917114 0.270079 1 
0.0972153 0.208015 -0.0481707 -0.282578 -0.927255 0.245659 1 
0.0975709 0.208621 -0.0483611 -0.286493 -0.925043 0.249434 1 
0.0977039 0.208797 -0.0479722 -0.280504 -0.926945 0.249179 1 
0.0977815 0.209286 -0.0484772 -0.276506 -0.933382 0.228784 1 
0.0975787 0.209666 -0.0479627 -0.287818 -0.928673 0.23394 1 
0.0978647 0.209767 -0.0481577 -0.290607 -0.928523 0.231068 1 
0.0982435 0.20906 -0.0480702 -0.257966 -0.942196 0.213822 1 
0.0982671 0.209651 -0.0480888 -0.271023 -0.938156 0.215428 1 
0.0970283 0.209423 -0.0477673 -0.316035 -0.897659 0.307133 1 
0.0981191 0.209293 -0.0478245 -0.268819 -0.937385 0.221462 1 
0.0984423 0.20996 -0.0477231 -0.185467 -0.981678 -0.0437089 1 
0.0983816 0.210285 -0.0476951 -0.0413263 -0.907846 -0.417262 1 
0.0985802 0.209703 -0.0476538 0.305709 -0.329569 -0.893267 1 
0.0991315 0.20931 -0.0476129 0.368922 -0.239579 -0.898053 1 
0.0988524 0.209407 -0.0475615 0.334407 -0.269588 -0.903047 1 
0.0958872 0.206472 -0.0477889 0.241716 -0.875282 -0.418874 1 
0.0973708 0.207515 -0.0477401 -0.263482 -0.927171 0.26633 1 
0.0977117 0.20836 -0.0478795 -0.262084 -0.934813 0.23966 1 
0.0980376 0.207541 -0.0476716 0.250679 -0.632216 -0.733118 1 
0.0982188 0.208684 -0.0476857 -0.246013 -0.953133 0.176108 1 
0.0991655 0.207977 -0.0474323 0.360028 -0.225929 -0.905172 1 
0.0993379 0.20829 -0.0474789 0.356941 -0.215321 -0.908972 1 
0.0996355 0.207735 -0.0475349 0.344493 -0.204409 -0.916265 1 
0.0997461 0.207106 -0.0474934 0.344493 -0.204409 -0.916265 1 
0.0987376 0.208352 -0.0473529 0.347562 -0.270655 -0.897745 1 
0.0990627 0.208169 -0.0473812 0.378277 -0.231088 -0.896384 1 
0.0992429 0.208045 -0.0473352 0.356941 -0.215321 -0.908972 1 
0.0994759 0.208033 -0.0474096 0.344493 -0.204409 -0.916265 1 
0.0995923 0.207817 -0.0471457 0.344493 -0.204409 -0.916265 1 
0.0998567 0.207959 -0.0471461 0.344493 -0.204409 -0.916265 1 
0.0997411 0.207539 -0.0471737 0.344493 -0.204409 -0.916265 1 
0.0998517 0.20691 -0.0471323 0.344493 -0.204409 -0.916265 1 
0.100238 0.207884 -0.0468826 0.344493 -0.204409 -0.916265 1 
0.101106 0.207745 -0.0469626 0.36538 -0.0789649 -0.927503 1 
0.101063 0.207827 -0.0465735 0.367491 -0.0513698 -0.928607 1 
0.101152 0.20766 -0.0469395 0.367491 -0.0513698 -0.928607 1 
0.101109 0.207741 -0.0465504 0.342158 -0.0426084 -0.938676 1 
0.0883372 0.202347 -0.0502286 -0.549082 -0.373115 0.74786 1 
0.0876112 0.204334 -0.0509316 -0.56379 -0.00682554 0.82589 1 
0.0875915 0.205007 -0.050561 -0.55562 0.00955611 0.831382 1 
0.0877833 0.204226 -0.050376 -0.56379 -0.00682554 0.82589 1 
0.0877999 0.204619 -0.0502509 -0.55562 0.00955611 0.831382 1 
0.0882757 0.203308 -0.050437 -0.560066 -0.223718 0.797669 1 
0.0885193 0.202855 -0.0500065 -0.568692 -0.31238 0.760926 1 
0.088822 0.203348 -0.0500764 -0.538472 -0.149823 0.829217 1 
0.0886341 0.20391 -0.0502151 -0.528471 -0.114381 0.84121 1 
0.0900767 0.206087 -0.0502032 -0.218041 0.001166 0.975939 1 
0.0892187 0.205784 -0.0496183 -0.498879 0.125804 0.857493 1 
0.0894507 0.205987 -0.0493268 -0.450661 0.133052 0.882724 1 
0.0897042 0.206149 -0.0492299 -0.413717 0.165775 0.895185 1 
0.0905071 0.205286 -0.0492682 -0.159292 -0.0625368 0.985249 1 
0.0902327 0.204529 -0.0489342 -0.147743 -0.0355041 0.988388 1 
0.0902385 0.204942 -0.0487119 -0.271059 0.00120471 0.962562 1 
0.0905822 0.204301 -0.0487448 -0.107275 -0.081898 0.990851 1 
0.0903483 0.204949 -0.0489066 -0.214525 -0.0649704 0.974555 1 
0.0904667 0.205364 -0.0484667 -0.314992 0.0883033 0.944977 1 
0.0905589 0.205614 -0.0490227 -0.164651 -0.0627806 0.984352 1 
0.0906254 0.205702 -0.0488282 -0.255125 0.0825031 0.963382 1 
0.0909397 0.205539 -0.0487592 -0.0833317 -0.170287 0.981865 1 
0.0904979 0.204035 -0.0486984 -0.0928098 -0.123355 0.988013 1 
0.08474 0.20524 -0.0526739 -0.647141 -0.0469355 0.760924 1 
0.0849201 0.205116 -0.0526278 -0.620355 -0.0351675 0.783532 1 
0.0852344 0.204953 -0.0525588 -0.605475 -0.00965449 0.795806 1 
0.0858797 0.206503 -0.0519899 -0.563742 0.0607542 0.823713 1 
0.0859045 0.205818 -0.0532824 -0.601528 0.00411067 0.798841 1 
0.086062 0.205949 -0.0526758 -0.573732 0.00408835 0.819033 1 
0.086292 0.20552 -0.0525603 -0.573732 0.00408835 0.819033 1 
0.0851904 0.205671 -0.0524058 -0.596689 0.00685849 0.802443 1 
0.0852461 0.205779 -0.0521141 -0.592307 0.00410374 0.805702 1 
0.0855653 0.205183 -0.0523647 -0.573732 0.00408835 0.819033 1 
0.0856612 0.204793 -0.0522722 -0.57556 0.00136066 0.817758 1 
0.0856153 0.206361 -0.0519895 -0.560018 0.0123231 0.828389 1 
0.0861333 0.206665 -0.051893 -0.563742 0.0607542 0.823713 1 
0.0858747 0.206936 -0.0516702 -0.538355 0.043124 0.841614 1 
0.0858647 0.206321 -0.0513367 -0.563742 0.0607542 0.823713 1 
0.0864311 0.206531 -0.0525512 -0.563742 0.0607542 0.823713 1 
0.0858299 0.208289 -0.0517535 -0.54818 0.0754637 0.832949 1 
0.0862272 0.207125 -0.0516707 -0.538355 0.043124 0.841614 1 
0.0865867 0.207512 -0.0518148 -0.531491 0.0372734 0.846244 1 
0.0864975 0.20768 -0.0514487 -0.54159 0.0431601 0.839534 1 
0.0867843 0.207145 -0.0514075 -0.552469 0.00954885 0.833478 1 
0.0864759 0.20772 -0.0512541 -0.54159 0.0431601 0.839534 1 
0.0864895 0.207696 -0.0509392 -0.564001 0.0908749 0.820759 1 
0.0865923 0.207504 -0.0509903 -0.551876 0.00406788 0.833916 1 
0.086702 0.207511 -0.051185 -0.551876 0.00406788 0.833916 1 
0.0870279 0.206692 -0.050977 -0.55562 0.00955611 0.831382 1 
0.0874136 0.206184 -0.0510332 -0.55562 0.00955611 0.831382 1 
0.0868915 0.205677 -0.0505739 -0.55562 0.00955611 0.831382 1 
0.0870298 0.207323 -0.050801 -0.552469 0.00954885 0.833478 1 
0.0867968 0.207335 -0.0507265 -0.55188 0.00135597 0.833922 1 
0.0873998 0.207269 -0.0504402 -0.55562 0.00955611 0.831382 1 
0.0872432 0.206502 -0.0508106 -0.55562 0.00955611 0.831382 1 
0.087438 0.206139 -0.0508155 -0.55562 0.00955611 0.831382 1 
0.0874752 0.206705 -0.0505191 -0.55562 0.00955611 0.831382 1 
0.0876765 0.209079 -0.0512003 -0.452389 0.589274 0.669402 1 
0.088213 0.208925 -0.0511084 -0.394614 0.615861 0.681905 1 
0.0883125 0.207895 -0.0503674 -0.474254 0.215296 0.853657 1 
0.0886974 0.208023 -0.0506598 -0.448708 0.378448 0.809591 1 
0.0877091 0.206058 -0.0503573 -0.55562 0.00955611 0.831382 1 
0.089711 0.209307 -0.0505083 -0.423862 0.764261 0.486051 1 
0.0901748 0.208231 -0.0502311 -0.337672 0.67045 0.660662 1 
0.0883253 0.208506 -0.0502886 -0.493582 0.322177 0.807824 1 
0.0886318 0.208781 -0.0503122 -0.481479 0.4519 0.750976 1 
0.0888657 0.208134 -0.0501505 -0.468276 0.359598 0.807098 1 
0.0899661 0.208198 -0.049939 -0.340968 0.471012 0.813566 1 
0.0900733 0.214781 -0.0460662 0.665314 0.318898 0.675027 1 
0.090147 0.215488 -0.0466176 0.441631 0.220067 0.869789 1 
0.0902878 0.215227 -0.046136 0.687207 0.17295 0.705574 1 
0.0902005 0.214544 -0.0458996 0.704815 0.319192 0.633524 1 
0.0904854 0.214859 -0.0457286 0.733483 0.229898 0.639648 1 
0.0908878 0.214744 -0.0456598 0.80411 0.13823 0.578186 1 
0.090025 0.213813 -0.0456631 0.495516 0.699061 0.515537 1 
0.090691 0.214476 -0.0458309 0.79912 0.200162 0.566871 1 
0.0911081 0.214121 -0.045813 0.802346 0.227254 0.551903 1 
0.0915653 0.213268 -0.0459943 0.87886 0.180467 0.441631 1 
0.0902354 0.214057 -0.045177 0.444389 0.738446 0.507165 1 
0.0906733 0.214298 -0.04559 0.752617 0.278452 0.596684 1 
0.0908274 0.21549 -0.0462341 0.631389 0.149183 0.760982 1 
0.0904632 0.215957 -0.0463725 0.337976 0.256042 0.905657 1 
0.0907276 0.216099 -0.0463729 0.298574 0.258187 0.9188 1 
0.0906217 0.215874 -0.0461318 0.357658 0.251685 0.899297 1 
0.091079 0.21502 -0.0463132 0.656312 0.15612 0.738161 1 
0.091217 0.214763 -0.0462439 0.712288 0.152741 0.685067 1 
0.0908664 0.215206 -0.0460674 0.663737 0.172419 0.727822 1 
0.0910574 0.215061 -0.0461186 0.669003 0.156252 0.72665 1 
0.0910856 0.214798 -0.0458546 0.76317 0.135907 0.631744 1 
0.0919453 0.213829 -0.0459671 0.82847 0.15915 0.536944 1 
0.0921822 0.213598 -0.0459952 0.871951 0.127848 0.472606 1 
0.0920617 0.213612 -0.0457032 0.847309 0.209939 0.487845 1 
0.0916446 0.213967 -0.0457211 0.812861 0.195998 0.548491 1 
0.0917053 0.213642 -0.045749 0.828937 0.261851 0.494264 1 
0.0917865 0.213491 -0.0456055 0.839985 0.243274 0.485019 1 
0.0921402 0.214948 -0.0456662 0.764463 0.0797826 0.639712 1 
0.0928981 0.213956 -0.0460935 0.826191 0.0637712 0.559769 1 
0.092153 0.211534 -0.047107 0.86152 0.389918 0.325189 1 
0.0921167 0.211814 -0.0468614 0.887801 0.273976 0.369792 1 
0.0920882 0.211656 -0.0465232 0.879856 0.272229 0.389543 1 
0.0918737 0.212692 -0.0461477 0.888705 0.172522 0.424781 1 
0.0917631 0.211839 -0.0464949 0.898053 0.239579 0.368922 1 
0.0920901 0.212288 -0.0463472 0.885425 0.214335 0.41241 1 
0.0924086 0.212328 -0.046834 0.880839 0.186134 0.43529 1 
0.0926405 0.212531 -0.0465425 0.884833 0.179299 0.430026 1 
0.0923113 0.212511 -0.0459584 0.888705 0.172522 0.424781 1 
0.0928939 0.212272 -0.0458434 0.873818 0.232319 0.427166 1 
0.0910019 0.211993 -0.0452755 0.830504 0.14656 0.537385 1 
0.0915406 0.212891 -0.0456098 0.866832 0.147143 0.476394 1 
0.0918089 0.212815 -0.0455639 0.8666 0.165695 0.470691 1 
0.0913153 0.212466 -0.0454427 0.840139 0.227188 0.492495 1 
0.0917599 0.212483 -0.045397 0.848014 0.213137 0.485227 1 
0.091943 0.212776 -0.0455409 0.8666 0.165695 0.470691 1 
0.0916002 0.212781 -0.0452717 0.84216 0.171413 0.511258 1 
0.0920811 0.212519 -0.0454716 0.871454 0.229488 0.433477 1 
0.0910302 0.211729 -0.0450115 0.823227 0.0433278 0.566056 1 
0.0914975 0.212973 -0.0452206 0.84019 0.145672 0.52236 1 
0.0916853 0.212411 -0.0450819 0.838776 0.197271 0.507482 1 
0.0922457 0.21327 -0.0456108 0.872381 0.190418 0.450214 1 
0.0922398 0.212857 -0.0458332 0.886566 0.17906 0.426542 1 
0.0919705 0.213148 -0.0455131 0.871705 0.187321 0.452815 1 
0.0926079 0.212171 -0.0456484 0.883181 0.233827 0.406591 1 
0.0970582 0.211459 -0.0567218 0.421729 0.0637339 0.904479 1 
0.0971876 0.212275 -0.0569813 0.356775 0.027048 0.933799 1 
0.0973716 0.211932 -0.056889 0.390303 0.0274126 0.920278 1 
0.0969817 0.210756 -0.0565827 0.47636 0.0768322 0.875887 1 
0.0978602 0.211233 -0.0569963 0.426736 0.00391501 0.904368 1 
0.0975742 0.211132 -0.0568013 0.442311 0.0225805 0.896577 1 
0.097912 0.21156 -0.0567508 0.404441 0.0411072 0.91364 1 
0.0981529 0.211111 -0.0567326 0.432915 -0.0118426 0.901357 1 
0.0981313 0.211152 -0.056538 0.436081 0.0118572 0.899829 1 
0.0984721 0.210515 -0.0569833 0.50356 -0.119758 0.85562 1 
0.0984289 0.210596 -0.0565941 0.497302 -0.0831185 0.863587 1 
0.0982878 0.210436 -0.0564734 0.508322 -0.0570991 0.859272 1 
0.0977778 0.208634 -0.0573853 0.730717 -0.264706 0.629272 1 
0.0984349 0.209948 -0.0572797 0.625112 -0.282979 0.727432 1 
0.0985441 0.209112 -0.05627 0.683033 -0.213156 0.698592 1 
0.0987381 0.209385 -0.0565112 0.679606 -0.23386 0.695302 1 
0.0986453 0.210192 -0.0567936 0.563229 -0.17365 0.807848 1 
0.0988254 0.210068 -0.0567476 0.574816 -0.203868 0.79248 1 
0.0990311 0.209684 -0.0568498 0.630104 -0.27597 0.725816 1 
0.0990907 0.209574 -0.0565117 0.624931 -0.209344 0.752088 1 
0.0984405 0.20994 -0.0564552 0.580268 -0.125503 0.804697 1 
0.0989299 0.208605 -0.0563262 0.722475 -0.243973 0.646922 1 
0.0985901 0.209027 -0.0562469 0.69032 -0.216602 0.69032 1 
0.0991855 0.209398 -0.0560532 0.61813 -0.161711 0.769262 1 
0.0985909 0.208391 -0.0560107 0.723596 -0.237013 0.648254 1 
0.0988063 0.208201 -0.0558443 0.726149 -0.230548 0.647731 1 
0.0988661 0.208512 -0.0561084 0.720405 -0.247492 0.647892 1 
0.0992469 0.208438 -0.0558449 0.718317 -0.251016 0.648854 1 
0.0994761 0.208645 -0.0559657 0.705125 -0.265815 0.657374 1 
0.0993007 0.207915 -0.0557292 0.746973 -0.254255 0.614318 1 
0.0969025 0.211539 -0.0565501 0.419085 0.0723502 0.90506 1 
0.0969016 0.212174 -0.0567864 0.389853 0.0518917 0.919414 1 
0.0974312 0.211822 -0.0565509 0.40267 0.0548488 0.9137 1 
0.0976956 0.211964 -0.0565513 0.391117 0.0658581 0.917982 1 
0.0973273 0.210747 -0.0564396 0.485313 0.0653573 0.871894 1 
0.0975809 0.210909 -0.0563427 0.468837 0.0591202 0.881304 1 
0.0978561 0.21103 -0.0564404 0.464714 0.0200885 0.885233 1 
0.0979833 0.210793 -0.0562738 0.496279 0.00401304 0.868154 1 
0.0997999 0.208255 -0.0550258 0.660333 -0.162427 0.733197 1 
0.0996793 0.208269 -0.0547337 0.593404 -0.0552333 0.803007 1 
0.0988264 0.214295 -0.0579426 -0.0774396 0.321571 0.943713 1 
0.0997487 0.215116 -0.0576011 -0.0701966 0.350983 0.933747 1 
0.0994059 0.215121 -0.0573319 -0.0699789 0.344613 0.936133 1 
0.0996007 0.214757 -0.0573368 -0.0924847 0.344472 0.93423 1 
0.098838 0.213639 -0.0578036 -0.100236 0.327436 0.939542 1 
0.0989876 0.212726 -0.0575954 -0.132168 0.249941 0.959198 1 
0.0984721 0.211997 -0.0566775 0.324725 0.0775659 0.942623 1 
0.0987742 0.213547 -0.0575858 -0.0999064 0.321032 0.941784 1 
0.0987144 0.213236 -0.0573217 -0.0285371 0.281648 0.959093 1 
0.0989788 0.213378 -0.0573221 -0.0995747 0.314656 0.943968 1 
0.0989285 0.210297 -0.0574009 0.51941 -0.214771 0.827096 1 
0.0991949 0.211071 -0.0572252 0.269446 -0.00604138 0.962997 1 
0.0998051 0.211624 -0.0576847 -0.174599 0.208731 0.962261 1 
0.0993421 0.212065 -0.0577257 -0.171405 0.229869 0.958009 1 
0.0987864 0.211834 -0.0566085 0.30105 0.0821046 0.950067 1 
0.0989352 0.211556 -0.0566365 0.294597 0.0442528 0.954596 1 
0.0987365 0.210656 -0.0569836 0.463936 -0.118482 0.87791 1 
0.0990009 0.210798 -0.056984 0.427964 -0.113656 0.896621 1 
0.0991497 0.210521 -0.0570121 0.438516 -0.126304 0.889804 1 
0.0990624 0.21132 -0.0564699 0.320628 0.0316826 0.946675 1 
0.0992112 0.211042 -0.0564979 0.34584 0.0242471 0.93798 1 
0.0996444 0.212137 -0.0571934 -0.154012 0.263829 0.952195 1 
0.0993692 0.212016 -0.0570957 -0.0575175 0.223951 0.972902 1 
0.0995297 0.211082 -0.0569848 0.171227 0.055501 0.983667 1 
0.0995649 0.211016 -0.0568644 0.182486 0.0560579 0.981609 1 
0.0998323 0.211575 -0.0570547 -0.174599 0.208731 0.962261 1 
0.0996028 0.210947 -0.0563317 0.304807 0.0263413 0.95205 1 
0.0998888 0.211048 -0.0565267 0.0884796 0.13095 0.987433 1 
0.0991024 0.213781 -0.057804 -0.0948396 0.337949 0.936374 1 
0.0997043 0.212448 -0.0574575 -0.149105 0.275374 0.949704 1 
0.0988624 0.213594 -0.057586 -0.0999064 0.321032 0.941784 1 
0.0992188 0.213565 -0.0575401 -0.0999064 0.321032 0.941784 1 
0.0993792 0.212631 -0.0574292 -0.145468 0.270917 0.951548 1 
0.0998551 0.212802 -0.0573095 -0.112482 0.295101 0.948822 1 
0.0999382 0.213282 -0.05699 -0.0995747 0.314656 0.943968 1 
0.0999092 0.214182 -0.0574902 -0.0951415 0.344386 0.933995 1 
0.0996124 0.214101 -0.0571979 -0.0951415 0.344386 0.933995 1 
0.0997044 0.21393 -0.0571517 -0.0948396 0.337949 0.936374 1 
0.10045 0.213173 -0.0571158 -0.0942282 0.325154 0.940955 1 
0.0998776 0.213607 -0.0569621 -0.0946183 0.329165 0.93952 1 
0.100509 0.213699 -0.0570139 -0.0948396 0.337949 0.936374 1 
0.100724 0.212663 -0.0573895 -0.102712 0.324143 0.940416 1 
0.100632 0.212835 -0.0574357 -0.0995747 0.314656 0.943968 1 
0.100862 0.212406 -0.0573202 -0.114118 0.318187 0.941135 1 
0.101034 0.212719 -0.0573668 -0.0942282 0.325154 0.940955 1 
0.100058 0.212001 -0.0572218 -0.156625 0.263719 0.951799 1 
0.100395 0.212429 -0.0571713 -0.124801 0.307307 0.943391 1 
0.100322 0.212143 -0.0572222 -0.149105 0.275374 0.949704 1 
0.100498 0.212237 -0.0572224 -0.143888 0.283741 0.948044 1 
0.0994257 0.210006 -0.0568735 0.551903 -0.227254 0.802346 1 
0.0993933 0.210067 -0.0565816 0.513297 -0.178082 0.839532 1 
0.0994598 0.210155 -0.0563871 0.483512 -0.140843 0.863933 1 
0.0992453 0.209709 -0.0563173 0.581328 -0.160729 0.797636 1 
0.0994146 0.209605 -0.056174 0.563341 -0.137509 0.814701 1 
0.0997741 0.209993 -0.0563181 0.474196 -0.143564 0.868635 1 
0.0999711 0.210682 -0.0567492 0.161554 0.0263528 0.986512 1 
0.100324 0.210871 -0.0567497 -0.173302 0.194151 0.965542 1 
0.0996705 0.21082 -0.0565032 0.268442 0.010932 0.963234 1 
0.0998085 0.210563 -0.056434 0.258148 0.0181794 0.965934 1 
0.100291 0.210932 -0.0564578 -0.154561 0.21171 0.965034 1 
0.100143 0.210574 -0.0561936 0.128931 0.119291 0.984452 1 
0.100672 0.210858 -0.0561943 -0.170408 0.220606 0.960362 1 
0.100936 0.211 -0.0561947 -0.152484 0.250603 0.956006 1 
0.10112 0.211292 -0.0563386 -0.149105 0.275374 0.949704 1 
0.101022 0.213375 -0.0575057 -0.0948396 0.337949 0.936374 1 
0.102105 0.213683 -0.0576555 -0.110279 0.358066 0.927161 1 
0.102066 0.213967 -0.0578222 -0.12331 0.375473 0.918594 1 
0.101252 0.212947 -0.0573902 -0.091746 0.328424 0.940064 1 
0.101588 0.212743 -0.0575158 -0.091746 0.328424 0.940064 1 
0.101517 0.213088 -0.0573906 -0.094925 0.33558 0.937217 1 
0.101689 0.213402 -0.0574372 -0.103713 0.343466 0.933421 1 
0.101431 0.213037 -0.0569782 -0.0946183 0.329165 0.93952 1 
0.101495 0.213129 -0.057196 -0.094925 0.33558 0.937217 1 
0.101749 0.213291 -0.0570991 -0.101047 0.343561 0.933678 1 
0.101612 0.212913 -0.0569322 -0.091746 0.328424 0.940064 1 
0.101921 0.213605 -0.0571457 -0.109936 0.351522 0.929702 1 
0.102073 0.213744 -0.0573636 -0.110558 0.358973 0.926777 1 
0.102305 0.213947 -0.0570721 -0.120454 0.377978 0.917945 1 
0.101939 0.213361 -0.0567844 -0.103975 0.344332 0.933073 1 
0.10232 0.214129 -0.0577253 -0.132093 0.371251 0.919089 1 
0.102595 0.21425 -0.057823 -0.10925 0.396896 0.911339 1 
0.102436 0.213913 -0.0574614 -0.126415 0.382023 0.915466 1 
0.102609 0.214226 -0.057508 -0.10925 0.396896 0.911339 1 
0.102906 0.214306 -0.0578003 -0.130189 0.390567 0.911322 1 
0.102415 0.213953 -0.0572668 -0.114459 0.38199 0.917051 1 
0.102499 0.214219 -0.0573133 -0.111781 0.387783 0.914948 1 
0.102569 0.214089 -0.0570725 -0.123365 0.381185 0.916231 1 
0.102855 0.21419 -0.0572675 -0.103551 0.401776 0.909864 1 
0.0984788 0.211774 -0.0562189 0.36302 0.0931166 0.927117 1 
0.0987266 0.211523 -0.0563443 0.351669 0.0509855 0.934735 1 
0.0986021 0.211756 -0.0560986 0.36302 0.0931166 0.927117 1 
0.0991788 0.211103 -0.056206 0.332869 0.0505133 0.941619 1 
0.098843 0.211307 -0.0560805 0.361237 0.0648373 0.930217 1 
0.0986176 0.210881 -0.0559134 0.410174 0.0749486 0.908923 1 
0.0993834 0.210934 -0.0559423 0.341465 0.0588733 0.938049 1 
0.0997916 0.211232 -0.055651 0.231145 0.142343 0.96245 1 
0.100172 0.210311 -0.0559296 0.225603 0.0349865 0.973591 1 
0.100364 0.210798 -0.0558047 0.0443052 0.202367 0.978307 1 
0.100171 0.20989 -0.0553274 0.385372 -0.0194632 0.922556 1 
0.100524 0.2105 -0.0559301 -0.0244266 0.182618 0.98288 1 
0.10124 0.210857 -0.0560284 -0.147644 0.262034 0.953698 1 
0.101207 0.210919 -0.0557365 -0.149105 0.275374 0.949704 1 
0.100905 0.210425 -0.0556666 -0.165613 0.234507 0.957903 1 
0.100975 0.210716 -0.056028 -0.157865 0.24542 0.956477 1 
0.101328 0.210905 -0.0560285 -0.149105 0.275374 0.949704 1 
0.101758 0.211161 -0.0559318 -0.114118 0.318187 0.941135 1 
0.101698 0.21085 -0.0556677 -0.124801 0.307307 0.943391 1 
0.101938 0.211037 -0.0558858 -0.119915 0.322019 0.939108 1 
0.101836 0.210593 -0.0555984 -0.13441 0.319055 0.938157 1 
0.101691 0.210652 -0.0555241 -0.13441 0.319055 0.938157 1 
0.102123 0.211962 -0.0558536 -0.112288 0.336865 0.934833 1 
0.100813 0.208058 -0.0551801 0.755949 -0.341553 0.558464 1 
0.088548 0.213156 -0.0555559 -0.220043 0.335099 0.916128 1 
0.0888124 0.213297 -0.0555562 -0.229052 0.332773 0.914766 1 
0.0891788 0.213883 -0.055844 -0.232779 0.336879 0.912319 1 
0.0890984 0.213398 -0.0557512 -0.232779 0.336879 0.912319 1 
0.0891649 0.213486 -0.0555568 -0.235739 0.334085 0.912587 1 
0.0893129 0.213845 -0.055821 -0.241654 0.328476 0.913076 1 
0.0896976 0.213551 -0.0555112 -0.253888 0.320624 0.912546 1 
0.0888897 0.213365 -0.0554591 -0.235344 0.330637 0.913943 1 
0.088918 0.213102 -0.0551951 -0.235344 0.330637 0.913943 1 
0.0894684 0.213344 -0.0553904 -0.251602 0.324319 0.911874 1 
0.0895005 0.212862 -0.0550801 -0.245672 0.329985 0.911458 1 
0.0911725 0.210804 -0.05436 0.0455279 0.509085 0.859511 1 
0.0895956 0.216489 -0.0569609 -0.231321 0.353528 0.906371 1 
0.0890109 0.215675 -0.0566497 -0.22828 0.325909 0.917427 1 
0.0891625 0.215394 -0.0562654 -0.204036 0.305351 0.930124 1 
0.0894307 0.215317 -0.0562195 -0.235209 0.297932 0.925156 1 
0.0896147 0.214974 -0.0561271 -0.257964 0.301198 0.918006 1 
0.0899213 0.215249 -0.0561507 -0.254596 0.300624 0.919133 1 
0.0900709 0.214335 -0.0559425 -0.253888 0.320624 0.912546 1 
0.0893933 0.214329 -0.0559137 -0.241654 0.328476 0.913076 1 
0.0897957 0.214214 -0.0558449 -0.253888 0.320624 0.912546 1 
0.0904509 0.214896 -0.0559153 -0.253888 0.320624 0.912546 1 
0.0910179 0.215532 -0.0559856 -0.261342 0.30177 0.916862 1 
0.0912019 0.215189 -0.0558932 -0.260233 0.318386 0.911542 1 
0.0915827 0.215114 -0.0556297 -0.253683 0.314567 0.914709 1 
0.0917423 0.214816 -0.055755 -0.251171 0.320859 0.913215 1 
0.0923875 0.214883 -0.0554919 -0.226518 0.306298 0.924592 1 
0.0911695 0.21525 -0.0556013 -0.260233 0.318386 0.911542 1 
0.091798 0.214924 -0.0554633 -0.246708 0.315959 0.916136 1 
0.0918147 0.215317 -0.0553382 -0.253683 0.314567 0.914709 1 
0.0921788 0.21485 -0.0551998 -0.226518 0.306298 0.924592 1 
0.0918692 0.212676 -0.055292 -0.198756 0.261809 0.944432 1 
0.0919856 0.21246 -0.0550282 -0.19043 0.239051 0.952151 1 
0.0913058 0.211401 -0.0545732 -0.100533 0.395245 0.913058 1 
0.0911334 0.211088 -0.0545267 -0.0473484 0.439664 0.896914 1 
0.0918354 0.211049 -0.0543378 0.0654064 0.494027 0.866983 1 
0.0912772 0.211243 -0.054235 0.0121919 0.518834 0.854788 1 
0.0914504 0.210921 -0.0540454 0.131353 0.571165 0.810257 1 
0.0918384 0.211466 -0.0545277 -0.0584868 0.433891 0.899065 1 
0.0920862 0.211215 -0.0546531 0.0309085 0.458253 0.888284 1 
0.0920537 0.211276 -0.0543612 0.0654064 0.494027 0.866983 1 
0.0923888 0.211708 -0.054723 0.103877 0.488082 0.866594 1 
0.0919402 0.211488 -0.0542128 0.006668 0.486764 0.873508 1 
0.0923309 0.212029 -0.0542828 -0.0337931 0.463641 0.885379 1 
0.0929168 0.212628 -0.05496 0.110164 0.41695 0.902229 1 
0.0923733 0.212583 -0.0549083 -0.0808392 0.273314 0.958522 1 
0.0927472 0.21231 -0.0545012 0.139473 0.52706 0.838305 1 
0.0927924 0.21286 -0.0547143 0.0432505 0.373527 0.92661 1 
0.0933816 0.212398 -0.0541408 0.281918 0.594097 0.753373 1 
0.0939971 0.214421 -0.0552163 0.168777 0.411124 0.895819 1 
0.093243 0.215194 -0.0547427 -0.178701 0.306146 0.935062 1 
0.0935241 0.214246 -0.0549238 0.0406522 0.378984 0.92451 1 
0.0938599 0.214043 -0.0550494 0.144469 0.374497 0.915904 1 
0.0934955 0.214089 -0.0545856 0.0432505 0.373527 0.92661 1 
0.0941859 0.214706 -0.0545356 0.0988073 0.361391 0.927164 1 
0.0937685 0.213157 -0.0542571 0.237011 0.549926 0.800879 1 
0.0939057 0.213536 -0.0544241 0.177078 0.398785 0.899786 1 
0.0941739 0.213459 -0.0543781 0.262101 0.46136 0.847614 1 
0.0940329 0.213299 -0.0542575 0.29036 0.560092 0.775879 1 
0.0942973 0.213441 -0.0542579 0.336166 0.532397 0.776882 1 
0.0944599 0.21356 -0.0545731 0.304859 0.461197 0.833282 1 
0.0943652 0.215218 -0.0547258 0.160511 0.387783 0.907668 1 
0.091989 0.211399 -0.0537774 0.112266 0.564246 0.817938 1 
0.0922916 0.211892 -0.0538474 0.0066883 0.496272 0.868141 1 
0.0934639 0.213514 -0.0540575 0.0904088 0.438135 0.894351 1 
0.0931879 0.214029 -0.054196 -0.0803777 0.325464 0.942132 1 
0.09422 0.214855 -0.0540493 0.133701 0.348726 0.927639 1 
0.0940005 0.21336 -0.0539656 0.295076 0.582177 0.757628 1 
0.09374 0.213 -0.0539189 0.260517 0.592085 0.762605 1 
0.0942803 0.212627 -0.0537807 0.434993 0.588324 0.681656 1 
0.0942687 0.213283 -0.0539197 0.360679 0.572842 0.736045 1 
0.0911301 0.21025 -0.0537346 0.16496 0.615952 0.770319 1 
0.0918068 0.210891 -0.0539996 0.196602 0.562373 0.803172 1 
0.095092 0.211113 -0.0540923 0.563093 0.469522 0.680055 1 
0.0948717 0.211736 -0.0539391 0.537959 0.504441 0.675381 1 
0.0951017 0.211307 -0.0538237 0.552846 0.512517 0.65703 1 
0.095324 0.211316 -0.0538008 0.542965 0.583561 0.603859 1 
0.0955141 0.210325 -0.0543941 0.507512 0.5817 0.635655 1 
0.0954004 0.210537 -0.0542457 0.516894 0.547201 0.658325 1 
0.0957186 0.210156 -0.0541303 0.485411 0.663451 0.569393 1 
0.0953182 0.210903 -0.0540232 0.531753 0.558762 0.636415 1 
0.0956196 0.210129 -0.0540329 0.595421 0.478014 0.645738 1 
0.0913338 0.210716 -0.053707 0.141329 0.584654 0.798878 1 
0.0917362 0.210601 -0.0536381 0.239836 0.619184 0.747723 1 
0.0946944 0.211856 -0.0535729 0.57258 0.528666 0.626629 1 
0.0929473 0.202629 -0.0531677 0.536082 0.264134 0.801779 1 
0.0928365 0.202838 -0.052607 0.546283 0.0994551 0.831675 1 
0.0949408 0.20251 -0.0528185 0.482683 0.229922 0.845076 1 
0.0937244 0.203087 -0.0521496 0.254255 0.614318 0.746973 1 
0.0946251 0.202466 -0.0519193 0.542419 0.206272 0.814392 1 
0.0945608 0.203431 -0.05254 0.723554 0.104628 0.682292 1 
0.0947448 0.203088 -0.0524476 0.666536 0.123764 0.735128 1 
0.0950896 0.203715 -0.0525407 0.778622 0.0734006 0.623185 1 
0.0952911 0.203128 -0.052087 0.618307 0.113627 0.77768 1 
0.0952852 0.202715 -0.0523094 0.57704 0.134989 0.805483 1 
0.0959833 0.201413 -0.0524726 0.0834905 0.505188 0.858961 1 
0.0951419 0.201503 -0.0517626 0.4231 0.311513 0.85085 1 
0.0950929 0.201171 -0.0515958 0.356567 0.390822 0.848598 1 
0.0951979 0.202032 -0.0520731 0.361402 0.346023 0.865827 1 
0.0954731 0.202154 -0.0521707 0.00134594 0.523571 0.851981 1 
0.0956533 0.20203 -0.0521247 0.00134594 0.523571 0.851981 1 
0.0954025 0.201863 -0.0518093 0.361402 0.346023 0.865827 1 
0.0954837 0.201712 -0.0516658 -0.0370705 0.512122 0.858113 1 
0.0956649 0.201373 -0.0519857 -0.0370705 0.512122 0.858113 1 
0.0954473 0.20051 -0.051726 0.344341 0.400432 0.849166 1 
0.0942012 0.204105 -0.0514878 0.689795 -0.0266927 0.723512 1 
0.0950064 0.205133 -0.0549031 0.870237 0.0313231 0.491636 1 
0.0953307 0.205586 -0.0551676 0.855349 -0.0572093 0.514884 1 
0.0943023 0.205601 -0.05436 0.858055 0.0570182 0.510383 1 
0.0946144 0.205868 -0.0535591 0.890564 0.0281231 0.453987 1 
0.0954034 0.206091 -0.0530043 0.936375 -0.0427391 0.348389 1 
0.095997 0.206252 -0.0535889 0.860718 -0.0455918 0.507036 1 
0.0950218 0.206384 -0.0511554 0.951833 -0.134455 0.275566 1 
0.0952284 0.204721 -0.054278 0.857179 0.0599328 0.51152 1 
0.0954075 0.204811 -0.053866 0.854119 0.0571271 0.51693 1 
0.0953127 0.204987 -0.0543245 0.843678 0.0430874 0.535117 1 
0.0960107 0.203684 -0.0544877 0.843603 0.0751445 0.531683 1 
0.0964268 0.205026 -0.053798 0.833922 0.00135597 0.55188 1 
0.0970262 0.2056 -0.0541602 0.753231 0.095068 0.65085 1 
0.09722 0.205452 -0.0537991 0.845255 -0.0574717 0.531263 1 
0.0973904 0.205133 -0.0540218 0.738664 0.133349 0.660752 1 
0.0972024 0.204213 -0.0544662 0.858582 -0.0286649 0.511873 1 
0.0976528 0.204643 -0.0541982 0.853161 -0.0315986 0.520689 1 
0.097356 0.204563 -0.0539059 0.806018 0.0096118 0.591812 1 
0.0948992 0.204701 -0.0536939 0.8336 0.0548236 0.549642 1 
0.094718 0.20504 -0.053374 0.876347 0.028444 0.48084 1 
0.09503 0.203825 -0.0528788 0.793494 0.0792054 0.603401 1 
0.0958656 0.204804 -0.0535054 0.841263 0.0401922 0.539129 1 
0.0963287 0.204364 -0.0534643 0.822539 0.0578458 0.56576 1 
0.0961582 0.204682 -0.0532417 0.828896 0.0433318 0.557722 1 
0.095745 0.204818 -0.0532133 0.855623 0.0456148 0.515585 1 
0.0956852 0.204507 -0.0529492 0.855623 0.0456148 0.515585 1 
0.0953384 0.203249 -0.0530321 0.745544 0.114129 0.656612 1 
0.0955704 0.203452 -0.0527406 0.751689 0.1015 0.65166 1 
0.0956203 0.203148 -0.0526712 0.713757 0.120698 0.689915 1 
0.0960152 0.203891 -0.0532971 0.779836 0.0856803 0.620093 1 
0.096041 0.205534 -0.0537418 0.843658 -0.0233206 0.536374 1 
0.0959803 0.205859 -0.0537139 0.846017 -0.0288884 0.532372 1 
0.0967194 0.204905 -0.0535344 0.826755 0.00681018 0.562521 1 
0.098255 0.205213 -0.0541481 0.706931 0.186359 0.682289 1 
0.0986184 0.205382 -0.0542459 0.712288 0.152741 0.685067 1 
0.097785 0.205455 -0.0540455 0.725239 0.139642 0.674187 1 
0.0950523 0.204209 -0.0519292 0.904742 0.0251685 0.425216 1 
0.0949699 0.204575 -0.0517067 0.952734 -0.0365951 0.301594 1 
0.0824895 0.212672 -0.0301244 -0.17889 0.964963 -0.191948 0 
0.0820508 0.213068 -0.0299477 -0.181782 0.963839 -0.19486 0 
0.0821946 0.213224 -0.0296561 -0.181782 0.963839 -0.19486 0 
0.0821162 0.213371 -0.0293873 -0.154776 0.970868 -0.182917 0 
0.0805078 0.213201 -0.0276802 -0.113155 0.958567 -0.261427 0 
0.0813874 0.213463 -0.0284597 -0.123919 0.975083 -0.184002 0 
0.0813464 0.213115 -0.0288025 -0.105182 0.982903 -0.151123 0 
0.0820542 0.213489 -0.0283912 -0.113609 0.980948 -0.157587 0 
0.0811014 0.213362 -0.0282647 -0.12619 0.970005 -0.207767 0 
0.0811494 0.213908 -0.0280656 -0.107479 0.969843 -0.218752 0 
0.0814578 0.213332 -0.0282189 -0.123919 0.975083 -0.184002 0 
0.0807223 0.213647 -0.02775 -0.110586 0.958847 -0.261504 0 
0.0820559 0.213699 -0.0276129 -0.14839 0.95994 -0.237687 0 
0.0795382 0.213742 -0.0267708 -0.0907241 0.962187 -0.256839 0 
0.0803205 0.214187 -0.0266747 -0.0965006 0.961146 -0.258622 0 
0.0804255 0.213566 -0.0274577 -0.113644 0.957481 -0.265169 0 
0.0802706 0.21301 -0.0270499 -0.113155 0.958567 -0.261427 0 
0.0803931 0.213627 -0.0271658 -0.113644 0.957481 -0.265169 0 
0.080581 0.213066 -0.0270271 -0.116723 0.956081 -0.268857 0 
0.0797103 0.213634 -0.0262152 -0.070799 0.970071 -0.232271 0 
0.0802266 0.213727 -0.0268969 -0.107478 0.959533 -0.260278 0 
0.0798973 0.213708 -0.0263127 -0.070799 0.970071 -0.232271 0 
0.0820235 0.213761 -0.0273211 -0.173842 0.943129 -0.283349 0 
0.0824279 0.212151 -0.0306385 -0.175122 0.966413 -0.188094 0 
0.0783278 0.214315 -0.023531 -0.379822 0.88425 -0.27173 0 
0.0783522 0.21427 -0.0233133 -0.379822 0.88425 -0.27173 0 
0.0792625 0.21426 -0.025163 -0.192618 0.946697 -0.25819 0 
0.079421 0.214177 -0.0249223 -0.214627 0.940206 -0.264476 0 
0.0791841 0.214407 -0.0248942 -0.224695 0.936462 -0.269355 0 
0.0794917 0.214467 -0.0252837 -0.139964 0.961433 -0.236761 0 
0.0794135 0.213553 -0.0259229 -0.0921292 0.967988 -0.233478 0 
0.0793811 0.213614 -0.025631 -0.100048 0.968815 -0.22669 0 
0.0796033 0.213623 -0.0256082 -0.0869079 0.968582 -0.233014 0 
0.0819917 0.214247 -0.025885 -0.0961511 0.962793 -0.252557 0 
0.0815089 0.213878 -0.0258611 -0.0992945 0.960707 -0.259197 0 
0.0788981 0.214306 -0.0246992 -0.247796 0.930297 -0.270452 0 
0.0789674 0.21439 -0.0240924 -0.274322 0.928146 -0.25158 0 
0.0779986 0.214295 -0.0229468 -0.362822 0.895948 -0.256197 0 
0.0783305 0.214311 -0.0231187 -0.379122 0.885617 -0.268233 0 
0.0782982 0.214372 -0.0228268 -0.362822 0.895948 -0.256197 0 
0.077878 0.214309 -0.0226548 -0.479199 0.828843 -0.288768 0 
0.0781424 0.214451 -0.0226552 -0.340563 0.911549 -0.230423 0 
0.0782197 0.214519 -0.022558 -0.340563 0.911549 -0.230423 0 
0.0774244 0.214523 -0.0218249 -0.597031 0.744288 -0.299316 0 
0.077732 0.214583 -0.0222145 -0.597478 0.739197 -0.310817 0 
0.0779964 0.214725 -0.0222149 -0.414997 0.876437 -0.244204 0 
0.0781236 0.214488 -0.0220483 -0.414997 0.876437 -0.244204 0 
0.0777309 0.214798 -0.0218485 -0.607304 0.729732 -0.314123 0 
0.0780452 0.214635 -0.0217795 -0.607304 0.729732 -0.314123 0 
0.0767044 0.213963 -0.0211707 -0.465234 0.86696 -0.178709 0 
0.0764713 0.213974 -0.0210963 -0.470089 0.865023 -0.175362 0 
0.0766093 0.213717 -0.021027 -0.470089 0.865023 -0.175362 0 
0.0760825 0.214065 -0.0208502 -0.468968 0.869271 -0.156323 0 
0.0763508 0.213988 -0.0208043 -0.464918 0.869704 -0.165728 0 
0.0771276 0.214442 -0.0215327 -0.578678 0.765758 -0.280619 0 
0.0769688 0.214105 -0.0211711 -0.512003 0.829904 -0.221613 0 
0.077392 0.214584 -0.021533 -0.578678 0.765758 -0.280619 0 
0.0771833 0.214551 -0.0212409 -0.540473 0.802143 -0.253882 0 
0.0776672 0.214705 -0.0216307 -0.597031 0.744288 -0.299316 0 
0.0776456 0.214746 -0.0214361 -0.578678 0.765758 -0.280619 0 
0.0781616 0.214419 -0.0215156 -0.607304 0.729732 -0.314123 0 
0.0777052 0.214636 -0.021098 -0.540473 0.802143 -0.253882 0 
0.0776836 0.214677 -0.0209034 -0.512003 0.829904 -0.221613 0 
0.0774599 0.214462 -0.0199581 -0.479641 0.864521 -0.150161 0 
0.0775209 0.214558 -0.0205882 -0.465234 0.86696 -0.178709 0 
0.0774533 0.214684 -0.0204167 -0.470089 0.865023 -0.175362 0 
0.0761613 0.213923 -0.0193726 -0.480639 0.867459 -0.128459 0 
0.076224 0.214229 -0.0192244 -0.480639 0.867459 -0.128459 0 
0.0765803 0.2142 -0.0191786 -0.480639 0.867459 -0.128459 0 
0.0764268 0.21385 -0.0197389 -0.474392 0.868993 -0.140722 0 
0.0768048 0.213779 -0.0198877 -0.474392 0.868993 -0.140722 0 
0.0767832 0.21382 -0.0196931 -0.474392 0.868993 -0.140722 0 
0.0763835 0.213931 -0.0193497 -0.480639 0.867459 -0.128459 0 
0.0766479 0.214073 -0.0193501 -0.480639 0.867459 -0.128459 0 
0.0768664 0.214301 -0.0193736 -0.474392 0.868993 -0.140722 0 
0.0771973 0.21453 -0.0191795 -0.480639 0.867459 -0.128459 0 
0.0769772 0.214092 -0.0199343 -0.479641 0.864521 -0.150161 0 
0.0769448 0.214154 -0.0196424 -0.474392 0.868993 -0.140722 0 
0.102099 0.20309 -0.0662258 0.114112 -0.980378 0.160738 0 
0.101866 0.204162 -0.0652434 0.0417191 -0.978611 0.201444 0 
0.101965 0.204189 -0.0653408 0.0466082 -0.978773 0.199579 0 
0.101933 0.204251 -0.0650489 0.0295222 -0.978955 0.201932 0 
0.101799 0.204289 -0.0650719 0.0295222 -0.978955 0.201932 0 
0.101751 0.204589 -0.064729 0.0104576 -0.979532 0.201019 0 
0.102091 0.203742 -0.0659525 0.107086 -0.978545 0.176015 0 
0.102047 0.203824 -0.0655633 0.0512319 -0.980555 0.189439 0 
0.101719 0.204651 -0.0644371 0.00579411 -0.979204 0.202794 0 
0.101387 0.204635 -0.0642652 -0.0128104 -0.97941 0.201472 0 
0.101599 0.204665 -0.0641451 -0.0128104 -0.97941 0.201472 0 
0.101256 0.20467 -0.0638759 -0.0198956 -0.979568 0.200127 0 
0.101263 0.204868 -0.0640195 -0.0128104 -0.97941 0.201472 0 
0.100983 0.204544 -0.063366 -0.0318967 -0.979348 0.19965 0 
0.101269 0.204645 -0.0635609 -0.0271123 -0.97958 0.199217 0 
0.101534 0.204787 -0.0635613 -0.0271123 -0.97958 0.199217 0 
0.101248 0.204686 -0.0633663 -0.0271123 -0.97958 0.199217 0 
0.10112 0.204502 -0.0629307 -0.0368038 -0.979457 0.198266 0 
0.10171 0.20446 -0.0629594 -0.0271123 -0.97958 0.199217 0 
0.10057 0.204259 -0.0627353 -0.052003 -0.975963 0.21164 0 
0.100653 0.20474 -0.0624158 -0.0729464 -0.97303 0.218839 0 
0.10071 0.204633 -0.06249 -0.0546444 -0.975099 0.214935 0 
0.100637 0.205193 -0.0619989 -0.148525 -0.967352 0.205353 0 
0.100716 0.205046 -0.0622677 -0.0965156 -0.971423 0.216847 0 
0.100891 0.205356 -0.0619019 -0.148525 -0.967352 0.205353 0 
0.100766 0.205588 -0.0616562 -0.155944 -0.967884 0.197185 0 
0.102678 0.204126 -0.0669956 0.144232 -0.980037 0.136835 0 
0.103418 0.20486 -0.0674784 0.15504 -0.978614 0.135195 0 
0.102934 0.204705 -0.0670886 0.15504 -0.978614 0.135195 0 
0.103072 0.204448 -0.0670193 0.15504 -0.978614 0.135195 0 
0.102931 0.204288 -0.0668987 0.144232 -0.980037 0.136835 0 
0.103128 0.204977 -0.0673298 0.15504 -0.978614 0.135195 0 
0.103245 0.204761 -0.0670659 0.165962 -0.977052 0.133518 0 
0.103293 0.204671 -0.0666305 0.134091 -0.980461 0.143932 0 
0.102417 0.203765 -0.0669489 0.134091 -0.980461 0.143932 0 
0.102441 0.20372 -0.0667312 0.134091 -0.980461 0.143932 0 
0.102352 0.203888 -0.0663651 0.114112 -0.980378 0.160738 0 
0.102663 0.203944 -0.0663424 0.114112 -0.980378 0.160738 0 
0.102748 0.203995 -0.0667548 0.134091 -0.980461 0.143932 0 
0.102377 0.203843 -0.0661474 0.107086 -0.978545 0.176015 0 
0.102641 0.203985 -0.0661478 0.107086 -0.978545 0.176015 0 
0.102991 0.204178 -0.0665606 0.134091 -0.980461 0.143932 0 
0.102958 0.204239 -0.0662687 0.114112 -0.980378 0.160738 0 
0.102937 0.20428 -0.0660741 0.107086 -0.978545 0.176015 0 
0.103552 0.204821 -0.0674555 0.15504 -0.978614 0.135195 0 
0.102219 0.204351 -0.0652439 0.0466082 -0.978773 0.199579 0 
0.103229 0.204794 -0.0660468 0.107086 -0.978545 0.176015 0 
0.102197 0.204392 -0.0650493 0.0417191 -0.978611 0.201444 0 
0.10202 0.204512 -0.0646831 0.0295222 -0.978955 0.201932 0 
0.102154 0.204474 -0.0646601 0.0295222 -0.978955 0.201932 0 
0.101998 0.204553 -0.0644885 0.00811541 -0.979646 0.200567 0 
0.102287 0.20401 -0.0657814 0.0787369 -0.979971 0.182912 0 
0.10264 0.204199 -0.0657819 0.094131 -0.979207 0.179705 0 
0.102954 0.204037 -0.0657128 0.107086 -0.978545 0.176015 0 
0.102266 0.204051 -0.0655868 0.061187 -0.980192 0.18836 0 
0.103257 0.20453 -0.0657827 0.107086 -0.978545 0.176015 0 
0.102132 0.204515 -0.0644655 0.0104576 -0.979532 0.201019 0 
0.101863 0.204806 -0.0641455 -0.0128104 -0.97941 0.201472 0 
0.0986556 0.205722 -0.0595547 0.637117 -0.495909 0.590048 0 
0.0986869 0.205875 -0.0594806 0.634235 -0.503014 0.58713 0 
0.0985516 0.206128 -0.0591376 0.653226 -0.495377 0.572623 0 
0.0986847 0.206304 -0.0587487 0.768194 -0.384909 0.511588 0 
0.0991833 0.20622 -0.0591895 0.631307 -0.510096 0.584169 0 
0.0957855 0.20664 -0.0560576 0.768127 0.0856702 0.63454 0 
0.097819 0.207921 -0.0579506 0.78241 -0.27661 0.557961 0 
0.0980834 0.208063 -0.057951 0.769811 -0.308885 0.558553 0 
0.0976563 0.207802 -0.0576353 0.780749 -0.262344 0.567104 0 
0.0980344 0.207731 -0.0577841 0.793176 -0.271722 0.545014 0 
0.0980862 0.208059 -0.0575387 0.755418 -0.312753 0.575786 0 
0.0980803 0.206164 -0.0580668 0.838057 -0.233557 0.493064 0 
0.0979171 0.207101 -0.05859 0.752323 -0.327027 0.571894 0 
0.0981923 0.207223 -0.0586877 0.7097 -0.37206 0.598246 0 
0.0977927 0.207334 -0.0583443 0.745593 -0.314019 0.587778 0 
0.0980571 0.207476 -0.0583447 0.736895 -0.32088 0.594998 0 
0.097436 0.206943 -0.0577879 0.81313 -0.215916 0.540555 0 
0.0974419 0.207356 -0.0575656 0.79485 -0.227764 0.562438 0 
0.0979099 0.206482 -0.0578442 0.823517 -0.251845 0.508325 0 
0.0980479 0.206225 -0.0577749 0.834271 -0.231147 0.500563 0 
0.0984767 0.206696 -0.0573123 0.813497 -0.28057 0.509415 0 
0.0974751 0.208141 -0.0573154 0.757874 -0.246348 0.604102 0 
0.0969822 0.208217 -0.0560501 0.714785 -0.0829791 0.694404 0 
0.0992816 0.205821 -0.0604311 -0.228002 -0.927584 0.295977 0 
0.0989848 0.205741 -0.0601388 0.518319 -0.622995 0.585852 0 
0.0993628 0.20567 -0.0602876 -0.174374 -0.930459 0.322243 0 
0.0999056 0.20529 -0.0614836 -0.287206 -0.941322 0.177271 0 
0.0999192 0.205265 -0.0611686 -0.287206 -0.941322 0.177271 0 
0.100205 0.205366 -0.0613636 -0.271557 -0.945674 0.178764 0 
0.0996969 0.205256 -0.0611915 -0.287206 -0.941322 0.177271 0 
0.0997322 0.205191 -0.0610711 -0.285864 -0.942395 0.173707 0 
0.0996537 0.205338 -0.0608023 -0.327542 -0.929663 0.16865 0 
0.100184 0.205407 -0.061169 -0.287206 -0.941322 0.177271 0 
0.10014 0.205488 -0.0607798 -0.301717 -0.938217 0.169458 0 
0.100497 0.205459 -0.060734 -0.285864 -0.942395 0.173707 0 
0.0995401 0.20555 -0.0606539 -0.356657 -0.921713 0.152453 0 
0.099876 0.205347 -0.0607794 -0.326696 -0.93004 0.168214 0 
0.0998436 0.205408 -0.0604875 -0.327387 -0.929223 0.171356 0 
0.100119 0.205529 -0.0605852 -0.327542 -0.929663 0.16865 0 
0.0998112 0.205469 -0.0601957 -0.280563 -0.931919 0.229808 0 
0.098974 0.205761 -0.0600416 0.481357 -0.652432 0.585344 0 
0.0993764 0.205646 -0.0599726 0.427459 -0.690254 0.583805 0 
0.0991785 0.205592 -0.0597778 0.514872 -0.619534 0.592524 0 
0.0989092 0.205884 -0.0594578 0.599406 -0.545375 0.585899 0 
0.0994144 0.205576 -0.05944 0.481552 -0.645985 0.592293 0 
0.0996516 0.205767 -0.0600703 0.294902 -0.769934 0.565893 0 
0.0994429 0.205734 -0.0597782 0.606638 -0.525528 0.596499 0 
0.0997788 0.20553 -0.0599038 0.0477464 -0.885355 0.462458 0 
0.0999168 0.205273 -0.0598345 0.041897 -0.890649 0.452758 0 
0.0996355 0.2058 -0.0590512 0.728518 -0.421252 0.540193 0 
0.0983985 0.205782 -0.0579515 0.84862 -0.226198 0.478203 0 
0.0981967 0.205947 -0.057803 0.844241 -0.236632 0.480897 0 
0.096079 0.207364 -0.055252 0.710113 0.0893132 0.6984 0 
0.0963395 0.207725 -0.0552987 0.701287 0.0648007 0.709927 0 
0.0956901 0.207455 -0.0550059 0.731689 0.110862 0.672563 0 
0.0956315 0.208412 -0.054802 0.701211 0.0266994 0.712453 0 
0.0961641 0.208476 -0.0547564 0.482019 0.404117 0.777398 0 
0.0960203 0.208321 -0.0550481 0.491147 0.365542 0.790666 0 
0.0959811 0.207123 -0.0555205 0.741929 0.0708665 0.666723 0 
0.0966862 0.207501 -0.0555216 0.715339 0.0181984 0.698541 0 
0.0968076 0.206851 -0.0555773 0.765506 -0.0152823 0.643247 0 
0.0963051 0.207154 -0.0551829 0.745129 0.0411595 0.665649 0 
0.0956586 0.206881 -0.0544778 0.817398 -0.173114 0.549448 0 
0.0963803 0.207651 -0.0543537 0.763402 0.0439062 0.64443 0 
0.0947122 0.207591 -0.0529847 0.93414 0.352432 0.0563367 0 
0.0957421 0.209264 -0.0544547 0.645461 0.21619 0.732559 0 
0.0961209 0.208558 -0.0543672 0.338238 0.577755 0.742828 0 
0.0956537 0.208796 -0.0538524 0.757849 0.16858 0.630275 0 
0.0959563 0.207807 -0.054228 0.730004 0.166118 0.662947 0 
0.0960677 0.208024 -0.0536445 0.865652 0.00671048 0.500602 0 
0.0952197 0.208337 -0.0533931 0.840262 0.372228 0.394216 0 
0.0950227 0.207647 -0.052962 0.930459 0.322243 0.174374 0 
0.0950257 0.208064 -0.053152 0.882122 0.401507 0.246278 0 
0.0951873 0.208398 -0.0531012 0.855469 0.423881 0.297487 0 
0.0952978 0.207769 -0.0530597 0.917244 0.24335 0.315348 0 
0.0954741 0.207863 -0.05306 0.924611 0.175381 0.338135 0 
0.0950886 0.208792 -0.053606 0.775263 0.411198 0.479461 0 
0.0952266 0.208535 -0.0535367 0.804262 0.386881 0.451093 0 
0.0953078 0.208384 -0.0533933 0.830273 0.354481 0.430104 0 
0.0954802 0.208697 -0.0534398 0.798254 0.333004 0.501896 0 
0.0954129 0.209245 -0.0538705 0.714918 0.300426 0.631377 0 
0.0956213 0.208857 -0.0535605 0.760895 0.337637 0.554112 0 
0.0957102 0.208269 -0.0533244 0.858797 0.230924 0.457321 0 
0.0957709 0.207944 -0.0533522 0.890628 0.0254465 0.45402 0 
0.0959189 0.208302 -0.0536165 0.84141 -0.0960383 0.531794 0 
0.0955223 0.207348 -0.0537688 0.854781 -0.0718185 0.513995 0 
0.0962597 0.207665 -0.0540617 0.799441 0.0124265 0.600616 0 
0.096707 0.208096 -0.0559524 0.701368 -0.0181992 0.712567 0 
0.0968987 0.207315 -0.0557674 0.759291 -0.0705982 0.64691 0 
0.0963205 0.208822 -0.0537838 0.492508 0.600086 0.630343 0 
0.0962157 0.208382 -0.0539088 0.723386 0.247433 0.644585 0 
0.09385 0.209629 -0.0506302 0.595721 0.803048 -0.015204 0 
0.0948125 0.209951 -0.050488 0.583998 0.810874 -0.0378128 0 
0.0946377 0.20752 -0.0526696 0.942043 0.335089 0.0164383 0 
0.0944113 0.207308 -0.0521366 0.967547 0.212012 0.137487 0 
0.094375 0.207588 -0.051891 0.935686 0.351365 0.0321763 0 
0.0946602 0.208325 -0.0523222 0.866501 0.491722 -0.0859456 0 
0.0950305 0.208692 -0.0525636 0.872239 0.486415 0.050984 0 
0.0949981 0.208753 -0.0522717 0.878625 0.468131 -0.0941886 0 
0.0949825 0.208146 -0.0527628 0.895402 0.440159 0.0671895 0 
0.0953273 0.208773 -0.0528559 0.839057 0.483186 0.25003 0 
0.0952489 0.20892 -0.0525871 0.86544 0.471658 0.168974 0 
0.0952164 0.208981 -0.0522952 0.871288 0.490353 -0.0202625 0 
0.094666 0.208738 -0.0520999 0.870296 0.478734 -0.115754 0 
0.0946336 0.208799 -0.051808 0.840361 0.529761 -0.114661 0 
0.0948922 0.208528 -0.0520307 0.864145 0.484905 -0.134615 0 
0.0943584 0.208678 -0.0517103 0.816584 0.563516 -0.125062 0 
0.0948872 0.208961 -0.0517111 0.839004 0.522343 -0.152412 0 
0.0946012 0.208861 -0.0515161 0.787052 0.603258 -0.128952 0 
0.0950233 0.208073 -0.0518178 0.902002 0.412304 -0.128053 0 
0.0948645 0.207735 -0.0514563 0.940078 0.323194 -0.108625 0 
0.0950646 0.208841 -0.0520773 0.869569 0.47047 -0.150026 0 
0.0952397 0.207668 -0.0520173 0.9685 0.246104 -0.0379564 0 
0.0939968 0.20872 -0.0508342 0.656543 0.749711 -0.0829777 0 
0.0933758 0.208187 -0.0502775 -0.29539 0.928571 -0.224723 0 
0.0939752 0.208761 -0.0506396 0.487391 0.870041 -0.0740164 0 
0.094326 0.208739 -0.0514184 0.77641 0.615465 -0.135611 0 
0.0943818 0.208848 -0.0511266 0.742939 0.652521 -0.149191 0 
0.0943494 0.208909 -0.0508347 0.670604 0.730346 -0.129939 0 
0.0947625 0.208773 -0.0508632 0.68033 0.702125 -0.210171 0 
0.0946088 0.209484 -0.0505155 0.512977 0.854015 -0.0866804 0 
0.0946653 0.208957 -0.0499875 0.326259 0.921788 -0.209433 0 
0.0951708 0.209071 -0.0505719 0.520006 0.82928 -0.204667 0 
0.0948349 0.209274 -0.0504463 0.414429 0.898642 -0.14384 0 
0.0951384 0.209132 -0.05028 0.368063 0.913763 -0.171952 0 
0.0949679 0.20945 -0.0500574 0.357551 0.922398 -0.146081 0 
0.0909243 0.211504 -0.0447705 0.816848 -0.00409106 0.576839 0 
0.0905854 0.21129 -0.044455 0.734646 0.381231 0.561211 0 
0.0905529 0.211352 -0.0441631 0.702767 0.4303 0.566534 0 
0.0907763 0.211146 -0.0445062 0.57131 0.665132 0.480838 0 
0.0932231 0.210165 -0.04999 0.489523 0.871324 -0.0340893 0 
0.0924816 0.209646 -0.0491412 0.00135278 0.840077 -0.542465 0 
0.0929361 0.210279 -0.049429 0.439629 0.85628 -0.27113 0 
0.0935463 0.210832 -0.0498885 0.695664 0.71806 -0.0209959 0 
0.0931989 0.209793 -0.047859 0.0318912 0.830559 -0.556017 0 
0.0920532 0.210661 -0.0475516 0.578554 0.792269 -0.193869 0 
0.0920424 0.210681 -0.0474543 0.60036 0.779708 -0.177828 0 
0.0924723 0.210938 -0.0473576 -0.176274 0.682102 -0.709693 0 
0.0938283 0.210314 -0.047179 0.389543 0.879856 -0.272229 0 
0.0938592 0.208981 -0.0491571 -0.00654108 0.901361 -0.433019 0 
0.0928524 0.208956 -0.0485442 -0.142566 0.766853 -0.625788 0 
0.0935624 0.208901 -0.0488648 -0.0867638 0.851992 -0.516316 0 
0.0936644 0.209344 -0.0491522 0.0418979 0.893371 -0.447361 0 
0.0938024 0.209087 -0.0490829 0.00130527 0.899331 -0.437266 0 
0.0936103 0.209447 -0.0486657 -0.0701281 0.797171 -0.599667 0 
0.0934016 0.209413 -0.0483736 -0.155686 0.745176 -0.64844 0 
0.0938863 0.208932 -0.0485271 0.0539554 0.86467 -0.499434 0 
0.0935377 0.208524 -0.0484803 -0.128714 0.80335 -0.58143 0 
0.0940277 0.209513 -0.04925 0.275884 0.917206 -0.287439 0 
0.0945015 0.209052 -0.0493063 0.250171 0.931428 -0.264305 0 
0.0940776 0.209209 -0.0491806 0.158567 0.919129 -0.360635 0 
0.0944899 0.209709 -0.0494452 0.359475 0.912294 -0.196208 0 
0.0947277 0.208842 -0.0492371 0.25726 0.921248 -0.291753 0 
0.0948923 0.209593 -0.0493763 0.356516 0.916146 -0.183229 0 
0.0941009 0.209378 -0.0485969 0.186134 0.880839 -0.43529 0 
0.0930383 0.209245 -0.0482757 -0.0437775 0.792231 -0.608648 0 
0.0923586 0.21115 -0.0472092 -0.189688 0.673931 -0.714028 0 
0.0934874 0.210951 -0.0467337 0.64742 0.759391 0.0645985 0 
0.0928243 0.211767 -0.045848 0.86338 0.299039 0.406387 0 
0.0934118 0.211094 -0.0460527 -0.219848 0.659545 -0.718795 0 
0.0914082 0.211658 -0.0451603 0.84842 0.242188 0.470668 0 
0.0917499 0.211868 -0.0450635 0.849635 0.242535 0.468291 0 
0.0922229 0.212043 -0.045356 0.886915 0.22358 0.40422 0 
0.0924286 0.211659 -0.0454583 0.881751 0.224527 0.414854 0 
0.0925871 0.211576 -0.0452176 0.881751 0.224527 0.414854 0 
0.0929221 0.212008 -0.0455794 0.874256 0.26122 0.409194 0 
0.0926703 0.212056 -0.0448981 0.875981 0.241082 0.417776 0 
0.092913 0.212239 -0.0447039 0.858604 0.266884 0.43769 0 
0.0931773 0.210899 -0.04501 0.83041 0.384361 0.403342 0 
0.0932489 0.212035 -0.0448294 0.879074 0.237305 0.413419 0 
0.0933869 0.211778 -0.0447602 0.869773 0.226051 0.438629 0 
0.0939157 0.212062 -0.0447609 0.837029 0.276947 0.471893 0 
0.0904363 0.211147 -0.0438248 0.690073 0.462834 0.556403 0 
0.0906234 0.211221 -0.0439223 0.692998 0.437071 0.573344 0 
0.0906017 0.211262 -0.0437277 0.690073 0.462834 0.556403 0 
0.0904039 0.211208 -0.0435329 0.655113 0.513649 0.554068 0 
0.0900189 0.21108 -0.0432405 0.63635 0.562081 0.528322 0 
0.0896506 0.211345 -0.042823 0.633255 0.535312 0.558953 0 
0.0902794 0.211441 -0.0432872 0.654157 0.526352 0.543169 0 
0.0901129 0.21154 -0.0430183 0.641692 0.544006 0.540638 0 
0.0899211 0.210839 -0.043509 0.628975 0.548034 0.551407 0 
0.0907123 0.210632 -0.0436862 0.699421 0.426963 0.57316 0 
0.0907722 0.210943 -0.0439503 0.741239 0.377983 0.554702 0 
0.0912763 0.210851 -0.0435666 0.679374 0.494853 0.541822 0 
0.0913586 0.210485 -0.0437891 0.775728 0.311891 0.548608 0 
0.0914143 0.210593 -0.0434973 0.740731 0.384265 0.551052 0 
0.0909355 0.211487 -0.0431214 0.683321 0.472811 0.556347 0 
0.0913711 0.210675 -0.0431081 0.748281 0.376586 0.546131 0 
0.0876262 0.211315 -0.0414998 0.426413 0.904312 0.0198025 0 
0.088387 0.211801 -0.0412091 0.403153 0.914079 0.0439077 0 
0.0886838 0.211882 -0.0415014 0.354175 0.930551 0.0929205 0 
0.0886514 0.211943 -0.0412095 0.374666 0.925411 0.056928 0 
0.088811 0.211645 -0.0413348 0.367846 0.926972 0.0735692 0 
0.0892957 0.211164 -0.0414884 0.444977 0.873692 0.196618 0 
0.0900293 0.2117 -0.0418276 0.599712 0.65985 0.452707 0 
0.0903261 0.21178 -0.0421199 0.619586 0.619586 0.4819 0 
0.0892949 0.2118 -0.0417246 0.555964 0.705327 0.439792 0 
0.089521 0.21159 -0.0416555 0.543837 0.749613 0.377256 0 
0.0894778 0.211672 -0.0412663 0.4575 0.869101 0.188034 0 
0.0902094 0.211575 -0.0417815 0.594085 0.664371 0.453513 0 
0.090517 0.211636 -0.0421711 0.604492 0.654727 0.453787 0 
0.0897921 0.211509 -0.0411972 0.448498 0.871833 0.196866 0 
0.0883133 0.211094 -0.0406578 0.377326 0.925929 -0.0167414 0 
0.0882457 0.211221 -0.0404862 0.368035 0.929705 0.0141059 0 
0.0886082 0.212025 -0.0408203 0.401638 0.915207 0.0329211 0 
0.0886866 0.211878 -0.0410891 0.374666 0.925411 0.056928 0 
0.0889549 0.211801 -0.0410431 0.374666 0.925411 0.056928 0 
0.0886326 0.21198 -0.0406026 0.41908 0.907789 0.0170785 0 
0.0889158 0.212085 -0.0412098 0.39462 0.915355 0.0800088 0 
0.0889186 0.212081 -0.0407976 0.403876 0.914313 0.0302578 0 
0.0894454 0.211733 -0.0409744 0.349277 0.93533 0.0562506 0 
0.0893248 0.211747 -0.0406824 0.395291 0.917969 0.0328315 0 
0.0891162 0.211713 -0.0403902 0.398259 0.917162 -0.0142699 0 
0.0894756 0.212101 -0.0405343 0.414052 0.909317 0.0412721 0 
0.0892209 0.212153 -0.0402653 0.424583 0.905343 0.00914488 0 
0.0890513 0.211836 -0.0398064 0.400127 0.916251 0.0195502 0 
0.08784 0.21198 -0.0394572 0.362589 0.93069 0.0484325 0 
0.0876205 0.211967 -0.0390678 0.352482 0.934275 0.0537241 0 
0.0889308 0.21185 -0.0395144 0.381346 0.92428 0.0168051 0 
0.0887388 0.212209 -0.0390972 0.349887 0.936044 0.0374417 0 
0.0887005 0.211857 -0.0390277 0.332049 0.943119 0.0164131 0 
0.0870261 0.212442 -0.0387195 0.305092 0.95102 0.049785 0 
0.0876264 0.21238 -0.0388454 0.340622 0.938978 0.0479203 0 
0.0872905 0.212583 -0.0387199 0.343774 0.937208 0.0588206 0 
0.0877752 0.212102 -0.0388735 0.328246 0.943866 0.0370394 0 
0.0869937 0.212503 -0.0384276 0.294861 0.954847 0.0363871 0 
0.0875901 0.21266 -0.0385999 0.345332 0.936958 0.0534288 0 
0.0872581 0.212645 -0.038428 0.318983 0.946699 0.0448369 0 
0.0878692 0.212563 -0.0386512 0.335213 0.940925 0.0478875 0 
0.0878368 0.212624 -0.0383593 0.315283 0.948382 0.0341873 0 
0.0879925 0.212544 -0.038531 0.318324 0.947363 0.034242 0 
0.0881471 0.21268 -0.0383366 0.264333 0.964394 0.00844901 0 
0.0883713 0.211838 -0.0384435 0.254609 0.967037 -0.00358605 0 
0.0885301 0.212176 -0.0388051 0.310212 0.950569 0.0137041 0 
0.0884977 0.212237 -0.0385132 0.295361 0.955289 0.013594 0 
0.0884653 0.212298 -0.0382213 0.275839 0.961185 0.00607576 0 
0.0888593 0.212195 -0.0393892 0.369215 0.928866 0.0297963 0 
0.0891781 0.212239 -0.0381297 0.278728 0.960332 0.00852006 0 
0.0913361 0.211161 -0.0438307 0.651095 0.536691 0.536691 0 
0.0911167 0.211149 -0.0434413 0.731652 0.406108 0.547506 0 
0.0914007 0.210618 -0.0438123 0.705185 0.465122 0.535141 0 
0.0910951 0.211189 -0.0432467 0.716539 0.431909 0.547747 0 
0.0910518 0.211271 -0.0428575 0.691093 0.483598 0.537145 0 
0.0908462 0.211655 -0.0427553 0.67968 0.52864 0.508502 0 
0.0911114 0.211161 -0.0425194 0.697388 0.500045 0.513425 0 
0.090987 0.211393 -0.0422737 0.66048 0.569727 0.489058 0 
0.086386 0.213006 -0.0366478 -0.0447813 0.988632 -0.14353 0 
0.0861 0.212905 -0.0364529 -0.0781284 0.982014 -0.171883 0 
0.0870131 0.212891 -0.0378902 0.252453 0.967129 0.0304896 0 
0.0869807 0.212953 -0.0375983 0.226573 0.973907 0.0130487 0 
0.0873197 0.213166 -0.0379138 0.279702 0.959858 0.0209468 0 
0.0866379 0.212958 -0.0373292 0.162002 0.986738 -0.0101959 0 
0.0842112 0.212626 -0.0337263 -0.134629 0.968048 -0.21156 0 
0.0845923 0.212973 -0.034065 -0.165118 0.966005 -0.198922 0 
0.084648 0.213081 -0.0337732 -0.165447 0.965326 -0.201924 0 
0.0851908 0.2127 -0.0349692 -0.145634 0.967884 -0.204918 0 
0.0837224 0.212905 -0.0330168 -0.135932 0.964467 -0.226553 0 
0.0839368 0.213351 -0.0330866 -0.141253 0.965445 -0.219007 0 
0.0841131 0.213446 -0.0330868 -0.141253 0.965445 -0.219007 0 
0.0834491 0.213415 -0.0327431 -0.132548 0.96644 -0.220055 0 
0.0834275 0.213456 -0.0325485 -0.132548 0.96644 -0.220055 0 
0.0833973 0.213088 -0.0329885 -0.138632 0.965244 -0.221553 0 
0.0836359 0.213068 -0.0322384 -0.13331 0.964234 -0.229087 0 
0.0838937 0.213433 -0.0326974 -0.138632 0.965244 -0.221553 0 
0.0839995 0.213658 -0.0329384 -0.147062 0.964364 -0.219943 0 
0.0836401 0.21327 -0.0327943 -0.138632 0.965244 -0.221553 0 
0.0841483 0.21338 -0.0329664 -0.141253 0.965445 -0.219007 0 
0.0836076 0.213332 -0.0325024 -0.130018 0.966767 -0.220129 0 
0.0838299 0.21334 -0.0324796 -0.141444 0.964156 -0.224494 0 
0.0851851 0.213352 -0.0325371 -0.138632 0.965244 -0.221553 0 
0.0849687 0.213756 -0.0323376 -0.147916 0.962105 -0.229073 0 
0.0854819 0.213433 -0.0328294 -0.168069 0.959449 -0.226298 0 
0.0833283 0.213008 -0.0318488 -0.133134 0.965543 -0.223613 0 
0.0831872 0.212848 -0.0317282 -0.140628 0.966334 -0.215458 0 
0.0837132 0.213136 -0.0321412 -0.130192 0.965486 -0.225581 0 
0.0831499 0.213343 -0.0311167 -0.1788 0.964477 -0.194461 0 
0.0844526 0.214084 -0.0322581 -0.153417 0.961149 -0.229469 0 
0.0852983 0.21378 -0.0311753 -0.134964 0.967886 -0.212087 0 
0.0841542 0.213376 -0.0303955 -0.193033 0.96254 -0.190407 0 
0.0836244 0.213307 -0.0300287 -0.17889 0.964963 -0.191948 0 
0.0833276 0.213227 -0.0297365 -0.172954 0.966201 -0.19116 0 
0.083207 0.213241 -0.0294444 -0.17889 0.964963 -0.191948 0 
0.0829102 0.21316 -0.0291522 -0.181782 0.963839 -0.19486 0 
0.0831422 0.213363 -0.0288606 -0.162074 0.971167 -0.174836 0 
0.0827914 0.213385 -0.0280819 -0.113653 0.981323 -0.155203 0 
0.0855407 0.211832 -0.03629 -0.123547 0.969274 -0.212705 0 
0.0854476 0.212219 -0.0359702 -0.12619 0.970005 -0.207767 0 
0.0858148 0.212168 -0.0360217 -0.123614 0.969797 -0.210271 0 
0.0858365 0.212128 -0.0362163 -0.114714 0.971916 -0.205476 0 
0.0857993 0.211561 -0.0365127 -0.0867764 0.978984 -0.184553 0 
0.0862056 0.212709 -0.0360917 -0.0975881 0.977116 -0.189 0 
0.0860685 0.212331 -0.0359248 -0.123614 0.969797 -0.210271 0 
0.085426 0.212259 -0.0357756 -0.12619 0.970005 -0.207767 0 
0.0857824 0.21223 -0.0357298 -0.129267 0.968862 -0.211179 0 
0.085612 0.212548 -0.0355072 -0.129016 0.969537 -0.208214 0 
0.08575 0.212291 -0.0354379 -0.129016 0.969537 -0.208214 0 
0.0860468 0.212371 -0.0357302 -0.123614 0.969797 -0.210271 0 
0.0861416 0.212196 -0.0352717 -0.129267 0.968862 -0.211179 0 
0.0869613 0.212564 -0.0381357 0.249025 0.968161 0.0255099 0 
0.0873911 0.212821 -0.038039 0.286227 0.957808 0.0260207 0 
0.0881272 0.212931 -0.0373638 0.322947 0.946043 0.0265956 0 
0.0884221 0.21238 -0.0378321 0.256844 0.966452 0.00119463 0 
0.0886119 0.21245 -0.0375174 0.139012 0.98917 -0.0471033 0 
0.0881976 0.2128 -0.037123 0.129641 0.990094 -0.0539217 0 
0.0883248 0.212564 -0.0369564 0.0317486 0.995155 -0.0930563 0 
0.0882924 0.212625 -0.0366645 -0.0710193 0.988448 -0.133889 0 
0.08898 0.213246 -0.0370268 0.112252 0.992125 -0.055559 0 
0.0889055 0.213174 -0.0367117 -0.0369209 0.992389 -0.117476 0 
0.087402 0.212383 -0.0357877 -0.139166 0.963757 -0.227608 0 
0.0877312 0.212403 -0.0363719 -0.140221 0.973967 -0.178118 0 
0.0873538 0.212898 -0.0350789 -0.123614 0.969797 -0.210271 0 
0.0873696 0.212445 -0.0354958 -0.123614 0.969797 -0.210271 0 
0.0872108 0.212107 -0.0351343 -0.123614 0.969797 -0.210271 0 
0.0873156 0.212547 -0.0350093 -0.123614 0.969797 -0.210271 0 
0.0879924 0.213188 -0.0352744 -0.143593 0.966344 -0.213449 0 
0.0888262 0.213957 -0.0366792 0.0377991 0.996817 -0.0701984 0 
0.0882892 0.213269 -0.0355666 -0.131271 0.969879 -0.205191 0 
0.0840898 0.211794 -0.0339763 -0.131783 0.968538 -0.211108 0 
0.0837508 0.21158 -0.0336608 -0.12734 0.96598 -0.225095 0 
0.0862567 0.213255 -0.0337339 -0.152512 0.970179 -0.188397 0 
0.0864164 0.212957 -0.0338592 -0.130567 0.972284 -0.19395 0 
0.086384 0.213018 -0.0335673 -0.159568 0.966491 -0.201082 0 
0.0870803 0.211505 -0.0345087 -0.129016 0.969537 -0.208214 0 
0.0872632 0.211377 -0.0340504 -0.131271 0.969879 -0.205191 0 
0.0854203 0.212911 -0.0333435 -0.173907 0.96368 -0.202674 0 
0.0855426 0.213108 -0.0328573 -0.179692 0.957029 -0.22761 0 
0.0859599 0.213175 -0.0334416 -0.165447 0.965326 -0.201924 0 
0.0854778 0.21323 -0.0322735 -0.141986 0.962642 -0.230565 0 
0.0867888 0.212895 -0.0348325 -0.129016 0.969537 -0.208214 0 
0.0867278 0.212798 -0.0342024 -0.131271 0.969879 -0.205191 0 
0.087615 0.213684 -0.0339813 -0.131015 0.970531 -0.202247 0 
0.0883867 0.213089 -0.0346959 -0.146492 0.965808 -0.213904 0 
0.0852123 0.213303 -0.0319072 -0.147916 0.962105 -0.229073 0 
0.0851583 0.213405 -0.0314207 -0.138365 0.965969 -0.218539 0 
0.0855931 0.213229 -0.0316437 -0.147916 0.962105 -0.229073 0 
0.0858143 0.213452 -0.0312549 -0.138632 0.965244 -0.221553 0 
0.0851042 0.213507 -0.0309342 -0.118006 0.970691 -0.209365 0 
0.083444 0.21301 -0.0294726 -0.175917 0.965588 -0.191554 0 
0.0862998 0.213817 -0.0308664 -0.129267 0.968862 -0.211179 0 
