0.0887489 0.190759 -0.0275856 -0.829481 -0.42817 -0.358652 2 
0.0891442 0.192061 -0.0295449 -0.780726 -0.423637 -0.459346 2 
0.0886969 0.192091 -0.0286455 -0.792568 -0.418075 -0.443902 2 
0.0886213 0.192358 -0.0287586 -0.783057 -0.4199 -0.45881 2 
0.0882954 0.192363 -0.0282649 -0.803989 -0.415635 -0.425264 2 
0.0882072 0.192666 -0.0282856 -0.794827 -0.414342 -0.443362 2 
0.0884339 0.191864 -0.0279459 -0.810592 -0.41409 -0.41409 2 
0.0885837 0.192519 -0.0291496 -0.783057 -0.4199 -0.45881 2 
0.0982141 0.211364 -0.0480489 -0.235132 -0.876131 0.420842 1 
0.0980428 0.211639 -0.0486102 -0.235132 -0.876131 0.420842 1 
0.098093 0.211443 -0.0483119 -0.235132 -0.876131 0.420842 1 
0.0980551 0.211549 -0.0480341 -0.235132 -0.876131 0.420842 1 
0.0978003 0.211725 -0.0482445 -0.230446 -0.881641 0.411829 1 
0.0977172 0.211697 -0.0487852 -0.235132 -0.876131 0.420842 1 
0.0976792 0.211804 -0.0485075 -0.221729 -0.879477 0.421137 1 
0.0976413 0.211911 -0.0482298 -0.221729 -0.879477 0.421137 1 
0.0976161 0.212 -0.0482675 -0.221729 -0.879477 0.421137 1 
0.0984813 0.211117 -0.0474853 -0.234195 -0.878605 0.416181 1 
0.0984435 0.211259 -0.0476534 -0.234195 -0.878605 0.416181 1 
0.0982014 0.211399 -0.0479563 -0.235132 -0.876131 0.420842 1 
0.0977876 0.211761 -0.048152 -0.230446 -0.881641 0.411829 1 
0.0973785 0.211719 -0.047976 -0.189695 -0.877893 0.439682 1 
0.0972016 0.212254 -0.0471257 -0.193273 -0.874891 0.444085 1 
0.0966387 0.212068 -0.047455 -0.125444 -0.866571 0.48303 1 
0.0976037 0.212071 -0.0486207 -0.221729 -0.879477 0.421137 1 
0.0973362 0.212282 -0.0487385 -0.189695 -0.877893 0.439682 1 
0.0973613 0.212175 -0.0484779 -0.189695 -0.877893 0.439682 1 
0.09699 0.212009 -0.0483567 -0.159171 -0.868871 0.468752 1 
0.0969775 0.212063 -0.0484871 -0.159171 -0.868871 0.468752 1 
0.0964224 0.212225 -0.0490576 -0.131149 -0.869043 0.477037 1 
0.0970484 0.212198 -0.0487454 -0.168399 -0.87421 0.455409 1 
0.0966646 0.212086 -0.0487546 -0.131149 -0.869043 0.477037 1 
0.0964222 0.21219 -0.0486118 -0.125444 -0.866571 0.48303 1 
0.0966267 0.212193 -0.0484769 -0.125444 -0.866571 0.48303 1 
0.0962576 0.212635 -0.0471854 -0.0796242 -0.87866 0.470761 1 
0.0959571 0.212587 -0.0470997 -0.0531932 -0.887918 0.456916 1 
0.0955104 0.212706 -0.0473148 -0.119422 -0.923807 0.363757 1 
0.095811 0.212772 -0.0476233 -0.053196 -0.890692 0.451484 1 
0.0957355 0.21304 -0.0477365 -0.115616 -0.90682 0.405353 1 
0.0947209 0.211666 -0.049507 -0.0902984 -0.89326 0.440378 1 
0.094471 0.211475 -0.0497917 -0.0986443 -0.901693 0.420975 1 
0.0944231 0.212298 -0.0491426 -0.0981815 -0.652101 0.751748 1 
0.0943475 0.212565 -0.0492558 -0.156353 -0.684615 0.711939 1 
0.0940242 0.211577 -0.0497837 0.200816 0.103526 0.974143 1 
0.0952227 0.212639 -0.0475446 0.144099 -0.325252 0.934584 1 
0.0946221 0.212596 -0.0480418 -0.0738455 -0.699361 0.710944 1 
0.0952106 0.212764 -0.0485664 0.163847 -0.00564988 0.98647 1 
0.0951475 0.21296 -0.0483265 -0.0977193 -0.614027 0.783213 1 
0.0944553 0.21245 -0.0480087 0.347785 0.654751 0.671079 1 
0.0941803 0.212348 -0.0483311 0.344858 0.648857 0.678276 1 
0.094072 0.212391 -0.0486866 0.343952 0.63737 0.689533 1 
0.0949225 0.212626 -0.0479047 -0.0439928 -0.665568 0.745039 1 
0.0948969 0.212662 -0.0472737 0.0841235 -0.531832 0.842661 1 
0.0935796 0.212287 -0.0486056 0.340691 0.621069 0.705835 1 
0.0924079 0.211654 -0.0485222 0.362713 0.625311 0.69096 1 
0.0936956 0.212557 -0.0480455 0.347541 0.634711 0.690187 1 
0.0926932 0.212749 -0.0477165 0.372432 0.608688 0.700566 1 
0.0961062 0.213134 -0.0469661 -0.0589848 -0.884772 0.462276 1 
0.0957224 0.213022 -0.0469753 0.275688 0.108446 0.95511 1 
0.0955836 0.213467 -0.0466257 0.188475 -0.225903 0.955743 1 
0.0953083 0.213329 -0.0465022 0.171801 -0.328237 0.928841 1 
0.0952831 0.213419 -0.04654 0.123548 -0.384525 0.914809 1 
0.0950964 0.213031 -0.0470646 0.029052 -0.563056 0.825908 1 
0.0949197 0.213602 -0.0466601 0.331376 0.526679 0.782815 1 
0.0942656 0.212985 -0.0466201 0.332894 0.767104 0.548391 1 
0.0941573 0.213046 -0.0471985 0.3474 0.696432 0.62793 1 
0.0941901 0.21327 -0.0469562 0.355692 0.680241 0.640902 1 
0.0943061 0.21354 -0.0463962 0.350869 0.761563 0.544897 1 
0.0943095 0.212672 -0.0489781 -0.123651 -0.70168 0.70168 1 
0.0938426 0.212514 -0.049305 -0.130328 -0.702572 0.699576 1 
0.0921001 0.213001 -0.0477864 0.410146 0.616049 0.672506 1 
0.0940386 0.213751 -0.046514 0.363101 0.662125 0.655553 1 
0.0937255 0.213738 -0.0463357 0.361841 0.715495 0.59761 1 
0.0934376 0.213654 -0.0463427 0.370241 0.676306 0.636814 1 
0.0929125 0.213325 -0.0465038 0.383954 0.631135 0.673979 1 
0.0926149 0.213992 -0.0465852 0.391632 0.609756 0.689074 1 
0.0924859 0.213704 -0.046384 0.398555 0.597006 0.696231 1 
0.0931019 0.214392 -0.0457005 0.392142 0.666807 0.633714 1 
0.0919436 0.212176 -0.0485704 0.380291 0.630526 0.676621 1 
0.0917763 0.211941 -0.0474228 0.394077 0.598535 0.697466 1 
0.0919381 0.212453 -0.0473817 0.394416 0.585848 0.707968 1 
0.0914657 0.21259 -0.0467429 0.417618 0.623931 0.660535 1 
0.0914024 0.212768 -0.04628 0.432309 0.635945 0.639283 1 
0.0918497 0.212738 -0.0471795 0.406073 0.601651 0.687838 1 
0.0970828 0.211807 -0.0367081 0.210777 0.95454 -0.210777 1 
0.0970953 0.211754 -0.0365778 0.210777 0.95454 -0.210777 1 
0.0971533 0.211889 -0.0362978 0.303619 0.907922 -0.288951 1 
0.0969944 0.212092 -0.0365059 0.203878 0.958095 -0.201213 1 
0.0967042 0.211364 -0.0372374 0.0593541 0.977526 -0.202288 1 
0.0965454 0.211585 -0.0376684 -0.0651398 0.984203 -0.164626 1 
0.0968205 0.211687 -0.037346 0.0593541 0.977526 -0.202288 1 
0.0967323 0.21199 -0.0373666 0.0593541 0.977526 -0.202288 1 
0.0964191 0.211977 -0.0371884 0.0593541 0.977526 -0.202288 1 
0.0967698 0.21183 -0.0369757 0.194273 0.949627 -0.245898 1 
0.0965527 0.211845 -0.0367951 0.194273 0.949627 -0.245898 1 
0.0963811 0.212084 -0.0369107 0.0542667 0.978007 -0.20139 1 
0.0961437 0.211822 -0.0368421 0.0517394 0.978236 -0.200941 1 
0.0965147 0.211952 -0.0365174 0.188958 0.955511 -0.226482 1 
0.0961183 0.211875 -0.036434 0.192407 0.953961 -0.230081 1 
0.0957675 0.212022 -0.0366467 0.0542667 0.978007 -0.20139 1 
0.0964698 0.211853 -0.0377816 -0.0651398 0.984203 -0.164626 1 
0.0965278 0.211988 -0.0375016 0.069792 0.975864 -0.206927 1 
0.0963687 0.212155 -0.0372639 0.0591028 0.978212 -0.19902 1 
0.0961061 0.211982 -0.037233 -0.00803072 0.983189 -0.182412 1 
0.0958434 0.211809 -0.0372022 -0.090092 0.983805 -0.154958 1 
0.0955757 0.211984 -0.0368742 -0.0555233 0.984062 -0.168933 1 
0.0955253 0.212145 -0.0367268 0.0542667 0.978007 -0.20139 1 
0.0954196 0.211213 -0.0383269 0.750561 0.282058 -0.59758 1 
0.0952934 0.211605 -0.0378469 0.768465 0.28045 -0.57516 1 
0.0973954 0.211749 -0.0359948 0.246932 0.916969 -0.313358 1 
0.0976831 0.211797 -0.0355421 0.246932 0.916969 -0.313358 1 
0.0979075 0.212042 -0.0348495 0.246932 0.916969 -0.313358 1 
0.0978823 0.212131 -0.0348872 0.246932 0.916969 -0.313358 1 
0.097428 0.211937 -0.0353067 0.246932 0.916969 -0.313358 1 
0.0975314 0.212261 -0.034877 0.246932 0.916969 -0.313358 1 
0.0973648 0.212115 -0.0348439 0.246932 0.916969 -0.313358 1 
0.097032 0.211932 -0.0361149 0.303619 0.907922 -0.288951 1 
0.0974282 0.211973 -0.0357526 0.246932 0.916969 -0.313358 1 
0.0972943 0.212052 -0.0354771 0.246932 0.916969 -0.313358 1 
0.0972766 0.212436 -0.0350874 0.246932 0.916969 -0.313358 1 
0.096815 0.211965 -0.0361573 0.303619 0.907922 -0.288951 1 
0.0968022 0.211983 -0.0358418 0.246932 0.916969 -0.313358 1 
0.0966683 0.212061 -0.0355664 0.246932 0.916969 -0.313358 1 
0.0964512 0.212094 -0.0356087 0.246932 0.916969 -0.313358 1 
0.0961306 0.211786 -0.0358579 0.246932 0.916969 -0.313358 1 
0.096656 0.212151 -0.0361425 0.303619 0.907922 -0.288951 1 
0.0962926 0.212334 -0.0362626 0.219118 0.944 -0.24668 1 
0.0961258 0.21217 -0.0360066 0.303619 0.907922 -0.288951 1 
0.0964261 0.212201 -0.0358694 0.246932 0.916969 -0.313358 1 
0.0963756 0.212362 -0.035722 0.246932 0.916969 -0.313358 1 
0.0961383 0.212117 -0.0358763 0.246932 0.916969 -0.313358 1 
0.0963049 0.212244 -0.0356865 0.246932 0.916969 -0.313358 1 
0.0958255 0.212157 -0.0363667 0.0438733 0.980627 -0.190908 1 
0.0959542 0.21241 -0.0361221 0.219118 0.944 -0.24668 1 
0.0954619 0.212305 -0.036041 0.219118 0.944 -0.24668 1 
0.0884036 0.204555 -0.0382356 -0.508448 -0.221396 -0.832144 1 
0.0888408 0.205222 -0.0385408 -0.600808 -0.386821 -0.699571 1 
0.0887526 0.205525 -0.0385614 -0.603197 -0.361264 -0.711085 1 
0.0881899 0.205375 -0.0393365 -0.633811 -0.282581 -0.720022 1 
0.0881143 0.205642 -0.0394497 -0.627617 -0.279473 -0.72663 1 
0.0884902 0.205388 -0.0389764 -0.610859 -0.358655 -0.705845 1 
0.0884522 0.205494 -0.0386986 -0.610859 -0.358655 -0.705845 1 
0.0883638 0.20578 -0.0384964 -0.614196 -0.37708 -0.693235 1 
0.0880384 0.205856 -0.0388943 -0.613 -0.318631 -0.722984 1 
0.087763 0.2057 -0.038548 -0.615769 -0.30065 -0.728312 1 
0.0878845 0.205693 -0.0391766 -0.615746 -0.286282 -0.734097 1 
0.0887473 0.205838 -0.0378185 -0.615506 -0.406466 -0.675232 1 
0.0889516 0.205823 -0.0374608 -0.604492 -0.453787 -0.654727 1 
0.0891131 0.2063 -0.0369738 -0.614274 -0.431157 -0.660886 1 
0.0886239 0.206946 -0.0375056 -0.605407 -0.285931 -0.742782 1 
0.0886487 0.20513 -0.0380996 -0.605685 -0.409875 -0.682018 1 
0.0887646 0.2054 -0.0375395 -0.594899 -0.460837 -0.658578 1 
0.088765 0.205454 -0.0382082 -0.607761 -0.387056 -0.693407 1 
0.0887266 0.205489 -0.0370389 -0.601359 -0.493552 -0.62831 1 
0.0886007 0.205953 -0.0374505 -0.612296 -0.416494 -0.672032 1 
0.0885102 0.205629 -0.0384187 -0.608965 -0.394424 -0.68818 1 
0.088134 0.20583 -0.0382233 -0.616241 -0.376318 -0.691833 1 
0.0886515 0.205828 -0.0380437 -0.615506 -0.406466 -0.675232 1 
0.0878965 0.205568 -0.0381547 -0.614948 -0.3507 -0.706293 1 
0.0874246 0.205758 -0.0381845 -0.621816 -0.350894 -0.700155 1 
0.0870988 0.205781 -0.0379137 -0.626507 -0.376562 -0.682415 1 
0.0874318 0.206018 -0.0373113 -0.620439 -0.37358 -0.68956 1 
0.0873057 0.206446 -0.0372771 -0.629272 -0.372963 -0.681848 1 
0.0878483 0.206337 -0.036837 -0.62951 -0.394889 -0.669164 1 
0.0879849 0.206956 -0.0370565 -0.620924 -0.383754 -0.68351 1 
0.0879973 0.206884 -0.0367032 -0.616662 -0.39182 -0.682792 1 
0.087255 0.20657 -0.0366839 -0.632549 -0.406757 -0.659113 1 
0.0876715 0.206907 -0.0364325 -0.627784 -0.405823 -0.664225 1 
0.0880105 0.20692 -0.0376874 -0.615642 -0.315093 -0.722289 1 
0.0873713 0.206894 -0.0367926 -0.630626 -0.40221 -0.66373 1 
0.0876288 0.207398 -0.0363034 -0.578703 -0.632693 -0.51459 1 
0.0878787 0.207607 -0.0362416 -0.427958 -0.875302 -0.225163 1 
0.087341 0.207314 -0.0363103 0.0227912 -0.883493 0.467889 1 
0.0867525 0.207163 -0.0360086 0.0549096 -0.829276 0.556136 1 
0.0869445 0.207237 -0.0362269 0.0513729 -0.853901 0.517894 1 
0.0865212 0.205057 -0.0397665 -0.556696 -0.830209 0.029009 1 
0.0864602 0.205844 -0.0381333 -0.643503 -0.358593 -0.676251 1 
0.0869473 0.206262 -0.0374715 -0.638684 -0.38123 -0.668391 1 
0.0860964 0.205974 -0.0375847 -0.238007 -0.9395 0.246358 1 
0.086821 0.206654 -0.0369915 -0.630513 -0.443199 -0.637203 1 
0.0857023 0.206523 -0.0365539 0.0724611 -0.82833 0.555535 1 
0.0858562 0.206686 -0.0362716 0.0845461 -0.823966 0.560297 1 
0.085331 0.206339 -0.0362099 0.103044 -0.822902 0.558761 1 
0.0848058 0.20601 -0.0363711 0.103044 -0.822902 0.558761 1 
0.086157 0.206771 -0.0368031 0.0429113 -0.848537 0.527394 1 
0.085869 0.206668 -0.0365871 0.0578458 -0.822539 0.56576 1 
0.0856645 0.206648 -0.0364991 0.0845461 -0.823966 0.560297 1 
0.0855684 0.206602 -0.0362785 0.103044 -0.822902 0.558761 1 
0.0852302 0.206696 -0.0363609 0.103044 -0.822902 0.558761 1 
0.0851922 0.206803 -0.0360832 0.103044 -0.822902 0.558761 1 
0.0849675 0.206522 -0.0363301 0.103044 -0.822902 0.558761 1 
0.0844424 0.206194 -0.0364913 0.103044 -0.822902 0.558761 1 
0.0848161 0.207004 -0.0358878 0.103044 -0.822902 0.558761 1 
0.0842981 0.206934 -0.0351758 0.188495 -0.758579 0.623721 1 
0.0841973 0.207291 -0.0353268 0.205788 -0.741146 0.639026 1 
0.0842022 0.206906 -0.0351781 0.205788 -0.741146 0.639026 1 
0.0841014 0.207263 -0.0353291 0.223054 -0.750271 0.622366 1 
0.0886938 0.199995 -0.0468108 -0.326732 0.326732 -0.886844 1 
0.090817 0.200542 -0.0464069 -0.0947322 0.607743 -0.788463 1 
0.0911327 0.201235 -0.0463065 -0.0887631 0.621342 -0.778496 1 
0.0903905 0.200939 -0.04651 -0.0947322 0.607743 -0.788463 1 
0.0906027 0.201272 -0.0463934 -0.0887631 0.621342 -0.778496 1 
0.0895067 0.20039 -0.0464198 -0.234101 0.454609 -0.859376 1 
0.0888554 0.200489 -0.0465468 -0.277593 0.376626 -0.883796 1 
0.08908 0.200751 -0.046077 -0.211911 0.529016 -0.821728 1 
0.089643 0.200956 -0.0459707 -0.193378 0.555771 -0.808532 1 
0.0904277 0.20238 -0.043927 -0.340868 0.764126 -0.54765 1 
0.0903904 0.202594 -0.0449866 -0.0499286 0.717545 -0.69472 1 
0.0902769 0.202968 -0.0448222 -0.0768756 0.7499 -0.657069 1 
0.0902138 0.203164 -0.0445821 -0.082647 0.778622 -0.622027 1 
0.089196 0.202694 -0.0442165 -0.419406 0.738484 -0.527958 1 
0.0886458 0.20249 -0.0448612 -0.406644 0.759395 -0.507897 1 
0.0888328 0.202913 -0.0447824 -0.306871 0.747095 -0.589643 1 
0.0882116 0.202538 -0.044723 -0.460879 0.735093 -0.497221 1 
0.0888705 0.202771 -0.0446144 -0.385553 0.723528 -0.572588 1 
0.0888985 0.203379 -0.0445207 -0.211532 0.782822 -0.585187 1 
0.089287 0.203089 -0.04414 -0.419692 0.735696 -0.53161 1 
0.0892239 0.203303 -0.0441229 -0.254518 0.801028 -0.541826 1 
0.0889108 0.20329 -0.0439446 -0.534037 0.681358 -0.500555 1 
0.088045 0.202411 -0.0449128 -0.497552 0.710551 -0.497552 1 
0.0937836 0.199426 -0.0478407 -0.0514674 0.524411 -0.849908 1 
0.0935791 0.199406 -0.0477527 -0.0637226 0.55651 -0.828393 1 
0.0932659 0.199393 -0.0475744 -0.0609663 0.579889 -0.812411 1 
0.0937634 0.200822 -0.0466521 -0.0468341 0.645742 -0.762118 1 
0.0938662 0.199383 -0.0464084 -0.0552001 0.590217 -0.805355 1 
0.0935938 0.199961 -0.046452 -0.0792482 0.606609 -0.791041 1 
0.093114 0.19982 -0.0464635 -0.0792482 0.606609 -0.791041 1 
0.093728 0.199936 -0.0473961 -0.0553591 0.594756 -0.801998 1 
0.0936398 0.200239 -0.0474168 -0.0611559 0.595915 -0.800716 1 
0.0931649 0.199714 -0.0472796 -0.0792482 0.606609 -0.791041 1 
0.0927938 0.199566 -0.0473814 -0.0792482 0.606609 -0.791041 1 
0.0938013 0.200715 -0.0469299 -0.0855642 0.625053 -0.775878 1 
0.0937002 0.201018 -0.0464122 -0.0468341 0.645742 -0.762118 1 
0.0939252 0.201334 -0.0466111 -0.0768543 0.653987 -0.752592 1 
0.093337 0.201237 -0.0469781 -0.0468341 0.645742 -0.762118 1 
0.0937553 0.200437 -0.0459651 -0.0468341 0.645742 -0.762118 1 
0.0949501 0.202063 -0.0461035 -0.0439928 0.665568 -0.745039 1 
0.0938745 0.201476 -0.0462408 -0.0768543 0.653987 -0.752592 1 
0.0940283 0.201622 -0.0457356 -0.0920185 0.655814 -0.749293 1 
0.0940235 0.202006 -0.0458842 -0.0766637 0.649472 -0.756511 1 
0.093473 0.201748 -0.0458603 -0.0947894 0.62561 -0.774356 1 
0.0939731 0.202184 -0.0459597 -0.0766637 0.649472 -0.756511 1 
0.0938016 0.202424 -0.0460752 -0.0238432 0.660598 -0.750361 1 
0.0936349 0.202278 -0.0460421 -0.0978125 0.620453 -0.77812 1 
0.0936726 0.202136 -0.045874 -0.0978125 0.620453 -0.77812 1 
0.0928218 0.201847 -0.0459873 -0.0887631 0.621342 -0.778496 1 
0.0922839 0.201536 -0.0458331 -0.0887631 0.621342 -0.778496 1 
0.0919838 0.201559 -0.046639 -0.0887631 0.621342 -0.778496 1 
0.093188 0.202362 -0.0458113 -0.0947894 0.62561 -0.774356 1 
0.093284 0.202408 -0.0460319 -0.0978125 0.620453 -0.77812 1 
0.0927866 0.202652 -0.0456537 -0.0887631 0.621342 -0.778496 1 
0.0924961 0.201888 -0.0459394 -0.0887631 0.621342 -0.778496 1 
0.0921375 0.201686 -0.0459108 -0.0887631 0.621342 -0.778496 1 
0.0923826 0.202262 -0.0457749 -0.0887631 0.621342 -0.778496 1 
0.0942833 0.203137 -0.0444476 0.344854 0.844189 -0.410391 1 
0.0938489 0.203167 -0.0440865 0.327439 0.875708 -0.354852 1 
0.0927182 0.203161 -0.0446708 0.00414035 0.771485 -0.636234 1 
0.0927431 0.203036 -0.0441873 0.127443 0.833509 -0.537606 1 
0.0917236 0.20203 -0.0458836 -0.0887631 0.621342 -0.778496 1 
0.0930534 0.204007 -0.0428981 0.538615 0.805595 -0.246801 1 
0.0919148 0.203634 -0.0430183 0.346235 0.896049 -0.277879 1 
0.0931096 0.203587 -0.044457 0.113207 0.795386 -0.595437 1 
0.0931549 0.203757 -0.0440845 0.225303 0.826109 -0.51651 1 
0.0924959 0.203525 -0.0441931 0.127861 0.818605 -0.559944 1 
0.0918645 0.20383 -0.0433167 0.134264 0.900275 -0.414098 1 
0.0946842 0.210835 -0.0421709 -0.439138 0.789152 0.429415 1 
0.095406 0.210818 -0.0416336 -0.480458 0.867134 0.131296 1 
0.0949214 0.211062 -0.0417937 -0.568377 0.728898 0.381648 1 
0.0943711 0.21084 -0.0422156 -0.438054 0.759622 0.480711 1 
0.0943661 0.211189 -0.0419185 -0.520965 0.714038 0.467703 1 
0.0940403 0.211212 -0.0416476 -0.594911 0.615135 0.517387 1 
0.0938336 0.210583 -0.04273 -0.00133459 0.868817 0.495132 1 
0.0940327 0.210898 -0.0418522 -0.540454 0.644841 0.540454 1 
0.0935528 0.21074 -0.0416408 -0.517423 0.648885 0.557873 1 
0.0927901 0.210131 -0.0415105 -0.540258 0.536892 0.647973 1 
0.0936696 0.211135 -0.042641 0.0535075 0.882188 0.467848 1 
0.0938031 0.210985 -0.0420248 -0.473998 0.710166 0.520567 1 
0.0948706 0.211187 -0.0412005 -0.581764 0.754851 0.302902 1 
0.095459 0.21132 -0.0412794 -0.416018 0.908284 0.0441434 1 
0.095421 0.211427 -0.0410016 -0.402643 0.915334 0.00647337 1 
0.095204 0.211477 -0.0412669 -0.430553 0.900494 0.0611195 1 
0.0944413 0.210868 -0.0411365 -0.577755 0.742828 0.338238 1 
0.0941535 0.210784 -0.0411434 -0.586257 0.701856 0.4046 1 
0.0945703 0.211156 -0.0413377 -0.564979 0.74408 0.356572 1 
0.0943909 0.211046 -0.0412121 -0.577876 0.734147 0.356493 1 
0.0940654 0.211105 -0.041387 -0.600517 0.654045 0.460006 1 
0.0929768 0.210518 -0.0409859 -0.569241 0.599646 0.562485 1 
0.0927016 0.21038 -0.0408625 -0.588786 0.531426 0.609031 1 
0.0926386 0.210612 -0.0410683 -0.524379 0.588451 0.615429 1 
0.0931185 0.21077 -0.0412797 -0.542401 0.626887 0.559298 1 
0.0928685 0.210561 -0.0413414 -0.47931 0.623944 0.617217 1 
0.0926514 0.210594 -0.0413838 -0.497175 0.605037 0.62189 1 
0.0935298 0.211438 -0.0405082 -0.643439 0.626727 0.439544 1 
0.0926255 0.210576 -0.0400841 -0.650735 0.559934 0.512853 1 
0.0917668 0.208266 -0.0412566 -0.323165 0.567548 0.757267 1 
0.0918704 0.208625 -0.0412727 -0.446815 0.53651 0.7159 1 
0.0916157 0.2088 -0.0414831 -0.455221 0.551934 0.698672 1 
0.09229 0.209695 -0.0414111 -0.543883 0.520309 0.658384 1 
0.0919036 0.208903 -0.0416991 -0.47111 0.517722 0.714156 1 
0.0919819 0.209315 -0.0413071 -0.50535 0.53557 0.676598 1 
0.0920698 0.208976 -0.0408407 -0.533115 0.536479 0.654201 1 
0.0919563 0.209351 -0.0406761 -0.539598 0.52615 0.657267 1 
0.0918431 0.209779 -0.0411803 -0.543883 0.520309 0.658384 1 
0.0913127 0.209781 -0.0408215 -0.494569 0.554923 0.668926 1 
0.0918439 0.209903 -0.0427406 -0.583995 0.587381 0.560297 1 
0.0923561 0.210214 -0.0418181 -0.573366 0.546305 0.610576 1 
0.0921388 0.21023 -0.0416375 -0.558552 0.551802 0.619301 1 
0.0920936 0.210077 -0.042233 -0.510374 0.6047 0.611438 1 
0.0918512 0.210163 -0.0418673 -0.520841 0.588264 0.618604 1 
0.0920303 0.210237 -0.0415473 -0.558552 0.551802 0.619301 1 
0.0920886 0.210426 -0.0419359 -0.559189 0.58622 0.58622 1 
0.0917424 0.210153 -0.0415542 -0.494925 0.562034 0.662697 1 
0.0915184 0.209962 -0.0429155 -0.666075 0.551986 0.501653 1 
0.0922553 0.210571 -0.041969 -0.58073 0.577344 0.573957 1 
0.0916923 0.210367 -0.0420754 -0.53845 0.599215 0.592464 1 
0.0922549 0.2105 -0.0410775 -0.53145 0.551695 0.642801 1 
0.0920679 0.210077 -0.0411563 -0.537208 0.527104 0.658459 1 
0.0922676 0.210482 -0.0413929 -0.537422 0.550899 0.638504 1 
0.0913003 0.209852 -0.0411747 -0.486634 0.543491 0.683963 1 
0.0936207 0.200948 -0.0335417 -0.597853 0.800419 0.0436081 1 
0.0942542 0.201233 -0.0330251 -0.606072 0.794503 -0.0379674 1 
0.0938705 0.201121 -0.0330342 -0.61375 0.789499 -0.00137304 1 
0.0930957 0.200637 -0.0339258 -0.60677 0.78807 0.103809 1 
0.0931658 0.200665 -0.0328468 -0.645588 0.763222 0.0266077 1 
0.0931534 0.200736 -0.0332 -0.634772 0.771099 0.0497025 1 
0.0932569 0.201059 -0.0327703 -0.60941 0.79265 0.0180463 1 
0.0928024 0.20083 -0.032744 -0.653294 0.756814 0.0209837 1 
0.0927519 0.201008 -0.0328195 -0.641453 0.766062 0.0410643 1 
0.0923274 0.200305 -0.0326069 -0.750166 0.658367 0.0616771 1 
0.0922266 0.200661 -0.0327578 -0.72401 0.686437 0.0679211 1 
0.0921308 0.200651 -0.0329831 -0.708662 0.699895 0.0891307 1 
0.0915422 0.198809 -0.0337589 -0.864769 0.41332 0.285206 1 
0.0920824 0.199729 -0.0327428 -0.868376 0.472734 0.14982 1 
0.0909593 0.200054 -0.0333455 -0.836541 0.493972 0.237045 1 
0.0911637 0.200039 -0.0329877 -0.848034 0.477873 0.229075 1 
0.0919185 0.200281 -0.0326538 -0.795386 0.595437 0.113207 1 
0.0917139 0.200261 -0.0325658 -0.816969 0.565594 0.112534 1 
0.0913805 0.19997 -0.0324995 -0.867357 0.472439 0.156505 1 
0.0911131 0.200181 -0.0326173 -0.828027 0.534549 0.169199 1 
0.091689 0.200386 -0.0330493 -0.76919 0.622249 0.145441 1 
0.0904214 0.199743 -0.0331912 -0.855169 0.437564 0.277892 1 
0.0908634 0.200026 -0.0333478 -0.83908 0.486268 0.243901 1 
0.0907244 0.200454 -0.0327752 -0.800499 0.573514 0.174021 1 
0.0903005 0.19984 -0.0336771 -0.851181 0.444831 0.278596 1 
0.0899748 0.19988 -0.0336291 -0.848851 0.445223 0.285005 1 
0.0902878 0.199857 -0.0333616 -0.857527 0.435642 0.273614 1 
0.0899116 0.200058 -0.0331662 -0.858241 0.436005 0.270782 1 
0.0899947 0.200104 -0.0328485 -0.867758 0.430106 0.249009 1 
0.0894571 0.199846 -0.0333629 -0.860994 0.406708 0.305415 1 
0.0936789 0.201118 -0.0337075 -0.591533 0.805103 0.0435571 1 
0.0942418 0.201305 -0.0333782 -0.599766 0.800146 0.00686231 1 
0.093603 0.201332 -0.033152 -0.598277 0.800942 0.0235979 1 
0.093565 0.201439 -0.0328743 -0.588208 0.808614 0.0123978 1 
0.0928406 0.200776 -0.0336904 -0.614465 0.781647 0.107055 1 
0.0927775 0.200972 -0.0334505 -0.616897 0.782371 0.0856398 1 
0.0927647 0.20099 -0.033135 -0.642531 0.763275 0.0675592 1 
0.0924517 0.200995 -0.0331796 -0.66161 0.743761 0.095354 1 
0.0891089 0.200656 -0.0330739 -0.806451 0.5474 0.223586 1 
0.089046 0.200888 -0.0332797 -0.725226 0.663896 0.182456 1 
0.0952782 0.201802 -0.0305114 -0.17197 0.939646 -0.295789 1 
0.0952175 0.202642 -0.0295468 -0.15173 0.94932 -0.275263 1 
0.0952758 0.202831 -0.0299355 -0.157488 0.948964 -0.273248 1 
0.0949172 0.202629 -0.029907 -0.141894 0.944606 -0.295949 1 
0.0947405 0.201527 -0.0308029 -0.154835 0.938604 -0.3083 1 
0.093915 0.201167 -0.0311014 -0.201253 0.904917 -0.374997 1 
0.093239 0.201426 -0.0321577 -0.555648 0.829973 -0.0489866 1 
0.0946069 0.201641 -0.0309733 -0.158458 0.935589 -0.315537 1 
0.0942939 0.201664 -0.0312408 -0.232229 0.933138 -0.274452 1 
0.094256 0.201771 -0.0309631 -0.161417 0.934012 -0.318695 1 
0.0921276 0.199882 -0.0321473 -0.813238 0.580082 0.0463504 1 
0.0924558 0.200503 -0.0316936 -0.595917 0.792079 -0.132261 1 
0.0927432 0.200516 -0.0307951 -0.208477 0.879744 -0.427304 1 
0.093319 0.200703 -0.0310042 -0.194278 0.889588 -0.413388 1 
0.0929259 0.201413 -0.0319795 -0.543342 0.836887 -0.06633 1 
0.0926633 0.20124 -0.0319486 -0.56715 0.818255 -0.0938035 1 
0.0922895 0.200412 -0.0323292 -0.73709 0.67555 0.0181825 1 
0.0922515 0.200519 -0.0320514 -0.724949 0.688631 -0.015365 1 
0.0919888 0.200345 -0.0320206 -0.735674 0.677265 -0.00973482 1 
0.0923502 0.201244 -0.0319932 -0.588169 0.805692 -0.0701224 1 
0.0920876 0.201071 -0.0319624 -0.603554 0.795786 -0.0494716 1 
0.0929631 0.201199 -0.0309198 -0.176042 0.905971 -0.385002 1 
0.0929759 0.201181 -0.0312353 -0.264991 0.906239 -0.329408 1 
0.0921756 0.200732 -0.031496 -0.508461 0.837376 -0.200669 1 
0.0920544 0.200793 -0.031536 -0.513823 0.836281 -0.191365 1 
0.0924001 0.200995 -0.0310262 -0.208477 0.879744 -0.427304 1 
0.0917366 0.201183 -0.0317293 -0.587687 0.80428 -0.0880809 1 
0.091749 0.201111 -0.0313761 -0.415299 0.877075 -0.241383 1 
0.0947026 0.201633 -0.0305252 -0.151118 0.940741 -0.303596 1 
0.0932761 0.201176 -0.0306523 -0.166583 0.9098 -0.380151 1 
0.0945942 0.201677 -0.0308807 -0.158458 0.935589 -0.315537 1 
0.0943643 0.201727 -0.0306076 -0.158458 0.935589 -0.315537 1 
0.093564 0.201278 -0.0308682 -0.175513 0.908959 -0.378138 1 
0.0933796 0.201518 -0.0304454 -0.172495 0.924182 -0.340783 1 
0.0935287 0.202065 -0.0303118 -0.161417 0.934012 -0.318695 1 
0.0944172 0.202193 -0.0298076 -0.14178 0.943848 -0.298413 1 
0.0943795 0.202354 -0.0301985 -0.14178 0.943848 -0.298413 1 
0.0941876 0.202298 -0.0302031 -0.151118 0.940741 -0.303596 1 
0.0932406 0.201945 -0.0298729 -0.15778 0.937074 -0.311443 1 
0.0937787 0.202274 -0.03025 -0.151768 0.939322 -0.307638 1 
0.0935361 0.202343 -0.0296614 -0.151118 0.940741 -0.303596 1 
0.0928617 0.201448 -0.0297334 -0.1519 0.937401 -0.313379 1 
0.0930536 0.201505 -0.0297288 -0.161417 0.934012 -0.318695 1 
0.0925739 0.201364 -0.0297403 -0.153324 0.932375 -0.327367 1 
0.0927278 0.201527 -0.029458 -0.15778 0.937074 -0.311443 1 
0.0926625 0.201132 -0.0306113 -0.170297 0.905867 -0.38782 1 
0.0927659 0.201456 -0.0301815 -0.15434 0.927432 -0.340661 1 
0.0926246 0.201239 -0.0303335 -0.166583 0.9098 -0.380151 1 
0.0925993 0.201311 -0.0301484 -0.162642 0.915037 -0.369126 1 
0.0914132 0.200177 -0.0320343 -0.827302 0.555821 0.0814443 1 
0.0913376 0.200444 -0.0321476 -0.78979 0.61113 0.0524636 1 
0.0912746 0.200658 -0.0321305 -0.756964 0.652652 0.0324212 1 
0.0910374 0.200431 -0.0325077 -0.793183 0.594517 0.13195 1 
0.0908076 0.2005 -0.0324575 -0.773639 0.622757 0.116859 1 
0.0909614 0.200645 -0.0319523 -0.756766 0.653253 0.0237801 1 
0.0915494 0.200724 -0.0313624 -0.528414 0.819424 -0.222087 1 
0.0914988 0.200867 -0.030992 -0.225758 0.871635 -0.43507 1 
0.091691 0.200976 -0.0316561 -0.583384 0.801968 -0.128492 1 
0.0914032 0.200892 -0.031663 -0.573448 0.807569 -0.137805 1 
0.0914232 0.201134 -0.0311053 -0.220232 0.885364 -0.409425 1 
0.091123 0.201121 -0.0314654 -0.443458 0.870492 -0.213517 1 
0.091047 0.201335 -0.0309099 -0.204556 0.884448 -0.419414 1 
0.0910091 0.201442 -0.0306322 -0.189333 0.900414 -0.391673 1 
0.0911882 0.201516 -0.0303121 -0.166583 0.9098 -0.380151 1 
0.0932655 0.201803 -0.0291664 -0.151118 0.940741 -0.303596 1 
0.0929848 0.20196 -0.0280772 -0.118801 0.946405 -0.30034 1 
0.0932851 0.201991 -0.02794 -0.0989047 0.948167 -0.301989 1 
0.0927858 0.201662 -0.029178 -0.154299 0.940812 -0.30177 1 
0.092523 0.201471 -0.0289242 -0.154299 0.940812 -0.30177 1 
0.0927478 0.201769 -0.0289002 -0.151118 0.940741 -0.303596 1 
0.0929017 0.201932 -0.0286179 -0.136494 0.941944 -0.306774 1 
0.0925637 0.202062 -0.029146 -0.151768 0.939322 -0.307638 1 
0.0926974 0.201947 -0.0289757 -0.151118 0.940741 -0.303596 1 
0.0926343 0.202143 -0.0287357 -0.136494 0.941944 -0.306774 1 
0.0923592 0.202041 -0.0290581 -0.154299 0.940812 -0.30177 1 
0.0927882 0.202306 -0.0284534 -0.124801 0.943391 -0.307307 1 
0.0929092 0.202228 -0.0281905 -0.118801 0.946405 -0.30034 1 
0.0927957 0.202602 -0.028026 -0.0960517 0.948675 -0.301313 1 
0.0924374 0.202454 -0.0286661 -0.13361 0.943366 -0.303659 1 
0.093222 0.202187 -0.0277 -0.0909178 0.944754 -0.314918 1 
0.0932093 0.202205 -0.0273846 -0.086663 0.95588 -0.280685 1 
0.0928838 0.202281 -0.0277824 -0.090535 0.94865 -0.303096 1 
0.0930377 0.202444 -0.0275001 -0.086663 0.95588 -0.280685 1 
0.0930753 0.202284 -0.0271091 -0.0819017 0.95032 -0.300306 1 
0.0928334 0.202459 -0.0278579 -0.0928922 0.951164 -0.294377 1 
0.093 0.202587 -0.0276681 -0.0925023 0.952383 -0.290535 1 
0.0927577 0.202709 -0.0277482 -0.090535 0.94865 -0.303096 1 
0.0927702 0.202637 -0.027395 -0.0835935 0.95811 -0.273929 1 
0.0928631 0.201663 -0.0324082 -0.556887 0.830587 -0.00135496 1 
0.092613 0.201436 -0.032247 -0.584628 0.810666 -0.0320918 1 
0.0927293 0.201759 -0.0323556 -0.556887 0.830587 -0.00135496 1 
0.092012 0.201338 -0.0320756 -0.577502 0.814716 -0.0522435 1 
0.0922747 0.20153 -0.0323293 -0.578269 0.815649 -0.0179415 1 
0.0920123 0.201392 -0.0327443 -0.585839 0.809548 0.0377509 1 
0.0916611 0.201468 -0.0320654 -0.575712 0.816643 -0.040622 1 
0.0915223 0.201913 -0.0317158 -0.467687 0.877091 -0.109459 1 
0.0907974 0.201179 -0.0316404 -0.547508 0.822008 -0.156644 1 
0.0909842 0.201584 -0.0313386 -0.334098 0.908922 -0.249479 1 
0.090217 0.201413 -0.0320257 -0.647263 0.761897 -0.0237656 1 
0.0907468 0.201322 -0.03127 -0.314999 0.894238 -0.317984 1 
0.0906708 0.201518 -0.0304917 -0.182453 0.906517 -0.380708 1 
0.0905952 0.201785 -0.0306049 -0.166583 0.9098 -0.380151 1 
0.0903706 0.201523 -0.0310747 -0.190927 0.89342 -0.40663 1 
0.0907087 0.201411 -0.0307694 -0.187089 0.897736 -0.398833 1 
0.0906581 0.201553 -0.0303991 -0.166583 0.9098 -0.380151 1 
0.0905696 0.201821 -0.029974 -0.153324 0.932375 -0.327367 1 
0.0902567 0.201843 -0.0302415 -0.15434 0.927432 -0.340661 1 
0.0903651 0.2018 -0.029886 -0.147274 0.931815 -0.33171 1 
0.0899689 0.201759 -0.0302484 -0.13915 0.929965 -0.340298 1 
0.0900523 0.201841 -0.0303764 -0.13915 0.929965 -0.340298 1 
0.0909104 0.202389 -0.0293899 -0.137193 0.938621 -0.316496 1 
0.0885076 0.200505 -0.0322339 -0.901248 0.312255 0.300416 1 
0.0987571 0.202132 -0.0405328 -0.0744553 0.91377 -0.399351 1 
0.0987191 0.202239 -0.0402551 -0.0663174 0.910849 -0.407378 1 
0.0990773 0.202387 -0.0396149 -0.0633954 0.910465 -0.408698 1 
0.0987315 0.202168 -0.0399019 -0.0633954 0.910465 -0.408698 1 
0.0986685 0.202381 -0.0398848 -0.0635658 0.907504 -0.415207 1 
0.0989688 0.202394 -0.0395247 -0.0638067 0.905512 -0.419495 1 
0.0984134 0.202503 -0.0394265 -0.0613471 0.898395 -0.434883 1 
0.0986812 0.202364 -0.0402003 -0.0664221 0.906865 -0.416155 1 
0.0983557 0.202422 -0.0403752 -0.0664221 0.906865 -0.416155 1 
0.0983301 0.202458 -0.0397443 -0.0639815 0.899825 -0.431535 1 
0.0978253 0.202424 -0.0400164 -0.0610322 0.904632 -0.4218 1 
0.0951464 0.201933 -0.0396534 -0.0638775 0.994023 -0.0885319 1 
0.101233 0.203069 -0.0378544 -0.046549 0.916351 -0.397662 1 
0.100816 0.202786 -0.0387745 -0.0719788 0.908562 -0.411501 1 
0.100357 0.202941 -0.038897 -0.109836 0.907881 -0.404584 1 
0.10014 0.202956 -0.0387165 -0.0957917 0.89822 -0.42898 1 
0.0997562 0.202843 -0.0387256 -0.0788694 0.89247 -0.444159 1 
0.0998015 0.203014 -0.038353 -0.0788694 0.89247 -0.444159 1 
0.098976 0.202654 -0.0386515 -0.0613471 0.898395 -0.434883 1 
0.0993145 0.202614 -0.0392378 -0.0638067 0.905512 -0.419495 1 
0.0989888 0.202636 -0.0389669 -0.0613471 0.898395 -0.434883 1 
0.0991627 0.203041 -0.0381269 -0.0613471 0.898395 -0.434883 1 
0.0993493 0.203411 -0.0373793 -0.0731847 0.890644 -0.448774 1 
0.0989655 0.203298 -0.0373885 -0.0586337 0.895868 -0.440434 1 
0.0985893 0.203499 -0.0371932 -0.0699187 0.895234 -0.440077 1 
0.0983519 0.203237 -0.0371246 -0.0669347 0.900203 -0.430295 1 
0.0979378 0.203544 -0.0366515 -0.0956517 0.902453 -0.420036 1 
0.0988899 0.203566 -0.0375018 -0.0586337 0.895868 -0.440434 1 
0.0982637 0.20354 -0.0371453 -0.072635 0.9004 -0.428958 1 
0.0984758 0.203873 -0.0370287 -0.0699187 0.895234 -0.440077 1 
0.0978875 0.20374 -0.0369499 -0.0956517 0.902453 -0.420036 1 
0.0965469 0.202354 -0.0380038 -0.150203 0.894067 -0.422 1 
0.0962087 0.202448 -0.0380862 -0.176002 0.88874 -0.423279 1 
0.0956007 0.202127 -0.0392338 -0.0891372 0.957256 -0.275163 1 
0.0954468 0.201963 -0.0395162 -0.0801435 0.975284 -0.205907 1 
0.0949619 0.202154 -0.0390076 -0.0894424 0.992924 -0.0781206 1 
0.0953459 0.202302 -0.0394442 -0.0367765 0.992964 -0.112558 1 
0.0949369 0.202279 -0.0394912 -0.0405357 0.99884 0.0259844 1 
0.0953455 0.202249 -0.0387756 -0.0807069 0.972207 -0.219771 1 
0.0950954 0.202022 -0.0386144 -0.10631 0.985454 -0.132588 1 
0.0950199 0.202289 -0.0387276 -0.0894424 0.992924 -0.0781206 1 
0.09532 0.202284 -0.0381446 -0.111526 0.992468 -0.0506936 1 
0.0951613 0.202523 -0.0387985 -0.0614215 0.988539 -0.137909 1 
0.0953733 0.202822 -0.0382361 -0.0636338 0.980921 -0.183698 1 
0.095807 0.202684 -0.0372599 -0.178966 0.980051 -0.0864393 1 
0.096037 0.202651 -0.0377559 -0.211794 0.922513 -0.322666 1 
0.0954563 0.20285 -0.0376955 -0.0905345 0.995879 0.00532556 1 
0.0959233 0.203008 -0.0373685 -0.189895 0.967559 -0.166642 1 
0.095017 0.203246 -0.0372602 -0.0763285 0.980155 0.182946 1 
0.0966346 0.203635 -0.0355682 -0.214371 0.976047 -0.0371257 1 
0.0973598 0.204404 -0.0360895 -0.123729 0.913372 -0.38787 1 
0.0966223 0.203724 -0.0361443 -0.187402 0.968031 -0.166724 1 
0.0963595 0.203533 -0.0358906 -0.239174 0.967967 -0.0763855 1 
0.0963675 0.203899 -0.0363547 -0.189895 0.967559 -0.166642 1 
0.0964203 0.204365 -0.0355547 -0.22867 0.965066 -0.1279 1 
0.0954081 0.203636 -0.0366006 -0.109509 0.987935 0.109509 1 
0.0956832 0.203738 -0.0362782 -0.231239 0.972173 -0.037531 1 
0.095466 0.203753 -0.0360977 -0.203014 0.975699 0.0824362 1 
0.0953702 0.203743 -0.0363229 -0.114752 0.978476 0.171511 1 
0.0953322 0.20385 -0.0360452 -0.162179 0.966588 0.198507 1 
0.0954785 0.203682 -0.0357445 -0.22162 0.967184 0.124261 1 
0.0967787 0.204531 -0.0351374 -0.232596 0.970995 -0.05538 1 
0.0948687 0.202824 -0.0389541 -0.0417574 0.999123 0.00305542 1 
0.0950933 0.203086 -0.0384843 -0.0562091 0.989969 -0.129625 1 
0.095729 0.20398 -0.0367972 -0.152219 0.984028 -0.0922901 1 
0.0963047 0.204149 -0.0367835 -0.165764 0.941153 -0.294538 1 
0.0962817 0.204847 -0.0356508 -0.256654 0.960841 -0.104467 1 
0.0952946 0.20401 -0.0364361 -0.0950954 0.976889 0.191426 1 
0.0951533 0.203812 -0.036811 -0.0700452 0.984195 0.162647 1 
0.0945397 0.20375 -0.0365471 -0.127011 0.932779 0.33733 1 
0.0950774 0.204026 -0.0362556 -0.123819 0.960571 0.248941 1 
0.0944827 0.202103 -0.0401336 -0.00957073 0.996419 0.0840097 1 
0.0947071 0.20233 -0.039218 -0.079907 0.993773 0.0776561 1 
0.093181 0.202677 -0.0363197 -0.280408 0.874569 0.395602 1 
0.0936684 0.203148 -0.0363265 -0.238696 0.888068 0.392885 1 
0.0931887 0.203008 -0.036338 -0.228259 0.878722 0.41922 1 
0.0930675 0.203051 -0.0361552 -0.152146 0.876651 0.456438 1 
0.0925394 0.202006 -0.0361494 -0.149587 0.898949 0.411721 1 
0.0926808 0.202241 -0.0362203 -0.187089 0.897736 0.398833 1 
0.0921885 0.202136 -0.0361392 -0.0474639 0.890965 0.451585 1 
0.0928805 0.202628 -0.036234 -0.179523 0.885941 0.427645 1 
0.0921759 0.202189 -0.0362695 -0.275375 0.850738 0.447676 1 
0.0946947 0.202419 -0.0397941 -0.0325498 0.998543 0.0430497 1 
0.094369 0.202441 -0.0395233 -0.0334598 0.986489 0.160377 1 
0.0936762 0.203497 -0.0365678 -0.21691 0.866143 0.450274 1 
0.0878423 0.198213 -0.0417047 -0.468116 0.845678 0.256313 1 
0.0877871 0.198776 -0.0419288 -0.601684 0.776218 0.188313 1 
0.0865466 0.198599 -0.0401939 -0.481544 0.857889 0.179282 1 
0.0872846 0.199369 -0.0412536 -0.0431329 0.985063 0.166703 1 
0.0862619 0.199266 -0.0408136 -0.517459 0.824556 0.228787 1 
0.0872715 0.199333 -0.0402694 -0.624101 0.673764 0.39565 1 
0.0868877 0.199221 -0.0402786 -0.606502 0.720323 0.336584 1 
0.0871956 0.199547 -0.0397139 -0.648218 0.611368 0.45392 1 
0.086461 0.199582 -0.0399358 -0.604738 0.74759 0.274592 1 
0.0862741 0.199159 -0.0400147 -0.584908 0.775198 0.238643 1 
0.0850568 0.19832 -0.0398581 -0.0857462 0.994433 -0.0612473 1 
0.0852317 0.198868 -0.0408012 -0.399773 0.903401 0.155072 1 
0.084944 0.198802 -0.041031 -0.302995 0.943998 0.130624 1 
0.0857238 0.198937 -0.0404365 -0.34577 0.931545 0.112545 1 
0.0857111 0.198955 -0.040121 -0.025515 0.992865 -0.116481 1 
0.0855066 0.198935 -0.0400331 -0.025515 0.992865 -0.116481 1 
0.085373 0.199067 -0.0404263 -0.34577 0.931545 0.112545 1 
0.0851559 0.1991 -0.0404686 -0.01701 0.987712 -0.155358 1 
0.0849688 0.198659 -0.0403246 -0.01701 0.987712 -0.155358 1 
0.0843479 0.198338 -0.0409338 -0.292738 0.947723 0.126987 1 
0.0874489 0.200543 -0.0407108 -0.720126 0.623465 0.304483 1 
0.0893505 0.198484 -0.0383622 -0.663796 0.492386 0.562966 1 
0.0896254 0.198569 -0.037817 -0.730594 0.455586 0.5086 1 
0.0898004 0.199134 -0.0389829 -0.647753 0.519885 0.556899 1 
0.0894523 0.199962 -0.0389168 -0.66047 0.459821 0.593587 1 
0.0889373 0.200608 -0.0383719 -0.685029 0.33682 0.645978 1 
0.0890126 0.200287 -0.03759 -0.720931 0.455761 0.522054 1 
0.088484 0.20223 -0.0392741 -0.725193 0.227112 0.650011 1 
0.0886488 0.198761 -0.0385647 -0.645793 0.521019 0.558114 1 
0.0884268 0.199161 -0.0385329 -0.647826 0.523309 0.553597 1 
0.0888154 0.198889 -0.038375 -0.663444 0.529076 0.529076 1 
0.0875982 0.19805 -0.0382184 -0.639704 0.545183 0.541807 1 
0.0880125 0.199433 -0.037614 -0.694494 0.513758 0.503717 1 
0.0882746 0.199535 -0.0367533 -0.632142 0.645485 0.428656 1 
0.0878986 0.199754 -0.0367808 -0.73365 0.465363 0.495172 1 
0.0876863 0.199402 -0.0366745 -0.601825 0.671843 0.43178 1 
0.0873377 0.198485 -0.0370173 -0.711158 0.467999 0.524625 1 
0.0872822 0.198994 -0.0365728 -0.714259 0.474508 0.514467 1 
0.0872446 0.199155 -0.0369637 -0.692025 0.551953 0.465241 1 
0.0885356 0.199189 -0.039069 -0.658325 0.547201 0.516894 1 
0.0887227 0.19963 -0.039213 -0.663048 0.478401 0.57576 1 
0.087463 0.199336 -0.0395961 -0.642485 0.598869 0.478089 1 
0.0880128 0.199487 -0.0382827 -0.666495 0.528831 0.525473 1 
0.0874371 0.1993 -0.0380736 -0.656822 0.559391 0.505635 1 
0.0876493 0.199652 -0.0381799 -0.663257 0.545718 0.512135 1 
0.0879499 0.199718 -0.0384885 -0.657111 0.515942 0.549553 1 
0.087637 0.199741 -0.038756 -0.657111 0.515942 0.549553 1 
0.086963 0.1989 -0.0394966 -0.615155 0.661833 0.428441 1 
0.0868494 0.199274 -0.0393322 -0.628771 0.648785 0.428632 1 
0.0865742 0.199154 -0.0394316 -0.609756 0.689074 0.391632 1 
0.0871873 0.199127 -0.0385811 -0.63771 0.617624 0.460289 1 
0.0885504 0.199744 -0.0377683 -0.710481 0.487519 0.507486 1 
0.0888004 0.199953 -0.0377065 -0.711632 0.484976 0.508309 1 
0.087649 0.199598 -0.0375112 -0.69131 0.530618 0.490445 1 
0.0873477 0.199425 -0.0358653 -0.555876 0.720825 0.414021 1 
0.0873222 0.199478 -0.0354573 -0.586257 0.701856 0.4046 1 
0.087719 0.199608 -0.0362093 -0.599265 0.685586 0.413344 1 
0.0872818 0.200327 -0.039786 -0.653292 0.439427 0.616534 1 
0.0874814 0.200714 -0.0397998 -0.668671 0.304527 0.678338 1 
0.0897341 0.221699 -0.0553462 0.870564 0.399578 0.287149 0 
0.0901636 0.222035 -0.0556331 0.873103 0.396313 0.283948 0 
0.0900627 0.222374 -0.0555612 0.873103 0.396313 0.283948 0 
0.090083 0.222669 -0.0556721 0.855582 0.414688 0.30986 0 
0.0900113 0.223795 -0.0577355 0.864085 0.346558 0.365041 0 
0.090099 0.223403 -0.0566004 0.844699 0.416885 0.335694 0 
0.0900332 0.222919 -0.0566391 0.825926 0.450074 0.33953 0 
0.0897352 0.223532 -0.0560518 0.830937 0.444528 0.334574 0 
0.0900865 0.223474 -0.0569536 0.852843 0.396129 0.340205 0 
0.0903568 0.223961 -0.0567799 0.848598 0.390822 0.356567 0 
0.0898567 0.223525 -0.0566805 0.844699 0.416885 0.335694 0 
0.0902485 0.224022 -0.0573583 0.863111 0.346167 0.367707 0 
0.089521 0.224281 -0.0562612 0.871388 0.364732 0.328106 0 
0.0904817 0.224758 -0.05869 0.852366 0.355541 0.383487 0 
0.0903427 0.225168 -0.0578946 0.855907 0.348244 0.382295 0 
0.0902109 0.224182 -0.0577492 0.864085 0.346558 0.365041 0 
0.0897063 0.224166 -0.0582443 0.864085 0.346558 0.365041 0 
0.0901353 0.22445 -0.0578624 0.864085 0.346558 0.365041 0 
0.0895723 0.224245 -0.0579688 0.86648 0.338924 0.366529 0 
0.0900553 0.225155 -0.058793 0.834452 0.383312 0.395931 0 
0.0901684 0.224709 -0.058066 0.862323 0.347089 0.368685 0 
0.0900552 0.225137 -0.0585702 0.834452 0.383312 0.395931 0 
0.0894454 0.224548 -0.0563744 0.895676 0.314455 0.314455 0 
0.0896354 0.220973 -0.0554044 0.86694 0.406807 0.287964 0 
0.0900143 0.227587 -0.0607069 0.955786 0.268774 0.119309 0 
0.089868 0.227737 -0.0607847 0.955786 0.268774 0.119309 0 
0.0902454 0.226329 -0.059327 0.895286 0.335174 0.293463 0 
0.0899905 0.226487 -0.0593145 0.904034 0.324864 0.277825 0 
0.0902657 0.226625 -0.0594379 0.909146 0.319587 0.267053 0 
0.0903286 0.226375 -0.0590092 0.867378 0.366909 0.336205 0 
0.0900177 0.225315 -0.059184 0.84698 0.375916 0.375916 0 
0.0899421 0.225583 -0.0592972 0.846906 0.385241 0.366525 0 
0.0898209 0.225626 -0.0591144 0.844198 0.377462 0.380594 0 
0.0891382 0.225984 -0.056753 0.855224 0.355438 0.377168 0 
0.0891182 0.225742 -0.0573108 0.855907 0.348244 0.382295 0 
0.0902533 0.226696 -0.0597911 0.918525 0.311925 0.242928 0 
0.0899936 0.227238 -0.0599273 0.922088 0.323514 0.212351 0 
0.0899011 0.228015 -0.0612111 0.947994 0.291998 0.126666 0 
0.0898176 0.227915 -0.0608602 0.954256 0.275089 0.117143 0 
0.089742 0.228183 -0.0609734 0.947994 0.291998 0.126666 0 
0.0898382 0.228247 -0.0614169 0.976724 0.213769 0.0177157 0 
0.0898002 0.228353 -0.0611392 0.935758 0.321966 0.143857 0 
0.0897624 0.228478 -0.0610843 0.935758 0.321966 0.143857 0 
0.0898413 0.228998 -0.0620297 0.983444 0.143948 -0.110078 0 
0.0899041 0.228748 -0.061601 0.9846 0.138253 -0.106996 0 
0.0898661 0.228855 -0.0613233 0.956138 0.283633 0.0731542 0 
0.0895531 0.22886 -0.0613679 0.956138 0.283633 0.0731542 0 
0.0898866 0.229169 -0.0616571 0.984912 0.123564 -0.121165 0 
0.0895735 0.229156 -0.0614789 0.984912 0.123564 -0.121165 0 
0.0895162 0.229128 -0.0630962 0.944882 0.32741 -0.0012449 0 
0.0896123 0.229174 -0.0633168 0.943559 0.331183 -0.00374924 0 
0.0893244 0.229089 -0.0633238 0.943559 0.331183 -0.00374924 0 
0.0897665 0.22939 -0.0637032 0.937483 0.347919 -0.00885611 0 
0.0895494 0.229405 -0.0635226 0.940625 0.339427 -0.00375749 0 
0.0898037 0.229158 -0.0624207 0.979954 0.176953 -0.0915275 0 
0.0894783 0.229235 -0.0628185 0.963517 0.265245 -0.0357772 0 
0.0897657 0.229265 -0.0621429 0.979954 0.176953 -0.0915275 0 
0.0897155 0.229461 -0.0624413 0.973036 0.223982 -0.0550775 0 
0.089753 0.229283 -0.0618275 0.983444 0.143948 -0.110078 0 
0.0897026 0.229461 -0.0619029 0.979954 0.176953 -0.0915275 0 
0.0892353 0.229249 -0.0615613 0.984912 0.123564 -0.121165 0 
0.0894351 0.229672 -0.0620207 0.973036 0.223982 -0.0550775 0 
0.0893847 0.229851 -0.0620962 0.963517 0.265245 -0.0357772 0 
0.0889081 0.230461 -0.0627206 0.937205 0.348105 -0.0216769 0 
0.0892385 0.230019 -0.0623969 0.944882 0.32741 -0.0012449 0 
0.0892841 0.230225 -0.0624701 0.943559 0.331183 -0.00374924 0 
0.0889341 0.230497 -0.064243 0.931395 0.362999 -0.027128 0 
0.0890503 0.230803 -0.0641288 0.931395 0.362999 -0.027128 0 
0.0888205 0.230854 -0.0638557 0.931395 0.362999 -0.027128 0 
0.0889136 0.230184 -0.0639093 0.933388 0.358205 -0.0218261 0 
0.0887342 0.230056 -0.0635606 0.933388 0.358205 -0.0218261 0 
0.0886838 0.230235 -0.0636361 0.933388 0.358205 -0.0218261 0 
0.0888129 0.23054 -0.0640602 0.931395 0.362999 -0.027128 0 
0.0887749 0.230647 -0.0637825 0.931395 0.362999 -0.027128 0 
0.0888329 0.230782 -0.0635024 0.933388 0.358205 -0.0218261 0 
0.0887319 0.231103 -0.0632076 0.931395 0.362999 -0.027128 0 
0.0888881 0.23022 -0.0632783 0.937205 0.348105 -0.0216769 0 
0.0888126 0.230487 -0.0633915 0.933388 0.358205 -0.0218261 0 
0.0894506 0.188827 -0.0289064 -0.830937 -0.444528 -0.334574 0 
0.0898779 0.190228 -0.0290632 -0.812752 -0.413561 -0.410368 0 
0.0898904 0.190174 -0.0289329 -0.813815 -0.414102 -0.407707 0 
0.0898148 0.190442 -0.0290461 -0.807282 -0.412468 -0.422098 0 
0.0899234 0.190434 -0.0291364 -0.807282 -0.412468 -0.422098 0 
0.0900019 0.190883 -0.0291902 -0.79602 -0.418193 -0.437569 0 
0.0897916 0.189431 -0.0287681 -0.833085 -0.429929 -0.348038 0 
0.0896908 0.189787 -0.0289191 -0.814824 -0.419371 -0.400237 0 
0.0899263 0.19115 -0.0293034 -0.794827 -0.414342 -0.443362 0 
0.0900098 0.191249 -0.0296543 -0.783057 -0.4199 -0.45881 0 
0.0898634 0.191382 -0.0295092 -0.783057 -0.4199 -0.45881 0 
0.0899217 0.19157 -0.0298979 -0.780512 -0.41703 -0.465711 0 
0.0901261 0.191573 -0.0297629 -0.783057 -0.4199 -0.45881 0 
0.0897378 0.191881 -0.0303666 -0.773215 -0.421606 -0.473696 0 
0.0897502 0.191809 -0.0300134 -0.775706 -0.421191 -0.469977 0 
0.0897123 0.191916 -0.0297357 -0.775706 -0.421191 -0.469977 0 
0.0896998 0.191988 -0.0300889 -0.775706 -0.421191 -0.469977 0 
0.0894325 0.192217 -0.0304296 -0.769375 -0.423074 -0.478613 0 
0.0891066 0.192221 -0.0299358 -0.775706 -0.421191 -0.469977 0 
0.089458 0.192181 -0.0310605 -0.765079 -0.412719 -0.494284 0 
0.0896071 0.192729 -0.0309268 -0.754329 -0.410708 -0.512158 0 
0.0895363 0.192611 -0.0308914 -0.76464 -0.40596 -0.500521 0 
0.0897437 0.19333 -0.0309235 -0.70511 -0.423066 -0.569065 0 
0.0897233 0.193034 -0.0308126 -0.741709 -0.409502 -0.531202 0 
0.0896805 0.193526 -0.0306835 -0.70511 -0.423066 -0.569065 0 
0.0897968 0.193849 -0.0307921 -0.701444 -0.42949 -0.568783 0 
0.0902427 0.188873 -0.0277358 -0.836368 -0.456343 -0.303709 0 
0.0906008 0.188986 -0.0266499 -0.839363 -0.457693 -0.293234 0 
0.0905632 0.189164 -0.0272637 -0.839363 -0.457693 -0.293234 0 
0.0902754 0.18908 -0.0272706 -0.839363 -0.457693 -0.293234 0 
0.0901795 0.189069 -0.0274958 -0.836368 -0.456343 -0.303709 0 
0.0907675 0.189149 -0.0269059 -0.839363 -0.457693 -0.293234 0 
0.0904293 0.189243 -0.0269883 -0.844318 -0.455345 -0.282468 0 
0.0901367 0.189543 -0.0271439 -0.836556 -0.448769 -0.314295 0 
0.0901015 0.188675 -0.0281108 -0.836556 -0.448769 -0.314295 0 
0.0899551 0.188825 -0.0281885 -0.836556 -0.448769 -0.314295 0 
0.0899503 0.189209 -0.0283372 -0.830937 -0.444528 -0.334574 0 
0.0898164 0.189288 -0.0280618 -0.830937 -0.444528 -0.334574 0 
0.0900005 0.188995 -0.0278159 -0.836556 -0.448769 -0.314295 0 
0.089804 0.189359 -0.0284149 -0.833085 -0.429929 -0.348038 0 
0.089766 0.189466 -0.0281372 -0.833085 -0.429929 -0.348038 0 
0.0899121 0.189281 -0.0276137 -0.836556 -0.448769 -0.314295 0 
0.0898366 0.189548 -0.0277269 -0.830937 -0.444528 -0.334574 0 
0.0897862 0.189726 -0.0278024 -0.833085 -0.429929 -0.348038 0 
0.0904921 0.188993 -0.0265596 -0.839363 -0.457693 -0.293234 0 
0.0898272 0.19037 -0.0286929 -0.813815 -0.414102 -0.407707 0 
0.0899856 0.190078 -0.0273703 -0.833085 -0.429929 -0.348038 0 
0.0897769 0.190549 -0.0287684 -0.812752 -0.413561 -0.410368 0 
0.0897847 0.190898 -0.0290096 -0.807282 -0.412468 -0.422098 0 
0.0896761 0.190905 -0.0289194 -0.807282 -0.412468 -0.422098 0 
0.0897343 0.191076 -0.0290851 -0.794894 -0.417601 -0.440174 0 
0.0897992 0.189744 -0.0285636 -0.823894 -0.423853 -0.376229 0 
0.0897485 0.189887 -0.0281933 -0.829481 -0.42817 -0.358652 0 
0.0894354 0.189873 -0.0280151 -0.833085 -0.429929 -0.348038 0 
0.0897488 0.189922 -0.0286391 -0.81788 -0.422492 -0.390606 0 
0.0896599 0.190136 -0.0275453 -0.833085 -0.429929 -0.348038 0 
0.0896257 0.191083 -0.0289948 -0.79602 -0.418193 -0.437569 0 
0.0898254 0.191488 -0.0292315 -0.783057 -0.4199 -0.45881 0 
0.0900209 0.195426 -0.0333128 -0.963222 0.234648 0.130936 0 
0.090079 0.195579 -0.0332556 -0.965294 0.230691 0.122434 0 
0.0901701 0.195992 -0.0334021 -0.963061 0.223451 0.150274 0 
0.090044 0.196419 -0.0333679 -0.915181 0.253012 0.313735 0 
0.0899275 0.19606 -0.0328134 -0.967184 0.22162 0.124261 0 
0.0905514 0.198518 -0.0366989 -0.637203 0.630513 0.443199 0 
0.0912768 0.197938 -0.0337839 -0.869253 0.35414 0.344942 0 
0.0912388 0.198045 -0.0335062 -0.885953 0.33242 0.323395 0 
0.0911306 0.198106 -0.0340846 -0.862372 0.365621 0.350194 0 
0.0909511 0.197979 -0.033736 -0.865827 0.346023 0.361402 0 
0.0910421 0.198373 -0.0336595 -0.889557 0.340522 0.30452 0 
0.0899436 0.196829 -0.0341875 -0.834883 0.330507 0.440154 0 
0.0909406 0.19695 -0.0337735 -0.894596 0.331938 0.299191 0 
0.0909279 0.196968 -0.0334581 -0.916833 0.320964 0.237484 0 
0.091057 0.197273 -0.0338822 -0.889045 0.35232 0.292351 0 
0.091019 0.19738 -0.0336044 -0.892997 0.353323 0.278782 0 
0.0907064 0.197456 -0.0345406 -0.832325 0.377468 0.405897 0 
0.0908934 0.197879 -0.0344618 -0.843165 0.386385 0.373871 0 
0.0901559 0.197181 -0.0342938 -0.847563 0.33436 0.412118 0 
0.089868 0.197097 -0.0343007 -0.835671 0.340226 0.431162 0 
0.089762 0.197784 -0.0339316 -0.865373 0.313985 0.390567 0 
0.0913177 0.198547 -0.0342287 -0.855735 0.403882 0.323415 0 
0.0910408 0.199563 -0.0350896 -0.758805 0.569505 0.316035 0 
0.0901717 0.194838 -0.0324177 -0.680443 -0.329666 -0.65446 0 
0.090134 0.194998 -0.0328086 -0.988935 0.147384 -0.016876 0 
0.0899546 0.194871 -0.03246 -0.721672 -0.303777 -0.62202 0 
0.0899563 0.193735 -0.0316986 -0.599745 -0.442709 -0.666569 0 
0.0897848 0.193974 -0.0318141 -0.599745 -0.442709 -0.666569 0 
0.0897972 0.193903 -0.0314608 -0.615189 -0.438468 -0.655201 0 
0.089906 0.193931 -0.0319969 -0.599745 -0.442709 -0.666569 0 
0.0897849 0.193992 -0.0320369 -0.60232 -0.445483 -0.662386 0 
0.0898052 0.194287 -0.0321479 -0.568495 -0.445127 -0.691864 0 
0.0897468 0.194081 -0.0315363 -0.599745 -0.442709 -0.666569 0 
0.089646 0.194438 -0.0316873 -0.584887 -0.444914 -0.678202 0 
0.0894162 0.194488 -0.0314142 -0.60232 -0.445483 -0.662386 0 
0.0899468 0.194522 -0.0322187 -0.536179 -0.453179 -0.712138 0 
0.089684 0.194331 -0.031965 -0.568495 -0.445127 -0.691864 0 
0.0896084 0.194598 -0.0320783 -0.568495 -0.445127 -0.691864 0 
0.0895957 0.194616 -0.0317628 -0.568495 -0.445127 -0.691864 0 
0.0895328 0.194865 -0.0321915 -0.62352 -0.391974 -0.676445 0 
0.0901089 0.195087 -0.0328464 -0.99013 0.127352 -0.0585129 0 
0.0897831 0.19511 -0.0325756 -0.988133 0.0975209 -0.11867 0 
0.089758 0.195217 -0.0328362 -0.987513 0.156043 -0.021641 0 
0.0899577 0.195622 -0.0330728 -0.9763 0.200172 0.0822794 0 
0.0894652 0.195499 -0.0327688 -0.988729 0.137613 -0.0589768 0 
0.0897703 0.195128 -0.0322601 -0.9666 0.028035 -0.254753 0 
0.08972 0.195324 -0.0325585 -0.971709 0.218853 0.088792 0 
0.0894573 0.195133 -0.0323047 -0.871352 -0.146434 -0.468297 0 
0.0891694 0.195048 -0.0323116 -0.867743 -0.162427 -0.469723 0 
0.0893265 0.195963 -0.0326421 -0.934547 0.245933 0.257176 0 
0.0894512 0.196724 -0.0341064 -0.831815 0.321134 0.452721 0 
0.0896054 0.196923 -0.0342699 -0.837227 0.320807 0.44287 0 
0.0905366 0.199619 -0.0364762 -0.634072 0.676893 0.373856 0 
0.0906778 0.199817 -0.0361013 -0.653566 0.669946 0.352172 0 
0.0906909 0.199835 -0.0368626 -0.619479 0.669303 0.410218 0 
0.091307 0.200559 -0.0366248 -0.682542 0.646704 0.340456 0 
0.0910518 0.200681 -0.0361666 -0.32802 0.904628 0.272124 0 
0.0911527 0.200342 -0.0362385 -0.367741 0.891809 0.263523 0 
0.0905415 0.199252 -0.0365505 -0.649259 0.642617 0.406825 0 
0.0904403 0.199537 -0.0358099 -0.685958 0.636844 0.351983 0 
0.0899403 0.199119 -0.0359333 -0.713451 0.575045 0.400389 0 
0.0902361 0.19957 -0.0363905 -0.67288 0.623282 0.398437 0 
0.0900524 0.199916 -0.0373051 -0.808395 0.411401 0.421006 0 
0.0901633 0.200535 -0.0364479 -0.669695 0.609871 0.423752 0 
0.090359 0.20145 -0.0383935 -0.266589 0.337286 0.902867 0 
0.0916935 0.201351 -0.0363369 -0.525132 0.773964 0.353858 0 
0.0909511 0.201037 -0.0363175 -0.11115 0.967134 0.228688 0 
0.0911258 0.201549 -0.0368148 -0.571483 0.672037 0.470929 0 
0.0904387 0.200691 -0.0367942 -0.574175 0.694003 0.434376 0 
0.0902623 0.201297 -0.0368355 -0.682039 0.484298 0.547977 0 
0.0908131 0.201608 -0.0375281 -0.358655 0.610859 0.705845 0 
0.0902251 0.201528 -0.038118 -0.341659 0.413424 0.844008 0 
0.0906088 0.201623 -0.037886 -0.295041 0.512772 0.806235 0 
0.0907375 0.201875 -0.0376413 -0.286938 0.562779 0.775208 0 
0.0902123 0.201546 -0.0378026 -0.455226 0.478234 0.751041 0 
0.090187 0.201617 -0.0376174 -0.519636 0.456549 0.722178 0 
0.0913053 0.201695 -0.0373863 -0.340942 0.696565 0.631313 0 
0.0910175 0.20161 -0.0373932 -0.358689 0.660054 0.660054 0 
0.0908004 0.201643 -0.0374356 -0.384753 0.629146 0.675382 0 
0.0909543 0.201806 -0.0371532 -0.417424 0.670206 0.613662 0 
0.0915803 0.201779 -0.0368411 -0.45563 0.748417 0.481948 0 
0.0910502 0.201817 -0.036928 -0.418368 0.709407 0.567195 0 
0.0904746 0.201666 -0.0371647 -0.502832 0.580191 0.640733 0 
0.0902246 0.201457 -0.0372265 -0.663361 0.456165 0.593182 0 
0.0905249 0.20147 -0.0368664 -0.758618 0.444029 0.476799 0 
0.090126 0.200749 -0.0375075 -0.740087 0.44669 0.502732 0 
0.0901004 0.200767 -0.0366537 -0.691595 0.558275 0.458286 0 
0.0910535 0.199545 -0.0354051 -0.716995 0.619885 0.318844 0 
0.0903113 0.199249 -0.0356086 -0.751038 0.542507 0.376334 0 
0.090762 0.201679 -0.0362662 -0.128023 0.904602 0.406578 0 
0.0905625 0.201309 -0.0364754 -0.505042 0.72693 0.465301 0 
0.0911634 0.204466 -0.0392283 0.269874 0.516349 0.812743 0 
0.0908198 0.204855 -0.0383449 0.286958 0.500217 0.816969 0 
0.0902001 0.201653 -0.0386016 -0.267171 0.296054 0.917045 0 
0.0899202 0.201936 -0.0390726 -0.424083 0.321558 0.846613 0 
0.0900239 0.202295 -0.0390887 -0.257073 0.315169 0.913554 0 
0.0905992 0.20241 -0.0384062 -0.0628509 0.296297 0.953026 0 
0.0907782 0.202466 -0.0378632 -0.134046 0.404959 0.904456 0 
0.0907026 0.202733 -0.0379764 -0.083887 0.280054 0.956312 0 
0.090508 0.201979 -0.0380369 -0.189053 0.388209 0.901972 0 
0.0908158 0.202306 -0.0374722 -0.213471 0.560553 0.800132 0 
0.0908362 0.202601 -0.0375832 -0.19675 0.491124 0.848579 0 
0.0907606 0.202868 -0.0376964 -0.0985973 0.352519 0.930596 0 
0.0907862 0.202833 -0.0383274 -0.0617788 0.266027 0.961984 0 
0.0907106 0.2031 -0.0384406 -0.0110884 0.296923 0.954837 0 
0.0904857 0.202784 -0.0382417 -0.0457749 0.253618 0.966221 0 
0.0907234 0.203082 -0.0387561 0.0314292 0.305492 0.951676 0 
0.0906475 0.203296 -0.0382006 0.00119665 0.259673 0.965696 0 
0.090635 0.203367 -0.0385538 0.0772482 0.320777 0.944 0 
0.0899934 0.202697 -0.0383835 -0.118622 0.220663 0.96811 0 
0.089668 0.202773 -0.0387814 -0.213962 0.190041 0.958178 0 
0.0906396 0.202947 -0.0379594 -0.0528953 0.234953 0.970566 0 
0.0896852 0.202317 -0.0382795 -0.317515 0.198976 0.927142 0 
0.0905346 0.203777 -0.0393735 0.226348 0.436206 0.870914 0 
0.090222 0.203854 -0.0403097 0.920643 0.34365 0.18526 0 
0.0904842 0.203956 -0.039449 0.395397 0.49628 0.772895 0 
0.0906478 0.20335 -0.0388693 0.0914464 0.32205 0.942296 0 
0.0905596 0.203653 -0.0388899 0.144209 0.330993 0.932549 0 
0.090484 0.20392 -0.0390031 0.225335 0.38734 0.893975 0 
0.0901834 0.203853 -0.0386946 0.242077 0.305103 0.921038 0 
0.0906078 0.204539 -0.0386844 0.37839 0.48144 0.790593 0 
0.0899567 0.204655 -0.0390342 0.580538 0.405219 0.706239 0 
0.0900445 0.204299 -0.0383449 0.41164 0.373788 0.831165 0 
0.0903073 0.20449 -0.0385987 0.48519 0.452296 0.748344 0 
0.0899689 0.204566 -0.0384581 0.538154 0.432179 0.72361 0 
0.0901812 0.204918 -0.0385645 0.540262 0.457144 0.706496 0 
0.0913014 0.210012 -0.0431808 -0.702554 0.532339 0.472263 0 
0.0911805 0.210109 -0.0436665 -0.37821 0.738409 0.558309 0 
0.0911049 0.210377 -0.0437798 -0.329215 0.769239 0.547621 0 
0.0910011 0.21 -0.0435409 -0.0548236 0.827977 0.558076 0 
0.0915755 0.20524 -0.0397941 0.379254 0.532258 0.75688 0 
0.0912 0.205548 -0.0409362 0.850448 0.0602459 0.522598 0 
0.0915456 0.205732 -0.0402034 0.505334 0.326793 0.798651 0 
0.091833 0.205744 -0.039305 0.153081 0.46799 0.870374 0 
0.0903294 0.206726 -0.0407525 0.834376 0.0461213 0.549263 0 
0.0914055 0.207384 -0.0415068 0.349264 0.36465 0.86316 0 
0.0913803 0.207473 -0.0415446 0.325512 0.371359 0.86956 0 
0.0912919 0.207741 -0.0411194 0.908513 -0.185147 0.3746 0 
0.0900519 0.207635 -0.0402761 0.546897 0.337173 0.766301 0 
0.0900104 0.205264 -0.0400174 0.847115 0.186754 0.497512 0 
0.0902358 0.205652 -0.0411078 0.911923 -0.0633093 0.405449 0 
0.0899728 0.205425 -0.0404083 0.893924 0.081517 0.440744 0 
0.0903689 0.205466 -0.0400459 0.823035 0.172403 0.541194 0 
0.0900811 0.205381 -0.0400528 0.842065 0.183968 0.507034 0 
0.0902431 0.205911 -0.0402346 0.884756 -0.0173482 0.465731 0 
0.0901928 0.206107 -0.040533 0.914455 -0.0945988 0.393476 0 
0.0896674 0.205743 -0.0402484 0.819011 0.115333 0.562067 0 
0.0895387 0.205508 -0.0407159 0.910626 -0.00388603 0.413214 0 
0.0903436 0.205519 -0.0396379 0.640719 0.337478 0.689629 0 
0.089793 0.205244 -0.039391 0.653474 0.358674 0.666577 0 
0.0900684 0.205399 -0.0397374 0.738007 0.265048 0.620561 0 
0.0903307 0.205519 -0.0390995 0.553023 0.411053 0.724708 0 
0.0894925 0.205195 -0.0393053 0.656645 0.334026 0.676198 0 
0.0900049 0.205542 -0.0388287 0.55031 0.424713 0.718873 0 
0.0899046 0.205969 -0.0398712 0.730687 0.186133 0.656849 0 
0.0902182 0.206054 -0.040941 0.871288 -0.0202625 0.490353 0 
0.0914334 0.207975 -0.0411903 0.91186 -0.193251 0.362167 0 
0.0904764 0.208338 -0.0404888 0.173096 0.558424 0.811295 0 
0.0909921 0.209472 -0.0410707 -0.430015 0.579441 0.692341 0 
0.0903001 0.208962 -0.0407529 0.919835 -0.203932 0.335134 0 
0.0913389 0.209834 -0.0425669 -0.492452 0.596657 0.633633 0 
0.0912631 0.210066 -0.0422343 -0.492386 0.593215 0.636908 0 
0.0912754 0.209977 -0.0416583 -0.49324 0.533368 0.687192 0 
0.090942 0.209686 -0.041592 -0.49738 0.540922 0.678245 0 
0.0906871 0.209844 -0.0415795 -0.49738 0.540922 0.678245 0 
0.0909872 0.209839 -0.0409965 -0.463035 0.559988 0.687031 0 
0.0908362 0.210391 -0.0414458 -0.483614 0.553897 0.677729 0 
0.0907478 0.210676 -0.0412436 -0.467824 0.585199 0.662331 0 
0.0897983 0.209662 -0.041415 -0.354559 0.62252 0.69768 0 
0.0904851 0.210485 -0.0409898 -0.487967 0.548334 0.67913 0 
0.0901972 0.210401 -0.0409967 -0.499497 0.560042 0.660951 0 
0.0901213 0.210615 -0.0404413 -0.463876 0.614594 0.638039 0 
0.0908627 0.210516 -0.0440828 -0.293574 0.779162 0.553824 0 
0.0908626 0.210499 -0.0438599 -0.318517 0.779485 0.539397 0 
0.0908122 0.210677 -0.0439354 -0.293574 0.779162 0.553824 0 
0.0907872 0.210784 -0.044196 -0.240148 0.804108 0.543819 0 
0.0907622 0.210909 -0.0446795 -0.179667 0.810765 0.557118 0 
0.0909494 0.211367 -0.0450465 -0.215166 0.822515 0.526471 0 
0.0909035 0.211107 -0.0443047 -0.226691 0.803443 0.550536 0 
0.0909365 0.211367 -0.0445081 -0.203006 0.813549 0.54491 0 
0.0907671 0.210542 -0.0447537 -0.198574 0.823095 0.532056 0 
0.0902871 0.210348 -0.0440966 -0.328734 0.774529 0.540406 0 
0.0906 0.210325 -0.0438291 -0.381231 0.734646 0.561211 0 
0.09009 0.210623 -0.0435812 -0.261982 0.785947 0.560046 0 
0.0898904 0.210235 -0.0435674 -0.440589 0.693304 0.570272 0 
0.0898022 0.210538 -0.0435881 -0.371414 0.734646 0.567756 0 
0.0905145 0.211326 -0.0437938 -0.282723 0.784991 0.551231 0 
0.0897014 0.210895 -0.0437391 -0.381845 0.725996 0.571948 0 
0.0913749 0.212231 -0.0472652 0.412798 0.585212 0.697944 0 
0.0911855 0.212819 -0.0465452 0.42102 0.610728 0.670636 0 
0.0912231 0.212659 -0.0461543 0.432165 0.655755 0.619047 0 
0.0911475 0.212926 -0.0462675 0.43496 0.624942 0.648273 0 
0.0909101 0.212663 -0.0461989 0.431387 0.641251 0.634589 0 
0.0903847 0.212299 -0.0459143 0.296894 0.714151 0.63391 0 
0.0905383 0.212408 -0.0449633 -0.0552001 0.805355 0.590217 0 
0.0905759 0.212248 -0.0445723 -0.112851 0.807544 0.578911 0 
0.0909476 0.212485 -0.0455851 0.00409106 0.816848 0.576839 0 
0.0906471 0.212437 -0.0454994 0.0731826 0.793529 0.604115 0 
0.0905464 0.212793 -0.0456503 0.289962 0.706481 0.645605 0 
0.0903337 0.212388 -0.0448754 -0.0522256 0.808791 0.585773 0 
0.0903965 0.212138 -0.0444466 -0.0640195 0.806646 0.587557 0 
0.0902332 0.21278 -0.0454721 0.293365 0.713373 0.636425 0 
0.0904638 0.212836 -0.0470826 0.469701 0.56665 0.676971 0 
0.0905093 0.213043 -0.0471558 0.459821 0.593587 0.66047 0 
0.0910468 0.213282 -0.0464185 0.424517 0.604313 0.674233 0 
0.0910264 0.212987 -0.0463075 0.43496 0.624942 0.648273 0 
0.0908092 0.213002 -0.046127 0.43496 0.624942 0.648273 0 
0.0909004 0.213433 -0.0464962 0.415693 0.587933 0.693926 0 
0.0911096 0.213033 -0.0459898 0.403175 0.642093 0.652048 0 
0.0909129 0.213361 -0.046143 0.424414 0.600837 0.677398 0 
0.0904708 0.21306 -0.0457636 0.450449 0.627949 0.634647 0 
0.0904078 0.213292 -0.0459694 0.428198 0.604809 0.671455 0 
0.0903576 0.213488 -0.0462678 0.448641 0.565387 0.692141 0 
0.0905114 0.213633 -0.0457625 0.409051 0.60778 0.680647 0 
0.0905571 0.213857 -0.0460586 0.416182 0.578676 0.701375 0 
0.0902064 0.214023 -0.0464942 0.431559 0.594852 0.678165 0 
0.0907827 0.214281 -0.0475949 0.446769 0.620791 0.644217 0 
0.0907072 0.214566 -0.047931 0.456717 0.624012 0.63405 0 
0.0901435 0.214254 -0.0467 0.449843 0.59366 0.66724 0 
0.0903054 0.214784 -0.0468818 0.467493 0.614946 0.635053 0 
0.0900429 0.214629 -0.0470739 0.492452 0.596657 0.633633 0 
0.0911949 0.215073 -0.0483836 0.492508 0.630343 0.600086 0 
0.0908942 0.214989 -0.0478522 0.463938 0.624726 0.628076 0 
0.0911569 0.21518 -0.0481059 0.457686 0.632043 0.625337 0 
0.0906315 0.214815 -0.0478213 0.482903 0.61751 0.620875 0 
0.0911193 0.21534 -0.0484969 0.50783 0.619181 0.598935 0 
0.0909978 0.215348 -0.0478682 0.461304 0.625695 0.62905 0 
0.0910813 0.215447 -0.0482192 0.485466 0.623211 0.613132 0 
0.0908058 0.215274 -0.0476499 0.472124 0.623338 0.623338 0 
0.0907302 0.215541 -0.0477631 0.490066 0.614688 0.618056 0 
0.090672 0.21537 -0.0475974 0.492619 0.617035 0.613672 0 
0.0905963 0.21562 -0.0474877 0.546455 0.600593 0.583674 0 
0.0899296 0.215056 -0.047578 0.556854 0.590706 0.583935 0 
0.0902551 0.21498 -0.0471802 0.507859 0.602344 0.615842 0 
0.0901796 0.215248 -0.0472934 0.517434 0.601707 0.608449 0 
0.090104 0.215515 -0.0474066 0.53497 0.595724 0.599099 0 
0.0903683 0.214553 -0.0466761 0.456441 0.603572 0.65373 0 
0.0896443 0.215616 -0.0468604 0.53497 0.595724 0.599099 0 
0.090403 0.2106 -0.0433136 -0.213677 0.803977 0.554944 0 
0.0903275 0.210885 -0.0436498 -0.348727 0.744492 0.569317 0 
0.0899737 0.210299 -0.0434726 -0.288017 0.768575 0.57126 0 
0.0902771 0.211063 -0.0437252 -0.322965 0.760011 0.563983 0 
0.0901763 0.21142 -0.0438762 -0.269497 0.77697 0.568937 0 
0.0905097 0.21171 -0.0439425 -0.221822 0.780256 0.584804 0 
0.0899089 0.211631 -0.043994 -0.249234 0.769646 0.587815 0 
0.0900252 0.211954 -0.0441027 -0.16768 0.787039 0.593678 0 
0.0909664 0.217011 -0.0494848 0.793903 0.465392 0.391315 0 
0.090954 0.217082 -0.049838 0.820322 0.436341 0.3697 0 
0.0911347 0.216002 -0.0485336 0.541585 0.619195 0.56858 0 
0.0910591 0.21627 -0.0486468 0.566782 0.607388 0.556631 0 
0.09118 0.216173 -0.048161 0.525504 0.60999 0.593092 0 
0.0911175 0.216458 -0.0490355 0.622995 0.585852 0.518319 0 
0.0904765 0.218936 -0.0525611 0.859123 0.387145 0.334703 0 
0.0906806 0.218903 -0.0519804 0.867055 0.39912 0.298193 0 
0.0905924 0.219206 -0.0520011 0.869114 0.392552 0.300906 0 
0.0905941 0.21807 -0.0512396 0.861143 0.39591 0.318885 0 
0.0906007 0.219626 -0.0531339 0.862077 0.377833 0.337737 0 
0.0908379 0.219853 -0.0527567 0.863634 0.380245 0.330983 0 
0.0908126 0.219924 -0.0525715 0.863634 0.380245 0.330983 0 
0.0909796 0.220123 -0.0532734 0.859123 0.387145 0.334703 0 
0.0909293 0.220301 -0.0533488 0.859123 0.387145 0.334703 0 
0.0908886 0.219728 -0.0533499 0.86107 0.380473 0.337342 0 
0.0903992 0.220339 -0.0534358 0.863863 0.374187 0.33723 0 
0.0907371 0.22021 -0.0529077 0.86107 0.380473 0.337342 0 
0.0909541 0.220159 -0.0526424 0.864976 0.385629 0.321101 0 
0.0908003 0.220013 -0.0531476 0.86107 0.380473 0.337342 0 
0.0906914 0.219985 -0.0526116 0.863634 0.380245 0.330983 0 
0.0907247 0.220281 -0.0532609 0.859368 0.381084 0.34097 0 
0.0906035 0.220324 -0.053078 0.864413 0.379236 0.330105 0 
0.0899263 0.220405 -0.0519054 0.86107 0.380473 0.337342 0 
0.0902345 0.220785 -0.0520094 0.86956 0.371359 0.325512 0 
0.089964 0.220244 -0.0515145 0.877205 0.371184 0.304522 0 
0.0903364 0.220589 -0.0538645 0.86107 0.380473 0.337342 0 
0.0902405 0.220578 -0.0540897 0.860808 0.386517 0.33108 0 
0.0903613 0.220464 -0.053381 0.861176 0.377438 0.340465 0 
0.0903267 0.221358 -0.0541619 0.870564 0.399578 0.287149 0 
0.0907018 0.220996 -0.0523512 0.872144 0.368103 0.322281 0 
0.0895357 0.221759 -0.052156 0.859123 0.387145 0.334703 0 
0.089486 0.222045 -0.0535689 0.874967 0.397437 0.276544 0 
0.0895445 0.222251 -0.0541805 0.870564 0.399578 0.287149 0 
0.0895068 0.222411 -0.0545714 0.867246 0.403902 0.291114 0 
0.0894439 0.222643 -0.0547772 0.870564 0.399578 0.287149 0 
0.0894063 0.222804 -0.0551682 0.873103 0.396313 0.283948 0 
0.0892927 0.223178 -0.0550037 0.857403 0.420235 0.297089 0 
0.0891292 0.223784 -0.0555833 0.82996 0.44569 0.335449 0 
0.0904089 0.216529 -0.0507798 0.852071 0.392666 0.346105 0 
0.0905834 0.217006 -0.0508313 0.852843 0.396129 0.340205 0 
0.0903787 0.216967 -0.0505205 0.852071 0.392666 0.346105 0 
0.0904291 0.216789 -0.050445 0.847376 0.40106 0.348002 0 
0.090184 0.216213 -0.0505809 0.829813 0.422019 0.365118 0 
0.0905906 0.217265 -0.0499581 0.833814 0.417695 0.360951 0 
0.0903156 0.217163 -0.0502805 0.852071 0.392666 0.346105 0 
0.090533 0.217184 -0.0509068 0.852843 0.396129 0.340205 0 
0.0903031 0.217234 -0.0506337 0.856457 0.391833 0.336078 0 
0.0905154 0.217586 -0.05074 0.855415 0.39445 0.335669 0 
0.0902275 0.217502 -0.0507469 0.855415 0.39445 0.335669 0 
0.0902652 0.217341 -0.050356 0.852071 0.392666 0.346105 0 
0.0898766 0.217614 -0.0505138 0.856457 0.391833 0.336078 0 
0.0910437 0.215608 -0.0486101 0.54623 0.613874 0.569905 0 
0.0909553 0.215875 -0.0481849 0.518461 0.613033 0.596145 0 
0.0903318 0.216547 -0.0477726 0.48903 0.610027 0.623471 0 
0.0900032 0.215871 -0.0475576 0.552287 0.5962 0.582688 0 
0.0898064 0.216182 -0.047488 0.65389 0.556395 0.51269 0 
0.0900895 0.216669 -0.0478526 0.66119 0.553515 0.506408 0 
0.0897765 0.216673 -0.0478973 0.736855 0.515963 0.436838 0 
0.0897009 0.216941 -0.0480105 0.802025 0.469049 0.369796 0 
0.0899504 0.217078 -0.0470572 0.674957 0.551019 0.490725 0 
0.0897915 0.217282 -0.0472653 0.780241 0.488259 0.390932 0 
0.089588 0.217422 -0.0491834 0.863757 0.37722 0.334109 0 
0.0897012 0.216994 -0.0486792 0.850303 0.41973 0.317508 0 
0.089649 0.218291 -0.0492933 0.852071 0.392666 0.346105 0 
0.0895125 0.217689 -0.0492966 0.852071 0.392666 0.346105 0 
0.089187 0.217766 -0.0496944 0.852071 0.392666 0.346105 0 
0.0893865 0.218135 -0.0494853 0.852071 0.392666 0.346105 0 
0.0896108 0.218362 -0.0485698 0.86152 0.389918 0.325189 0 
0.0903748 0.217764 -0.047047 0.721224 0.53553 0.439367 0 
0.0896485 0.218201 -0.0481788 0.858 0.394216 0.329286 0 
0.0900648 0.218233 -0.0528868 0.858164 0.391199 0.332442 0 
0.0899439 0.218329 -0.0533727 0.860377 0.378442 0.34137 0 
0.0898521 0.219483 -0.0505885 0.858576 0.408479 0.309827 0 
0.0896147 0.21922 -0.0505199 0.851251 0.407794 0.330267 0 
0.0895391 0.219488 -0.0506331 0.864935 0.396492 0.307703 0 
0.088536 0.2179 -0.0502673 0.855415 0.39445 0.335669 0 
0.0881348 0.218208 -0.0503326 0.858 0.394216 0.329286 0 
0.0898652 0.219518 -0.0515727 0.872168 0.391182 0.293767 0 
0.089714 0.220035 -0.0515762 0.880971 0.370219 0.294665 0 
0.0898145 0.219643 -0.0509795 0.869114 0.392552 0.300906 0 
0.0895628 0.22057 -0.0518026 0.865532 0.373578 0.333607 0 
0.0898286 0.218436 -0.0498648 0.855415 0.39445 0.335669 0 
0.0894982 0.218879 -0.0501884 0.858 0.394216 0.329286 0 
0.0895586 0.219658 -0.0491838 0.855252 0.397468 0.332512 0 
0.0890632 0.218802 -0.0484899 0.863168 0.389272 0.321572 0 
0.0895833 0.220883 -0.0521365 0.86956 0.371359 0.325512 0 
0.0894574 0.221329 -0.0523252 0.860947 0.383499 0.334214 0 
0.0892071 0.221084 -0.0519412 0.86956 0.371359 0.325512 0 
0.0890684 0.221547 -0.0518144 0.86107 0.380473 0.337342 0 
0.0893314 0.221774 -0.0525139 0.851217 0.393707 0.347023 0 
0.0891686 0.222505 -0.0546538 0.868762 0.403191 0.287559 0 
0.0888917 0.222118 -0.0514099 0.856457 0.391833 0.336078 0 
