0.0952699 0.187789 -0.0320674 -0.933717 -0.357349 0.0217739 2 
0.0947898 0.189468 -0.0336918 -0.939777 -0.330049 -0.0888083 2 
0.0948342 0.189308 -0.0327007 -0.941846 -0.328795 -0.0694268 2 
0.0947377 0.189592 -0.032711 -0.941119 -0.326943 -0.0860376 2 
0.094691 0.189492 -0.0321299 -0.943124 -0.328997 -0.0477368 2 
0.0946311 0.189792 -0.0320486 -0.943402 -0.324906 -0.066547 2 
0.0949205 0.18894 -0.0320174 -0.943158 -0.330552 -0.0344591 2 
0.0945314 0.189829 -0.0329966 -0.941119 -0.326943 -0.0860376 2 
0.0955361 0.212256 -0.0503479 -0.0796541 -0.946708 0.312087 1 
0.0951415 0.212638 -0.0506923 -0.0796541 -0.946708 0.312087 1 
0.0953112 0.212385 -0.0504985 -0.0796541 -0.946708 0.312087 1 
0.095421 0.212433 -0.0502234 -0.0796541 -0.946708 0.312087 1 
0.0951133 0.212644 -0.050246 -0.0821046 -0.950067 0.30105 1 
0.0947786 0.212726 -0.0506719 -0.0796541 -0.946708 0.312087 1 
0.0948884 0.212774 -0.0503967 -0.0712701 -0.949837 0.304518 1 
0.0949982 0.212821 -0.0501216 -0.0712701 -0.949837 0.304518 1 
0.094966 0.212916 -0.050125 -0.0712701 -0.949837 0.304518 1 
0.0960179 0.211902 -0.0500431 -0.0823815 -0.948041 0.307296 1 
0.095917 0.212076 -0.0501418 -0.0823815 -0.948041 0.307296 1 
0.0955727 0.212272 -0.0502562 -0.0796541 -0.946708 0.312087 1 
0.0951499 0.21266 -0.0501543 -0.0821046 -0.950067 0.30105 1 
0.0948738 0.212579 -0.0498121 -0.0340221 -0.951359 0.306199 1 
0.0951755 0.212926 -0.0489019 -0.0341324 -0.949387 0.312248 1 
0.0945095 0.212804 -0.0489422 0.0446564 -0.947992 0.315147 1 
0.0947919 0.213058 -0.0504071 -0.0712701 -0.949837 0.304518 1 
0.0945207 0.213285 -0.0503381 -0.0340221 -0.951359 0.306199 1 
0.0946583 0.213127 -0.0501477 -0.0340221 -0.951359 0.306199 1 
0.0943778 0.212936 -0.0498936 0.0087009 -0.948398 0.316961 1 
0.094309 0.213014 -0.0499888 0.0087009 -0.948398 0.316961 1 
0.0935651 0.213283 -0.0501745 0.0367747 -0.949802 0.310683 1 
0.0942588 0.2132 -0.0502189 -0.00619547 -0.950386 0.311013 1 
0.0939095 0.213087 -0.05006 0.0367747 -0.949802 0.310683 1 
0.0937759 0.213157 -0.0498006 0.0446564 -0.947992 0.315147 1 
0.0940193 0.213135 -0.0497849 0.0446564 -0.947992 0.315147 1 
0.0943571 0.2133 -0.0484215 0.0783705 -0.957148 0.278793 1 
0.0941317 0.213231 -0.0482107 0.0931496 -0.963397 0.251376 1 
0.0936493 0.213386 -0.048154 -0.0104387 -0.980079 0.198335 1 
0.0937693 0.213518 -0.0485517 0.0904539 -0.964417 0.24843 1 
0.0936728 0.213802 -0.0485621 0.0130876 -0.972055 0.234388 1 
0.0918147 0.212806 -0.0498298 0.0535621 -0.965363 0.255354 1 
0.0914429 0.212674 -0.0499858 0.0353641 -0.969464 0.242671 1 
0.0917862 0.213346 -0.0492572 0.21724 -0.793466 0.568523 1 
0.0916897 0.21363 -0.0492676 0.144019 -0.818085 0.556773 1 
0.0910659 0.212766 -0.0497421 0.652286 -0.0952777 0.751961 1 
0.093282 0.213364 -0.0482217 0.545435 -0.508513 0.66627 1 
0.0925151 0.213415 -0.0483606 0.214904 -0.830658 0.513637 1 
0.0927917 0.213695 -0.0490644 0.617163 -0.205721 0.759466 1 
0.0928693 0.213837 -0.0487927 0.236343 -0.762246 0.602597 1 
0.0923726 0.213264 -0.0482777 0.684468 0.507076 0.523811 1 
0.0919687 0.213227 -0.0484372 0.684361 0.500303 0.530422 1 
0.0917072 0.213341 -0.0486795 0.688216 0.487277 0.537512 1 
0.0928459 0.213421 -0.0483846 0.261003 -0.804889 0.532946 1 
0.0931298 0.213327 -0.0478274 0.430015 -0.692341 0.579441 1 
0.0913072 0.213215 -0.0483892 0.692218 0.468706 0.54877 1 
0.0902684 0.212564 -0.0478625 0.704371 0.474576 0.527862 1 
0.0917015 0.213366 -0.0479184 0.691093 0.483598 0.537145 1 
0.091002 0.213475 -0.0471128 0.71647 0.457144 0.526963 1 
0.0943748 0.213741 -0.0480686 0.0908875 -0.961359 0.259861 1 
0.0940255 0.213628 -0.0479097 0.708844 -0.0862305 0.700075 1 
0.094112 0.213991 -0.0474616 0.602751 -0.413458 0.682454 1 
0.0939188 0.213828 -0.0472473 0.566724 -0.509547 0.647445 1 
0.0938867 0.213922 -0.0472507 0.513976 -0.561161 0.648789 1 
0.0934373 0.213648 -0.0476784 0.371617 -0.718677 0.587711 1 
0.0935282 0.214122 -0.047142 0.711085 0.361264 0.603197 1 
0.0929217 0.213502 -0.046902 0.622842 0.642879 0.445841 1 
0.0925548 0.213678 -0.0473313 0.66582 0.558484 0.494753 1 
0.0927198 0.213848 -0.0470994 0.679474 0.538546 0.498281 1 
0.0931141 0.214 -0.0466286 0.635026 0.638359 0.435018 1 
0.0917995 0.213677 -0.0489924 0.165728 -0.831626 0.530031 1 
0.0912209 0.213584 -0.0490724 0.159262 -0.832034 0.531371 1 
0.0904734 0.213728 -0.0468364 0.735286 0.470914 0.487437 1 
0.0928429 0.214227 -0.0465595 0.691558 0.517412 0.504017 1 
0.0926541 0.214174 -0.0462569 0.667106 0.583508 0.463128 1 
0.0923922 0.214089 -0.0461378 0.689973 0.536274 0.486155 1 
0.0918272 0.213794 -0.0460794 0.714473 0.484643 0.504628 1 
0.0915879 0.214459 -0.0458806 0.727936 0.459313 0.509058 1 
0.0915464 0.214135 -0.045699 0.734613 0.447371 0.510102 1 
0.0924735 0.214676 -0.0452901 0.705483 0.528695 0.47199 1 
0.0898867 0.213079 -0.0475807 0.713271 0.483827 0.507104 1 
0.0902711 0.212613 -0.0465633 0.731846 0.447698 0.513779 1 
0.0904776 0.213108 -0.0465129 0.736655 0.433423 0.519119 1 
0.0903845 0.213105 -0.0457121 0.738003 0.480445 0.473841 1 
0.0905675 0.213184 -0.0452536 0.741434 0.497042 0.450805 1 
0.0905231 0.213344 -0.0462448 0.738833 0.454539 0.497514 1 
0.100036 0.210359 -0.0400404 0.16763 0.980086 -0.106451 1 
0.100105 0.21028 -0.0399453 0.16763 0.980086 -0.106451 1 
0.100302 0.210356 -0.0397099 0.20756 0.950976 -0.229265 1 
0.100081 0.210596 -0.0397722 0.166596 0.981334 -0.0960662 1 
0.0994119 0.210028 -0.0403886 0.042615 0.998853 -0.0218272 1 
0.099086 0.210331 -0.040638 -0.0469194 0.99622 0.073107 1 
0.09949 0.210369 -0.0404785 0.042615 0.998853 -0.0218272 1 
0.0994301 0.210668 -0.0403972 0.042615 0.998853 -0.0218272 1 
0.0992414 0.210615 -0.0400946 0.042615 0.998853 -0.0218272 1 
0.0996364 0.210432 -0.0401117 0.135427 0.982149 -0.130547 1 
0.099535 0.210407 -0.0398488 0.135427 0.982149 -0.130547 1 
0.0993511 0.210663 -0.0398195 0.0382273 0.999076 -0.0196302 1 
0.0991535 0.210389 -0.0396934 0.0360164 0.999198 -0.0174937 1 
0.0996448 0.210454 -0.0395736 0.141241 0.983861 -0.109854 1 
0.0993321 0.210357 -0.0393231 0.141838 0.983168 -0.115168 1 
0.098937 0.210541 -0.039306 0.0382273 0.999076 -0.0196302 1 
0.0989895 0.210615 -0.0406483 -0.0469194 0.99622 0.073107 1 
0.0991867 0.210691 -0.0404129 0.0494422 0.998311 -0.0305069 1 
0.099177 0.210805 -0.0401016 0.0424422 0.998944 -0.017598 1 
0.0989472 0.210625 -0.0399789 -0.00707464 0.999545 0.0293092 1 
0.0987174 0.210446 -0.0398563 -0.0663777 0.993415 0.0933788 1 
0.098657 0.210547 -0.0394135 -0.0419493 0.997102 0.0634617 1 
0.098698 0.210674 -0.0392335 0.0382273 0.999076 -0.0196302 1 
0.0977542 0.210087 -0.0407185 0.392301 0.408184 -0.824309 1 
0.0979095 0.210371 -0.0401752 0.419371 0.400237 -0.814824 1 
0.100646 0.21016 -0.0395955 0.147062 0.964364 -0.219943 1 
0.101119 0.210119 -0.0393408 0.147062 0.964364 -0.219943 1 
0.101669 0.210219 -0.0388146 0.147062 0.964364 -0.219943 1 
0.101637 0.210314 -0.038818 0.147062 0.964364 -0.219943 1 
0.101022 0.210204 -0.0389897 0.147062 0.964364 -0.219943 1 
0.101347 0.210434 -0.0386141 0.147062 0.964364 -0.219943 1 
0.101205 0.210283 -0.0385312 0.147062 0.964364 -0.219943 1 
0.100288 0.210359 -0.0394867 0.20756 0.950976 -0.229265 1 
0.100811 0.21033 -0.0393636 0.147062 0.964364 -0.219943 1 
0.100834 0.210349 -0.0390487 0.147062 0.964364 -0.219943 1 
0.10104 0.210646 -0.0386368 0.147062 0.964364 -0.219943 1 
0.100081 0.210397 -0.0394107 0.20756 0.950976 -0.229265 1 
0.100223 0.21035 -0.0391322 0.147062 0.964364 -0.219943 1 
0.100245 0.210369 -0.0388173 0.147062 0.964364 -0.219943 1 
0.100039 0.210407 -0.0387413 0.147062 0.964364 -0.219943 1 
0.0996116 0.210153 -0.0388542 0.147062 0.964364 -0.219943 1 
0.0999658 0.210574 -0.0392862 0.20756 0.950976 -0.229265 1 
0.0996074 0.210773 -0.0391775 0.156014 0.977271 -0.143533 1 
0.0995703 0.210559 -0.0389078 0.20756 0.950976 -0.229265 1 
0.099901 0.210565 -0.0389317 0.147062 0.964364 -0.219943 1 
0.099942 0.210691 -0.0387518 0.147062 0.964364 -0.219943 1 
0.099639 0.21048 -0.0388125 0.147062 0.964364 -0.219943 1 
0.0998869 0.210569 -0.0387086 0.147062 0.964364 -0.219943 1 
0.0991341 0.210616 -0.0390706 0.0334158 0.999437 -0.0030378 1 
0.0993864 0.210815 -0.0388784 0.156014 0.977271 -0.143533 1 
0.0989865 0.21069 -0.0385881 0.156014 0.977271 -0.143533 1 
0.0910828 0.203464 -0.0384409 -0.862059 -0.0541389 -0.503909 1 
0.0913772 0.204185 -0.0387917 -0.894693 -0.244007 -0.374145 1 
0.0913173 0.204485 -0.0387104 -0.899458 -0.217918 -0.378796 1 
0.0904406 0.204489 -0.0391245 -0.924306 -0.137191 -0.356142 1 
0.0903441 0.204772 -0.0391349 -0.921478 -0.134411 -0.364434 1 
0.0908767 0.204431 -0.0389615 -0.904169 -0.213343 -0.370085 1 
0.0909865 0.204479 -0.0386864 -0.904169 -0.213343 -0.370085 1 
0.091032 0.204716 -0.0384182 -0.90173 -0.236063 -0.362158 1 
0.0905637 0.204867 -0.0385846 -0.909903 -0.172298 -0.377346 1 
0.0904759 0.204641 -0.0381834 -0.913373 -0.153876 -0.376925 1 
0.0902793 0.204763 -0.0387803 -0.914696 -0.138675 -0.379606 1 
0.0916974 0.204639 -0.0380164 -0.896956 -0.268346 -0.35137 1 
0.0920462 0.204554 -0.0378139 -0.882068 -0.319239 -0.346473 1 
0.0924635 0.204923 -0.0373897 -0.892279 -0.294437 -0.342264 1 
0.0918388 0.205658 -0.0374852 -0.909682 -0.136382 -0.392274 1 
0.0914133 0.204003 -0.0383385 -0.892331 -0.269636 -0.361997 1 
0.0918076 0.204154 -0.0378677 -0.875627 -0.324363 -0.357865 1 
0.0914914 0.204343 -0.0384283 -0.897817 -0.243251 -0.367088 1 
0.0920227 0.204138 -0.0374056 -0.87074 -0.362681 -0.332075 1 
0.0917565 0.204674 -0.0376099 -0.894532 -0.278332 -0.349776 1 
0.0911837 0.204554 -0.038451 -0.897778 -0.252085 -0.361175 1 
0.0909672 0.204706 -0.0380637 -0.903763 -0.235066 -0.357709 1 
0.0915047 0.204674 -0.0381636 -0.896956 -0.268346 -0.35137 1 
0.0907695 0.204433 -0.0379376 -0.90728 -0.206923 -0.366095 1 
0.0903604 0.204619 -0.0376974 -0.909646 -0.209031 -0.358957 1 
0.0902082 0.204582 -0.0373031 -0.907902 -0.237541 -0.345382 1 
0.0908093 0.204695 -0.0369083 -0.906371 -0.231321 -0.353528 1 
0.0907538 0.205105 -0.0367387 -0.909538 -0.23355 -0.343796 1 
0.0914289 0.204915 -0.0366483 -0.905657 -0.256042 -0.337976 1 
0.0914979 0.205568 -0.0367883 -0.904133 -0.244717 -0.350223 1 
0.091672 0.205426 -0.0365062 -0.900798 -0.251283 -0.354147 1 
0.0910056 0.205105 -0.036185 -0.90516 -0.271401 -0.327149 1 
0.0915198 0.205389 -0.036112 -0.903047 -0.269588 -0.334407 1 
0.0912139 0.205662 -0.0373455 -0.911805 -0.169274 -0.37411 1 
0.0910837 0.205446 -0.0362749 -0.904833 -0.265437 -0.332896 1 
0.0915883 0.205843 -0.0358904 -0.8086 -0.520819 -0.273704 1 
0.0918547 0.206038 -0.0359213 -0.558817 -0.816732 -0.14378 1 
0.0913264 0.205758 -0.0357713 0.165076 -0.96008 0.225824 1 
0.0909444 0.205542 -0.0352544 0.241424 -0.924268 0.295709 1 
0.0910136 0.205661 -0.0355207 0.217016 -0.941324 0.258484 1 
0.0887498 0.204245 -0.0387348 -0.545217 -0.825952 0.143323 1 
0.0895512 0.204681 -0.0371669 -0.918203 -0.22203 -0.328032 1 
0.0903313 0.204961 -0.0367633 -0.911948 -0.245023 -0.329113 1 
0.0895088 0.204691 -0.0364975 -0.173752 -0.972759 0.15346 1 
0.0904866 0.205245 -0.03622 -0.896255 -0.310642 -0.316588 1 
0.0897091 0.205013 -0.0353245 0.256115 -0.922873 0.287593 1 
0.0899935 0.205117 -0.0351288 0.269102 -0.919552 0.286371 1 
0.0895339 0.204759 -0.0348836 0.284032 -0.918418 0.275381 1 
0.0889689 0.204463 -0.0348252 0.284032 -0.918418 0.275381 1 
0.0900081 0.205312 -0.0357135 0.215992 -0.937822 0.271731 1 
0.0898515 0.205164 -0.0354074 0.248986 -0.919666 0.303677 1 
0.0897135 0.205124 -0.0352363 0.269102 -0.919552 0.286371 1 
0.0897315 0.205032 -0.0350097 0.284032 -0.918418 0.275381 1 
0.0894052 0.205137 -0.0348975 0.284032 -0.918418 0.275381 1 
0.089515 0.205184 -0.0346224 0.284032 -0.918418 0.275381 1 
0.0891754 0.204958 -0.0347749 0.284032 -0.918418 0.275381 1 
0.0886104 0.204662 -0.0347165 0.284032 -0.918418 0.275381 1 
0.0892986 0.205336 -0.034235 0.284032 -0.918418 0.275381 1 
0.0891825 0.205117 -0.0333875 0.396181 -0.867314 0.301342 1 
0.0890538 0.205495 -0.0334014 0.418735 -0.854467 0.307485 1 
0.0890951 0.205088 -0.0333478 0.418735 -0.854467 0.307485 1 
0.0889665 0.205467 -0.0333617 0.428195 -0.857924 0.283928 1 
0.0868106 0.200756 -0.046737 -0.682499 0.49804 -0.534932 1 
0.0889058 0.201235 -0.0473287 -0.407982 0.755341 -0.512845 1 
0.0892914 0.201897 -0.0472696 -0.395443 0.766476 -0.506102 1 
0.0885196 0.201639 -0.0471352 -0.407982 0.755341 -0.512845 1 
0.0887905 0.201945 -0.0470779 -0.395443 0.766476 -0.506102 1 
0.0877429 0.201073 -0.0467277 -0.575198 0.619054 -0.534714 1 
0.0871224 0.201188 -0.0464997 -0.633342 0.545519 -0.548896 1 
0.0875674 0.201352 -0.0461603 -0.531637 0.682576 -0.50145 1 
0.0881279 0.201537 -0.046307 -0.507857 0.70767 -0.491206 1 
0.0899212 0.202523 -0.0446847 -0.493038 0.85509 -0.160421 1 
0.0893988 0.202948 -0.0455309 -0.31313 0.842803 -0.437759 1 
0.0894121 0.20328 -0.0452662 -0.317495 0.866594 -0.384982 1 
0.0894898 0.203422 -0.0449945 -0.301173 0.888534 -0.346124 1 
0.0887355 0.202875 -0.0442721 -0.553077 0.825986 -0.108873 1 
0.0879276 0.2028 -0.0445909 -0.531939 0.841639 -0.0931968 1 
0.0881663 0.2032 -0.0445371 -0.484913 0.847464 -0.21602 1 
0.0876194 0.202813 -0.0442521 -0.57467 0.81589 -0.0638523 1 
0.0882672 0.203026 -0.0444385 -0.547309 0.820213 -0.166442 1 
0.0883909 0.203603 -0.0442601 -0.39589 0.882909 -0.252473 1 
0.0888869 0.203247 -0.0441785 -0.554227 0.824795 -0.112009 1 
0.0888591 0.203452 -0.0440938 -0.410124 0.891764 -0.191196 1 
0.0886704 0.203399 -0.0437912 -0.646159 0.7621 -0.0410035 1 
0.0873715 0.202725 -0.0443561 -0.609851 0.790967 -0.0495239 1 
0.0907062 0.200474 -0.050206 -0.405263 0.686466 -0.60376 1 
0.0905682 0.200433 -0.0500348 -0.404865 0.712231 -0.573421 1 
0.0903795 0.20038 -0.0497322 -0.391934 0.733032 -0.555924 1 
0.0913839 0.201596 -0.0489252 -0.348077 0.787584 -0.508481 1 
0.0914624 0.20014 -0.0490326 -0.381472 0.74166 -0.551743 1 
0.0912553 0.200711 -0.0488303 -0.393294 0.755581 -0.523848 1 
0.0908187 0.20057 -0.0486317 -0.393294 0.755581 -0.523848 1 
0.0909167 0.200881 -0.0497058 -0.380303 0.745917 -0.546788 1 
0.0908568 0.20118 -0.0496245 -0.383772 0.746315 -0.543814 1 
0.0904615 0.200632 -0.0493723 -0.393294 0.755581 -0.523848 1 
0.0900756 0.200504 -0.0493052 -0.394265 0.754176 -0.525142 1 
0.091274 0.201549 -0.0492004 -0.391712 0.768795 -0.505487 1 
0.0914615 0.201738 -0.0486536 -0.348077 0.787584 -0.508481 1 
0.0915904 0.202091 -0.0488749 -0.371322 0.792474 -0.483843 1 
0.0908923 0.202064 -0.0489186 -0.348077 0.787584 -0.508481 1 
0.0916725 0.201079 -0.0484062 -0.348077 0.787584 -0.508481 1 
0.0927935 0.202714 -0.0488082 -0.336574 0.802353 -0.492897 1 
0.0917368 0.202154 -0.048508 -0.371322 0.792474 -0.483843 1 
0.0921266 0.202195 -0.0481254 -0.381345 0.793262 -0.47467 1 
0.0920853 0.202602 -0.048179 -0.371687 0.790036 -0.487537 1 
0.0915935 0.202338 -0.0479373 -0.398491 0.769332 -0.499334 1 
0.0920209 0.202791 -0.048186 -0.371687 0.790036 -0.487537 1 
0.0918371 0.203047 -0.0481567 -0.322597 0.799341 -0.506938 1 
0.0916947 0.202896 -0.0480738 -0.403232 0.76565 -0.501183 1 
0.0917956 0.202722 -0.0479751 -0.403232 0.76565 -0.501183 1 
0.0909731 0.202452 -0.0477094 -0.395443 0.766476 -0.506102 1 
0.0905501 0.20211 -0.0473724 -0.395443 0.766476 -0.506102 1 
0.0899032 0.202293 -0.0479091 -0.395443 0.766476 -0.506102 1 
0.091423 0.202925 -0.0476433 -0.398491 0.769332 -0.499334 1 
0.091405 0.203016 -0.0478698 -0.403232 0.76565 -0.501183 1 
0.0911743 0.203171 -0.0472594 -0.395443 0.766476 -0.506102 1 
0.0907155 0.202478 -0.047502 -0.395443 0.766476 -0.506102 1 
0.0903984 0.202271 -0.0473396 -0.395443 0.766476 -0.506102 1 
0.0907288 0.202809 -0.0472372 -0.395443 0.766476 -0.506102 1 
0.0931029 0.203419 -0.0468722 0.177829 0.914753 -0.362772 1 
0.0928999 0.203369 -0.0463465 0.193886 0.933161 -0.302685 1 
0.0916321 0.203468 -0.0462938 -0.232881 0.885539 -0.401978 1 
0.0918751 0.203248 -0.0459165 -0.0733872 0.927347 -0.366936 1 
0.090081 0.202596 -0.047051 -0.395443 0.766476 -0.506102 1 
0.0928515 0.203938 -0.0447896 0.422217 0.845993 -0.325621 1 
0.0917671 0.203583 -0.0444047 0.246838 0.938544 -0.24126 1 
0.0921143 0.203846 -0.0462241 -0.116389 0.901665 -0.416477 1 
0.092348 0.203937 -0.0458971 0.0222319 0.916739 -0.398867 1 
0.0917001 0.203724 -0.0457107 -0.0855767 0.916894 -0.38985 1 
0.0915973 0.203836 -0.0445986 -0.00119332 0.967781 -0.25179 1 
0.0952324 0.210494 -0.0437076 -0.104614 0.679256 0.726407 1 
0.0961188 0.210376 -0.0436049 -0.2803 0.815846 0.505793 1 
0.0956408 0.210642 -0.0434599 -0.247639 0.629351 0.736609 1 
0.0949383 0.210504 -0.0435919 -0.0826644 0.639561 0.764283 1 
0.0951077 0.210784 -0.0432717 -0.164836 0.597343 0.784863 1 
0.0949555 0.210747 -0.0428775 -0.216255 0.488465 0.845361 1 
0.0941991 0.21035 -0.0438156 0.313101 0.749836 0.582849 1 
0.0948227 0.210482 -0.0431059 -0.155241 0.513034 0.844214 1 
0.0944914 0.210278 -0.0427205 -0.126312 0.512508 0.849341 1 
0.0938342 0.209646 -0.0423491 -0.1119 0.385435 0.915925 1 
0.0941481 0.210871 -0.0435579 0.350971 0.768255 0.535353 1 
0.0945471 0.210599 -0.0431251 -0.100265 0.582699 0.806479 1 
0.0958926 0.210642 -0.0429062 -0.293788 0.669451 0.682294 1 
0.0963799 0.210796 -0.0432363 -0.26122 0.874256 0.409194 1 
0.0964897 0.210843 -0.0429611 -0.266704 0.889509 0.371001 1 
0.0961775 0.210944 -0.0430721 -0.26584 0.864359 0.426863 1 
0.0955203 0.210312 -0.0427007 -0.276375 0.6502 0.707712 1 
0.0952583 0.210227 -0.0425815 -0.253661 0.597127 0.760983 1 
0.0955619 0.210636 -0.0428822 -0.255071 0.647974 0.717683 1 
0.095456 0.210501 -0.0427076 -0.269045 0.638384 0.721167 1 
0.095093 0.21059 -0.0426871 -0.243882 0.539026 0.806209 1 
0.0942836 0.20992 -0.0419215 -0.175397 0.464287 0.868143 1 
0.0940904 0.209756 -0.0417071 -0.173074 0.387629 0.905422 1 
0.0939573 0.210024 -0.0418093 -0.108535 0.444008 0.889425 1 
0.0942886 0.210228 -0.0421947 -0.147585 0.492436 0.857745 1 
0.0940222 0.210033 -0.0421638 -0.0652152 0.478707 0.875549 1 
0.0938153 0.210072 -0.0420879 -0.0820164 0.457346 0.885499 1 
0.0950776 0.210729 -0.0416146 -0.294563 0.515092 0.80493 1 
0.0944154 0.209788 -0.04097 -0.270782 0.436005 0.858241 1 
0.092897 0.207755 -0.0419764 0.133325 0.397167 0.908011 1 
0.0930117 0.208112 -0.0419745 0.00127278 0.372926 0.92786 1 
0.092704 0.208323 -0.0419972 -0.0116164 0.391087 0.92028 1 
0.0934067 0.209192 -0.0421004 -0.110788 0.367925 0.923232 1 
0.0928606 0.208471 -0.0423033 -0.0217938 0.355111 0.93457 1 
0.093154 0.208796 -0.0419311 -0.0683097 0.379052 0.922851 1 
0.0934245 0.20837 -0.0416387 -0.103071 0.386174 0.916649 1 
0.0934379 0.208701 -0.0413739 -0.108411 0.374637 0.920812 1 
0.0931351 0.209222 -0.0416699 -0.110788 0.367925 0.923232 1 
0.0928449 0.209144 -0.0411044 -0.0603939 0.401284 0.913961 1 
0.0923975 0.209663 -0.0429781 -0.187803 0.453982 0.870994 1 
0.0933152 0.209785 -0.0423841 -0.158662 0.401657 0.901941 1 
0.0932137 0.20976 -0.0421212 -0.139938 0.40568 0.903239 1 
0.0928746 0.209732 -0.0426352 -0.0999011 0.460108 0.882225 1 
0.0928464 0.209738 -0.0421889 -0.10522 0.441923 0.890861 1 
0.093163 0.209748 -0.0419898 -0.139938 0.40568 0.903239 1 
0.0930441 0.210012 -0.042315 -0.154795 0.447024 0.881027 1 
0.0929011 0.209663 -0.0418706 -0.0633954 0.408698 0.910465 1 
0.0920346 0.209751 -0.0429575 -0.291084 0.429695 0.85477 1 
0.0931865 0.210163 -0.0423979 -0.180467 0.441631 0.87886 1 
0.092626 0.209978 -0.0422513 -0.130559 0.457675 0.879482 1 
0.0936081 0.209911 -0.0416504 -0.106549 0.402671 0.909123 1 
0.0933693 0.209511 -0.0417043 -0.105431 0.373802 0.921497 1 
0.093466 0.209959 -0.041929 -0.112423 0.401115 0.909103 1 
0.0926707 0.209285 -0.0413865 -0.0490475 0.385752 0.921298 1 
0.0975681 0.199039 -0.0376497 -0.43016 0.767091 0.475956 1 
0.0983945 0.199221 -0.0374658 -0.475748 0.777758 0.410799 1 
0.0980452 0.199108 -0.0373069 -0.465635 0.766255 0.442761 1 
0.0968977 0.198807 -0.0377782 -0.408505 0.743183 0.529908 1 
0.0974797 0.198614 -0.036887 -0.482029 0.733811 0.478716 1 
0.0973056 0.198756 -0.0371691 -0.460512 0.73781 0.493524 1 
0.0976311 0.198986 -0.0367935 -0.453077 0.763852 0.45962 1 
0.0972267 0.198751 -0.0365914 -0.492747 0.728337 0.476157 1 
0.0971623 0.19894 -0.0365983 -0.472059 0.733763 0.488623 1 
0.0968314 0.198203 -0.0363392 -0.566135 0.623593 0.539095 1 
0.0967027 0.198581 -0.0363531 -0.537868 0.649151 0.537868 1 
0.09651 0.198616 -0.0365003 -0.513469 0.65825 0.550506 1 
0.0954596 0.196965 -0.0372139 -0.581932 0.335543 0.740788 1 
0.0965009 0.197664 -0.0364416 -0.644582 0.421393 0.63792 1 
0.0952605 0.198091 -0.0363473 -0.57183 0.425972 0.701113 1 
0.0956093 0.198006 -0.0361446 -0.588185 0.409244 0.697537 1 
0.0964499 0.198185 -0.0361838 -0.587179 0.549952 0.593948 1 
0.0963118 0.198144 -0.0360127 -0.608615 0.520947 0.598499 1 
0.0960269 0.197842 -0.0358468 -0.639889 0.420498 0.643213 1 
0.0957558 0.198069 -0.0357778 -0.593249 0.478969 0.647028 1 
0.096069 0.198365 -0.0363899 -0.54623 0.569905 0.613874 1 
0.0948375 0.197748 -0.0360103 -0.572842 0.360679 0.736045 1 
0.0951732 0.198063 -0.0363076 -0.571553 0.415826 0.707401 1 
0.0953651 0.198363 -0.0356725 -0.563712 0.516596 0.644483 1 
0.0945073 0.197941 -0.0363478 -0.569287 0.367019 0.735669 1 
0.0942497 0.197967 -0.0361404 -0.563489 0.367493 0.739885 1 
0.0946493 0.197894 -0.0360692 -0.578582 0.360188 0.731784 1 
0.0944328 0.198046 -0.0356819 -0.579964 0.361048 0.730264 1 
0.094662 0.198027 -0.035443 -0.600415 0.358286 0.714936 1 
0.0939229 0.197873 -0.0356667 -0.568336 0.326834 0.755098 1 
0.0975545 0.199241 -0.0377881 -0.422669 0.771901 0.47489 1 
0.0982204 0.199363 -0.0377478 -0.448607 0.774867 0.445345 1 
0.0977741 0.199336 -0.0372378 -0.439245 0.772353 0.45884 1 
0.0978839 0.199383 -0.0369627 -0.434118 0.782062 0.447125 1 
0.0968007 0.198892 -0.0374271 -0.416243 0.735417 0.534699 1 
0.0968784 0.199034 -0.0371555 -0.427003 0.740248 0.519328 1 
0.0970204 0.198987 -0.0368769 -0.459642 0.725139 0.512741 1 
0.0967262 0.198997 -0.0367612 -0.46563 0.699279 0.5424 1 
0.0938301 0.198602 -0.035101 -0.547608 0.480622 0.684929 1 
0.093697 0.19887 -0.0352031 -0.485368 0.602931 0.633161 1 
0.100546 0.199277 -0.0357171 -0.208177 0.978085 0.00348901 1 
0.101031 0.199902 -0.0347099 -0.177956 0.983925 0.0149254 1 
0.100912 0.200166 -0.0350352 -0.183633 0.982842 0.0173239 1 
0.100595 0.199959 -0.0348728 -0.182001 0.983266 -0.00801264 1 
0.0999123 0.19906 -0.0357539 -0.199229 0.979836 -0.0151461 1 
0.0990166 0.198759 -0.0356716 -0.276148 0.959584 -0.0542209 1 
0.0979425 0.19922 -0.0361947 -0.435074 0.814369 0.384076 1 
0.099724 0.199205 -0.0358129 -0.208282 0.977864 -0.0200044 1 
0.0993245 0.199278 -0.035884 -0.25124 0.966594 0.0507431 1 
0.0994343 0.199326 -0.0356089 -0.211016 0.977277 -0.0200407 1 
0.09684 0.197692 -0.0359276 -0.635358 0.547723 0.544352 1 
0.0973998 0.198212 -0.0355863 -0.51423 0.79443 0.323185 1 
0.0980833 0.198045 -0.0349579 -0.308226 0.945844 -0.10186 1 
0.0985018 0.198277 -0.0353831 -0.288076 0.952868 -0.0951564 1 
0.0977537 0.199167 -0.0358921 -0.431382 0.82642 0.361855 1 
0.0975239 0.198988 -0.0357695 -0.466237 0.813131 0.348485 1 
0.0969412 0.19825 -0.0360641 -0.574173 0.648259 0.500086 1 
0.097051 0.198298 -0.035789 -0.578167 0.668663 0.467561 1 
0.0968211 0.198118 -0.0356663 -0.585938 0.656452 0.47513 1 
0.0972298 0.198997 -0.0356538 -0.474611 0.796381 0.374862 1 
0.097 0.198818 -0.0355312 -0.477722 0.782169 0.399991 1 
0.0982761 0.198741 -0.0350459 -0.2576 0.963146 -0.077407 1 
0.0981342 0.198789 -0.0353245 -0.307217 0.951502 0.0161693 1 
0.0972706 0.198393 -0.0352387 -0.465672 0.853985 0.232078 1 
0.0971511 0.198459 -0.0352024 -0.46708 0.850481 0.241908 1 
0.0977156 0.198556 -0.0348993 -0.308226 0.945844 -0.10186 1 
0.0968157 0.198876 -0.0351404 -0.48308 0.797644 0.361106 1 
0.0969897 0.198734 -0.0348583 -0.400624 0.902472 0.158253 1 
0.100022 0.199108 -0.0354788 -0.193427 0.981032 -0.0127407 1 
0.0986756 0.198668 -0.0349747 -0.247481 0.966054 -0.0741186 1 
0.0997606 0.199221 -0.0357211 -0.208282 0.977864 -0.0200044 1 
0.0996958 0.199212 -0.0353665 -0.208282 0.977864 -0.0200044 1 
0.0988323 0.198816 -0.0352808 -0.252892 0.965017 -0.0691994 1 
0.0988958 0.198962 -0.034786 -0.231259 0.972258 -0.0351127 1 
0.0991389 0.199472 -0.0346439 -0.211016 0.977277 -0.0200407 1 
0.100168 0.199506 -0.0346241 -0.182821 0.983092 -0.0103483 1 
0.0999614 0.199742 -0.0349096 -0.182821 0.983092 -0.0103483 1 
0.0997867 0.199686 -0.0348302 -0.193427 0.981032 -0.0127407 1 
0.0990877 0.199261 -0.0341509 -0.202389 0.979187 -0.0152084 1 
0.0994053 0.199667 -0.0346748 -0.196541 0.980379 -0.0151185 1 
0.0994824 0.199611 -0.0340416 -0.193427 0.981032 -0.0127407 1 
0.0987797 0.198742 -0.0339385 -0.200127 0.979568 -0.0198956 1 
0.0989544 0.198798 -0.0340179 -0.211016 0.977277 -0.0200407 1 
0.0985178 0.198657 -0.0338193 -0.208364 0.977523 -0.0321475 1 
0.0988022 0.198761 -0.0336236 -0.202389 0.979187 -0.0152084 1 
0.0981561 0.198609 -0.0346482 -0.255177 0.963581 -0.079981 1 
0.0984816 0.19884 -0.0342725 -0.215843 0.975515 -0.042204 1 
0.0982659 0.198657 -0.0343731 -0.247481 0.966054 -0.0741186 1 
0.0983392 0.198689 -0.0341896 -0.237615 0.969119 -0.0659349 1 
0.0962973 0.197949 -0.035428 -0.632822 0.518071 0.575446 1 
0.0962007 0.198233 -0.0354384 -0.609322 0.57894 0.541807 1 
0.096173 0.198438 -0.0353536 -0.585852 0.622995 0.518319 1 
0.0957646 0.19829 -0.0356013 -0.57563 0.545245 0.609391 1 
0.0955944 0.198344 -0.0354336 -0.562575 0.57609 0.592984 1 
0.0959842 0.198385 -0.0350511 -0.591064 0.624743 0.510235 1 
0.0967877 0.198349 -0.0348205 -0.492948 0.841803 0.219931 1 
0.0969341 0.198413 -0.0344536 -0.326616 0.939854 -0.0999845 1 
0.0967926 0.198658 -0.0350937 -0.499633 0.804172 0.321986 1 
0.0965307 0.198573 -0.0349746 -0.494929 0.811178 0.311505 1 
0.0968376 0.198696 -0.034464 -0.308962 0.947744 -0.0795219 1 
0.0964015 0.198754 -0.0346269 -0.413388 0.889588 0.194278 1 
0.0966211 0.198848 -0.0340767 -0.300562 0.948937 -0.0958125 1 
0.0967309 0.198896 -0.0338016 -0.272083 0.959318 -0.0753658 1 
0.0970475 0.198905 -0.0336024 -0.247481 0.966054 -0.0741186 1 
0.099436 0.198978 -0.0335868 -0.193427 0.981032 -0.0127407 1 
0.0997282 0.198906 -0.0324916 -0.164165 0.986138 -0.0241082 1 
0.100059 0.198912 -0.0325156 -0.147409 0.988441 -0.0354239 1 
0.0989993 0.198837 -0.0333882 -0.195664 0.980637 -0.00810444 1 
0.0988749 0.198594 -0.0330787 -0.195664 0.980637 -0.00810444 1 
0.0991091 0.198884 -0.0331131 -0.193427 0.981032 -0.0127407 1 
0.0993936 0.198988 -0.0329174 -0.181796 0.98309 -0.0220008 1 
0.0988565 0.199218 -0.0331789 -0.196541 0.980379 -0.0151185 1 
0.0990448 0.199073 -0.03312 -0.193427 0.981032 -0.0127407 1 
0.0991225 0.199215 -0.0328484 -0.181796 0.98309 -0.0220008 1 
0.0987185 0.199178 -0.0330078 -0.195664 0.980637 -0.00810444 1 
0.0994069 0.199319 -0.0326527 -0.172012 0.984737 -0.0265521 1 
0.0996318 0.19919 -0.0325021 -0.164165 0.986138 -0.0241082 1 
0.0996451 0.199521 -0.0322374 -0.144845 0.988823 -0.0353558 1 
0.0990118 0.199503 -0.0326357 -0.179156 0.983624 -0.0196494 1 
0.100137 0.199054 -0.032244 -0.146745 0.987926 -0.0496852 1 
0.100279 0.199007 -0.0319654 -0.125511 0.991868 -0.0211036 1 
0.0998104 0.199158 -0.0321317 -0.14035 0.989296 -0.039937 1 
0.100095 0.199262 -0.0319361 -0.125511 0.991868 -0.0211036 1 
0.100301 0.199026 -0.0316505 -0.13078 0.990518 -0.0420771 1 
0.099746 0.199348 -0.0321387 -0.139138 0.989802 -0.0305425 1 
0.0999938 0.199436 -0.0320347 -0.136021 0.990368 -0.0258553 1 
0.0997549 0.199568 -0.0319622 -0.14035 0.989296 -0.039937 1 
0.099929 0.199427 -0.0316801 -0.120348 0.992594 -0.0165616 1 
0.0975152 0.199498 -0.0361811 -0.411908 0.806186 0.42473 1 
0.0973542 0.19924 -0.0359633 -0.453432 0.792295 0.40825 1 
0.0974324 0.19958 -0.0360532 -0.411908 0.806186 0.42473 1 
0.0969035 0.199102 -0.0355416 -0.457359 0.80078 0.386749 1 
0.0970278 0.199344 -0.0358511 -0.440174 0.794894 0.417601 1 
0.0965873 0.199291 -0.0361023 -0.421834 0.776891 0.467437 1 
0.0966137 0.199222 -0.0353376 -0.449148 0.800096 0.397633 1 
0.0967003 0.199585 -0.0348895 -0.383614 0.874882 0.295671 1 
0.0960385 0.198842 -0.0346064 -0.480787 0.829318 0.284738 1 
0.0963826 0.199179 -0.0343657 -0.331847 0.935944 0.11784 1 
0.0953679 0.199143 -0.0346086 -0.508607 0.742336 0.436184 1 
0.096185 0.198906 -0.0342396 -0.347717 0.936361 0.0481855 1 
0.09651 0.198937 -0.0335024 -0.261202 0.962786 -0.0694014 1 
0.0964135 0.199221 -0.0335129 -0.247481 0.966054 -0.0741186 1 
0.0959685 0.199058 -0.0338522 -0.283701 0.954738 -0.0893852 1 
0.0964002 0.19889 -0.0337776 -0.276306 0.957433 -0.0835344 1 
0.0965466 0.198953 -0.0334107 -0.247481 0.966054 -0.0741186 1 
0.0966974 0.199127 -0.0329557 -0.208364 0.977523 -0.0321475 1 
0.0962979 0.1992 -0.0330269 -0.215843 0.975515 -0.042204 1 
0.0965594 0.199086 -0.0327845 -0.203749 0.978233 -0.03932 1 
0.0960359 0.199115 -0.0329077 -0.203249 0.97776 -0.0517143 1 
0.0960545 0.199222 -0.0330426 -0.203249 0.97776 -0.0517143 1 
0.0973259 0.199568 -0.0325192 -0.188376 0.981661 -0.0292509 1 
0.0936954 0.198275 -0.0341186 -0.613809 0.232716 0.754375 1 
0.0987972 0.201691 -0.0459031 -0.174442 0.975119 -0.136793 1 
0.0989071 0.201738 -0.045628 -0.173457 0.973637 -0.148135 1 
0.0995403 0.201757 -0.0452297 -0.170514 0.973824 -0.150305 1 
0.0990812 0.201596 -0.0453459 -0.170514 0.973824 -0.150305 1 
0.0990534 0.201802 -0.0452612 -0.174113 0.972239 -0.156321 1 
0.0994896 0.201744 -0.0450982 -0.177822 0.970983 -0.159912 1 
0.0990619 0.201824 -0.0447232 -0.182622 0.96751 -0.174851 1 
0.0989114 0.201849 -0.0455398 -0.177013 0.971664 -0.156638 1 
0.0985486 0.201937 -0.0455192 -0.177013 0.971664 -0.156638 1 
0.0988325 0.201843 -0.0449621 -0.181792 0.96827 -0.171478 1 
0.0982584 0.20186 -0.0449538 -0.17527 0.971021 -0.162477 1 
0.0960514 0.201271 -0.0434263 -0.0100246 0.990209 0.139231 1 
0.102327 0.202091 -0.044655 -0.151027 0.977307 -0.148531 1 
0.101497 0.201997 -0.0452888 -0.178802 0.972634 -0.148368 1 
0.101051 0.202168 -0.0451403 -0.209753 0.969948 -0.123309 1 
0.10095 0.202143 -0.0448775 -0.209227 0.965561 -0.154646 1 
0.1006 0.20203 -0.0447186 -0.203092 0.96305 -0.176887 1 
0.100834 0.202122 -0.0443915 -0.203092 0.96305 -0.176887 1 
0.0999385 0.20182 -0.0443091 -0.182622 0.96751 -0.174851 1 
0.0999486 0.201905 -0.044982 -0.177822 0.970983 -0.159912 1 
0.0997965 0.201867 -0.0445877 -0.182622 0.96751 -0.174851 1 
0.100388 0.202094 -0.0438815 -0.182622 0.96751 -0.174851 1 
0.100943 0.202306 -0.043267 -0.201405 0.962266 -0.182975 1 
0.100593 0.202193 -0.0431081 -0.183372 0.96628 -0.180771 1 
0.100377 0.202345 -0.0427208 -0.191554 0.965588 -0.175917 1 
0.100179 0.202071 -0.0425947 -0.184826 0.968076 -0.169316 1 
0.100073 0.20227 -0.0419322 -0.204408 0.968046 -0.145271 1 
0.100497 0.202476 -0.0431185 -0.183372 0.96628 -0.180771 1 
0.100119 0.20237 -0.0425134 -0.189976 0.967973 -0.164129 1 
0.10039 0.202676 -0.042456 -0.191554 0.965588 -0.175917 1 
0.0999029 0.202522 -0.042126 -0.204408 0.968046 -0.145271 1 
0.0981033 0.201364 -0.0426257 -0.254538 0.959413 -0.121395 1 
0.0977771 0.201468 -0.0425135 -0.276991 0.954372 -0.111584 1 
0.0966667 0.201381 -0.0432546 -0.124975 0.992056 -0.0143776 1 
0.0963822 0.201277 -0.0434503 -0.0821538 0.995704 0.04272 1 
0.0962204 0.201353 -0.0427447 -0.0263625 0.986875 0.159321 1 
0.0963589 0.201592 -0.0432773 0.00322554 0.994541 0.104292 1 
0.0959774 0.201574 -0.0431219 0.0652969 0.972062 0.225459 1 
0.096675 0.201403 -0.0427167 -0.0881358 0.995609 0.0315548 1 
0.096514 0.201145 -0.0424988 -0.0678642 0.990357 0.120775 1 
0.0964174 0.201429 -0.0425093 -0.0263625 0.986875 0.159321 1 
0.096959 0.201309 -0.0421595 -0.0318527 0.980354 0.194655 1 
0.0965278 0.201675 -0.0425956 -0.0318113 0.994927 0.095434 1 
0.0970094 0.201854 -0.0421645 -0.0574876 0.996812 0.0553182 1 
0.0978445 0.201526 -0.0415689 -0.111356 0.974674 0.193934 1 
0.097804 0.201598 -0.0421104 -0.257439 0.966294 -0.00119739 1 
0.097344 0.201772 -0.0417388 0.0130647 0.972723 0.231601 1 
0.0979226 0.201866 -0.0416588 -0.159259 0.979013 0.127161 1 
0.0972052 0.202066 -0.0410798 0.108138 0.921227 0.373693 1 
0.0994639 0.202121 -0.0403551 -0.118229 0.960123 0.253348 1 
0.0999149 0.20299 -0.041012 -0.211955 0.971985 -0.101588 1 
0.0991844 0.202326 -0.040824 -0.156851 0.979395 0.12721 1 
0.09906 0.202084 -0.0405145 -0.159334 0.959953 0.230441 1 
0.0988767 0.202537 -0.0408467 -0.159259 0.979013 0.127161 1 
0.0993486 0.202831 -0.0401043 -0.174496 0.968128 0.179666 1 
0.097898 0.202318 -0.0406364 0.0450521 0.94352 0.328237 1 
0.098302 0.202356 -0.040477 -0.133237 0.956405 0.259878 1 
0.0982006 0.202331 -0.0402141 -0.0509076 0.935917 0.348522 1 
0.0980078 0.202366 -0.0403613 0.0684089 0.921509 0.382285 1 
0.0981176 0.202413 -0.0400862 0.0414868 0.903341 0.426912 1 
0.0983747 0.202189 -0.0399321 -0.049186 0.918582 0.392159 1 
0.0998765 0.202912 -0.0398928 -0.143335 0.958637 0.245906 1 
0.0962244 0.201997 -0.0425301 0.0544699 0.976826 0.206986 1 
0.0966695 0.202161 -0.0421907 -0.0229314 0.994786 0.0993694 1 
0.0981143 0.202699 -0.0408974 -0.0888937 0.980266 0.17657 1 
0.0986382 0.202869 -0.0411357 -0.202337 0.97931 0.00346863 1 
0.0992244 0.20332 -0.0400299 -0.187477 0.958659 0.214069 1 
0.0979113 0.202649 -0.0403717 0.0971758 0.915642 0.390072 1 
0.0975903 0.20253 -0.0406591 0.104467 0.929353 0.354104 1 
0.0971761 0.202408 -0.0401457 0.132927 0.842844 0.521483 1 
0.0978099 0.202625 -0.0401089 0.0967626 0.887691 0.450156 1 
0.0952568 0.201527 -0.0434805 0.121536 0.957913 0.260061 1 
0.0959126 0.201565 -0.0427674 0.0572631 0.955657 0.28886 1 
0.0960042 0.201294 -0.0394859 0.0237834 0.770863 0.636557 1 
0.0964682 0.201763 -0.0396429 0.0585092 0.786306 0.61506 1 
0.0960316 0.201622 -0.0394443 0.0795447 0.77086 0.632018 1 
0.0960175 0.201625 -0.0392212 0.165492 0.763691 0.62401 1 
0.0954664 0.200595 -0.0391508 0.147945 0.793522 0.590284 1 
0.0955767 0.200841 -0.0392372 0.106957 0.795587 0.596324 1 
0.0951767 0.200715 -0.0389469 0.255562 0.779228 0.57227 1 
0.0957788 0.201225 -0.039275 0.126002 0.778248 0.615186 1 
0.0951079 0.200794 -0.039042 0.0499819 0.738304 0.672614 1 
0.0956331 0.20177 -0.0432363 0.0816087 0.968004 0.237293 1 
0.0954809 0.201733 -0.042842 0.135529 0.932276 0.3354 1 
0.0963902 0.202154 -0.0397882 0.104611 0.752902 0.649765 1 
0.0883614 0.197959 -0.0422941 -0.208283 0.769876 0.603249 1 
0.0882558 0.198555 -0.0423547 -0.365535 0.713039 0.598297 1 
0.087991 0.198011 -0.0403016 -0.258284 0.796766 0.546309 1 
0.0881945 0.198991 -0.041424 0.130117 0.929991 0.343782 1 
0.0875044 0.198787 -0.0405683 -0.267941 0.753089 0.600886 1 
0.0886527 0.198754 -0.0405848 -0.294555 0.571596 0.765843 1 
0.0883034 0.198641 -0.0404259 -0.301036 0.629439 0.716369 1 
0.0888723 0.198849 -0.0400345 -0.293908 0.498229 0.815712 1 
0.0881279 0.19892 -0.0398586 -0.329721 0.667564 0.667564 1 
0.0878892 0.19852 -0.0399125 -0.326404 0.703149 0.631697 1 
0.0868275 0.197651 -0.039339 -0.0148701 0.984858 0.172722 1 
0.0865759 0.198382 -0.0401279 -0.193574 0.847822 0.493687 1 
0.0862086 0.198361 -0.0401957 -0.117166 0.893566 0.433373 1 
0.0871867 0.198382 -0.0400444 -0.164087 0.884328 0.437081 1 
0.0873287 0.198334 -0.0397658 0.00966385 0.995376 0.0955647 1 
0.0871907 0.198294 -0.0395947 0.00966385 0.995376 0.0955647 1 
0.086897 0.198502 -0.0398405 -0.164087 0.884328 0.437081 1 
0.0866902 0.19854 -0.0397646 -0.00103246 0.998386 0.0567851 1 
0.0865569 0.198077 -0.0396315 -0.00103246 0.998386 0.0567851 1 
0.0856938 0.197879 -0.0399072 -0.110606 0.89745 0.427024 1 
0.0887033 0.200031 -0.040825 -0.427687 0.539975 0.724921 1 
0.0913071 0.19756 -0.0401298 -0.265738 0.357781 0.895196 1 
0.0918164 0.197534 -0.0397835 -0.351477 0.333218 0.874888 1 
0.0914594 0.198328 -0.0407592 -0.252024 0.386237 0.887302 1 
0.0912612 0.19912 -0.0403804 -0.250506 0.320011 0.913696 1 
0.0911312 0.199635 -0.039545 -0.257658 0.189495 0.947473 1 
0.0915438 0.199162 -0.0389739 -0.338014 0.331951 0.880656 1 
0.0904469 0.201401 -0.0397943 -0.300369 0.0793183 0.950519 1 
0.0906223 0.197863 -0.0399088 -0.248282 0.388034 0.887573 1 
0.0904795 0.198245 -0.0396996 -0.252104 0.392328 0.884603 1 
0.0908701 0.197952 -0.0398049 -0.276941 0.401035 0.873198 1 
0.0898085 0.197083 -0.0392314 -0.247668 0.415781 0.875092 1 
0.0905836 0.198319 -0.0386633 -0.318426 0.392264 0.86298 1 
0.0912349 0.198246 -0.0380384 -0.288837 0.535058 0.793906 1 
0.090913 0.198461 -0.037838 -0.360442 0.345104 0.866594 1 
0.0907475 0.198092 -0.0377084 -0.258601 0.562652 0.785206 1 
0.0901969 0.19726 -0.0379995 -0.324996 0.343136 0.881269 1 
0.0904074 0.197667 -0.0374994 -0.333574 0.348805 0.875821 1 
0.0902011 0.197904 -0.037785 -0.330962 0.437623 0.836032 1 
0.0903194 0.198384 -0.0402048 -0.275709 0.421941 0.863684 1 
0.0904528 0.198847 -0.0403378 -0.26058 0.343023 0.90246 1 
0.0891434 0.198622 -0.0401036 -0.278282 0.480387 0.831738 1 
0.0902674 0.198508 -0.039224 -0.281215 0.402822 0.871007 1 
0.0898489 0.198275 -0.0387988 -0.280721 0.437189 0.854436 1 
0.0900143 0.198644 -0.0389284 -0.285984 0.420565 0.86101 1 
0.0901343 0.198776 -0.0393261 -0.264841 0.384543 0.8843 1 
0.0897348 0.198849 -0.0393973 -0.264841 0.384543 0.8843 1 
0.088716 0.198169 -0.0398548 -0.272135 0.552136 0.788091 1 
0.0887293 0.1985 -0.0395901 -0.285455 0.537791 0.793282 1 
0.0884307 0.198399 -0.0395626 -0.281621 0.587107 0.758943 1 
0.0893717 0.198206 -0.0391417 -0.279585 0.504503 0.816889 1 
0.0910066 0.198662 -0.0390003 -0.332589 0.366308 0.869024 1 
0.091273 0.198857 -0.0390312 -0.334794 0.362311 0.869853 1 
0.0903305 0.198455 -0.0383677 -0.32068 0.410532 0.853597 1 
0.0908427 0.197945 -0.0368486 -0.222343 0.614164 0.75721 1 
0.0910213 0.197914 -0.0364784 -0.253661 0.597127 0.760983 1 
0.0910179 0.1982 -0.0372896 -0.263491 0.579049 0.77154 1 
0.0889823 0.199628 -0.0399945 -0.234788 0.294552 0.926344 1 
0.0891844 0.200012 -0.0400324 -0.228983 0.150475 0.96173 1 
0.0855531 0.223757 -0.0505265 0.932807 0.344234 -0.106645 0 
0.08582 0.224151 -0.0509189 0.933399 0.341751 -0.109414 0 
0.0857967 0.224466 -0.0507459 0.933399 0.341751 -0.109414 0 
0.0857875 0.224778 -0.050796 0.93216 0.353394 -0.0786802 0 
0.0848341 0.226301 -0.0523135 0.959876 0.276575 -0.0463043 0 
0.0854209 0.225686 -0.0514604 0.935511 0.350003 -0.0481417 0 
0.0853017 0.225219 -0.0515504 0.923776 0.381758 -0.0299674 0 
0.0853785 0.225696 -0.0507909 0.925898 0.37586 -0.0379788 0 
0.0852467 0.225828 -0.0517424 0.943393 0.327405 -0.0530578 0 
0.0856093 0.226272 -0.0516366 0.946661 0.319801 -0.0394973 0 
0.0851819 0.225819 -0.0513879 0.935511 0.350003 -0.0481417 0 
0.0852425 0.226449 -0.0520658 0.96084 0.273633 -0.0437313 0 
0.0851578 0.226469 -0.050727 0.950769 0.299629 -0.0791227 0 
0.0848719 0.227444 -0.0531799 0.959806 0.279687 -0.0234099 0 
0.0851692 0.227681 -0.0523581 0.960997 0.275099 -0.0283735 0 
0.0850362 0.226685 -0.0523513 0.960538 0.274261 -0.0463363 0 
0.0843567 0.226764 -0.05253 0.959876 0.276575 -0.0463043 0 
0.0849397 0.226969 -0.0523617 0.960538 0.274261 -0.0463363 0 
0.0843791 0.226784 -0.0522151 0.962108 0.268292 -0.0486669 0 
0.0844857 0.227848 -0.0529864 0.952066 0.30589 0.00122847 0 
0.0848939 0.227265 -0.0525036 0.960476 0.275311 -0.0411099 0 
0.0845911 0.227785 -0.0527995 0.952066 0.30589 0.00122847 0 
0.0850613 0.226753 -0.0507374 0.960745 0.254733 -0.10991 0 
0.0853743 0.223057 -0.0506616 0.93097 0.349958 -0.104042 0 
0.0837475 0.23062 -0.0541507 0.915012 0.250074 -0.316568 0 
0.0835958 0.230781 -0.0541179 0.915012 0.250074 -0.316568 0 
0.0844998 0.229109 -0.0533184 0.951916 0.279352 -0.125775 0 
0.0842974 0.229258 -0.0531541 0.951294 0.271607 -0.145838 0 
0.0844906 0.229421 -0.0533685 0.949923 0.270063 -0.157201 0 
0.0847291 0.22909 -0.0530795 0.951251 0.300735 -0.0684075 0 
0.0842794 0.228085 -0.053272 0.953295 0.301106 -0.0237387 0 
0.084183 0.228369 -0.0532823 0.949787 0.31155 -0.0290108 0 
0.0841688 0.228372 -0.0530593 0.953135 0.301971 -0.0186402 0 
0.0847393 0.228232 -0.0506457 0.959022 0.281628 -0.0310162 0 
0.0844324 0.228109 -0.0511563 0.960997 0.275099 -0.0283735 0 
0.0843165 0.229563 -0.0536505 0.946126 0.266226 -0.18431 0 
0.0840727 0.230118 -0.0535399 0.9355 0.285808 -0.207734 0 
0.0834446 0.23114 -0.0544467 0.914133 0.271769 -0.300836 0 
0.0835314 0.23097 -0.0541249 0.913554 0.257073 -0.315169 0 
0.0834349 0.231254 -0.0541353 0.914133 0.271769 -0.300836 0 
0.0833116 0.231408 -0.0545488 0.879622 0.218051 -0.422752 0 
0.0834213 0.231455 -0.0542737 0.914203 0.297952 -0.274697 0 
0.0834258 0.231566 -0.0541854 0.914203 0.297952 -0.274697 0 
0.0830869 0.232269 -0.0549346 0.818318 0.176323 -0.547052 0 
0.0833254 0.231938 -0.0546456 0.819801 0.169356 -0.547033 0 
0.0834351 0.231985 -0.0543705 0.894928 0.274563 -0.351738 0 
0.083141 0.231995 -0.0542548 0.894928 0.274563 -0.351738 0 
0.0833206 0.23236 -0.0546075 0.812624 0.157137 -0.561204 0 
0.0831319 0.232307 -0.0543049 0.812624 0.157137 -0.561204 0 
0.0823025 0.232609 -0.0556616 0.853359 0.332981 -0.401125 0 
0.0822844 0.232701 -0.0558882 0.850772 0.337509 -0.402833 0 
0.0820225 0.232616 -0.0557691 0.850772 0.337509 -0.402833 0 
0.0822528 0.232994 -0.0562532 0.844633 0.354403 -0.40124 0 
0.0821514 0.232969 -0.0559903 0.850032 0.343432 -0.399375 0 
0.0828806 0.232505 -0.0552201 0.827016 0.204857 -0.523524 0 
0.0824123 0.232657 -0.0553865 0.847114 0.279285 -0.452103 0 
0.0829904 0.232553 -0.054945 0.827016 0.204857 -0.523524 0 
0.0828207 0.232805 -0.0551388 0.842123 0.243008 -0.481431 0 
0.0831324 0.232505 -0.0546664 0.818318 0.176323 -0.547052 0 
0.083068 0.232695 -0.0546733 0.827016 0.204857 -0.523524 0 
0.0828055 0.232412 -0.0541927 0.812624 0.157137 -0.561204 0 
0.0827969 0.232922 -0.0546043 0.842123 0.243008 -0.481431 0 
0.0827326 0.233111 -0.0546112 0.847114 0.279285 -0.452103 0 
0.0820713 0.233831 -0.0547985 0.838683 0.355852 -0.412287 0 
0.0824755 0.233335 -0.0547653 0.853359 0.332981 -0.401125 0 
0.0824985 0.233553 -0.054812 0.850772 0.337509 -0.402833 0 
0.0813659 0.234177 -0.0561031 0.831165 0.373788 -0.41164 0 
0.0815493 0.234454 -0.0560061 0.831165 0.373788 -0.41164 0 
0.0814845 0.234445 -0.0556516 0.831165 0.373788 -0.41164 0 
0.0814804 0.233802 -0.0558662 0.836111 0.366881 -0.40782 0 
0.0814799 0.233604 -0.0555047 0.836111 0.366881 -0.40782 0 
0.0814155 0.233793 -0.0555116 0.836111 0.366881 -0.40782 0 
0.0813517 0.234181 -0.0558801 0.831165 0.373788 -0.41164 0 
0.0814615 0.234228 -0.0556049 0.831165 0.373788 -0.41164 0 
0.0816587 0.234304 -0.0553695 0.836111 0.366881 -0.40782 0 
0.0817407 0.234556 -0.0550096 0.831165 0.373788 -0.41164 0 
0.0817643 0.233708 -0.055309 0.838683 0.355852 -0.412287 0 
0.0816678 0.233991 -0.0553194 0.836111 0.366881 -0.40782 0 
0.0950756 0.186176 -0.0338927 -0.925898 -0.37586 0.0379788 0 
0.0954979 0.187585 -0.033977 -0.943592 -0.329812 -0.0292883 0 
0.0955667 0.187506 -0.0338818 -0.942865 -0.332102 -0.0267209 0 
0.0954702 0.18779 -0.0338922 -0.943908 -0.327478 -0.0423795 0 
0.0955209 0.187802 -0.0340236 -0.943908 -0.327478 -0.0423795 0 
0.0956035 0.188253 -0.0340253 -0.942399 -0.328865 -0.0610934 0 
0.0954933 0.186743 -0.0338301 -0.932198 -0.360726 0.0297372 0 
0.0953646 0.187122 -0.0338439 -0.940571 -0.33891 -0.0215786 0 
0.095507 0.188537 -0.0340357 -0.943402 -0.324906 -0.066547 0 
0.0954202 0.188707 -0.0343575 -0.941119 -0.326943 -0.0860376 0 
0.0953739 0.188805 -0.0341378 -0.941119 -0.326943 -0.0860376 0 
0.0952549 0.18907 -0.034463 -0.942296 -0.32205 -0.0914464 0 
0.0954983 0.189047 -0.0344473 -0.941119 -0.326943 -0.0860376 0 
0.094897 0.189467 -0.0347158 -0.940106 -0.324958 -0.10297 0 
0.0950711 0.189325 -0.0344337 -0.939854 -0.326616 -0.0999845 0 
0.0951809 0.189373 -0.0341586 -0.939854 -0.326616 -0.0999845 0 
0.0950068 0.189515 -0.0344407 -0.939854 -0.326616 -0.0999845 0 
0.0946302 0.189805 -0.0345585 -0.938666 -0.326317 -0.111458 0 
0.0945835 0.189705 -0.0339773 -0.939854 -0.326616 -0.0999845 0 
0.0943463 0.189899 -0.0351157 -0.942008 -0.311307 -0.125332 0 
0.0945894 0.19041 -0.0349736 -0.941032 -0.30553 -0.145296 0 
0.0945342 0.190287 -0.0349304 -0.943553 -0.305544 -0.127871 0 
0.0947638 0.190999 -0.0349267 -0.925777 -0.307647 -0.219748 0 
0.0947729 0.190687 -0.0348766 -0.938978 -0.301078 -0.166349 0 
0.0948414 0.191141 -0.034655 -0.925777 -0.307647 -0.219748 0 
0.0949195 0.191482 -0.0347449 -0.923558 -0.311648 -0.223419 0 
0.0963332 0.185992 -0.0332726 -0.915611 -0.39663 0.065881 0 
0.0971772 0.185885 -0.0325005 -0.914123 -0.397976 0.077422 0 
0.0968655 0.186184 -0.0329729 -0.914123 -0.397976 0.077422 0 
0.0966035 0.1861 -0.0328537 -0.914123 -0.397976 0.077422 0 
0.0964108 0.186134 -0.0330009 -0.915611 -0.39663 0.065881 0 
0.0972142 0.186099 -0.0327703 -0.914123 -0.397976 0.077422 0 
0.0968879 0.186203 -0.0326581 -0.913387 -0.397303 0.0887446 0 
0.0965846 0.186525 -0.0325925 -0.921046 -0.385213 0.0573155 0 
0.0960121 0.185873 -0.03356 -0.921046 -0.385213 0.0573155 0 
0.0958604 0.186034 -0.0335272 -0.921046 -0.385213 0.0573155 0 
0.0958191 0.18644 -0.0335808 -0.925898 -0.37586 0.0379788 0 
0.0958416 0.18646 -0.033266 -0.925898 -0.37586 0.0379788 0 
0.0960941 0.186125 -0.0332001 -0.921046 -0.385213 0.0573155 0 
0.0956674 0.186601 -0.033548 -0.932198 -0.360726 0.0297372 0 
0.0957773 0.186649 -0.0332729 -0.932198 -0.360726 0.0297372 0 
0.0961396 0.186362 -0.0329319 -0.921046 -0.385213 0.0573155 0 
0.0960432 0.186646 -0.0329423 -0.925898 -0.37586 0.0379788 0 
0.0959788 0.186835 -0.0329493 -0.932198 -0.360726 0.0297372 0 
0.0971264 0.185872 -0.032369 -0.914123 -0.397976 0.077422 0 
0.0956444 0.187648 -0.0336101 -0.942865 -0.332102 -0.0267209 0 
0.0963917 0.187093 -0.0326133 -0.932198 -0.360726 0.0297372 0 
0.09558 0.187837 -0.0336171 -0.943592 -0.329812 -0.0292883 0 
0.0955021 0.188228 -0.0337624 -0.943908 -0.327478 -0.0423795 0 
0.0954513 0.188216 -0.033631 -0.943908 -0.327478 -0.0423795 0 
0.0954377 0.188417 -0.0337693 -0.941953 -0.329619 -0.0638392 0 
0.0956261 0.187008 -0.0336016 -0.936995 -0.349324 0.00378329 0 
0.0957725 0.187071 -0.0332348 -0.933717 -0.357349 0.0217739 0 
0.0955837 0.187018 -0.0329322 -0.932198 -0.360726 0.0297372 0 
0.0955618 0.187197 -0.0336085 -0.9394 -0.342634 -0.011379 0 
0.0960287 0.187182 -0.0325928 -0.932198 -0.360726 0.0297372 0 
0.095387 0.188405 -0.0336379 -0.942399 -0.328865 -0.0610934 0 
0.0954837 0.188852 -0.0338627 -0.941119 -0.326943 -0.0860376 0 
0.0940449 0.193543 -0.0367138 -0.756831 0.191894 0.624807 0 
0.0941367 0.193682 -0.0366652 -0.76277 0.188774 0.618504 0 
0.0941826 0.194116 -0.0367586 -0.74754 0.175802 0.64053 0 
0.0941271 0.194527 -0.036589 -0.626266 0.172185 0.760357 0 
0.0942597 0.19406 -0.0361254 -0.765162 0.178691 0.618544 0 
0.0931569 0.197268 -0.0392913 -0.287593 0.517038 0.806202 0 
0.0951383 0.196114 -0.0372661 -0.560964 0.265554 0.784092 0 
0.0952481 0.196161 -0.036991 -0.587815 0.249234 0.769646 0 
0.0948813 0.196338 -0.0374203 -0.550836 0.276207 0.787585 0 
0.0948808 0.196139 -0.0370587 -0.551119 0.254483 0.794674 0 
0.0950321 0.196511 -0.0369652 -0.599022 0.260788 0.757075 0 
0.0936823 0.195094 -0.0371636 -0.488005 0.223479 0.843747 0 
0.0947619 0.19514 -0.0372752 -0.607468 0.254032 0.752629 0 
0.0949038 0.195093 -0.0369966 -0.657856 0.255217 0.708583 0 
0.09484 0.19548 -0.0373651 -0.602719 0.27512 0.749025 0 
0.0949498 0.195528 -0.0370899 -0.612521 0.278419 0.739798 0 
0.0942342 0.19579 -0.0377218 -0.497697 0.276152 0.822215 0 
0.0944729 0.19619 -0.0376679 -0.521491 0.291468 0.801931 0 
0.0938478 0.195463 -0.0372931 -0.513536 0.231475 0.826257 0 
0.0935858 0.195378 -0.037174 -0.493064 0.233557 0.838057 0 
0.0937319 0.195974 -0.0366807 -0.540555 0.215916 0.81313 0 
0.0950146 0.196801 -0.0375533 -0.556036 0.31888 0.767554 0 
0.09445 0.197968 -0.0379652 -0.460487 0.483594 0.744371 0 
0.094554 0.192786 -0.0361323 -0.937541 -0.195842 -0.287512 0 
0.0943476 0.193023 -0.0364178 -0.857458 0.135388 0.496423 0 
0.0943471 0.192824 -0.0360563 -0.955853 -0.177802 -0.23395 0 
0.0946131 0.191557 -0.035617 -0.883131 -0.303435 -0.357781 0 
0.0944293 0.191813 -0.0355876 -0.883131 -0.303435 -0.357781 0 
0.0946034 0.191671 -0.0353056 -0.890181 -0.303709 -0.339615 0 
0.0944434 0.191809 -0.0358108 -0.883131 -0.303435 -0.357781 0 
0.0943239 0.191876 -0.0357745 -0.883268 -0.306501 -0.354817 0 
0.0943147 0.192188 -0.0358247 -0.868069 -0.300544 -0.395132 0 
0.0945391 0.19186 -0.0353125 -0.883131 -0.303435 -0.357781 0 
0.0944105 0.192238 -0.0353264 -0.875511 -0.304987 -0.374785 0 
0.0943456 0.192229 -0.0349718 -0.883268 -0.306501 -0.354817 0 
0.0944251 0.192433 -0.035911 -0.850229 -0.305091 -0.428986 0 
0.0943007 0.192191 -0.0356015 -0.868069 -0.300544 -0.395132 0 
0.0942041 0.192475 -0.0356119 -0.868069 -0.300544 -0.395132 0 
0.0943461 0.192428 -0.0353333 -0.868069 -0.300544 -0.395132 0 
0.0941076 0.192759 -0.0356223 -0.903994 -0.25347 -0.344309 0 
0.0943155 0.193117 -0.0364213 -0.880263 0.124121 0.457965 0 
0.0941633 0.19308 -0.036027 -0.910134 0.106667 0.400348 0 
0.0940258 0.193238 -0.0362174 -0.858111 0.144724 0.492646 0 
0.0941225 0.193685 -0.0364421 -0.794646 0.167373 0.583544 0 
0.0938278 0.193497 -0.0359649 -0.878495 0.133715 0.458658 0 
0.0943053 0.193033 -0.0357484 -0.963135 0.066727 0.260613 0 
0.0941356 0.193285 -0.0359423 -0.785701 0.184602 0.59042 0 
0.0940111 0.193043 -0.0356327 -0.998267 -0.058843 -0.00103233 0 
0.0937492 0.192958 -0.0355136 -0.99734 -0.0725147 -0.00735657 0 
0.093809 0.193922 -0.0357037 -0.669513 0.176188 0.721603 0 
0.0932823 0.194969 -0.0368732 -0.480437 0.212356 0.850932 0 
0.0933561 0.195199 -0.0370513 -0.488782 0.213369 0.845911 0 
0.093349 0.198299 -0.0388914 -0.313512 0.577183 0.754036 0 
0.0936701 0.198419 -0.038604 -0.34256 0.576345 0.741943 0 
0.0933173 0.198592 -0.0392564 -0.284024 0.563288 0.77591 0 
0.0940337 0.19926 -0.0392212 -0.373584 0.556297 0.742273 0 
0.094042 0.199282 -0.0386832 -0.075522 0.825042 0.560002 0 
0.0940653 0.198967 -0.0388562 -0.115503 0.814367 0.568741 0 
0.093285 0.197956 -0.0390247 -0.314848 0.538598 0.781526 0 
0.0935778 0.198082 -0.038291 -0.372617 0.54184 0.75337 0 
0.093045 0.197692 -0.0382292 -0.378197 0.47154 0.796629 0 
0.0931236 0.19823 -0.0386805 -0.342451 0.519304 0.782975 0 
0.0925549 0.198754 -0.0393071 -0.468524 0.305559 0.828927 0 
0.0931186 0.199186 -0.0385161 -0.326485 0.501672 0.801082 0 
0.0924363 0.200481 -0.0401027 0.231145 0.142343 0.96245 0 
0.0945798 0.199981 -0.0390183 -0.220015 0.678771 0.700616 0 
0.0939134 0.199661 -0.0386971 0.0989058 0.898511 0.427663 0 
0.0938726 0.200266 -0.0391122 -0.213677 0.554944 0.803977 0 
0.0932064 0.199412 -0.0389173 -0.232182 0.584351 0.777577 0 
0.0930866 0.200012 -0.0387547 -0.288833 0.351688 0.890444 0 
0.0932623 0.200465 -0.0395572 0.0790634 0.4508 0.889117 0 
0.0924588 0.2005 -0.0397878 0.144624 0.228011 0.962858 0 
0.0929135 0.20055 -0.0397598 0.175256 0.332285 0.926753 0 
0.0931658 0.200749 -0.0395675 0.173524 0.388636 0.904904 0 
0.0926008 0.200453 -0.0395092 0.00618564 0.308045 0.951352 0 
0.092674 0.200485 -0.0393258 -0.0652952 0.293188 0.953822 0 
0.0937677 0.200527 -0.0396606 0.0695236 0.549094 0.832864 0 
0.0935057 0.200442 -0.0395414 0.0628882 0.507298 0.859473 0 
0.0932989 0.200481 -0.0394655 0.0450107 0.473294 0.879754 0 
0.0935834 0.200584 -0.0392697 -0.00946455 0.525959 0.850457 0 
0.094277 0.200502 -0.0393143 -0.10102 0.628083 0.771561 0 
0.0937761 0.20055 -0.0391226 -0.0291136 0.572568 0.81934 0 
0.0931467 0.200443 -0.0390712 -0.0782776 0.42984 0.899505 0 
0.0928803 0.200248 -0.0390403 -0.253451 0.317176 0.913872 0 
0.0933164 0.200191 -0.0388773 -0.393173 0.328415 0.858813 0 
0.0925962 0.199611 -0.0393623 -0.364125 0.324513 0.872986 0 
0.0929855 0.199454 -0.0386182 -0.334574 0.444528 0.830937 0 
0.094308 0.198015 -0.0382438 -0.416975 0.532343 0.736711 0 
0.0935363 0.197758 -0.0381095 -0.426632 0.446098 0.786754 0 
0.0938302 0.200276 -0.0384428 0.164225 0.80003 0.577046 0 
0.0935227 0.199955 -0.0385918 -0.152002 0.609512 0.778068 0 
0.0930061 0.203614 -0.0406519 0.67115 0.341291 0.658087 0 
0.0931653 0.20381 -0.0396588 0.687527 0.326697 0.648518 0 
0.0922159 0.200721 -0.040165 0.234511 0.0976074 0.967201 0 
0.0917706 0.20109 -0.0403781 0.0662102 0.135905 0.988507 0 
0.0918854 0.201446 -0.0403762 0.241764 0.11765 0.963176 0 
0.0927255 0.201427 -0.0400539 0.42898 0.0957917 0.89822 0 
0.0931474 0.201373 -0.0396678 0.352988 0.208911 0.912006 0 
0.0930509 0.201657 -0.0396782 0.411106 0.0778506 0.908257 0 
0.0927848 0.200929 -0.0397737 0.302685 0.193886 0.933161 0 
0.0933538 0.201136 -0.0393823 0.248195 0.381952 0.890231 0 
0.0933445 0.201448 -0.0394324 0.278369 0.304603 0.910894 0 
0.0932481 0.201732 -0.0394428 0.392945 0.154625 0.906469 0 
0.0929641 0.201827 -0.04 0.431535 0.0639815 0.899825 0 
0.0928677 0.202111 -0.0400104 0.47601 0.094637 0.874333 0 
0.0927388 0.201758 -0.0397891 0.446108 0.0501702 0.893572 0 
0.0927256 0.202158 -0.040289 0.511672 0.104628 0.852787 0 
0.0929453 0.202253 -0.0397388 0.487441 0.056615 0.871318 0 
0.0927712 0.202395 -0.0400208 0.548901 0.12149 0.827011 0 
0.0922334 0.201696 -0.0396857 0.381346 0.0168051 0.92428 0 
0.0917651 0.201847 -0.0398521 0.289468 -0.0135496 0.957092 0 
0.0930232 0.201862 -0.0395935 0.440033 0.0307622 0.897454 0 
0.0919806 0.201299 -0.0395164 0.186429 0.00114373 0.982468 0 
0.0923263 0.202962 -0.0405954 0.65543 0.251117 0.712287 0 
0.0916107 0.203224 -0.0412272 0.922763 0.309489 -0.229621 0 
0.092262 0.203151 -0.0406023 0.760355 0.334169 0.556948 0 
0.0926291 0.202442 -0.0402994 0.562165 0.124762 0.817561 0 
0.0925693 0.202741 -0.0402181 0.602303 0.135332 0.786712 0 
0.0924728 0.203025 -0.0402285 0.661194 0.199752 0.723133 0 
0.0923528 0.202893 -0.0398308 0.679921 0.114061 0.72436 0 
0.0927891 0.203567 -0.039903 0.754036 0.313512 0.577183 0 
0.0920633 0.203745 -0.039862 0.881939 0.259042 0.393803 0 
0.0924393 0.203256 -0.0393826 0.791573 0.200573 0.57722 0 
0.0925637 0.203499 -0.0396922 0.824111 0.295554 0.483207 0 
0.0923428 0.20354 -0.0393931 0.855581 0.281097 0.434702 0 
0.0925082 0.203909 -0.0395227 0.85085 0.311513 0.4231 0 
0.0917224 0.209853 -0.0430685 -0.33846 0.416446 0.843811 0 
0.0913922 0.210045 -0.043406 0.00411287 0.604591 0.796525 0 
0.0912957 0.210329 -0.0434164 0.0439546 0.636632 0.769914 0 
0.0912863 0.20991 -0.0432314 0.29431 0.696373 0.654558 0 
0.0931629 0.204493 -0.0411931 0.741823 0.370096 0.55922 0 
0.0923142 0.205023 -0.041927 0.998485 -0.0367476 0.0409473 0 
0.092984 0.205057 -0.041437 0.853887 0.163698 0.494045 0 
0.0936675 0.20489 -0.0408086 0.594097 0.281918 0.753373 0 
0.0917478 0.206128 -0.0411281 0.996048 -0.0558839 0.069033 0 
0.092383 0.206939 -0.0421758 0.752018 0.185324 0.632553 0 
0.0923509 0.207034 -0.0421793 0.73464 0.189436 0.651474 0 
0.0925017 0.207208 -0.0417242 0.95625 -0.246045 -0.158267 0 
0.0918154 0.206916 -0.0404187 0.875895 0.180461 0.447484 0 
0.0916922 0.204542 -0.0406146 0.99474 0.0918392 0.0453663 0 
0.0913996 0.205147 -0.0415834 0.984798 -0.133146 -0.111555 0 
0.0914859 0.204779 -0.0409002 0.998945 0.00102037 -0.0459168 0 
0.0920093 0.20475 -0.040777 0.993471 0.0686316 0.0911338 0 
0.0917473 0.204665 -0.0406578 0.994649 0.0877958 0.0544556 0 
0.0918485 0.205223 -0.0407943 0.994278 -0.100421 -0.0364164 0 
0.0916789 0.205475 -0.0409882 0.978102 -0.162397 -0.130166 0 
0.0913245 0.205054 -0.040556 0.994893 0.00972209 0.100462 0 
0.0909669 0.204918 -0.0409351 0.992861 -0.0760248 -0.0919105 0 
0.0921879 0.204718 -0.0404067 0.920444 0.197746 0.337164 0 
0.0918015 0.204391 -0.039978 0.921885 0.224397 0.315871 0 
0.0918893 0.204618 -0.0403792 0.965807 0.143514 0.215917 0 
0.0924352 0.204608 -0.0399412 0.866934 0.262661 0.423598 0 
0.0915761 0.204323 -0.0397671 0.927537 0.198456 0.316686 0 
0.0922831 0.204571 -0.0395469 0.862907 0.276436 0.423054 0 
0.0917329 0.205202 -0.0403083 0.969444 0.0580431 0.238347 0 
0.0915002 0.205507 -0.0413585 0.993839 -0.110184 -0.0120002 0 
0.0926121 0.207453 -0.0418106 0.952308 -0.251173 -0.173269 0 
0.0921464 0.207654 -0.0406779 0.589667 0.382709 0.711215 0 
0.0924179 0.208889 -0.0412172 0.00913335 0.421439 0.906811 0 
0.0919212 0.208316 -0.0407022 0.945257 -0.25655 -0.201673 0 
0.0920341 0.209553 -0.042596 -0.0731847 0.448774 0.890644 0 
0.0921483 0.209711 -0.0422327 -0.0700918 0.446663 0.891952 0 
0.0924278 0.209506 -0.0417637 -0.0542882 0.374721 0.925547 0 
0.0921429 0.209204 -0.0415979 -0.0601195 0.3861 0.920496 0 
0.0919405 0.209352 -0.0414337 -0.0601195 0.3861 0.920496 0 
0.092482 0.209232 -0.0410839 -0.0249392 0.402965 0.914875 0 
0.0921836 0.209863 -0.0412916 -0.046549 0.397662 0.916351 0 
0.0922291 0.2101 -0.0410234 -0.0361453 0.432405 0.900955 0 
0.0912278 0.20913 -0.0408928 0.0822098 0.463998 0.882013 0 
0.0921047 0.209857 -0.0407139 -0.049186 0.392159 0.918582 0 
0.0918427 0.209773 -0.0405948 -0.069182 0.40831 0.910218 0 
0.0920623 0.209868 -0.0400445 -0.0449669 0.464657 0.884348 0 
0.0909513 0.210525 -0.0435308 0.0798378 0.64596 0.759185 0 
0.0910567 0.210462 -0.0433439 0.0498811 0.648454 0.759618 0 
0.0909923 0.210651 -0.0433508 0.0798378 0.64596 0.759185 0 
0.0908548 0.210808 -0.0435412 0.123562 0.67438 0.727973 0 
0.0906119 0.211029 -0.0439184 0.182966 0.678052 0.711877 0 
0.0906399 0.211555 -0.0442384 0.140023 0.694092 0.706137 0 
0.090933 0.211149 -0.0436311 0.13962 0.671075 0.728124 0 
0.0908872 0.211445 -0.0437729 0.156339 0.681516 0.714909 0 
0.0905479 0.210685 -0.0440517 0.156379 0.693838 0.702947 0 
0.0904274 0.210355 -0.0432925 0.0409898 0.643115 0.764671 0 
0.0908269 0.210282 -0.0432213 0.00410842 0.59846 0.801142 0 
0.0905275 0.210516 -0.042706 0.110925 0.652239 0.749853 0 
0.0903254 0.210132 -0.0426681 -0.0491006 0.556941 0.829099 0 
0.0902655 0.210432 -0.0425868 0.0123992 0.599292 0.800434 0 
0.0908584 0.211254 -0.0429651 0.0889002 0.651449 0.753466 0 
0.0901368 0.21081 -0.0426007 0.00685056 0.590518 0.806995 0 
0.0900224 0.212859 -0.0461795 0.747738 0.435495 0.501231 0 
0.0902554 0.213286 -0.0453645 0.743279 0.466403 0.479588 0 
0.0904617 0.213049 -0.045079 0.732558 0.520893 0.438212 0 
0.0903652 0.213333 -0.0450894 0.745773 0.485658 0.456025 0 
0.0901675 0.213059 -0.0449633 0.738591 0.50396 0.447781 0 
0.0898133 0.212637 -0.0445311 0.626629 0.57258 0.528666 0 
0.0904139 0.212552 -0.0437748 0.308108 0.666223 0.679129 0 
0.0906202 0.212316 -0.0434892 0.251813 0.669919 0.698426 0 
0.0904792 0.21276 -0.0444909 0.352036 0.682786 0.640214 0 
0.0902539 0.212691 -0.04428 0.424057 0.653547 0.626939 0 
0.0901252 0.213069 -0.0442939 0.626844 0.562639 0.538984 0 
0.0902758 0.212512 -0.0436037 0.30879 0.670932 0.674165 0 
0.0905143 0.212181 -0.0433146 0.298008 0.668504 0.681391 0 
0.0899364 0.213016 -0.0439913 0.62551 0.571557 0.531093 0 
0.0893691 0.213403 -0.0454672 0.785548 0.422738 0.451893 0 
0.089392 0.213621 -0.0455138 0.771293 0.451687 0.448426 0 
0.0902365 0.213712 -0.0451033 0.748474 0.458954 0.478694 0 
0.0902457 0.213399 -0.0450531 0.745773 0.485658 0.456025 0 
0.0901442 0.213375 -0.0447903 0.745773 0.485658 0.456025 0 
0.0900849 0.213873 -0.0450704 0.747891 0.438872 0.498046 0 
0.090475 0.21338 -0.0448142 0.7228 0.500144 0.476882 0 
0.090259 0.213731 -0.0447884 0.748417 0.45563 0.481948 0 
0.0900287 0.213353 -0.0443043 0.754278 0.491349 0.435477 0 
0.0898956 0.213621 -0.0444064 0.751089 0.458542 0.474978 0 
0.0897259 0.213873 -0.0446002 0.774274 0.418923 0.474345 0 
0.0901157 0.213914 -0.0442176 0.73781 0.460512 0.493524 0 
0.0900333 0.214195 -0.0444512 0.751308 0.429084 0.50142 0 
0.0895329 0.214441 -0.0446211 0.754703 0.448875 0.478472 0 
0.08953 0.214926 -0.0457938 0.754621 0.481708 0.445539 0 
0.0893281 0.215272 -0.0459911 0.7583 0.486426 0.434016 0 
0.0893998 0.214709 -0.0447232 0.766337 0.449345 0.459148 0 
0.0895009 0.215267 -0.0448597 0.766968 0.47915 0.42682 0 
0.0891658 0.215151 -0.044924 0.786299 0.462052 0.410173 0 
0.0895814 0.215868 -0.0465219 0.773663 0.501178 0.387642 0 
0.0895668 0.215673 -0.0459372 0.763044 0.488544 0.423187 0 
0.0896912 0.215915 -0.0462467 0.755381 0.496487 0.427667 0 
0.089337 0.215493 -0.0458146 0.773781 0.483817 0.408882 0 
0.0894849 0.216151 -0.0465323 0.786644 0.489431 0.376362 0 
0.0896815 0.216029 -0.0459354 0.75923 0.490302 0.427989 0 
0.0895947 0.216199 -0.0462572 0.773371 0.490073 0.402153 0 
0.0896123 0.215909 -0.045669 0.766501 0.488665 0.416754 0 
0.0895157 0.216193 -0.0456794 0.779691 0.481431 0.400382 0 
0.0895294 0.215991 -0.0455411 0.779478 0.484541 0.397032 0 
0.0895383 0.216212 -0.0453646 0.811267 0.474695 0.341336 0 
0.0888629 0.215671 -0.0452198 0.818642 0.467117 0.334107 0 
0.0893312 0.215519 -0.0450535 0.79251 0.469695 0.388992 0 
0.0892347 0.215803 -0.0450639 0.7978 0.470333 0.377229 0 
0.0891382 0.216087 -0.0450743 0.808208 0.467071 0.358672 0 
0.089634 0.214999 -0.0447576 0.766304 0.462397 0.446058 0 
0.0890085 0.216069 -0.0443652 0.807098 0.468276 0.359598 0 
0.090927 0.210443 -0.0426348 0.152979 0.670988 0.725515 0 
0.0907251 0.21079 -0.0428321 0.0350987 0.607909 0.79323 0 
0.0904493 0.210176 -0.0426161 0.0917682 0.630724 0.770562 0 
0.0906608 0.21098 -0.042839 0.0555191 0.624946 0.778691 0 
0.0905321 0.211358 -0.0428529 0.107658 0.641527 0.759509 0 
0.0908171 0.21166 -0.0430187 0.155589 0.641995 0.750756 0 
0.090261 0.211586 -0.0427839 0.132671 0.630558 0.764719 0 
0.0903391 0.211926 -0.0428737 0.209348 0.646653 0.733494 0 
0.0890259 0.217986 -0.0469925 0.922002 0.385802 0.0326951 0 
0.0888518 0.218128 -0.0472745 0.932685 0.360672 -0.00379655 0 
0.0895397 0.216807 -0.0464491 0.801945 0.495835 0.333214 0 
0.0894432 0.217091 -0.0464595 0.81584 0.48761 0.310871 0 
0.0897735 0.216899 -0.046122 0.797644 0.48308 0.361106 0 
0.0893242 0.217356 -0.0467848 0.843962 0.476356 0.246602 0 
0.0872923 0.220493 -0.0490225 0.944922 0.321039 -0.063688 0 
0.0877464 0.220345 -0.0486329 0.936043 0.338797 -0.0950774 0 
0.0876865 0.220644 -0.0485516 0.937541 0.334741 -0.0946876 0 
0.0879525 0.219377 -0.0481122 0.940071 0.332641 -0.0749427 0 
0.0871871 0.221287 -0.0494445 0.948322 0.310947 -0.0632215 0 
0.0875955 0.221435 -0.0491968 0.946163 0.316255 -0.0689775 0 
0.0876687 0.221467 -0.0490134 0.946163 0.316255 -0.0689775 0 
0.087495 0.221807 -0.0496569 0.945199 0.320253 -0.0635319 0 
0.0874307 0.221996 -0.0496639 0.945199 0.320253 -0.0635319 0 
0.0873437 0.221435 -0.0497505 0.947029 0.314813 -0.0634807 0 
0.0869298 0.222044 -0.0494722 0.948923 0.308561 -0.0658436 0 
0.0874668 0.221814 -0.0492107 0.947029 0.314813 -0.0634807 0 
0.087779 0.221713 -0.0490998 0.944 0.320777 -0.0772482 0 
0.0873892 0.221672 -0.0494823 0.947029 0.314813 -0.0634807 0 
0.0875492 0.221533 -0.0489771 0.946163 0.316255 -0.0689775 0 
0.0872927 0.221956 -0.0494928 0.947855 0.313373 -0.058032 0 
0.0872785 0.221959 -0.0492696 0.946766 0.313852 -0.0716261 0 
0.0872582 0.22179 -0.0479239 0.947029 0.314813 -0.0634807 0 
0.087511 0.222187 -0.0480931 0.947744 0.308962 -0.0795219 0 
0.0874645 0.221554 -0.0476383 0.945039 0.311479 -0.0994081 0 
0.0866913 0.222375 -0.0497612 0.947295 0.314042 -0.0633253 0 
0.0864986 0.22241 -0.0499084 0.944482 0.321775 -0.0664394 0 
0.0869342 0.222155 -0.049384 0.948474 0.310996 -0.0606507 0 
0.0866086 0.223189 -0.0498684 0.932807 0.344234 -0.106645 0 
0.0877734 0.22247 -0.0485738 0.948305 0.306536 -0.0821777 0 
0.0869177 0.223162 -0.0476973 0.944922 0.321039 -0.063688 0 
0.0862211 0.22373 -0.0488256 0.931113 0.344907 -0.118604 0 
0.0859967 0.224057 -0.0493377 0.932807 0.344234 -0.106645 0 
0.0857904 0.224294 -0.0496232 0.932812 0.345934 -0.100954 0 
0.0856573 0.224562 -0.0497253 0.932807 0.344234 -0.106645 0 
0.085451 0.224798 -0.0500109 0.933399 0.341751 -0.109414 0 
0.0854643 0.225129 -0.0497462 0.928318 0.361386 -0.0873237 0 
0.0850972 0.225839 -0.050049 0.924985 0.378105 -0.0379414 0 
0.0878745 0.217773 -0.0479136 0.944874 0.323552 -0.050273 0 
0.0880444 0.218252 -0.0479549 0.943393 0.327405 -0.0530578 0 
0.0880117 0.218148 -0.0475969 0.944874 0.323552 -0.050273 0 
0.088076 0.217959 -0.0475899 0.942827 0.330568 -0.0424465 0 
0.0877456 0.21742 -0.0476923 0.936775 0.349543 -0.0165238 0 
0.0884933 0.218327 -0.0471658 0.938035 0.345861 -0.021696 0 
0.0880894 0.21829 -0.0473252 0.944874 0.323552 -0.050273 0 
0.08798 0.218441 -0.0479619 0.943393 0.327405 -0.0530578 0 
0.0879152 0.218432 -0.0476073 0.943635 0.325794 -0.0584093 0 
0.0880807 0.2188 -0.0477369 0.942545 0.328916 -0.0585028 0 
0.0878187 0.218716 -0.0476177 0.942545 0.328916 -0.0585028 0 
0.088025 0.218479 -0.0473322 0.944874 0.323552 -0.050273 0 
0.0876344 0.218773 -0.0472269 0.943635 0.325794 -0.0584093 0 
0.0893884 0.216435 -0.0465427 0.805461 0.490902 0.332034 0 
0.0895393 0.216609 -0.0460876 0.793418 0.48442 0.368545 0 
0.0892532 0.217174 -0.0453076 0.781096 0.475803 0.404351 0 
0.0890096 0.216465 -0.0450882 0.815508 0.470302 0.337288 0 
0.0888989 0.216753 -0.0448755 0.865993 0.448755 0.220625 0 
0.0890142 0.217307 -0.0452351 0.869887 0.446134 0.210384 0 
0.0887201 0.217317 -0.0451194 0.899334 0.423792 0.107696 0 
0.0886236 0.217601 -0.0451298 0.918974 0.394215 0.00904756 0 
0.0893115 0.217544 -0.0444131 0.873539 0.447855 0.190671 0 
0.089091 0.217784 -0.0444756 0.911663 0.408585 0.0439195 0 
0.0880046 0.21831 -0.0459865 0.947903 0.311657 -0.0659523 0 
0.0883074 0.21779 -0.0456905 0.932172 0.35568 -0.0674337 0 
0.0880825 0.219184 -0.0459499 0.944874 0.323552 -0.050273 0 
0.0879082 0.218594 -0.0459968 0.944874 0.323552 -0.050273 0 
0.0874399 0.218746 -0.0461632 0.944874 0.323552 -0.050273 0 
0.0877473 0.219067 -0.0460142 0.944874 0.323552 -0.050273 0 
0.088403 0.219105 -0.045301 0.942772 0.32559 -0.0719174 0 
0.0897478 0.218218 -0.0444854 0.887602 0.444511 0.120714 0 
0.0886093 0.218868 -0.0450155 0.941953 0.329619 -0.0638392 0 
0.086714 0.219866 -0.0492288 0.943049 0.32649 -0.0637371 0 
0.0863837 0.220059 -0.0495663 0.948116 0.312608 -0.0578904 0 
0.0877438 0.220618 -0.0469342 0.934587 0.34698 -0.0784362 0 
0.0875461 0.220344 -0.0468081 0.937208 0.343774 -0.0588206 0 
0.0874496 0.220627 -0.0468185 0.938023 0.335672 -0.0862397 0 
0.0866086 0.218986 -0.0463091 0.942545 0.328916 -0.0585028 0 
0.0862546 0.219296 -0.0461121 0.941953 0.329619 -0.0638392 0 
0.0872857 0.220854 -0.0477735 0.936656 0.334616 -0.103476 0 
0.0871981 0.221359 -0.0476074 0.943117 0.313483 -0.11072 0 
0.0875375 0.220854 -0.0472198 0.937541 0.334741 -0.0946876 0 
0.0870051 0.221926 -0.0476282 0.949256 0.306922 -0.0686366 0 
0.0879776 0.219445 -0.0464983 0.942545 0.328916 -0.0585028 0 
0.0875733 0.21994 -0.0465314 0.941953 0.329619 -0.0638392 0 
0.0881781 0.220499 -0.0455605 0.941295 0.331992 -0.0611907 0 
0.0880027 0.219513 -0.0448844 0.942299 0.326332 -0.0747024 0 
0.0868905 0.222301 -0.0478652 0.947744 0.308962 -0.0795219 0 
0.0867297 0.222774 -0.0478826 0.945823 0.317869 -0.0661687 0 
0.086674 0.222453 -0.0474779 0.947744 0.308962 -0.0795219 0 
0.0866551 0.222879 -0.0472166 0.947029 0.314813 -0.0634807 0 
0.0865689 0.223248 -0.0479 0.944203 0.325898 -0.047661 0 
0.0854641 0.224398 -0.049511 0.932203 0.346709 -0.103878 0 
0.0867461 0.223353 -0.0466803 0.943635 0.325794 -0.0584093 0 
