0.104264 0.188448 -0.0479956 -0.590428 -0.644256 0.486136 2 
0.102623 0.190178 -0.0480742 -0.677788 -0.597853 0.427989 2 
0.10339 0.189832 -0.0475249 -0.663369 -0.603214 0.442803 2 
0.103296 0.190062 -0.0473573 -0.678165 -0.594852 0.431559 2 
0.103697 0.189829 -0.0469901 -0.650488 -0.607011 0.456512 2 
0.103693 0.190066 -0.0467809 -0.663717 -0.600188 0.446379 2 
0.103977 0.189375 -0.0472837 -0.638354 -0.611546 0.467456 2 
0.10293 0.190271 -0.0473143 -0.678165 -0.594852 0.431559 2 
0.0892239 0.214921 -0.0504117 0.244805 -0.962381 -0.117869 1 
0.0886757 0.215213 -0.0502268 0.244805 -0.962381 -0.117869 1 
0.0889515 0.214997 -0.0503113 0.244805 -0.962381 -0.117869 1 
0.0892236 0.215018 -0.0501867 0.244805 -0.962381 -0.117869 1 
0.0889825 0.215114 -0.049917 0.236149 -0.963953 -0.122591 1 
0.088438 0.215169 -0.0499413 0.244805 -0.962381 -0.117869 1 
0.0887101 0.21519 -0.0498166 0.24633 -0.960558 -0.12903 1 
0.0889822 0.21521 -0.049692 0.24633 -0.960558 -0.12903 1 
0.0889508 0.215287 -0.0496361 0.24633 -0.960558 -0.12903 1 
0.0898 0.214693 -0.0506684 0.241163 -0.963363 -0.117357 1 
0.0896464 0.214839 -0.0505982 0.241163 -0.963363 -0.117357 1 
0.0893146 0.214928 -0.0503702 0.244805 -0.962381 -0.117869 1 
0.0890732 0.215121 -0.0498755 0.236149 -0.963953 -0.122591 1 
0.0891426 0.21488 -0.0495053 0.272778 -0.950019 -0.151842 1 
0.0899866 0.215103 -0.0489781 0.277854 -0.948998 -0.148994 1 
0.0895151 0.214776 -0.0486161 0.332891 -0.922179 -0.196901 1 
0.0886157 0.21542 -0.049649 0.24633 -0.960558 -0.12903 1 
0.0884653 0.215522 -0.0493379 0.272778 -0.950019 -0.151842 1 
0.0887096 0.215383 -0.0493665 0.272778 -0.950019 -0.151842 1 
0.0887199 0.215058 -0.0490937 0.308156 -0.935523 -0.172733 1 
0.0885977 0.215128 -0.0490794 0.308156 -0.935523 -0.172733 1 
0.0879375 0.215165 -0.0486073 0.322756 -0.925985 -0.195909 1 
0.0883814 0.215331 -0.0491225 0.294538 -0.941153 -0.165764 1 
0.0882693 0.215076 -0.0488354 0.322756 -0.925985 -0.195909 1 
0.0883633 0.215039 -0.0485528 0.332891 -0.922179 -0.196901 1 
0.0885414 0.215097 -0.0487107 0.332891 -0.922179 -0.196901 1 
0.0897552 0.215067 -0.0479855 0.329985 -0.911458 -0.245672 1 
0.0897619 0.214883 -0.0477286 0.320781 -0.906683 -0.273909 1 
0.0894648 0.214851 -0.0473154 0.212607 -0.945072 -0.24827 1 
0.0892452 0.215098 -0.0475995 0.317893 -0.906799 -0.276874 1 
0.0891508 0.215328 -0.047432 0.252234 -0.937865 -0.238299 1 
0.0870395 0.214067 -0.0474254 0.296076 -0.922556 -0.247445 1 
0.0866834 0.213854 -0.0473347 0.276609 -0.929121 -0.245401 1 
0.0873982 0.214428 -0.0468251 0.625053 -0.775878 -0.0855642 1 
0.0873038 0.214658 -0.0466575 0.567764 -0.821356 -0.0549449 1 
0.0865992 0.21376 -0.0468943 0.99926 -0.0318367 0.0215668 1 
0.0891679 0.214723 -0.0471273 0.894822 -0.428327 -0.125812 1 
0.0885428 0.214543 -0.0466952 0.585698 -0.799219 -0.134933 1 
0.0881943 0.215044 -0.0472219 0.989559 -0.143916 0.00780937 1 
0.0884349 0.215141 -0.0470414 0.658038 -0.750192 -0.0647958 1 
0.0885183 0.214338 -0.0466074 0.809167 0.580458 0.0911942 1 
0.0881307 0.214203 -0.0464609 0.813853 0.573889 0.0910706 1 
0.0877677 0.214272 -0.046402 0.821908 0.562813 0.0878045 1 
0.0887489 0.214664 -0.0469249 0.627874 -0.765737 -0.139361 1 
0.0893561 0.214552 -0.0467873 0.767866 -0.615208 -0.178609 1 
0.0877184 0.21396 -0.0460015 0.834108 0.545103 0.0844123 1 
0.087449 0.212901 -0.0452358 0.827348 0.557715 0.0666988 1 
0.0883186 0.214129 -0.0458958 0.823966 0.560297 0.0845461 1 
0.0884257 0.213821 -0.0448744 0.835545 0.547233 0.0489851 1 
0.089992 0.215402 -0.0475959 0.32306 -0.907783 -0.267511 1 
0.08988 0.215147 -0.0473087 0.998999 0.00718704 -0.044149 1 
0.090239 0.215412 -0.0469334 0.939201 -0.323816 -0.114209 1 
0.0902773 0.215151 -0.0467324 0.895828 -0.417098 -0.153366 1 
0.0902458 0.215228 -0.0466765 0.865357 -0.482686 -0.134804 1 
0.0896492 0.214918 -0.0467663 0.736149 -0.660879 -0.146026 1 
0.0900674 0.215267 -0.0462936 0.895402 0.440159 0.0671895 1 
0.0898787 0.214443 -0.0459842 0.6993 0.702295 0.133271 1 
0.0893027 0.214575 -0.0459526 0.771561 0.628083 0.10102 1 
0.0895714 0.214736 -0.0458439 0.783573 0.614938 0.088679 1 
0.0901715 0.214905 -0.0457382 0.699492 0.705432 0.114354 1 
0.0875759 0.214679 -0.0465329 0.564001 -0.820759 -0.0908749 1 
0.0871324 0.214417 -0.0462427 0.558326 -0.825289 -0.0846818 1 
0.0882505 0.213816 -0.0442505 0.820027 0.571952 0.0206729 1 
0.0900211 0.215008 -0.0454271 0.797161 0.598948 0.0761253 1 
0.0901185 0.214831 -0.0451286 0.74657 0.65891 0.0920428 1 
0.0900345 0.214639 -0.0449132 0.782539 0.618249 0.0734981 1 
0.0897167 0.214166 -0.0446215 0.816718 0.574936 0.0491999 1 
0.0896497 0.214654 -0.0440756 0.831416 0.554739 0.0318179 1 
0.0897789 0.214303 -0.044058 0.837434 0.545914 0.0261268 1 
0.0906654 0.215022 -0.0441883 0.783627 0.619249 0.0495966 1 
0.0873576 0.213184 -0.0446022 0.816986 0.574289 0.0522081 1 
0.0883974 0.212666 -0.0443783 0.837807 0.545196 0.0289851 1 
0.0885369 0.213178 -0.0442872 0.846461 0.531944 0.0232469 1 
0.0890598 0.212972 -0.0437092 0.811811 0.58379 0.0123626 1 
0.0895132 0.213007 -0.0435015 0.795211 0.606331 0.00136869 1 
0.088746 0.213353 -0.0440508 0.831745 0.554953 0.0150728 1 
0.0999563 0.212465 -0.0474333 -0.0370085 0.97774 0.206531 1 
0.100078 0.212395 -0.0474476 -0.0370085 0.97774 0.206531 1 
0.100379 0.21248 -0.0473947 -0.100367 0.990977 0.0888303 1 
0.100165 0.212639 -0.0471969 -0.0321901 0.976433 0.213408 1 
0.0993037 0.212028 -0.0473795 -0.0618231 0.935239 0.348577 1 
0.0988776 0.21225 -0.0472089 -0.0534387 0.881054 0.469987 1 
0.0992652 0.212385 -0.0473555 -0.0618231 0.935239 0.348577 1 
0.0992614 0.212623 -0.0471464 -0.0618231 0.935239 0.348577 1 
0.0993589 0.212445 -0.0468479 -0.0618231 0.935239 0.348577 1 
0.099628 0.212413 -0.0471893 -0.0776129 0.974473 0.210664 1 
0.0997534 0.2123 -0.0469626 -0.0776129 0.974473 0.210664 1 
0.0996309 0.212466 -0.0467232 -0.0647015 0.933551 0.352557 1 
0.0996099 0.212121 -0.0466196 -0.0648006 0.932335 0.355742 1 
0.100025 0.212321 -0.046838 -0.057412 0.97356 0.221097 1 
0.100004 0.212073 -0.0465093 -0.0624954 0.974192 0.216896 1 
0.0997351 0.212105 -0.0461679 -0.0647015 0.933551 0.352557 1 
0.0987832 0.21248 -0.0470413 -0.0535075 0.882188 0.467848 1 
0.0990833 0.212565 -0.0469884 -0.064143 0.938582 0.339042 1 
0.0992959 0.212599 -0.0467362 -0.0590024 0.93486 0.350081 1 
0.0992434 0.212331 -0.0465767 -0.0580325 0.908277 0.414325 1 
0.0991909 0.212063 -0.0464171 -0.0509689 0.869226 0.491781 1 
0.0994662 0.21204 -0.0460515 -0.0560484 0.887206 0.457957 1 
0.0996162 0.212131 -0.0459126 -0.0647015 0.933551 0.352557 1 
0.0979347 0.211597 -0.046485 -0.369298 0.684432 -0.628627 1 
0.0984159 0.211792 -0.046124 -0.340456 0.682542 -0.646704 1 
0.10071 0.212391 -0.0476228 -0.133539 0.981327 0.138439 1 
0.10122 0.212457 -0.0477837 -0.133539 0.981327 0.138439 1 
0.10197 0.21262 -0.0477641 -0.133539 0.981327 0.138439 1 
0.101939 0.212697 -0.0477082 -0.133539 0.981327 0.138439 1 
0.101405 0.212427 -0.0474596 -0.133539 0.981327 0.138439 1 
0.101883 0.212666 -0.0473396 -0.133539 0.981327 0.138439 1 
0.101858 0.212462 -0.0472519 -0.133539 0.981327 0.138439 1 
0.100532 0.21243 -0.0472399 -0.100367 0.990977 0.0888303 1 
0.100979 0.212552 -0.0475141 -0.133539 0.981327 0.138439 1 
0.101223 0.21251 -0.0473177 -0.133539 0.981327 0.138439 1 
0.101642 0.212762 -0.04707 -0.133539 0.981327 0.138439 1 
0.100444 0.212379 -0.0470404 -0.100367 0.990977 0.0888303 1 
0.100748 0.212323 -0.0469716 -0.133539 0.981327 0.138439 1 
0.100992 0.212281 -0.0467752 -0.133539 0.981327 0.138439 1 
0.100905 0.21223 -0.0465758 -0.133539 0.981327 0.138439 1 
0.100552 0.211877 -0.0464692 -0.133539 0.981327 0.138439 1 
0.100444 0.212476 -0.0468154 -0.100367 0.990977 0.0888303 1 
0.100266 0.212515 -0.0464324 -0.0740281 0.979355 0.188104 1 
0.100454 0.212248 -0.0463175 -0.100367 0.990977 0.0888303 1 
0.10066 0.212369 -0.0465471 -0.133539 0.981327 0.138439 1 
0.10081 0.21246 -0.0464082 -0.133539 0.981327 0.138439 1 
0.100576 0.212178 -0.0463318 -0.133539 0.981327 0.138439 1 
0.100814 0.21232 -0.0463923 -0.133539 0.981327 0.138439 1 
0.100035 0.212189 -0.046115 -0.054129 0.928114 0.368341 1 
0.100332 0.212414 -0.0460781 -0.0740281 0.979355 0.188104 1 
0.100283 0.212103 -0.0456776 -0.0740281 0.979355 0.188104 1 
0.0955801 0.202794 -0.043239 -0.948803 -0.230054 0.216442 1 
0.0954685 0.20363 -0.0433762 -0.861549 -0.443645 0.246806 1 
0.0954648 0.203868 -0.043167 -0.870219 -0.419218 0.258795 1 
0.0945675 0.203667 -0.0428596 -0.876237 -0.35991 0.320426 1 
0.094473 0.203897 -0.042692 -0.880373 -0.353058 0.316692 1 
0.0949865 0.203725 -0.043062 -0.86775 -0.417918 0.268987 1 
0.0952586 0.203746 -0.0429373 -0.86775 -0.417918 0.268987 1 
0.0954677 0.20392 -0.042701 -0.858149 -0.440506 0.263694 1 
0.0950172 0.203938 -0.0424427 -0.878599 -0.382591 0.285809 1 
0.0952683 0.203615 -0.0422144 -0.883288 -0.365654 0.293426 1 
0.0946892 0.20379 -0.0424237 -0.886837 -0.352634 0.298613 1 
0.0962183 0.203987 -0.0429064 -0.845121 -0.470875 0.253076 1 
0.0966093 0.203982 -0.0430371 -0.827807 -0.512598 0.227991 1 
0.0971745 0.204368 -0.0428915 -0.833153 -0.494348 0.247944 1 
0.0966257 0.204854 -0.0422565 -0.893521 -0.34458 0.287896 1 
0.0958383 0.203377 -0.0431781 -0.849635 -0.468291 0.242535 1 
0.0964384 0.203547 -0.0430724 -0.830658 -0.513637 0.214904 1 
0.0957998 0.203735 -0.0431541 -0.859824 -0.442847 0.254143 1 
0.0969234 0.203505 -0.0429205 -0.80506 -0.553575 0.213149 1 
0.0965531 0.203951 -0.0426685 -0.841199 -0.479591 0.249755 1 
0.0955587 0.203831 -0.0428845 -0.853879 -0.453671 0.255094 1 
0.0956838 0.203814 -0.0424328 -0.85583 -0.44246 0.267925 1 
0.0959774 0.203986 -0.0428619 -0.845121 -0.470875 0.253076 1 
0.0956628 0.203469 -0.0423291 -0.867414 -0.414718 0.274959 1 
0.0955471 0.203451 -0.0418329 -0.862545 -0.419823 0.282426 1 
0.0957353 0.203281 -0.0414928 -0.850014 -0.447295 0.278214 1 
0.0964228 0.203501 -0.0415866 -0.854742 -0.440415 0.274684 1 
0.0964783 0.203822 -0.04128 -0.850448 -0.444448 0.281432 1 
0.0970162 0.203855 -0.0417378 -0.842897 -0.463825 0.272747 1 
0.0969113 0.204506 -0.041618 -0.850656 -0.45215 0.268225 1 
0.0972464 0.204374 -0.041605 -0.850856 -0.455323 0.262156 1 
0.0970539 0.203787 -0.0410866 -0.832164 -0.481942 0.274289 1 
0.0974345 0.204203 -0.0412651 -0.837609 -0.47665 0.266863 1 
0.0963042 0.204618 -0.0417555 -0.879534 -0.378668 0.288149 1 
0.0970155 0.204145 -0.0410626 -0.836517 -0.474696 0.273685 1 
0.0976086 0.204595 -0.0409888 -0.70964 -0.688457 0.149796 1 
0.0977518 0.20487 -0.0411067 -0.422419 -0.905185 -0.0469355 1 
0.0975247 0.204404 -0.0407734 0.349019 -0.87331 -0.339875 1 
0.0976603 0.203965 -0.0402739 0.450482 -0.83033 -0.328051 1 
0.0975034 0.204156 -0.0404447 0.406716 -0.846157 -0.344384 1 
0.0937252 0.202792 -0.0415962 -0.201447 -0.971759 0.122895 1 
0.0953822 0.203122 -0.0409361 -0.845862 -0.439228 0.302648 1 
0.0961849 0.203553 -0.041076 -0.839679 -0.46097 0.287136 1 
0.0958424 0.202972 -0.0404714 0.067946 -0.983429 -0.168077 1 
0.0966661 0.203748 -0.040715 -0.815545 -0.517288 0.259421 1 
0.0968117 0.203082 -0.0397176 0.453278 -0.822849 -0.342722 1 
0.0971398 0.20323 -0.0397365 0.459523 -0.815694 -0.3514 1 
0.0970348 0.202694 -0.0394176 0.461643 -0.806677 -0.368995 1 
0.096717 0.202221 -0.0391258 0.461643 -0.806677 -0.368995 1 
0.0967073 0.20354 -0.0400479 0.415124 -0.84735 -0.331166 1 
0.0968362 0.203286 -0.0398053 0.46079 -0.825648 -0.325541 1 
0.096871 0.203166 -0.0396202 0.459523 -0.815694 -0.3514 1 
0.0970558 0.203039 -0.0395212 0.461643 -0.806677 -0.368995 1 
0.0969089 0.203001 -0.0391941 0.461643 -0.806677 -0.368995 1 
0.097181 0.203022 -0.0390695 0.461643 -0.806677 -0.368995 1 
0.0968564 0.202733 -0.0390346 0.461643 -0.806677 -0.368995 1 
0.0965386 0.20226 -0.0387428 0.461643 -0.806677 -0.368995 1 
0.0973061 0.203005 -0.0386177 0.461643 -0.806677 -0.368995 1 
0.097864 0.202582 -0.0380797 0.554142 -0.728442 -0.402863 1 
0.0977381 0.202889 -0.0378563 0.57322 -0.708679 -0.411331 1 
0.097836 0.202518 -0.0380079 0.57322 -0.708679 -0.411331 1 
0.0977101 0.202825 -0.0377844 0.56346 -0.703078 -0.433814 1 
0.086821 0.20067 -0.0468687 -0.890748 0.34582 0.29492 1 
0.0877718 0.20194 -0.0484352 -0.708123 0.6673 0.230807 1 
0.0880264 0.202663 -0.0483901 -0.695809 0.680103 0.230889 1 
0.0876212 0.202139 -0.047899 -0.708123 0.6673 0.230807 1 
0.0878235 0.202498 -0.0479195 -0.695809 0.680103 0.230889 1 
0.0874357 0.201272 -0.0473487 -0.827733 0.489185 0.274876 1 
0.0871733 0.201119 -0.0467503 -0.871065 0.407507 0.274196 1 
0.0877107 0.201346 -0.046758 -0.778511 0.556533 0.290158 1 
0.0879693 0.201735 -0.0471472 -0.755561 0.586239 0.292321 1 
0.0902967 0.20289 -0.0468855 -0.516122 0.653979 0.553108 1 
0.0892916 0.203288 -0.0469242 -0.595698 0.762304 0.253054 1 
0.0894692 0.203539 -0.046632 -0.563186 0.770592 0.298345 1 
0.0897099 0.203637 -0.0464515 -0.524362 0.788934 0.320355 1 
0.0897685 0.202726 -0.0457048 -0.517387 0.594911 0.615135 1 
0.0889934 0.202455 -0.0454116 -0.492619 0.613672 0.617035 1 
0.0891643 0.202891 -0.0453763 -0.550231 0.661287 0.509847 1 
0.0890314 0.202291 -0.0449855 -0.495238 0.569104 0.6564 1 
0.089318 0.202744 -0.0454465 -0.553285 0.604045 0.573589 1 
0.0894887 0.203276 -0.0451861 -0.520137 0.731494 0.440878 1 
0.0899114 0.203098 -0.0455977 -0.520924 0.595101 0.611959 1 
0.0899391 0.203258 -0.0454444 -0.487287 0.720121 0.49394 1 
0.0900366 0.203081 -0.045146 -0.525758 0.489038 0.696003 1 
0.088794 0.20215 -0.044925 -0.507599 0.531052 0.678474 1 
0.0869447 0.202466 -0.0517727 -0.766853 0.625788 0.142566 1 
0.0869795 0.202346 -0.0515875 -0.74782 0.641206 0.172105 1 
0.0870769 0.202169 -0.0512891 -0.726703 0.662176 0.182828 1 
0.088256 0.203447 -0.0509482 -0.666539 0.716257 0.206643 1 
0.0883407 0.20216 -0.0516395 -0.719336 0.670256 0.182518 1 
0.0883052 0.202571 -0.0511495 -0.706205 0.675026 0.213576 1 
0.0881652 0.202252 -0.0507905 -0.706205 0.675026 0.213576 1 
0.0874225 0.202802 -0.0514276 -0.714466 0.674517 0.185915 1 
0.0874187 0.203039 -0.0512185 -0.71509 0.671844 0.193059 1 
0.0873767 0.20235 -0.0510112 -0.706205 0.675026 0.213576 1 
0.0871741 0.202088 -0.0507656 -0.709247 0.671836 0.213553 1 
0.0879839 0.203426 -0.0510728 -0.694823 0.682275 0.227425 1 
0.0884966 0.203544 -0.0507677 -0.666539 0.716257 0.206643 1 
0.0883954 0.203959 -0.050857 -0.665553 0.706461 0.240732 1 
0.0878924 0.203709 -0.0504392 -0.666539 0.716257 0.206643 1 
0.0888703 0.202957 -0.0510038 -0.666539 0.716257 0.206643 1 
0.0892124 0.204919 -0.0513574 -0.650215 0.728179 0.216738 1 
0.0887582 0.203987 -0.0506908 -0.665553 0.706461 0.240732 1 
0.0892991 0.204072 -0.0506825 -0.666684 0.701523 0.251788 1 
0.0892012 0.204443 -0.0505308 -0.667801 0.705512 0.237266 1 
0.0890647 0.203984 -0.050156 -0.693161 0.680586 0.237341 1 
0.0891382 0.204596 -0.0504191 -0.667801 0.705512 0.237266 1 
0.0890158 0.204763 -0.0501798 -0.648923 0.735241 0.195756 1 
0.0889913 0.204559 -0.050092 -0.697228 0.675194 0.240803 1 
0.0891449 0.204412 -0.0501622 -0.697228 0.675194 0.240803 1 
0.0888023 0.203832 -0.0495577 -0.695809 0.680103 0.230889 1 
0.088788 0.203303 -0.0491971 -0.695809 0.680103 0.230889 1 
0.0879433 0.20337 -0.0490492 -0.695809 0.680103 0.230889 1 
0.0891199 0.204401 -0.0496244 -0.693161 0.680586 0.237341 1 
0.088935 0.204528 -0.0497234 -0.697228 0.675194 0.240803 1 
0.0892136 0.204461 -0.0491168 -0.695809 0.680103 0.230889 1 
0.0887776 0.203724 -0.0492449 -0.695809 0.680103 0.230889 1 
0.0886971 0.203392 -0.0490136 -0.695809 0.680103 0.230889 1 
0.0889552 0.203975 -0.0489527 -0.695809 0.680103 0.230889 1 
0.090785 0.205251 -0.0500319 -0.213589 0.976906 0.00583576 1 
0.0910357 0.205024 -0.0495785 -0.159158 0.986317 0.0429844 1 
0.0902077 0.204678 -0.0486757 -0.520278 0.819785 0.239297 1 
0.0906649 0.204476 -0.0486772 -0.387629 0.905422 0.173074 1 
0.0886686 0.203522 -0.0484917 -0.695809 0.680103 0.230889 1 
0.0920988 0.205193 -0.0483171 -0.0170421 0.987304 -0.157923 1 
0.0916723 0.204421 -0.0474972 -0.077946 0.995733 0.0494024 1 
0.0905568 0.205171 -0.0487983 -0.452577 0.877504 0.15862 1 
0.0909475 0.205263 -0.0487039 -0.346132 0.934156 0.0868671 1 
0.0906609 0.20481 -0.048243 -0.412846 0.896178 0.162549 1 
0.0913964 0.204638 -0.0474127 -0.258484 0.941324 0.217016 1 
0.0940085 0.21177 -0.0466083 0.409174 0.431638 0.803906 1 
0.0946931 0.211937 -0.0471681 0.11822 0.544394 0.830457 1 
0.0944552 0.211989 -0.0466575 0.324259 0.333308 0.885303 1 
0.093893 0.211655 -0.0463371 0.454843 0.393769 0.798789 1 
0.0942208 0.2119 -0.046131 0.417862 0.321551 0.849704 1 
0.094409 0.21173 -0.045791 0.434673 0.193024 0.87966 1 
0.0932402 0.211315 -0.0460583 0.580392 0.667367 0.466655 1 
0.0941718 0.211492 -0.0459556 0.472501 0.235491 0.849286 1 
0.0942448 0.21111 -0.0455694 0.497046 0.244676 0.832514 1 
0.0941188 0.21023 -0.0451468 0.56457 0.11878 0.816794 1 
0.0933548 0.211719 -0.0456543 0.571553 0.707401 0.415826 1 
0.0939622 0.211511 -0.0457418 0.479155 0.327344 0.814406 1 
0.0950309 0.211954 -0.0464641 0.250106 0.3685 0.895352 1 
0.0951081 0.21233 -0.0469364 0.0555191 0.624946 0.778691 1 
0.0953802 0.21235 -0.0468118 0.0237656 0.647263 0.761897 1 
0.0950798 0.212362 -0.0466395 0.0674228 0.612544 0.787556 1 
0.0949539 0.211482 -0.0462169 0.281824 0.350416 0.893188 1 
0.09487 0.211291 -0.0460015 0.339018 0.300188 0.891602 1 
0.0948248 0.211833 -0.0462344 0.302952 0.354197 0.88474 1 
0.0948909 0.211635 -0.0461052 0.297466 0.339321 0.892399 1 
0.0946533 0.211591 -0.0458196 0.383289 0.238261 0.892368 1 
0.0947154 0.21054 -0.045057 0.481544 0.179282 0.857889 1 
0.0947537 0.210279 -0.0448559 0.515191 0.10189 0.850998 1 
0.0945685 0.210502 -0.0447299 0.543298 0.179093 0.820215 1 
0.0944956 0.210883 -0.0451161 0.489716 0.216809 0.844495 1 
0.0943524 0.210608 -0.0449981 0.558931 0.227598 0.797367 1 
0.0942649 0.210558 -0.0447986 0.558873 0.203644 0.803859 1 
0.0954168 0.211482 -0.0450611 0.350836 0.199046 0.915038 1 
0.0955107 0.210258 -0.0445794 0.411548 0.1222 0.903158 1 
0.0938991 0.208102 -0.0450325 0.722758 0.212942 0.657477 1 
0.0939513 0.208466 -0.0449669 0.651633 0.142968 0.744939 1 
0.0937102 0.208562 -0.0446973 0.636965 0.155837 0.754977 1 
0.0940453 0.209617 -0.0448836 0.572821 0.100062 0.81355 1 
0.0935813 0.208816 -0.0449399 0.640586 0.116874 0.75894 1 
0.0940278 0.209132 -0.044764 0.600188 0.125965 0.789878 1 
0.0944573 0.208769 -0.0449187 0.57106 0.121846 0.811815 1 
0.0946349 0.20902 -0.0446265 0.571089 0.109544 0.813546 1 
0.0941739 0.20946 -0.044416 0.572821 0.100062 0.81355 1 
0.0943968 0.209169 -0.0438908 0.596177 0.151672 0.788396 1 
0.0926839 0.209899 -0.0446066 0.475377 0.166308 0.86392 1 
0.093731 0.210191 -0.0447751 0.52181 0.120641 0.844488 1 
0.0938564 0.210078 -0.0445484 0.535316 0.130529 0.834506 1 
0.0932528 0.210049 -0.04467 0.543892 0.199579 0.815076 1 
0.0935596 0.209949 -0.0443603 0.546759 0.179241 0.81788 1 
0.0939191 0.210021 -0.0444351 0.535316 0.130529 0.834506 1 
0.0935806 0.210294 -0.044464 0.506752 0.167927 0.845578 1 
0.0938351 0.20983 -0.0442197 0.592554 0.154514 0.790572 1 
0.0924463 0.209855 -0.044321 0.395439 0.112388 0.91159 1 
0.0936051 0.210498 -0.0445516 0.4851 0.156815 0.860283 1 
0.0933464 0.210109 -0.0441625 0.521017 0.184683 0.833327 1 
0.0944566 0.210247 -0.0444428 0.563341 0.137509 0.814701 1 
0.0942856 0.209811 -0.0444781 0.574412 0.109621 0.811193 1 
0.094153 0.210303 -0.0445115 0.558837 0.13418 0.81835 1 
0.0940617 0.209302 -0.0439037 0.61149 0.139043 0.77894 1 
0.100888 0.200741 -0.0487045 -0.00131758 0.457199 0.889364 1 
0.101569 0.201145 -0.0490552 -0.079533 0.467431 0.880445 1 
0.101457 0.20089 -0.048768 -0.0503527 0.450453 0.891379 1 
0.100357 0.20033 -0.0484399 0.0555683 0.429638 0.90129 1 
0.101418 0.200157 -0.0483197 -0.0330893 0.408984 0.911941 1 
0.101083 0.200289 -0.0483326 -0.00650731 0.415166 0.909722 1 
0.101561 0.200529 -0.0482126 -0.0281572 0.451857 0.891646 1 
0.101452 0.200133 -0.0479096 -0.0382618 0.397131 0.916964 1 
0.101389 0.200287 -0.0477978 -0.0196753 0.410558 0.911622 1 
0.10141 0.199444 -0.0477023 -0.0358625 0.265877 0.96334 1 
0.101285 0.199751 -0.0474788 -0.0211403 0.299695 0.953801 1 
0.101044 0.19975 -0.0474343 0.00371446 0.313252 0.949663 1 
0.0999345 0.198037 -0.047855 0.12125 -0.0464605 0.991534 1 
0.101152 0.198861 -0.0477632 -0.00100656 0.0312033 0.999513 1 
0.100348 0.198816 -0.0467231 0.0920323 0.0476794 0.994614 1 
0.100739 0.198811 -0.0468537 0.0788102 0.029149 0.996463 1 
0.101267 0.199265 -0.0473593 -0.00799794 0.179382 0.983747 1 
0.101302 0.199145 -0.0471742 -0.0145663 0.144543 0.989391 1 
0.101253 0.198736 -0.0469987 0.00507323 0.0334833 0.999426 1 
0.101102 0.198839 -0.0466876 0.034212 0.100429 0.994356 1 
0.100844 0.199347 -0.0471728 0.0345431 0.206068 0.977928 1 
0.100334 0.198287 -0.0463625 0.122787 -0.0188053 0.992255 1 
0.10032 0.198753 -0.0466513 0.100421 0.0364164 0.994278 1 
0.100892 0.198955 -0.0462487 0.0497988 0.14708 0.98787 1 
0.099849 0.198426 -0.0462893 0.124975 -0.0143776 0.992056 1 
0.0998242 0.198319 -0.0459766 0.131794 -0.00996765 0.991227 1 
0.100153 0.19837 -0.0462206 0.115728 -0.0209413 0.99306 1 
0.100278 0.198353 -0.0457688 0.113547 -0.0231504 0.993263 1 
0.100609 0.198361 -0.0457718 0.0899215 -0.024918 0.995637 1 
0.0999564 0.198021 -0.045493 0.142509 -0.0544547 0.988294 1 
0.100762 0.200951 -0.0487061 0.00131747 0.462431 0.886654 1 
0.101234 0.201278 -0.0490681 -0.0365806 0.464709 0.884708 1 
0.101306 0.200993 -0.0484569 -0.022794 0.462583 0.886283 1 
0.101578 0.201014 -0.0483322 -0.0256483 0.476518 0.878791 1 
0.100542 0.200301 -0.0481159 0.0553527 0.419871 0.905894 1 
0.100782 0.200398 -0.0479354 0.0360077 0.422757 0.905527 1 
0.101086 0.200342 -0.0478666 0.00905046 0.399513 0.916683 1 
0.10097 0.200228 -0.0475954 0.0298247 0.366974 0.929753 1 
0.100252 0.198536 -0.0447809 0.0946095 0.110962 0.989311 1 
0.100067 0.198759 -0.0446549 0.0878136 0.25326 0.963405 1 
0.104302 0.20154 -0.0493105 -0.211526 0.826321 0.521967 1 
0.10532 0.202058 -0.0487321 -0.184151 0.839908 0.510532 1 
0.104981 0.202331 -0.0487609 -0.187695 0.836367 0.515034 1 
0.104901 0.201999 -0.0485297 -0.203458 0.842469 0.49885 1 
0.103862 0.201137 -0.0490044 -0.220614 0.835289 0.503608 1 
0.103338 0.200542 -0.048483 -0.299214 0.799488 0.520855 1 
0.102192 0.200718 -0.0479377 -0.0748705 0.518443 0.851828 1 
0.10368 0.201219 -0.0488625 -0.227544 0.832292 0.505484 1 
0.103352 0.201168 -0.0486185 -0.207306 0.790835 0.575851 1 
0.103624 0.201189 -0.0484938 -0.231612 0.829814 0.507705 1 
0.101756 0.19889 -0.0476416 -0.0731441 0.173867 0.982049 1 
0.102346 0.19948 -0.0475837 -0.170168 0.48683 0.856761 1 
0.103281 0.19942 -0.0476901 -0.355166 0.785866 0.506233 1 
0.103236 0.199866 -0.0481481 -0.337226 0.797516 0.500246 1 
0.10229 0.20054 -0.0476393 -0.090215 0.53413 0.840575 1 
0.102237 0.200273 -0.0474798 -0.123149 0.511431 0.850454 1 
0.101682 0.199465 -0.0475776 -0.0707906 0.292172 0.953742 1 
0.101955 0.199485 -0.047453 -0.0997408 0.317841 0.942883 1 
0.101902 0.199217 -0.0472935 -0.0989047 0.301989 0.948167 1 
0.102122 0.200158 -0.0472086 -0.106955 0.489141 0.865622 1 
0.102069 0.19989 -0.0470491 -0.0912803 0.470445 0.877696 1 
0.103295 0.200143 -0.0476005 -0.303734 0.813631 0.495732 1 
0.102991 0.200199 -0.0476693 -0.26723 0.766903 0.583479 1 
0.102499 0.199527 -0.0472037 -0.211128 0.574822 0.790573 1 
0.102439 0.19954 -0.0470761 -0.20373 0.571364 0.795008 1 
0.103036 0.199753 -0.0472113 -0.355166 0.785866 0.506233 1 
0.102226 0.199796 -0.0466532 -0.122698 0.492235 0.861772 1 
0.102561 0.199664 -0.0466403 -0.226743 0.658337 0.71776 1 
0.104134 0.201158 -0.0488798 -0.213722 0.838215 0.501716 1 
0.103623 0.200194 -0.0478445 -0.292859 0.819066 0.493319 1 
0.103771 0.201226 -0.0488209 -0.227544 0.832292 0.505484 1 
0.103987 0.20112 -0.0485527 -0.227544 0.832292 0.505484 1 
0.103494 0.200448 -0.0480871 -0.293908 0.815712 0.498229 1 
0.103888 0.200496 -0.0477517 -0.255384 0.821872 0.50922 1 
0.104118 0.201015 -0.047619 -0.231612 0.829814 0.507705 1 
0.104827 0.201387 -0.0482665 -0.207182 0.842337 0.497538 1 
0.104461 0.201596 -0.0482236 -0.207182 0.842337 0.497538 1 
0.104405 0.201468 -0.04808 -0.213722 0.838215 0.501716 1 
0.10446 0.200698 -0.0473492 -0.220835 0.83308 0.507158 1 
0.104262 0.20129 -0.047737 -0.217716 0.835847 0.503944 1 
0.104781 0.201128 -0.0474 -0.213722 0.838215 0.501716 1 
0.104446 0.200073 -0.0472137 -0.224419 0.835081 0.50227 1 
0.104502 0.2002 -0.0473573 -0.231612 0.829814 0.507705 1 
0.104362 0.199882 -0.0469984 -0.237899 0.833415 0.498821 1 
0.10469 0.20003 -0.0470173 -0.220835 0.83308 0.507158 1 
0.103514 0.199896 -0.0473164 -0.304208 0.814899 0.493353 1 
0.103992 0.200135 -0.0471964 -0.251475 0.831565 0.495237 1 
0.103786 0.199917 -0.0471918 -0.292859 0.819066 0.493319 1 
0.103968 0.199931 -0.0471087 -0.282773 0.823322 0.492118 1 
0.101734 0.198835 -0.0468628 -0.0471033 0.139012 0.98917 1 
0.10164 0.199065 -0.0466952 -0.0595466 0.210236 0.975836 1 
0.101667 0.199226 -0.0465419 -0.0668892 0.261246 0.962952 1 
0.101221 0.199007 -0.0464927 0.0149314 0.175731 0.984325 1 
0.101224 0.198963 -0.0462518 0.0105384 0.209597 0.977731 1 
0.101765 0.199048 -0.0462435 -0.0751006 0.266034 0.961034 1 
0.102481 0.199235 -0.0466341 -0.237545 0.560481 0.793368 1 
0.102843 0.199263 -0.0464679 -0.364124 0.775179 0.516247 1 
0.102261 0.199579 -0.0466931 -0.164041 0.500991 0.849764 1 
0.102177 0.199388 -0.0464778 -0.168095 0.510234 0.843448 1 
0.102749 0.199494 -0.0463003 -0.33904 0.782522 0.522217 1 
0.10233 0.199435 -0.0460978 -0.205721 0.635724 0.743998 1 
0.102874 0.199477 -0.0458486 -0.34494 0.790955 0.505377 1 
0.103146 0.199498 -0.0457239 -0.31162 0.805151 0.504603 1 
0.103506 0.199569 -0.0457987 -0.292859 0.819066 0.493319 1 
0.10513 0.200433 -0.0473234 -0.213722 0.838215 0.501716 1 
0.106135 0.200229 -0.0468345 -0.205535 0.853647 0.478583 1 
0.106341 0.20035 -0.0470642 -0.200963 0.864887 0.459983 1 
0.10499 0.200115 -0.0469644 -0.214482 0.835112 0.506543 1 
0.105151 0.199784 -0.0467777 -0.214482 0.835112 0.506543 1 
0.105262 0.200136 -0.0468398 -0.213722 0.838215 0.501716 1 
0.10559 0.200284 -0.0468588 -0.213053 0.844659 0.491081 1 
0.105018 0.200372 -0.0465861 -0.217716 0.835847 0.503944 1 
0.105199 0.200289 -0.0467281 -0.213722 0.838215 0.501716 1 
0.10544 0.200387 -0.0465476 -0.213053 0.844659 0.491081 1 
0.105052 0.200251 -0.046401 -0.214482 0.835112 0.506543 1 
0.105768 0.200535 -0.0465665 -0.209477 0.851473 0.480743 1 
0.10604 0.200459 -0.046667 -0.205535 0.853647 0.478583 1 
0.106218 0.20071 -0.0463747 -0.197594 0.866146 0.459072 1 
0.105499 0.200567 -0.0462251 -0.20963 0.84606 0.490141 1 
0.106582 0.200448 -0.0468837 -0.210366 0.866825 0.452062 1 
0.106885 0.200392 -0.0468149 -0.174975 0.871935 0.457288 1 
0.106435 0.20041 -0.0465566 -0.19762 0.869233 0.45319 1 
0.106763 0.200559 -0.0465756 -0.174975 0.871935 0.457288 1 
0.107129 0.200349 -0.0466185 -0.193773 0.874196 0.445234 1 
0.106372 0.200564 -0.0464449 -0.191119 0.866703 0.46076 1 
0.106609 0.200705 -0.0465054 -0.184924 0.868401 0.46009 1 
0.10649 0.200731 -0.0462501 -0.19762 0.869233 0.45319 1 
0.106825 0.200599 -0.0462372 -0.168399 0.87421 0.455409 1 
0.101892 0.200826 -0.0475405 -0.0315102 0.511013 0.858995 1 
0.101961 0.200489 -0.0473953 -0.0682913 0.486401 0.871063 1 
0.101923 0.200846 -0.0473713 -0.0315102 0.511013 0.858995 1 
0.101975 0.20012 -0.0468815 -0.0861249 0.498395 0.862661 1 
0.101814 0.200451 -0.0470682 -0.0539183 0.490795 0.869605 1 
0.101336 0.200309 -0.0469632 -0.00397968 0.470929 0.882162 1 
0.101919 0.200089 -0.0465128 -0.0714623 0.497434 0.864554 1 
0.102278 0.200355 -0.0461375 -0.110095 0.609192 0.785344 1 
0.102092 0.19939 -0.0458123 -0.182146 0.537405 0.823419 1 
0.102476 0.199763 -0.0457497 -0.209542 0.721755 0.659668 1 
0.101614 0.199441 -0.0452571 -0.0838049 0.416277 0.905368 1 
0.102455 0.199418 -0.0456461 -0.272298 0.730904 0.625807 1 
0.103212 0.199397 -0.0453696 -0.301466 0.809697 0.503496 1 
0.103118 0.199627 -0.045202 -0.292859 0.819066 0.493319 1 
0.10258 0.199401 -0.0451944 -0.330166 0.799098 0.502427 1 
0.10294 0.199376 -0.0454943 -0.318631 0.803711 0.502517 1 
0.103303 0.199404 -0.0453281 -0.292859 0.819066 0.493319 1 
0.103725 0.199516 -0.0450645 -0.237899 0.833415 0.498821 1 
0.103397 0.199464 -0.0448205 -0.251475 0.831565 0.495237 1 
0.10376 0.199395 -0.0448793 -0.240291 0.837191 0.491295 1 
0.103313 0.199273 -0.0446051 -0.25003 0.839057 0.483186 1 
0.103218 0.199406 -0.0446626 -0.25003 0.839057 0.483186 1 
0.104437 0.200036 -0.0450208 -0.223479 0.843747 0.488005 1 
0.100904 0.197979 -0.0441854 0.118758 -0.155488 0.980673 1 
0.0954832 0.205367 -0.0538086 -0.292295 0.864643 0.408601 1 
0.0957552 0.205387 -0.0536839 -0.300976 0.866261 0.398755 1 
0.0964743 0.205531 -0.0538335 -0.297765 0.868862 0.395493 1 
0.0960903 0.205255 -0.053671 -0.297765 0.868862 0.395493 1 
0.096118 0.205415 -0.0535178 -0.304487 0.867558 0.393232 1 
0.0965371 0.205474 -0.0537202 -0.310846 0.865162 0.393534 1 
0.0965155 0.205323 -0.0531665 -0.324714 0.863339 0.386271 1 
0.0958144 0.205471 -0.0535865 -0.307703 0.864935 0.396492 1 
0.0955769 0.205426 -0.053301 -0.307703 0.864935 0.396492 1 
0.0961839 0.205315 -0.0531634 -0.32072 0.863949 0.38824 1 
0.0957997 0.205136 -0.0527759 -0.310395 0.866965 0.389905 1 
0.0954659 0.203526 -0.050574 0.0202204 0.874867 0.48394 1 
0.0987581 0.206648 -0.0551551 -0.286237 0.876883 0.386192 1 
0.0977389 0.20642 -0.0550583 -0.302203 0.863656 0.403449 1 
0.0975325 0.206395 -0.0546036 -0.305879 0.846213 0.436304 1 
0.0976579 0.206282 -0.0543769 -0.328393 0.848219 0.41555 1 
0.097546 0.206027 -0.0540898 -0.339306 0.853687 0.395082 1 
0.0979367 0.206118 -0.0539954 -0.340205 0.852843 0.396129 1 
0.0974127 0.205524 -0.0534739 -0.324714 0.863339 0.386271 1 
0.0969211 0.20575 -0.0538827 -0.310846 0.865162 0.393534 1 
0.0971092 0.20558 -0.0535427 -0.324714 0.863339 0.386271 1 
0.0980094 0.205833 -0.0533841 -0.324714 0.863339 0.386271 1 
0.0988189 0.20608 -0.0532672 -0.342876 0.854862 0.38942 1 
0.098707 0.205825 -0.05298 -0.330594 0.862621 0.382874 1 
0.0988321 0.205809 -0.0525283 -0.331562 0.858976 0.390163 1 
0.0988111 0.205464 -0.0524246 -0.321572 0.863168 0.389272 1 
0.0992083 0.205468 -0.0518483 -0.317508 0.850303 0.41973 1 
0.0986125 0.206056 -0.0528124 -0.330594 0.862621 0.382874 1 
0.0988073 0.205701 -0.0522155 -0.322502 0.859491 0.39657 1 
0.0990097 0.20606 -0.0522361 -0.331562 0.858976 0.390163 1 
0.0989325 0.205684 -0.0517638 -0.317508 0.850303 0.41973 1 
0.0974351 0.204126 -0.0513628 -0.333733 0.820887 0.46343 1 
0.0972881 0.204089 -0.0510357 -0.342054 0.80661 0.482057 1 
0.0960002 0.203796 -0.0508226 -0.171658 0.870026 0.462156 1 
0.0956721 0.203648 -0.0508037 -0.100501 0.876195 0.471362 1 
0.0960728 0.203511 -0.0502114 0.0230777 0.862019 0.506351 1 
0.095759 0.203892 -0.050553 0.00394818 0.890972 0.454041 1 
0.0956156 0.203713 -0.05021 0.134804 0.865357 0.482686 1 
0.0963976 0.203703 -0.0504713 -0.112266 0.876814 0.467539 1 
0.0964673 0.203366 -0.0503261 -0.0314362 0.859711 0.509813 1 
0.0963728 0.203596 -0.0501585 0.0230777 0.862019 0.506351 1 
0.0970048 0.203592 -0.0503338 0.0458219 0.845622 0.531812 1 
0.0963659 0.203877 -0.0501904 -0.0256203 0.880528 0.473301 1 
0.096994 0.20411 -0.0501565 -0.0734411 0.882679 0.464203 1 
0.0980204 0.20396 -0.0504465 -0.00683794 0.813714 0.581225 1 
0.0975915 0.204129 -0.0507419 -0.247201 0.800683 0.545708 1 
0.0975384 0.204055 -0.0501323 0.104928 0.846611 0.521766 1 
0.0979819 0.204318 -0.0504224 -0.0879329 0.817343 0.569401 1 
0.0979042 0.204136 -0.0495 0.278015 0.79949 0.53247 1 
0.0999608 0.204787 -0.0504883 0.0322149 0.785764 0.617686 1 
0.0997202 0.205877 -0.050868 -0.290047 0.842223 0.454459 1 
0.0994129 0.204982 -0.0505284 -0.087726 0.818297 0.568062 1 
0.0995733 0.204651 -0.0503417 -0.0124537 0.77905 0.626838 1 
0.0991718 0.205078 -0.0502588 -0.0879329 0.817343 0.569401 1 
0.100013 0.205345 -0.0499726 -0.0583488 0.789843 0.610527 1 
0.098679 0.204503 -0.0495682 0.199903 0.810292 0.550877 1 
0.0990666 0.204638 -0.0497148 0.0294039 0.777104 0.628684 1 
0.0991919 0.204525 -0.0494881 0.14878 0.764941 0.626681 1 
0.0989511 0.204524 -0.0494435 0.255672 0.785839 0.563106 1 
0.0992232 0.204545 -0.0493189 0.271527 0.751067 0.601806 1 
0.099527 0.204392 -0.0494752 0.182604 0.741158 0.646019 1 
0.100519 0.205551 -0.0501495 0.00968653 0.779074 0.626857 1 
0.096184 0.204056 -0.0498234 0.116042 0.8696 0.479927 1 
0.0967214 0.204282 -0.049831 -0.0173675 0.883069 0.468922 1 
0.0986058 0.204981 -0.0497293 -0.00408018 0.830996 0.556264 1 
0.0987737 0.205364 -0.05016 -0.208421 0.829119 0.51877 1 
0.0999458 0.205735 -0.0496518 -0.0410341 0.771158 0.635321 1 
0.0988566 0.204754 -0.0492759 0.278908 0.789452 0.546786 1 
0.0984379 0.204599 -0.0492985 0.259893 0.810804 0.524455 1 
0.098542 0.204237 -0.0487432 0.40893 0.703624 0.581111 1 
0.098982 0.204641 -0.0490493 0.327214 0.749529 0.575445 1 
0.0948685 0.203506 -0.0499886 0.201204 0.862943 0.463515 1 
0.0958317 0.203607 -0.0499418 0.178146 0.833844 0.522463 1 
0.0983146 0.20268 -0.0479856 0.42615 0.575385 0.698089 1 
0.0984788 0.2033 -0.0482072 0.431963 0.60875 0.665456 1 
0.0983388 0.202981 -0.0478483 0.456267 0.596657 0.660167 1 
0.0984922 0.202931 -0.0476934 0.510287 0.621439 0.594493 1 
0.0982481 0.201787 -0.0476906 0.471783 0.649751 0.596024 1 
0.0982411 0.202068 -0.0477225 0.449492 0.636641 0.626615 1 
0.0981919 0.201756 -0.047322 0.532261 0.67666 0.508754 1 
0.0983213 0.202496 -0.0477287 0.47572 0.623647 0.620285 1 
0.0980696 0.201826 -0.0473077 0.46979 0.550039 0.690474 1 
0.0952838 0.203802 -0.0499819 0.153611 0.864609 0.478388 1 
0.0954719 0.203632 -0.0496419 0.264734 0.828262 0.493861 1 
0.0982901 0.203664 -0.0480971 0.488605 0.58599 0.646437 1 
0.0913332 0.197666 -0.0461058 0.241278 0.505609 0.828338 1 
0.0911723 0.19819 -0.0458424 0.136622 0.401415 0.905649 1 
0.0925357 0.19716 -0.044554 0.165166 0.525259 0.834759 1 
0.0917786 0.198368 -0.0450297 0.269528 0.821049 0.503223 1 
0.0919522 0.197766 -0.0441041 0.201678 0.470582 0.858999 1 
0.0927209 0.198124 -0.0448792 0.318386 0.260233 0.911542 1 
0.0926089 0.197869 -0.0445921 0.271196 0.321037 0.907407 1 
0.093265 0.198166 -0.04463 0.360113 0.180768 0.915228 1 
0.0928839 0.197943 -0.0440014 0.215321 0.356941 0.908972 1 
0.092713 0.197507 -0.0440367 0.189886 0.398615 0.897246 1 
0.0924786 0.196231 -0.043311 0.0426726 0.860334 0.507941 1 
0.0916758 0.196988 -0.0433703 0.168358 0.605177 0.778085 1 
0.091379 0.196859 -0.0431822 0.169611 0.686083 0.707476 1 
0.0921508 0.197174 -0.0437163 0.14276 0.659702 0.737844 1 
0.0924544 0.197118 -0.0436475 -0.00131147 0.895734 0.444588 1 
0.0924891 0.196997 -0.0434624 -0.00131147 0.895734 0.444588 1 
0.0920946 0.197143 -0.0433477 0.14276 0.659702 0.737844 1 
0.0920071 0.197092 -0.0431482 -0.0333483 0.903072 0.428192 1 
0.0920491 0.196594 -0.0431563 -0.0333483 0.903072 0.428192 1 
0.0912775 0.196183 -0.0428472 0.169268 0.693847 0.699946 1 
0.092483 0.199363 -0.0445678 0.199894 0.197247 0.959758 1 
0.0949427 0.19782 -0.0467901 0.448391 0.0447037 0.892719 1 
0.095543 0.197893 -0.0469094 0.376001 -0.00127458 0.926619 1 
0.0945274 0.198712 -0.046996 0.449691 0.0788688 0.889696 1 
0.0946104 0.19929 -0.0463111 0.476292 0.0120074 0.879205 1 
0.0950945 0.199538 -0.0454841 0.503732 -0.116912 0.855912 1 
0.0958276 0.199119 -0.04557 0.390517 0.00128038 0.920595 1 
0.0943149 0.200982 -0.0445058 0.485918 -0.233058 0.842359 1 
0.0946173 0.197821 -0.04608 0.4507 0.0818193 0.888918 1 
0.0946448 0.198078 -0.0457017 0.445159 0.0818206 0.891705 1 
0.0948546 0.197963 -0.0461405 0.420532 0.086864 0.90311 1 
0.0946202 0.196687 -0.0454148 0.440632 0.108398 0.891119 1 
0.0954677 0.197957 -0.0450709 0.385523 0.0685076 0.920151 1 
0.0963717 0.197974 -0.0451215 0.345216 0.223885 0.911428 1 
0.096284 0.19802 -0.044697 0.363231 0.00892147 0.931656 1 
0.0962944 0.197598 -0.0446492 0.356165 0.261582 0.897063 1 
0.0957712 0.196714 -0.0448029 0.399192 0.0169039 0.916712 1 
0.096249 0.197049 -0.0444578 0.388506 0.0194903 0.92124 1 
0.0958824 0.197259 -0.0444149 0.354792 0.110108 0.928439 1 
0.0941563 0.198261 -0.0458695 0.413723 0.107262 0.904062 1 
0.0941143 0.198759 -0.0458614 0.456086 0.0336346 0.8893 1 
0.0934154 0.198063 -0.0449411 0.38339 0.169604 0.90788 1 
0.0948291 0.198145 -0.0451526 0.417216 0.086748 0.904657 1 
0.0948741 0.1977 -0.0446946 0.402315 0.12476 0.906961 1 
0.0948636 0.198121 -0.0447424 0.402788 0.103811 0.909387 1 
0.094644 0.198369 -0.0450265 0.438855 0.0729132 0.895595 1 
0.0943156 0.198317 -0.0447826 0.438855 0.0729132 0.895595 1 
0.093342 0.19745 -0.044678 0.349298 0.24407 0.904666 1 
0.0935196 0.197701 -0.0443858 0.346815 0.227824 0.909844 1 
0.093345 0.197503 -0.0442119 0.318478 0.280319 0.905535 1 
0.0943052 0.197551 -0.0446311 0.371726 0.190887 0.908505 1 
0.095482 0.198486 -0.0454314 0.381265 0.0379955 0.923684 1 
0.0956252 0.198761 -0.0455494 0.382648 0.0326491 0.923317 1 
0.0955022 0.197933 -0.0446607 0.375935 0.0821936 0.922994 1 
0.096999 0.197309 -0.0442132 0.357865 0.324363 0.875627 1 
0.0973933 0.19726 -0.0441029 0.339018 0.300188 0.891602 1 
0.0967759 0.197697 -0.0445133 0.3427 0.277424 0.897548 1 
0.09331 0.198908 -0.0443712 0.495394 -0.00939772 0.868618 1 
0.0933902 0.199336 -0.0443774 0.537385 -0.14656 0.830504 1 
0.0814594 0.22216 -0.0394897 0.527511 0.652226 -0.544365 0 
0.0813236 0.222695 -0.0397641 0.527697 0.649084 -0.547928 0 
0.0814105 0.222939 -0.0395134 0.527697 0.649084 -0.547928 0 
0.081344 0.223233 -0.0394176 0.546495 0.654112 -0.522954 0 
0.0794729 0.224637 -0.0391789 0.596132 0.585999 -0.548846 0 
0.080541 0.224086 -0.0392519 0.571213 0.645353 -0.507183 0 
0.0804296 0.223637 -0.0394148 0.574113 0.667845 -0.473685 0 
0.0810013 0.223936 -0.0387872 0.571656 0.662182 -0.484483 0 
0.080206 0.224218 -0.0392648 0.574648 0.628574 -0.524093 0 
0.0804956 0.224724 -0.0392597 0.589296 0.619689 -0.518378 0 
0.0804221 0.224112 -0.0389966 0.571213 0.645353 -0.507183 0 
0.0799197 0.224856 -0.0392281 0.599482 0.582595 -0.548821 0 
0.0808401 0.224557 -0.0382988 0.563315 0.610681 -0.556548 0 
0.0787784 0.225885 -0.0393162 0.61246 0.58209 -0.534848 0 
0.0795631 0.226025 -0.0388865 0.609239 0.582236 -0.538358 0 
0.0795532 0.225065 -0.0391851 0.5962 0.582688 -0.552287 0 
0.0789559 0.224949 -0.0388248 0.596132 0.585999 -0.548846 0 
0.0794587 0.225295 -0.0390175 0.5962 0.582688 -0.552287 0 
0.0792001 0.224906 -0.0386283 0.596254 0.579363 -0.555716 0 
0.0786277 0.226085 -0.03878 0.622315 0.598704 -0.50426 0 
0.0793015 0.225582 -0.0389633 0.600593 0.583674 -0.546455 0 
0.0788405 0.226022 -0.0387528 0.622315 0.598704 -0.50426 0 
0.0807456 0.224787 -0.0381312 0.552255 0.579277 -0.599543 0 
0.0812923 0.221487 -0.0397341 0.52974 0.654186 -0.53983 0 
0.0770664 0.22863 -0.0379647 0.369485 0.605955 -0.704485 0 
0.0769754 0.22872 -0.0377812 0.369485 0.605955 -0.704485 0 
0.0782991 0.227317 -0.0385102 0.531474 0.602337 -0.595588 0 
0.0782709 0.22735 -0.0382133 0.517417 0.598316 -0.611799 0 
0.0782327 0.227611 -0.0384143 0.50783 0.598935 -0.619181 0 
0.0786307 0.227325 -0.0385132 0.572306 0.609447 -0.548671 0 
0.0782611 0.226294 -0.038737 0.605257 0.601885 -0.520959 0 
0.0781667 0.226524 -0.0385695 0.59955 0.609683 -0.518484 0 
0.0783201 0.226475 -0.0384146 0.609683 0.59955 -0.518484 0 
0.0804828 0.226016 -0.037282 0.607012 0.586722 -0.535997 0 
0.0799106 0.22591 -0.0374595 0.609239 0.582236 -0.538358 0 
0.0778976 0.227744 -0.0384273 0.486351 0.600786 -0.634444 0 
0.0777714 0.228148 -0.0379788 0.461272 0.618944 -0.635717 0 
0.0766053 0.229069 -0.0377541 0.380081 0.620305 -0.68612 0 
0.0769124 0.228873 -0.0376694 0.369601 0.60943 -0.70142 0 
0.076818 0.229103 -0.0375018 0.380081 0.620305 -0.68612 0 
0.0764202 0.229293 -0.0376281 0.270317 0.586477 -0.763527 0 
0.0766923 0.229314 -0.0375035 0.395006 0.639612 -0.659445 0 
0.0767515 0.229397 -0.0374061 0.395006 0.639612 -0.659445 0 
0.0759208 0.23009 -0.0373935 0.140425 0.55431 -0.820379 0 
0.0763188 0.229804 -0.0374924 0.14344 0.548623 -0.823673 0 
0.0765909 0.229825 -0.0373677 0.329222 0.627629 -0.705475 0 
0.0764754 0.22971 -0.0370965 0.329222 0.627629 -0.705475 0 
0.0763116 0.230181 -0.0372992 0.127443 0.537606 -0.833509 0 
0.076409 0.230004 -0.0370007 0.127443 0.537606 -0.833509 0 
0.0748317 0.230296 -0.0372169 0.261858 0.677656 -0.687178 0 
0.0746468 0.230423 -0.0373159 0.255378 0.68048 -0.686825 0 
0.0745628 0.230232 -0.0371006 0.255378 0.68048 -0.686825 0 
0.0743362 0.23076 -0.0374166 0.251297 0.693833 -0.674867 0 
0.0744617 0.230646 -0.0371899 0.25834 0.686266 -0.679926 0 
0.0755543 0.230299 -0.0373506 0.160623 0.577943 -0.800114 0 
0.0751038 0.230317 -0.0370923 0.223445 0.639085 -0.735964 0 
0.0758264 0.23032 -0.037226 0.160623 0.577943 -0.800114 0 
0.0755505 0.230536 -0.0371415 0.198657 0.608292 -0.76845 0 
0.0761299 0.230264 -0.0371572 0.140425 0.55431 -0.820379 0 
0.0760669 0.230418 -0.0370455 0.160623 0.577943 -0.800114 0 
0.076262 0.229966 -0.0366736 0.127443 0.537606 -0.833509 0 
0.0759165 0.23052 -0.0367343 0.198657 0.608292 -0.76845 0 
0.0758535 0.230674 -0.0366226 0.223445 0.639085 -0.735964 0 
0.0752141 0.231152 -0.0360291 0.240803 0.697228 -0.675194 0 
0.0755497 0.230826 -0.0364663 0.261858 0.677656 -0.687178 0 
0.0755147 0.231044 -0.0364264 0.255378 0.68048 -0.686825 0 
0.0737556 0.231515 -0.0362756 0.233745 0.710647 -0.663584 0 
0.0739299 0.23181 -0.0362243 0.233745 0.710647 -0.663584 0 
0.074146 0.231704 -0.0359561 0.233745 0.710647 -0.663584 0 
0.0740349 0.231158 -0.0363442 0.241268 0.70488 -0.667034 0 
0.0743139 0.230898 -0.0361877 0.241268 0.70488 -0.667034 0 
0.074251 0.231052 -0.0360759 0.241268 0.70488 -0.667034 0 
0.0739089 0.231465 -0.0361207 0.233745 0.710647 -0.663584 0 
0.074181 0.231486 -0.0359961 0.233745 0.710647 -0.663584 0 
0.0744811 0.231571 -0.0359432 0.241268 0.70488 -0.667034 0 
0.0747809 0.231752 -0.0356653 0.233745 0.710647 -0.663584 0 
0.074642 0.231047 -0.0362066 0.240803 0.697228 -0.675194 0 
0.0745476 0.231277 -0.036039 0.241268 0.70488 -0.667034 0 
0.102919 0.187298 -0.0496803 -0.571656 -0.662182 0.484483 0 
0.103037 0.188749 -0.0494597 -0.636362 -0.612855 0.468457 0 
0.103159 0.18868 -0.049474 -0.633047 -0.616255 0.468488 0 
0.103065 0.18891 -0.0493064 -0.645607 -0.608715 0.461148 0 
0.103002 0.188967 -0.0494197 -0.645607 -0.608715 0.461148 0 
0.103023 0.189408 -0.0492983 -0.657626 -0.604079 0.450131 0 
0.103205 0.187944 -0.0496912 -0.582508 -0.649655 0.488501 0 
0.103079 0.188251 -0.0494677 -0.626373 -0.623014 0.46852 0 
0.102928 0.189638 -0.0491307 -0.663717 -0.600188 0.446379 0 
0.102621 0.189835 -0.0492154 -0.678165 -0.594852 0.431559 0 
0.102743 0.189861 -0.0490047 -0.678165 -0.594852 0.431559 0 
0.102404 0.190135 -0.0490335 -0.679959 -0.593509 0.430585 0 
0.102583 0.190192 -0.0491914 -0.678165 -0.594852 0.431559 0 
0.101947 0.190434 -0.0488071 -0.688156 -0.59198 0.419526 0 
0.102282 0.190301 -0.0487941 -0.685442 -0.592501 0.423215 0 
0.102554 0.190322 -0.0486695 -0.685442 -0.592501 0.423215 0 
0.102219 0.190454 -0.0486824 -0.685442 -0.592501 0.423215 0 
0.101856 0.19062 -0.0483985 -0.692203 -0.589286 0.41665 0 
0.102257 0.190387 -0.0480313 -0.685442 -0.592501 0.423215 0 
0.101249 0.190732 -0.0485361 -0.707028 -0.574564 0.412295 0 
0.101479 0.191251 -0.0484033 -0.719745 -0.564925 0.403518 0 
0.101482 0.19111 -0.0483874 -0.70905 -0.570215 0.414852 0 
0.101587 0.19184 -0.0482563 -0.765967 -0.543433 0.343476 0 
0.101653 0.191546 -0.0483521 -0.735482 -0.555297 0.388216 0 
0.101827 0.191937 -0.0480758 -0.765967 -0.543433 0.343476 0 
0.101789 0.192295 -0.0480518 -0.766301 -0.546897 0.337173 0 
0.104238 0.187417 -0.0501743 -0.543491 -0.683963 0.486634 0 
0.105383 0.187435 -0.0502695 -0.530969 -0.688417 0.494119 0 
0.104804 0.187707 -0.0502537 -0.530969 -0.688417 0.494119 0 
0.10472 0.187516 -0.0500384 -0.530969 -0.688417 0.494119 0 
0.104479 0.187515 -0.0499938 -0.543491 -0.683963 0.486634 0 
0.105195 0.187702 -0.0503844 -0.530969 -0.688417 0.494119 0 
0.105048 0.187664 -0.0500573 -0.52404 -0.691464 0.497252 0 
0.104866 0.187843 -0.0496903 -0.551924 -0.676065 0.488176 0 
0.10382 0.187262 -0.050197 -0.551924 -0.676065 0.488176 0 
0.103729 0.187351 -0.0500134 -0.551924 -0.676065 0.488176 0 
0.103631 0.187722 -0.0498618 -0.571656 -0.662182 0.484483 0 
0.103875 0.187679 -0.0496654 -0.571656 -0.662182 0.484483 0 
0.104119 0.187443 -0.049919 -0.551924 -0.676065 0.488176 0 
0.10354 0.187812 -0.0496782 -0.582508 -0.649655 0.488501 0 
0.103812 0.187833 -0.0495536 -0.582508 -0.649655 0.488501 0 
0.104329 0.187617 -0.0496827 -0.551924 -0.676065 0.488176 0 
0.104234 0.187848 -0.0495151 -0.571656 -0.662182 0.484483 0 
0.104171 0.188001 -0.0494034 -0.582508 -0.649655 0.488501 0 
0.105446 0.187378 -0.0501561 -0.530969 -0.688417 0.494119 0 
0.1034 0.188777 -0.0492935 -0.633047 -0.616255 0.468488 0 
0.104677 0.188304 -0.0493552 -0.582508 -0.649655 0.488501 0 
0.103337 0.188931 -0.0491817 -0.636362 -0.612855 0.468457 0 
0.103148 0.189294 -0.0490716 -0.645607 -0.608715 0.461148 0 
0.103211 0.189238 -0.0489583 -0.645607 -0.608715 0.461148 0 
0.103085 0.189448 -0.0489599 -0.660506 -0.603653 0.446469 0 
0.103442 0.188182 -0.0495266 -0.605729 -0.635932 0.478207 0 
0.103805 0.18821 -0.0493604 -0.590428 -0.644256 0.486136 0 
0.103902 0.188033 -0.049062 -0.582508 -0.649655 0.488501 0 
0.103379 0.188336 -0.0494149 -0.61997 -0.626691 0.472118 0 
0.104439 0.188259 -0.0490696 -0.582508 -0.649655 0.488501 0 
0.103148 0.189391 -0.0488466 -0.657626 -0.604079 0.450131 0 
0.103015 0.189882 -0.04888 -0.678165 -0.594852 0.431559 0 
0.0996002 0.194317 -0.0479455 -0.0698872 -0.212114 0.974743 0 
0.0996874 0.194464 -0.0479199 -0.0779048 -0.216402 0.973191 0 
0.0996173 0.194899 -0.04784 -0.0526075 -0.226335 0.972628 0 
0.0996728 0.19522 -0.0475335 0.118689 -0.218234 0.968652 0 
0.100137 0.194736 -0.047503 -0.0810082 -0.225577 0.970852 0 
0.0968316 0.197992 -0.0475726 0.357504 0.202442 0.911706 0 
0.0997429 0.19716 -0.0480118 0.174748 -0.115259 0.977844 0 
0.100015 0.197181 -0.0478871 0.146694 -0.134367 0.980013 0 
0.099439 0.197313 -0.0478555 0.180483 -0.0994499 0.978537 0 
0.0997181 0.197053 -0.047699 0.189816 -0.121934 0.974219 0 
0.099861 0.197424 -0.0475919 0.129469 -0.124629 0.98372 0 
0.0989083 0.195715 -0.0473917 0.267285 -0.139626 0.953448 0 
0.0995547 0.196143 -0.0481526 0.119783 -0.134302 0.983674 0 
0.0998583 0.196087 -0.0480838 0.0519229 -0.139615 0.988844 0 
0.0995162 0.196501 -0.0481286 0.117818 -0.113058 0.986578 0 
0.0997883 0.196522 -0.0480039 0.104581 -0.111631 0.988231 0 
0.0988214 0.196658 -0.0478416 0.242388 -0.0926406 0.965746 0 
0.0989923 0.197094 -0.0478063 0.211638 -0.0804473 0.974032 0 
0.0988978 0.196136 -0.0474395 0.236761 -0.139964 0.961433 0 
0.0988138 0.195945 -0.0472242 0.262336 -0.133145 0.955747 0 
0.0992286 0.196434 -0.0467673 0.21269 -0.157886 0.96428 0 
0.0993971 0.197811 -0.0478474 0.161261 -0.0576774 0.985225 0 
0.098625 0.198781 -0.0472874 0.196452 0.128011 0.972121 0 
0.100428 0.193668 -0.048199 -0.830983 -0.433625 0.348477 0 
0.100061 0.193877 -0.0481561 -0.228536 -0.270597 0.935173 0 
0.10034 0.193617 -0.0479995 -0.806012 -0.434253 0.402205 0 
0.100938 0.192449 -0.0483858 -0.837971 -0.496066 0.227427 0 
0.100815 0.192616 -0.0481464 -0.837971 -0.496066 0.227427 0 
0.10115 0.192483 -0.0481335 -0.829004 -0.502939 0.244549 0 
0.100662 0.192666 -0.0483013 -0.837971 -0.496066 0.227427 0 
0.100602 0.192679 -0.0481736 -0.835198 -0.499287 0.230557 0 
0.100536 0.192973 -0.0480778 -0.854772 -0.480529 0.196104 0 
0.101087 0.192637 -0.0480217 -0.837971 -0.496066 0.227427 0 
0.100961 0.192944 -0.0477983 -0.843789 -0.492337 0.213598 0 
0.101177 0.192837 -0.0475301 -0.835198 -0.499287 0.230557 0 
0.100529 0.193254 -0.0481097 -0.866227 -0.47342 0.159761 0 
0.100689 0.192923 -0.047923 -0.854772 -0.480529 0.196104 0 
0.100595 0.193153 -0.0477554 -0.854772 -0.480529 0.196104 0 
0.100898 0.193097 -0.0476866 -0.854772 -0.480529 0.196104 0 
0.1005 0.193383 -0.0475878 -0.84569 -0.460585 0.269573 0 
0.10003 0.193954 -0.0481002 -0.272213 -0.280854 0.920338 0 
0.100218 0.193784 -0.0477602 -0.331639 -0.292972 0.896763 0 
0.0999734 0.193923 -0.0477316 -0.23314 -0.26106 0.936746 0 
0.0998408 0.194415 -0.047765 -0.125679 -0.239698 0.962678 0 
0.100004 0.19404 -0.0473373 -0.270701 -0.270701 0.923819 0 
0.100521 0.193728 -0.0476914 -0.467878 -0.319795 0.823906 0 
0.100245 0.193944 -0.0476069 -0.113307 -0.220249 0.96884 0 
0.100406 0.193613 -0.0474202 -0.672718 -0.388424 0.629744 0 
0.100322 0.193422 -0.0472048 -0.676068 -0.398368 0.619867 0 
0.10015 0.194368 -0.0469892 0.0598786 -0.21874 0.973944 0 
0.098859 0.195403 -0.0469912 0.281761 -0.149644 0.947743 0 
0.0987614 0.195677 -0.0470647 0.272083 -0.151455 0.95028 0 
0.0971763 0.198916 -0.047036 0.294939 0.26041 0.919346 0 
0.0975951 0.199071 -0.0470134 0.267444 0.253293 0.929686 0 
0.0968658 0.199252 -0.0471366 0.331893 0.255865 0.907954 0 
0.0973266 0.200097 -0.0473213 0.24702 0.22494 0.942541 0 
0.097724 0.200004 -0.04697 0.296212 0.610036 0.734925 0 
0.0976371 0.19976 -0.0472206 0.273903 0.587388 0.761546 0 
0.0970614 0.198608 -0.0472149 0.318005 0.218183 0.922642 0 
0.097787 0.198663 -0.0468825 0.256928 0.207466 0.9439 0 
0.0975006 0.198114 -0.0466466 0.290826 0.132681 0.947531 0 
0.0971831 0.198731 -0.0467791 0.302685 0.193886 0.933161 0 
0.0962999 0.199156 -0.0466071 0.26719 -0.0539397 0.962133 0 
0.0972278 0.19957 -0.0462953 0.325423 0.177377 0.928783 0 
0.0955071 0.200872 -0.0463677 0.850035 -0.00134712 0.526725 0 
0.0977906 0.200898 -0.047265 0.311293 0.397167 0.86334 0 
0.0975981 0.200311 -0.0467465 0.31275 0.765033 0.562949 0 
0.0972212 0.200942 -0.0467514 0.401695 0.263284 0.87711 0 
0.0969767 0.199894 -0.0465235 0.365976 0.290672 0.884065 0 
0.0969692 0.200368 -0.0461053 0.428192 0.0333483 0.903072 0 
0.096467 0.201016 -0.0465618 0.670708 0.247768 0.699115 0 
0.0957512 0.200829 -0.0461712 0.786088 0.0495731 0.616123 0 
0.096076 0.201021 -0.0464312 0.771755 0.165268 0.614069 0 
0.0963726 0.201246 -0.0463942 0.749331 0.219658 0.624702 0 
0.0960548 0.200773 -0.0461025 0.676648 0.0800336 0.731944 0 
0.0962361 0.200787 -0.0460194 0.632243 0.041018 0.773684 0 
0.0967292 0.201265 -0.0469351 0.614229 0.347031 0.708726 0 
0.0966452 0.201074 -0.0467197 0.632829 0.301117 0.713341 0 
0.0965577 0.201023 -0.0465203 0.638937 0.258429 0.724551 0 
0.0968858 0.201171 -0.0465392 0.576531 0.295452 0.761787 0 
0.0973295 0.201338 -0.0470544 0.449249 0.375707 0.810567 0 
0.0971267 0.201172 -0.0465838 0.535448 0.339278 0.773425 0 
0.0967459 0.200853 -0.0461803 0.573514 0.174021 0.800499 0 
0.0966027 0.200578 -0.0460623 0.473125 0.00932923 0.880946 0 
0.0970217 0.200636 -0.0462648 0.337331 -0.0164244 0.941243 0 
0.0962227 0.199968 -0.046334 0.367159 -0.0140723 0.930052 0 
0.0970427 0.199794 -0.0461692 0.347417 0.115806 0.930532 0 
0.0983215 0.198837 -0.0473562 0.217603 0.190903 0.957186 0 
0.0979162 0.198313 -0.046865 0.252557 0.0961511 0.962793 0 
0.0976813 0.200793 -0.0462867 0.473828 0.664699 0.577635 0 
0.0973882 0.200427 -0.0463077 0.420122 0.338909 0.841806 0 
0.0952547 0.204054 -0.0458691 0.910759 0.394709 0.121342 0 
0.0960743 0.204073 -0.0452542 0.915642 0.390072 0.0971758 0 
0.095294 0.201031 -0.0461698 0.860432 -0.039924 0.507999 0 
0.0948085 0.201267 -0.0458716 0.758027 -0.0676039 0.64871 0 
0.0948607 0.201631 -0.045806 0.85974 -0.017601 0.510428 0 
0.0956673 0.201825 -0.0461551 0.940298 0.0373032 0.338302 0 
0.0962397 0.201834 -0.0462026 0.889388 0.114532 0.442573 0 
0.0961452 0.202064 -0.0460351 0.937151 0.0114132 0.348737 0 
0.0959501 0.201328 -0.0462077 0.873208 0.0798922 0.480755 0 
0.0966062 0.201625 -0.0462456 0.790457 0.241659 0.562831 0 
0.0965397 0.201919 -0.0461498 0.83206 0.175407 0.526222 0 
0.0964453 0.202149 -0.0459822 0.917391 0.0770122 0.390465 0 
0.0958381 0.202261 -0.0461198 0.945084 0.00876237 0.326711 0 
0.0957437 0.202491 -0.0459522 0.954728 0.0573601 0.291899 0 
0.0958449 0.202076 -0.0458629 0.95183 0.00369404 0.306605 0 
0.0954401 0.202547 -0.046021 0.962569 0.0826513 0.258126 0 
0.0959843 0.202589 -0.0457717 0.963291 0.0282959 0.266966 0 
0.0956493 0.202721 -0.0457846 0.967234 0.119143 0.224193 0 
0.0955828 0.201828 -0.0454896 0.932595 -0.0565608 0.356465 0 
0.0951322 0.201846 -0.0452313 0.897326 -0.122555 0.424011 0 
0.0961729 0.202225 -0.0458818 0.952186 -0.0186703 0.304948 0 
0.0955653 0.201342 -0.04537 0.845381 -0.148493 0.513109 0 
0.0948847 0.203216 -0.0456428 0.946096 0.296578 0.130172 0 
0.0939178 0.203353 -0.0454805 0.435008 0.641678 -0.631678 0 
0.0948217 0.20337 -0.0455311 0.896759 0.442471 -0.00656485 0 
0.0953457 0.202777 -0.0458534 0.969488 0.126123 0.210204 0 
0.095342 0.203014 -0.0456442 0.973768 0.155752 0.165882 0 
0.0952475 0.203244 -0.0454767 0.961917 0.249195 0.112331 0 
0.0954671 0.202997 -0.0451925 0.98197 0.176251 0.0683422 0 
0.095659 0.203777 -0.0452609 0.909201 0.416339 0.00389102 0 
0.0951838 0.203688 -0.0446898 0.865416 0.448456 -0.223478 0 
0.0958261 0.203262 -0.0448172 0.943688 0.324108 -0.0663836 0 
0.0956657 0.203593 -0.045004 0.888557 0.444985 -0.111599 0 
0.0957317 0.203492 -0.0446496 0.876735 0.450767 -0.167761 0 
0.0957212 0.203914 -0.0446974 0.863073 0.47916 -0.15972 0 
0.0921459 0.209867 -0.0441488 0.357342 0.0843167 0.93016 0 
0.0916607 0.210005 -0.0440756 0.537867 0.384191 0.750398 0 
0.0915662 0.210236 -0.043908 0.545424 0.432692 0.717837 0 
0.0917269 0.209808 -0.0439464 0.624375 0.597448 0.503202 0 
0.0948988 0.20503 -0.0459775 0.8846 0.465791 0.0228197 0 
0.0937467 0.20539 -0.0456892 0.710335 0.293434 -0.639782 0 
0.0945565 0.20554 -0.0457972 0.927148 0.331424 -0.174802 0 
0.0954919 0.20548 -0.0459037 0.93178 0.296539 0.209405 0 
0.0938638 0.206041 -0.0443691 0.730075 0.268808 -0.628278 0 
0.0934666 0.207224 -0.0451447 0.959073 0.282945 -0.0110238 0 
0.0934352 0.207301 -0.0450888 0.96033 0.27841 0.0159442 0 
0.0938572 0.207412 -0.0448252 0.550954 0.13076 -0.824228 0 
0.094369 0.206633 -0.0436457 0.907136 0.363144 -0.212678 0 
0.0943215 0.204457 -0.0446214 0.699233 0.408299 -0.586827 0 
0.0933689 0.205123 -0.0448197 0.596736 0.232151 -0.768122 0 
0.093955 0.204667 -0.0445785 0.644082 0.344054 -0.683216 0 
0.094402 0.204789 -0.0448527 0.735111 0.374923 -0.56484 0 
0.094318 0.204598 -0.0446373 0.707475 0.400738 -0.582141 0 
0.0942446 0.205173 -0.0445734 0.655947 0.248154 -0.712849 0 
0.0939688 0.205389 -0.0444889 0.580705 0.207945 -0.787109 0 
0.0940766 0.20479 -0.0441427 0.74688 0.321013 -0.582341 0 
0.0935672 0.204628 -0.0442068 0.611423 0.282563 -0.739135 0 
0.0947962 0.20474 -0.0447424 0.855298 0.417632 -0.306674 0 
0.0948727 0.204218 -0.0443403 0.838307 0.448034 -0.310657 0 
0.0946216 0.204542 -0.0445686 0.801647 0.409659 -0.435363 0 
0.0953127 0.204621 -0.0446464 0.877893 0.439682 -0.189695 0 
0.0948794 0.204034 -0.0440834 0.844878 0.424773 -0.325192 0 
0.0955008 0.204451 -0.0443064 0.872887 0.451899 -0.183998 0 
0.0945234 0.205009 -0.0441918 0.826843 0.326013 -0.458308 0 
0.0935745 0.205438 -0.0445992 0.673235 0.233828 -0.701483 0 
0.0938502 0.207693 -0.0448571 0.537606 0.127443 -0.833509 0 
0.094348 0.207476 -0.0437413 0.890716 0.394396 0.226002 0 
0.0940442 0.208816 -0.0437842 0.636199 0.192554 0.74711 0 
0.0941277 0.208013 -0.0433502 0.512694 0.123453 -0.849649 0 
0.0927253 0.209595 -0.0441645 0.568237 0.193475 0.799797 0 
0.0930566 0.209699 -0.0439425 0.572017 0.190672 0.797773 0 
0.0936045 0.209504 -0.0439023 0.610062 0.126168 0.782244 0 
0.0935555 0.209095 -0.0437269 0.602303 0.135332 0.786712 0 
0.0935273 0.209128 -0.0434301 0.602303 0.135332 0.786712 0 
0.0941592 0.209124 -0.0436053 0.619263 0.165036 0.767644 0 
0.0937574 0.209647 -0.0432974 0.609512 0.152002 0.778068 0 
0.0939665 0.209822 -0.043061 0.601684 0.188313 0.776218 0 
0.0934567 0.208569 -0.0427009 0.66625 0.262366 0.698051 0 
0.0941269 0.209491 -0.0428743 0.609094 0.145165 0.7797 0 
0.0940429 0.2093 -0.0426589 0.587236 0.154694 0.794496 0 
0.0945871 0.209342 -0.0424096 0.581344 0.221686 0.782876 0 
0.0912344 0.210324 -0.04368 0.559127 0.455647 0.69265 0 
0.0914473 0.210262 -0.0436528 0.53887 0.446018 0.714624 0 
0.0913843 0.210415 -0.043541 0.559127 0.455647 0.69265 0 
0.0911399 0.210555 -0.0435124 0.566174 0.502332 0.653536 0 
0.0906828 0.210757 -0.043511 0.593255 0.529028 0.606777 0 
0.0904279 0.211318 -0.0435302 0.561078 0.530749 0.635214 0 
0.0911015 0.210912 -0.0434884 0.576971 0.506322 0.640892 0 
0.0909444 0.211199 -0.0434341 0.579138 0.521731 0.626415 0 
0.0905678 0.210449 -0.0436899 0.569456 0.53566 0.623529 0 
0.0910665 0.209942 -0.0432493 0.538668 0.435907 0.720987 0 
0.0913948 0.209994 -0.0434932 0.543837 0.377256 0.749613 0 
0.0915512 0.209997 -0.0428723 0.575397 0.474745 0.665985 0 
0.0914709 0.209568 -0.0428661 0.531359 0.314347 0.786666 0 
0.0914672 0.209805 -0.042657 0.548122 0.381231 0.744464 0 
0.0915302 0.21084 -0.0429679 0.562691 0.465848 0.682909 0 
0.0913412 0.210112 -0.0424335 0.552018 0.369641 0.747423 0 
0.0884911 0.212726 -0.0438708 0.840497 0.541774 0.00678915 0 
0.0892129 0.213019 -0.0433293 0.820301 0.571891 0.00682447 0 
0.0895794 0.21281 -0.0433723 0.777741 0.628547 0.00690711 0 
0.0894849 0.21304 -0.0432047 0.802456 0.596698 -0.00411516 0 
0.089464 0.212695 -0.043101 0.790824 0.612029 0.00412604 0 
0.0895719 0.212096 -0.0427548 0.76856 0.620586 0.155524 0 
0.0905386 0.212056 -0.042692 0.654638 0.567129 0.499814 0 
0.0909051 0.211847 -0.042735 0.630144 0.549053 0.549053 0 
0.0900434 0.212423 -0.0431167 0.654389 0.607527 0.450206 0 
0.0900501 0.212239 -0.0428598 0.695992 0.607142 0.383372 0 
0.0899242 0.212546 -0.0426364 0.777578 0.608473 0.158535 0 
0.0905733 0.211936 -0.0425069 0.651295 0.57388 0.496465 0 
0.0909713 0.21165 -0.0426057 0.651738 0.564166 0.506907 0 
0.0900216 0.212368 -0.0423379 0.769635 0.61843 0.158766 0 
0.0885283 0.212852 -0.0427695 0.831446 0.55289 -0.054867 0 
0.0884933 0.213069 -0.0427296 0.816349 0.576329 -0.0376777 0 
0.0893591 0.213347 -0.0429812 0.824239 0.56624 0.00135789 0 
0.0894255 0.213053 -0.043077 0.802456 0.596698 -0.00411516 0 
0.0895509 0.212939 -0.0428503 0.802456 0.596698 -0.00411516 0 
0.0892681 0.213436 -0.0427977 0.838034 0.545602 0.00406156 0 
0.0897571 0.213061 -0.04308 0.80116 0.597735 0.0292597 0 
0.0896032 0.213304 -0.0427848 0.825507 0.564391 -0.00135998 0 
0.0898297 0.212776 -0.0424688 0.791571 0.61072 -0.0208674 0 
0.0896446 0.212999 -0.0423427 0.820314 0.571899 -0.00409474 0 
0.0893687 0.213215 -0.0422583 0.841354 0.539187 -0.0374243 0 
0.0899097 0.213301 -0.04225 0.82622 0.563145 0.015072 0 
0.0896618 0.213581 -0.0422373 0.842882 0.538096 0.00134861 0 
0.0891798 0.213676 -0.0419231 0.82927 0.558767 -0.00956324 0 
0.0882834 0.214372 -0.04249 0.799704 0.600124 -0.0180176 0 
0.0879761 0.214665 -0.0423496 0.793899 0.60759 -0.0236362 0 
0.0889947 0.213899 -0.0417971 0.821545 0.569401 -0.0290935 0 
0.0889213 0.214474 -0.0417331 0.797909 0.601587 -0.0378621 0 
0.0886559 0.214269 -0.0416009 0.798367 0.598418 -0.0671257 0 
0.0877146 0.215411 -0.0426257 0.771087 0.633751 -0.0615153 0 
0.088147 0.215101 -0.0423143 0.788411 0.614145 -0.0351342 0 
0.0879866 0.215431 -0.042501 0.785661 0.618202 -0.0237233 0 
0.0880945 0.214833 -0.0421548 0.787347 0.614272 -0.0524898 0 
0.0876201 0.215641 -0.0424581 0.77086 0.632018 -0.0795447 0 
0.0881993 0.215465 -0.0422487 0.790666 0.611542 -0.0293876 0 
0.0878922 0.215662 -0.0423335 0.780077 0.623206 -0.0556179 0 
0.0883562 0.215275 -0.0420779 0.787175 0.615376 -0.0408373 0 
0.0882617 0.215505 -0.0419103 0.783836 0.617611 -0.0644837 0 
0.0883874 0.215295 -0.0419088 0.783695 0.618106 -0.0613823 0 
0.0885058 0.215462 -0.0417139 0.763955 0.633415 -0.123123 0 
0.088195 0.214708 -0.0413903 0.764611 0.629944 -0.136164 0 
0.0886454 0.21469 -0.0416486 0.787294 0.611055 -0.0823408 0 
0.088551 0.21492 -0.041481 0.779487 0.619218 -0.094704 0 
0.0884565 0.215151 -0.0413135 0.773664 0.623352 -0.113471 0 
0.0891064 0.214251 -0.0418592 0.81037 0.58519 -0.02919 0 
0.0888887 0.214937 -0.040777 0.77392 0.623558 -0.11056 0 
0.0918795 0.210048 -0.0431163 0.584169 0.510096 0.631307 0 
0.0915722 0.210341 -0.042976 0.557148 0.399371 0.728072 0 
0.0915896 0.209639 -0.0428963 0.578691 0.44194 0.685424 0 
0.0915092 0.210495 -0.0428642 0.560574 0.421671 0.712706 0 
0.0913833 0.210802 -0.0426408 0.580892 0.460361 0.671291 0 
0.0914323 0.21121 -0.0428163 0.607023 0.479229 0.633927 0 
0.0912329 0.210905 -0.0423297 0.60144 0.457362 0.65505 0 
0.0911944 0.211262 -0.0423056 0.628932 0.504157 0.591837 0 
0.0868338 0.217269 -0.0417367 0.619047 0.655755 -0.432165 0 
0.0864988 0.217402 -0.0417496 0.601629 0.645201 -0.470913 0 
0.0876685 0.216243 -0.0421834 0.749604 0.652022 -0.113845 0 
0.0875741 0.216473 -0.0420158 0.743479 0.65336 -0.142688 0 
0.0880593 0.216334 -0.042089 0.76895 0.631271 -0.101062 0 
0.0872356 0.216746 -0.0420446 0.714775 0.66826 -0.206215 0 
0.0839848 0.219425 -0.0409334 0.56928 0.626715 -0.532117 0 
0.0845886 0.219357 -0.0410367 0.540454 0.644841 -0.540454 0 
0.0845849 0.219594 -0.0408277 0.540638 0.641692 -0.544006 0 
0.0851823 0.218426 -0.0412138 0.557759 0.635272 -0.534168 0 
0.0835448 0.220209 -0.0408264 0.573091 0.617045 -0.53928 0 
0.0839915 0.220428 -0.0408757 0.566135 0.623593 -0.539095 0 
0.0841729 0.220442 -0.0407926 0.566135 0.623593 -0.539095 0 
0.0835588 0.220835 -0.0409619 0.571733 0.622329 -0.534629 0 
0.0834958 0.220988 -0.0408502 0.571733 0.622329 -0.534629 0 
0.0834159 0.220463 -0.0410691 0.569619 0.620326 -0.539194 0 
0.0832929 0.220823 -0.0403796 0.573235 0.613818 -0.542798 0 
0.0838656 0.220735 -0.0406522 0.569619 0.620326 -0.539194 0 
0.0841659 0.220723 -0.0408244 0.559298 0.626887 -0.542401 0 
0.083625 0.220637 -0.0408327 0.569619 0.620326 -0.539194 0 
0.0841134 0.220455 -0.0406649 0.566135 0.623593 -0.539095 0 
0.0835305 0.220868 -0.0406651 0.575198 0.619054 -0.534714 0 
0.0836839 0.220818 -0.0405102 0.56629 0.620383 -0.542624 0 
0.0846673 0.220365 -0.0396927 0.569619 0.620326 -0.539194 0 
0.0846848 0.220851 -0.0398122 0.563083 0.617193 -0.549555 0 
0.0850338 0.220156 -0.0397356 0.54593 0.623678 -0.559451 0 
0.0828949 0.221109 -0.0402808 0.571896 0.619132 -0.538155 0 
0.082654 0.221108 -0.0402362 0.565966 0.626787 -0.535556 0 
0.0833521 0.220907 -0.0402822 0.575355 0.615849 -0.538235 0 
0.082699 0.22185 -0.0399774 0.527511 0.652226 -0.544365 0 
0.0844897 0.221302 -0.0401841 0.55972 0.617214 -0.552956 0 
0.0844986 0.221461 -0.038786 0.56928 0.626715 -0.532117 0 
0.0831584 0.221991 -0.0388376 0.517082 0.655195 -0.550768 0 
0.082607 0.222327 -0.0388937 0.527511 0.652226 -0.544365 0 
0.0822405 0.222536 -0.0388508 0.53332 0.651088 -0.54005 0 
0.0820553 0.222759 -0.0387247 0.527511 0.652226 -0.544365 0 
0.0816888 0.222969 -0.0386818 0.527697 0.649084 -0.547928 0 
0.0818664 0.22322 -0.0383895 0.539354 0.660331 -0.522552 0 
0.0813425 0.223813 -0.0380673 0.57131 0.665132 -0.480838 0 
0.0853959 0.216886 -0.0416626 0.578117 0.625311 -0.524182 0 
0.0854447 0.217391 -0.041613 0.574648 0.628574 -0.524093 0 
0.0856922 0.217208 -0.0414006 0.578117 0.625311 -0.524182 0 
0.0857552 0.217054 -0.0415123 0.582177 0.629426 -0.514678 0 
0.0854971 0.216471 -0.0415732 0.596065 0.63972 -0.485247 0 
0.0863203 0.217441 -0.0413667 0.593215 0.636908 -0.492386 0 
0.0859329 0.217305 -0.0412201 0.578117 0.625311 -0.524182 0 
0.0853817 0.217544 -0.0415012 0.574648 0.628574 -0.524093 0 
0.0855978 0.217438 -0.041233 0.57258 0.626629 -0.528666 0 
0.0855873 0.217859 -0.0412808 0.572385 0.629792 -0.525108 0 
0.0855033 0.217668 -0.0410654 0.572385 0.629792 -0.525108 0 
0.0858698 0.217459 -0.0411084 0.578117 0.625311 -0.524182 0 
0.08566 0.217574 -0.0406696 0.57258 0.626629 -0.528666 0 
0.0875256 0.215871 -0.0422905 0.750681 0.6496 -0.120406 0 
0.0879477 0.215983 -0.0420269 0.770562 0.630724 -0.0917682 0 
0.0882817 0.216237 -0.0411138 0.789869 0.609899 -0.064275 0 
0.0883306 0.215458 -0.04109 0.764719 0.630558 -0.132671 0 
0.0883895 0.215638 -0.0407676 0.714398 0.654471 -0.247595 0 
0.0881627 0.216263 -0.0408585 0.711053 0.654042 -0.258133 0 
0.0880473 0.216148 -0.0405873 0.658726 0.665264 -0.35143 0 
0.0879528 0.216378 -0.0404197 0.598411 0.66842 -0.441724 0 
0.0889475 0.216402 -0.0404287 0.699219 0.660993 -0.272361 0 
0.0887343 0.216562 -0.0402309 0.618103 0.671131 -0.409307 0 
0.0868532 0.217006 -0.0402908 0.569768 0.617108 -0.542717 0 
0.0873142 0.216567 -0.0405013 0.556395 0.65389 -0.51269 0 
0.0868667 0.217825 -0.0399762 0.578117 0.625311 -0.524182 0 
0.0867588 0.217237 -0.0401233 0.578117 0.625311 -0.524182 0 
0.0863083 0.217255 -0.039865 0.578117 0.625311 -0.524182 0 
0.0866013 0.21762 -0.0398439 0.578117 0.625311 -0.524182 0 
0.0875645 0.217721 -0.0397971 0.562465 0.630029 -0.53544 0 
0.0891394 0.217182 -0.040497 0.655907 0.678693 -0.330395 0 
0.0879311 0.217511 -0.0398401 0.567882 0.631916 -0.527439 0 
0.0834893 0.218701 -0.0409338 0.569092 0.629885 -0.528563 0 
0.0830041 0.218839 -0.0408606 0.576399 0.616967 -0.535832 0 
0.0858089 0.219239 -0.0398296 0.550281 0.647885 -0.526722 0 
0.0857879 0.218895 -0.0397259 0.567225 0.641284 -0.51673 0 
0.0856934 0.219125 -0.0395584 0.548546 0.639689 -0.538419 0 
0.0856201 0.217228 -0.0393211 0.572385 0.629792 -0.525108 0 
0.0855009 0.217351 -0.0388407 0.567882 0.631916 -0.527439 0 
0.0848667 0.219484 -0.0399801 0.534854 0.642838 -0.548352 0 
0.0848906 0.219881 -0.0396177 0.535556 0.626787 -0.565966 0 
0.0854423 0.219449 -0.0397866 0.540638 0.641692 -0.544006 0 
0.0847018 0.220342 -0.0392825 0.568722 0.615975 -0.545096 0 
0.0863747 0.218148 -0.0401599 0.572385 0.629792 -0.525108 0 
0.0860392 0.218474 -0.0397227 0.567882 0.631916 -0.527439 0 
0.087117 0.218979 -0.039272 0.567676 0.635056 -0.523879 0 
0.0875672 0.21787 -0.039106 0.559132 0.630079 -0.538861 0 
0.0844224 0.220698 -0.0392139 0.563083 0.617193 -0.549555 0 
0.084265 0.221082 -0.0389346 0.568425 0.6224 -0.538064 0 
0.0845475 0.220682 -0.0387622 0.563083 0.617193 -0.549555 0 
0.0846937 0.221009 -0.0384141 0.569619 0.620326 -0.539194 0 
0.0841075 0.221466 -0.0386553 0.581376 0.62519 -0.520711 0 
0.0820935 0.222498 -0.0385237 0.530906 0.652256 -0.541018 0 
0.0851119 0.221358 -0.0379414 0.57258 0.626629 -0.528666 0 
