0.0984 0.2191 -0.0678 0.924238 -0.380415 -0.0326817 2 
0.0977 0.2177 -0.066 0.877635 -0.479313 -0.00398321 2 
0.0981 0.2186 -0.0662 0.887728 -0.460352 -0.00395718 2 
0.0981 0.2186 -0.0659 0.880464 -0.474096 -0.003984 2 
0.0984 0.2191 -0.066 0.895208 -0.445632 -0.00394365 2 
0.0984 0.2192 -0.0657 0.889357 -0.457196 -0.0039527 2 
0.0984 0.2192 -0.0666 0.903379 -0.428745 -0.00917802 2 
0.0981 0.2183 -0.0656 0.881059 -0.47299 -0.0039747 2 
0.084 0.2063 -0.0441 0.459905 0.106132 -0.881603 1 
0.0841 0.2059 -0.0436 0.459905 0.106132 -0.881603 1 
0.0841 0.2061 -0.0439 0.459905 0.106132 -0.881603 1 
0.0841 0.2064 -0.0439 0.462132 0.105994 -0.880454 1 
0.0843 0.2063 -0.0436 0.460235 0.0971139 -0.882469 1 
0.0844 0.2058 -0.0434 0.462132 0.105994 -0.880454 1 
0.0844 0.2061 -0.0434 0.451026 0.10257 -0.886597 1 
0.0844 0.2064 -0.0434 0.451026 0.10257 -0.886597 1 
0.0844 0.2064 -0.0433 0.451026 0.10257 -0.886597 1 
0.0838 0.2067 -0.0446 0.46112 0.102941 -0.881346 1 
0.0838 0.2066 -0.0444 0.46112 0.102941 -0.881346 1 
0.084 0.2064 -0.0441 0.459905 0.106132 -0.881603 1 
0.0843 0.2064 -0.0436 0.460235 0.0971139 -0.882469 1 
0.0847 0.2066 -0.0436 0.417394 0.119456 -0.90084 1 
0.0847 0.2076 -0.0434 0.419226 0.125627 -0.899148 1 
0.0853 0.2073 -0.0433 0.354818 0.158476 -0.921406 1 
0.0844 0.2061 -0.0431 0.451026 0.10257 -0.886597 1 
0.0846 0.2061 -0.0428 0.417394 0.119456 -0.90084 1 
0.0846 0.2063 -0.043 0.417394 0.119456 -0.90084 1 
0.085 0.2064 -0.0431 0.386204 0.141842 -0.911442 1 
0.085 0.2063 -0.043 0.386204 0.141842 -0.911442 1 
0.0855 0.2059 -0.0425 0.357551 0.146081 -0.922398 1 
0.0849 0.2061 -0.0428 0.398181 0.133665 -0.907516 1 
0.0853 0.2061 -0.0428 0.357551 0.146081 -0.922398 1 
0.0855 0.2063 -0.0427 0.354818 0.158476 -0.921406 1 
0.0853 0.2064 -0.0428 0.354818 0.158476 -0.921406 1 
0.0855 0.2078 -0.0428 0.310007 0.136728 -0.940851 1 
0.0858 0.2079 -0.0428 0.292033 0.109678 -0.950099 1 
0.0862 0.2078 -0.0425 0.365263 0.0245229 -0.930581 1 
0.0859 0.2075 -0.0424 0.291385 0.106797 -0.950626 1 
0.0859 0.2075 -0.0421 0.355742 0.0648006 -0.932335 1 
0.0873 0.2055 -0.0424 0.327436 0.100236 -0.939542 1 
0.0876 0.2052 -0.0424 0.338865 0.0863773 -0.936862 1 
0.0874 0.2061 -0.0419 0.257186 0.478952 -0.839321 1 
0.0874 0.2061 -0.0416 0.323651 0.436226 -0.839617 1 
0.088 0.2053 -0.0422 -0.244607 0.913298 -0.325661 1 
0.0865 0.2076 -0.0424 -0.0679041 0.729608 -0.680486 1 
0.0871 0.2072 -0.0421 0.251485 0.420145 -0.871914 1 
0.0865 0.2067 -0.0419 -0.178794 0.891061 -0.417185 1 
0.0865 0.207 -0.0418 0.249026 0.518159 -0.818228 1 
0.0873 0.2072 -0.0422 -0.53191 0.811046 0.243469 1 
0.0876 0.2069 -0.0421 -0.529077 0.815982 0.232917 1 
0.0877 0.2066 -0.0419 -0.526201 0.82075 0.222446 1 
0.0868 0.2073 -0.0422 0.214583 0.457678 -0.862835 1 
0.0868 0.2079 -0.0424 0.049346 0.579463 -0.813504 1 
0.0882 0.2067 -0.0419 -0.523524 0.827016 0.204857 1 
0.0895 0.2067 -0.0422 -0.542419 0.814392 0.206272 1 
0.088 0.2073 -0.0419 -0.526471 0.822515 0.215166 1 
0.0889 0.2078 -0.0416 -0.546737 0.816319 0.186284 1 
0.0855 0.2082 -0.0424 0.2965 0.115675 -0.948002 1 
0.0859 0.2082 -0.0424 -0.31412 0.888254 -0.335162 1 
0.0859 0.2087 -0.0421 -0.138972 0.781532 -0.60819 1 
0.0862 0.2088 -0.0422 -0.0923866 0.720029 -0.687767 1 
0.0862 0.2088 -0.0421 -0.0325045 0.6939 -0.719338 1 
0.0865 0.2082 -0.0422 0.109304 0.561092 -0.820505 1 
0.0865 0.2088 -0.0418 -0.485027 0.869655 0.0919148 1 
0.0873 0.2087 -0.0422 -0.545083 0.741509 0.391216 1 
0.0874 0.2082 -0.0419 -0.544445 0.785715 0.293651 1 
0.0873 0.2085 -0.0418 -0.545903 0.791324 0.275311 1 
0.0871 0.2091 -0.0418 -0.559607 0.733561 0.385653 1 
0.0874 0.2064 -0.0416 0.300279 0.417311 -0.85772 1 
0.0879 0.2061 -0.0415 0.306648 0.411432 -0.858307 1 
0.0894 0.2079 -0.0412 -0.576518 0.793668 0.194212 1 
0.0873 0.2091 -0.0415 -0.550187 0.796446 0.250935 1 
0.0876 0.2093 -0.0415 -0.561786 0.761388 0.32355 1 
0.0879 0.2093 -0.0415 -0.558334 0.784813 0.268944 1 
0.0885 0.2091 -0.0416 -0.558441 0.801509 0.213838 1 
0.0886 0.2093 -0.0409 -0.561934 0.807306 0.180243 1 
0.0888 0.2094 -0.0412 -0.564491 0.808351 0.167089 1 
0.088 0.2102 -0.041 -0.577179 0.775338 0.256349 1 
0.0898 0.2069 -0.0416 -0.557066 0.802605 0.213312 1 
0.09 0.2079 -0.0422 -0.561857 0.808894 0.173227 1 
0.0897 0.2081 -0.0418 -0.561204 0.812624 0.157137 1 
0.0901 0.2088 -0.0418 -0.589878 0.78293 0.197648 1 
0.0901 0.2093 -0.0418 -0.606766 0.765053 0.215705 1 
0.0897 0.2084 -0.0416 -0.573514 0.800499 0.174021 1 
0.0847 0.2171 -0.0477 -0.463777 0.121296 0.877609 1 
0.0847 0.2172 -0.0478 -0.463777 0.121296 0.877609 1 
0.0846 0.2175 -0.0478 -0.539109 0.0150132 0.842102 1 
0.0847 0.2174 -0.0475 -0.460109 0.127569 0.87865 1 
0.0852 0.2165 -0.0478 -0.327367 0.153324 0.932375 1 
0.0853 0.2162 -0.0474 -0.210356 0.207676 0.955312 1 
0.085 0.2165 -0.0475 -0.327367 0.153324 0.932375 1 
0.085 0.2166 -0.0472 -0.327367 0.153324 0.932375 1 
0.0853 0.2168 -0.0472 -0.327367 0.153324 0.932375 1 
0.085 0.2169 -0.0475 -0.449384 0.0876507 0.889028 1 
0.0852 0.2171 -0.0475 -0.449384 0.0876507 0.889028 1 
0.0853 0.2171 -0.0472 -0.323228 0.152674 0.933924 1 
0.0856 0.2171 -0.0474 -0.320626 0.155497 0.934355 1 
0.0852 0.2174 -0.0475 -0.447385 0.108671 0.887714 1 
0.0856 0.2175 -0.0475 -0.447792 0.0996653 0.888566 1 
0.0859 0.2174 -0.0472 -0.323228 0.152674 0.933924 1 
0.0853 0.2162 -0.0471 -0.213461 0.208091 0.954533 1 
0.0852 0.2165 -0.0471 -0.335737 0.150598 0.929839 1 
0.0853 0.2168 -0.047 -0.330539 0.15628 0.930764 1 
0.0856 0.2168 -0.0471 -0.263006 0.183968 0.947092 1 
0.0859 0.2168 -0.0472 -0.185168 0.219803 0.95781 1 
0.0861 0.2172 -0.0471 -0.22194 0.203109 0.953671 1 
0.0861 0.2174 -0.047 -0.323228 0.152674 0.933924 1 
0.0865 0.2156 -0.0472 -0.78372 -0.549395 0.289739 1 
0.0865 0.2162 -0.047 -0.803792 -0.531161 0.267931 1 
0.0844 0.2177 -0.0481 -0.4879 0.00668357 0.872874 1 
0.0841 0.2181 -0.0483 -0.4879 0.00668357 0.872874 1 
0.0838 0.2188 -0.0484 -0.4879 0.00668357 0.872874 1 
0.0838 0.2188 -0.0483 -0.4879 0.00668357 0.872874 1 
0.0843 0.2184 -0.0482 -0.4879 0.00668357 0.872874 1 
0.0841 0.2189 -0.0481 -0.4879 0.00668357 0.872874 1 
0.0843 0.2189 -0.0482 -0.4879 0.00668357 0.872874 1 
0.0847 0.2177 -0.0478 -0.539109 0.0150132 0.842102 1 
0.0843 0.218 -0.048 -0.4879 0.00668357 0.872874 1 
0.0844 0.2183 -0.048 -0.4879 0.00668357 0.872874 1 
0.0843 0.2188 -0.0478 -0.4879 0.00668357 0.872874 1 
0.0849 0.2177 -0.0477 -0.539109 0.0150132 0.842102 1 
0.0849 0.218 -0.0478 -0.4879 0.00668357 0.872874 1 
0.085 0.2183 -0.0478 -0.4879 0.00668357 0.872874 1 
0.0852 0.2183 -0.0477 -0.4879 0.00668357 0.872874 1 
0.0856 0.218 -0.0478 -0.4879 0.00668357 0.872874 1 
0.085 0.2178 -0.0475 -0.539109 0.0150132 0.842102 1 
0.0853 0.2178 -0.0472 -0.469608 0.0794292 0.879295 1 
0.0855 0.218 -0.0474 -0.539109 0.0150132 0.842102 1 
0.0852 0.2181 -0.0475 -0.4879 0.00668357 0.872874 1 
0.0852 0.2183 -0.0474 -0.4879 0.00668357 0.872874 1 
0.0855 0.2181 -0.0475 -0.4879 0.00668357 0.872874 1 
0.0853 0.2183 -0.0475 -0.4879 0.00668357 0.872874 1 
0.0858 0.2177 -0.0472 -0.310946 0.16722 0.935602 1 
0.0856 0.218 -0.0471 -0.469608 0.0794292 0.879295 1 
0.0861 0.2181 -0.0471 -0.469608 0.0794292 0.879295 1 
0.0951 0.2142 -0.0514 0.567307 -0.786104 0.245364 1 
0.0945 0.2141 -0.0508 0.702588 -0.708359 0.0678062 1 
0.0945 0.2142 -0.0505 0.696518 -0.711181 0.0953129 1 
0.0951 0.2135 -0.0502 0.701717 -0.689433 0.179652 1 
0.0951 0.2135 -0.0499 0.698278 -0.692139 0.182626 1 
0.0948 0.2138 -0.0504 0.700481 -0.70638 0.101754 1 
0.0948 0.2141 -0.0504 0.700481 -0.70638 0.101754 1 
0.0948 0.2144 -0.0502 0.70919 -0.700453 0.0800934 1 
0.0951 0.2141 -0.0499 0.693797 -0.705836 0.142973 1 
0.0954 0.2144 -0.0501 0.690445 -0.705619 0.159333 1 
0.0953 0.2138 -0.0499 0.686841 -0.705197 0.175917 1 
0.0944 0.215 -0.0505 0.717644 -0.694817 0.047082 1 
0.0942 0.2153 -0.0507 0.722184 -0.691689 -0.00415845 1 
0.0939 0.2159 -0.0505 0.727629 -0.685731 0.0181558 1 
0.0942 0.2157 -0.0496 0.677491 -0.714195 0.175872 1 
0.0947 0.2145 -0.051 0.712082 -0.700712 0.044061 1 
0.0945 0.2151 -0.051 0.713976 -0.700058 -0.0125259 1 
0.0945 0.2145 -0.0507 0.705324 -0.705324 0.0709669 1 
0.0945 0.2156 -0.0511 0.731524 -0.680189 -0.0470571 1 
0.0945 0.2154 -0.0505 0.720605 -0.692291 0.0382247 1 
0.0947 0.2144 -0.0504 0.711481 -0.699982 0.0618054 1 
0.095 0.2147 -0.0502 0.713673 -0.696231 0.0770359 1 
0.0945 0.2148 -0.0504 0.717644 -0.694817 0.047082 1 
0.0953 0.2147 -0.0504 0.704203 -0.701238 0.11119 1 
0.0957 0.2148 -0.0501 0.713247 -0.692573 0.107799 1 
0.096 0.2151 -0.0501 0.722064 -0.687196 0.0799065 1 
0.0956 0.2157 -0.0502 0.720498 -0.688476 0.0829664 1 
0.0956 0.2159 -0.0498 0.721943 -0.68694 0.0831329 1 
0.0951 0.2162 -0.0502 0.72422 -0.686785 0.0619114 1 
0.0948 0.2162 -0.0496 0.718218 -0.692206 0.0708102 1 
0.0948 0.2165 -0.0498 0.715519 -0.695282 0.0679382 1 
0.0956 0.2165 -0.0499 0.73697 -0.674491 0.0440194 1 
0.0951 0.2168 -0.0498 0.728773 -0.683136 0.0470636 1 
0.0948 0.2156 -0.0494 0.693095 -0.705175 0.149491 1 
0.0954 0.2165 -0.0496 0.731408 -0.67988 0.0529591 1 
0.095 0.2171 -0.0494 0.745984 -0.627623 -0.222705 1 
0.0947 0.2172 -0.0493 0.66394 -0.463253 -0.58701 1 
0.0953 0.2171 -0.0494 0.217224 0.115599 -0.969253 1 
0.0959 0.2174 -0.0495 0.166761 0.214032 -0.962487 1 
0.0957 0.2172 -0.0494 0.175995 0.168287 -0.9699 1 
0.0968 0.2132 -0.0499 0.765741 -0.198754 -0.611668 1 
0.0966 0.215 -0.0498 0.735225 -0.670654 0.0983235 1 
0.096 0.2157 -0.0498 0.735007 -0.674358 0.070757 1 
0.0969 0.2156 -0.0498 0.488474 -0.0769802 -0.869176 1 
0.096 0.2163 -0.0496 0.743494 -0.668729 0.0041536 1 
0.0971 0.2168 -0.0496 0.14911 0.211347 -0.96597 1 
0.0969 0.2171 -0.0496 0.137829 0.212541 -0.967383 1 
0.0975 0.2171 -0.0498 0.123375 0.20732 -0.970462 1 
0.0981 0.2169 -0.0499 0.123375 0.20732 -0.970462 1 
0.0966 0.2166 -0.0494 0.182997 0.177806 -0.966901 1 
0.0969 0.2168 -0.0495 0.164658 0.225252 -0.960286 1 
0.0971 0.2169 -0.0495 0.137829 0.212541 -0.967383 1 
0.0972 0.2171 -0.0496 0.123375 0.20732 -0.970462 1 
0.0975 0.2171 -0.0494 0.123375 0.20732 -0.970462 1 
0.0975 0.2174 -0.0494 0.123375 0.20732 -0.970462 1 
0.0978 0.2171 -0.0495 0.123375 0.20732 -0.970462 1 
0.0984 0.2169 -0.0496 0.123375 0.20732 -0.970462 1 
0.0978 0.2177 -0.0492 0.123375 0.20732 -0.970462 1 
0.0983 0.2184 -0.0494 0.023544 0.286245 -0.957867 1 
0.0983 0.2184 -0.049 -0.00122546 0.297786 -0.954632 1 
0.0984 0.2184 -0.0494 -0.00122546 0.297786 -0.954632 1 
0.0984 0.2184 -0.049 -0.0235047 0.283294 -0.958745 1 
0.0963 0.2046 -0.0523 0.240698 -0.662314 0.70951 1 
0.0941 0.2049 -0.0525 -0.0627628 -0.500708 0.863338 1 
0.0936 0.2052 -0.052 -0.074117 -0.485257 0.871225 1 
0.0944 0.205 -0.052 -0.0627628 -0.500708 0.863338 1 
0.0941 0.2052 -0.0518 -0.074117 -0.485257 0.871225 1 
0.0954 0.205 -0.0523 0.116175 -0.598522 0.792638 1 
0.096 0.205 -0.052 0.182656 -0.649272 0.738297 1 
0.0957 0.2055 -0.052 0.0724593 -0.546997 0.833993 1 
0.0951 0.2056 -0.052 0.0456994 -0.522081 0.851671 1 
0.0939 0.2079 -0.0517 0.124961 -0.193122 0.973185 1 
0.0939 0.207 -0.0511 -0.138527 -0.382 0.913721 1 
0.0939 0.2073 -0.0508 -0.118032 -0.335102 0.934759 1 
0.0939 0.2076 -0.0507 -0.126541 -0.286382 0.949723 1 
0.095 0.2079 -0.051 0.208392 -0.169073 0.963321 1 
0.0956 0.2073 -0.0508 0.190467 -0.149562 0.970234 1 
0.0953 0.2075 -0.0505 0.0979695 -0.240471 0.9657 1 
0.096 0.2075 -0.0507 0.248021 -0.135165 0.959279 1 
0.0953 0.2076 -0.0507 0.182021 -0.221879 0.957934 1 
0.0951 0.2079 -0.0502 -0.00118309 -0.2378 0.971313 1 
0.0948 0.2081 -0.0507 0.203606 -0.177334 0.962859 1 
0.0948 0.2082 -0.0505 0.0365305 -0.187366 0.981611 1 
0.0951 0.2084 -0.0505 0.333142 -0.153439 0.930308 1 
0.0962 0.2073 -0.0507 0.291987 -0.141284 0.945929 1 
0.0916 0.2028 -0.0537 -0.0790698 -0.593742 0.800761 1 
0.0918 0.2029 -0.0537 -0.0757561 -0.564597 0.821882 1 
0.0921 0.2031 -0.0537 -0.0871056 -0.538341 0.838213 1 
0.0912 0.2044 -0.0529 -0.118463 -0.469569 0.874912 1 
0.0915 0.2041 -0.0543 -0.0959524 -0.528454 0.843522 1 
0.0916 0.2043 -0.0537 -0.0774882 -0.502969 0.860824 1 
0.0921 0.2043 -0.0537 -0.0774882 -0.502969 0.860824 1 
0.0915 0.2034 -0.0534 -0.0928038 -0.523985 0.846657 1 
0.0915 0.2035 -0.0531 -0.0898883 -0.520781 0.848945 1 
0.0921 0.2035 -0.0535 -0.0774882 -0.502969 0.860824 1 
0.0925 0.2034 -0.0535 -0.0746545 -0.508496 0.857822 1 
0.0912 0.2041 -0.0529 -0.0799563 -0.489557 0.868298 1 
0.0912 0.2047 -0.0528 -0.118463 -0.469569 0.874912 1 
0.0909 0.2046 -0.0525 -0.090745 -0.453725 0.886509 1 
0.0915 0.2043 -0.0523 -0.118463 -0.469569 0.874912 1 
0.0913 0.2049 -0.0535 -0.118463 -0.469569 0.874912 1 
0.0897 0.2052 -0.0523 -0.123978 -0.448886 0.884947 1 
0.0909 0.205 -0.0525 -0.090745 -0.453725 0.886509 1 
0.0907 0.2055 -0.0526 -0.0818193 -0.4507 0.888918 1 
0.0906 0.2055 -0.0522 -0.0910794 -0.458199 0.884171 1 
0.0912 0.2055 -0.0523 -0.0711611 -0.484175 0.872073 1 
0.0906 0.2055 -0.052 -0.0910794 -0.458199 0.884171 1 
0.0907 0.2055 -0.0517 -0.148934 -0.455479 0.8777 1 
0.0909 0.2055 -0.0518 -0.0653573 -0.485313 0.871894 1 
0.0909 0.2056 -0.052 -0.0653573 -0.485313 0.871894 1 
0.0918 0.2055 -0.052 -0.074117 -0.485257 0.871225 1 
0.0924 0.2056 -0.0522 -0.074117 -0.485257 0.871225 1 
0.0927 0.2049 -0.0518 -0.074117 -0.485257 0.871225 1 
0.0913 0.2058 -0.0517 -0.0711611 -0.484175 0.872073 1 
0.0912 0.2056 -0.0516 -0.0623518 -0.486344 0.87154 1 
0.0916 0.2061 -0.0514 -0.074117 -0.485257 0.871225 1 
0.0921 0.2056 -0.0519 -0.074117 -0.485257 0.871225 1 
0.0925 0.2056 -0.052 -0.074117 -0.485257 0.871225 1 
0.0921 0.2059 -0.0516 -0.074117 -0.485257 0.871225 1 
0.09 0.2072 -0.0518 -0.557861 -0.1186 0.821417 1 
0.0904 0.2076 -0.0518 -0.549555 -0.0576259 0.833468 1 
0.0915 0.2072 -0.0513 -0.20546 -0.318817 0.925279 1 
0.0915 0.2076 -0.0516 -0.343841 -0.217239 0.913554 1 
0.0928 0.2058 -0.0516 -0.074117 -0.485257 0.871225 1 
0.0909 0.2091 -0.0513 -0.738307 -0.0125137 0.674348 1 
0.0921 0.209 -0.0513 -0.576969 0.0179012 0.81657 1 
0.091 0.2075 -0.0511 -0.315575 -0.283284 0.905628 1 
0.0909 0.2079 -0.0511 -0.435498 -0.209574 0.875454 1 
0.0916 0.2078 -0.0511 -0.338857 -0.242871 0.90895 1 
0.0921 0.2088 -0.051 -0.372769 -0.0793985 0.924521 1 
0.0874 0.212 -0.0459 0.189385 0.737525 0.648221 1 
0.0867 0.2124 -0.0463 0.216487 0.492016 0.84324 1 
0.0871 0.2124 -0.0459 0.330332 0.685073 0.649273 1 
0.0877 0.212 -0.0458 0.194772 0.771419 0.605786 1 
0.0876 0.2124 -0.0456 0.288309 0.753426 0.590954 1 
0.0879 0.2127 -0.0456 0.384881 0.774633 0.501807 1 
0.0883 0.2115 -0.0457 -0.252779 0.767757 0.588771 1 
0.088 0.2124 -0.0458 0.329637 0.797816 0.504806 1 
0.0885 0.2126 -0.0459 0.300873 0.814406 0.496205 1 
0.0894 0.2126 -0.0463 0.350327 0.859614 0.371934 1 
0.0883 0.2118 -0.0452 -0.313577 0.741327 0.593383 1 
0.0882 0.2123 -0.0456 0.244236 0.794933 0.555364 1 
0.0871 0.213 -0.046 0.336435 0.625737 0.703751 1 
0.0865 0.2129 -0.046 0.14367 0.416784 0.89758 1 
0.0865 0.2132 -0.046 0.129807 0.383838 0.914231 1 
0.0867 0.213 -0.0458 0.157409 0.431791 0.888132 1 
0.0876 0.213 -0.0462 0.336891 0.652625 0.678665 1 
0.0879 0.213 -0.0462 0.35528 0.6991 0.620512 1 
0.0874 0.2129 -0.0459 0.326105 0.663567 0.673301 1 
0.0876 0.213 -0.046 0.341305 0.664647 0.664647 1 
0.0879 0.2129 -0.0458 0.381231 0.734646 0.561211 1 
0.0891 0.2132 -0.0462 0.369399 0.804362 0.465346 1 
0.0894 0.2133 -0.0463 0.403411 0.827388 0.390755 1 
0.0894 0.2132 -0.046 0.326049 0.843983 0.425892 1 
0.0889 0.213 -0.0459 0.332212 0.809072 0.484807 1 
0.0892 0.2129 -0.046 0.275031 0.85275 0.444045 1 
0.0894 0.2129 -0.0459 0.291084 0.85477 0.429695 1 
0.0883 0.2139 -0.0457 0.42866 0.713331 0.554445 1 
0.0894 0.2141 -0.0464 0.455093 0.757393 0.468237 1 
0.0909 0.2123 -0.0478 0.13926 0.942371 0.304209 1 
0.0907 0.2124 -0.0475 0.257519 0.912229 0.318625 1 
0.0909 0.2123 -0.0472 0.25946 0.904444 0.338617 1 
0.09 0.2126 -0.0466 0.358907 0.86415 0.352746 1 
0.0906 0.2121 -0.0471 0.293444 0.903926 0.311139 1 
0.0904 0.2126 -0.0469 0.319755 0.880462 0.350063 1 
0.0904 0.2129 -0.0474 0.346558 0.864085 0.365041 1 
0.0904 0.2132 -0.0471 0.352746 0.86415 0.358907 1 
0.0904 0.2129 -0.0465 0.358907 0.86415 0.352746 1 
0.0909 0.2133 -0.0465 0.300967 0.878704 0.370538 1 
0.0904 0.2115 -0.0458 0.38112 0.799227 0.464741 1 
0.0898 0.2124 -0.046 0.382832 0.833408 0.398586 1 
0.09 0.2126 -0.046 0.365373 0.842083 0.396735 1 
0.0901 0.212 -0.0459 0.305879 0.846213 0.436304 1 
0.0903 0.2124 -0.0459 0.31793 0.848329 0.423389 1 
0.0901 0.2127 -0.046 0.365373 0.842083 0.396735 1 
0.09 0.2124 -0.0457 0.356726 0.822849 0.442341 1 
0.0904 0.2127 -0.046 0.301769 0.878012 0.371525 1 
0.0907 0.2114 -0.0456 0.473753 0.744469 0.470451 1 
0.0898 0.2124 -0.0456 0.382164 0.807502 0.449323 1 
0.0904 0.2123 -0.0456 0.330913 0.832772 0.443832 1 
0.0898 0.2132 -0.046 0.34097 0.859368 0.381084 1 
0.0901 0.213 -0.0463 0.352195 0.865876 0.355271 1 
0.0898 0.2129 -0.0459 0.346025 0.854977 0.386369 1 
0.0909 0.213 -0.0463 0.298133 0.888407 0.34907 1 
0.091 0.2166 -0.0577 0.348002 0.40106 0.847376 1 
0.0903 0.2171 -0.0578 0.35751 0.327084 0.874759 1 
0.0907 0.2171 -0.0578 0.369849 0.354374 0.858854 1 
0.0916 0.2162 -0.0577 0.354699 0.456496 0.815966 1 
0.0915 0.2172 -0.0581 0.402193 0.376957 0.834353 1 
0.0915 0.2169 -0.0579 0.391253 0.400757 0.828442 1 
0.0913 0.2174 -0.0578 0.361264 0.373668 0.854319 1 
0.0918 0.2174 -0.0579 0.415934 0.377978 0.827123 1 
0.0918 0.2174 -0.0577 0.397047 0.39072 0.830477 1 
0.0924 0.2174 -0.0583 0.529902 0.386421 0.754906 1 
0.0924 0.2174 -0.0579 0.498727 0.394758 0.771646 1 
0.0925 0.2172 -0.0578 0.48429 0.419066 0.768015 1 
0.0936 0.2159 -0.059 0.708614 0.518539 0.478523 1 
0.0928 0.2171 -0.0587 0.698335 0.416347 0.582222 1 
0.0938 0.2168 -0.0579 0.656696 0.502179 0.562642 1 
0.0936 0.2171 -0.0581 0.672983 0.488374 0.555504 1 
0.0928 0.2174 -0.0582 0.594949 0.415967 0.687755 1 
0.093 0.2175 -0.0582 0.62152 0.409374 0.667927 1 
0.0934 0.2175 -0.0584 0.694689 0.422782 0.581947 1 
0.0936 0.2175 -0.0581 0.639954 0.449472 0.623245 1 
0.093 0.2171 -0.0579 0.560967 0.451104 0.694134 1 
0.0944 0.2169 -0.0581 0.690358 0.519858 0.503143 1 
0.0939 0.2168 -0.0579 0.66119 0.506408 0.553515 1 
0.0939 0.2175 -0.0577 0.601271 0.467283 0.648167 1 
0.0945 0.2165 -0.0578 0.685629 0.524699 0.504583 1 
0.0948 0.2166 -0.0577 0.681427 0.530743 0.503954 1 
0.0945 0.2168 -0.0579 0.69326 0.519527 0.499481 1 
0.0948 0.2171 -0.0577 0.694494 0.513758 0.503717 1 
0.0947 0.2174 -0.0578 0.703158 0.496052 0.509413 1 
0.0953 0.2169 -0.0577 0.703926 0.537513 0.464292 1 
0.0909 0.2165 -0.0575 0.340261 0.402409 0.849876 1 
0.0903 0.2168 -0.0576 0.346558 0.365041 0.864085 1 
0.0909 0.2171 -0.0575 0.348655 0.379647 0.856917 1 
0.0909 0.2174 -0.0575 0.336335 0.373194 0.864642 1 
0.0918 0.2165 -0.0576 0.368585 0.457939 0.808973 1 
0.0918 0.2168 -0.0575 0.366446 0.439417 0.82014 1 
0.0918 0.2171 -0.0576 0.400771 0.416738 0.815912 1 
0.0921 0.2171 -0.0575 0.425674 0.438622 0.791462 1 
0.0954 0.2175 -0.057 0.612279 0.504329 0.608906 1 
0.0954 0.2174 -0.0567 0.50574 0.495726 0.706033 1 
0.0891 0.2195 -0.0585 -0.0949637 0.0835223 0.991971 1 
0.0889 0.2207 -0.0581 -0.116596 0.100108 0.988121 1 
0.0888 0.2204 -0.0578 -0.111426 0.0996969 0.988759 1 
0.0892 0.2204 -0.0579 -0.122342 0.0803965 0.989226 1 
0.0897 0.2192 -0.0585 -0.110449 0.0649028 0.99176 1 
0.0906 0.2189 -0.0585 -0.0525586 0.00309168 0.998613 1 
0.0912 0.2181 -0.0577 0.301171 0.321942 0.89758 1 
0.0898 0.2191 -0.0583 -0.105248 0.0622432 0.992496 1 
0.0901 0.2189 -0.0581 -0.0342717 0.105026 0.993879 1 
0.0901 0.2192 -0.0581 -0.0976602 0.0594941 0.99344 1 
0.0927 0.2177 -0.0588 0.613621 0.355082 0.705256 1 
0.0922 0.2183 -0.0585 0.350053 0.230948 0.907814 1 
0.0919 0.2191 -0.0589 -0.0351409 -0.0564383 0.997787 1 
0.0913 0.2189 -0.0588 -0.0545284 -0.0438366 0.997549 1 
0.0915 0.2183 -0.0577 0.288183 0.302812 0.908436 1 
0.0918 0.2183 -0.0578 0.315837 0.280581 0.906378 1 
0.0924 0.2177 -0.0583 0.520171 0.352685 0.77784 1 
0.0924 0.218 -0.0583 0.499633 0.321986 0.804172 1 
0.0927 0.218 -0.0584 0.514998 0.326856 0.792428 1 
0.0921 0.2183 -0.0577 0.339321 0.297466 0.892399 1 
0.0924 0.2183 -0.0578 0.356046 0.313624 0.880268 1 
0.0915 0.2192 -0.0583 -0.0773394 -0.0116539 0.996937 1 
0.0915 0.2189 -0.0582 0.00724278 0.0548382 0.998469 1 
0.0924 0.2186 -0.0583 0.258049 0.176986 0.949782 1 
0.0925 0.2186 -0.0582 0.263552 0.187081 0.94633 1 
0.0921 0.2191 -0.0583 -0.0351409 -0.0564383 0.997787 1 
0.0927 0.2186 -0.0577 0.336269 0.279977 0.899186 1 
0.0927 0.2189 -0.0579 0.155689 0.140743 0.977728 1 
0.0897 0.2195 -0.0585 -0.116446 0.0749404 0.990366 1 
0.0912 0.2194 -0.0585 -0.0859424 -0.00318305 0.996295 1 
0.0898 0.2192 -0.0583 -0.105248 0.0622432 0.992496 1 
0.09 0.2195 -0.0583 -0.102777 0.0621183 0.992763 1 
0.0909 0.2192 -0.0584 -0.0789502 -0.00105267 0.996878 1 
0.091 0.2197 -0.0583 -0.0865187 0.0383311 0.995513 1 
0.0907 0.22 -0.0579 -0.0976602 0.0594941 0.99344 1 
0.0898 0.2204 -0.0582 -0.121803 0.0777221 0.989507 1 
0.0898 0.2201 -0.0579 -0.121803 0.0777221 0.989507 1 
0.09 0.2201 -0.0579 -0.116446 0.0749404 0.990366 1 
0.091 0.2204 -0.0581 -0.103661 0.0694869 0.992182 1 
0.0904 0.2201 -0.0578 -0.108638 0.0720443 0.991467 1 
0.0906 0.2207 -0.0579 -0.116446 0.0749404 0.990366 1 
0.0915 0.2204 -0.0585 -0.1075 0.0599737 0.992395 1 
0.0913 0.2204 -0.0585 -0.0976602 0.0594941 0.99344 1 
0.0918 0.2204 -0.0585 -0.109068 0.0483498 0.992858 1 
0.0916 0.2207 -0.0585 -0.103661 0.0694869 0.992182 1 
0.0918 0.2195 -0.0584 -0.0776654 -0.0138308 0.996884 1 
0.0916 0.22 -0.0583 -0.103057 0.0365687 0.994003 1 
0.0918 0.2198 -0.0584 -0.0859424 -0.00318305 0.996295 1 
0.0918 0.22 -0.0584 -0.0905345 0.00532556 0.995879 1 
0.0933 0.218 -0.0584 0.63329 0.376684 0.676057 1 
0.0933 0.218 -0.0581 0.584205 0.364924 0.724938 1 
0.0933 0.2181 -0.0579 0.540417 0.358655 0.761128 1 
0.0936 0.2177 -0.0579 0.58747 0.43769 0.680666 1 
0.0938 0.2178 -0.0578 0.565212 0.429296 0.704443 1 
0.0936 0.2183 -0.0579 0.54189 0.34778 0.765117 1 
0.093 0.2188 -0.0582 0.279163 0.152393 0.948074 1 
0.093 0.2192 -0.0582 -0.0221765 -0.0601932 0.99794 1 
0.0928 0.2186 -0.0579 0.335389 0.242468 0.910343 1 
0.0931 0.2186 -0.0579 0.327196 0.234947 0.915283 1 
0.093 0.2192 -0.0579 -0.0281223 -0.0385379 0.998861 1 
0.0933 0.2189 -0.0577 0.187321 0.169235 0.967611 1 
0.0933 0.2195 -0.0577 -0.0435763 -0.045702 0.998004 1 
0.0933 0.2198 -0.0577 -0.0641378 -0.0157716 0.997816 1 
0.0931 0.2201 -0.0578 -0.0857611 -0.00317634 0.996311 1 
0.091 0.221 -0.0585 -0.116446 0.0749404 0.990366 1 
0.0912 0.2221 -0.0587 -0.144367 0.0692494 0.987098 1 
0.0909 0.2222 -0.0588 -0.168077 0.067946 0.983429 1 
0.0915 0.221 -0.0585 -0.106137 0.0718989 0.991749 1 
0.0918 0.2212 -0.0587 -0.106137 0.0718989 0.991749 1 
0.0915 0.2213 -0.0585 -0.113929 0.0725005 0.99084 1 
0.0913 0.2216 -0.0585 -0.126146 0.0705957 0.989497 1 
0.0916 0.2212 -0.0581 -0.108638 0.0720443 0.991467 1 
0.0915 0.2213 -0.0583 -0.113929 0.0725005 0.99084 1 
0.0915 0.2216 -0.0582 -0.126415 0.0730654 0.989283 1 
0.0918 0.2213 -0.0581 -0.106137 0.0718989 0.991749 1 
0.0913 0.2219 -0.0582 -0.135905 0.0662102 0.988507 1 
0.0912 0.2221 -0.0584 -0.144679 0.0717513 0.986874 1 
0.0912 0.2224 -0.0581 -0.168049 0.0703185 0.983267 1 
0.0916 0.2218 -0.0579 -0.128444 0.0682719 0.989364 1 
0.0909 0.2225 -0.0587 -0.166614 0.0579012 0.984321 1 
0.0909 0.2228 -0.0588 -0.179355 0.0890676 0.979744 1 
0.0912 0.2225 -0.0585 -0.17311 0.0680502 0.982549 1 
0.091 0.2228 -0.0585 -0.179355 0.0890676 0.979744 1 
0.091 0.2231 -0.0588 -0.184073 0.0685761 0.980518 1 
0.0912 0.2225 -0.0583 -0.166424 0.0778241 0.982978 1 
0.091 0.2227 -0.0583 -0.173005 0.0858976 0.981168 1 
0.0912 0.2227 -0.0581 -0.173897 0.0707581 0.982218 1 
0.0912 0.223 -0.0583 -0.180527 0.0970177 0.978774 1 
0.0915 0.218 -0.0573 0.300363 0.360738 0.882978 1 
0.0918 0.2181 -0.0575 0.33443 0.331403 0.882229 1 
0.0916 0.2181 -0.0572 0.300363 0.360738 0.882978 1 
0.0924 0.2183 -0.0575 0.325065 0.316077 0.891307 1 
0.0921 0.2181 -0.0573 0.325523 0.34672 0.87967 1 
0.0924 0.2177 -0.0572 0.33292 0.394858 0.856301 1 
0.0927 0.2184 -0.0573 0.322312 0.32531 0.888982 1 
0.0927 0.2189 -0.057 0.206375 0.270088 0.940459 1 
0.0936 0.2188 -0.0575 0.296962 0.215333 0.930293 1 
0.0933 0.2192 -0.0573 0.0711606 0.136488 0.988083 1 
0.0941 0.2186 -0.057 0.407133 0.326635 0.852967 1 
0.0936 0.2192 -0.0575 0.0579586 0.06452 0.996232 1 
0.0936 0.22 -0.0576 -0.0725147 -0.00735657 0.99734 1 
0.0936 0.22 -0.0573 -0.0857611 -0.00317634 0.996311 1 
0.0939 0.2195 -0.0573 -0.0541956 -0.0371931 0.997837 1 
0.0936 0.2197 -0.0576 -0.0601903 -0.0242873 0.997891 1 
0.0936 0.2201 -0.0576 -0.0857611 -0.00317634 0.996311 1 
0.0936 0.2206 -0.0575 -0.109068 0.0483498 0.992858 1 
0.0939 0.2204 -0.0573 -0.103057 0.0365687 0.994003 1 
0.0938 0.2207 -0.0575 -0.113533 0.0438393 0.992567 1 
0.0942 0.2204 -0.0573 -0.119435 0.0323702 0.992314 1 
0.0941 0.2203 -0.0572 -0.119435 0.0323702 0.992314 1 
0.0931 0.2213 -0.0573 -0.125093 0.0585299 0.990417 1 
0.096 0.2183 -0.0573 0.771377 0.501801 0.391373 1 
0.0859 0.2099 -0.0553 -0.179283 -0.0363253 0.983127 1 
0.0859 0.2102 -0.0553 -0.178177 -0.0460191 0.982922 1 
0.0855 0.2108 -0.0555 -0.183165 -0.0460867 0.982001 1 
0.0859 0.2105 -0.0555 -0.183165 -0.0460867 0.982001 1 
0.0859 0.2106 -0.0553 -0.184406 -0.0511579 0.981518 1 
0.0856 0.2109 -0.0555 -0.182486 -0.0560579 0.981609 1 
0.0861 0.2111 -0.0553 -0.182546 -0.0737437 0.980428 1 
0.0859 0.2103 -0.0552 -0.181659 -0.0534291 0.981909 1 
0.0862 0.2102 -0.055 -0.181659 -0.0534291 0.981909 1 
0.0862 0.2108 -0.0552 -0.184477 -0.0711381 0.980259 1 
0.0867 0.2106 -0.055 -0.185607 -0.0610708 0.980724 1 
0.0894 0.2111 -0.0549 -0.216225 0.277605 0.936046 1 
0.0832 0.2124 -0.0561 -0.198266 -0.0368038 0.979457 1 
0.0837 0.2115 -0.0559 -0.172779 -0.04819 0.983781 1 
0.0841 0.2115 -0.0556 -0.140362 -0.0376582 0.989384 1 
0.0843 0.2117 -0.0556 -0.148984 -0.0668666 0.986576 1 
0.0847 0.2117 -0.0556 -0.165164 -0.0855959 0.982545 1 
0.0846 0.2121 -0.0556 -0.162081 -0.0828416 0.983294 1 
0.0855 0.2118 -0.0556 -0.182546 -0.0737437 0.980428 1 
0.0852 0.2112 -0.0555 -0.182486 -0.0560579 0.981609 1 
0.0855 0.2115 -0.0555 -0.182114 -0.0735693 0.980521 1 
0.0852 0.2124 -0.0555 -0.182546 -0.0737437 0.980428 1 
0.0849 0.2132 -0.0555 -0.16787 -0.088162 0.981859 1 
0.0853 0.2132 -0.0555 -0.180141 -0.0785848 0.980497 1 
0.0856 0.2135 -0.0553 -0.174658 -0.075886 0.9817 1 
0.0859 0.2135 -0.0555 -0.179387 -0.0710324 0.981211 1 
0.0862 0.2141 -0.0553 -0.153281 -0.0596742 0.986379 1 
0.0853 0.2132 -0.0552 -0.180141 -0.0785848 0.980497 1 
0.0859 0.2136 -0.0552 -0.173517 -0.0682102 0.982466 1 
0.0856 0.2138 -0.055 -0.174658 -0.075886 0.9817 1 
0.0862 0.2139 -0.055 -0.153281 -0.0596742 0.986379 1 
0.0879 0.2126 -0.0555 -0.0972629 -0.0525443 0.993871 1 
0.0882 0.2126 -0.0553 -0.0759027 -0.056102 0.995536 1 
0.0889 0.2115 -0.055 -0.174507 0.0964061 0.979925 1 
0.0891 0.2112 -0.055 -0.189976 0.164129 0.967973 1 
0.0895 0.2118 -0.0549 -0.193013 0.290214 0.937295 1 
0.0891 0.2114 -0.0547 -0.242189 0.253388 0.936557 1 
0.0895 0.2114 -0.0546 -0.245123 0.384768 0.88987 1 
0.0891 0.212 -0.055 -0.191342 0.152817 0.969554 1 
0.0894 0.2121 -0.0552 -0.172728 0.242354 0.954688 1 
0.0894 0.2121 -0.0549 -0.193013 0.290214 0.937295 1 
0.0891 0.2126 -0.0552 -0.167931 0.323371 0.931252 1 
0.0892 0.2121 -0.0547 -0.21371 0.232766 0.948761 1 
0.0889 0.2127 -0.0547 -0.210991 0.187106 0.959413 1 
0.0885 0.2135 -0.0553 -0.098321 0.294963 0.950437 1 
0.0883 0.213 -0.0552 -0.0484136 0.0548687 0.997319 1 
0.0888 0.2132 -0.0549 -0.194363 0.37001 0.908469 1 
0.0883 0.2135 -0.055 -0.085569 0.212062 0.973503 1 
0.0891 0.2138 -0.0546 -0.205228 0.530553 0.822433 1 
0.0874 0.2153 -0.0553 -0.0670188 0.342979 0.936949 1 
0.0865 0.215 -0.0546 -0.12961 -0.0144011 0.991461 1 
0.0874 0.2148 -0.055 -0.0936252 0.213466 0.972454 1 
0.0877 0.215 -0.0552 -0.0418355 0.302991 0.952075 1 
0.0876 0.2147 -0.0547 -0.085569 0.212062 0.973503 1 
0.0874 0.2156 -0.0546 -0.0509225 0.257096 0.965043 1 
0.0886 0.2145 -0.0546 -0.178463 0.467544 0.865768 1 
0.0883 0.2148 -0.0547 -0.0533936 0.339896 0.938946 1 
0.0885 0.215 -0.0547 -0.0789668 0.447479 0.890801 1 
0.0886 0.2148 -0.0546 -0.168583 0.520669 0.836949 1 
0.0886 0.2151 -0.0546 -0.124271 0.545329 0.828959 1 
0.0885 0.2153 -0.0549 -0.0595907 0.486426 0.871687 1 
0.087 0.216 -0.0547 -0.050273 0.323552 0.944874 1 
0.0894 0.2121 -0.0543 -0.242608 0.366118 0.898387 1 
0.0891 0.2126 -0.0543 -0.220887 0.240094 0.945285 1 
0.0882 0.2144 -0.0543 -0.126541 0.286382 0.949723 1 
0.0876 0.2144 -0.0543 -0.0995148 0.0812132 0.991716 1 
0.0874 0.2157 -0.0541 -0.0209819 0.282639 0.958997 1 
0.0886 0.2148 -0.0543 -0.188564 0.532505 0.825156 1 
0.0888 0.2144 -0.0543 -0.210716 0.50784 0.835283 1 
0.0894 0.2147 -0.0543 -0.149267 0.658884 0.737287 1 
0.0888 0.215 -0.0543 -0.151492 0.589469 0.793458 1 
0.09 0.2108 -0.0544 -0.273614 0.435642 0.857527 1 
0.0897 0.2117 -0.0546 -0.206461 0.438172 0.874859 1 
0.091 0.2147 -0.055 0.0125496 0.718118 0.695808 1 
0.0904 0.2148 -0.0547 -0.0267529 0.711065 0.702617 1 
0.0909 0.2148 -0.0547 -0.032424 0.731655 0.680904 1 
0.091 0.215 -0.0547 -0.110892 0.752587 0.649088 1 
0.0918 0.2147 -0.0555 -0.114075 0.721486 0.682967 1 
0.0916 0.2147 -0.0553 -0.0799247 0.71351 0.696072 1 
0.0921 0.2148 -0.0553 -0.215996 0.741224 0.635557 1 
0.0913 0.2148 -0.055 -0.086151 0.734474 0.673146 1 
0.0921 0.2147 -0.0552 0.0125263 0.750185 0.661109 1 
0.0897 0.2112 -0.0543 -0.250035 0.399757 0.88186 1 
0.09 0.2115 -0.0543 -0.248069 0.503841 0.827409 1 
0.0903 0.2147 -0.0543 -0.0468771 0.754296 0.654859 1 
0.0975 0.2088 -0.0556 0.201299 0.59775 0.775999 1 
0.0974 0.2088 -0.055 0.360672 0.528878 0.768247 1 
0.0986 0.2105 -0.0555 0.219366 0.532307 0.817636 1 
0.0977 0.2097 -0.0546 -0.238847 0.513135 0.824406 1 
0.0987 0.2102 -0.0546 0.262687 0.574136 0.775477 1 
0.0977 0.2106 -0.055 0.401687 0.686009 0.606663 1 
0.0981 0.2106 -0.055 0.369537 0.645458 0.668451 1 
0.0977 0.2112 -0.055 0.438586 0.719943 0.537889 1 
0.0984 0.2111 -0.0547 0.36837 0.597578 0.712182 1 
0.0987 0.2109 -0.055 0.334375 0.573444 0.747901 1 
0.1001 0.2109 -0.0555 -0.198114 0.31333 0.928749 1 
0.0998 0.2102 -0.0547 0.123691 0.519504 0.845468 1 
0.1001 0.21 -0.0546 0.0230637 0.497905 0.866925 1 
0.0993 0.2105 -0.0549 0.0682177 0.483092 0.872908 1 
0.0993 0.2108 -0.055 -0.253705 0.248098 0.934923 1 
0.0995 0.2109 -0.055 -0.253705 0.248098 0.934923 1 
0.0996 0.2106 -0.0547 0.0682177 0.483092 0.872908 1 
0.0998 0.2106 -0.0546 -0.257596 0.208005 0.943599 1 
0.1001 0.2106 -0.055 -0.257596 0.208005 0.943599 1 
0.1008 0.21 -0.0549 0.0120985 0.49335 0.869747 1 
0.0972 0.2106 -0.0538 0.506723 0.594263 0.624566 1 
0.0959 0.2118 -0.057 0.488259 0.780241 0.390932 1 
0.0956 0.2123 -0.0572 0.563728 0.724793 0.396089 1 
0.0953 0.2114 -0.0563 0.465158 0.782826 0.413293 1 
0.0954 0.2118 -0.0555 0.491531 0.795736 0.353838 1 
0.0957 0.2126 -0.055 0.547994 0.804239 0.230003 1 
0.0957 0.2132 -0.0556 0.552317 0.735877 0.391703 1 
0.0957 0.2124 -0.0531 0.618068 0.773707 0.139177 1 
0.0965 0.2118 -0.0565 0.461989 0.78295 0.416601 1 
0.0966 0.212 -0.0561 0.463071 0.778284 0.424075 1 
0.0963 0.212 -0.0565 0.473263 0.764753 0.437236 1 
0.0977 0.212 -0.057 0.444381 0.779701 0.441125 1 
0.0969 0.213 -0.0561 0.510102 0.734613 0.447371 1 
0.0966 0.2138 -0.0564 0.415826 0.707401 0.571553 1 
0.0969 0.2139 -0.0561 0.562499 0.717557 0.41074 1 
0.0972 0.2139 -0.0564 0.379011 0.713722 0.589026 1 
0.0978 0.2133 -0.057 0.536724 0.743536 0.39885 1 
0.0977 0.2139 -0.0567 0.540835 0.734813 0.409325 1 
0.0977 0.2136 -0.0564 0.49801 0.714537 0.491348 1 
0.0965 0.2115 -0.0559 0.461232 0.759966 0.457949 1 
0.0962 0.2115 -0.0555 0.490076 0.784446 0.380092 1 
0.0975 0.2112 -0.0553 0.4379 0.735342 0.517218 1 
0.0969 0.2124 -0.0558 0.477491 0.75972 0.441392 1 
0.0975 0.2126 -0.0559 0.459258 0.752261 0.472426 1 
0.0972 0.2126 -0.0556 0.472877 0.749684 0.462992 1 
0.0969 0.2123 -0.0555 0.477514 0.774126 0.415583 1 
0.0972 0.2121 -0.0553 0.477514 0.774126 0.415583 1 
0.0981 0.2112 -0.0556 0.397963 0.708408 0.582909 1 
0.0981 0.2115 -0.0553 0.407805 0.708292 0.57621 1 
0.0984 0.2114 -0.0553 0.384539 0.684909 0.618894 1 
0.0978 0.2121 -0.0558 0.427421 0.727771 0.536339 1 
0.0963 0.2129 -0.0559 0.532697 0.730602 0.427147 1 
0.096 0.213 -0.0558 0.53655 0.731359 0.420985 1 
0.0972 0.2132 -0.0559 0.504147 0.732253 0.457865 1 
0.0975 0.2147 -0.0566 0.321936 0.710201 0.626077 1 
0.0975 0.2151 -0.0567 0.35528 0.6991 0.620512 1 
0.0971 0.2144 -0.0564 0.36875 0.703083 0.608028 1 
0.0974 0.2114 -0.0543 0.492319 0.808922 0.321353 1 
0.0971 0.2115 -0.054 0.539778 0.821007 0.185974 1 
0.0894 0.2043 -0.03 -0.954817 0.295806 0.0287069 0 
0.0889 0.2041 -0.0297 -0.954882 0.295826 0.0262124 0 
0.0889 0.2043 -0.0294 -0.954882 0.295826 0.0262124 0 
0.0888 0.2043 -0.0291 -0.946065 0.322146 0.0343792 0 
0.0886 0.2028 -0.0273 -0.933579 0.355463 -0.0455722 0 
0.0886 0.2037 -0.0281 -0.935686 0.351365 0.0321763 0 
0.0888 0.2035 -0.0285 -0.925655 0.373184 0.0624186 0 
0.0889 0.2043 -0.0281 -0.929631 0.363654 0.059507 0 
0.0886 0.2034 -0.0279 -0.937788 0.347095 0.00883515 0 
0.0882 0.2037 -0.0276 -0.931498 0.363728 -0.00380203 0 
0.0888 0.2037 -0.0279 -0.935364 0.352213 0.0322539 0 
0.0883 0.2032 -0.0273 -0.933994 0.354003 -0.0483326 0 
0.0889 0.2044 -0.0273 -0.945191 0.325971 -0.0188787 0 
0.0879 0.2022 -0.0262 -0.926238 0.374437 -0.0433558 0 
0.0879 0.2031 -0.0261 -0.928308 0.36896 -0.0459559 0 
0.0883 0.2029 -0.027 -0.934327 0.353142 -0.0482149 0 
0.0888 0.2025 -0.0267 -0.934441 0.353185 -0.0456143 0 
0.0883 0.2029 -0.0267 -0.934327 0.353142 -0.0482149 0 
0.0889 0.2028 -0.0267 -0.93579 0.348474 -0.053511 0 
0.0882 0.2023 -0.0257 -0.917618 0.396984 -0.0195238 0 
0.0882 0.2028 -0.0264 -0.931261 0.361794 -0.0431018 0 
0.0882 0.2025 -0.0258 -0.917618 0.396984 -0.0195238 0 
0.0889 0.2044 -0.027 -0.954208 0.292522 -0.062592 0 
0.0897 0.204 -0.0306 -0.952091 0.303913 0.0340483 0 
0.0876 0.2014 -0.0228 -0.995722 0.081975 -0.042627 0 
0.0877 0.2014 -0.0226 -0.995722 0.081975 -0.042627 0 
0.0877 0.2022 -0.0245 -0.960194 0.277003 -0.0360228 0 
0.0879 0.2023 -0.0243 -0.965718 0.255959 -0.043278 0 
0.0876 0.2022 -0.0242 -0.968481 0.244889 -0.0455322 0 
0.0876 0.2025 -0.0246 -0.943541 0.330556 -0.0215305 0 
0.0882 0.202 -0.0254 -0.925517 0.37821 -0.0193623 0 
0.0882 0.202 -0.0251 -0.928826 0.370249 -0.0140925 0 
0.0883 0.2022 -0.0251 -0.924655 0.380437 -0.016765 0 
0.0888 0.2046 -0.0255 -0.928799 0.368654 -0.0377772 0 
0.0889 0.204 -0.0255 -0.92867 0.368062 -0.0458441 0 
0.0876 0.2019 -0.024 -0.974143 0.221451 -0.0447743 0 
0.0877 0.202 -0.0234 -0.979829 0.198313 -0.0246424 0 
0.0876 0.2011 -0.0222 -0.99416 0.104359 -0.027463 0 
0.0877 0.2014 -0.0224 -0.995813 0.0819824 -0.0404446 0 
0.0877 0.2014 -0.0221 -0.99416 0.104359 -0.027463 0 
0.0876 0.201 -0.0219 -0.997761 -0.0286286 -0.0604383 0 
0.0876 0.2013 -0.0219 -0.991097 0.1331 -0.00329999 0 
0.0876 0.2014 -0.0218 -0.991097 0.1331 -0.00329999 0 
0.0874 0.2007 -0.021 -0.981788 -0.174246 -0.075707 0 
0.0874 0.201 -0.0214 -0.980051 -0.178966 -0.0864393 0 
0.0874 0.2013 -0.0214 -0.998751 0.0486438 -0.0113847 0 
0.0877 0.2013 -0.0213 -0.998751 0.0486438 -0.0113847 0 
0.0873 0.2011 -0.021 -0.977665 -0.190136 -0.0895478 0 
0.0876 0.2013 -0.021 -0.977665 -0.190136 -0.0895478 0 
0.0877 0.1998 -0.0204 -0.998629 -0.00102634 0.0523433 0 
0.0876 0.1996 -0.0203 -0.998503 -0.00309134 0.0546137 0 
0.0879 0.1996 -0.0203 -0.998503 -0.00309134 0.0546137 0 
0.0874 0.1993 -0.02 -0.99705 -0.0031519 0.0766961 0 
0.0876 0.1995 -0.02 -0.997991 0.00103849 0.063348 0 
0.0874 0.2004 -0.0207 -0.987575 -0.147382 -0.0545429 0 
0.0877 0.2001 -0.0204 -0.998212 -0.0593306 0.00728622 0 
0.0874 0.2007 -0.0207 -0.987575 -0.147382 -0.0545429 0 
0.0874 0.2005 -0.0204 -0.994734 -0.0993642 -0.025114 0 
0.0874 0.201 -0.0208 -0.981788 -0.174246 -0.075707 0 
0.0874 0.201 -0.0206 -0.987575 -0.147382 -0.0545429 0 
0.0879 0.2013 -0.0208 -0.977665 -0.190136 -0.0895478 0 
0.0876 0.201 -0.0203 -0.994734 -0.0993642 -0.025114 0 
0.0876 0.201 -0.0201 -0.998212 -0.0593306 0.00728622 0 
0.0879 0.2007 -0.0192 -0.996572 -0.0116994 0.0818955 0 
0.0877 0.2008 -0.0198 -0.998629 -0.00102634 0.0523433 0 
0.0876 0.2008 -0.0196 -0.998503 -0.00309134 0.0546137 0 
0.0879 0.1993 -0.0186 -0.994578 -0.0140998 0.103037 0 
0.0877 0.1995 -0.0184 -0.994578 -0.0140998 0.103037 0 
0.0879 0.1998 -0.0184 -0.994578 -0.0140998 0.103037 0 
0.088 0.1995 -0.019 -0.995648 -0.0053472 0.0930412 0 
0.0882 0.1998 -0.0192 -0.995648 -0.0053472 0.0930412 0 
0.0882 0.1998 -0.019 -0.995648 -0.0053472 0.0930412 0 
0.088 0.1995 -0.0186 -0.994578 -0.0140998 0.103037 0 
0.088 0.1998 -0.0186 -0.994578 -0.0140998 0.103037 0 
0.0879 0.2001 -0.0186 -0.995648 -0.0053472 0.0930412 0 
0.0879 0.2005 -0.0184 -0.994578 -0.0140998 0.103037 0 
0.088 0.2001 -0.0192 -0.996572 -0.0116994 0.0818955 0 
0.088 0.2001 -0.0189 -0.995648 -0.0053472 0.0930412 0 
0.0983 0.2171 -0.0692 0.930622 -0.361982 -0.0539682 0 
0.0975 0.2174 -0.068 0.90386 -0.427731 -0.00915632 0 
0.0975 0.2175 -0.0681 0.905852 -0.42343 -0.0117984 0 
0.0975 0.2175 -0.0678 0.899842 -0.436168 -0.00654907 0 
0.0974 0.2174 -0.0678 0.899842 -0.436168 -0.00654907 0 
0.0972 0.2175 -0.0674 0.890415 -0.455101 -0.00659567 0 
0.0978 0.2174 -0.0688 0.929239 -0.367252 -0.0405153 0 
0.0978 0.2174 -0.0684 0.908232 -0.417866 -0.0224092 0 
0.0972 0.2175 -0.0671 0.888805 -0.458269 -0.00396198 0 
0.0971 0.2172 -0.0669 0.880464 -0.474096 -0.003984 0 
0.0972 0.2174 -0.0668 0.880464 -0.474096 -0.003984 0 
0.0971 0.2171 -0.0665 0.877023 -0.480433 -0.00399252 0 
0.0969 0.2172 -0.0666 0.880464 -0.474096 -0.003984 0 
0.0972 0.2168 -0.066 0.870612 -0.491969 -0.00133325 0 
0.0972 0.2171 -0.0662 0.874156 -0.485642 -0.00133053 0 
0.0972 0.2174 -0.0662 0.874156 -0.485642 -0.00133053 0 
0.0972 0.2171 -0.066 0.874156 -0.485642 -0.00133053 0 
0.0974 0.2169 -0.0656 0.868817 -0.495132 -0.00133459 0 
0.0977 0.2174 -0.0657 0.874156 -0.485642 -0.00133053 0 
0.0974 0.2163 -0.0654 0.862391 -0.506098 0.0121463 0 
0.0971 0.2166 -0.065 0.850443 -0.525555 0.0232063 0 
0.0972 0.2166 -0.0651 0.860482 -0.509265 0.0148592 0 
0.0968 0.2168 -0.0645 0.808861 -0.587634 0.02074 0 
0.0969 0.2168 -0.0648 0.83831 -0.544695 0.0233245 0 
0.0968 0.2171 -0.0644 0.808861 -0.587634 0.02074 0 
0.0966 0.2171 -0.0641 0.804057 -0.594423 0.0124125 0 
0.0975 0.2181 -0.0698 0.939068 -0.334155 -0.080567 0 
0.0971 0.2191 -0.0702 0.941421 -0.32613 -0.0858238 0 
0.0971 0.2186 -0.0698 0.941421 -0.32613 -0.0858238 0 
0.0974 0.2186 -0.0698 0.941421 -0.32613 -0.0858238 0 
0.0975 0.2184 -0.0697 0.939068 -0.334155 -0.080567 0 
0.0969 0.2189 -0.07 0.941421 -0.32613 -0.0858238 0 
0.0972 0.2189 -0.0698 0.944407 -0.317437 -0.0856157 0 
0.0974 0.2189 -0.0694 0.935445 -0.345334 -0.0754177 0 
0.0977 0.2177 -0.0698 0.935445 -0.345334 -0.0754177 0 
0.0978 0.2177 -0.0696 0.935445 -0.345334 -0.0754177 0 
0.0977 0.2177 -0.0692 0.930622 -0.361982 -0.0539682 0 
0.0978 0.218 -0.0692 0.930622 -0.361982 -0.0539682 0 
0.0977 0.2181 -0.0696 0.935445 -0.345334 -0.0754177 0 
0.0978 0.2177 -0.069 0.929239 -0.367252 -0.0405153 0 
0.0978 0.218 -0.069 0.929239 -0.367252 -0.0405153 0 
0.0977 0.2184 -0.0694 0.935445 -0.345334 -0.0754177 0 
0.0977 0.2184 -0.0691 0.930622 -0.361982 -0.0539682 0 
0.0977 0.2184 -0.0689 0.929239 -0.367252 -0.0405153 0 
0.0972 0.2192 -0.0702 0.941421 -0.32613 -0.0858238 0 
0.0975 0.2178 -0.068 0.905852 -0.42343 -0.0117984 0 
0.0974 0.2189 -0.0688 0.929239 -0.367252 -0.0405153 0 
0.0975 0.2178 -0.0678 0.90386 -0.427731 -0.00915632 0 
0.0974 0.2177 -0.0674 0.899842 -0.436168 -0.00654907 0 
0.0975 0.2178 -0.0674 0.899842 -0.436168 -0.00654907 0 
0.0974 0.2177 -0.0672 0.889867 -0.456172 -0.00661119 0 
0.0977 0.2177 -0.0686 0.918045 -0.395324 -0.0302075 0 
0.0977 0.2181 -0.0686 0.924238 -0.380415 -0.0326817 0 
0.098 0.2183 -0.0686 0.929239 -0.367252 -0.0405153 0 
0.0977 0.2177 -0.0684 0.912055 -0.409306 -0.0250058 0 
0.0977 0.2188 -0.0686 0.929239 -0.367252 -0.0405153 0 
0.0975 0.2178 -0.0672 0.890415 -0.455101 -0.00659567 0 
0.0972 0.2177 -0.0668 0.880464 -0.474096 -0.003984 0 
0.096 0.2153 -0.0618 0.85404 0.327046 0.404545 0 
0.0959 0.2154 -0.0617 0.858225 0.318945 0.402149 0 
0.0957 0.2154 -0.0613 0.85672 0.342378 0.385756 0 
0.0957 0.2156 -0.0609 0.80109 0.495306 0.336044 0 
0.0959 0.216 -0.0614 0.860931 0.315726 0.398893 0 
0.0947 0.2132 -0.0579 0.424713 0.718873 0.55031 0 
0.0941 0.2156 -0.0597 0.725562 0.557745 0.40309 0 
0.0941 0.2159 -0.0597 0.748723 0.532461 0.394841 0 
0.0942 0.2154 -0.0594 0.714974 0.563063 0.414454 0 
0.0944 0.2157 -0.0596 0.722396 0.571006 0.389995 0 
0.0942 0.2159 -0.0593 0.747754 0.517676 0.415784 0 
0.0957 0.215 -0.0602 0.699671 0.62791 0.340865 0 
0.0947 0.2153 -0.0605 0.758008 0.509158 0.407654 0 
0.0947 0.2156 -0.0606 0.783279 0.44921 0.429749 0 
0.0945 0.2153 -0.0602 0.748628 0.505118 0.429433 0 
0.0945 0.2156 -0.0602 0.750408 0.497536 0.435138 0 
0.0948 0.2148 -0.0597 0.683293 0.613805 0.395416 0 
0.0945 0.215 -0.0594 0.690849 0.591446 0.415835 0 
0.0954 0.215 -0.0599 0.711344 0.606686 0.354854 0 
0.0957 0.215 -0.0599 0.697859 0.625948 0.348112 0 
0.0956 0.2156 -0.0594 0.73306 0.583522 0.349463 0 
0.0939 0.2154 -0.059 0.698672 0.551934 0.455221 0 
0.0939 0.215 -0.0577 0.560284 0.590753 0.580597 0 
0.096 0.2159 -0.0627 0.758856 -0.640053 0.120288 0 
0.096 0.2156 -0.0624 0.908078 0.157741 0.387958 0 
0.0962 0.2159 -0.0626 0.791353 -0.593889 0.145106 0 
0.0965 0.2162 -0.0639 0.716726 -0.697242 0.0125253 0 
0.0966 0.2162 -0.0636 0.716726 -0.697242 0.0125253 0 
0.0966 0.2165 -0.0638 0.726298 -0.687265 0.0125464 0 
0.0965 0.216 -0.0636 0.716726 -0.697242 0.0125253 0 
0.0966 0.216 -0.0635 0.716748 -0.697264 0.00974221 0 
0.0965 0.216 -0.0632 0.685896 -0.727634 0.00973889 0 
0.0966 0.2165 -0.0636 0.716726 -0.697242 0.0125253 0 
0.0966 0.2165 -0.0632 0.702918 -0.711237 0.00693213 0 
0.0968 0.2168 -0.0632 0.716748 -0.697264 0.00974221 0 
0.0963 0.216 -0.063 0.66153 -0.749918 -0.00138106 0 
0.0966 0.2162 -0.0632 0.685996 -0.727572 0.00692926 0 
0.0966 0.2162 -0.0629 0.685875 -0.727612 0.012521 0 
0.0966 0.2165 -0.063 0.685896 -0.727634 0.00973889 0 
0.0966 0.2162 -0.0626 0.722713 -0.688092 0.0649144 0 
0.096 0.2156 -0.0623 0.91519 0.114918 0.386291 0 
0.0963 0.2159 -0.0623 0.922511 0.0516182 0.382504 0 
0.0963 0.2157 -0.0621 0.905044 0.158205 0.394799 0 
0.096 0.2156 -0.0617 0.87781 0.269516 0.395993 0 
0.0965 0.2159 -0.0618 0.911233 0.121034 0.393708 0 
0.0963 0.2162 -0.0624 0.925495 -0.104953 0.363928 0 
0.0963 0.216 -0.0621 0.867698 0.285166 0.407162 0 
0.0966 0.2162 -0.0623 0.889225 -0.373862 0.26364 0 
0.0969 0.2162 -0.0623 0.886632 -0.385946 0.254814 0 
0.0965 0.2162 -0.0614 0.821916 0.441839 0.359489 0 
0.0962 0.2151 -0.0602 0.696948 0.638463 0.326542 0 
0.096 0.215 -0.06 0.702401 0.631026 0.329301 0 
0.0944 0.2138 -0.057 0.409374 0.667927 0.62152 0 
0.0942 0.2142 -0.057 0.431349 0.647856 0.62787 0 
0.0942 0.2135 -0.0567 0.397768 0.694857 0.599128 0 
0.0934 0.2139 -0.0563 0.463928 0.631411 0.621362 0 
0.0936 0.2144 -0.0563 0.0555394 0.613781 0.78752 0 
0.0936 0.2142 -0.0566 0.0945148 0.606349 0.789562 0 
0.0945 0.2136 -0.0573 0.434704 0.687864 0.58127 0 
0.0945 0.2144 -0.0573 0.475613 0.636951 0.6067 0 
0.0951 0.2142 -0.0575 0.512859 0.667557 0.539763 0 
0.0947 0.2139 -0.057 0.459179 0.676246 0.576061 0 
0.0948 0.2132 -0.0563 0.649761 0.63979 0.410463 0 
0.0945 0.2142 -0.0561 0.461767 0.691818 0.555121 0 
0.0941 0.2127 -0.0546 0.138535 0.990019 0.0259049 0 
0.0928 0.2144 -0.0558 0.280143 0.670742 0.68675 0 
0.0936 0.2144 -0.0559 -0.167211 0.567913 0.805925 0 
0.0933 0.2141 -0.0553 0.352867 0.746387 0.564262 0 
0.0942 0.2139 -0.0559 0.34736 0.719181 0.601764 0 
0.0942 0.2141 -0.0553 0.507367 0.765128 0.396431 0 
0.0936 0.2135 -0.0549 0.159307 0.914957 0.370776 0 
0.0942 0.213 -0.0546 0.191851 0.971963 0.135948 0 
0.0938 0.2132 -0.0547 0.119074 0.966676 0.226625 0 
0.0936 0.2135 -0.0546 0.10072 0.953565 0.283846 0 
0.0942 0.2133 -0.0547 0.288141 0.921765 0.25947 0 
0.0942 0.2135 -0.0547 0.353305 0.897306 0.264609 0 
0.0931 0.2136 -0.055 0.115224 0.877694 0.465163 0 
0.0934 0.2136 -0.055 0.144443 0.890972 0.43047 0 
0.0936 0.2136 -0.0549 0.177078 0.899786 0.398785 0 
0.0934 0.2139 -0.0549 0.195432 0.860796 0.469932 0 
0.0928 0.2141 -0.0552 0.215369 0.773158 0.596525 0 
0.0933 0.2141 -0.055 0.188225 0.829696 0.525524 0 
0.0939 0.2139 -0.0549 0.301774 0.865495 0.399813 0 
0.0942 0.2138 -0.055 0.490832 0.797802 0.350137 0 
0.0939 0.2141 -0.0552 0.591141 0.697116 0.405685 0 
0.0945 0.2133 -0.0555 0.573837 0.718529 0.392971 0 
0.0945 0.2141 -0.0558 0.495389 0.70889 0.502061 0 
0.0939 0.2147 -0.0576 0.504329 0.608906 0.612279 0 
0.0947 0.2145 -0.0576 0.558762 0.636415 0.531753 0 
0.0936 0.2147 -0.0553 -0.143241 0.716204 0.683033 0 
0.0939 0.2144 -0.0555 0.267302 0.754457 0.599453 0 
0.0925 0.2129 -0.0518 -0.418544 0.90433 0.0837089 0 
0.0927 0.2139 -0.0517 -0.435876 0.897713 0.0642199 0 
0.0942 0.2126 -0.0543 0.150252 0.988502 -0.0169458 0 
0.0944 0.2123 -0.0538 0.297599 0.952058 0.0708568 0 
0.0942 0.2124 -0.0535 0.138321 0.990382 0.00331972 0 
0.0936 0.213 -0.0538 -0.0447269 0.995992 -0.0774539 0 
0.0934 0.2135 -0.054 -0.00310376 0.998375 0.0569022 0 
0.0934 0.2135 -0.0537 -0.0161461 0.995675 -0.0914944 0 
0.0938 0.2132 -0.0543 0.0507716 0.997068 0.0572531 0 
0.0934 0.2138 -0.0543 0.0305083 0.967722 0.250168 0 
0.0933 0.2138 -0.054 0.0312022 0.985757 0.165256 0 
0.0933 0.2138 -0.0537 -0.0252684 0.999619 -0.0111181 0 
0.0933 0.2132 -0.0535 -0.0367043 0.993241 -0.110113 0 
0.0933 0.2132 -0.0532 -0.0932549 0.991265 -0.0932549 0 
0.0936 0.2133 -0.0535 -0.0488177 0.991112 -0.123747 0 
0.0933 0.2129 -0.0531 -0.136797 0.986131 -0.0939739 0 
0.0933 0.2135 -0.0531 -0.0985188 0.986375 -0.131754 0 
0.0933 0.2132 -0.0529 -0.184553 0.978984 -0.0867764 0 
0.0941 0.2132 -0.0534 0.030552 0.990111 -0.136918 0 
0.0944 0.2129 -0.0531 0.130772 0.981399 -0.140549 0 
0.0934 0.2136 -0.0535 -0.0354239 0.988441 -0.147409 0 
0.0945 0.2132 -0.0537 0.225195 0.969976 -0.0918394 0 
0.0933 0.2126 -0.0522 -0.360674 0.932691 0.00126552 0 
0.0936 0.2118 -0.0517 -0.983924 0.178585 0.00113748 0 
0.0933 0.2126 -0.052 -0.539877 0.839965 0.0546889 0 
0.0933 0.2129 -0.0528 -0.202423 0.974859 -0.0931394 0 
0.0933 0.213 -0.0525 -0.251996 0.963213 -0.0933792 0 
0.0933 0.213 -0.0522 -0.346871 0.93668 -0.0480682 0 
0.0936 0.2133 -0.0523 -0.336258 0.931916 -0.135876 0 
0.093 0.2135 -0.0518 -0.515404 0.856258 0.0343603 0 
0.0936 0.2133 -0.0514 -0.688902 0.723133 -0.0499204 0 
0.0936 0.2138 -0.052 -0.517272 0.851727 -0.0836138 0 
0.0933 0.2136 -0.0518 -0.61375 0.789499 -0.00137304 0 
0.0936 0.2138 -0.0517 -0.654893 0.755431 -0.0209454 0 
0.0933 0.2138 -0.0514 -0.661315 0.750045 0.00970484 0 
0.0909 0.2112 -0.0454 0.510791 0.717104 0.474187 0 
0.091 0.2108 -0.0451 0.140426 0.826299 0.545446 0 
0.091 0.2108 -0.0448 0.0846093 0.821714 0.563584 0 
0.0912 0.2109 -0.0452 -0.195839 0.815237 0.54501 0 
0.0919 0.2126 -0.051 -0.529519 0.843519 0.0899183 0 
0.0922 0.2117 -0.0502 -0.845689 0.398615 -0.354846 0 
0.0918 0.2124 -0.0504 -0.593517 0.792843 -0.138338 0 
0.0915 0.2132 -0.0508 -0.302001 0.951875 0.0522448 0 
0.0927 0.2124 -0.049 -0.826012 0.42014 -0.375748 0 
0.0915 0.2118 -0.0484 -0.458199 0.884171 -0.0910794 0 
0.0915 0.2118 -0.0483 -0.434214 0.897376 -0.0785721 0 
0.0915 0.2123 -0.0482 -0.830309 0.165466 -0.532173 0 
0.0927 0.2132 -0.0483 -0.639269 0.75848 -0.126662 0 
0.0934 0.2126 -0.0505 -0.874809 0.421649 -0.238584 0 
0.0931 0.2117 -0.0498 -0.866889 0.236699 -0.438721 0 
0.0934 0.2123 -0.0502 -0.889838 0.325624 -0.319621 0 
0.093 0.2126 -0.0504 -0.849818 0.460892 -0.255711 0 
0.0933 0.2126 -0.0504 -0.872358 0.424918 -0.241738 0 
0.093 0.2126 -0.0499 -0.853351 0.31749 -0.413511 0 
0.093 0.2124 -0.0496 -0.858334 0.217966 -0.464493 0 
0.0936 0.2126 -0.0499 -0.832289 0.456113 -0.315047 0 
0.0938 0.2121 -0.0499 -0.88262 0.265236 -0.388113 0 
0.093 0.213 -0.0505 -0.726775 0.676243 -0.120386 0 
0.0936 0.2132 -0.0507 -0.745068 0.660168 -0.0951461 0 
0.0933 0.2129 -0.0505 -0.798981 0.574599 -0.177383 0 
0.093 0.2135 -0.0507 -0.660979 0.74911 -0.0440653 0 
0.0939 0.2133 -0.0507 -0.737952 0.663412 -0.123737 0 
0.0933 0.2138 -0.0507 -0.661891 0.749019 -0.0295111 0 
0.0933 0.213 -0.0499 -0.77013 0.581141 -0.26301 0 
0.093 0.212 -0.0495 -0.839551 0.336133 -0.426811 0 
0.0913 0.2123 -0.048 -0.83146 0.149692 -0.535039 0 
0.0921 0.2132 -0.0477 -0.338461 0.929733 0.145055 0 
0.0913 0.213 -0.0466 0.236063 0.90173 0.362158 0 
0.0921 0.2132 -0.047 -0.831485 0.121289 -0.542146 0 
0.0909 0.2117 -0.0458 0.292729 0.859796 0.418403 0 
0.0909 0.2121 -0.0457 0.293104 0.860896 0.41587 0 
0.0909 0.2126 -0.046 0.311283 0.885728 0.344366 0 
0.0913 0.2126 -0.0462 0.306501 0.883268 0.354817 0 
0.0915 0.2127 -0.046 0.306501 0.883268 0.354817 0 
0.0912 0.2132 -0.0463 0.271964 0.893172 0.358161 0 
0.0912 0.213 -0.0456 0.293748 0.884258 0.363043 0 
0.0912 0.2133 -0.0454 0.268329 0.882937 0.385255 0 
0.0924 0.2129 -0.046 0.144905 0.913043 0.381255 0 
0.0915 0.2135 -0.0456 0.29941 0.886193 0.353575 0 
0.0918 0.2135 -0.0456 0.309842 0.871526 0.380053 0 
0.0918 0.2141 -0.0456 0.255315 0.868676 0.424518 0 
0.0912 0.2106 -0.0445 0.0520591 0.82591 0.561394 0 
0.0912 0.2108 -0.0446 0.0788952 0.816206 0.572349 0 
0.0912 0.2108 -0.0444 0.0520591 0.82591 0.561394 0 
0.0912 0.2106 -0.0442 -0.0123386 0.81846 0.57443 0 
0.0912 0.2102 -0.0439 -0.0665931 0.826038 0.559666 0 
0.0909 0.21 -0.0434 -0.0407016 0.809822 0.585262 0 
0.091 0.2106 -0.0439 -0.0262872 0.825971 0.563099 0 
0.0909 0.2105 -0.0436 -0.0463303 0.821309 0.568599 0 
0.0913 0.21 -0.0442 -0.0522435 0.814716 0.577502 0 
0.0918 0.2106 -0.0445 0.0910067 0.816172 0.570598 0 
0.0915 0.2108 -0.0447 0.14656 0.830504 0.537385 0 
0.0919 0.2112 -0.0444 0.0150385 0.832587 0.553691 0 
0.0922 0.2111 -0.0447 0.217809 0.830111 0.513298 0 
0.0922 0.2112 -0.0444 0.136502 0.83516 0.5328 0 
0.0913 0.2112 -0.0438 0.0375724 0.825202 0.563587 0 
0.0922 0.2112 -0.044 0.142701 0.837081 0.52814 0 
0.0903 0.2082 -0.0419 -0.573444 0.804019 0.15721 0 
0.0903 0.2091 -0.0416 -0.590085 0.785255 0.187546 0 
0.0903 0.2094 -0.0419 -0.611415 0.752874 0.243623 0 
0.0903 0.2094 -0.0416 -0.608974 0.766228 0.205047 0 
0.0906 0.2094 -0.0418 -0.607381 0.762721 0.222137 0 
0.0912 0.2096 -0.0421 -0.499633 0.804172 0.321986 0 
0.091 0.2105 -0.0424 -0.184432 0.841191 0.508313 0 
0.091 0.2108 -0.0427 -0.136256 0.839513 0.525978 0 
0.0906 0.2099 -0.0422 -0.248555 0.822857 0.511005 0 
0.0909 0.21 -0.0422 -0.304859 0.833282 0.461197 0 
0.0909 0.21 -0.0418 -0.490011 0.814583 0.310393 0 
0.0912 0.2106 -0.0424 -0.194076 0.837986 0.510013 0 
0.0912 0.2109 -0.0428 -0.177636 0.840412 0.512009 0 
0.0912 0.2102 -0.0418 -0.493582 0.807824 0.322177 0 
0.091 0.2087 -0.0412 -0.624074 0.770039 0.13256 0 
0.0909 0.2087 -0.041 -0.624724 0.763887 0.161853 0 
0.0903 0.2094 -0.0412 -0.592515 0.786484 0.174269 0 
0.0904 0.2094 -0.0415 -0.608974 0.766228 0.205047 0 
0.0906 0.2096 -0.0415 -0.609357 0.76671 0.20209 0 
0.0904 0.2094 -0.041 -0.580214 0.799106 0.157422 0 
0.0903 0.2097 -0.0416 -0.58684 0.77884 0.22142 0 
0.0904 0.2097 -0.0412 -0.589441 0.789456 0.171226 0 
0.0909 0.21 -0.0415 -0.628274 0.749275 0.209425 0 
0.0909 0.2099 -0.0412 -0.597309 0.782734 0.174785 0 
0.0909 0.2097 -0.0409 -0.604433 0.785615 0.132173 0 
0.0907 0.2102 -0.041 -0.579103 0.794937 0.180875 0 
0.0906 0.21 -0.0407 -0.578231 0.802352 0.14792 0 
0.0909 0.2097 -0.0403 -0.59622 0.786407 0.161508 0 
0.0903 0.2087 -0.0398 -0.620671 0.759282 0.195596 0 
0.0903 0.2085 -0.0394 -0.625761 0.752459 0.205497 0 
0.0909 0.2096 -0.04 -0.612634 0.772977 0.164882 0 
0.0906 0.2096 -0.0395 -0.633648 0.750252 0.188714 0 
0.0909 0.2094 -0.0395 -0.652394 0.737953 0.172647 0 
0.0897 0.2082 -0.0389 -0.664375 0.717276 0.210048 0 
0.09 0.2087 -0.0391 -0.636126 0.744469 0.202756 0 
0.0897 0.2085 -0.0389 -0.631194 0.745957 0.212466 0 
0.0903 0.2087 -0.0392 -0.648923 0.735241 0.195756 0 
0.0897 0.2082 -0.0386 -0.673996 0.711182 0.199875 0 
0.0898 0.2088 -0.0388 -0.632413 0.746835 0.20565 0 
0.0897 0.2085 -0.0386 -0.654317 0.728566 0.202637 0 
0.09 0.209 -0.0389 -0.642724 0.738745 0.202884 0 
0.09 0.209 -0.0386 -0.660777 0.725468 0.192534 0 
0.0901 0.2091 -0.0388 -0.659036 0.726946 0.192926 0 
0.0901 0.2093 -0.0386 -0.703654 0.688324 0.176297 0 
0.0909 0.2091 -0.0389 -0.712351 0.681844 0.166266 0 
0.0906 0.2094 -0.0392 -0.66839 0.723452 0.172833 0 
0.0906 0.2094 -0.0389 -0.678973 0.712692 0.176257 0 
0.0906 0.2094 -0.0386 -0.694966 0.698021 0.172596 0 
0.0906 0.2097 -0.0398 -0.620425 0.763717 0.178353 0 
0.091 0.21 -0.0386 -0.691898 0.701062 0.172593 0 
0.0916 0.2114 -0.0446 -0.0375448 0.827377 0.560391 0 
0.0916 0.2112 -0.0442 0.114864 0.836036 0.536517 0 
0.0921 0.2112 -0.0447 0.0487901 0.840584 0.539479 0 
0.0916 0.2112 -0.044 0.0842112 0.834976 0.543805 0 
0.0916 0.2112 -0.0436 0.0289415 0.836546 0.547132 0 
0.0912 0.2112 -0.0434 -0.0232469 0.846461 0.531944 0 
0.0918 0.2112 -0.0433 0.00948636 0.849707 0.52717 0 
0.0916 0.2112 -0.043 -0.0718487 0.849506 0.522664 0 
0.0894 0.2079 -0.0367 -0.901604 0.426932 0.069564 0 
0.0894 0.2076 -0.0365 -0.917409 0.395823 0.0410385 0 
0.0895 0.2084 -0.038 -0.706673 0.678839 0.199477 0 
0.0895 0.2084 -0.0377 -0.727769 0.66007 0.186173 0 
0.0894 0.2088 -0.038 -0.691628 0.69779 0.186385 0 
0.0894 0.2081 -0.0374 -0.773836 0.609643 0.171795 0 
0.0894 0.2058 -0.0337 -0.941125 0.338001 0.00628254 0 
0.0892 0.2063 -0.034 -0.949715 0.31239 0.0213278 0 
0.0892 0.2064 -0.0337 -0.951224 0.307932 0.0187003 0 
0.0895 0.2067 -0.035 -0.944491 0.328245 0.0138341 0 
0.0891 0.2055 -0.0329 -0.942187 0.334972 -0.00878204 0 
0.0888 0.2059 -0.0329 -0.943838 0.330406 -0.00124681 0 
0.0888 0.2061 -0.0329 -0.943838 0.330406 -0.00124681 0 
0.0886 0.2055 -0.0325 -0.940625 0.339427 -0.00375749 0 
0.0886 0.2055 -0.0323 -0.940335 0.340228 -0.00376636 0 
0.0888 0.2053 -0.0328 -0.943272 0.331962 -0.00626343 0 
0.0891 0.2055 -0.0321 -0.940795 0.338787 -0.0113349 0 
0.0888 0.2059 -0.0325 -0.943272 0.331962 -0.00626343 0 
0.0886 0.2061 -0.0327 -0.944882 0.32741 -0.0012449 0 
0.0888 0.2056 -0.0326 -0.943272 0.331962 -0.00626343 0 
0.0889 0.2061 -0.0328 -0.943838 0.330406 -0.00124681 0 
0.0888 0.2056 -0.0323 -0.939235 0.343255 -0.00377203 0 
0.0889 0.2058 -0.0323 -0.943547 0.331179 -0.00624866 0 
0.0895 0.207 -0.0325 -0.942497 0.334192 -0.00375497 0 
0.0891 0.207 -0.0322 -0.945831 0.324464 -0.0112748 0 
0.0895 0.2073 -0.0328 -0.952535 0.304368 -0.00616129 0 
0.0891 0.2052 -0.0317 -0.941411 0.337203 -0.00626772 0 
0.0892 0.205 -0.0316 -0.943059 0.332624 0.00124578 0 
0.0891 0.2056 -0.032 -0.940819 0.338795 -0.00881624 0 
0.0889 0.2052 -0.0309 -0.953885 0.298792 0.0287541 0 
0.0886 0.2067 -0.032 -0.947139 0.320705 -0.00873514 0 
0.0895 0.2073 -0.0311 -0.940625 0.339427 0.00375749 0 
0.0895 0.2061 -0.0303 -0.957865 0.285242 0.0336312 0 
0.0894 0.2056 -0.0299 -0.954595 0.296513 0.0287755 0 
0.0894 0.2053 -0.0296 -0.951984 0.304785 0.028848 0 
0.0894 0.2052 -0.0293 -0.954817 0.295806 0.0287069 0 
0.0894 0.2049 -0.029 -0.955101 0.295123 0.0261501 0 
0.0894 0.2052 -0.0287 -0.946588 0.318945 0.0473934 0 
0.0894 0.2049 -0.0279 -0.929482 0.363595 0.0621418 0 
0.0901 0.2066 -0.0365 -0.937301 0.3485 0.00377437 0 
0.0898 0.2067 -0.0361 -0.937788 0.347095 0.00883515 0 
0.09 0.207 -0.0362 -0.936674 0.350147 0.00632033 0 
0.09 0.207 -0.0364 -0.933678 0.357931 0.011464 0 
0.0904 0.2067 -0.0368 -0.922468 0.384905 0.0300096 0 
0.0897 0.2076 -0.0362 -0.926419 0.375505 0.0272858 0 
0.09 0.2073 -0.0361 -0.936674 0.350147 0.00632033 0 
0.0898 0.2067 -0.0359 -0.937788 0.347095 0.00883515 0 
0.09 0.207 -0.0359 -0.938926 0.344063 0.00630151 0 
0.0897 0.207 -0.0356 -0.938608 0.344872 0.00884287 0 
0.09 0.207 -0.0356 -0.938608 0.344872 0.00884287 0 
0.09 0.2073 -0.0359 -0.938109 0.346282 0.00629604 0 
0.0903 0.2073 -0.0355 -0.938926 0.344063 0.00630151 0 
0.0897 0.2082 -0.0383 -0.710132 0.676096 0.196485 0 
0.0897 0.2087 -0.0382 -0.683379 0.704976 0.189742 0 
0.0901 0.2094 -0.0376 -0.656849 0.730687 0.186133 0 
0.0906 0.2094 -0.0382 -0.710479 0.682976 0.169598 0 
0.0907 0.2096 -0.0379 -0.794243 0.591585 0.138583 0 
0.0903 0.2094 -0.0374 -0.80167 0.582359 0.134846 0 
0.0906 0.2094 -0.0373 -0.859777 0.499271 0.107293 0 
0.0906 0.2094 -0.037 -0.911026 0.404446 0.0803446 0 
0.0903 0.2103 -0.0373 -0.812341 0.566715 0.13761 0 
0.0904 0.2102 -0.037 -0.895211 0.435771 0.0932801 0 
0.0906 0.2085 -0.0361 -0.942977 0.332742 -0.0087894 0 
0.0906 0.2088 -0.0367 -0.939478 0.340577 0.0372707 0 
0.0903 0.2087 -0.0353 -0.936983 0.349319 0.0063054 0 
0.0906 0.2085 -0.0358 -0.936983 0.349319 0.0063054 0 
0.0909 0.2082 -0.0355 -0.936983 0.349319 0.0063054 0 
0.0906 0.2085 -0.0353 -0.936983 0.349319 0.0063054 0 
0.0903 0.2094 -0.0355 -0.943559 0.331183 0.00374924 0 
0.0897 0.2105 -0.0368 -0.853274 0.504406 0.132279 0 
0.0903 0.2097 -0.0358 -0.9394 0.342634 0.011379 0 
0.09 0.2053 -0.0341 -0.93972 0.341831 0.00882958 0 
0.0901 0.2049 -0.0338 -0.938926 0.344063 -0.00630151 0 
0.0898 0.2079 -0.0338 -0.945709 0.323699 0.0291964 0 
0.0901 0.2079 -0.034 -0.93798 0.34584 0.0242471 0 
0.0901 0.2079 -0.0337 -0.948265 0.316923 0.0187899 0 
0.0915 0.2078 -0.035 -0.938908 0.344056 0.00882195 0 
0.0918 0.2079 -0.0346 -0.93937 0.342623 0.0139072 0 
0.0898 0.207 -0.0334 -0.953176 0.301984 0.0161555 0 
0.0898 0.2072 -0.0329 -0.955094 0.296239 -0.00614604 0 
0.0898 0.2076 -0.0335 -0.950986 0.308664 0.0187448 0 
0.0898 0.2072 -0.0323 -0.943709 0.330487 -0.0138226 0 
0.0901 0.2082 -0.035 -0.938908 0.344056 0.00882195 0 
0.0903 0.2081 -0.0344 -0.939071 0.343439 0.0139403 0 
0.09 0.2093 -0.0341 -0.938735 0.344245 0.0165136 0 
0.0907 0.2097 -0.035 -0.945644 0.325182 0.00373772 0 
0.0897 0.207 -0.0319 -0.946094 0.323697 -0.0112481 0 
0.0897 0.207 -0.0314 -0.941713 0.336415 -0.00125061 0 
0.09 0.2073 -0.0317 -0.946094 0.323697 -0.0112481 0 
0.09 0.2076 -0.0313 -0.943272 0.331962 -0.00626343 0 
0.0897 0.207 -0.0309 -0.935528 0.353197 0.00632969 0 
0.0897 0.2053 -0.0294 -0.952941 0.301785 0.0288011 0 
0.09 0.2082 -0.0309 -0.938422 0.34547 0.00376876 0 
