0.100921 0.186965 -0.0405978 -0.787392 -0.464028 0.405822 2 
0.0996492 0.188814 -0.0414061 -0.848599 -0.420421 0.321133 2 
0.100192 0.188503 -0.0406192 -0.839781 -0.4238 0.339353 2 
0.100097 0.188772 -0.0405242 -0.848852 -0.417443 0.324333 2 
0.100353 0.188575 -0.0400283 -0.830463 -0.42705 0.357714 2 
0.100335 0.188848 -0.0398705 -0.839995 -0.42078 0.342568 2 
0.10062 0.188043 -0.0401552 -0.823611 -0.430055 0.369752 2 
0.0997696 0.189024 -0.040618 -0.848852 -0.417443 0.324333 2 
0.0913714 0.2139 -0.0513763 0.109962 -0.987296 0.114692 1 
0.0908485 0.214282 -0.0513987 0.109962 -0.987296 0.114692 1 
0.0910984 0.214024 -0.0513678 0.109962 -0.987296 0.114692 1 
0.0913311 0.21404 -0.0511791 0.109962 -0.987296 0.114692 1 
0.0910495 0.214214 -0.0510051 0.101809 -0.988833 0.10883 1 
0.0905438 0.214323 -0.0511854 0.109962 -0.987296 0.114692 1 
0.0907765 0.214338 -0.0509966 0.114216 -0.987913 0.104797 1 
0.0910092 0.214354 -0.0508079 0.114216 -0.987913 0.104797 1 
0.0909776 0.214443 -0.0507762 0.114216 -0.987913 0.104797 1 
0.0919489 0.213562 -0.0514248 0.105041 -0.987856 0.114483 1 
0.0918082 0.213736 -0.0514244 0.105041 -0.987856 0.114483 1 
0.091449 0.213905 -0.0513134 0.109962 -0.987296 0.114692 1 
0.091127 0.214219 -0.0509421 0.101809 -0.988833 0.10883 1 
0.0910636 0.214052 -0.0505323 0.146555 -0.985371 0.0869796 1 
0.091776 0.214282 -0.0498399 0.149876 -0.984385 0.0923235 1 
0.0911838 0.21409 -0.049571 0.218772 -0.974084 0.0574428 1 
0.0906817 0.214606 -0.0509017 0.114216 -0.987913 0.104797 1 
0.0904776 0.214786 -0.0506648 0.146555 -0.985371 0.0869796 1 
0.0906959 0.214617 -0.0506022 0.146555 -0.985371 0.0869796 1 
0.0905866 0.214355 -0.0502869 0.18807 -0.979176 0.0764413 1 
0.0904774 0.21444 -0.0503182 0.18807 -0.979176 0.0764413 1 
0.0897358 0.214644 -0.0500567 0.209768 -0.976089 0.056989 1 
0.0903137 0.214653 -0.0504518 0.172289 -0.981928 0.0783133 1 
0.0900951 0.214475 -0.0501678 0.209768 -0.976089 0.056989 1 
0.0901094 0.214486 -0.0498683 0.218772 -0.974084 0.0574428 1 
0.0903278 0.21449 -0.049979 0.218772 -0.974084 0.0574428 1 
0.0913044 0.214474 -0.0489562 0.230547 -0.973026 0.00827604 1 
0.091218 0.214346 -0.0486804 0.228646 -0.973244 -0.0227449 1 
0.090827 0.214431 -0.0483644 0.113305 -0.99334 -0.0209009 1 
0.0907267 0.214638 -0.0487344 0.226363 -0.973718 -0.0251514 1 
0.0906319 0.214907 -0.0486395 0.150466 -0.988615 -0.00111456 1 
0.0884105 0.213913 -0.0489986 0.196558 -0.980491 -0.00114946 1 
0.0880139 0.213765 -0.0489744 0.175986 -0.984387 -0.00340618 1 
0.0886632 0.214347 -0.048392 0.493275 -0.842362 0.217041 1 
0.0885684 0.214615 -0.0482971 0.425225 -0.872988 0.238907 1 
0.0878097 0.213771 -0.0485642 0.944848 -0.136134 0.297876 1 
0.0904764 0.214377 -0.0482455 0.817595 -0.541524 0.195677 1 
0.0897435 0.214358 -0.0479762 0.464918 -0.869704 0.165728 1 
0.0896203 0.214778 -0.0486535 0.920906 -0.248544 0.300264 1 
0.0898214 0.214883 -0.0484332 0.524778 -0.815806 0.243039 1 
0.0896658 0.21418 -0.0478659 0.843942 0.493683 0.209853 1 
0.0892376 0.214121 -0.04781 0.846769 0.487533 0.212824 1 
0.0888871 0.21424 -0.0478645 0.854207 0.47456 0.212422 1 
0.0900166 0.214407 -0.048158 0.512683 -0.842584 0.16495 1 
0.0905452 0.214259 -0.0478438 0.67847 -0.720592 0.142915 1 
0.0886914 0.214023 -0.0474465 0.863458 0.455005 0.217742 1 
0.0880759 0.213177 -0.0466184 0.863526 0.465204 0.194702 1 
0.0892661 0.214142 -0.0472111 0.856234 0.471004 0.212177 1 
0.0890673 0.214037 -0.0461626 0.874047 0.449552 0.184243 1 
0.0914881 0.214852 -0.0485781 0.229343 -0.973223 -0.015448 1 
0.0912696 0.214674 -0.048294 0.967134 -0.11115 0.228688 1 
0.0915626 0.214969 -0.0478846 0.873627 -0.443488 0.200237 1 
0.0915078 0.214751 -0.0476403 0.826701 -0.536683 0.168928 1 
0.0914762 0.21484 -0.0476087 0.782664 -0.593482 0.187656 1 
0.0908786 0.214587 -0.0478048 0.634678 -0.753395 0.171987 1 
0.0912175 0.214975 -0.0473007 0.909538 0.343796 0.23355 1 
0.0908292 0.214257 -0.0469222 0.747671 0.633593 0.198865 1 
0.0902919 0.214455 -0.0470709 0.812195 0.547051 0.202668 1 
0.0905477 0.214605 -0.0469215 0.825884 0.528869 0.195484 1 
0.0911223 0.214724 -0.046686 0.753767 0.631452 0.181944 1 
0.0888011 0.214631 -0.0481084 0.430239 -0.879697 0.202552 1 
0.0882636 0.214483 -0.0479104 0.423777 -0.881514 0.208197 1 
0.0887453 0.214178 -0.0456181 0.870651 0.469483 0.146804 1 
0.0909182 0.214904 -0.0464491 0.839363 0.509023 0.190696 1 
0.0909094 0.214781 -0.0461103 0.796051 0.577706 0.180438 1 
0.0907455 0.214648 -0.0458973 0.828435 0.530739 0.178918 1 
0.0902942 0.214281 -0.0456287 0.860332 0.479602 0.172657 1 
0.0901734 0.214873 -0.0452105 0.875324 0.454467 0.165128 1 
0.0902365 0.214521 -0.0451004 0.881847 0.443103 0.16126 1 
0.0912309 0.215097 -0.0451019 0.835158 0.526609 0.158725 1 
0.0878775 0.213591 -0.0460898 0.860339 0.478295 0.176214 1 
0.0887335 0.213017 -0.0455085 0.88078 0.44403 0.164509 1 
0.0889261 0.213518 -0.0454691 0.888414 0.429039 0.163237 1 
0.0892504 0.213376 -0.0447447 0.866082 0.481478 0.134467 1 
0.0896383 0.213402 -0.0444302 0.856681 0.50249 0.116624 1 
0.0890955 0.213712 -0.0452171 0.879512 0.452031 0.148752 1 
0.100503 0.210926 -0.0452238 0.0691867 0.997353 0.0223526 1 
0.100612 0.210841 -0.0451925 0.0691867 0.997353 0.0223526 1 
0.1009 0.210901 -0.0450748 0.0412473 0.99328 -0.108135 1 
0.100673 0.21112 -0.0449717 0.0720531 0.996913 0.0311871 1 
0.0997963 0.210583 -0.0452779 0.00336987 0.987372 0.158384 1 
0.0993825 0.210881 -0.0452691 -0.0260391 0.958485 0.28395 1 
0.0998107 0.21094 -0.045325 0.00336987 0.987372 0.158384 1 
0.0997935 0.211214 -0.0451672 0.00336987 0.987372 0.158384 1 
0.0997847 0.211091 -0.0448283 0.00336987 0.987372 0.158384 1 
0.100121 0.210961 -0.0450733 0.0296046 0.999411 0.0173544 1 
0.100167 0.210882 -0.0448055 0.0296046 0.999411 0.0173544 1 
0.100017 0.211106 -0.0446396 0.00112249 0.986665 0.16276 1 
0.0999166 0.210794 -0.0444899 -0.00112456 0.986241 0.165311 1 
0.1004 0.210898 -0.0446167 0.0452403 0.998444 0.0326151 1 
0.100259 0.210725 -0.0442699 0.0427884 0.998743 0.0260905 1 
0.0999222 0.210855 -0.0440248 0.00112249 0.986665 0.16276 1 
0.0992877 0.211149 -0.0451741 -0.0259773 0.958686 0.283276 1 
0.099575 0.211209 -0.0450564 0.00557457 0.988929 0.148284 1 
0.0997215 0.21127 -0.0447651 0.00563938 0.986892 0.161286 1 
0.0995891 0.211047 -0.0445837 -0.0130186 0.974029 0.22605 1 
0.0994568 0.210824 -0.0444023 -0.0314802 0.950701 0.308506 1 
0.0996262 0.210846 -0.043977 -0.0258029 0.96208 0.271545 1 
0.0997497 0.210945 -0.0438196 0.00112249 0.986665 0.16276 1 
0.0981983 0.210496 -0.0447312 -0.0881154 0.579251 -0.810373 1 
0.0986004 0.210706 -0.0442905 -0.0579279 0.572215 -0.818055 1 
0.101259 0.210732 -0.0451859 -0.00522345 0.997678 -0.0679048 1 
0.101796 0.210707 -0.0452105 -0.00522345 0.997678 -0.0679048 1 
0.102535 0.210787 -0.0450148 -0.00522345 0.997678 -0.0679048 1 
0.102503 0.210876 -0.0449831 -0.00522345 0.997678 -0.0679048 1 
0.101888 0.210723 -0.0448481 -0.00522345 0.997678 -0.0679048 1 
0.102354 0.210927 -0.0446439 -0.00522345 0.997678 -0.0679048 1 
0.102276 0.210749 -0.0445336 -0.00522345 0.997678 -0.0679048 1 
0.101 0.210867 -0.0448779 0.0412473 0.99328 -0.108135 1 
0.101515 0.210881 -0.0450365 -0.00522345 0.997678 -0.0679048 1 
0.101693 0.210852 -0.0447768 -0.00522345 0.997678 -0.0679048 1 
0.102072 0.211101 -0.0444699 -0.00522345 0.997678 -0.0679048 1 
0.100859 0.210868 -0.0447043 0.0412473 0.99328 -0.108135 1 
0.101124 0.210794 -0.0445472 -0.00522345 0.997678 -0.0679048 1 
0.101302 0.210765 -0.0442875 -0.00522345 0.997678 -0.0679048 1 
0.101161 0.210765 -0.0441138 -0.00522345 0.997678 -0.0679048 1 
0.100741 0.210483 -0.0440502 -0.00522345 0.997678 -0.0679048 1 
0.100819 0.211007 -0.0445071 0.0412473 0.99328 -0.108135 1 
0.10056 0.211142 -0.0441992 0.0397235 0.999198 -0.00509275 1 
0.100669 0.210885 -0.0439947 0.0412473 0.99328 -0.108135 1 
0.100942 0.210934 -0.0441764 -0.00522345 0.997678 -0.0679048 1 
0.101066 0.211034 -0.0440189 -0.00522345 0.997678 -0.0679048 1 
0.100778 0.210801 -0.0439634 -0.00522345 0.997678 -0.0679048 1 
0.101043 0.2109 -0.0439796 -0.00522345 0.997678 -0.0679048 1 
0.10021 0.210915 -0.0439071 0.00571291 0.983762 0.179385 1 
0.10052 0.211109 -0.0438287 0.0397235 0.999198 -0.00509275 1 
0.100324 0.210892 -0.0434108 0.0397235 0.999198 -0.00509275 1 
0.0937408 0.202847 -0.0408348 -0.997027 -0.0753876 -0.015927 1 
0.0938015 0.203645 -0.0411339 -0.955216 -0.286693 0.0732803 1 
0.0937842 0.203918 -0.040976 -0.962514 -0.259968 0.0773562 1 
0.0928186 0.203884 -0.0408955 -0.974379 -0.187332 0.124469 1 
0.0927238 0.204152 -0.0408006 -0.975916 -0.183218 0.118406 1 
0.0932785 0.203854 -0.040983 -0.962595 -0.256267 0.0879722 1 
0.0935111 0.203869 -0.0407943 -0.962595 -0.256267 0.0879722 1 
0.0936806 0.204064 -0.0405423 -0.955662 -0.280621 0.0892296 1 
0.0931892 0.204183 -0.0404231 -0.971655 -0.216898 0.0940311 1 
0.0933211 0.203887 -0.0400846 -0.974883 -0.199944 0.0981093 1 
0.0928472 0.204079 -0.0404698 -0.977887 -0.183739 0.099885 1 
0.0944593 0.204004 -0.0405437 -0.945258 -0.31421 0.0880839 1 
0.0948645 0.203929 -0.0405603 -0.929334 -0.361334 0.0760001 1 
0.0954306 0.204272 -0.0403325 -0.936316 -0.339631 0.0892364 1 
0.0948271 0.204934 -0.0399606 -0.980051 -0.178966 0.0864393 1 
0.0940656 0.203398 -0.0408035 -0.946902 -0.312151 0.0770582 1 
0.0946403 0.203518 -0.040568 -0.929121 -0.364491 0.0622948 1 
0.0940801 0.203755 -0.0408506 -0.955123 -0.284861 0.0812048 1 
0.0950597 0.203454 -0.0402851 -0.910405 -0.406892 0.0748464 1 
0.0947149 0.20398 -0.0402211 -0.942012 -0.323693 0.0885201 1 
0.0937984 0.203929 -0.0406766 -0.951588 -0.2955 0.0846145 1 
0.093804 0.20399 -0.0402115 -0.954752 -0.281879 0.0948258 1 
0.094218 0.204039 -0.0405669 -0.945258 -0.31421 0.0880839 1 
0.0937033 0.203678 -0.0400618 -0.963213 -0.251996 0.0933792 1 
0.0934675 0.203774 -0.03962 -0.961097 -0.256722 0.101915 1 
0.0935363 0.203656 -0.0392182 -0.952567 -0.285113 0.106425 1 
0.0942518 0.203775 -0.0391564 -0.955429 -0.277635 0.100366 1 
0.0942805 0.204143 -0.038904 -0.953249 -0.28191 0.10883 1 
0.0949128 0.204023 -0.0391969 -0.946852 -0.303258 0.107266 1 
0.0948871 0.204693 -0.03922 -0.951418 -0.291838 0.0981518 1 
0.095183 0.20453 -0.0390945 -0.950429 -0.296764 0.0928205 1 
0.0947774 0.204085 -0.0385582 -0.940328 -0.320597 0.11402 1 
0.0952517 0.204412 -0.0386928 -0.942071 -0.318465 0.105267 1 
0.0943585 0.204841 -0.0395342 -0.972086 -0.213934 0.0963329 1 
0.0947919 0.204442 -0.0386053 -0.943117 -0.313483 0.11072 1 
0.0954126 0.20483 -0.0384486 -0.82488 -0.561711 0.06367 1 
0.0956225 0.205057 -0.038567 -0.536675 -0.843735 -0.0095107 1 
0.0952487 0.204696 -0.0382356 0.278736 -0.956952 -0.0809235 1 
0.0951851 0.204356 -0.0376524 0.379313 -0.923832 -0.0515443 1 
0.0951077 0.204524 -0.0378886 0.338975 -0.937787 -0.0751812 1 
0.0915623 0.203382 -0.0397823 -0.379303 -0.897732 0.224067 1 
0.0930361 0.203653 -0.0387602 -0.953234 -0.273675 0.128244 1 
0.0939068 0.203955 -0.0387459 -0.947132 -0.297061 0.121222 1 
0.0933375 0.20355 -0.0381698 -0.0512291 -0.998446 0.0219553 1 
0.0943089 0.204165 -0.0383051 -0.925867 -0.361347 0.110449 1 
0.0940957 0.203702 -0.0372096 0.386922 -0.919776 -0.0656027 1 
0.0944377 0.203807 -0.0371628 0.396168 -0.915377 -0.0716617 1 
0.094173 0.203361 -0.0368001 0.403892 -0.910468 -0.0889931 1 
0.0937217 0.202995 -0.0365315 0.403892 -0.910468 -0.0889931 1 
0.0941506 0.204093 -0.0376271 0.344564 -0.936741 -0.061576 1 
0.0941734 0.203881 -0.0373199 0.388054 -0.92047 -0.0463546 1 
0.0941417 0.203797 -0.037115 0.396168 -0.915377 -0.0716617 1 
0.0942737 0.203673 -0.0369498 0.403892 -0.910468 -0.0889931 1 
0.0940466 0.203719 -0.0366736 0.403892 -0.910468 -0.0889931 1 
0.0942793 0.203734 -0.0364848 0.403892 -0.910468 -0.0889931 1 
0.0939142 0.203496 -0.0364922 0.403892 -0.910468 -0.0889931 1 
0.0934629 0.20313 -0.0362236 0.403892 -0.910468 -0.0889931 1 
0.0942849 0.203796 -0.0360198 0.403892 -0.910468 -0.0889931 1 
0.0946178 0.203431 -0.0352877 0.513864 -0.850682 -0.110833 1 
0.0944913 0.203788 -0.0351611 0.536517 -0.836036 -0.114864 1 
0.0945631 0.203386 -0.0352167 0.536517 -0.836036 -0.114864 1 
0.0944367 0.203744 -0.0350901 0.531783 -0.835238 -0.139943 1 
0.0859238 0.201014 -0.046307 -0.869476 0.493559 -0.0202833 1 
0.0874218 0.201828 -0.0477436 -0.628223 0.77331 -0.0856009 1 
0.0877696 0.202513 -0.0477517 -0.612448 0.786192 -0.0825284 1 
0.0871774 0.202147 -0.0473095 -0.628223 0.77331 -0.0856009 1 
0.0874333 0.20247 -0.0473334 -0.612448 0.786192 -0.0825284 1 
0.0867258 0.201435 -0.0466944 -0.779878 0.624186 -0.0467078 1 
0.0863032 0.201436 -0.0461735 -0.835222 0.547984 -0.0460139 1 
0.0868549 0.201595 -0.0460719 -0.726264 0.686778 -0.0296146 1 
0.0872603 0.201867 -0.046435 -0.701211 0.712453 -0.0266994 1 
0.089605 0.202787 -0.0457451 -0.525741 0.80509 0.274641 1 
0.0887174 0.203277 -0.0461215 -0.510228 0.858676 -0.0483956 1 
0.0888552 0.203561 -0.0458378 -0.488806 0.872392 0.0013319 1 
0.0890563 0.203666 -0.0456175 -0.455036 0.889938 0.0308727 1 
0.0887828 0.202924 -0.0447427 -0.550651 0.760577 0.343955 1 
0.0879263 0.202806 -0.0446308 -0.524415 0.776135 0.350148 1 
0.0881506 0.203218 -0.0446231 -0.546041 0.807525 0.223031 1 
0.0878313 0.202728 -0.0441894 -0.545083 0.741509 0.391216 1 
0.0882913 0.203044 -0.0446235 -0.574268 0.765161 0.291111 1 
0.0884753 0.203596 -0.0444185 -0.488788 0.858681 0.154122 1 
0.0889524 0.203292 -0.0446639 -0.553506 0.760062 0.340495 1 
0.0889667 0.203476 -0.0445377 -0.471915 0.854875 0.215603 1 
0.0889579 0.203353 -0.0441989 -0.595335 0.67538 0.435245 1 
0.0875669 0.202629 -0.0441732 -0.567978 0.710387 0.415634 1 
0.0875383 0.201757 -0.0512194 -0.669513 0.721603 -0.176188 1 
0.0875066 0.201673 -0.0510145 -0.654537 0.741808 -0.145954 1 
0.0874978 0.20155 -0.0506757 -0.63523 0.760781 -0.133025 1 
0.088745 0.202733 -0.0502437 -0.574005 0.812326 -0.103176 1 
0.0887909 0.201332 -0.0506624 -0.625508 0.768822 -0.132864 1 
0.0887017 0.201834 -0.0502758 -0.619884 0.778152 -0.101116 1 
0.0884285 0.201612 -0.0499207 -0.619884 0.778152 -0.101116 1 
0.0879635 0.202101 -0.050818 -0.621062 0.772976 -0.129574 1 
0.0879462 0.202374 -0.0506602 -0.623741 0.771898 -0.12297 1 
0.0877448 0.20175 -0.0503608 -0.619884 0.778152 -0.101116 1 
0.0874487 0.201567 -0.0501397 -0.623098 0.775574 -0.101162 1 
0.0885123 0.202717 -0.0504325 -0.610484 0.787394 -0.0855548 1 
0.0889461 0.202838 -0.0500234 -0.574005 0.812326 -0.103176 1 
0.0889376 0.203234 -0.0502044 -0.581702 0.810381 -0.0700329 1 
0.0883139 0.203131 -0.0499038 -0.574005 0.812326 -0.103176 1 
0.0892678 0.202177 -0.050048 -0.574005 0.812326 -0.103176 1 
0.0899954 0.203977 -0.0506156 -0.55724 0.82506 -0.0935932 1 
0.0892478 0.203255 -0.0499527 -0.581702 0.810381 -0.0700329 1 
0.0897765 0.20328 -0.0498118 -0.586414 0.807917 -0.0582154 1 
0.0897047 0.203682 -0.0497562 -0.582932 0.809231 -0.0730456 1 
0.0894085 0.203326 -0.0493619 -0.613142 0.786264 -0.0764624 1 
0.0896415 0.203861 -0.0496929 -0.582932 0.809231 -0.0730456 1 
0.0894921 0.204085 -0.049527 -0.552207 0.826124 -0.11219 1 
0.0894144 0.203907 -0.0494167 -0.618249 0.782539 -0.0734981 1 
0.0895552 0.203733 -0.049417 -0.618249 0.782539 -0.0734981 1 
0.0889859 0.203328 -0.0488409 -0.612448 0.786192 -0.0825284 1 
0.0887988 0.202888 -0.0484153 -0.612448 0.786192 -0.0825284 1 
0.0879655 0.203076 -0.0485161 -0.612448 0.786192 -0.0825284 1 
0.0893969 0.203834 -0.0489123 -0.613142 0.786264 -0.0764624 1 
0.0892648 0.203957 -0.0490775 -0.618249 0.782539 -0.0734981 1 
0.0893709 0.203984 -0.0484156 -0.612448 0.786192 -0.0825284 1 
0.0888679 0.203289 -0.0485334 -0.612448 0.786192 -0.0825284 1 
0.0886809 0.203022 -0.048281 -0.612448 0.786192 -0.0825284 1 
0.0890057 0.203573 -0.0482497 -0.612448 0.786192 -0.0825284 1 
0.0912247 0.204394 -0.0489862 -0.049682 0.975464 -0.214481 1 
0.0913163 0.204237 -0.0484505 -0.00564778 0.986102 -0.166045 1 
0.0902471 0.204175 -0.047763 -0.424424 0.90409 -0.049853 1 
0.0906521 0.203927 -0.0476063 -0.268979 0.958802 -0.0913757 1 
0.0885457 0.203257 -0.0478157 -0.612448 0.786192 -0.0825284 1 
0.0920485 0.204539 -0.0469937 0.180097 0.931198 -0.316915 1 
0.0913153 0.204001 -0.0462046 0.071467 0.987651 -0.139419 1 
0.0906898 0.204591 -0.047866 -0.331847 0.935944 -0.11784 1 
0.0910546 0.204656 -0.0476853 -0.201836 0.964907 -0.16798 1 
0.0905946 0.20434 -0.0472512 -0.291385 0.950626 -0.106797 1 
0.0910653 0.204259 -0.0462355 -0.150576 0.988364 -0.0215108 1 
0.0945035 0.211073 -0.0459457 0.261222 0.536523 0.802438 1 
0.0953226 0.211047 -0.0463177 -0.00414924 0.684625 0.728884 1 
0.0949777 0.211227 -0.0459071 0.143594 0.468494 0.871719 1 
0.094308 0.21103 -0.0457011 0.300103 0.494934 0.815462 1 
0.0946096 0.211274 -0.0454572 0.240168 0.439553 0.865512 1 
0.0946784 0.211156 -0.0450555 0.230421 0.316292 0.920253 1 
0.0935607 0.210827 -0.045558 0.547436 0.678017 0.490516 1 
0.0944543 0.210917 -0.0452365 0.281075 0.349485 0.893788 1 
0.0943678 0.210616 -0.0447873 0.308739 0.350909 0.884049 1 
0.0940024 0.209858 -0.0442748 0.357656 0.218648 0.907896 1 
0.0936353 0.211289 -0.0452111 0.55627 0.709037 0.433393 1 
0.0942042 0.211002 -0.0450941 0.308707 0.429708 0.848558 1 
0.0954746 0.211169 -0.0455613 0.0775307 0.511703 0.855657 1 
0.0957249 0.21143 -0.0460502 -0.0381922 0.759601 0.649267 1 
0.0959576 0.211446 -0.0458615 -0.0614108 0.781203 0.621249 1 
0.0956299 0.211525 -0.045782 -0.0323869 0.747716 0.663228 1 
0.0952647 0.210768 -0.0452696 0.104134 0.489288 0.865883 1 
0.0951007 0.210634 -0.0450566 0.15119 0.433412 0.888423 1 
0.0952016 0.21112 -0.0453795 0.128561 0.489687 0.862368 1 
0.0952014 0.210947 -0.0452063 0.119031 0.477556 0.870501 1 
0.0948967 0.210987 -0.0449929 0.184381 0.370192 0.910473 1 
0.0946001 0.210112 -0.0440787 0.27762 0.295062 0.914257 1 
0.0945454 0.209894 -0.0438345 0.30031 0.215716 0.929129 1 
0.094373 0.210157 -0.0438025 0.345948 0.280618 0.895306 1 
0.0944595 0.210459 -0.0442516 0.29519 0.327824 0.897438 1 
0.0942496 0.210231 -0.0441332 0.374727 0.319665 0.870284 1 
0.0941087 0.210231 -0.0439595 0.367278 0.297752 0.881164 1 
0.0954221 0.21095 -0.0440481 0.141851 0.340167 0.929605 1 
0.0951975 0.209846 -0.0433628 0.189006 0.256994 0.94775 1 
0.0934243 0.207835 -0.0438731 0.56404 0.259238 0.783999 1 
0.0935163 0.208197 -0.0438573 0.46213 0.21827 0.859531 1 
0.0932346 0.208371 -0.0436833 0.447458 0.233522 0.863278 1 
0.0937694 0.209323 -0.0439438 0.363655 0.199795 0.909856 1 
0.0932118 0.208584 -0.0439905 0.444977 0.196618 0.873692 1 
0.0936457 0.208877 -0.0437547 0.399102 0.216487 0.890983 1 
0.0940363 0.208445 -0.0437241 0.36556 0.219919 0.904434 1 
0.0941743 0.208729 -0.0434404 0.362631 0.206598 0.908744 1 
0.0937519 0.20925 -0.0434394 0.363655 0.199795 0.909856 1 
0.093789 0.209049 -0.0428327 0.401032 0.240023 0.88406 1 
0.0924449 0.209804 -0.0440987 0.268611 0.282975 0.920746 1 
0.093534 0.209938 -0.0440217 0.310306 0.230227 0.922337 1 
0.0935798 0.20986 -0.0437539 0.328061 0.235568 0.914813 1 
0.0930282 0.209874 -0.0440287 0.350002 0.298929 0.887773 1 
0.0932292 0.209806 -0.0436351 0.349776 0.278332 0.894532 1 
0.0936027 0.209821 -0.04362 0.328061 0.235568 0.914813 1 
0.0933299 0.210118 -0.0437848 0.301955 0.278615 0.9117 1 
0.0934388 0.209687 -0.043407 0.395435 0.246214 0.884879 1 
0.0921402 0.209845 -0.0438853 0.170226 0.250647 0.952995 1 
0.0934076 0.210296 -0.0438952 0.277461 0.27171 0.921515 1 
0.0930021 0.210025 -0.0435321 0.321075 0.291483 0.901082 1 
0.0941545 0.20998 -0.0435184 0.358655 0.235688 0.903226 1 
0.0939302 0.209568 -0.0435262 0.366095 0.206923 0.90728 1 
0.0938902 0.210054 -0.0436755 0.354222 0.23469 0.905233 1 
0.0934931 0.209212 -0.0429582 0.414854 0.224527 0.881751 1 
0.0998336 0.199157 -0.0442292 -0.148717 0.623411 0.767621 1 
0.100635 0.199404 -0.0444433 -0.220033 0.641371 0.735002 1 
0.100417 0.199226 -0.0441593 -0.195678 0.624012 0.756518 1 
0.0991956 0.19887 -0.0440548 -0.100688 0.593911 0.798205 1 
0.100152 0.198608 -0.0436232 -0.191171 0.585748 0.787625 1 
0.0998564 0.198771 -0.0437487 -0.164251 0.589196 0.791119 1 
0.100322 0.198975 -0.0435445 -0.175067 0.622629 0.762683 1 
0.10008 0.198664 -0.0432211 -0.200573 0.57722 0.791573 1 
0.100017 0.198843 -0.0431578 -0.177731 0.584842 0.791436 1 
0.0998788 0.19804 -0.0429217 -0.228064 0.457638 0.859392 1 
0.0997524 0.198397 -0.0427951 -0.20652 0.486904 0.84869 1 
0.099511 0.198432 -0.0428183 -0.180518 0.496799 0.848884 1 
0.098281 0.196803 -0.0432348 -0.136553 0.141474 0.980479 1 
0.099554 0.197489 -0.042953 -0.241997 0.2337 0.941712 1 
0.0985221 0.197744 -0.0421786 -0.148765 0.238288 0.959733 1 
0.0989272 0.19767 -0.0421951 -0.164435 0.219685 0.961613 1 
0.0996286 0.197951 -0.0426061 -0.220364 0.375057 0.900429 1 
0.0995969 0.197868 -0.0424011 -0.233782 0.341234 0.910442 1 
0.0994416 0.197511 -0.0421804 -0.236162 0.2334 0.943267 1 
0.0992375 0.197691 -0.0419435 -0.196547 0.294123 0.93534 1 
0.0991919 0.198115 -0.0425579 -0.174034 0.395532 0.901813 1 
0.098335 0.197304 -0.041753 -0.130692 0.168033 0.97708 1 
0.0984674 0.1977 -0.0421076 -0.144347 0.224973 0.963614 1 
0.0989471 0.197915 -0.0416039 -0.172212 0.337424 0.925466 1 
0.0978753 0.197508 -0.0418387 -0.128447 0.173342 0.97645 1 
0.0977573 0.197469 -0.0415311 -0.120731 0.175495 0.977049 1 
0.0981396 0.197434 -0.0416816 -0.1363 0.166311 0.976608 1 
0.0981452 0.197495 -0.0412166 -0.139093 0.166661 0.976155 1 
0.0984641 0.197465 -0.0411304 -0.163959 0.166501 0.972314 1 
0.0977168 0.197262 -0.0409874 -0.116601 0.131026 0.984498 1 
0.0997475 0.199375 -0.0442998 -0.142625 0.62905 0.764169 1 
0.10034 0.199568 -0.0445687 -0.17905 0.635092 0.751398 1 
0.100213 0.199406 -0.0439223 -0.165626 0.630595 0.758233 1 
0.100446 0.199421 -0.0437336 -0.165859 0.643655 0.747127 1 
0.0992874 0.198886 -0.0436924 -0.103626 0.585266 0.804193 1 
0.0994885 0.198991 -0.0434721 -0.122327 0.591004 0.797339 1 
0.0997527 0.198917 -0.043315 -0.153917 0.572331 0.805448 1 
0.0995572 0.198873 -0.0430703 -0.143203 0.541808 0.828213 1 
0.0979063 0.197875 -0.0403174 -0.135788 0.297119 0.945136 1 
0.0977339 0.198138 -0.0402854 -0.113805 0.431335 0.894985 1 
0.103374 0.199435 -0.0440068 -0.199934 0.932559 0.3006 1 
0.104287 0.199943 -0.0432673 -0.168426 0.940723 0.294404 1 
0.104015 0.200241 -0.0434322 -0.172275 0.938552 0.299069 1 
0.103828 0.199973 -0.0431798 -0.182069 0.9432 0.277895 1 
0.102813 0.199153 -0.0437696 -0.201126 0.939051 0.278803 1 
0.102089 0.198738 -0.0433193 -0.287971 0.916008 0.279288 1 
0.100888 0.199145 -0.0431435 -0.199503 0.685116 0.700581 1 
0.102618 0.199282 -0.0436982 -0.210183 0.936775 0.27978 1 
0.102236 0.199317 -0.0435477 -0.212562 0.909534 0.357162 1 
0.102468 0.199333 -0.043359 -0.213955 0.935531 0.281079 1 
0.100106 0.197475 -0.0426781 -0.284945 0.375404 0.881974 1 
0.100749 0.197996 -0.0425608 -0.297992 0.665248 0.684577 1 
0.10166 0.197813 -0.042397 -0.338228 0.906333 0.253305 1 
0.101801 0.198158 -0.0429172 -0.317408 0.91454 0.250738 1 
0.100879 0.199022 -0.0428047 -0.206752 0.701093 0.682438 1 
0.100747 0.1988 -0.0426233 -0.24485 0.684002 0.687161 1 
0.100111 0.198055 -0.0427329 -0.257087 0.484924 0.835916 1 
0.100344 0.19807 -0.0425442 -0.276529 0.510876 0.813964 1 
0.100212 0.197848 -0.0423628 -0.279031 0.497267 0.821503 1 
0.100551 0.198756 -0.0423786 -0.237731 0.662813 0.710044 1 
0.100419 0.198533 -0.0421973 -0.227057 0.64672 0.728147 1 
0.101767 0.198532 -0.0424283 -0.28367 0.925133 0.252309 1 
0.101502 0.198606 -0.0425854 -0.278041 0.893599 0.352384 1 
0.10081 0.198101 -0.0421668 -0.303526 0.74356 0.595811 1 
0.100723 0.198146 -0.0420641 -0.299586 0.738552 0.603978 1 
0.101361 0.19826 -0.0420652 -0.338228 0.906333 0.253305 1 
0.100456 0.198505 -0.0417639 -0.251788 0.666684 0.701523 1 
0.100752 0.198341 -0.0416385 -0.28706 0.810984 0.509806 1 
0.103046 0.199168 -0.0435808 -0.194776 0.940727 0.27766 1 
0.102149 0.198497 -0.0425787 -0.270974 0.929256 0.251112 1 
0.102696 0.199287 -0.0436353 -0.210183 0.936775 0.27978 1 
0.102819 0.199214 -0.0433045 -0.210183 0.936775 0.27978 1 
0.102126 0.198709 -0.0428859 -0.274648 0.926404 0.257572 1 
0.102428 0.19878 -0.0424687 -0.238795 0.93116 0.275533 1 
0.102698 0.199286 -0.0423665 -0.213955 0.935531 0.281079 1 
0.103595 0.199439 -0.0428487 -0.185333 0.943138 0.27594 1 
0.103267 0.199691 -0.0429425 -0.185333 0.943138 0.27594 1 
0.103158 0.199603 -0.0428005 -0.194776 0.940727 0.27766 1 
0.102907 0.198995 -0.0419651 -0.204158 0.937461 0.281933 1 
0.102908 0.199514 -0.0424849 -0.197946 0.939896 0.278231 1 
0.103295 0.199367 -0.0419971 -0.194776 0.940727 0.27766 1 
0.102761 0.198415 -0.0417366 -0.203943 0.939247 0.276086 1 
0.10287 0.198504 -0.0418786 -0.213955 0.935531 0.281079 1 
0.102597 0.198282 -0.0415236 -0.21824 0.938294 0.268283 1 
0.102939 0.198386 -0.0414769 -0.204158 0.937461 0.281933 1 
0.101867 0.198325 -0.0420582 -0.283125 0.926202 0.248979 1 
0.102332 0.198529 -0.041854 -0.230328 0.936666 0.26383 1 
0.1021 0.19834 -0.0418695 -0.270974 0.929256 0.251112 1 
0.102255 0.198351 -0.0417436 -0.2608 0.93183 0.252341 1 
0.0998841 0.197581 -0.0419369 -0.267032 0.340797 0.901416 1 
0.0997892 0.19785 -0.041842 -0.26403 0.40887 0.873564 1 
0.0998035 0.198034 -0.0417157 -0.25826 0.456922 0.851189 1 
0.0993294 0.19788 -0.0417544 -0.200632 0.368066 0.907896 1 
0.0992661 0.197885 -0.0415178 -0.196998 0.401291 0.894515 1 
0.0997947 0.197911 -0.0413769 -0.265642 0.462186 0.846061 1 
0.100605 0.197935 -0.0415833 -0.332504 0.731508 0.595263 1 
0.100915 0.197955 -0.0413316 -0.352643 0.898575 0.261162 1 
0.100465 0.198281 -0.0417562 -0.286667 0.67743 0.67743 1 
0.100301 0.198148 -0.0415432 -0.287271 0.685279 0.66923 1 
0.100821 0.198224 -0.0412367 -0.32802 0.904628 0.272124 1 
0.100361 0.198254 -0.0411492 -0.278692 0.79199 0.543214 1 
0.100826 0.198285 -0.0407717 -0.327544 0.909843 0.254756 1 
0.101059 0.1983 -0.040583 -0.294939 0.919346 0.26041 1 
0.101432 0.198315 -0.0405679 -0.270974 0.929256 0.251112 1 
0.103499 0.198668 -0.0417141 -0.194776 0.940727 0.27766 1 
0.104306 0.198457 -0.0409434 -0.177109 0.950442 0.255524 1 
0.104579 0.198506 -0.0411251 -0.166352 0.956859 0.238217 1 
0.103226 0.198446 -0.0413591 -0.195488 0.938618 0.28422 1 
0.10328 0.198144 -0.0410836 -0.195488 0.938618 0.28422 1 
0.103459 0.198461 -0.0411704 -0.194776 0.940727 0.27766 1 
0.103801 0.198566 -0.0411237 -0.190068 0.944869 0.266642 1 
0.1032 0.19877 -0.0410357 -0.197946 0.939896 0.278231 1 
0.103395 0.19864 -0.0411071 -0.194776 0.940727 0.27766 1 
0.103597 0.198745 -0.0408868 -0.190068 0.944869 0.266642 1 
0.103168 0.198686 -0.0408309 -0.195488 0.938618 0.28422 1 
0.103938 0.198849 -0.04084 -0.18328 0.948983 0.256592 1 
0.104211 0.198725 -0.0408485 -0.177109 0.950442 0.255524 1 
0.104349 0.199009 -0.0405648 -0.163346 0.957502 0.237715 1 
0.103602 0.198979 -0.040595 -0.186946 0.945646 0.266091 1 
0.10478 0.198611 -0.0409048 -0.174088 0.958151 0.227245 1 
0.105045 0.198537 -0.0407477 -0.140229 0.960634 0.239831 1 
0.104553 0.198657 -0.0406285 -0.162309 0.959337 0.230927 1 
0.104895 0.198761 -0.0405817 -0.140229 0.960634 0.239831 1 
0.105223 0.198508 -0.0404879 -0.155768 0.962099 0.223835 1 
0.10449 0.198835 -0.0405652 -0.157668 0.95793 0.239814 1 
0.104754 0.198935 -0.0405813 -0.151625 0.958537 0.241282 1 
0.104582 0.199025 -0.0403761 -0.162309 0.959337 0.230927 1 
0.104878 0.198861 -0.0402506 -0.134322 0.96112 0.241258 1 
0.10052 0.199365 -0.0428669 -0.159586 0.673303 0.721939 1 
0.100497 0.199058 -0.0426542 -0.202682 0.657555 0.725632 1 
0.100511 0.199415 -0.0427013 -0.159586 0.673303 0.721939 1 
0.100324 0.198801 -0.0421024 -0.216499 0.668186 0.711797 1 
0.10027 0.199103 -0.0423779 -0.186173 0.66007 0.727769 1 
0.0997638 0.199039 -0.0423849 -0.14601 0.636723 0.757143 1 
0.100174 0.198852 -0.0417631 -0.202792 0.667203 0.71674 1 
0.100467 0.199146 -0.0413537 -0.202187 0.763988 0.612734 1 
0.100056 0.198294 -0.0409358 -0.289902 0.70954 0.64227 1 
0.100467 0.198627 -0.0408339 -0.247762 0.858806 0.448403 1 
0.0994698 0.198509 -0.0405484 -0.235658 0.597729 0.76628 1 
0.100366 0.198315 -0.0406841 -0.297404 0.867811 0.398064 1 
0.101018 0.198267 -0.0402125 -0.281911 0.923009 0.261877 1 
0.100924 0.198535 -0.0401176 -0.270974 0.929256 0.251112 1 
0.100372 0.198376 -0.0402191 -0.311124 0.916008 0.253241 1 
0.100786 0.198251 -0.0404012 -0.301421 0.918685 0.25527 1 
0.101096 0.198272 -0.0401496 -0.270974 0.929256 0.251112 1 
0.101452 0.198387 -0.0398034 -0.21824 0.938294 0.268283 1 
0.10107 0.198422 -0.0396529 -0.230328 0.936666 0.26383 1 
0.10142 0.198303 -0.0395985 -0.217425 0.940329 0.261741 1 
0.100906 0.198289 -0.0394399 -0.222744 0.942167 0.250414 1 
0.100852 0.198418 -0.0395422 -0.222744 0.942167 0.250414 1 
0.102205 0.198824 -0.0396547 -0.198756 0.944432 0.261809 1 
0.0982938 0.197381 -0.039483 -0.152576 0.0332685 0.987732 1 
0.0966652 0.203224 -0.0513059 -0.240831 0.95667 0.163658 1 
0.0968979 0.203239 -0.0511172 -0.247487 0.956862 0.152198 1 
0.0976451 0.203269 -0.051087 -0.24386 0.958304 0.148952 1 
0.0971938 0.203076 -0.0509917 -0.24386 0.958304 0.148952 1 
0.0972082 0.20326 -0.0508656 -0.249535 0.957212 0.146552 1 
0.097668 0.20323 -0.0509531 -0.255866 0.955851 0.144505 1 
0.0974867 0.203197 -0.050409 -0.268586 0.953942 0.133631 1 
0.0969438 0.203334 -0.0510227 -0.253287 0.956127 0.147198 1 
0.0966392 0.203374 -0.0508093 -0.253287 0.956127 0.147198 1 
0.0971678 0.203226 -0.0504951 -0.26357 0.954945 0.136421 1 
0.0966762 0.203173 -0.0502026 -0.254671 0.956665 0.141191 1 
0.0955571 0.202089 -0.0479394 0.0394973 0.946661 0.319801 1 
0.100332 0.203837 -0.0519033 -0.228096 0.963217 0.142071 1 
0.0992979 0.203747 -0.0520512 -0.251137 0.955385 0.155466 1 
0.0989845 0.203838 -0.0516723 -0.264099 0.945555 0.190206 1 
0.0990304 0.203759 -0.0514045 -0.280835 0.945613 0.164159 1 
0.0988118 0.203581 -0.0511205 -0.285593 0.947954 0.140785 1 
0.0991767 0.203646 -0.0509398 -0.286321 0.947681 0.141144 1 
0.0984522 0.203231 -0.0504896 -0.268586 0.953942 0.133631 1 
0.0981192 0.203423 -0.0510484 -0.255866 0.955851 0.144505 1 
0.098188 0.203305 -0.0506467 -0.268586 0.953942 0.133631 1 
0.0990499 0.203485 -0.0502934 -0.268586 0.953942 0.133631 1 
0.0998343 0.203659 -0.0500031 -0.287535 0.948197 0.135075 1 
0.0996158 0.203482 -0.0497191 -0.271226 0.953922 0.128336 1 
0.0996213 0.203543 -0.0492541 -0.275466 0.951489 0.137068 1 
0.0995206 0.20323 -0.0491044 -0.266609 0.953689 0.139273 1 
0.0997588 0.203307 -0.0484507 -0.26985 0.947866 0.169504 1 
0.099521 0.20375 -0.0496242 -0.271226 0.953922 0.128336 1 
0.0995033 0.203504 -0.0489466 -0.268442 0.952233 0.145573 1 
0.0997592 0.203826 -0.0489705 -0.275466 0.951489 0.137068 1 
0.0995089 0.203565 -0.0484816 -0.26985 0.947866 0.169504 1 
0.0977297 0.202296 -0.0482506 -0.303055 0.9289 0.212844 1 
0.0975026 0.202341 -0.0479743 -0.316292 0.920253 0.230421 1 
0.0961722 0.202242 -0.0480744 -0.13783 0.959556 0.245468 1 
0.0958302 0.202138 -0.0481212 -0.0725963 0.959035 0.273828 1 
0.0960454 0.20208 -0.047428 0.0347568 0.938434 0.343706 1 
0.0958905 0.202416 -0.0479004 0.033655 0.958544 0.282951 1 
0.0956404 0.202328 -0.0475848 0.148714 0.924251 0.351632 1 
0.0964507 0.202179 -0.0476179 -0.0830942 0.960057 0.26718 1 
0.0964276 0.201872 -0.0474052 -0.0189373 0.943077 0.332034 1 
0.0963327 0.20214 -0.0473103 0.0347568 0.938434 0.343706 1 
0.0969793 0.202031 -0.0473037 0.0487178 0.925639 0.375259 1 
0.0963788 0.202408 -0.047389 -0.00122348 0.95554 0.294859 1 
0.0970081 0.202572 -0.0472246 -0.0437313 0.96084 0.273633 1 
0.0980368 0.202254 -0.0471951 -0.0197011 0.91019 0.413723 1 
0.0977267 0.202407 -0.04762 -0.243995 0.916785 0.316183 1 
0.0975137 0.202463 -0.0470443 0.105902 0.917356 0.383722 1 
0.0980512 0.202612 -0.0472422 -0.0940516 0.92007 0.380296 1 
0.0977203 0.202629 -0.0463589 0.261512 0.854885 0.448088 1 
0.100034 0.202836 -0.0468437 0.00396162 0.886083 0.46351 1 
0.100072 0.203846 -0.04745 -0.254873 0.94372 0.210787 1 
0.0995513 0.203078 -0.0470634 -0.0938163 0.920487 0.379344 1 
0.0996057 0.202776 -0.0467878 -0.0420438 0.885632 0.462481 1 
0.0992697 0.203253 -0.0468893 -0.0940516 0.92007 0.380296 1 
0.100045 0.203477 -0.0464335 -0.0812069 0.898782 0.43081 1 
0.0985365 0.202888 -0.0462735 0.183777 0.877718 0.442535 1 
0.0989647 0.202947 -0.0463294 -0.00397898 0.879354 0.476151 1 
0.0990105 0.202868 -0.0460616 0.110615 0.854755 0.507107 1 
0.0987692 0.202903 -0.0460848 0.232018 0.850732 0.471618 1 
0.0990018 0.202918 -0.045896 0.231911 0.821671 0.520648 1 
0.0993064 0.202705 -0.0459362 0.133527 0.831973 0.538508 1 
0.100606 0.203586 -0.0464975 -0.020111 0.883544 0.467916 1 
0.0961431 0.202677 -0.0471205 0.130239 0.930865 0.341363 1 
0.0966948 0.202836 -0.0470189 0.00859034 0.955982 0.293299 1 
0.0985827 0.203328 -0.0465255 -0.00902287 0.921622 0.387984 1 
0.0989105 0.203595 -0.0469515 -0.193705 0.935078 0.296828 1 
0.0999649 0.20393 -0.0462124 -0.0734411 0.882679 0.464203 1 
0.0986743 0.203171 -0.0459898 0.258875 0.847089 0.464137 1 
0.0982548 0.203062 -0.0460995 0.249336 0.865876 0.433694 1 
0.0981596 0.202811 -0.0454848 0.358909 0.758418 0.544047 1 
0.0987202 0.203093 -0.045722 0.290673 0.80917 0.510641 1 
0.0948386 0.202254 -0.047544 0.215195 0.911329 0.350956 1 
0.0957638 0.202255 -0.0472541 0.174786 0.897044 0.405909 1 
0.0975067 0.201474 -0.0445702 0.326766 0.655158 0.681169 1 
0.0978173 0.202014 -0.0448384 0.344858 0.678276 0.648857 1 
0.0975441 0.201792 -0.0444834 0.370369 0.663372 0.650203 1 
0.0976445 0.201758 -0.0442866 0.441724 0.66842 0.598411 1 
0.0972276 0.200671 -0.0441604 0.409091 0.700589 0.584653 1 
0.0972736 0.200939 -0.0442391 0.376978 0.696339 0.610737 1 
0.097078 0.200722 -0.0438212 0.49184 0.701913 0.515181 1 
0.0974203 0.201346 -0.0442943 0.40188 0.679723 0.61357 1 
0.0969688 0.200806 -0.0438525 0.366307 0.622558 0.691549 1 
0.0952811 0.202497 -0.0474737 0.16726 0.920631 0.352792 1 
0.0953499 0.202379 -0.0470719 0.26398 0.876414 0.402758 1 
0.0976679 0.202411 -0.0448458 0.402321 0.647355 0.647355 1 
0.0895687 0.197746 -0.0438568 0.107338 0.633734 0.766068 1 
0.0894337 0.198327 -0.043738 -0.0290756 0.557975 0.829348 1 
0.0902545 0.197434 -0.0419746 0.0352656 0.661583 0.749042 1 
0.0898413 0.198598 -0.0428322 0.265097 0.871033 0.413551 1 
0.0896828 0.198179 -0.0418076 0.0553868 0.609255 0.791038 1 
0.0906658 0.198286 -0.0423926 0.121689 0.401432 0.907769 1 
0.0904473 0.198109 -0.0421086 0.0881745 0.466065 0.880346 1 
0.0911312 0.198317 -0.0420151 0.146539 0.321838 0.935386 1 
0.0905763 0.19827 -0.0414861 0.0398296 0.506798 0.861144 1 
0.0903521 0.197858 -0.0414938 0.0233968 0.549137 0.835405 1 
0.0897452 0.196789 -0.040658 0.053642 0.935464 0.349327 1 
0.0891133 0.197601 -0.0410583 0.0648993 0.728314 0.682163 1 
0.0887627 0.197547 -0.0409395 0.0977392 0.792125 0.602482 1 
0.0896824 0.19766 -0.0412878 0.0586162 0.776308 0.627623 1 
0.0899467 0.197586 -0.0411307 0.0334047 0.961313 0.273424 1 
0.089915 0.197502 -0.0409258 0.0334047 0.961313 0.273424 1 
0.0895329 0.197711 -0.0409486 0.0586162 0.776308 0.627623 1 
0.089392 0.197711 -0.040775 0.0059736 0.968919 0.247307 1 
0.0893545 0.19722 -0.0406885 0.0059736 0.968919 0.247307 1 
0.088475 0.196968 -0.0405373 0.100688 0.798205 0.593911 1 
0.0905598 0.199582 -0.0423679 -0.014052 0.364074 0.931264 1 
0.0932122 0.197359 -0.0435484 0.214828 0.175289 0.960793 1 
0.0938271 0.197339 -0.0435101 0.131356 0.143632 0.980875 1 
0.0930086 0.198231 -0.0440046 0.222961 0.206746 0.952651 1 
0.0930113 0.198923 -0.0434288 0.239315 0.137312 0.961183 1 
0.0933098 0.199278 -0.0425544 0.251789 0.00357993 0.967776 1 
0.0939648 0.198772 -0.0423667 0.147559 0.145079 0.978355 1 
0.0925542 0.200967 -0.042079 0.219229 -0.110248 0.969424 1 
0.0927263 0.19754 -0.0429642 0.225981 0.209743 0.951284 1 
0.0927004 0.197863 -0.0426408 0.220141 0.212038 0.952144 1 
0.0929907 0.197639 -0.0429804 0.193855 0.220594 0.955907 1 
0.0923838 0.19657 -0.0421446 0.217851 0.237033 0.946761 1 
0.0933121 0.197782 -0.0417987 0.151726 0.208786 0.96612 1 
0.0941913 0.197688 -0.0416033 0.140707 0.363609 0.920864 1 
0.0940101 0.197828 -0.0412325 0.119044 0.155862 0.980579 1 
0.093941 0.197426 -0.0411144 0.161398 0.395639 0.904113 1 
0.0933374 0.196592 -0.0412557 0.157638 0.157638 0.974834 1 
0.0937626 0.196936 -0.0408543 0.146934 0.162004 0.97579 1 
0.0934351 0.197189 -0.0409482 0.127171 0.255652 0.958368 1 
0.092304 0.198061 -0.0429631 0.190307 0.241595 0.951533 1 
0.0923415 0.198552 -0.0430495 0.222282 0.161779 0.961467 1 
0.0913353 0.198138 -0.042252 0.169754 0.305006 0.937099 1 
0.0927518 0.198019 -0.0420813 0.188218 0.220256 0.957111 1 
0.0926108 0.197673 -0.0415611 0.180527 0.259254 0.948787 1 
0.0926799 0.198075 -0.0416792 0.178031 0.239606 0.954408 1 
0.0925795 0.198282 -0.0420493 0.209935 0.204586 0.956071 1 
0.0921972 0.198317 -0.0418988 0.209935 0.204586 0.956071 1 
0.0911023 0.197603 -0.0419209 0.150794 0.381918 0.911811 1 
0.0912401 0.197887 -0.0416373 0.143658 0.366817 0.919134 1 
0.0909987 0.197748 -0.0414872 0.125478 0.421549 0.898082 1 
0.0920274 0.197604 -0.041631 0.162234 0.328629 0.930421 1 
0.0934991 0.198222 -0.0422243 0.142983 0.180943 0.973044 1 
0.093709 0.19845 -0.0423428 0.14276 0.175608 0.974054 1 
0.0932401 0.197838 -0.0413966 0.14471 0.225538 0.963427 1 
0.0944608 0.197155 -0.0404614 0.177606 0.453556 0.873352 1 
0.0948026 0.197087 -0.0402414 0.15119 0.433412 0.888423 1 
0.0943834 0.197497 -0.0408709 0.149971 0.412778 0.8984 1 
0.091229 0.199087 -0.0418808 0.258356 0.11295 0.959424 1 
0.0913756 0.199494 -0.041936 0.285924 -0.0337116 0.957659 1 
0.0824133 0.22401 -0.0443394 0.743279 0.466403 -0.479588 0 
0.0824365 0.22449 -0.0447253 0.743238 0.463082 -0.482858 0 
0.0824968 0.224768 -0.0445046 0.743238 0.463082 -0.482858 0 
0.0824566 0.225081 -0.0444806 0.756227 0.470796 -0.454392 0 
0.0808336 0.226703 -0.0449968 0.798789 0.393769 -0.454843 0 
0.0817845 0.226034 -0.0446837 0.774702 0.46156 -0.432202 0 
0.0816466 0.225577 -0.0447941 0.773371 0.490073 -0.402153 0 
0.082086 0.225931 -0.0440932 0.771432 0.484388 -0.412627 0 
0.0814886 0.226197 -0.0448092 0.779701 0.441125 -0.444381 0 
0.0818451 0.226658 -0.0448096 0.790386 0.431561 -0.434793 0 
0.081612 0.226124 -0.0444785 0.774702 0.46156 -0.432202 0 
0.0813078 0.226857 -0.0449582 0.800953 0.390043 -0.454248 0 
0.0819107 0.226652 -0.0437772 0.774274 0.418923 -0.474345 0 
0.0804031 0.227967 -0.0455233 0.810186 0.39151 -0.436254 0 
0.0810695 0.228102 -0.0449255 0.808959 0.389262 -0.440522 0 
0.0809803 0.227109 -0.045052 0.798624 0.390474 -0.457963 0 
0.080302 0.227135 -0.0448538 0.798789 0.393769 -0.454843 0 
0.0808855 0.227378 -0.0449571 0.798624 0.390474 -0.457963 0 
0.0804801 0.227106 -0.044594 0.799433 0.384436 -0.461645 0 
0.0801587 0.228286 -0.0450892 0.814891 0.413027 -0.406648 0 
0.0807677 0.227685 -0.0449961 0.802119 0.390611 -0.451694 0 
0.0803454 0.228207 -0.044995 0.814891 0.413027 -0.406648 0 
0.0818159 0.22692 -0.0436823 0.76787 0.3815 -0.514619 0 
0.0822063 0.223324 -0.044505 0.743303 0.469715 -0.476307 0 
0.078872 0.2311 -0.0451639 0.624389 0.40577 -0.66745 0 
0.0787541 0.231234 -0.0450296 0.624389 0.40577 -0.66745 0 
0.0799751 0.229576 -0.0451275 0.751378 0.407611 -0.518926 0 
0.0798802 0.229671 -0.0448592 0.741084 0.402584 -0.537327 0 
0.0799349 0.229889 -0.0451035 0.734147 0.402385 -0.546915 0 
0.080294 0.229546 -0.0450413 0.779239 0.418088 -0.466893 0 
0.0798312 0.228539 -0.045183 0.802816 0.413475 -0.429563 0 
0.0797364 0.228807 -0.0450881 0.797265 0.423597 -0.43004 0 
0.0798369 0.228773 -0.0448913 0.806186 0.411908 -0.42473 0 
0.0815516 0.228317 -0.0431529 0.805813 0.395698 -0.440554 0 
0.0810315 0.228241 -0.0434594 0.808959 0.389262 -0.440522 0 
0.079639 0.230052 -0.045229 0.716808 0.40372 -0.568503 0 
0.0794723 0.23055 -0.0449052 0.69603 0.423598 -0.579748 0 
0.0784496 0.231621 -0.0451628 0.630314 0.42409 -0.650271 0 
0.0786909 0.231413 -0.0449663 0.622897 0.410281 -0.666084 0 
0.0785961 0.231681 -0.0448714 0.630314 0.42409 -0.650271 0 
0.0782773 0.231884 -0.0451308 0.540824 0.387237 -0.746697 0 
0.0785099 0.2319 -0.0449421 0.642879 0.445841 -0.622842 0 
0.0785559 0.231994 -0.0448475 0.642879 0.445841 -0.622842 0 
0.0778694 0.232762 -0.0451768 0.424468 0.358194 -0.831579 0 
0.0782285 0.23242 -0.0451146 0.426885 0.351274 -0.833292 0 
0.0784612 0.232436 -0.0449258 0.587835 0.431301 -0.684419 0 
0.0782657 0.232392 -0.0446812 0.587835 0.431301 -0.684419 0 
0.0782343 0.232828 -0.0449961 0.413424 0.341659 -0.844008 0 
0.0782255 0.232705 -0.0446573 0.413424 0.341659 -0.844008 0 
0.0768178 0.233119 -0.0453401 0.526115 0.492711 -0.693136 0 
0.0766857 0.233243 -0.0455053 0.522828 0.496102 -0.693206 0 
0.0765218 0.23311 -0.0452923 0.522828 0.496102 -0.693206 0 
0.0764675 0.233585 -0.0457411 0.51804 0.511334 -0.685691 0 
0.0765134 0.233506 -0.0454733 0.524375 0.50092 -0.688556 0 
0.0775419 0.233015 -0.0452706 0.443045 0.382266 -0.810916 0 
0.0770505 0.233135 -0.0451514 0.49656 0.447069 -0.744015 0 
0.0777746 0.233031 -0.0450818 0.443045 0.382266 -0.810916 0 
0.0775247 0.233289 -0.0451128 0.476311 0.414537 -0.775427 0 
0.0780389 0.232957 -0.0449248 0.424468 0.358194 -0.831579 0 
0.0779757 0.233136 -0.0448615 0.443045 0.382266 -0.810916 0 
0.0779983 0.23275 -0.044381 0.413424 0.341659 -0.844008 0 
0.0777716 0.233315 -0.0446245 0.476311 0.414537 -0.775427 0 
0.0777084 0.233494 -0.0445613 0.49656 0.447069 -0.744015 0 
0.0770273 0.23415 -0.0442523 0.507383 0.514081 -0.691581 0 
0.0774038 0.233708 -0.0445212 0.526115 0.492711 -0.693136 0 
0.0773952 0.233931 -0.0445289 0.522828 0.496102 -0.693206 0 
0.0757519 0.234615 -0.0449432 0.50145 0.531637 -0.682576 0 
0.075953 0.234893 -0.0448961 0.50145 0.531637 -0.682576 0 
0.0760764 0.234819 -0.0445654 0.50145 0.531637 -0.682576 0 
0.0759787 0.234223 -0.0448729 0.508238 0.525012 -0.682683 0 
0.0761654 0.233971 -0.0446055 0.508238 0.525012 -0.682683 0 
0.0761021 0.23415 -0.0445422 0.508238 0.525012 -0.682683 0 
0.0758523 0.234581 -0.0447464 0.50145 0.531637 -0.682576 0 
0.076085 0.234596 -0.0445577 0.50145 0.531637 -0.682576 0 
0.0763724 0.234656 -0.0444399 0.508238 0.525012 -0.682683 0 
0.0766194 0.234856 -0.044125 0.50145 0.531637 -0.682576 0 
0.0765073 0.234075 -0.0445587 0.507383 0.514081 -0.691581 0 
0.0764125 0.234343 -0.0444638 0.508238 0.525012 -0.682683 0 
0.0998674 0.185654 -0.04237 -0.771432 -0.484388 0.412627 0 
0.100158 0.187098 -0.0423696 -0.821614 -0.430672 0.373461 0 
0.100267 0.187014 -0.0423383 -0.819446 -0.434386 0.373922 0 
0.100172 0.187282 -0.0422434 -0.828539 -0.427684 0.361401 0 
0.100149 0.187321 -0.0423773 -0.828539 -0.427684 0.361401 0 
0.10021 0.187773 -0.0423299 -0.836115 -0.425116 0.346682 0 
0.100247 0.186249 -0.0424097 -0.781426 -0.469506 0.41102 0 
0.10012 0.186607 -0.0422831 -0.814071 -0.441287 0.377563 0 
0.100115 0.188041 -0.0422349 -0.839995 -0.42078 0.342568 0 
0.0998737 0.188249 -0.0424314 -0.848852 -0.417443 0.324333 0 
0.0999426 0.188305 -0.0422029 -0.848852 -0.417443 0.324333 0 
0.0996697 0.188602 -0.0423678 -0.85166 -0.414195 0.321118 0 
0.0998882 0.188606 -0.0424785 -0.848852 -0.417443 0.324333 0 
0.0992244 0.188989 -0.0423273 -0.855582 -0.414688 0.30986 0 
0.0995202 0.188826 -0.0422018 -0.853929 -0.415383 0.313468 0 
0.0997529 0.188841 -0.0420131 -0.853929 -0.415383 0.313468 0 
0.099457 0.189005 -0.0421386 -0.853929 -0.415383 0.313468 0 
0.0990662 0.189263 -0.0419958 -0.858831 -0.413284 0.302665 0 
0.0993217 0.189066 -0.0414999 -0.853929 -0.415383 0.313468 0 
0.0985376 0.189411 -0.04231 -0.869342 -0.39737 0.293841 0 
0.0988078 0.189918 -0.0422077 -0.878053 -0.388399 0.279587 0 
0.0987848 0.189784 -0.0421684 -0.872168 -0.391182 0.293767 0 
0.0989688 0.190509 -0.0421367 -0.903317 -0.375536 0.207342 0 
0.099009 0.190196 -0.0421607 -0.887294 -0.380269 0.260969 0 
0.0991699 0.190613 -0.0419163 -0.903317 -0.375536 0.207342 0 
0.0991844 0.190971 -0.0419634 -0.903401 -0.378471 0.201561 0 
0.10127 0.185524 -0.0424987 -0.748433 -0.508277 0.426031 0 
0.10239 0.185396 -0.0422802 -0.739605 -0.512288 0.436515 0 
0.101876 0.185728 -0.0424681 -0.739605 -0.512288 0.436515 0 
0.101712 0.185594 -0.0422551 -0.739605 -0.512288 0.436515 0 
0.101471 0.185629 -0.0422783 -0.748433 -0.508277 0.426031 0 
0.102281 0.185653 -0.0424847 -0.739605 -0.512288 0.436515 0 
0.102054 0.185699 -0.0422084 -0.734452 -0.513291 0.443972 0 
0.101818 0.185968 -0.0419399 -0.756438 -0.497182 0.424984 0 
0.10085 0.185415 -0.0426084 -0.756438 -0.497182 0.424984 0 
0.100732 0.185549 -0.0424741 -0.756438 -0.497182 0.424984 0 
0.100661 0.185951 -0.0424185 -0.771432 -0.484388 0.412627 0 
0.100839 0.185922 -0.0421588 -0.771432 -0.484388 0.412627 0 
0.101097 0.185614 -0.0422934 -0.756438 -0.497182 0.424984 0 
0.100543 0.186086 -0.0422842 -0.781426 -0.469506 0.41102 0 
0.100775 0.186101 -0.0420955 -0.781426 -0.469506 0.41102 0 
0.101267 0.185809 -0.0420414 -0.756438 -0.497182 0.424984 0 
0.101172 0.186077 -0.0419465 -0.771432 -0.484388 0.412627 0 
0.101109 0.186256 -0.0418832 -0.781426 -0.469506 0.41102 0 
0.102413 0.185356 -0.0421462 -0.739605 -0.512288 0.436515 0 
0.100468 0.187119 -0.0421179 -0.819446 -0.434386 0.373922 0 
0.101629 0.186504 -0.04175 -0.781426 -0.469506 0.41102 0 
0.100405 0.187298 -0.0420547 -0.821614 -0.430672 0.373461 0 
0.100256 0.187695 -0.042062 -0.828539 -0.427684 0.361401 0 
0.100279 0.187655 -0.0419281 -0.828539 -0.427684 0.361401 0 
0.100192 0.187873 -0.0419987 -0.837958 -0.424461 0.343015 0 
0.100471 0.186488 -0.0422287 -0.798789 -0.454843 0.393769 0 
0.100781 0.186509 -0.0419771 -0.787392 -0.464028 0.405822 0 
0.100772 0.186386 -0.0416382 -0.781426 -0.469506 0.41102 0 
0.100408 0.186667 -0.0421654 -0.808661 -0.446765 0.382713 0 
0.101324 0.186545 -0.0415366 -0.781426 -0.469506 0.41102 0 
0.100215 0.187834 -0.0418648 -0.836115 -0.425116 0.346682 0 
0.100175 0.18832 -0.0420142 -0.848852 -0.417443 0.324333 0 
0.0973892 0.193202 -0.0427942 -0.341642 -0.00125144 0.939829 0 
0.0974899 0.193341 -0.0427706 -0.349319 -0.0063054 0.936983 0 
0.0974726 0.193787 -0.0427861 -0.325971 -0.0188787 0.945191 0 
0.0975013 0.194155 -0.0425337 -0.159672 -0.0287181 0.986752 0 
0.0978604 0.19364 -0.0422982 -0.352623 -0.0140031 0.935661 0 
0.0952382 0.197159 -0.0438044 0.14838 0.342521 0.927719 0 
0.0979963 0.195939 -0.04329 -0.0933788 0.0663777 0.993415 0 
0.098229 0.195955 -0.0431013 -0.124012 0.0511977 0.990959 0 
0.0976918 0.196153 -0.04325 -0.0849319 0.0804022 0.993137 0 
0.0978784 0.195901 -0.0429824 -0.078433 0.0563392 0.995326 0 
0.0980479 0.196268 -0.0429037 -0.138205 0.0638764 0.988342 0 
0.0968148 0.194751 -0.0426897 -0.00100465 0.0271257 0.999632 0 
0.0976886 0.194942 -0.0433059 -0.149995 0.0546493 0.987175 0 
0.0979529 0.194868 -0.0431487 -0.215928 0.0573367 0.974724 0 
0.0977031 0.195299 -0.0433529 -0.147959 0.0769385 0.985996 0 
0.0979358 0.195314 -0.0431642 -0.161351 0.0800779 0.983643 0 
0.0969934 0.195587 -0.0432963 -0.0203415 0.0781542 0.996734 0 
0.0972176 0.195999 -0.0432885 -0.0501022 0.0946375 0.99425 0 
0.0968839 0.195152 -0.0428078 -0.0322246 0.0322246 0.998961 0 
0.0967199 0.195019 -0.0425948 -0.00711637 0.0355818 0.999341 0 
0.0970819 0.195541 -0.0421301 -0.05982 0.0178411 0.99805 0 
0.0977293 0.196644 -0.0433364 -0.0981483 0.124164 0.987396 0 
0.0970081 0.197786 -0.0431767 -0.0313268 0.299484 0.953587 0 
0.098139 0.192428 -0.0427014 -0.949517 -0.258713 0.177442 0 
0.0978115 0.19268 -0.0427952 -0.491848 -0.0482204 0.869345 0 
0.0979981 0.192428 -0.0425278 -0.938817 -0.251742 0.235052 0 
0.0984777 0.191148 -0.0425374 -0.936458 -0.343763 0.0698063 0 
0.0983283 0.191371 -0.0423714 -0.936458 -0.343763 0.0698063 0 
0.0986242 0.191208 -0.042246 -0.932723 -0.349269 0.0896592 0 
0.0982278 0.191406 -0.0425683 -0.936458 -0.343763 0.0698063 0 
0.0981416 0.191451 -0.0424656 -0.934771 -0.347729 0.0727191 0 
0.0981014 0.191763 -0.0424417 -0.942154 -0.333653 0.0319591 0 
0.098561 0.191387 -0.0421827 -0.936458 -0.343763 0.0698063 0 
0.0984346 0.191745 -0.0420562 -0.9378 -0.343034 0.0534767 0 
0.098558 0.191671 -0.0417254 -0.934771 -0.347729 0.0727191 0 
0.0981475 0.192031 -0.0425204 -0.943272 -0.331962 -0.00626343 0 
0.0982019 0.191729 -0.0422449 -0.942154 -0.333653 0.0319591 0 
0.098107 0.191998 -0.04215 -0.942154 -0.333653 0.0319591 0 
0.0983714 0.191924 -0.0419929 -0.942154 -0.333653 0.0319591 0 
0.0980122 0.192266 -0.0420551 -0.948669 -0.29951 0.101596 0 
0.0977799 0.19277 -0.0427636 -0.531263 -0.0574717 0.845255 0 
0.0978486 0.192652 -0.0423619 -0.58558 -0.0669641 0.807844 0 
0.0976303 0.192821 -0.0424244 -0.495008 -0.0397652 0.867978 0 
0.0975903 0.193307 -0.0425738 -0.395688 -0.0248121 0.91805 0 
0.0975814 0.19301 -0.0420617 -0.529816 -0.0458895 0.84687 0 
0.0981129 0.192578 -0.0422048 -0.70116 -0.0922194 0.707015 0 
0.097863 0.192836 -0.0422357 -0.383061 -0.00640569 0.923701 0 
0.0979174 0.192534 -0.0419601 -0.860339 -0.176214 0.478295 0 
0.0977535 0.192401 -0.0417471 -0.86211 -0.188447 0.470377 0 
0.0976876 0.193384 -0.0417464 -0.217504 -0.0225824 0.975798 0 
0.0966191 0.194534 -0.0422717 0.0110312 0.0150425 0.999826 0 
0.0965877 0.194796 -0.0424134 0.000992938 0.0148941 0.999889 0 
0.095583 0.198128 -0.0433552 0.0978638 0.406617 0.908342 0 
0.0960025 0.198238 -0.0432455 0.0662267 0.404118 0.912306 0 
0.0953647 0.19847 -0.043591 0.133473 0.394799 0.909021 0 
0.0959857 0.199204 -0.0437808 0.0407102 0.382151 0.923203 0 
0.0962642 0.199141 -0.0433242 0.199458 0.709698 0.675682 0 
0.0962039 0.198862 -0.043545 0.169268 0.693847 0.699946 0 
0.095468 0.197805 -0.0435049 0.110619 0.364633 0.924557 0 
0.0960885 0.197847 -0.0430016 0.0457766 0.364905 0.929919 0 
0.0956688 0.197391 -0.0427647 0.0652328 0.287792 0.955469 0 
0.0954966 0.198 -0.0430793 0.0896014 0.343695 0.934797 0 
0.0946778 0.198546 -0.0432272 0.009795 0.112098 0.993649 0 
0.0955542 0.19891 -0.0427478 0.111275 0.323098 0.939801 0 
0.0941352 0.200352 -0.0435009 0.683008 0.0125195 0.730304 0 
0.0965433 0.199943 -0.0437341 0.149056 0.526861 0.836779 0 
0.0961378 0.199499 -0.0431977 0.282773 0.823322 0.492118 0 
0.0958794 0.200153 -0.0434096 0.208595 0.389475 0.897105 0 
0.0954221 0.199206 -0.0430862 0.179039 0.420669 0.889372 0 
0.0953876 0.199753 -0.0427706 0.192865 0.166977 0.966914 0 
0.0951237 0.200347 -0.0434475 0.507452 0.308265 0.804652 0 
0.0943132 0.200323 -0.0432411 0.607267 0.0855102 0.789882 0 
0.0947185 0.200421 -0.043431 0.611668 0.198754 0.765741 0 
0.0950289 0.200615 -0.0433526 0.598078 0.257221 0.759039 0 
0.0945775 0.200249 -0.0430841 0.479641 0.150161 0.864521 0 
0.0947326 0.200259 -0.0429582 0.419226 0.125627 0.899148 0 
0.0955061 0.200484 -0.0437712 0.468877 0.413715 0.780381 0 
0.0953422 0.200351 -0.0435582 0.477014 0.367799 0.798236 0 
0.0952012 0.200352 -0.0433846 0.473033 0.327484 0.81792 0 
0.0955432 0.200456 -0.0433378 0.409604 0.377974 0.830278 0 
0.096121 0.200465 -0.043733 0.288768 0.479199 0.828843 0 
0.0957846 0.200421 -0.0433147 0.375722 0.426452 0.822783 0 
0.09527 0.200234 -0.0429829 0.378118 0.267522 0.886261 0 
0.0950601 0.200006 -0.0428644 0.235744 0.134152 0.962511 0 
0.09552 0.199976 -0.042952 0.0886303 0.1359 0.98675 0 
0.0946665 0.1994 -0.0431242 0.119499 0.133983 0.983752 0 
0.0953818 0.199173 -0.0427158 0.121757 0.263153 0.95704 0 
0.0967438 0.19786 -0.0433338 0.00126184 0.354578 0.935026 0 
0.0961516 0.197495 -0.0428916 0.0182534 0.261632 0.964995 0 
0.0961809 0.200051 -0.0428191 0.415634 0.710387 0.567978 0 
0.0958475 0.199723 -0.0428581 0.247728 0.45442 0.855648 0 
0.0942796 0.203577 -0.0436252 0.903966 0.308204 0.296406 0 
0.0949143 0.203629 -0.0428224 0.91347 0.297713 0.277381 0 
0.0939082 0.20057 -0.0433979 0.689609 -0.0324356 0.723455 0 
0.0934082 0.200913 -0.0432864 0.553028 -0.0178396 0.832972 0 
0.0935002 0.201276 -0.0432706 0.693048 -0.00972212 0.720826 0 
0.0943883 0.201305 -0.0434141 0.82121 0.00136187 0.570625 0 
0.0949485 0.20124 -0.0433048 0.759786 0.101403 0.642217 0 
0.0948537 0.201509 -0.0432098 0.812434 -0.0207607 0.582683 0 
0.0945921 0.200779 -0.0433044 0.727869 0.0770002 0.681379 0 
0.0952761 0.200988 -0.0432109 0.654976 0.261673 0.708896 0 
0.0952358 0.2013 -0.043187 0.69323 0.185989 0.696305 0 
0.095141 0.201569 -0.0430921 0.793584 0.052527 0.60619 0 
0.0946124 0.201717 -0.0434063 0.825025 -0.0291185 0.564345 0 
0.0945177 0.201985 -0.0433114 0.849707 0.00948636 0.52717 0 
0.0945261 0.201588 -0.0431304 0.83499 -0.0402907 0.548787 0 
0.0942533 0.202059 -0.0434685 0.869869 0.0257839 0.492609 0 
0.0947187 0.20209 -0.043091 0.859361 -0.0258762 0.510714 0 
0.0944228 0.202253 -0.0432165 0.889023 0.0532595 0.454754 0 
0.0941437 0.201451 -0.0428067 0.794812 -0.085417 0.600814 0 
0.0936523 0.20157 -0.0426875 0.734369 -0.133114 0.665569 0 
0.0948681 0.201693 -0.0430837 0.8316 -0.060711 0.552047 0 
0.09402 0.201005 -0.0426176 0.657596 -0.133317 0.741481 0 
0.0937362 0.202848 -0.0433725 0.919626 0.209589 0.332206 0 
0.0927938 0.203121 -0.0435046 0.673568 0.449602 -0.586656 0 
0.093673 0.203027 -0.0433092 0.929623 0.329328 0.165359 0 
0.0941585 0.202327 -0.0433736 0.894791 0.0585632 0.442629 0 
0.0941413 0.202601 -0.0432157 0.914568 0.0772302 0.39699 0 
0.0940465 0.202869 -0.0431208 0.931205 0.159121 0.327928 0 
0.0941469 0.202662 -0.0427507 0.949967 0.0766731 0.302794 0 
0.0944717 0.203386 -0.0428927 0.935037 0.304269 0.182006 0 
0.0938624 0.203467 -0.042466 0.953916 0.295955 -0.0495376 0 
0.0944398 0.202956 -0.0423412 0.970221 0.198135 0.139333 0 
0.0943854 0.203258 -0.0426168 0.948322 0.310947 0.0632215 0 
0.094345 0.203224 -0.0422463 0.951597 0.307325 0.00370271 0 
0.0944141 0.203626 -0.0423644 0.940625 0.339427 0.00375749 0 
0.0918126 0.209925 -0.0438058 0.125283 0.231192 0.964808 0 
0.0913529 0.210128 -0.0438916 0.391315 0.465392 0.793903 0 
0.0912581 0.210396 -0.0437966 0.413777 0.505364 0.757229 0 
0.0913528 0.209955 -0.0437183 0.568852 0.61274 0.548596 0 
0.0941219 0.204544 -0.0439868 0.914287 0.360865 0.183998 0 
0.0930071 0.20508 -0.0440869 0.883019 0.076482 -0.463064 0 
0.0938318 0.205114 -0.0439938 0.982447 0.183843 0.0316163 0 
0.0947426 0.204931 -0.0438301 0.887382 0.22666 0.40147 0 
0.0928976 0.205967 -0.0429119 0.895603 0.0530023 -0.441686 0 
0.0928983 0.207006 -0.0439515 0.964214 0.168313 0.204847 0 
0.0928667 0.207095 -0.0439198 0.958658 0.168395 0.229388 0 
0.0932229 0.20721 -0.0435737 0.750249 -0.101306 -0.653348 0 
0.0932968 0.206634 -0.0421871 0.977568 0.210066 -0.0152562 0 
0.0931443 0.204325 -0.0427636 0.878577 0.202294 -0.432644 0 
0.092389 0.205038 -0.0433214 0.796525 0.00411287 -0.604591 0 
0.0928168 0.204577 -0.0428574 0.838757 0.126908 -0.529511 0 
0.0933312 0.204592 -0.043016 0.901769 0.170605 -0.397123 0 
0.0931673 0.204458 -0.0428029 0.883813 0.195586 -0.424995 0 
0.0931732 0.205039 -0.0428578 0.841561 0.0260843 -0.539532 0 
0.0929233 0.205297 -0.0428887 0.78192 -0.020907 -0.623028 0 
0.0928454 0.204772 -0.0424318 0.909103 0.112423 -0.401115 0 
0.0923483 0.204658 -0.0426043 0.811212 0.0580448 -0.581864 0 
0.0936731 0.204523 -0.042796 0.960055 0.249484 -0.126701 0 
0.0935636 0.204088 -0.0423074 0.949659 0.279942 -0.140641 0 
0.0934316 0.204384 -0.0426459 0.939107 0.221212 -0.26295 0 
0.0941241 0.20437 -0.0425447 0.956196 0.292411 -0.0135718 0 
0.0934772 0.20396 -0.0420315 0.95575 0.253188 -0.149792 0 
0.0941928 0.204252 -0.0421429 0.951801 0.306512 -0.0111685 0 
0.0933195 0.204926 -0.0423931 0.955518 0.133482 -0.262999 0 
0.0925815 0.205366 -0.0431087 0.853586 0.0121748 -0.520809 0 
0.0932689 0.207478 -0.0436524 0.740466 -0.104519 -0.663917 0 
0.093435 0.207437 -0.0424233 0.858976 0.331562 0.390163 0 
0.0933694 0.208766 -0.0427691 0.455769 0.268551 0.84862 0 
0.0932138 0.208063 -0.0422018 0.719041 -0.107782 -0.686559 0 
0.0923268 0.209593 -0.0436178 0.376078 0.288478 0.880537 0 
0.0926054 0.209703 -0.0433345 0.381577 0.285052 0.879286 0 
0.093088 0.20946 -0.0431149 0.411333 0.213775 0.886062 0 
0.0929327 0.209104 -0.0428942 0.40422 0.22358 0.886915 0 
0.0928377 0.209199 -0.042626 0.40422 0.22358 0.886915 0 
0.0934843 0.209089 -0.0426193 0.430428 0.246174 0.868407 0 
0.0931079 0.209705 -0.0425237 0.414506 0.237929 0.878393 0 
0.0932774 0.2099 -0.0422717 0.414718 0.274959 0.867414 0 
0.0925011 0.208809 -0.0418612 0.506938 0.322597 0.799341 0 
0.0933318 0.209598 -0.0419961 0.412911 0.231051 0.880976 0 
0.0931679 0.209464 -0.0417831 0.390842 0.245205 0.887196 0 
0.0936333 0.209495 -0.0414056 0.397545 0.308519 0.864161 0 
0.0908988 0.210565 -0.0436856 0.438212 0.520893 0.732558 0 
0.0910856 0.210486 -0.0435914 0.411343 0.519505 0.74894 0 
0.0910223 0.210665 -0.0435281 0.438212 0.520893 0.732558 0 
0.090804 0.210834 -0.0435906 0.459343 0.559563 0.68985 0 
0.090399 0.211081 -0.0437474 0.503573 0.570941 0.648414 0 
0.0902498 0.211652 -0.043928 0.463128 0.583508 0.667106 0 
0.0908185 0.211191 -0.0436377 0.473892 0.557618 0.681534 0 
0.0907008 0.211498 -0.0436767 0.480838 0.57131 0.665132 0 
0.090284 0.210758 -0.0438971 0.47513 0.585938 0.656452 0 
0.090571 0.210299 -0.0432596 0.406974 0.511578 0.756743 0 
0.0909532 0.210264 -0.04341 0.394201 0.45856 0.796447 0 
0.0909501 0.210375 -0.0427794 0.460327 0.533447 0.709601 0 
0.0908034 0.209968 -0.0427243 0.363192 0.407215 0.838014 0 
0.0907862 0.210242 -0.0425664 0.401661 0.459733 0.792031 0 
0.0910883 0.211178 -0.0430156 0.442537 0.528724 0.724302 0 
0.0906597 0.210599 -0.0424399 0.401369 0.449727 0.797903 0 
0.0887074 0.213167 -0.0450118 0.888676 0.435006 0.145002 0 
0.0893107 0.213482 -0.0443507 0.873654 0.467772 0.133855 0 
0.0896381 0.213229 -0.0442569 0.842497 0.526379 0.114556 0 
0.0895433 0.213497 -0.044162 0.86262 0.492311 0.11626 0 
0.0894426 0.213185 -0.0440123 0.852635 0.509272 0.116859 0 
0.0893647 0.212661 -0.0435553 0.794674 0.551119 0.254483 0 
0.0902669 0.212527 -0.0432261 0.59407 0.58053 0.556835 0 
0.0905944 0.212275 -0.0431322 0.555677 0.575945 0.599591 0 
0.0899568 0.212853 -0.0438243 0.612279 0.608906 0.504329 0 
0.0898705 0.212725 -0.0435484 0.667554 0.590593 0.453401 0 
0.0897441 0.213083 -0.0434218 0.80109 0.538745 0.260784 0 
0.0902351 0.212444 -0.0430212 0.592842 0.586086 0.552306 0 
0.0905943 0.212101 -0.042959 0.587421 0.58065 0.563721 0 
0.0897353 0.21296 -0.0430829 0.795403 0.5485 0.257842 0 
0.0884915 0.213508 -0.0439788 0.896639 0.435195 0.0815126 0 
0.0884829 0.213731 -0.0439865 0.881271 0.463753 0.0910694 0 
0.0894169 0.213855 -0.0440355 0.877668 0.461099 0.130717 0 
0.0894571 0.213542 -0.0440594 0.86262 0.492311 0.11626 0 
0.0895029 0.213464 -0.0437915 0.86262 0.492311 0.11626 0 
0.0892991 0.213989 -0.0439011 0.886813 0.439825 0.141833 0 
0.089776 0.213513 -0.0439732 0.853695 0.499331 0.147896 0 
0.0895949 0.213826 -0.0437757 0.879482 0.457675 0.130559 0 
0.0896493 0.213351 -0.0433269 0.859803 0.50167 0.0952178 0 
0.0894768 0.213614 -0.0432949 0.876642 0.464778 0.124417 0 
0.0892269 0.213872 -0.0433258 0.899069 0.425141 0.104543 0 
0.0897556 0.213897 -0.0431848 0.876246 0.459124 0.146282 0 
0.0895603 0.2142 -0.0432868 0.891337 0.430646 0.141641 0 
0.0890373 0.214409 -0.0431359 0.883813 0.451157 0.123819 0 
0.0884315 0.215071 -0.0440329 0.864926 0.491597 0.101169 0 
0.08815 0.215419 -0.0440321 0.861991 0.498449 0.0923054 0 
0.0888649 0.214672 -0.0431039 0.883113 0.457754 0.102819 0 
0.0888708 0.215253 -0.0431587 0.867605 0.490752 0.0801515 0 
0.0885518 0.215109 -0.0430716 0.875095 0.480958 0.053746 0 
0.0880871 0.216117 -0.0444887 0.852902 0.520062 0.0457655 0 
0.0883742 0.21583 -0.0440244 0.860633 0.502857 0.0802881 0 
0.0883198 0.216132 -0.0442999 0.855807 0.50951 0.0894126 0 
0.0882419 0.215608 -0.043843 0.864046 0.499505 0.062612 0 
0.0879922 0.216385 -0.0443938 0.857862 0.513076 0.0287322 0 
0.0884662 0.216193 -0.0440086 0.860717 0.501731 0.086213 0 
0.0882249 0.216401 -0.044205 0.859272 0.508322 0.0570991 0 
0.0885437 0.216025 -0.0437724 0.860518 0.503958 0.0744004 0 
0.0884488 0.216293 -0.0436774 0.8636 0.501579 0.0511251 0 
0.088535 0.216075 -0.0436068 0.862895 0.502778 0.0512474 0 
0.0886269 0.216264 -0.0434177 0.862359 0.506079 -0.014845 0 
0.0881295 0.21563 -0.0430705 0.865014 0.501084 -0.0258011 0 
0.0886209 0.215511 -0.0431897 0.87016 0.491593 0.0340438 0 
0.0885261 0.215779 -0.0430947 0.867647 0.496765 0.0203038 0 
0.0884312 0.216047 -0.0429998 0.867668 0.497143 -0.00133282 0 
0.0890432 0.214989 -0.0431908 0.876166 0.47265 0.0945299 0 
0.088678 0.2159 -0.0423384 0.867007 0.498295 0.00133591 0 
0.0913324 0.210339 -0.0429299 0.484903 0.558729 0.672824 0 
0.0910508 0.210687 -0.0429292 0.417867 0.473149 0.775575 0 
0.0909356 0.210018 -0.0427324 0.455246 0.504909 0.73336 0 
0.0909876 0.210866 -0.0428659 0.4273 0.492787 0.758008 0 
0.0908612 0.211224 -0.0427393 0.462884 0.519293 0.718383 0 
0.0910165 0.21158 -0.0429601 0.50004 0.526798 0.687346 0 
0.0906571 0.211403 -0.0425024 0.4853 0.511983 0.708772 0 
0.0906715 0.21176 -0.0425495 0.536892 0.540258 0.647973 0 
0.087323 0.218202 -0.0441944 0.80259 0.483469 -0.349438 0 
0.0870271 0.218366 -0.0443198 0.794902 0.465977 -0.388583 0 
0.088067 0.217021 -0.0442201 0.848925 0.528371 -0.0122245 0 
0.0879722 0.217289 -0.0441252 0.85064 0.524216 -0.0401115 0 
0.0884319 0.217086 -0.0440395 0.860057 0.510112 0.00942159 0 
0.0876993 0.217587 -0.04429 0.841486 0.528644 -0.111522 0 
0.0847461 0.220778 -0.0445664 0.776117 0.437684 -0.453955 0 
0.0853379 0.220624 -0.0444887 0.752261 0.459258 -0.472426 0 
0.0853207 0.220897 -0.0443309 0.753644 0.454813 -0.474516 0 
0.0858004 0.219617 -0.0443404 0.766337 0.449345 -0.459148 0 
0.0844245 0.221611 -0.044715 0.779536 0.428012 -0.457306 0 
0.0848986 0.221765 -0.0446764 0.773609 0.434849 -0.460908 0 
0.0850538 0.221775 -0.0445505 0.773609 0.434849 -0.460908 0 
0.0845712 0.222191 -0.0449434 0.77722 0.435048 -0.454601 0 
0.0845081 0.22237 -0.0448802 0.77722 0.435048 -0.454601 0 
0.0844017 0.221823 -0.0450222 0.777163 0.431757 -0.457825 0 
0.0841717 0.222326 -0.0444619 0.779454 0.424713 -0.460512 0 
0.0847722 0.222123 -0.0445498 0.777163 0.431757 -0.457825 0 
0.0850998 0.222043 -0.0446292 0.768702 0.439025 -0.465138 0 
0.0845711 0.222018 -0.0447701 0.777163 0.431757 -0.457825 0 
0.0849675 0.22182 -0.0444479 0.773609 0.434849 -0.460908 0 
0.0844763 0.222286 -0.0446752 0.780874 0.430211 -0.452939 0 
0.0845768 0.222252 -0.0444784 0.773535 0.431551 -0.464121 0 
0.0852429 0.221868 -0.0433607 0.777163 0.431757 -0.457825 0 
0.0853667 0.222314 -0.0435498 0.770948 0.428667 -0.471045 0 
0.0855704 0.221615 -0.0432669 0.7583 0.434016 -0.486426 0 
0.0838126 0.222669 -0.044524 0.778448 0.430666 -0.456668 0 
0.0835712 0.222703 -0.0445473 0.773666 0.438139 -0.457684 0 
0.0842176 0.222421 -0.0443673 0.780808 0.426928 -0.456148 0 
0.083669 0.223473 -0.0444129 0.743279 0.466403 -0.479588 0 
0.0853439 0.2227 -0.0440303 0.769506 0.426414 -0.475427 0 
0.0850331 0.223136 -0.0427291 0.776117 0.437684 -0.453955 0 
0.0838495 0.22379 -0.0432309 0.735238 0.467578 -0.490709 0 
0.0833899 0.224166 -0.0434899 0.743279 0.466403 -0.479588 0 
0.0830625 0.224419 -0.0435837 0.745919 0.465993 -0.475873 0 
0.0828901 0.224682 -0.0435517 0.743279 0.466403 -0.479588 0 
0.0825626 0.224935 -0.0436455 0.743238 0.463082 -0.482858 0 
0.0827004 0.225219 -0.0433619 0.748474 0.478694 -0.458954 0 
0.0822149 0.225919 -0.0432975 0.770212 0.486878 -0.411974 0 
0.085869 0.218003 -0.0444519 0.782087 0.437383 -0.443887 0 
0.0859841 0.2185 -0.0444755 0.779701 0.441125 -0.444381 0 
0.0861391 0.218337 -0.0441764 0.782087 0.437383 -0.443887 0 
0.0862023 0.218158 -0.0442396 0.784452 0.443386 -0.433641 0 
0.0858775 0.217607 -0.0442709 0.792171 0.456588 -0.404959 0 
0.0867684 0.218501 -0.0440119 0.79004 0.45399 -0.411984 0 
0.0863402 0.218442 -0.043956 0.782087 0.437383 -0.443887 0 
0.0859209 0.218678 -0.0444122 0.779701 0.441125 -0.444381 0 
0.0860443 0.218605 -0.0440815 0.777286 0.441603 -0.448121 0 
0.0861134 0.219007 -0.0441995 0.776166 0.444221 -0.447475 0 
0.0859495 0.218873 -0.0439865 0.776166 0.444221 -0.447475 0 
0.086277 0.218621 -0.0438927 0.782087 0.437383 -0.443887 0 
0.0859866 0.218845 -0.0435532 0.777286 0.441603 -0.448121 0 
0.0878974 0.216654 -0.0442989 0.851291 0.524395 -0.0177069 0 
0.0882537 0.216769 -0.0439526 0.85974 0.510428 0.017601 0 
0.0883884 0.217164 -0.0430384 0.868424 0.492889 0.0538451 0 
0.0883048 0.216405 -0.0428733 0.863893 0.503147 -0.0230552 0 
0.0883105 0.216639 -0.0425815 0.848754 0.507487 -0.148569 0 
0.0882159 0.217254 -0.0428332 0.846815 0.506907 -0.161087 0 
0.0880204 0.21721 -0.0425885 0.821457 0.504676 -0.265537 0 
0.0879256 0.217478 -0.0424936 0.788198 0.49484 -0.365892 0 
0.0888823 0.21739 -0.0422353 0.840412 0.512009 -0.177636 0 
0.0886553 0.217608 -0.0421323 0.799098 0.502427 -0.330166 0 
0.086943 0.218237 -0.0427751 0.777088 0.428458 -0.46104 0 
0.0873654 0.217716 -0.0427761 0.762362 0.470533 -0.444301 0 
0.0870092 0.219096 -0.0426091 0.782087 0.437383 -0.443887 0 
0.0868483 0.218505 -0.0426801 0.782087 0.437383 -0.443887 0 
0.0863568 0.218625 -0.042561 0.782087 0.437383 -0.443887 0 
0.0866902 0.218952 -0.0425219 0.782087 0.437383 -0.443887 0 
0.0876154 0.218953 -0.042232 0.769917 0.442989 -0.459335 0 
0.0892073 0.218114 -0.0423773 0.816511 0.522133 -0.246348 0 
0.0879429 0.2187 -0.0421382 0.773732 0.444692 -0.451208 0 
0.0841569 0.220127 -0.0445815 0.774851 0.442073 -0.45186 0 
0.0836972 0.220331 -0.0446672 0.781963 0.42756 -0.453571 0 
0.0861879 0.220619 -0.0429928 0.758814 0.46381 -0.457255 0 
0.0860872 0.220306 -0.0428431 0.771244 0.458181 -0.441875 0 
0.0859924 0.220575 -0.0427482 0.758789 0.453962 -0.467073 0 
0.0855607 0.218785 -0.0422284 0.776166 0.444221 -0.447475 0 
0.0853479 0.219015 -0.041826 0.773732 0.444692 -0.451208 0 
0.0853634 0.22093 -0.0434325 0.748417 0.45563 -0.481948 0 
0.0853605 0.221388 -0.0431485 0.751634 0.435849 -0.495058 0 
0.0858604 0.220871 -0.0430867 0.753644 0.454813 -0.474516 0 
0.0851709 0.221924 -0.0429586 0.776998 0.42515 -0.464244 0 
0.0866359 0.219427 -0.0429708 0.776166 0.444221 -0.447475 0 
0.0862594 0.21987 -0.0427018 0.773732 0.444692 -0.451208 0 
0.0872593 0.220334 -0.042065 0.77374 0.447955 -0.447955 0 
0.0874715 0.219238 -0.0416011 0.767419 0.443434 -0.46307 0 
0.084944 0.222316 -0.0430289 0.770948 0.428667 -0.471045 0 
0.084786 0.222763 -0.0428707 0.776067 0.434403 -0.45718 0 
0.0849495 0.222377 -0.0425639 0.770948 0.428667 -0.471045 0 
0.0850558 0.22275 -0.0422486 0.777163 0.431757 -0.457825 0 
0.0846279 0.223211 -0.0427125 0.783353 0.439521 -0.439521 0 
0.0828353 0.224465 -0.0433074 0.744453 0.46714 -0.477044 0 
0.0853947 0.223139 -0.0417446 0.777286 0.441603 -0.448121 0 
