0.0930197 0.217629 -0.0690637 0.540406 -0.774529 -0.328734 2 
0.092381 0.21655 -0.0670345 0.464637 -0.841287 -0.276313 2 
0.0930775 0.217159 -0.0674282 0.481211 -0.83005 -0.281874 2 
0.0931797 0.217124 -0.0671483 0.469482 -0.83825 -0.277351 2 
0.0936327 0.217423 -0.067384 0.495311 -0.82031 -0.285936 2 
0.0937843 0.217475 -0.0671114 0.484848 -0.827827 -0.282178 2 
0.0934778 0.217578 -0.0679513 0.507845 -0.809721 -0.294015 2 
0.0931337 0.21683 -0.0668462 0.469482 -0.83825 -0.277351 2 
0.0832476 0.210822 -0.040938 0.119443 -0.0301399 -0.992383 1 
0.0833002 0.21037 -0.0404771 0.119443 -0.0301399 -0.992383 1 
0.0832969 0.210577 -0.0407718 0.119443 -0.0301399 -0.992383 1 
0.0834451 0.210837 -0.0407939 0.121904 -0.0324333 -0.992012 1 
0.0836579 0.210619 -0.0405769 0.115258 -0.0391654 -0.992563 1 
0.0835589 0.210114 -0.0403886 0.121904 -0.0324333 -0.992012 1 
0.0837072 0.210374 -0.0404107 0.109419 -0.027631 -0.993612 1 
0.0838554 0.210634 -0.0404329 0.109419 -0.027631 -0.993612 1 
0.0838895 0.210622 -0.0403395 0.109419 -0.027631 -0.993612 1 
0.083115 0.211323 -0.0413638 0.119691 -0.0346768 -0.992205 1 
0.0831337 0.211214 -0.0411697 0.119691 -0.0346768 -0.992205 1 
0.083297 0.210909 -0.0409454 0.119443 -0.0301399 -0.992383 1 
0.0837073 0.210705 -0.0405843 0.115258 -0.0391654 -0.992563 1 
0.0841261 0.210684 -0.0407398 0.0859424 0.00318305 -0.996295 1 
0.0846883 0.211527 -0.0406269 0.090919 0.00748744 -0.99583 1 
0.0850541 0.210964 -0.0407225 0.0489978 0.0707746 -0.996288 1 
0.0838093 0.21034 -0.0401308 0.109419 -0.027631 -0.993612 1 
0.0840715 0.210208 -0.0399212 0.0859424 0.00318305 -0.996295 1 
0.0841022 0.210404 -0.0401225 0.0859424 0.00318305 -0.996295 1 
0.0844375 0.210308 -0.0403639 0.0680429 0.0399617 -0.996882 1 
0.0844222 0.21021 -0.0402632 0.0680429 0.0399617 -0.996882 1 
0.0847948 0.209563 -0.039943 0.0440136 0.0590427 -0.997285 1 
0.0843115 0.210062 -0.0400267 0.0761766 0.0268228 -0.996733 1 
0.0846314 0.209867 -0.0401674 0.0440136 0.0590427 -0.997285 1 
0.0849243 0.209932 -0.0401592 0.0489978 0.0707746 -0.996288 1 
0.0847797 0.210127 -0.0401895 0.0489978 0.0707746 -0.996288 1 
0.0856314 0.211243 -0.0403631 -0.00526498 0.0747627 -0.997187 1 
0.0859208 0.211184 -0.040476 -0.0352773 0.0630715 -0.997385 1 
0.0862935 0.210868 -0.0403294 -0.0134543 -0.0486426 -0.998726 1 
0.0859394 0.210743 -0.0401084 -0.0374174 0.0609368 -0.99744 1 
0.0860415 0.210708 -0.0398285 -0.000987127 -0.00888415 -0.99996 1 
0.0860711 0.208329 -0.0404533 -0.00916809 0.0356537 -0.999322 1 
0.0861628 0.207924 -0.0405367 -0.00499422 0.0169804 -0.999843 1 
0.0866178 0.208743 -0.0400662 0.157335 0.386959 -0.908575 1 
0.0867199 0.208709 -0.0397862 0.189163 0.318075 -0.929002 1 
0.0866003 0.207793 -0.0404982 0.143777 0.947318 -0.286211 1 
0.0864687 0.210537 -0.0403268 0.0738858 0.743204 -0.664972 1 
0.0868532 0.209865 -0.0402284 0.112366 0.342512 -0.93277 1 
0.0861943 0.2097 -0.0397939 0.154625 0.906469 -0.392945 1 
0.0863766 0.209949 -0.0397227 0.175548 0.422187 -0.889349 1 
0.0869792 0.209779 -0.0403921 0.0590926 0.933664 0.353243 1 
0.0871049 0.209362 -0.0403822 0.0588206 0.937208 0.343774 1 
0.0871048 0.20903 -0.0402086 0.0611907 0.941295 0.331992 1 
0.0866286 0.210109 -0.0402236 0.10311 0.39182 -0.914246 1 
0.0868569 0.210652 -0.0404545 0.0491661 0.571731 -0.818966 1 
0.0875542 0.208874 -0.0403918 0.0606019 0.94771 0.313325 1 
0.0884919 0.208276 -0.041129 0.0395603 0.945619 0.322863 1 
0.0876907 0.209491 -0.0403657 0.0584093 0.943635 0.325794 1 
0.0887598 0.209452 -0.0404392 0.028917 0.951748 0.305515 1 
0.0859653 0.211543 -0.0400193 -0.0287426 0.064937 -0.997475 1 
0.0862852 0.211349 -0.04016 0.0725191 0.960561 -0.268448 1 
0.0866345 0.211748 -0.039917 0.0669875 0.813827 -0.577233 1 
0.0868898 0.2117 -0.0401232 0.0470021 0.747761 -0.662302 1 
0.0869239 0.211688 -0.0400299 0.0709645 0.699507 -0.711093 1 
0.0868333 0.211034 -0.0401844 0.0840484 0.528508 -0.844758 1 
0.087266 0.211508 -0.0398554 0.0741356 0.978347 0.193239 1 
0.0877203 0.211078 -0.0405027 0.0626751 0.862131 0.502794 1 
0.0876554 0.210562 -0.0402211 0.0521949 0.911403 0.408191 1 
0.0877577 0.210859 -0.0401147 0.0490661 0.918995 0.391203 1 
0.0878942 0.211476 -0.0400886 0.0454387 0.863336 0.50258 1 
0.0868682 0.208969 -0.0398083 0.154969 0.314053 -0.936673 1 
0.087154 0.208454 -0.0398688 0.157236 0.304901 -0.939315 1 
0.0893454 0.20925 -0.0402492 -0.00372894 0.945907 0.324417 1 
0.0881563 0.211345 -0.039879 0.0378688 0.92844 0.369548 1 
0.0884951 0.211372 -0.0399993 0.0362797 0.896244 0.442075 1 
0.0887351 0.211226 -0.0401048 0.03282 0.920272 0.389901 1 
0.0890822 0.210773 -0.0403944 0.0215971 0.941378 0.33666 1 
0.0894994 0.210817 -0.0397911 0.0111421 0.952034 0.30579 1 
0.0896066 0.210841 -0.0401488 0.00367903 0.955321 0.295548 1 
0.0894301 0.2119 -0.0397398 0.00901043 0.922925 0.384874 1 
0.089035 0.208235 -0.0406894 0.0241365 0.941324 0.336641 1 
0.0894848 0.209073 -0.0413934 0.00863851 0.953938 0.29988 1 
0.0894799 0.209346 -0.0409294 0.00609175 0.958842 0.283876 1 
0.0901457 0.209758 -0.0411217 -0.0189665 0.942001 0.335074 1 
0.0903928 0.210191 -0.0411586 -0.0349356 0.932909 0.358413 1 
0.0896962 0.209583 -0.0407649 -0.00369682 0.952546 0.304371 1 
0.0879179 0.220251 -0.0453403 -0.0130416 0.228822 0.973381 1 
0.0879332 0.220349 -0.045441 -0.0130416 0.228822 0.973381 1 
0.0880015 0.220657 -0.0454279 -0.137404 0.177743 0.974437 1 
0.0881342 0.220488 -0.0451758 -0.00592193 0.233324 0.972381 1 
0.0879873 0.219499 -0.0455652 0.13227 0.185179 0.973763 1 
0.0880553 0.219145 -0.045205 0.260814 0.171624 0.950011 1 
0.0879295 0.219562 -0.0452149 0.13227 0.185179 0.973763 1 
0.0880811 0.219614 -0.0449423 0.13227 0.185179 0.973763 1 
0.0884199 0.219642 -0.0450626 0.13227 0.185179 0.973763 1 
0.0881272 0.219909 -0.0452444 -0.0127464 0.191195 0.981469 1 
0.088386 0.219985 -0.0453295 -0.0127464 0.191195 0.981469 1 
0.0885681 0.219902 -0.0450847 0.134807 0.182682 0.973886 1 
0.08874 0.219779 -0.0453769 0.137956 0.18352 0.973287 1 
0.0885342 0.220244 -0.0453517 -0.00116244 0.210402 0.977614 1 
0.0889036 0.220137 -0.0454997 -0.00579411 0.202794 0.979204 1 
0.0891963 0.21987 -0.0453179 0.134807 0.182682 0.973886 1 
0.0881575 0.21911 -0.044925 0.25751 0.17392 0.950495 1 
0.0882257 0.219419 -0.044912 0.121694 0.186932 0.974806 1 
0.088488 0.219619 -0.044876 0.130052 0.188133 0.973495 1 
0.0886939 0.219484 -0.0450748 0.203606 0.177334 0.962859 1 
0.0888998 0.21935 -0.0452737 0.285999 0.171052 0.942839 1 
0.0892915 0.219588 -0.0452802 0.248653 0.173385 0.952948 1 
0.0894244 0.219749 -0.0452016 0.134807 0.182682 0.973886 1 
0.0887869 0.218019 -0.0453962 -0.799524 -0.128574 0.586712 1 
0.0891514 0.218515 -0.0452538 -0.81355 -0.100062 0.572821 1 
0.0878381 0.220962 -0.0456523 -0.0891653 0.143853 0.985574 1 
0.0877277 0.221478 -0.0457629 -0.0891653 0.143853 0.985574 1 
0.0877995 0.222241 -0.0458024 -0.0891653 0.143853 0.985574 1 
0.0878336 0.22223 -0.045709 -0.0891653 0.143853 0.985574 1 
0.08807 0.221629 -0.0457621 -0.0891653 0.143853 0.985574 1 
0.0881911 0.222148 -0.0456353 -0.0891653 0.143853 0.985574 1 
0.088317 0.222062 -0.045799 -0.0891653 0.143853 0.985574 1 
0.0881803 0.220782 -0.0454779 -0.137404 0.177743 0.974437 1 
0.0879404 0.221259 -0.0455459 -0.0891653 0.143853 0.985574 1 
0.0881687 0.22147 -0.0456032 -0.0891653 0.143853 0.985574 1 
0.0884038 0.221929 -0.0454183 -0.0891653 0.143853 0.985574 1 
0.0883743 0.220673 -0.0454549 -0.137404 0.177743 0.974437 1 
0.0884885 0.220945 -0.0455703 -0.0891653 0.143853 0.985574 1 
0.0887167 0.221156 -0.0456276 -0.0891653 0.143853 0.985574 1 
0.0889108 0.221047 -0.0456047 -0.0891653 0.143853 0.985574 1 
0.0890484 0.220604 -0.0458166 -0.0891653 0.143853 0.985574 1 
0.0885718 0.220688 -0.0453108 -0.137404 0.177743 0.974437 1 
0.088914 0.220508 -0.0451364 -0.0367356 0.195528 0.98001 1 
0.0891047 0.220607 -0.0454081 -0.137404 0.177743 0.974437 1 
0.0888801 0.220851 -0.0454033 -0.0891653 0.143853 0.985574 1 
0.0890129 0.221013 -0.0453247 -0.0891653 0.143853 0.985574 1 
0.08912 0.220705 -0.0455088 -0.0891653 0.143853 0.985574 1 
0.0890589 0.220975 -0.0454532 -0.0891653 0.143853 0.985574 1 
0.0892645 0.220178 -0.0453049 0.152512 0.188397 0.970179 1 
0.0892868 0.220524 -0.0451633 -0.0367356 0.195528 0.98001 1 
0.0897362 0.220367 -0.0453466 -0.0367356 0.195528 0.98001 1 
0.0935441 0.213107 -0.0522373 0.149235 -0.984953 0.0871534 1 
0.093219 0.213243 -0.051459 0.235235 -0.963034 -0.131264 1 
0.0933706 0.213295 -0.0511864 0.238535 -0.965622 -0.103323 1 
0.0936069 0.212362 -0.0510658 0.281648 -0.959093 -0.0285371 1 
0.093709 0.212328 -0.0507859 0.279687 -0.959806 -0.0234099 1 
0.093447 0.212791 -0.0511691 0.247073 -0.96397 -0.0985733 1 
0.0935953 0.213051 -0.0511912 0.247073 -0.96397 -0.0985733 1 
0.0938116 0.213288 -0.0510267 0.248319 -0.960772 -0.123509 1 
0.0940055 0.212848 -0.0508301 0.255898 -0.964922 -0.0586692 1 
0.0943256 0.212985 -0.0511444 0.258267 -0.965105 -0.0432505 1 
0.0940173 0.212491 -0.0508784 0.260546 -0.96512 -0.0256876 1 
0.0936859 0.214037 -0.0512102 0.246045 -0.95625 -0.158267 1 
0.093606 0.214417 -0.0513486 0.235002 -0.949515 -0.207834 1 
0.0937307 0.215059 -0.0511007 0.250608 -0.9496 -0.188295 1 
0.0941783 0.214637 -0.0503516 0.247886 -0.968571 -0.0205564 1 
0.0935086 0.213515 -0.0517455 0.239207 -0.958148 -0.157268 1 
0.0936451 0.214132 -0.0517194 0.220141 -0.952144 -0.212038 1 
0.0934507 0.213578 -0.0513952 0.240819 -0.961976 -0.128871 1 
0.093858 0.214577 -0.0518496 0.232421 -0.939427 -0.251906 1 
0.0939635 0.214335 -0.0512749 0.24698 -0.954543 -0.166878 1 
0.0936635 0.21336 -0.0511782 0.245378 -0.959206 -0.140404 1 
0.0941198 0.213451 -0.0511192 0.252564 -0.959218 -0.126936 1 
0.0937012 0.213803 -0.0511373 0.246045 -0.95625 -0.158267 1 
0.0942917 0.213328 -0.0514113 0.254389 -0.962589 -0.0933187 1 
0.0947632 0.213185 -0.0512795 0.264653 -0.959206 -0.0994063 1 
0.0951514 0.213299 -0.0514071 0.264971 -0.95574 -0.127871 1 
0.0950939 0.214025 -0.051404 0.264392 -0.956285 -0.124962 1 
0.0953289 0.214152 -0.0510455 0.266837 -0.955617 -0.124874 1 
0.094941 0.214701 -0.051265 0.262034 -0.953698 -0.147644 1 
0.0949053 0.214778 -0.0505996 0.256676 -0.956941 -0.135578 1 
0.0949855 0.215061 -0.0508083 0.251023 -0.958094 -0.137997 1 
0.0955913 0.214684 -0.051183 0.272362 -0.947169 -0.169379 1 
0.0953737 0.215175 -0.050936 0.261669 -0.951402 -0.162369 1 
0.094677 0.214236 -0.0503687 0.257681 -0.964746 -0.0535279 1 
0.0955335 0.214747 -0.0508327 0.267569 -0.95061 -0.157314 1 
0.0955781 0.215438 -0.0505497 0.211569 -0.880306 -0.424618 1 
0.0954216 0.215659 -0.0503582 0.101556 -0.657909 -0.746219 1 
0.0958181 0.215292 -0.0506552 -0.099058 0.10605 -0.989414 1 
0.0964122 0.215272 -0.0509817 -0.0884101 0.215422 -0.972511 1 
0.0961875 0.215184 -0.0508032 -0.10692 0.170826 -0.979483 1 
0.0949207 0.211242 -0.0513617 0.305448 -0.474619 -0.825493 1 
0.0956841 0.212887 -0.0513308 0.29008 -0.949714 -0.117886 1 
0.0955501 0.213785 -0.0511714 0.279835 -0.949298 -0.143265 1 
0.0962206 0.213261 -0.0514806 0.0567771 -0.204156 -0.977291 1 
0.0959146 0.214282 -0.051029 0.266667 -0.940935 -0.208636 1 
0.0970416 0.21418 -0.0514528 -0.105178 0.221761 -0.969412 1 
0.0970298 0.214537 -0.0514046 -0.113673 0.228622 -0.966856 1 
0.0974417 0.214268 -0.0518023 -0.130688 0.231616 -0.963989 1 
0.0977888 0.213815 -0.0520919 -0.130688 0.231616 -0.963989 1 
0.0966109 0.214227 -0.0510756 -0.0939469 0.176913 -0.979732 1 
0.0969157 0.214266 -0.0512892 -0.083686 0.226077 -0.970508 1 
0.0971251 0.214255 -0.0513669 -0.113673 0.228622 -0.966856 1 
0.0972698 0.214391 -0.0515101 -0.130688 0.231616 -0.963989 1 
0.0975779 0.214222 -0.051429 -0.130688 0.231616 -0.963989 1 
0.0977261 0.214482 -0.0514511 -0.130688 0.231616 -0.963989 1 
0.0977838 0.214088 -0.0516278 -0.130688 0.231616 -0.963989 1 
0.0981309 0.213634 -0.0519175 -0.130688 0.231616 -0.963989 1 
0.0981825 0.214573 -0.0513921 -0.130688 0.231616 -0.963989 1 
0.0988602 0.214959 -0.0518063 -0.166723 0.346055 -0.923282 1 
0.0989964 0.214914 -0.051433 -0.177921 0.368653 -0.912381 1 
0.0989402 0.214911 -0.0518415 -0.177921 0.368653 -0.912381 1 
0.0990764 0.214865 -0.0514682 -0.206923 0.366095 -0.90728 1 
0.0894541 0.20431 -0.0527912 0.107251 -0.771323 0.627343 1 
0.0877743 0.205663 -0.0522261 -0.00401163 -0.501454 0.865175 1 
0.0876929 0.206108 -0.0516058 -0.00133053 -0.485642 0.874156 1 
0.088234 0.205546 -0.0518724 -0.00401163 -0.501454 0.865175 1 
0.088161 0.205842 -0.051595 -0.00133053 -0.485642 0.874156 1 
0.0889318 0.205094 -0.0525041 0.0677116 -0.667031 0.741946 1 
0.0895139 0.204768 -0.0524352 0.0769631 -0.736232 0.672338 1 
0.089521 0.205347 -0.0523666 0.0703272 -0.60424 0.793693 1 
0.0890904 0.205726 -0.0521629 0.0698909 -0.571964 0.817296 1 
0.0893691 0.208267 -0.0516305 0.335538 -0.338575 0.87908 1 
0.0891288 0.207419 -0.0510042 0.0115032 -0.369382 0.929206 1 
0.0893792 0.207644 -0.0507464 0.0587292 -0.340629 0.938362 1 
0.0895615 0.207892 -0.0506752 0.081826 -0.294833 0.952039 1 
0.0904874 0.207652 -0.0513642 0.410299 -0.359994 0.83789 1 
0.0907391 0.206817 -0.0513443 0.408451 -0.333904 0.849515 1 
0.0907001 0.207102 -0.0509736 0.287145 -0.36532 0.885488 1 
0.0911919 0.206785 -0.0514065 0.458842 -0.347704 0.817659 1 
0.0906813 0.207212 -0.0511676 0.361183 -0.392454 0.845888 1 
0.0908399 0.207511 -0.0506528 0.211623 -0.316725 0.924609 1 
0.0905284 0.207888 -0.0510286 0.40352 -0.362697 0.840013 1 
0.090646 0.207952 -0.0508494 0.270079 -0.293188 0.917114 1 
0.0909848 0.207979 -0.0509696 0.507307 -0.40291 0.761776 1 
0.0912531 0.206514 -0.0514621 0.485078 -0.372269 0.791274 1 
0.0843282 0.205197 -0.0523117 -0.0846713 -0.566867 0.819446 1 
0.0845376 0.205186 -0.0523894 -0.0605202 -0.547497 0.834616 1 
0.0848764 0.205214 -0.0525097 -0.0514205 -0.521154 0.851912 1 
0.0850713 0.206686 -0.0515425 -0.0281239 -0.448643 0.893268 1 
0.0846862 0.206441 -0.0529323 -0.0512262 -0.508108 0.859769 1 
0.0850694 0.206496 -0.0524223 -0.0175327 -0.49766 0.867195 1 
0.0854694 0.206253 -0.0525982 -0.0175327 -0.49766 0.867195 1 
0.0846469 0.205731 -0.0520408 -0.0454836 -0.505833 0.861432 1 
0.0847985 0.205783 -0.0517682 -0.0398851 -0.504752 0.862342 1 
0.0851422 0.205537 -0.0523525 -0.0175327 -0.49766 0.867195 1 
0.0854127 0.205256 -0.0524859 -0.0175912 -0.502025 0.864674 1 
0.0849231 0.206426 -0.0515203 -0.00936899 -0.485849 0.873993 1 
0.0852536 0.206934 -0.0514713 -0.0281239 -0.448643 0.893268 1 
0.0850664 0.206959 -0.0510784 0.00395289 -0.451947 0.892036 1 
0.0854662 0.206384 -0.0510807 -0.0281239 -0.448643 0.893268 1 
0.085194 0.207139 -0.0521744 -0.0281239 -0.448643 0.893268 1 
0.084471 0.208039 -0.0505139 -0.0198273 -0.429593 0.902805 1 
0.085264 0.207305 -0.0511079 0.00395289 -0.451947 0.892036 1 
0.085317 0.207847 -0.0511678 0.014613 -0.453001 0.89139 1 
0.0853733 0.20785 -0.0507593 0.00131607 -0.454044 0.890978 1 
0.0858191 0.20757 -0.0510637 0.00132744 -0.484515 0.874782 1 
0.0854414 0.207827 -0.0505727 0.00131607 -0.454044 0.890978 1 
0.0856235 0.207744 -0.0503279 -0.0442589 -0.422471 0.905295 1 
0.0857495 0.207658 -0.0504916 0.00400496 -0.48994 0.871747 1 
0.0857308 0.207768 -0.0506856 0.00400496 -0.48994 0.871747 1 
0.0864013 0.207243 -0.0509948 -0.00133053 -0.485642 0.874156 1 
0.0868625 0.207061 -0.0513998 -0.00133053 -0.485642 0.874156 1 
0.0868929 0.206263 -0.0510804 -0.00133053 -0.485642 0.874156 1 
0.0862517 0.207712 -0.0505611 0.00132744 -0.484515 0.874782 1 
0.086107 0.207576 -0.0504178 0.00669041 -0.491076 0.871091 1 
0.0867421 0.207792 -0.0504088 -0.00133053 -0.485642 0.874156 1 
0.0867247 0.207173 -0.0510143 -0.00133053 -0.485642 0.874156 1 
0.0870106 0.20699 -0.0512484 -0.00133053 -0.485642 0.874156 1 
0.0869751 0.207398 -0.0507565 -0.00133053 -0.485642 0.874156 1 
0.0858695 0.209568 -0.0503004 -0.224618 0.0732182 0.971692 1 
0.0863871 0.20972 -0.0504706 -0.184058 0.121453 0.975383 1 
0.0872397 0.208782 -0.0503614 -0.00609595 -0.281633 0.959503 1 
0.0873351 0.209163 -0.0506709 -0.0707577 -0.126436 0.989448 1 
0.0874856 0.206971 -0.0509954 -0.00133053 -0.485642 0.874156 1 
0.0876985 0.210719 -0.0502905 -0.368133 0.269765 0.889778 1 
0.088609 0.210049 -0.0507052 -0.173907 0.202674 0.96368 1 
0.0870561 0.209262 -0.050021 -0.0848004 -0.19541 0.977049 1 
0.0871737 0.209657 -0.0500153 -0.154614 -0.0696354 0.985518 1 
0.0876842 0.20923 -0.0502542 -0.0819959 -0.15092 0.985139 1 
0.0886124 0.209841 -0.0504105 -0.0231088 0.00703312 0.999708 1 
0.0881708 0.214313 -0.0442341 0.736469 0.471671 0.484911 1 
0.0876722 0.215046 -0.0443907 0.7031 0.223927 0.674913 1 
0.0881284 0.214806 -0.0441581 0.824083 0.359054 0.43814 1 
0.0884448 0.214156 -0.0442463 0.74374 0.502972 0.440307 1 
0.0886305 0.214528 -0.044054 0.804561 0.444837 0.393448 1 
0.0890187 0.214642 -0.0441816 0.86179 0.425557 0.276078 1 
0.0887117 0.21342 -0.0443271 0.378685 0.719665 0.581962 1 
0.0888824 0.214357 -0.0443813 0.829798 0.4735 0.295352 1 
0.0893471 0.214298 -0.0446653 0.812617 0.501402 0.297069 1 
0.0899308 0.213907 -0.0453551 0.832034 0.531371 0.159262 1 
0.0890303 0.213622 -0.0438827 0.318514 0.725953 0.609542 1 
0.0890611 0.21415 -0.0442577 0.777537 0.505965 0.373412 1 
0.0883908 0.215337 -0.0442956 0.81854 0.296937 0.491753 1 
0.0878614 0.215542 -0.0440772 0.627039 0.188572 0.755819 1 
0.0880097 0.215802 -0.0440994 0.604055 0.165018 0.779671 1 
0.088139 0.215508 -0.0439683 0.642391 0.195644 0.740984 1 
0.0887227 0.215117 -0.0446582 0.823073 0.322619 0.467405 1 
0.0889626 0.214971 -0.0447637 0.840934 0.361743 0.402458 1 
0.0886154 0.215093 -0.0443005 0.8181 0.340216 0.463643 1 
0.0887908 0.215094 -0.0444715 0.827501 0.332576 0.452367 1 
0.0890495 0.214838 -0.044383 0.859123 0.387145 0.334703 1 
0.0900214 0.214561 -0.0452005 0.851056 0.464351 0.245116 1 
0.0902767 0.214513 -0.0454067 0.863875 0.476671 0.162802 1 
0.0903295 0.214392 -0.0451194 0.821748 0.524878 0.221887 1 
0.0898647 0.21445 -0.0448355 0.831207 0.483188 0.274998 1 
0.0900212 0.214229 -0.0450269 0.792146 0.554658 0.254674 1 
0.0902153 0.21412 -0.045004 0.800879 0.549926 0.237011 1 
0.0898976 0.215499 -0.0445042 0.884242 0.34496 0.314832 1 
0.0906379 0.215217 -0.0455591 0.897317 0.382055 0.221036 1 
0.0904716 0.21309 -0.0472604 0.680364 0.713849 0.165905 1 
0.0904632 0.213239 -0.0469174 0.765737 0.627874 0.139361 1 
0.090676 0.213021 -0.0467005 0.769635 0.61843 0.158766 1 
0.0903086 0.213649 -0.0458461 0.833929 0.533891 0.139724 1 
0.0903712 0.212982 -0.0464869 0.787639 0.604398 0.119697 1 
0.0905264 0.213489 -0.0462668 0.809267 0.567828 0.150527 1 
0.0905044 0.213806 -0.0467555 0.827533 0.539308 0.155998 1 
0.0907548 0.214032 -0.0464977 0.83142 0.536066 0.1462 1 
0.0908109 0.213703 -0.0459156 0.833929 0.533891 0.139724 1 
0.0914085 0.213807 -0.046121 0.800499 0.573514 0.174021 1 
0.0903575 0.21241 -0.0451591 0.857729 0.453913 0.241379 1 
0.0902541 0.213504 -0.0452011 0.853049 0.49106 0.176544 1 
0.0905129 0.21358 -0.0452862 0.84339 0.506034 0.18062 1 
0.0903305 0.213001 -0.0451838 0.811971 0.533581 0.236632 1 
0.0906882 0.21325 -0.0452836 0.817636 0.532307 0.219366 1 
0.0906423 0.213618 -0.0453287 0.84339 0.506034 0.18062 1 
0.0905163 0.213373 -0.0449915 0.842288 0.488923 0.226946 1 
0.0908823 0.213472 -0.0454343 0.802541 0.569789 0.176831 1 
0.0906162 0.212155 -0.0450706 0.90701 0.361353 0.216231 1 
0.0903904 0.213458 -0.0448278 0.857594 0.462709 0.224572 1 
0.0908209 0.21308 -0.0450315 0.82826 0.508635 0.235109 1 
0.0906494 0.214197 -0.0452601 0.827604 0.534276 0.172106 1 
0.0906884 0.213913 -0.0456308 0.830457 0.538396 0.14308 1 
0.0905353 0.213926 -0.0451447 0.830746 0.528385 0.17513 1 
0.0913284 0.213524 -0.0459122 0.796996 0.583864 0.154596 1 
0.0893047 0.217902 -0.0568512 0.764463 0.0797826 0.639712 1 
0.0889577 0.218687 -0.0567352 0.744843 0.00970932 0.667169 1 
0.0892777 0.218493 -0.0568759 0.763373 0.0295227 0.645282 1 
0.089587 0.217264 -0.0570328 0.787052 0.128952 0.603258 1 
0.0898649 0.218225 -0.0574447 0.791877 0.0350388 0.609675 1 
0.0897848 0.217942 -0.0572359 0.792454 0.0613973 0.606834 1 
0.0899059 0.218461 -0.0571091 0.764809 0.0498479 0.642326 1 
0.0902718 0.218229 -0.0573783 0.80116 0.0292597 0.597735 1 
0.0903399 0.218206 -0.0571917 0.793384 0.0494981 0.606705 1 
0.0906155 0.217984 -0.0579626 0.872216 -0.00937867 0.489031 1 
0.0907518 0.217938 -0.0575893 0.85743 0.0121525 0.514458 1 
0.090767 0.217704 -0.0575164 0.855347 0.0399437 0.516514 1 
0.0905959 0.216181 -0.0589273 0.985868 0.0501684 0.159839 1 
0.090651 0.217575 -0.0584545 0.962406 -0.046066 0.267681 1 
0.0915752 0.216737 -0.0580375 0.965043 0.0509225 0.257096 1 
0.0914953 0.217117 -0.0581759 0.968968 0.0329084 0.244984 1 
0.0909695 0.217778 -0.05801 0.915316 -0.00906253 0.402635 1 
0.0911789 0.217767 -0.0580877 0.926848 -0.0246295 0.374628 1 
0.0914308 0.217595 -0.0584151 0.963072 -0.0384237 0.266487 1 
0.091693 0.217464 -0.0582054 0.946397 0.0062345 0.322947 1 
0.0910835 0.217386 -0.0577783 0.907943 0.0386642 0.417307 1 
0.0920364 0.216555 -0.0584426 0.980561 0.0562715 0.187971 1 
0.0916552 0.216689 -0.0580727 0.967662 0.0532771 0.246562 1 
0.0920692 0.217272 -0.0579377 0.932485 0.0376106 0.359246 1 
0.0920209 0.216125 -0.0581683 0.979405 0.0638481 0.191544 1 
0.0923444 0.216055 -0.0581879 0.979078 0.0715807 0.190477 1 
0.0921351 0.216397 -0.0582837 0.981179 0.0560333 0.184791 1 
0.0925914 0.216488 -0.0582247 0.981201 0.0487627 0.186726 1 
0.0926256 0.216808 -0.058305 0.981051 0.0293728 0.191511 1 
0.0928926 0.216072 -0.0583859 0.986761 0.0692258 0.146665 1 
0.0892434 0.217841 -0.0566221 0.760243 0.0857635 0.643953 1 
0.0888776 0.218404 -0.0565265 0.752963 0.049818 0.656174 1 
0.0895399 0.218361 -0.0566663 0.758117 0.0616239 0.6492 1 
0.0896881 0.218621 -0.0566885 0.747488 0.0616928 0.661405 1 
0.0899293 0.217415 -0.057032 0.79597 0.125524 0.592178 1 
0.0901116 0.217664 -0.0569608 0.790623 0.107079 0.602868 1 
0.0902257 0.217935 -0.0570762 0.804519 0.0731381 0.589407 1 
0.0904998 0.217778 -0.0570884 0.826397 0.0816372 0.557138 1 
0.0935074 0.216462 -0.0578121 0.946163 0.0689775 0.316255 1 
0.0935602 0.216341 -0.0575247 0.890013 0.102316 0.444306 1 
0.0889453 0.22143 -0.0571434 0.303658 0.00368816 0.952774 1 
0.0895145 0.222521 -0.0567883 0.293504 0.0312238 0.955448 1 
0.0893884 0.222275 -0.056451 0.295826 0.0262124 0.954882 1 
0.0896743 0.222092 -0.056685 0.27841 0.0159442 0.96033 1 
0.089277 0.220879 -0.0573323 0.280979 -0.00364908 0.959707 1 
0.0898487 0.220181 -0.0576268 0.298545 -0.0873472 0.95039 1 
0.0902058 0.219104 -0.0570322 0.705388 0.0295672 0.708204 1 
0.0893757 0.22072 -0.0571735 0.284535 -0.00854827 0.958627 1 
0.089585 0.220378 -0.0570776 0.362378 -0.0063575 0.93201 1 
0.0897332 0.220638 -0.0570997 0.289457 -0.0160125 0.957057 1 
0.0908335 0.218155 -0.0585569 0.906581 -0.0722538 0.4158 1 
0.0908321 0.218883 -0.0581453 0.703716 -0.073999 0.706618 1 
0.0908512 0.219768 -0.058472 0.28363 -0.14652 0.947674 1 
0.0903065 0.219875 -0.0581529 0.273767 -0.125642 0.953554 1 
0.0905446 0.219132 -0.0571525 0.689995 0.0181946 0.723585 1 
0.0907505 0.218997 -0.0573514 0.700003 -0.0153693 0.713975 1 
0.0907638 0.218243 -0.0579847 0.855438 -0.0371929 0.516569 1 
0.090912 0.218503 -0.0580069 0.833468 -0.0576259 0.549555 1 
0.0911179 0.218369 -0.0582057 0.843188 -0.057522 0.534533 1 
0.0910246 0.21884 -0.0573636 0.722215 -0.00974085 0.691601 1 
0.0912305 0.218706 -0.0575624 0.739501 -0.00138225 0.673154 1 
0.090785 0.21998 -0.0577788 0.271488 -0.0862072 0.958573 1 
0.0906708 0.219709 -0.0576634 0.372531 -0.0707674 0.925318 1 
0.0912085 0.219023 -0.0580511 0.617442 -0.082422 0.782286 1 
0.0913225 0.218963 -0.057993 0.624584 -0.0735654 0.777485 1 
0.0912155 0.219602 -0.0579825 0.28363 -0.14652 0.947674 1 
0.0916528 0.218808 -0.0575967 0.713884 -0.0238429 0.699858 1 
0.0917329 0.219091 -0.0578055 0.526946 -0.0660439 0.847329 1 
0.0894253 0.221138 -0.0573544 0.281628 0.00853418 0.959486 1 
0.0905757 0.220322 -0.0578747 0.269055 -0.0752334 0.960182 1 
0.0894251 0.220807 -0.0571808 0.284535 -0.00854827 0.958627 1 
0.0897333 0.22097 -0.0572733 0.285867 -0.0110421 0.958206 1 
0.090271 0.220284 -0.0576611 0.275066 -0.0780419 0.958253 1 
0.0906321 0.220657 -0.0576398 0.289545 -0.0388567 0.956375 1 
0.0906766 0.221016 -0.0571832 0.289457 -0.0160125 0.957057 1 
0.0900521 0.221835 -0.057176 0.277765 0.01346 0.960555 1 
0.0900061 0.221541 -0.056874 0.277765 0.01346 0.960555 1 
0.090166 0.221443 -0.0569443 0.281628 0.00853418 0.959486 1 
0.0910461 0.22124 -0.0575048 0.289024 -0.00365853 0.957315 1 
0.0905201 0.221237 -0.0569917 0.286119 0.00121753 0.958193 1 
0.0909424 0.221671 -0.0571996 0.281628 0.00853418 0.959486 1 
0.0913098 0.221043 -0.058054 0.282288 -0.00855419 0.959291 1 
0.0911498 0.22114 -0.0579836 0.289457 -0.0160125 0.957057 1 
0.0915498 0.220897 -0.0581595 0.275483 -0.0183655 0.96113 1 
0.091538 0.221254 -0.0581113 0.289024 -0.00365853 0.957315 1 
0.0911391 0.220106 -0.0579998 0.271427 -0.0887606 0.958357 1 
0.0912603 0.220625 -0.057873 0.273424 -0.0334047 0.961313 1 
0.0912874 0.220366 -0.0580219 0.269055 -0.0752334 0.960182 1 
0.0913862 0.220539 -0.0580367 0.269631 -0.0645595 0.960797 1 
0.0915979 0.218077 -0.0584168 0.923181 -0.0599468 0.379663 1 
0.0917 0.218043 -0.0581368 0.894652 -0.0502308 0.443932 1 
0.0918176 0.218106 -0.0579575 0.868652 -0.0396707 0.493832 1 
0.0918599 0.217614 -0.0580336 0.918108 0.0142846 0.396072 1 
0.0921033 0.217592 -0.058018 0.90382 0.0171029 0.427571 1 
0.0921564 0.218134 -0.0580778 0.865491 -0.0510737 0.498313 1 
0.0918213 0.218893 -0.0581836 0.621545 -0.113679 0.775086 1 
0.0920189 0.21924 -0.0582131 0.29191 -0.156138 0.943615 1 
0.0916646 0.218783 -0.0578185 0.698673 -0.0588205 0.713019 1 
0.0919046 0.218637 -0.0579241 0.688302 -0.0617891 0.722788 1 
0.0921211 0.219205 -0.0579331 0.297227 -0.133147 0.945478 1 
0.092281 0.218776 -0.0578299 0.562616 -0.0549925 0.824888 1 
0.0925774 0.219296 -0.0578742 0.281286 -0.131978 0.950505 1 
0.0927256 0.219556 -0.0578963 0.280111 -0.097713 0.954982 1 
0.0926798 0.219925 -0.0579414 0.269055 -0.0752334 0.960182 1 
0.0912063 0.221806 -0.0579223 0.281628 0.00853418 0.959486 1 
0.0918417 0.222684 -0.0582605 0.255296 0.0157291 0.966735 1 
0.0916171 0.222928 -0.0582556 0.234786 0.0276927 0.971653 1 
0.0916063 0.221563 -0.0580982 0.288352 0.00121668 0.957524 1 
0.091877 0.221613 -0.0584051 0.288352 0.00121668 0.957524 1 
0.0917545 0.221823 -0.0581203 0.280979 0.00364908 0.959707 1 
0.0917427 0.22218 -0.0580721 0.270701 0.00849733 0.962626 1 
0.0919213 0.221641 -0.0577749 0.286119 0.00121753 0.958193 1 
0.0918226 0.2218 -0.0579337 0.280979 0.00364908 0.959707 1 
0.0920049 0.222048 -0.0578625 0.271328 0.0109505 0.962425 1 
0.0921307 0.221631 -0.0578526 0.288352 0.00121668 0.957524 1 
0.0919931 0.222405 -0.0578143 0.259828 0.0108765 0.965594 1 
0.0919439 0.22265 -0.0579805 0.255884 0.0181908 0.966536 1 
0.0921943 0.222875 -0.0577227 0.23532 0.0301692 0.97145 1 
0.0922859 0.222138 -0.0576325 0.267198 0.00846328 0.963605 1 
0.0917993 0.223177 -0.0581844 0.2304 0.0179067 0.972931 1 
0.0919135 0.223448 -0.0582999 0.234394 0.0527692 0.970708 1 
0.0921074 0.223008 -0.0581033 0.230212 0.0301324 0.972674 1 
0.0920957 0.223365 -0.0580551 0.234394 0.0527692 0.970708 1 
0.0921417 0.223659 -0.0583572 0.21996 0.037261 0.974797 1 
0.0921756 0.222985 -0.0579167 0.239806 0.0353014 0.970179 1 
0.0921144 0.223255 -0.0578611 0.238543 0.0452621 0.970077 1 
0.0923425 0.223135 -0.0577448 0.230735 0.032617 0.97247 1 
0.0924226 0.223418 -0.0579536 0.235981 0.0605397 0.96987 1 
0.0905326 0.218826 -0.0567571 0.719894 0.0649203 0.691041 1 
0.0907539 0.21879 -0.0570566 0.731734 0.0238761 0.681172 1 
0.0906961 0.218853 -0.0567064 0.719894 0.0649203 0.691041 1 
0.0913327 0.218671 -0.0572824 0.720857 0.0125488 0.692971 1 
0.091062 0.218621 -0.0569755 0.731615 0.0411977 0.680473 1 
0.0911384 0.218117 -0.0569582 0.753671 0.0827731 0.652019 1 
0.0916902 0.218589 -0.0572087 0.722162 0.0238384 0.691313 1 
0.0920394 0.218988 -0.0569656 0.618159 0.0265125 0.785606 1 
0.0925396 0.218521 -0.0577414 0.661088 -0.0648125 0.747504 1 
0.0925654 0.21899 -0.0574788 0.461471 -0.0309441 0.886616 1 
0.0930111 0.218047 -0.0574359 0.777959 -0.0124806 0.628191 1 
0.0927373 0.218868 -0.0577709 0.417216 -0.086748 0.904657 1 
0.0930985 0.219572 -0.0579232 0.277611 -0.0865114 0.95679 1 
0.0932007 0.219538 -0.0576433 0.269055 -0.0752334 0.960182 1 
0.0931936 0.218959 -0.0577119 0.27813 -0.119952 0.953024 1 
0.0929503 0.219312 -0.0579011 0.278873 -0.10605 0.954454 1 
0.0931479 0.219659 -0.0579306 0.269055 -0.0752334 0.960182 1 
0.093429 0.22008 -0.0578742 0.275483 -0.0183655 0.96113 1 
0.0936383 0.219738 -0.0577783 0.273424 -0.0334047 0.961313 1 
0.0936384 0.22007 -0.0579519 0.268028 -0.0208058 0.963187 1 
0.0938783 0.219592 -0.0578838 0.258246 -0.02815 0.965669 1 
0.0937829 0.219543 -0.057748 0.258246 -0.02815 0.965669 1 
0.0934431 0.220907 -0.0575633 0.265967 -0.00120347 0.963981 1 
0.0942805 0.216898 -0.0583621 0.998223 0.0156789 0.0574893 1 
0.0827319 0.214303 -0.0523235 0.174303 -0.0581011 0.982976 1 
0.0828802 0.214562 -0.0523457 0.170021 -0.0653927 0.983268 1 
0.0827886 0.2153 -0.0524359 0.164651 -0.0627806 0.984352 1 
0.0829603 0.214845 -0.0525544 0.164651 -0.0627806 0.984352 1 
0.0830778 0.214909 -0.0523752 0.162295 -0.067524 0.984429 1 
0.082918 0.215338 -0.0524784 0.160683 -0.0726049 0.984332 1 
0.0834848 0.215245 -0.0524824 0.151926 -0.0873274 0.984527 1 
0.0829636 0.214638 -0.0522597 0.163028 -0.0702093 0.98412 1 
0.0832223 0.214382 -0.0521712 0.163028 -0.0702093 0.98412 1 
0.0834507 0.214925 -0.0524021 0.151244 -0.0845538 0.984874 1 
0.0838199 0.214485 -0.0523766 0.155647 -0.0748532 0.984973 1 
0.0862608 0.213594 -0.0532699 0.281482 0.239047 0.929314 1 
0.081535 0.217873 -0.0523048 0.156859 -0.0476388 0.986471 1 
0.0815583 0.216827 -0.0522276 0.173488 -0.0705918 0.982303 1 
0.0819805 0.216598 -0.0520884 0.205453 -0.0775061 0.975593 1 
0.0822393 0.216674 -0.0521735 0.183297 -0.0996447 0.977994 1 
0.0825593 0.21648 -0.0523142 0.159714 -0.10607 0.981448 1 
0.0826769 0.216875 -0.0523085 0.164855 -0.10624 0.980579 1 
0.0832486 0.216177 -0.0526029 0.151926 -0.0873274 0.984527 1 
0.0827462 0.215792 -0.0523598 0.160683 -0.0726049 0.984332 1 
0.0831344 0.215906 -0.0524875 0.151926 -0.0873274 0.984527 1 
0.0833392 0.216832 -0.0524484 0.151926 -0.0873274 0.984527 1 
0.0834945 0.21767 -0.0524018 0.15692 -0.108262 0.98166 1 
0.0838144 0.217476 -0.0525425 0.149876 -0.0923235 0.984385 1 
0.0842707 0.217567 -0.0524836 0.158013 -0.092878 0.983059 1 
0.0844426 0.217444 -0.0527757 0.154626 -0.0875014 0.984091 1 
0.0850472 0.217795 -0.0527389 0.184955 -0.0894155 0.978671 1 
0.0839166 0.217441 -0.0522626 0.149876 -0.0923235 0.984385 1 
0.0845942 0.217496 -0.0525031 0.162398 -0.0878153 0.98281 1 
0.0845211 0.217792 -0.0522257 0.158013 -0.092878 0.983059 1 
0.0850505 0.217587 -0.0524441 0.184955 -0.0894155 0.978671 1 
0.0855978 0.215692 -0.0534128 0.23468 -0.111569 0.965649 1 
0.0859058 0.215523 -0.0533317 0.251931 -0.126618 0.959426 1 
0.0860244 0.214195 -0.0532168 0.241286 0.0556813 0.968855 1 
0.0860362 0.213838 -0.053265 0.258186 0.124506 0.958039 1 
0.0866867 0.214152 -0.0533567 0.308119 0.236464 0.921492 1 
0.0862372 0.213977 -0.0529998 0.25141 0.229185 0.940355 1 
0.0865912 0.213771 -0.0530472 0.298133 0.34907 0.888407 1 
0.0864315 0.214531 -0.0533241 0.252794 0.115378 0.960616 1 
0.0866528 0.214495 -0.0536236 0.307428 0.185013 0.933412 1 
0.0867549 0.214461 -0.0533436 0.308119 0.236464 0.921492 1 
0.0866598 0.215074 -0.0535549 0.341722 0.253725 0.904903 1 
0.0866631 0.214535 -0.0530866 0.267741 0.196344 0.943273 1 
0.0867195 0.215201 -0.0530254 0.251137 0.155466 0.955385 1 
0.0865905 0.216157 -0.0535036 0.390023 0.192836 0.900387 1 
0.0862175 0.21581 -0.0533031 0.327478 -0.0423795 0.943908 1 
0.0868185 0.215705 -0.0532137 0.337243 0.310263 0.888822 1 
0.0865327 0.21622 -0.0531533 0.368743 0.113776 0.922542 1 
0.0874571 0.216045 -0.0530836 0.377393 0.464113 0.801358 1 
0.0866 0.218251 -0.0532495 0.434228 0.222337 0.872933 1 
0.0859702 0.218348 -0.0522575 0.227832 -0.0628077 0.971673 1 
0.0864551 0.217783 -0.0529326 0.361372 0.119541 0.924727 1 
0.0867258 0.217834 -0.0532395 0.439816 0.173881 0.881094 1 
0.0866679 0.217565 -0.0527156 0.368743 0.113776 0.922542 1 
0.0869866 0.218431 -0.0526184 0.414995 0.137387 0.899391 1 
0.087403 0.216894 -0.0529593 0.382779 0.39223 0.836442 1 
0.0872772 0.217311 -0.0529692 0.445852 0.213234 0.869337 1 
0.087536 0.217387 -0.0530543 0.461261 0.322725 0.826491 1 
0.0875513 0.217154 -0.0529814 0.40698 0.435935 0.8027 1 
0.0876995 0.217414 -0.0530036 0.451366 0.43833 0.777262 1 
0.0876161 0.21767 -0.0532631 0.488399 0.350687 0.799053 1 
0.0868302 0.218983 -0.0526005 0.441457 0.196367 0.875532 1 
0.0869593 0.214392 -0.0527837 0.292972 0.331639 0.896763 1 
0.0869663 0.214971 -0.0527151 0.263562 0.205606 0.942476 1 
0.0871358 0.216968 -0.0525313 0.364608 0.200318 0.909359 1 
0.0866559 0.217259 -0.0523202 0.298483 0.00368497 0.954408 1 
0.0872063 0.21846 -0.0521591 0.448776 0.145744 0.881679 1 
0.0876534 0.21712 -0.0527015 0.394201 0.45856 0.796447 1 
0.0876158 0.216676 -0.0527423 0.367319 0.446826 0.815735 1 
0.0882439 0.216644 -0.0529755 0.458286 0.558275 0.691595 1 
0.0879122 0.217196 -0.0527866 0.439219 0.491859 0.751772 1 
0.0867628 0.212985 -0.0529922 0.289129 0.411512 0.864328 1 
0.0868994 0.213934 -0.0531397 0.348655 0.379647 0.856917 1 
0.0892854 0.215946 -0.0541915 0.602461 0.534958 0.592335 1 
0.088957 0.21629 -0.0537079 0.568852 0.548596 0.61274 1 
0.089357 0.216047 -0.0538838 0.567068 0.570454 0.594152 1 
0.0895358 0.216172 -0.0539337 0.504088 0.632218 0.588384 1 
0.0897551 0.215615 -0.0549395 0.497141 0.601625 0.625218 1 
0.0896632 0.215689 -0.0546825 0.525204 0.575866 0.626529 1 
0.0901126 0.215533 -0.0548658 0.409231 0.674319 0.614674 1 
0.0895748 0.215887 -0.0543044 0.522017 0.599728 0.606486 1 
0.0900972 0.215435 -0.0547651 0.607388 0.566782 0.556631 1 
0.0867546 0.213466 -0.0528229 0.297752 0.367278 0.881164 1 
0.0871428 0.21358 -0.0529505 0.332868 0.462229 0.821915 1 
0.0889639 0.216206 -0.0532921 0.559087 0.599625 0.5726 1 
0.0913653 0.207744 -0.0566026 0.722019 0.329371 0.608443 1 
0.0914897 0.207724 -0.0560075 0.810946 0.193227 0.552295 1 
0.0931193 0.20867 -0.0570216 0.717978 0.261515 0.645071 1 
0.0923106 0.208312 -0.0558061 0.344789 0.465545 0.8151 1 
0.0933576 0.208259 -0.0561947 0.757526 0.281094 0.589187 1 
0.092619 0.209137 -0.0562458 0.866187 0.329611 0.375603 1 
0.092939 0.208943 -0.0563865 0.842653 0.30261 0.44538 1 
0.0929155 0.209657 -0.05629 0.889823 0.348452 0.294614 1 
0.0935282 0.209196 -0.0562489 0.831526 0.257634 0.492128 1 
0.0935672 0.208911 -0.0566196 0.805595 0.246801 0.538615 1 
0.0945168 0.208288 -0.0575787 0.312314 0.26002 0.913701 1 
0.0942034 0.207735 -0.056675 0.643128 0.293497 0.70728 1 
0.0943786 0.207405 -0.0566724 0.56099 0.319877 0.763525 1 
0.0938836 0.208261 -0.0567079 0.590074 0.284699 0.755486 1 
0.0939978 0.208532 -0.0568233 0.23892 0.230634 0.943252 1 
0.0942072 0.208522 -0.056901 0.23892 0.230634 0.943252 1 
0.0942411 0.208179 -0.0566341 0.590074 0.284699 0.755486 1 
0.0944351 0.20807 -0.0566111 0.218493 0.197045 0.955737 1 
0.0945389 0.20797 -0.05709 0.218493 0.197045 0.955737 1 
0.0948364 0.207099 -0.0571986 0.549655 0.322101 0.770799 1 
0.0926278 0.209243 -0.0549501 0.911812 0.196722 0.360417 1 
0.091091 0.211281 -0.0575675 0.908676 0.394649 0.136231 1 
0.09103 0.211883 -0.0576855 0.943523 0.309154 0.119111 1 
0.0906518 0.211146 -0.0566737 0.898983 0.405761 0.164885 1 
0.0912019 0.211352 -0.0559919 0.906833 0.409938 0.0979987 1 
0.0920074 0.211842 -0.0556898 0.914172 0.403506 -0.0383661 1 
0.0920995 0.212431 -0.056294 0.938591 0.324534 0.117155 1 
0.0925557 0.211451 -0.053902 0.923722 0.354209 -0.145851 1 
0.0917412 0.210932 -0.057312 0.898001 0.406615 0.168106 1 
0.0920563 0.211011 -0.0569886 0.900241 0.398987 0.174287 1 
0.0916801 0.211203 -0.0572564 0.905522 0.3815 0.185711 1 
0.0926297 0.21058 -0.0582154 0.891217 0.408292 0.19756 1 
0.0927904 0.211731 -0.0571679 0.923262 0.336885 0.184652 1 
0.0928435 0.212605 -0.0574013 0.876561 0.344851 0.335736 1 
0.0932351 0.212511 -0.0572343 0.944429 0.300439 0.133379 1 
0.0933729 0.2124 -0.0576198 0.856153 0.366923 0.363826 1 
0.093352 0.211657 -0.0583465 0.932452 0.337212 0.129697 1 
0.0936707 0.212191 -0.0580756 0.935162 0.326283 0.137885 1 
0.0936246 0.211897 -0.0577735 0.918973 0.319705 0.230818 1 
0.0917974 0.210604 -0.0567299 0.900247 0.382496 0.207973 1 
0.0916936 0.210704 -0.0562511 0.90896 0.397932 0.124266 1 
0.0926534 0.209789 -0.0564996 0.889409 0.366227 0.273549 1 
0.0925961 0.211177 -0.0568437 0.907521 0.375377 0.188408 1 
0.0931408 0.21107 -0.0571628 0.900275 0.373285 0.223971 1 
0.093003 0.211182 -0.0567773 0.906217 0.366837 0.210242 1 
0.0926488 0.211056 -0.0565564 0.905228 0.392028 0.163939 1 
0.0928581 0.210714 -0.0564605 0.905228 0.392028 0.163939 1 
0.0930312 0.209531 -0.0569906 0.866643 0.354327 0.351259 1 
0.0932815 0.209757 -0.0567328 0.872584 0.34995 0.340781 1 
0.0934721 0.209524 -0.0568309 0.856457 0.336078 0.391833 1 
0.0931678 0.21048 -0.0571381 0.884434 0.360102 0.29682 1 
0.0923291 0.211914 -0.0567628 0.932816 0.324758 0.15616 1 
0.0921726 0.212135 -0.0565714 0.934313 0.323363 0.149985 1 
0.0931973 0.211736 -0.0571015 0.920877 0.336283 0.197229 1 
0.09394 0.21297 -0.0579709 0.822079 0.386393 0.418195 1 
0.0941036 0.213328 -0.0580937 0.840934 0.361743 0.402458 1 
0.0935399 0.212881 -0.0576215 0.849703 0.360149 0.385095 1 
0.0930128 0.209896 -0.055546 0.903324 0.423731 0.0667615 1 
0.0929244 0.210094 -0.0551679 0.901084 0.42654 -0.0781762 1 
0.0913809 0.204845 -0.029532 -0.607254 0.71796 0.340258 0 
0.0909843 0.204881 -0.0290614 -0.609304 0.716541 0.339585 0 
0.0911853 0.20502 -0.0287962 -0.609304 0.716541 0.339585 0 
0.0912075 0.205034 -0.028481 -0.58558 0.734814 0.342264 0 
0.0909194 0.203625 -0.0266203 -0.587185 0.766646 0.259747 0 
0.0910916 0.204496 -0.0274333 -0.562749 0.756244 0.333779 0 
0.0910166 0.204272 -0.0278621 -0.535454 0.765165 0.357508 0 
0.0916281 0.20487 -0.027583 -0.543337 0.760671 0.355196 0 
0.0910115 0.204214 -0.0272245 -0.575786 0.755418 0.312753 0 
0.0909419 0.204634 -0.026826 -0.565359 0.769207 0.297809 0 
0.0913197 0.204376 -0.027317 -0.562749 0.756244 0.333779 0 
0.090877 0.204117 -0.0265443 -0.587663 0.76727 0.256807 0 
0.0919499 0.204865 -0.0268439 -0.602822 0.743534 0.289419 0 
0.0904376 0.203319 -0.0253033 -0.569694 0.779995 0.258952 0 
0.0909163 0.204087 -0.0252764 -0.575774 0.776588 0.255725 0 
0.090831 0.203823 -0.0262422 -0.58972 0.765849 0.256331 0 
0.0911355 0.203199 -0.0261086 -0.588604 0.765343 0.260374 0 
0.0909331 0.203789 -0.0259623 -0.58972 0.765849 0.256331 0 
0.0913637 0.20341 -0.0261659 -0.593664 0.763732 0.253528 0 
0.0908972 0.203203 -0.0249497 -0.543689 0.792682 0.275784 0 
0.0909059 0.203716 -0.0256398 -0.58162 0.770765 0.260074 0 
0.090962 0.203387 -0.0250577 -0.543689 0.792682 0.275784 0 
0.0920521 0.204831 -0.0265639 -0.641328 0.723671 0.254948 0 
0.0912683 0.204508 -0.0301753 -0.601029 0.721561 0.343678 0 
0.0909602 0.202382 -0.021966 -0.77049 0.559921 0.304686 0 
0.0911083 0.20231 -0.0218145 -0.77049 0.559921 0.304686 0 
0.0908566 0.203221 -0.0236466 -0.643863 0.710965 0.282788 0 
0.0911341 0.203188 -0.0235377 -0.660974 0.696184 0.280074 0 
0.0908787 0.203236 -0.0233315 -0.669268 0.688436 0.279527 0 
0.0908908 0.203541 -0.0237269 -0.59792 0.747799 0.288596 0 
0.0908512 0.202908 -0.0246476 -0.561022 0.779109 0.279721 0 
0.0909534 0.202874 -0.0243676 -0.564164 0.773938 0.287644 0 
0.0911322 0.202999 -0.0244175 -0.55885 0.78049 0.280217 0 
0.0925818 0.20488 -0.0251437 -0.574136 0.775477 0.262687 0 
0.0923653 0.204312 -0.0251346 -0.577179 0.775338 0.256349 0 
0.0907986 0.202953 -0.0231227 -0.684433 0.67161 0.283711 0 
0.0911324 0.202922 -0.0226053 -0.694934 0.649788 0.307964 0 
0.0910164 0.202053 -0.0213839 -0.753273 0.576599 0.316407 0 
0.0911765 0.202287 -0.0216279 -0.769189 0.5613 0.305437 0 
0.0912786 0.202253 -0.0213479 -0.753273 0.576599 0.316407 0 
0.0910691 0.201932 -0.0210966 -0.833391 0.465764 0.297528 0 
0.0912173 0.202192 -0.0211187 -0.727789 0.598116 0.335529 0 
0.0913008 0.202267 -0.0210328 -0.727789 0.598116 0.335529 0 
0.0910674 0.201666 -0.0201643 -0.897999 0.333966 0.286469 0 
0.0910794 0.201972 -0.0205597 -0.901935 0.332136 0.276042 0 
0.0912276 0.202232 -0.0205818 -0.779478 0.528759 0.335899 0 
0.0915017 0.202074 -0.020594 -0.779478 0.528759 0.335899 0 
0.091185 0.202061 -0.0201586 -0.906683 0.320781 0.273909 0 
0.0915238 0.202089 -0.0202789 -0.906683 0.320781 0.273909 0 
0.091067 0.200672 -0.0196435 -0.780907 0.478935 0.401006 0 
0.0909223 0.200536 -0.0195003 -0.782358 0.474598 0.403327 0 
0.0911622 0.20039 -0.0196058 -0.782358 0.474598 0.403327 0 
0.0907162 0.200338 -0.0191278 -0.773215 0.473696 0.421606 0 
0.090975 0.200414 -0.0192129 -0.775263 0.479461 0.411198 0 
0.0910213 0.201372 -0.0198622 -0.881648 0.358406 0.306989 0 
0.0912153 0.200932 -0.0196656 -0.825414 0.432511 0.362802 0 
0.0911696 0.201632 -0.0198843 -0.881648 0.358406 0.306989 0 
0.0911729 0.201424 -0.0195896 -0.853359 0.401125 0.332981 0 
0.0912837 0.201903 -0.0199998 -0.897999 0.333966 0.286469 0 
0.0913519 0.20188 -0.0198131 -0.881648 0.358406 0.306989 0 
0.0918319 0.20192 -0.0201978 -0.906683 0.320781 0.273909 0 
0.091614 0.201748 -0.0196035 -0.853359 0.401125 0.332981 0 
0.0916821 0.201725 -0.0194169 -0.825414 0.432511 0.362802 0 
0.0920804 0.201216 -0.0186604 -0.77462 0.464772 0.428895 0 
0.0917655 0.201469 -0.0191573 -0.780907 0.478935 0.401006 0 
0.0917536 0.201495 -0.0189355 -0.782358 0.474598 0.403327 0 
0.091593 0.199935 -0.0179972 -0.76746 0.459822 0.446731 0 
0.0915999 0.200182 -0.017755 -0.76746 0.459822 0.446731 0 
0.0919081 0.200345 -0.0178475 -0.76746 0.459822 0.446731 0 
0.0916355 0.200105 -0.0184204 -0.767288 0.469534 0.436814 0 
0.0918757 0.200291 -0.0186995 -0.767288 0.469534 0.436814 0 
0.0919438 0.200268 -0.0185129 -0.767288 0.469534 0.436814 0 
0.0917718 0.200059 -0.0180472 -0.76746 0.459822 0.446731 0 
0.09192 0.200319 -0.0180693 -0.76746 0.459822 0.446731 0 
0.0919883 0.200628 -0.0180562 -0.767288 0.469534 0.436814 0 
0.092254 0.200951 -0.0178991 -0.76746 0.459822 0.446731 0 
0.0918639 0.200648 -0.0186513 -0.77462 0.464772 0.428895 0 
0.0919661 0.200613 -0.0183714 -0.767288 0.469534 0.436814 0 
0.0914747 0.216106 -0.0701875 0.546241 -0.7602 -0.351734 0 
0.0913916 0.216617 -0.0688084 0.50914 -0.808634 -0.294765 0 
0.091407 0.216715 -0.0689091 0.512293 -0.805482 -0.297918 0 
0.0915092 0.216681 -0.0686291 0.501046 -0.815181 -0.290575 0 
0.0913798 0.216643 -0.0685866 0.501046 -0.815181 -0.290575 0 
0.0914054 0.216781 -0.0681504 0.48567 -0.826108 -0.28578 0 
0.0913592 0.216563 -0.0696605 0.546897 -0.766301 -0.337173 0 
0.0914954 0.216517 -0.0692872 0.512389 -0.801104 -0.309337 0 
0.0915076 0.216747 -0.0678704 0.483599 -0.828805 -0.281451 0 
0.0913475 0.216512 -0.0676264 0.469482 -0.83825 -0.277351 0 
0.0915603 0.216625 -0.0675831 0.469482 -0.83825 -0.277351 0 
0.0914343 0.21638 -0.0672458 0.462211 -0.842492 -0.276708 0 
0.0912897 0.216575 -0.0672761 0.469482 -0.83825 -0.277351 0 
0.0915363 0.216014 -0.0667922 0.452956 -0.8491 -0.271773 0 
0.0916165 0.216297 -0.067001 0.45777 -0.84618 -0.272812 0 
0.0917647 0.216557 -0.0670231 0.45777 -0.84618 -0.272812 0 
0.0916846 0.216274 -0.0668144 0.45777 -0.84618 -0.272812 0 
0.091882 0.215957 -0.0664967 0.449334 -0.851128 -0.271441 0 
0.0923349 0.216256 -0.0667324 0.45777 -0.84618 -0.272812 0 
0.0916536 0.215415 -0.0662658 0.442847 -0.859824 -0.254143 0 
0.0916981 0.215774 -0.0658091 0.428803 -0.871148 -0.239227 0 
0.091744 0.215737 -0.0659376 0.442029 -0.861274 -0.250635 0 
0.0917272 0.216036 -0.0652518 0.362798 -0.904811 -0.222924 0 
0.091705 0.216022 -0.0655669 0.409073 -0.882109 -0.233543 0 
0.0919095 0.216285 -0.0651806 0.362798 -0.904811 -0.222924 0 
0.0918517 0.216347 -0.0648303 0.352833 -0.907492 -0.227962 0 
0.0911245 0.21743 -0.0705398 0.557616 -0.737492 -0.381011 0 
0.0911624 0.218537 -0.0708461 0.563205 -0.730688 -0.385869 0 
0.0910516 0.218058 -0.070436 0.563205 -0.730688 -0.385869 0 
0.0912916 0.217912 -0.0705415 0.563205 -0.730688 -0.385869 0 
0.0913068 0.217679 -0.0704686 0.557616 -0.737492 -0.381011 0 
0.0909717 0.218438 -0.0705744 0.563205 -0.730688 -0.385869 0 
0.0912798 0.218269 -0.0704933 0.56965 -0.723964 -0.389069 0 
0.091576 0.218126 -0.0701903 0.552693 -0.745076 -0.373353 0 
0.0910868 0.216987 -0.0705806 0.552693 -0.745076 -0.373353 0 
0.091235 0.216915 -0.0704292 0.552693 -0.745076 -0.373353 0 
0.0912912 0.216918 -0.0700207 0.546241 -0.7602 -0.351734 0 
0.0915194 0.217129 -0.070078 0.546241 -0.7602 -0.351734 0 
0.0913526 0.21731 -0.0704235 0.552693 -0.745076 -0.373353 0 
0.0914393 0.216846 -0.0698693 0.546897 -0.766301 -0.337173 0 
0.0915875 0.217106 -0.0698914 0.546897 -0.766301 -0.337173 0 
0.091569 0.217547 -0.070259 0.552693 -0.745076 -0.373353 0 
0.0916711 0.217513 -0.069979 0.546241 -0.7602 -0.351734 0 
0.0917392 0.21749 -0.0697924 0.546897 -0.766301 -0.337173 0 
0.0912918 0.218575 -0.0708887 0.563205 -0.730688 -0.385869 0 
0.0915893 0.216964 -0.0688379 0.512293 -0.805482 -0.297918 0 
0.0917804 0.218057 -0.0696304 0.546897 -0.766301 -0.337173 0 
0.0916574 0.216941 -0.0686513 0.50914 -0.808634 -0.294765 0 
0.0916642 0.216857 -0.0682355 0.501046 -0.815181 -0.290575 0 
0.0917936 0.216895 -0.068278 0.501046 -0.815181 -0.290575 0 
0.0917324 0.216834 -0.0680488 0.48442 -0.827096 -0.285044 0 
0.0914955 0.216849 -0.0694608 0.529317 -0.78518 -0.321428 0 
0.0916932 0.217195 -0.0694903 0.540406 -0.774529 -0.328734 0 
0.092032 0.217223 -0.0696106 0.546897 -0.766301 -0.337173 0 
0.0915636 0.216826 -0.0692742 0.519153 -0.795399 -0.312762 0 
0.092039 0.217802 -0.0695419 0.546897 -0.766301 -0.337173 0 
0.0918618 0.216872 -0.0680914 0.48567 -0.826108 -0.28578 0 
0.0917086 0.216885 -0.0676052 0.469482 -0.83825 -0.277351 0 
0.0912656 0.214816 -0.0623401 0.982413 -0.178944 0.0533276 0 
0.0912691 0.21494 -0.062219 0.981201 -0.186726 0.0487627 0 
0.0912454 0.214991 -0.0617754 0.985683 -0.165244 0.0335109 0 
0.0914804 0.215118 -0.0614169 0.999987 0.000981342 -0.00490671 0 
0.0916678 0.215425 -0.0619833 0.98043 -0.191332 0.0463476 0 
0.0905163 0.213181 -0.0580886 0.88256 0.351515 0.31229 0 
0.0906092 0.215758 -0.0597343 0.993168 0.0847413 0.0802218 0 
0.0907574 0.216018 -0.0597564 0.996477 0.0511852 0.0664318 0 
0.0906925 0.215502 -0.0594747 0.991265 0.0932549 0.0932549 0 
0.0909327 0.215688 -0.0597538 0.992893 0.0984968 0.0667967 0 
0.0909737 0.215924 -0.0594183 0.995613 0.036065 0.0863375 0 
0.0914223 0.214518 -0.0607194 0.986081 0.164156 0.0264026 0 
0.0906685 0.215299 -0.0606697 0.996789 0.0246783 0.0761808 0 
0.0907827 0.21557 -0.0607852 0.994974 -0.0407686 0.0914539 0 
0.0906107 0.215361 -0.0603194 0.994734 0.025114 0.0993642 0 
0.0907589 0.215621 -0.0603416 0.994271 0.0163352 0.105634 0 
0.0907739 0.214725 -0.0599215 0.984639 0.153962 0.0823516 0 
0.0907349 0.21501 -0.0595508 0.986447 0.12939 0.1009 0 
0.0912845 0.21463 -0.0603339 0.989561 0.139743 0.0352197 0 
0.0915245 0.214484 -0.0604394 0.986121 0.162623 0.0334474 0 
0.0919113 0.214995 -0.0599819 0.993725 0.108947 0.0253108 0 
0.0905888 0.215602 -0.0589959 0.986634 0.0862567 0.138247 0 
0.0908339 0.215106 -0.0577533 0.937775 0.172132 0.301575 0 
0.0912556 0.215439 -0.0632243 0.332132 -0.937232 -0.106229 0 
0.0912095 0.215145 -0.0629222 0.936845 -0.348265 0.0321278 0 
0.0914496 0.21533 -0.0632013 0.388618 -0.91593 -0.100244 0 
0.0913951 0.215593 -0.0645421 0.232747 -0.953858 -0.189695 0 
0.0915773 0.21551 -0.0642973 0.232747 -0.953858 -0.189695 0 
0.0916574 0.215793 -0.0645061 0.245265 -0.949893 -0.193773 0 
0.0913985 0.215386 -0.0642474 0.232747 -0.953858 -0.189695 0 
0.0915125 0.215326 -0.0641892 0.232627 -0.953368 -0.192287 0 
0.0915347 0.21534 -0.0638741 0.191948 -0.964963 -0.17889 0 
0.0917255 0.21577 -0.0643194 0.232747 -0.953858 -0.189695 0 
0.0918617 0.215724 -0.0639462 0.214069 -0.958659 -0.187477 0 
0.09217 0.215887 -0.0640386 0.232627 -0.953368 -0.192287 0 
0.0914428 0.215414 -0.0636171 0.157026 -0.971521 -0.177453 0 
0.0917135 0.215464 -0.063924 0.191858 -0.96451 -0.181417 0 
0.0918157 0.21543 -0.0636441 0.194063 -0.965103 -0.175829 0 
0.0919299 0.215701 -0.0637595 0.191948 -0.964963 -0.17889 0 
0.0919178 0.215396 -0.0633641 0.26091 -0.954905 -0.141713 0 
0.0912436 0.215133 -0.0628289 0.920748 -0.388993 0.030124 0 
0.0916318 0.215247 -0.0629565 0.893268 -0.448643 0.0281239 0 
0.0916011 0.215051 -0.0627551 0.936887 -0.347617 0.0374755 0 
0.0914479 0.215064 -0.062269 0.970423 -0.238028 0.0402817 0 
0.0919621 0.215092 -0.0625603 0.92237 -0.38443 0.0380494 0 
0.091746 0.215518 -0.063072 0.812434 -0.582683 0.0207607 0 
0.0917493 0.215311 -0.0627773 0.973821 -0.220603 0.054846 0 
0.09202 0.215361 -0.0630842 0.615445 -0.787262 -0.0380252 0 
0.09226 0.215215 -0.0631897 0.605428 -0.794536 -0.0465714 0 
0.0922465 0.215306 -0.0622091 0.998254 -0.057491 0.0135888 0 
0.0918717 0.214362 -0.0609026 0.984029 0.177561 0.0126011 0 
0.0917304 0.214349 -0.0606383 0.985757 0.167522 0.0148148 0 
0.0908793 0.213743 -0.0571874 0.869568 0.307176 0.386645 0 
0.090917 0.214187 -0.0571466 0.878743 0.278846 0.38737 0 
0.0906733 0.213546 -0.056815 0.865712 0.339827 0.367505 0 
0.0903672 0.214236 -0.0561898 0.894373 0.249833 0.371054 0 
0.0907742 0.214572 -0.0562971 0.616579 0.413823 0.669761 0 
0.0905733 0.214433 -0.0565623 0.64322 0.388577 0.659755 0 
0.0907583 0.213556 -0.0574878 0.885873 0.31735 0.338406 0 
0.0911536 0.214249 -0.0575468 0.901733 0.251544 0.351573 0 
0.0914666 0.213807 -0.0579297 0.923812 0.267834 0.273563 0 
0.0911687 0.213684 -0.0573003 0.898308 0.295476 0.325172 0 
0.0911412 0.212949 -0.0566306 0.975774 0.190183 0.108143 0 
0.0914635 0.213938 -0.0564122 0.900443 0.311976 0.303105 0 
0.0909132 0.212661 -0.0547611 0.608971 0.787135 -0.0978442 0 
0.0903046 0.214903 -0.0555491 0.789415 0.364964 0.493585 0 
0.0909105 0.214526 -0.0559238 0.422412 0.481126 0.76817 0 
0.0907266 0.214343 -0.0552362 0.842374 0.411028 0.348514 0 
0.0911434 0.213801 -0.0560979 0.83842 0.38539 0.38539 0 
0.0914465 0.213905 -0.0555528 0.918748 0.371113 0.134824 0 
0.0908063 0.213631 -0.0549242 0.704678 0.673428 0.223434 0 
0.0911414 0.212872 -0.0548184 0.680131 0.732984 -0.0125177 0 
0.0908862 0.213251 -0.0547858 0.650412 0.753185 0.0983692 0 
0.0909085 0.213597 -0.0546443 0.647837 0.744936 0.159304 0 
0.0912556 0.213143 -0.0549339 0.773532 0.629485 0.0734639 0 
0.0913544 0.213317 -0.0549486 0.81592 0.575528 0.0551489 0 
0.0904217 0.213973 -0.054849 0.683626 0.65115 0.329635 0 
0.0906617 0.213827 -0.0549546 0.702592 0.651378 0.286478 0 
0.0908557 0.213718 -0.0549316 0.722475 0.646922 0.243973 0 
0.090844 0.214075 -0.0548834 0.741389 0.596649 0.30717 0 
0.0903607 0.214574 -0.054967 0.757837 0.49595 0.42393 0 
0.0908288 0.214308 -0.0549563 0.739404 0.566387 0.363989 0 
0.091244 0.213832 -0.0550592 0.804939 0.5575 0.203144 0 
0.0914005 0.213611 -0.0552507 0.906047 0.412341 0.0951556 0 
0.0912406 0.21404 -0.0553539 0.955558 0.269449 0.119609 0 
0.0912231 0.213089 -0.0557859 0.94781 0.298262 0.112677 0 
0.0915162 0.213817 -0.0561249 0.917884 0.315568 0.240638 0 
0.0907197 0.214835 -0.0576379 0.912859 0.211323 0.34933 0 
0.0912608 0.214273 -0.0579045 0.942397 0.219387 0.252502 0 
0.091263 0.214717 -0.055386 0.471072 0.61189 0.63536 0 
0.0912867 0.214334 -0.055656 0.791089 0.454593 0.409296 0 
0.0906857 0.213291 -0.0516002 0.141031 0.977234 0.158504 0 
0.0913739 0.214048 -0.0516509 0.115638 0.982311 0.147286 0 
0.0910459 0.212491 -0.054509 0.60273 0.785194 -0.142083 0 
0.091228 0.212077 -0.0540906 0.731926 0.67278 -0.107941 0 
0.0912196 0.212226 -0.0537477 0.601112 0.79016 -0.119632 0 
0.0909339 0.213072 -0.0538608 0.430348 0.893362 -0.129246 0 
0.0909529 0.213625 -0.054014 0.509585 0.860179 -0.0203834 0 
0.091055 0.213591 -0.053734 0.447222 0.881418 -0.151969 0 
0.0910224 0.213205 -0.0544125 0.552061 0.832958 -0.0375457 0 
0.0909989 0.21392 -0.0543161 0.588068 0.794566 0.151132 0 
0.0910211 0.213934 -0.0540009 0.568709 0.819568 0.0698415 0 
0.0911233 0.213899 -0.053721 0.468561 0.880115 -0.0764713 0 
0.0908949 0.213357 -0.0534901 0.423215 0.891206 -0.163219 0 
0.0909971 0.213322 -0.0532101 0.382997 0.915014 -0.126737 0 
0.0911843 0.213297 -0.053603 0.408522 0.896438 -0.171781 0 
0.0908829 0.213051 -0.0530947 0.34577 0.931545 -0.112545 0 
0.0911794 0.213571 -0.053139 0.364786 0.916895 -0.161971 0 
0.0910993 0.213288 -0.0529302 0.305547 0.948115 -0.0878612 0 
0.0915689 0.212956 -0.0536782 0.467448 0.858241 -0.21193 0 
0.0917628 0.212516 -0.0534816 0.540898 0.802774 -0.250964 0 
0.0911726 0.213654 -0.0535548 0.410726 0.89015 -0.197324 0 
0.0917867 0.212796 -0.0540988 0.628305 0.741118 -0.236594 0 
0.0910412 0.212688 -0.0522327 0.172003 0.98338 0.058125 0 
0.0910562 0.211791 -0.0518126 -0.698335 0.633222 0.333703 0 
0.0911093 0.212665 -0.0520461 0.00113748 0.983924 0.178585 0 
0.0909851 0.213016 -0.0528147 0.286855 0.954019 -0.086965 0 
0.0911367 0.213069 -0.0525422 0.243432 0.967485 -0.0686602 0 
0.0912388 0.213034 -0.0522622 0.16899 0.985586 0.00793913 0 
0.091593 0.21316 -0.0524832 0.145302 0.986403 -0.0767859 0 
0.0913821 0.213567 -0.0518203 0.021559 0.988312 0.150913 0 
0.0918995 0.213056 -0.0516433 -0.209927 0.967209 0.142956 0 
0.0919422 0.213558 -0.0522401 -0.0217838 0.998944 0.0404557 0 
0.0916715 0.213508 -0.0519332 -0.10056 0.982579 0.156292 0 
0.0920444 0.213524 -0.0519601 -0.157313 0.975341 0.154796 0 
0.0919066 0.213635 -0.0515747 -0.155088 0.970262 0.185849 0 
0.0907455 0.211861 -0.0449396 0.924325 0.319467 0.208719 0 
0.09073 0.211432 -0.0446653 0.707044 0.585083 0.397197 0 
0.0908322 0.211397 -0.0443853 0.665841 0.605765 0.43555 0 
0.0909053 0.211432 -0.0448363 0.430427 0.740466 0.516182 0 
0.09033 0.213231 -0.0506204 0.024823 0.977553 0.209222 0 
0.0903977 0.212213 -0.049913 -0.600359 0.797152 -0.0641714 0 
0.0903555 0.213037 -0.0500106 -0.130454 0.991228 0.0211849 0 
0.0903746 0.213922 -0.0503374 0.24672 0.965372 0.0847705 0 
0.0915522 0.212439 -0.0490207 -0.580458 0.809167 -0.0911942 0 
0.0905002 0.212434 -0.0479944 0.0399655 0.999137 0.0112723 0 
0.0905343 0.212422 -0.0479011 0.0686145 0.997549 0.0137229 0 
0.0908154 0.212844 -0.0478447 -0.763613 0.608722 -0.215299 0 
0.0921859 0.213051 -0.0484265 -0.178966 0.982534 0.0509638 0 
0.0917001 0.212444 -0.0506815 -0.572306 0.818186 0.055111 0 
0.0912539 0.21173 -0.0498563 -0.725368 0.677706 -0.120647 0 
0.0916541 0.212149 -0.0503794 -0.659751 0.751422 -0.00972264 0 
0.0914142 0.212627 -0.0504474 -0.539532 0.841561 0.0260843 0 
0.0916542 0.212481 -0.050553 -0.569836 0.820282 0.0492451 0 
0.0915845 0.212569 -0.0499808 -0.666609 0.737557 -0.107899 0 
0.0915879 0.212362 -0.0496861 -0.737615 0.659178 -0.146316 0 
0.0920645 0.212278 -0.0501919 -0.54763 0.836002 -0.0346601 0 
0.0919774 0.211747 -0.0502254 -0.706775 0.703884 -0.070822 0 
0.0915778 0.212985 -0.0505703 -0.288147 0.953101 0.0925721 0 
0.0920885 0.212889 -0.0509827 -0.301667 0.945225 0.124689 0 
0.0917684 0.212752 -0.0506684 -0.4158 0.906581 0.0722538 0 
0.0917567 0.213441 -0.0507938 -0.174442 0.975119 0.136793 0 
0.0923779 0.21283 -0.0510956 -0.303703 0.947921 0.0959753 0 
0.092145 0.213555 -0.0509214 -0.170514 0.973824 0.150305 0 
0.0920221 0.21277 -0.0501159 -0.41908 0.907789 -0.0170785 0 
0.0914243 0.212004 -0.0495633 -0.652025 0.747516 -0.126824 0 
0.0907235 0.212918 -0.0475877 -0.772639 0.596125 -0.218321 0 
0.0919103 0.213274 -0.0476555 0.237947 0.953133 0.186863 0 
0.0915461 0.213364 -0.0463329 0.757273 0.625173 0.188934 0 
0.0921487 0.213194 -0.0470023 -0.790629 0.570924 -0.221252 0 
0.0908563 0.21234 -0.0453497 0.801534 0.554433 0.223935 0 
0.091088 0.212675 -0.0452859 0.80071 0.556948 0.220619 0 
0.0912329 0.213143 -0.0456028 0.803412 0.576847 0.147566 0 
0.0914847 0.212971 -0.0459301 0.802957 0.574827 0.15759 0 
0.0917622 0.212938 -0.0458212 0.802957 0.574827 0.15759 0 
0.0916671 0.213551 -0.0460325 0.781723 0.599574 0.171524 0 
0.0918067 0.213298 -0.0453645 0.795638 0.581253 0.170602 0 
0.0920231 0.213534 -0.0452 0.78126 0.590934 0.201071 0 
0.092581 0.212673 -0.0461525 0.69627 0.677409 0.237329 0 
0.0922938 0.213585 -0.0455069 0.797636 0.581328 0.160729 0 
0.0925337 0.213439 -0.0456124 0.807306 0.561934 0.180243 0 
0.0928302 0.213959 -0.0456567 0.777441 0.580343 0.242461 0 
0.0909955 0.211092 -0.044161 0.639575 0.626216 0.445866 0 
0.0910603 0.211277 -0.0442691 0.660506 0.603653 0.446469 0 
0.0911284 0.211254 -0.0440824 0.639575 0.626216 0.445866 0 
0.0910977 0.211058 -0.043881 0.589774 0.650264 0.478877 0 
0.0910022 0.210677 -0.0435716 0.544375 0.685075 0.484075 0 
0.0908337 0.210592 -0.0429847 0.567129 0.654638 0.499814 0 
0.0910398 0.211121 -0.0435307 0.578922 0.662823 0.474884 0 
0.0910126 0.211048 -0.0432082 0.562293 0.669717 0.485083 0 
0.0908812 0.210489 -0.043872 0.556483 0.664081 0.499322 0 
0.0914754 0.2108 -0.044372 0.669402 0.59929 0.439035 0 
0.0912662 0.211143 -0.0444679 0.709155 0.587398 0.389953 0 
0.091886 0.21126 -0.0443581 0.610964 0.651137 0.450272 0 
0.0919743 0.211062 -0.0447362 0.758694 0.554866 0.341331 0 
0.0921259 0.211114 -0.0444637 0.704008 0.595192 0.387452 0 
0.0916103 0.211483 -0.0435872 0.630351 0.630351 0.453117 0 
0.0922622 0.211068 -0.0440904 0.709094 0.593928 0.380048 0 
0.0899752 0.209152 -0.0412411 -0.00857635 0.956876 0.290371 0 
0.090522 0.209897 -0.0410275 -0.0188941 0.945965 0.323719 0 
0.0905681 0.210192 -0.0413296 -0.0353929 0.921526 0.3867 0 
0.0906703 0.210157 -0.0410497 -0.0374755 0.936887 0.347617 0 
0.0908421 0.210034 -0.0413418 -0.0324463 0.930561 0.364697 0 
0.0913187 0.20995 -0.0418476 0.107408 0.902503 0.417076 0 
0.0915013 0.210862 -0.0421236 0.441392 0.75972 0.477491 0 
0.0915473 0.211156 -0.0424257 0.484566 0.732638 0.477951 0 
0.090953 0.210513 -0.041752 0.381484 0.774331 0.504857 0 
0.0912423 0.210454 -0.0418649 0.324168 0.817536 0.475973 0 
0.0913786 0.210408 -0.0414916 0.115454 0.908331 0.402002 0 
0.0917107 0.210851 -0.0422013 0.433626 0.76089 0.482715 0 
0.0917227 0.211157 -0.0425967 0.447763 0.756113 0.477286 0 
0.0917174 0.210436 -0.0416119 0.113334 0.902478 0.415559 0 
0.0910206 0.209165 -0.040871 -0.0732803 0.955216 0.286693 0 
0.0910087 0.20919 -0.0406492 -0.0662231 0.946601 0.315534 0 
0.0908065 0.210111 -0.0406764 -0.0264059 0.949354 0.313098 0 
0.0907843 0.210097 -0.0409915 -0.0374755 0.936887 0.347617 0 
0.0910431 0.210173 -0.0410766 -0.040056 0.936793 0.347583 0 
0.0909546 0.21004 -0.0405249 -0.0160388 0.956161 0.2924 0 
0.0908185 0.210417 -0.0410718 -0.00887443 0.93435 0.356245 0 
0.0910347 0.210323 -0.0407337 -0.0237974 0.950645 0.309367 0 
0.0914807 0.210374 -0.0412116 -0.0620485 0.930728 0.36041 0 
0.0915335 0.210253 -0.0409243 -0.0316576 0.948461 0.315309 0 
0.0915368 0.210045 -0.0406296 -0.0515452 0.959243 0.277841 0 
0.0915899 0.210587 -0.0406895 -0.00868722 0.949389 0.313981 0 
0.0915132 0.210428 -0.0403596 -0.0159708 0.959478 0.281332 0 
0.0917412 0.209976 -0.0400697 -0.0339667 0.952326 0.303184 0 
0.0909374 0.209344 -0.0393183 -0.0535595 0.936639 0.346178 0 
0.0909748 0.209125 -0.0389303 -0.0591825 0.932453 0.35641 0 
0.0917939 0.209855 -0.0397824 -0.0526311 0.948644 0.311936 0 
0.0917242 0.209944 -0.0392102 -0.072606 0.935957 0.344548 0 
0.0918654 0.209625 -0.039301 -0.0978188 0.936648 0.336336 0 
0.0905169 0.2091 -0.0382305 -0.105589 0.920133 0.377104 0 
0.0909358 0.20941 -0.0385596 -0.0730555 0.931125 0.357308 0 
0.0906651 0.209359 -0.0382526 -0.0649347 0.928964 0.36443 0 
0.0911417 0.209275 -0.0387584 -0.0899379 0.930253 0.355725 0 
0.0906191 0.209065 -0.0379506 -0.120092 0.920706 0.371319 0 
0.0909274 0.209559 -0.0382166 -0.0675363 0.930941 0.358869 0 
0.0907673 0.209325 -0.0379727 -0.093258 0.925822 0.366274 0 
0.0911522 0.209647 -0.038395 -0.0789219 0.929674 0.359831 0 
0.0912543 0.209612 -0.0381151 -0.104528 0.927179 0.35974 0 
0.0913156 0.209673 -0.0383443 -0.101586 0.927817 0.358937 0 
0.0914826 0.209824 -0.0381724 -0.162137 0.917835 0.36234 0 
0.0919215 0.209296 -0.038719 -0.176807 0.917983 0.355029 0 
0.0917276 0.209736 -0.0389155 -0.118304 0.931475 0.344034 0 
0.0918298 0.209702 -0.0386356 -0.130866 0.927083 0.351272 0 
0.0919319 0.209667 -0.0383556 -0.152212 0.923045 0.353299 0 
0.0916715 0.210065 -0.0394976 -0.0583598 0.942835 0.328112 0 
0.0925484 0.209992 -0.0385406 -0.149097 0.923844 0.352538 0 
0.0916767 0.211602 -0.044454 0.57058 0.670975 0.473531 0 
0.0917141 0.211383 -0.044066 0.686918 0.607467 0.398909 0 
0.0919438 0.211197 -0.0447084 0.638387 0.641721 0.425036 0 
0.0917822 0.21136 -0.0438793 0.665629 0.619151 0.416641 0 
0.0919184 0.211314 -0.0435061 0.621996 0.648677 0.438565 0 
0.0916666 0.211486 -0.0431787 0.580903 0.684101 0.441087 0 
0.0921806 0.211182 -0.0432965 0.607777 0.671053 0.424612 0 
0.0921228 0.211245 -0.0429462 0.54062 0.710292 0.450794 0 
0.090878 0.208733 -0.0360498 -0.487151 0.800206 0.349791 0 
0.0907978 0.20845 -0.0358411 -0.52436 0.784134 0.331934 0 
0.0907623 0.209267 -0.037335 -0.160687 0.908666 0.385365 0 
0.0908644 0.209232 -0.0370551 -0.191761 0.904015 0.38208 0 
0.0908799 0.209662 -0.0373294 -0.143805 0.920073 0.364399 0 
0.0907384 0.208987 -0.0367178 -0.258963 0.884664 0.387695 0 
0.090862 0.206569 -0.0330954 -0.582849 0.749836 0.313101 0 
0.0908469 0.207134 -0.0333419 -0.597351 0.730096 0.331862 0 
0.0909985 0.207186 -0.0330693 -0.601485 0.727942 0.329114 0 
0.090944 0.20745 -0.0344101 -0.587986 0.742634 0.320573 0 
0.0907463 0.206364 -0.0322212 -0.590048 0.749953 0.299022 0 
0.0907039 0.206856 -0.0321452 -0.591733 0.74568 0.30629 0 
0.0908027 0.207029 -0.0321599 -0.591733 0.74568 0.30629 0 
0.0904825 0.206561 -0.031672 -0.585288 0.752056 0.303067 0 
0.0905506 0.206538 -0.0314854 -0.585288 0.752056 0.303067 0 
0.0904415 0.206325 -0.0320076 -0.590895 0.747826 0.302653 0 
0.0910187 0.206272 -0.0314746 -0.589193 0.752059 0.295395 0 
0.0908401 0.20681 -0.0317719 -0.590895 0.747826 0.302653 0 
0.0907109 0.207104 -0.0319029 -0.595228 0.742832 0.306438 0 
0.0906579 0.206562 -0.0318431 -0.590895 0.747826 0.302653 0 
0.0909168 0.206969 -0.0321018 -0.591733 0.74568 0.30629 0 
0.09076 0.206527 -0.0315631 -0.583879 0.753444 0.302337 0 
0.0909389 0.206652 -0.0316131 -0.59439 0.74499 0.302803 0 
0.0919436 0.207423 -0.0320993 -0.590895 0.747826 0.302653 0 
0.0917258 0.207583 -0.0316786 -0.600509 0.741429 0.299454 0 
0.0919897 0.207717 -0.0324013 -0.612566 0.728327 0.307087 0 
0.0910067 0.205966 -0.0310792 -0.587958 0.751368 0.299586 0 
0.0910219 0.205733 -0.0310063 -0.589059 0.746356 0.309778 0 
0.0911022 0.206347 -0.0313887 -0.586544 0.752758 0.298866 0 
0.0911192 0.205971 -0.0302623 -0.605837 0.719532 0.339463 0 
0.0912457 0.207543 -0.031294 -0.601937 0.739981 0.300166 0 
0.0925687 0.207522 -0.0308149 -0.583433 0.750588 0.3102 0 
0.0922482 0.20639 -0.0299799 -0.614229 0.708726 0.347031 0 
0.0920573 0.20596 -0.0295345 -0.607254 0.71796 0.340258 0 
0.0920113 0.205666 -0.0292325 -0.600284 0.72392 0.339998 0 
0.0920641 0.205545 -0.0289451 -0.607254 0.71796 0.340258 0 
0.092018 0.20525 -0.028643 -0.609304 0.716541 0.339585 0 
0.0922684 0.205476 -0.0283852 -0.584245 0.730713 0.353151 0 
0.0923926 0.205124 -0.0276165 -0.542709 0.759792 0.358026 0 
0.0908637 0.207244 -0.0360135 -0.575531 0.75829 0.306202 0 
0.0908093 0.20743 -0.0355421 -0.575786 0.755418 0.312753 0 
0.0910835 0.207604 -0.0357279 -0.574964 0.757543 0.309103 0 
0.0910154 0.207627 -0.0359146 -0.566518 0.762312 0.312949 0 
0.0910509 0.207219 -0.0364064 -0.536015 0.779222 0.324809 0 
0.09114 0.20827 -0.0356666 -0.547412 0.772156 0.322668 0 
0.0912658 0.207853 -0.0356567 -0.574964 0.757543 0.309103 0 
0.0908774 0.207407 -0.0353555 -0.575786 0.755418 0.312753 0 
0.0911856 0.20757 -0.035448 -0.579901 0.75339 0.31003 0 
0.0910479 0.207681 -0.0350625 -0.577183 0.754036 0.313512 0 
0.0912878 0.207535 -0.035168 -0.577183 0.754036 0.313512 0 
0.0913339 0.20783 -0.0354701 -0.576361 0.756173 0.309854 0 
0.0917101 0.207638 -0.0352023 -0.579901 0.75339 0.31003 0 
0.0907212 0.209031 -0.0376706 -0.166833 0.908316 0.383574 0 
0.0910024 0.209452 -0.0376142 -0.134411 0.921478 0.364434 0 
0.0918725 0.209795 -0.0372466 -0.101367 0.931228 0.350055 0 
0.0920682 0.209621 -0.0379823 -0.173889 0.917514 0.357675 0 
0.0923491 0.209711 -0.0377523 -0.296961 0.881838 0.366302 0 
0.0921006 0.209675 -0.0371303 -0.307135 0.879042 0.364628 0 
0.0923747 0.209518 -0.0371425 -0.404123 0.838122 0.366383 0 
0.0924768 0.209483 -0.0368625 -0.500949 0.784445 0.365645 0 
0.0925794 0.210443 -0.0371034 -0.322775 0.870422 0.371727 0 
0.0927121 0.210274 -0.0368512 -0.469049 0.802025 0.369796 0 
0.0923387 0.2086 -0.0359563 -0.593544 0.747129 0.299172 0 
0.0922826 0.208929 -0.0365383 -0.571402 0.746221 0.341546 0 
0.0924699 0.208828 -0.035119 -0.574964 0.757543 0.309103 0 
0.0924408 0.208566 -0.0356763 -0.574964 0.757543 0.309103 0 
0.0926347 0.208126 -0.0354798 -0.574964 0.757543 0.309103 0 
0.0926111 0.208509 -0.0352097 -0.574964 0.757543 0.309103 0 
0.0927477 0.209457 -0.0353572 -0.590473 0.744929 0.310521 0 
0.0923685 0.210851 -0.0364405 -0.389087 0.836459 0.385937 0 
0.0927938 0.209751 -0.0356593 -0.577996 0.751878 0.317174 0 
0.0909587 0.205891 -0.0336428 -0.579321 0.752636 0.31293 0 
0.0909432 0.205461 -0.0333685 -0.583032 0.755546 0.298704 0 
0.0921856 0.208206 -0.0334843 -0.585469 0.737918 0.335712 0 
0.0923574 0.208083 -0.0337765 -0.571894 0.752323 0.327027 0 
0.0924596 0.208048 -0.0334965 -0.596576 0.732382 0.328198 0 
0.0930873 0.20743 -0.0351947 -0.577183 0.754036 0.313512 0 
0.0935129 0.207325 -0.0349343 -0.577996 0.751878 0.317174 0 
0.0918771 0.20738 -0.0330446 -0.607019 0.723567 0.3286 0 
0.0921462 0.207496 -0.0325928 -0.620875 0.72086 0.308018 0 
0.0921395 0.207911 -0.0331822 -0.601485 0.727942 0.329114 0 
0.0923505 0.207427 -0.0320329 -0.596176 0.746419 0.295691 0 
0.0921651 0.208457 -0.0347318 -0.577183 0.754036 0.313512 0 
0.09248 0.208205 -0.0342348 -0.577996 0.751878 0.317174 0 
0.0929351 0.209356 -0.0339379 -0.575254 0.752503 0.32066 0 
0.0933862 0.209465 -0.0350535 -0.59398 0.742072 0.310672 0 
0.0923079 0.207257 -0.0316097 -0.600509 0.741429 0.299454 0 
0.0924782 0.207199 -0.0311431 -0.588229 0.74851 0.306136 0 
0.0927643 0.207348 -0.0315507 -0.600509 0.741429 0.299454 0 
0.0930487 0.207562 -0.0311996 -0.590895 0.747826 0.302653 0 
0.0926485 0.207142 -0.0306765 -0.571421 0.760294 0.308919 0 
0.0923194 0.205497 -0.0291513 -0.603774 0.720949 0.340132 0 
0.0934814 0.208035 -0.0308705 -0.5785 0.754774 0.309281 0 
