0.0767116 0.193511 -0.032139 -0.335543 -0.581932 -0.740788 2 
0.0784208 0.194523 -0.0334602 -0.228812 -0.586818 -0.776717 2 
0.0774664 0.194639 -0.0331677 -0.24894 -0.580861 -0.775003 2 
0.0775012 0.194873 -0.0333521 -0.23162 -0.582937 -0.778804 2 
0.0769208 0.194915 -0.0332456 -0.26984 -0.575974 -0.771648 2 
0.0768816 0.195197 -0.0333831 -0.249393 -0.57878 -0.776413 2 
0.076777 0.194495 -0.0328298 -0.28045 -0.57516 -0.768465 2 
0.0777581 0.194963 -0.0336775 -0.23162 -0.582937 -0.778804 2 
0.0984765 0.211614 -0.0436045 -0.487648 -0.820065 0.299488 1 
0.0987645 0.211772 -0.0441632 -0.487648 -0.820065 0.299488 1 
0.0985816 0.211634 -0.0438848 -0.487648 -0.820065 0.299488 1 
0.0983595 0.211778 -0.0437438 -0.487648 -0.820065 0.299488 1 
0.098336 0.211884 -0.0441019 -0.477153 -0.827586 0.295678 1 
0.0986632 0.211759 -0.0445232 -0.487648 -0.820065 0.299488 1 
0.0984411 0.211904 -0.0443822 -0.479047 -0.821447 0.309417 1 
0.098219 0.212048 -0.0442412 -0.479047 -0.821447 0.309417 1 
0.0982306 0.212126 -0.0443027 -0.479047 -0.821447 0.309417 1 
0.0982547 0.211496 -0.0429824 -0.484455 -0.823103 0.296317 1 
0.098352 0.211604 -0.0431524 -0.484455 -0.823103 0.296317 1 
0.0984025 0.211662 -0.0435575 -0.487648 -0.820065 0.299488 1 
0.0982619 0.211932 -0.0440549 -0.477153 -0.827586 0.295678 1 
0.097849 0.211868 -0.0442143 -0.469239 -0.812818 0.345169 1 
0.0971319 0.212505 -0.0438673 -0.4754 -0.809293 0.345023 1 
0.0969684 0.212198 -0.0444498 -0.455701 -0.786531 0.41678 1 
0.0984759 0.212138 -0.0445667 -0.479047 -0.821447 0.309417 1 
0.0983784 0.212292 -0.0448778 -0.469239 -0.812818 0.345169 1 
0.0982071 0.212232 -0.0446608 -0.469239 -0.812818 0.345169 1 
0.0978565 0.212042 -0.0448057 -0.46788 -0.795879 0.384273 1 
0.0979422 0.212072 -0.0449142 -0.46788 -0.795879 0.384273 1 
0.0979655 0.212069 -0.0457263 -0.454593 -0.791089 0.409296 1 
0.0981797 0.212171 -0.0450678 -0.465346 -0.804362 0.369399 1 
0.0979149 0.212011 -0.0453211 -0.454593 -0.791089 0.409296 1 
0.0976461 0.212105 -0.0454153 -0.455701 -0.786531 0.41678 1 
0.0976928 0.212155 -0.0451801 -0.455701 -0.786531 0.41678 1 
0.0965239 0.212748 -0.0446489 -0.414342 -0.794827 0.443362 1 
0.0962512 0.212676 -0.044792 -0.38632 -0.803096 0.453645 1 
0.0960953 0.212702 -0.0452768 -0.365621 -0.862372 0.350194 1 
0.0965276 0.212756 -0.0452892 -0.383153 -0.806385 0.450485 1 
0.0965625 0.21299 -0.0454736 -0.394325 -0.837352 0.378615 1 
0.0970814 0.211234 -0.0471158 -0.400771 -0.815912 0.416738 1 
0.0971049 0.210969 -0.0474468 -0.393931 -0.827412 0.400259 1 
0.0966292 0.211872 -0.0472046 -0.622244 -0.531184 0.575027 1 
0.096664 0.212106 -0.047389 -0.635944 -0.575217 0.51449 1 
0.0967893 0.211013 -0.0477761 -0.552601 0.283426 0.783774 1 
0.0960564 0.212564 -0.0456223 -0.574597 -0.150738 0.804435 1 
0.0959901 0.212365 -0.0463747 -0.577344 -0.58073 0.573957 1 
0.0967808 0.212521 -0.0463526 -0.589132 0.174165 0.789044 1 
0.0965703 0.212743 -0.0462731 -0.643202 -0.488699 0.589462 1 
0.095846 0.212207 -0.0464399 -0.217772 0.792321 0.569915 1 
0.0958812 0.21202 -0.0468324 -0.227681 0.788365 0.571526 1 
0.0960603 0.211992 -0.0471596 -0.235555 0.778424 0.581868 1 
0.0961031 0.212455 -0.0460762 -0.578802 -0.538303 0.612551 1 
0.0956356 0.212588 -0.0456713 -0.557646 -0.37449 0.740803 1 
0.0956552 0.21184 -0.0474294 -0.249509 0.764218 0.594741 1 
0.0947597 0.211085 -0.0480683 -0.222328 0.769596 0.598575 1 
0.0953434 0.212208 -0.0470207 -0.23232 0.774919 0.587816 1 
0.0944122 0.212322 -0.0475402 -0.222867 0.755878 0.615612 1 
0.0962743 0.213253 -0.0447069 -0.394344 -0.799955 0.452288 1 
0.0960094 0.213092 -0.0449603 -0.487299 0.293006 0.82261 1 
0.0956741 0.213567 -0.0449098 -0.557722 -0.0433318 0.828896 1 
0.0953898 0.213417 -0.0449913 -0.55217 -0.150321 0.820069 1 
0.0954014 0.213495 -0.0450528 -0.575846 -0.214591 0.788893 1 
0.0956354 0.213008 -0.0454632 -0.584409 -0.415543 0.696986 1 
0.0952377 0.213608 -0.0454273 -0.311672 0.683095 0.660486 1 
0.0947355 0.212928 -0.045735 -0.13937 0.880759 0.452592 1 
0.0950744 0.212881 -0.0462178 -0.188564 0.825156 0.532505 1 
0.0949301 0.213144 -0.0460749 -0.192597 0.814367 0.547461 1 
0.0946183 0.213512 -0.0456663 -0.124417 0.876642 0.464778 1 
0.0964419 0.21225 -0.047248 -0.606901 -0.589996 0.532518 1 
0.0963445 0.211984 -0.0477672 -0.608906 -0.592039 0.527943 1 
0.0940536 0.212482 -0.0480558 -0.178769 0.762442 0.621871 1 
0.0945207 0.213666 -0.0459774 -0.197226 0.799605 0.567215 1 
0.094174 0.213642 -0.0460734 -0.155392 0.842074 0.516492 1 
0.0939754 0.213522 -0.0462635 -0.179667 0.810765 0.557118 1 
0.0937146 0.213107 -0.046676 -0.195031 0.775516 0.600449 1 
0.0935817 0.21371 -0.0470757 -0.201981 0.757043 0.621361 1 
0.0933404 0.213444 -0.0469709 -0.202289 0.745844 0.634662 1 
0.093301 0.214305 -0.0462112 -0.160791 0.803957 0.572538 1 
0.0944827 0.211529 -0.0485332 -0.201407 0.773342 0.601147 1 
0.0935402 0.211462 -0.0478211 -0.206053 0.748296 0.630552 1 
0.0936372 0.21199 -0.047783 -0.213162 0.735954 0.642599 1 
0.0928541 0.212166 -0.0477074 -0.162014 0.7707 0.616257 1 
0.0924839 0.212407 -0.0474724 -0.13872 0.780111 0.610068 1 
0.0934384 0.21229 -0.047765 -0.192043 0.751271 0.631436 1 
0.0895989 0.213717 -0.0367593 0.321425 0.927783 -0.189487 1 
0.0895132 0.213687 -0.0366509 0.321425 0.927783 -0.189487 1 
0.0893573 0.213871 -0.0364466 0.441474 0.881491 -0.167556 1 
0.0894 0.214017 -0.0367413 0.311396 0.931394 -0.188513 1 
0.0897004 0.21315 -0.0372965 0.211711 0.932369 -0.29303 1 
0.0899028 0.213278 -0.0377468 0.0986556 0.928444 -0.358133 1 
0.0898677 0.213464 -0.0373543 0.211711 0.932369 -0.29303 1 
0.0898285 0.213746 -0.0374917 0.211711 0.932369 -0.29303 1 
0.0894818 0.213722 -0.0375877 0.211711 0.932369 -0.29303 1 
0.0895715 0.213656 -0.0371663 0.335769 0.915078 -0.223365 1 
0.0892911 0.213672 -0.037199 0.335769 0.915078 -0.223365 1 
0.0892597 0.213866 -0.0374468 0.206174 0.932692 -0.295937 1 
0.0890378 0.21359 -0.0375138 0.206002 0.931915 -0.298493 1 
0.0890689 0.213817 -0.037058 0.317365 0.923633 -0.214898 1 
0.0887301 0.213704 -0.0372644 0.323318 0.921526 -0.21507 1 
0.0886403 0.21377 -0.0376858 0.206174 0.932692 -0.295937 1 
0.0899376 0.213512 -0.0379312 0.0986556 0.928444 -0.358133 1 
0.0897818 0.213696 -0.0377269 0.221238 0.931453 -0.288877 1 
0.0895051 0.213878 -0.0377107 0.208484 0.933282 -0.292438 1 
0.0892948 0.21368 -0.0378393 0.150101 0.932281 -0.329122 1 
0.0890845 0.213482 -0.0379678 0.0735692 0.926972 -0.367846 1 
0.0886676 0.213672 -0.037968 0.10715 0.929086 -0.354002 1 
0.0885311 0.213846 -0.0379355 0.206174 0.932692 -0.295937 1 
0.0895757 0.212665 -0.0389117 0.959428 0.275028 0.062103 1 
0.0891548 0.213109 -0.0387527 0.955212 0.28125 0.0920218 1 
0.0893068 0.213813 -0.0360415 0.420858 0.878893 -0.224556 1 
0.089186 0.21397 -0.0355405 0.420858 0.878893 -0.224556 1 
0.0888548 0.214348 -0.0349601 0.420858 0.878893 -0.224556 1 
0.0888664 0.214426 -0.0350216 0.420858 0.878893 -0.224556 1 
0.0888431 0.214112 -0.0355877 0.420858 0.878893 -0.224556 1 
0.088617 0.21451 -0.0352875 0.420858 0.878893 -0.224556 1 
0.088473 0.214352 -0.0353527 0.420858 0.878893 -0.224556 1 
0.089143 0.213927 -0.0364159 0.441474 0.881491 -0.167556 1 
0.0891625 0.214076 -0.0358986 0.420858 0.878893 -0.224556 1 
0.0888742 0.21418 -0.035821 0.420858 0.878893 -0.224556 1 
0.0885935 0.214616 -0.0356456 0.420858 0.878893 -0.224556 1 
0.0890222 0.213925 -0.036604 0.441474 0.881491 -0.167556 1 
0.0887885 0.213991 -0.0364016 0.420858 0.878893 -0.224556 1 
0.0885002 0.214095 -0.036324 0.420858 0.878893 -0.224556 1 
0.0883794 0.214093 -0.0365121 0.420858 0.878893 -0.224556 1 
0.0883251 0.213711 -0.036845 0.420858 0.878893 -0.224556 1 
0.0889052 0.214089 -0.0367434 0.441474 0.881491 -0.167556 1 
0.0887414 0.214203 -0.0371178 0.354787 0.912105 -0.205403 1 
0.0884377 0.214063 -0.0370276 0.441474 0.881491 -0.167556 1 
0.0885507 0.214153 -0.0367291 0.420858 0.878893 -0.224556 1 
0.0884143 0.214327 -0.0366966 0.420858 0.878893 -0.224556 1 
0.088352 0.214033 -0.0369191 0.420858 0.878893 -0.224556 1 
0.0883364 0.214209 -0.0366984 0.420858 0.878893 -0.224556 1 
0.0884844 0.213954 -0.0374815 0.193705 0.935078 -0.296828 1 
0.0884064 0.214257 -0.0372754 0.354787 0.912105 -0.205403 1 
0.0880013 0.214105 -0.037545 0.354787 0.912105 -0.205403 1 
0.0844301 0.205271 -0.0424345 0.233871 -0.412625 -0.880366 1 
0.0849711 0.205931 -0.0424703 0.0696786 -0.567383 -0.820501 1 
0.084932 0.206213 -0.0426078 0.075402 -0.544886 -0.835113 1 
0.0850878 0.20587 -0.0435012 0.0621607 -0.47104 -0.879919 1 
0.0851227 0.206104 -0.0436857 0.0736098 -0.470825 -0.879151 1 
0.0850411 0.205979 -0.0430472 0.0664317 -0.541348 -0.83817 1 
0.0848189 0.206123 -0.0429063 0.0664317 -0.541348 -0.83817 1 
0.0846201 0.206423 -0.0428883 0.0548236 -0.558076 -0.827977 1 
0.0846785 0.206393 -0.0434037 0.0803685 -0.506181 -0.858674 1 
0.0842345 0.206261 -0.0433298 0.080066 -0.48742 -0.869489 1 
0.0847681 0.206168 -0.0436713 0.0856888 -0.476205 -0.875149 1 
0.0844059 0.206638 -0.0421685 0.0406093 -0.583933 -0.810785 1 
0.084293 0.206706 -0.0417779 0.032315 -0.625225 -0.779775 1 
0.0840706 0.20727 -0.0414289 0.0321504 -0.605267 -0.795373 1 
0.0841247 0.207756 -0.0422662 0.10048 -0.476924 -0.873182 1 
0.0845193 0.205887 -0.0422861 0.052345 -0.587113 -0.807811 1 
0.0842075 0.206255 -0.0418774 0.041018 -0.632243 -0.773684 1 
0.0846866 0.206201 -0.0423439 0.0607984 -0.56698 -0.821485 1 
0.0838257 0.206418 -0.041581 0.0153375 -0.659512 -0.751537 1 
0.0840435 0.20679 -0.0420439 0.040684 -0.593426 -0.80386 1 
0.0846631 0.206307 -0.042702 0.0550218 -0.574202 -0.816863 1 
0.0842656 0.206487 -0.042874 0.0520199 -0.55816 -0.828101 1 
0.0844994 0.206579 -0.0423873 0.0406093 -0.583933 -0.810785 1 
0.0840437 0.206211 -0.042941 0.066161 -0.533511 -0.843201 1 
0.0837397 0.206333 -0.0433318 0.0545954 -0.533355 -0.844128 1 
0.083319 0.206357 -0.0433808 0.0403844 -0.558418 -0.828576 1 
0.083128 0.206727 -0.0427841 0.0489866 -0.555648 -0.829973 1 
0.0830264 0.207135 -0.042936 0.037488 -0.55399 -0.831679 1 
0.0830889 0.207168 -0.0422324 0.0263429 -0.572612 -0.819403 1 
0.0833572 0.207756 -0.0424112 0.0433963 -0.564152 -0.82453 1 
0.0831118 0.207744 -0.0421473 0.0462563 -0.570494 -0.819998 1 
0.0825706 0.207346 -0.0425926 0.0179243 -0.58323 -0.812109 1 
0.0826911 0.207768 -0.0421964 0.0235803 -0.58396 -0.81144 1 
0.0838247 0.207624 -0.0428162 0.0773007 -0.501752 -0.861551 1 
0.0827379 0.20766 -0.0426503 0.0235122 -0.579506 -0.814628 1 
0.0825817 0.208265 -0.042238 -0.0526085 -0.774909 -0.62988 1 
0.0827179 0.208511 -0.0420625 -0.160813 -0.947309 -0.27703 1 
0.0823831 0.208145 -0.042428 -0.341296 -0.786743 0.514347 1 
0.0817521 0.20797 -0.0426056 -0.379744 -0.715102 0.586877 1 
0.0820442 0.208032 -0.0426344 -0.356361 -0.746893 0.56139 1 
0.0842192 0.205279 -0.0449034 -0.430239 -0.879697 -0.202552 1 
0.0830306 0.206302 -0.0439923 0.0233055 -0.541511 -0.84037 1 
0.0829097 0.206879 -0.0432833 0.0206612 -0.560607 -0.827824 1 
0.0823878 0.206471 -0.0439004 -0.365805 -0.910925 0.190792 1 
0.0824887 0.207324 -0.0431243 0.00137369 -0.616789 -0.787127 1 
0.0813902 0.207123 -0.0435861 -0.36837 -0.712182 0.597578 1 
0.0813005 0.207348 -0.0433184 -0.362226 -0.706422 0.60808 1 
0.08088 0.206951 -0.0435755 -0.347934 -0.704035 0.619093 1 
0.0806192 0.206537 -0.043988 -0.347934 -0.704035 0.619093 1 
0.0818926 0.207383 -0.0434864 -0.366606 -0.741358 0.562129 1 
0.0815342 0.207281 -0.0435209 -0.38375 -0.706561 0.594565 1 
0.0813278 0.207249 -0.0436005 -0.362226 -0.706422 0.60808 1 
0.0811019 0.207227 -0.0435084 -0.347934 -0.704035 0.619093 1 
0.0809265 0.207263 -0.0438214 -0.347934 -0.704035 0.619093 1 
0.0807044 0.207407 -0.0436805 -0.347934 -0.704035 0.619093 1 
0.0807162 0.207065 -0.04395 -0.347934 -0.704035 0.619093 1 
0.0804554 0.206651 -0.0443625 -0.347934 -0.704035 0.619093 1 
0.0803069 0.207587 -0.0438524 -0.347934 -0.704035 0.619093 1 
0.0794343 0.207568 -0.0437172 -0.333364 -0.619569 0.710635 1 
0.0794808 0.20788 -0.0439632 -0.331862 -0.597351 0.730096 1 
0.0793681 0.207528 -0.0437806 -0.331862 -0.597351 0.730096 1 
0.0794146 0.20784 -0.0440265 -0.307571 -0.60709 0.732695 1 
0.0906384 0.199473 -0.0471525 0.412646 0.137549 -0.900447 1 
0.0918497 0.200343 -0.0454951 0.512284 0.455916 -0.727808 1 
0.0920167 0.201077 -0.0453449 0.509574 0.473057 -0.718715 1 
0.0916351 0.200661 -0.0459455 0.512284 0.455916 -0.727808 1 
0.0917089 0.201033 -0.0457845 0.509574 0.473057 -0.718715 1 
0.0909382 0.200026 -0.0463944 0.462211 0.276708 -0.842492 1 
0.0905758 0.20002 -0.0469589 0.447601 0.193517 -0.873043 1 
0.0904042 0.20038 -0.0465339 0.452939 0.360762 -0.81529 1 
0.0907274 0.200669 -0.0461069 0.455418 0.391048 -0.799798 1 
0.089854 0.202489 -0.0444505 0.17196 0.616317 -0.768494 1 
0.09059 0.202524 -0.0452423 0.478774 0.586288 -0.653484 1 
0.0904028 0.202903 -0.0452858 0.435822 0.619502 -0.652898 1 
0.0901923 0.203125 -0.0452063 0.406811 0.652558 -0.639275 1 
0.089207 0.202594 -0.0455776 0.103626 0.585266 -0.804193 1 
0.0892772 0.202222 -0.0463625 0.0976702 0.610803 -0.785735 1 
0.0893627 0.202672 -0.046263 0.225281 0.598159 -0.769061 1 
0.0888759 0.202236 -0.0465834 0.0521923 0.582579 -0.811097 1 
0.0892654 0.202564 -0.046093 0.157369 0.568026 -0.807825 1 
0.0892338 0.203178 -0.0461327 0.289962 0.645605 -0.706481 1 
0.0892263 0.203005 -0.0455414 0.103559 0.58197 -0.80659 1 
0.0891755 0.203209 -0.0456174 0.230295 0.665818 -0.709684 1 
0.0888288 0.203185 -0.0457134 0.00134166 0.519223 -0.854638 1 
0.0888916 0.202059 -0.046804 0.026168 0.552283 -0.833246 1 
0.0949202 0.199399 -0.0441607 0.58418 0.371453 -0.721634 1 
0.0947137 0.199367 -0.0442403 0.561339 0.403308 -0.722662 1 
0.0943671 0.199343 -0.0443364 0.552146 0.429447 -0.71464 1 
0.0940934 0.200952 -0.0436473 0.528331 0.50485 -0.682637 1 
0.0939542 0.199596 -0.0431176 0.552852 0.443278 -0.705592 1 
0.0938097 0.20012 -0.0434558 0.525709 0.456057 -0.718082 1 
0.0934786 0.199919 -0.0437725 0.525709 0.456057 -0.718082 1 
0.0945771 0.199961 -0.0439998 0.549725 0.446756 -0.705841 1 
0.0945379 0.200243 -0.0441373 0.543779 0.447329 -0.710072 1 
0.0940942 0.199691 -0.0442714 0.525709 0.456057 -0.718082 1 
0.0939033 0.199483 -0.0445717 0.525709 0.456057 -0.718082 1 
0.0943156 0.200808 -0.0437883 0.509984 0.476761 -0.715972 1 
0.0938829 0.201174 -0.0435678 0.528331 0.50485 -0.682637 1 
0.0941905 0.20148 -0.0436092 0.499732 0.509761 -0.700294 1 
0.0940386 0.201252 -0.0442532 0.528331 0.50485 -0.682637 1 
0.0935873 0.200684 -0.0431068 0.528331 0.50485 -0.682637 1 
0.094564 0.202405 -0.0426902 0.519162 0.525883 -0.673735 1 
0.0938943 0.201673 -0.0434213 0.499732 0.509761 -0.700294 1 
0.0936449 0.201915 -0.0429981 0.487844 0.511154 -0.707623 1 
0.0937576 0.202267 -0.0431807 0.503086 0.506429 -0.70031 1 
0.0933488 0.201949 -0.0434993 0.50263 0.476088 -0.721597 1 
0.0937809 0.202423 -0.0433037 0.503086 0.506429 -0.70031 1 
0.0937495 0.202617 -0.0435515 0.536965 0.523499 -0.661527 1 
0.0936055 0.202459 -0.0436167 0.503001 0.4698 -0.72545 1 
0.0935082 0.202351 -0.0434467 0.503001 0.4698 -0.72545 1 
0.0929864 0.201943 -0.0440638 0.509574 0.473057 -0.718715 1 
0.0924919 0.201594 -0.0442738 0.509574 0.473057 -0.718715 1 
0.092858 0.20145 -0.0450387 0.509574 0.473057 -0.718715 1 
0.0931302 0.202521 -0.0437905 0.50263 0.476088 -0.721597 1 
0.0933561 0.202543 -0.0438827 0.503001 0.4698 -0.72545 1 
0.0927443 0.202779 -0.044024 0.509574 0.473057 -0.718715 1 
0.0927253 0.201948 -0.0442683 0.509574 0.473057 -0.718715 1 
0.0924489 0.20171 -0.0444601 0.509574 0.473057 -0.718715 1 
0.0925381 0.202327 -0.0443117 0.509574 0.473057 -0.718715 1 
0.0929428 0.203637 -0.0422478 0.556412 0.804727 -0.20693 1 
0.0923818 0.203669 -0.0423132 0.505801 0.842002 -0.187612 1 
0.0920077 0.203426 -0.0435052 0.478774 0.653484 -0.586288 1 
0.0916767 0.203384 -0.0431328 0.495343 0.745482 -0.445973 1 
0.0921487 0.201998 -0.0448021 0.509574 0.473057 -0.718715 1 
0.0909983 0.20458 -0.0422324 0.575013 0.816828 0.0463947 1 
0.0902779 0.204051 -0.0430394 0.463528 0.876829 -0.127721 1 
0.0921399 0.203926 -0.0431705 0.526615 0.697138 -0.486492 1 
0.09191 0.204159 -0.0429192 0.54703 0.754803 -0.361981 1 
0.0915206 0.20383 -0.0434096 0.511509 0.726707 -0.458537 1 
0.0904608 0.204189 -0.0433179 0.412124 0.832143 -0.371069 1 
0.0917962 0.211588 -0.0419728 -0.593929 0.785323 -0.174685 1 
0.091917 0.211748 -0.0410955 -0.408183 0.808362 -0.42419 1 
0.0916987 0.2119 -0.0415948 -0.651378 0.702592 -0.286478 1 
0.0916092 0.211546 -0.0422242 -0.628757 0.766157 -0.13292 1 
0.0914025 0.211934 -0.0420959 -0.679841 0.70759 -0.192699 1 
0.0909817 0.211958 -0.042145 -0.770441 0.608082 -0.191461 1 
0.0915937 0.211143 -0.0429007 -0.332102 0.929609 0.159798 1 
0.0911144 0.211618 -0.0422263 -0.747732 0.648436 -0.142927 1 
0.0906237 0.211436 -0.0423876 -0.742769 0.659745 -0.114158 1 
0.0899813 0.210763 -0.0427116 -0.826617 0.560869 -0.0461563 1 
0.0914297 0.211677 -0.0430672 -0.274082 0.944971 0.178631 1 
0.0910793 0.211646 -0.0425229 -0.683585 0.719328 -0.123611 1 
0.0912428 0.212111 -0.0412513 -0.603203 0.714362 -0.354729 1 
0.0917142 0.212303 -0.0409183 -0.299787 0.843441 -0.445797 1 
0.0914921 0.212447 -0.0407773 -0.26241 0.845543 -0.464972 1 
0.0915309 0.212427 -0.041121 -0.320807 0.837227 -0.44287 1 
0.0908886 0.211754 -0.041445 -0.626858 0.707848 -0.325577 1 
0.0906899 0.211634 -0.0416351 -0.682103 0.675713 -0.27955 1 
0.0911299 0.21202 -0.0415498 -0.630276 0.714097 -0.30466 1 
0.0909118 0.21191 -0.041568 -0.640587 0.701902 -0.311419 1 
0.0908105 0.211898 -0.041928 -0.73189 0.637452 -0.240815 1 
0.0897473 0.21125 -0.0423012 -0.784107 0.604883 -0.138899 1 
0.089463 0.211099 -0.0423827 -0.832914 0.543205 -0.105744 1 
0.089572 0.211285 -0.0426141 -0.791096 0.607985 -0.067236 1 
0.0900627 0.211468 -0.0424529 -0.762432 0.634617 -0.126329 1 
0.0899265 0.211221 -0.0426284 -0.760819 0.647476 -0.0439207 1 
0.0898057 0.211219 -0.0428166 -0.77626 0.628671 -0.046831 1 
0.0898168 0.212297 -0.0417729 -0.746964 0.603623 -0.278718 1 
0.0888591 0.211406 -0.0419453 -0.808076 0.546413 -0.220104 1 
0.0890359 0.208848 -0.0428805 -0.751676 0.635799 0.17534 1 
0.0891292 0.20921 -0.0428913 -0.810325 0.582466 0.0640855 1 
0.0891057 0.209316 -0.0432493 -0.802769 0.594696 0.0435829 1 
0.0895492 0.210289 -0.0429072 -0.837097 0.545571 -0.0402584 1 
0.089464 0.209418 -0.0432148 -0.826801 0.560091 0.0519383 1 
0.0892495 0.209894 -0.0429761 -0.823366 0.56751 -0.00136093 1 
0.0889693 0.209649 -0.0425278 -0.826496 0.561683 -0.0376314 1 
0.088782 0.210027 -0.0425712 -0.832958 0.552061 -0.0375457 1 
0.0890739 0.210351 -0.0430811 -0.837097 0.545571 -0.0402584 1 
0.0884466 0.210343 -0.0432098 -0.809262 0.587434 -0.00410793 1 
0.0901917 0.210224 -0.0441694 -0.793522 0.590284 -0.147945 1 
0.0898994 0.210741 -0.0432434 -0.822981 0.559743 -0.0969063 1 
0.0896189 0.210757 -0.0432761 -0.818308 0.568946 -0.0816875 1 
0.0900085 0.210506 -0.0436829 -0.777427 0.625664 -0.0644277 1 
0.08958 0.210618 -0.0436216 -0.791245 0.6081 -0.064387 1 
0.0894786 0.210765 -0.0432925 -0.818308 0.568946 -0.0816875 1 
0.0898018 0.210895 -0.0435546 -0.793994 0.59733 -0.113008 1 
0.08928 0.210645 -0.0434825 -0.805053 0.593125 -0.00963311 1 
0.0900903 0.210212 -0.0445293 -0.809567 0.537132 -0.236833 1 
0.0899458 0.211053 -0.0434893 -0.80167 0.582359 -0.134846 1 
0.0896226 0.210764 -0.0439164 -0.783432 0.614199 -0.0948289 1 
0.0893071 0.211125 -0.0428675 -0.816828 0.575013 -0.0463947 1 
0.0892217 0.210675 -0.042967 -0.831762 0.554045 -0.0347146 1 
0.0895408 0.211059 -0.0430699 -0.816863 0.574202 -0.0550218 1 
0.088692 0.210354 -0.0434738 -0.815309 0.578828 0.0151238 1 
0.0846357 0.203152 -0.0348364 -0.429447 0.71464 -0.552146 1 
0.0847174 0.203595 -0.0340967 -0.37622 0.694939 -0.612795 1 
0.0844526 0.203435 -0.03435 -0.409388 0.694468 -0.591706 1 
0.0845346 0.20272 -0.0354045 -0.478214 0.71149 -0.514872 1 
0.083814 0.202928 -0.0346253 -0.449728 0.670412 -0.590163 1 
0.0840593 0.20294 -0.0348892 -0.458852 0.682438 -0.568976 1 
0.0838332 0.203338 -0.034589 -0.41972 0.701745 -0.575664 1 
0.0834905 0.20306 -0.0348442 -0.453614 0.661172 -0.597566 1 
0.0835137 0.203216 -0.0349672 -0.460217 0.674427 -0.577363 1 
0.0830468 0.202508 -0.0349784 -0.551802 0.558552 -0.619301 1 
0.0830932 0.20282 -0.0352243 -0.538431 0.589068 -0.60257 1 
0.0831867 0.202762 -0.0354431 -0.541807 0.609322 -0.57894 1 
0.0832814 0.20076 -0.0360129 -0.797924 0.340597 -0.497303 1 
0.0829576 0.201891 -0.0351268 -0.702497 0.376749 -0.603786 1 
0.0826105 0.201971 -0.036393 -0.740988 0.415676 -0.527399 1 
0.0824976 0.202039 -0.0360024 -0.744998 0.397878 -0.535416 1 
0.0827936 0.202426 -0.0352932 -0.622109 0.500722 -0.601878 1 
0.0825871 0.202394 -0.0353729 -0.638354 0.467456 -0.611546 1 
0.082299 0.202077 -0.0355033 -0.705551 0.376623 -0.600294 1 
0.0822015 0.202231 -0.0358143 -0.685729 0.445474 -0.575612 1 
0.0829181 0.202435 -0.0357453 -0.625588 0.534532 -0.568256 1 
0.082116 0.201622 -0.036603 -0.785366 0.362849 -0.501538 1 
0.0825443 0.201931 -0.0364563 -0.748666 0.407917 -0.522592 1 
0.0820493 0.202423 -0.0362503 -0.668625 0.487644 -0.561377 1 
0.0823808 0.201624 -0.0370388 -0.782597 0.372742 -0.498603 1 
0.0821198 0.20163 -0.0372433 -0.786349 0.372991 -0.492477 1 
0.0821471 0.20169 -0.0368363 -0.784095 0.362262 -0.503946 1 
0.0817496 0.20187 -0.0370083 -0.782483 0.359781 -0.508211 1 
0.081582 0.201977 -0.0367425 -0.773528 0.350429 -0.528066 1 
0.0815666 0.201574 -0.037419 -0.809825 0.338886 -0.478895 1 
0.0847992 0.2033 -0.0349431 -0.424713 0.718873 -0.55031 1 
0.0849627 0.203607 -0.0343605 -0.404273 0.707891 -0.579183 1 
0.084355 0.203589 -0.0346611 -0.414657 0.712021 -0.566643 1 
0.0841329 0.203733 -0.0345201 -0.400007 0.719355 -0.567911 1 
0.0841917 0.202862 -0.0354516 -0.484777 0.704676 -0.518095 1 
0.0839812 0.203084 -0.0353721 -0.471424 0.701305 -0.534725 1 
0.0837475 0.20315 -0.0351697 -0.477756 0.675563 -0.561572 1 
0.0835605 0.203108 -0.0354212 -0.512332 0.660152 -0.549287 1 
0.0811375 0.202368 -0.0376308 -0.711158 0.467999 -0.524625 1 
0.0812464 0.202554 -0.0378622 -0.619831 0.586053 -0.521874 1 
0.0836537 0.204683 -0.0317784 0.114123 0.850869 -0.512833 1 
0.0829441 0.205652 -0.0313337 0.11601 0.866493 -0.485522 1 
0.0832673 0.205782 -0.0315958 0.110045 0.864636 -0.490199 1 
0.0829909 0.205544 -0.0317877 0.135245 0.859459 -0.492989 1 
0.0834785 0.204299 -0.0322994 0.135606 0.850086 -0.508885 1 
0.0831048 0.203794 -0.0330104 0.15094 0.799535 -0.581344 1 
0.0833928 0.203793 -0.0342582 -0.332353 0.73442 -0.591751 1 
0.0835096 0.204366 -0.0325327 0.139081 0.844735 -0.516796 1 
0.0834823 0.204306 -0.0329397 0.0574844 0.839833 -0.539793 1 
0.0832602 0.20445 -0.0327987 0.139214 0.84261 -0.52022 1 
0.0825679 0.202142 -0.03472 -0.587773 0.470553 -0.658105 1 
0.0824896 0.202865 -0.0343058 -0.301599 0.679001 -0.669324 1 
0.0820495 0.203057 -0.0334938 0.181988 0.766185 -0.616312 1 
0.0826064 0.203279 -0.0332693 0.18153 0.779512 -0.599507 1 
0.0830461 0.203769 -0.0343543 -0.310817 0.739197 -0.597478 1 
0.0828358 0.203571 -0.0344828 -0.308204 0.714841 -0.627704 1 
0.0828247 0.202652 -0.0348374 -0.510785 0.571473 -0.642275 1 
0.0826026 0.202796 -0.0346964 -0.478536 0.579281 -0.659876 1 
0.0823923 0.202598 -0.0348249 -0.491609 0.56879 -0.659393 1 
0.0826488 0.203529 -0.0347343 -0.340782 0.702761 -0.624495 1 
0.0824386 0.20333 -0.0348628 -0.36622 0.694669 -0.619126 1 
0.08231 0.203734 -0.0335625 0.1739 0.802966 -0.570091 1 
0.0825438 0.203667 -0.0337649 0.0730582 0.800775 -0.594493 1 
0.0821584 0.203085 -0.0344144 -0.189601 0.722951 -0.664375 1 
0.0821037 0.203123 -0.0345392 -0.202723 0.722682 -0.660783 1 
0.0819868 0.203445 -0.0339895 0.181988 0.766185 -0.616312 1 
0.0820294 0.203433 -0.0349733 -0.326476 0.700056 -0.635086 1 
0.0817841 0.203421 -0.0347094 -0.0950818 0.767968 -0.633391 1 
0.0832564 0.204443 -0.0321584 0.135669 0.853402 -0.503288 1 
0.0823373 0.203794 -0.0331555 0.179803 0.808357 -0.560562 1 
0.0834356 0.204415 -0.0324857 0.139081 0.844735 -0.516796 1 
0.083081 0.204479 -0.0324714 0.139081 0.844735 -0.516796 1 
0.0826957 0.203896 -0.0331209 0.170428 0.806892 -0.565579 1 
0.0822709 0.204174 -0.0330108 0.146686 0.828255 -0.540811 1 
0.0822939 0.204751 -0.0329257 0.139214 0.84261 -0.52022 1 
0.0825588 0.205069 -0.0319833 0.138444 0.858353 -0.494027 1 
0.0828157 0.205159 -0.0323087 0.138444 0.858353 -0.494027 1 
0.0826833 0.205079 -0.0324354 0.135669 0.853402 -0.503288 1 
0.0817759 0.204667 -0.0328048 0.136076 0.847184 -0.513578 1 
0.0824301 0.204997 -0.0327502 0.138672 0.851006 -0.506516 1 
0.0818419 0.205127 -0.0325334 0.135669 0.853402 -0.503288 1 
0.0813984 0.204154 -0.0328756 0.142026 0.847765 -0.511002 1 
0.0815308 0.204234 -0.0327489 0.139214 0.84261 -0.52022 1 
0.0811997 0.204034 -0.0330656 0.149148 0.840251 -0.52128 1 
0.08111 0.204258 -0.0327979 0.136076 0.847184 -0.513578 1 
0.0818777 0.20368 -0.03355 0.180066 0.803488 -0.567435 1 
0.0816515 0.204078 -0.0332499 0.159119 0.834257 -0.527917 1 
0.0816556 0.203824 -0.033409 0.179803 0.808357 -0.560562 1 
0.0815075 0.20392 -0.033315 0.172827 0.816045 -0.551544 1 
0.081995 0.202358 -0.0352049 -0.623635 0.453097 -0.637011 1 
0.0820299 0.202592 -0.0353894 -0.573477 0.506207 -0.644111 1 
0.0819791 0.202796 -0.0354654 -0.534854 0.548352 -0.642838 1 
0.0820766 0.202483 -0.0358434 -0.634235 0.503014 -0.58713 1 
0.0818818 0.202529 -0.0359845 -0.610122 0.528998 -0.589841 1 
0.0816324 0.202772 -0.0355614 -0.530123 0.546953 -0.647929 1 
0.0816247 0.203018 -0.034762 -0.18976 0.698872 -0.689615 1 
0.0813285 0.203211 -0.034574 0.175277 0.754451 -0.63252 1 
0.08194 0.203236 -0.0349137 -0.294377 0.690097 -0.661142 1 
0.0817414 0.203116 -0.0351037 -0.28302 0.695557 -0.660379 1 
0.0813634 0.203445 -0.0347585 0.161936 0.77336 -0.612937 1 
0.0814101 0.203336 -0.0352124 -0.136217 0.761919 -0.633186 1 
0.0809658 0.203625 -0.0349305 0.178436 0.773223 -0.608512 1 
0.0807438 0.203769 -0.0347895 0.171012 0.794526 -0.582652 1 
0.0806425 0.203915 -0.0344603 0.179803 0.808357 -0.560562 1 
0.0812852 0.204643 -0.0322769 0.135669 0.853402 -0.503288 1 
0.0803151 0.204936 -0.0317637 0.156862 0.863474 -0.479382 1 
0.0804281 0.205026 -0.0314652 0.172301 0.867398 -0.466834 1 
0.0809541 0.204443 -0.0325936 0.132279 0.853274 -0.504406 1 
0.0805842 0.204263 -0.0325667 0.132279 0.853274 -0.504406 1 
0.080732 0.204587 -0.0324527 0.135669 0.853402 -0.503288 1 
0.0806424 0.204811 -0.032185 0.147741 0.855729 -0.495884 1 
0.0807863 0.204811 -0.0328089 0.138672 0.851006 -0.506516 1 
0.0807553 0.204743 -0.0325756 0.135669 0.853402 -0.503288 1 
0.0805448 0.204965 -0.0324961 0.147741 0.855729 -0.495884 1 
0.0805799 0.204779 -0.0328886 0.132279 0.853274 -0.504406 1 
0.0804551 0.205189 -0.0322285 0.156986 0.858289 -0.488565 1 
0.08035 0.20517 -0.0319482 0.156862 0.863474 -0.479382 1 
0.0801628 0.205548 -0.0319916 0.171862 0.868124 -0.465644 1 
0.0803654 0.205255 -0.0326499 0.147585 0.857745 -0.492436 1 
0.0802176 0.205248 -0.0313857 0.185583 0.862589 -0.470638 1 
0.0799839 0.205314 -0.0311833 0.164296 0.87964 -0.446363 1 
0.0800422 0.205284 -0.0316987 0.178496 0.868876 -0.461729 1 
0.0799525 0.205508 -0.0314311 0.164296 0.87964 -0.446363 1 
0.0796956 0.205418 -0.0311056 0.181375 0.871485 -0.45565 1 
0.0800655 0.20544 -0.0318217 0.168604 0.872345 -0.458897 1 
0.0800498 0.205616 -0.031601 0.168399 0.87421 -0.455409 1 
0.0799406 0.205692 -0.0318506 0.178496 0.868876 -0.461729 1 
0.0796953 0.20568 -0.0315867 0.161054 0.88362 -0.439634 1 
0.0833147 0.203937 -0.0347412 -0.367277 0.742716 -0.559893 1 
0.0830187 0.203709 -0.0347612 -0.364682 0.714645 -0.5969 1 
0.083186 0.204023 -0.034819 -0.367277 0.742716 -0.559893 1 
0.0824734 0.203564 -0.0350473 -0.346803 0.714772 -0.607312 1 
0.0828433 0.203744 -0.0350742 -0.371453 0.721634 -0.58418 1 
0.0829525 0.20351 -0.0355137 -0.417274 0.724045 -0.549219 1 
0.082224 0.203648 -0.0353133 -0.353766 0.718944 -0.598305 1 
0.0818887 0.204123 -0.0352627 -0.225176 0.781128 -0.582352 1 
0.0813087 0.203324 -0.0355724 -0.251159 0.709248 -0.6587 1 
0.0812344 0.203793 -0.0353174 -0.0320591 0.807053 -0.589608 1 
0.0811839 0.203418 -0.0362904 -0.416751 0.659164 -0.625957 1 
0.0810126 0.203516 -0.0353844 0.0293653 0.784473 -0.619468 1 
0.0804087 0.203823 -0.034947 0.167329 0.803481 -0.571331 1 
0.0804436 0.204057 -0.0351314 0.179803 0.808357 -0.560562 1 
0.0806151 0.203696 -0.0355564 0.180891 0.785889 -0.591317 1 
0.0806308 0.203679 -0.035088 0.177731 0.791436 -0.584842 1 
0.0803346 0.203871 -0.0349 0.179803 0.808357 -0.560562 1 
0.0799761 0.204189 -0.0347265 0.149148 0.840251 -0.52128 1 
0.0799488 0.204129 -0.0351335 0.159119 0.834257 -0.527917 1 
0.0797696 0.204157 -0.0348062 0.158673 0.840818 -0.51754 1 
0.0797502 0.204009 -0.0353235 0.168423 0.839134 -0.517193 1 
0.079902 0.204079 -0.0353686 0.168423 0.839134 -0.517193 1 
0.0798121 0.204882 -0.0342038 0.154387 0.851335 -0.501391 1 
0.0801131 0.202278 -0.0374504 -0.837191 0.240291 -0.491295 1 
0.0932517 0.203847 -0.0362302 0.256035 0.820864 -0.510518 1 
0.0930296 0.203991 -0.0360892 0.269366 0.817441 -0.509149 1 
0.0928269 0.204283 -0.035431 0.269793 0.818736 -0.506837 1 
0.0927842 0.203979 -0.0358253 0.269793 0.818736 -0.506837 1 
0.0927335 0.204183 -0.0359013 0.276529 0.813964 -0.510876 1 
0.0926867 0.204292 -0.0354473 0.276789 0.811601 -0.514483 1 
0.0922308 0.204343 -0.035793 0.291468 0.801931 -0.521491 1 
0.0929672 0.204117 -0.0361038 0.273897 0.8123 -0.514926 1 
0.0928658 0.204105 -0.0364637 0.273897 0.8123 -0.514926 1 
0.0923983 0.204237 -0.0360588 0.287852 0.803782 -0.520649 1 
0.0922386 0.204097 -0.0365925 0.280835 0.811127 -0.513034 1 
0.0900924 0.203333 -0.0381291 0.044439 0.950996 -0.305995 1 
0.0930955 0.205506 -0.0328534 0.274876 0.827733 -0.489185 1 
0.093454 0.205029 -0.033716 0.266301 0.814477 -0.515472 1 
0.093224 0.205103 -0.0341538 0.236241 0.81063 -0.535788 1 
0.0929436 0.205119 -0.0341865 0.260995 0.798614 -0.542307 1 
0.0926787 0.204959 -0.0344399 0.285455 0.793282 -0.537791 1 
0.0924488 0.205191 -0.0341886 0.285455 0.793282 -0.537791 1 
0.092075 0.204686 -0.0348996 0.291468 0.801931 -0.521491 1 
0.0927294 0.204596 -0.035053 0.276789 0.811601 -0.514483 1 
0.0923087 0.20462 -0.035102 0.291468 0.801931 -0.521491 1 
0.091841 0.205173 -0.0344891 0.291468 0.801931 -0.521491 1 
0.0914474 0.205677 -0.0339231 0.293191 0.790822 -0.537252 1 
0.0911825 0.205517 -0.0341765 0.295838 0.79892 -0.523648 1 
0.090785 0.205697 -0.0343485 0.288598 0.796404 -0.531462 1 
0.0905631 0.205421 -0.0344156 0.284494 0.803186 -0.523407 1 
0.0899436 0.205745 -0.0344466 0.257656 0.804198 -0.535611 1 
0.0912174 0.205751 -0.034361 0.295838 0.79892 -0.523648 1 
0.090524 0.205703 -0.034553 0.27824 0.803281 -0.526613 1 
0.0905978 0.206075 -0.034392 0.288598 0.796404 -0.531462 1 
0.0901265 0.205883 -0.034725 0.257656 0.804198 -0.535611 1 
0.0899053 0.204187 -0.0361053 0.21792 0.789767 -0.573393 1 
0.0897299 0.204223 -0.0364182 0.201554 0.78006 -0.592353 1 
0.0901157 0.203648 -0.0375629 0.15782 0.881765 -0.444502 1 
0.0902054 0.203424 -0.0378306 0.115253 0.9123 -0.39297 1 
0.089508 0.20363 -0.0378635 0.0187899 0.948265 -0.316923 1 
0.0900922 0.203754 -0.0379211 0.0794522 0.949519 -0.303481 1 
0.089839 0.203672 -0.0382359 -0.0201233 0.976571 -0.214254 1 
0.0896131 0.203808 -0.0374547 0.12476 0.906961 -0.402315 1 
0.0893172 0.20358 -0.0374747 0.0457766 0.929919 -0.364905 1 
0.0893521 0.203814 -0.0376592 0.0187899 0.948265 -0.316923 1 
0.0891456 0.203941 -0.0370497 -0.0162595 0.949306 -0.313934 1 
0.0895077 0.20405 -0.0376555 0.0806955 0.93792 -0.337334 1 
0.0892621 0.204459 -0.0371835 0.111068 0.922827 -0.368856 1 
0.088865 0.204536 -0.0361853 -0.0380877 0.923298 -0.38219 1 
0.0893792 0.204453 -0.0363551 0.105833 0.824916 -0.55526 1 
0.0889349 0.204583 -0.0367622 -0.0408545 0.964414 -0.261221 1 
0.0890322 0.20485 -0.0362431 0.0118859 0.896729 -0.442421 1 
0.0883269 0.204985 -0.0368548 -0.159259 0.979013 -0.127161 1 
0.0882606 0.205841 -0.0346427 -0.0994064 0.921893 -0.374476 1 
0.08916 0.206604 -0.034644 0.212813 0.81604 -0.537392 1 
0.0886657 0.205835 -0.0350621 0.0118859 0.896729 -0.442421 1 
0.0882957 0.205655 -0.0350352 -0.086748 0.904657 -0.417216 1 
0.0886421 0.205941 -0.0354202 0.0118859 0.896729 -0.442421 1 
0.0881199 0.206532 -0.0349321 -0.0445418 0.894885 -0.444068 1 
0.0881397 0.205522 -0.0362091 -0.128514 0.970852 -0.202314 1 
0.0881046 0.205709 -0.0358166 -0.108895 0.916647 -0.384578 1 
0.0878242 0.205725 -0.0358493 -0.176495 0.942677 -0.283213 1 
0.0879176 0.205666 -0.0360681 -0.177748 0.970583 -0.162403 1 
0.0876955 0.205811 -0.0359272 -0.230349 0.957348 -0.174426 1 
0.0875788 0.205713 -0.0355854 -0.218402 0.938991 -0.2657 1 
0.0880769 0.206806 -0.0344293 -0.0976984 0.912311 -0.397674 1 
0.0894218 0.204282 -0.0380281 -0.00589799 0.973168 -0.230021 1 
0.0892502 0.204643 -0.0376031 0.0776917 0.941518 -0.327885 1 
0.0885135 0.205868 -0.0361872 -0.0141059 0.929705 -0.368035 1 
0.0889107 0.206109 -0.0358072 0.119879 0.853595 -0.506957 1 
0.0881039 0.20697 -0.0351925 -0.0789668 0.890801 -0.447479 1 
0.0879525 0.2059 -0.0362526 -0.177368 0.974897 -0.134599 1 
0.0881162 0.205628 -0.0365672 -0.13868 0.980579 -0.13868 1 
0.0874969 0.205532 -0.0368063 -0.304391 0.951381 -0.0471233 1 
0.087672 0.205917 -0.0362853 -0.240111 0.964296 -0.111709 1 
0.0899753 0.203339 -0.0389575 -0.0403384 0.987713 -0.150981 1 
0.0894844 0.203736 -0.0382216 -0.0852888 0.975259 -0.203951 1 
0.0863562 0.204345 -0.0373893 -0.455389 0.883991 -0.105741 1 
0.0867142 0.204867 -0.0371467 -0.4242 0.901939 -0.0809961 1 
0.0863832 0.204667 -0.0374634 -0.437358 0.897735 -0.052808 1 
0.0861689 0.204723 -0.0374327 -0.409277 0.911991 0.0276361 1 
0.0857684 0.203635 -0.0375886 -0.374688 0.927129 -0.00639399 1 
0.085924 0.203871 -0.0375849 -0.392631 0.918783 -0.0409817 1 
0.085519 0.203718 -0.0378546 -0.332369 0.938376 0.0947719 1 
0.0860835 0.204273 -0.0375323 -0.407667 0.913018 -0.014327 1 
0.0856046 0.203748 -0.0379631 -0.489717 0.869838 -0.059654 1 
0.0898894 0.203729 -0.038641 -0.0270624 0.980131 -0.196497 1 
0.0894687 0.203753 -0.0386901 -0.11256 0.986976 -0.11493 1 
0.086901 0.205171 -0.0373763 -0.451917 0.891836 -0.0199963 1 
0.0863509 0.198437 -0.0439099 -0.489413 0.809352 -0.324691 1 
0.0864868 0.198945 -0.0442155 -0.536179 0.712138 -0.453179 1 
0.0843756 0.198892 -0.0438693 -0.443099 0.807816 -0.388711 1 
0.0856684 0.19957 -0.0442285 -0.123342 0.985543 -0.116158 1 
0.0846361 0.19941 -0.0446269 -0.503553 0.778808 -0.374022 1 
0.0849556 0.19969 -0.0435596 -0.701844 0.64376 -0.304939 1 
0.0846907 0.19953 -0.043813 -0.645519 0.681472 -0.344821 1 
0.0845114 0.199979 -0.0432777 -0.762204 0.587895 -0.27097 1 
0.0841568 0.199884 -0.0439525 -0.599311 0.698371 -0.391286 1 
0.0840714 0.199434 -0.0440521 -0.558331 0.723031 -0.406808 1 
0.0830863 0.198483 -0.0446314 0.00865243 0.953004 -0.302835 1 
0.0838962 0.198891 -0.0452622 -0.366768 0.858887 -0.357483 1 
0.0838573 0.198753 -0.0456076 -0.280581 0.906378 -0.315837 1 
0.0839818 0.199079 -0.0446815 -0.299091 0.885248 -0.356203 1 
0.0837481 0.199146 -0.0444791 0.0901571 0.949916 -0.299217 1 
0.0835417 0.199114 -0.0445588 0.0901571 0.949916 -0.299217 1 
0.0837324 0.199163 -0.0449475 -0.299091 0.885248 -0.356203 1 
0.0836117 0.199161 -0.0451357 0.125437 0.940106 -0.316965 1 
0.0833665 0.198729 -0.0450798 0.125437 0.940106 -0.316965 1 
0.0833589 0.198238 -0.0458666 -0.269787 0.911444 -0.31062 1 
0.085426 0.200827 -0.0439807 -0.704118 0.568265 -0.425784 1 
0.0850265 0.199428 -0.040626 -0.853811 0.487253 -0.183279 1 
0.0848317 0.199633 -0.0400781 -0.862708 0.433636 -0.260182 1 
0.0858012 0.200022 -0.0408643 -0.836899 0.516512 -0.181153 1 
0.0855319 0.200799 -0.0412315 -0.874128 0.461062 -0.152718 1 
0.0847991 0.201453 -0.041353 -0.931826 0.345874 -0.109866 1 
0.0842851 0.201273 -0.0407022 -0.866026 0.436792 -0.243334 1 
0.0851679 0.202839 -0.0426152 -0.96537 0.234612 -0.114101 1 
0.0846873 0.199578 -0.0413135 -0.837349 0.51679 -0.178255 1 
0.0845195 0.199946 -0.0415288 -0.835539 0.517524 -0.184509 1 
0.0846717 0.199754 -0.0410928 -0.827633 0.519748 -0.211862 1 
0.0836866 0.198803 -0.0416721 -0.819078 0.5405 -0.192279 1 
0.0835805 0.200306 -0.0412488 -0.833153 0.494348 -0.247944 1 
0.083152 0.200577 -0.0404984 -0.731869 0.620255 -0.282224 1 
0.0829142 0.200739 -0.0408259 -0.8543 0.443254 -0.271474 1 
0.0826808 0.200385 -0.0408315 -0.712814 0.649312 -0.265122 1 
0.082658 0.199388 -0.0411246 -0.859942 0.451885 -0.237277 1 
0.0823148 0.199951 -0.0409637 -0.85483 0.455605 -0.248373 1 
0.0825718 0.20004 -0.0412891 -0.802576 0.52615 -0.281137 1 
0.0849792 0.199902 -0.0418234 -0.814721 0.535476 -0.222476 1 
0.0852243 0.200334 -0.0418792 -0.862743 0.476352 -0.169599 1 
0.0846089 0.199825 -0.0429666 -0.775604 0.581311 -0.246 1 
0.0840596 0.200252 -0.0417152 -0.827856 0.516839 -0.218017 1 
0.0835027 0.20003 -0.0419398 -0.8056 0.545829 -0.230392 1 
0.0837362 0.200384 -0.0419342 -0.81626 0.530338 -0.229045 1 
0.0841685 0.200438 -0.0419467 -0.838472 0.510309 -0.191178 1 
0.0841412 0.200378 -0.0423536 -0.838472 0.510309 -0.191178 1 
0.0841768 0.199351 -0.0431621 -0.718383 0.63874 -0.275566 1 
0.0839896 0.199729 -0.0432056 -0.728933 0.62366 -0.282322 1 
0.0838649 0.199561 -0.0434426 -0.688549 0.659524 -0.301543 1 
0.0836859 0.199747 -0.0424262 -0.758419 0.59759 -0.260165 1 
0.0840751 0.200655 -0.0410388 -0.847208 0.467267 -0.252784 1 
0.0842113 0.200901 -0.0408632 -0.84807 0.466056 -0.252129 1 
0.0832571 0.200438 -0.0414678 -0.820208 0.510111 -0.258932 1 
0.0818666 0.200493 -0.0405226 -0.66615 0.700961 -0.254751 1 
0.0815588 0.200607 -0.0402731 -0.682103 0.675713 -0.27955 1 
0.0823768 0.200665 -0.0405332 -0.697828 0.659503 -0.27945 1 
0.0846433 0.200741 -0.043424 -0.88576 0.446446 -0.126945 1 
0.0848027 0.201143 -0.0433715 -0.944315 0.321719 -0.0690327 1 
0.0980205 0.219488 -0.0566335 0.413553 0.548658 0.726601 0 
0.0985345 0.219827 -0.0565953 0.417779 0.543278 0.728224 0 
0.0984213 0.220157 -0.0566857 0.417779 0.543278 0.728224 0 
0.0985223 0.220431 -0.0568069 0.38959 0.563838 0.728222 0 
0.0999745 0.221194 -0.0584917 0.352353 0.506809 0.786761 0 
0.0992152 0.221003 -0.0575769 0.363316 0.568598 0.738037 0 
0.0991843 0.220514 -0.0575516 0.346546 0.600354 0.72075 0 
0.0985723 0.221171 -0.057485 0.353623 0.594804 0.721913 0 
0.0994605 0.221014 -0.0578409 0.363108 0.551989 0.75064 0 
0.0995381 0.221553 -0.057631 0.348269 0.549131 0.759713 0 
0.099106 0.221078 -0.0578266 0.363316 0.568598 0.738037 0 
0.0998769 0.221506 -0.0581137 0.351462 0.505528 0.787982 0 
0.0985912 0.221843 -0.0579299 0.385536 0.518928 0.762939 0 
0.10101 0.222044 -0.0590066 0.331369 0.517063 0.789202 0 
0.100355 0.222555 -0.0586452 0.334468 0.510503 0.79216 0 
0.100134 0.221596 -0.0584391 0.352353 0.506809 0.786761 0 
0.100134 0.221438 -0.0591282 0.352353 0.506809 0.786761 0 
0.100169 0.22183 -0.0586236 0.352353 0.506809 0.786761 0 
0.0998455 0.221542 -0.0590506 0.354515 0.498888 0.790841 0 
0.100795 0.222362 -0.059457 0.310887 0.543654 0.779609 0 
0.100344 0.222056 -0.0587917 0.348077 0.508481 0.787584 0 
0.100636 0.22238 -0.0593016 0.310887 0.543654 0.779609 0 
0.0986261 0.222077 -0.0581143 0.410393 0.472033 0.780233 0 
0.0979743 0.218756 -0.0565956 0.410302 0.555309 0.723384 0 
0.102196 0.224432 -0.0612829 0.589778 0.40475 0.698813 0 
0.102153 0.224548 -0.0614692 0.589778 0.40475 0.698813 0 
0.10134 0.22345 -0.0599251 0.424244 0.489765 0.761674 0 
0.101157 0.223574 -0.0601277 0.441392 0.477491 0.75972 0 
0.101441 0.223724 -0.0600462 0.454392 0.470796 0.756227 0 
0.101172 0.223557 -0.0596593 0.375601 0.521939 0.765835 0 
0.101052 0.222452 -0.0597825 0.332736 0.535271 0.776384 0 
0.101087 0.222686 -0.0599669 0.340626 0.544033 0.766813 0 
0.100873 0.222742 -0.0599362 0.328484 0.536791 0.777145 0 
0.0987185 0.223383 -0.0588792 0.3379 0.51726 0.786299 0 
0.0990966 0.223055 -0.0592245 0.334468 0.510503 0.79216 0 
0.101686 0.223736 -0.0603102 0.476152 0.459676 0.749651 0 
0.101616 0.224212 -0.0606954 0.501791 0.46867 0.727018 0 
0.102488 0.224756 -0.0617928 0.580267 0.427303 0.693327 0 
0.102176 0.224704 -0.0615922 0.591706 0.409388 0.694468 0 
0.102211 0.224938 -0.0617766 0.580267 0.427303 0.693327 0 
0.102597 0.224942 -0.0620242 0.67546 0.336916 0.655928 0 
0.102375 0.225086 -0.0618832 0.559127 0.455647 0.69265 0 
0.102312 0.225212 -0.0618977 0.559127 0.455647 0.69265 0 
0.103056 0.22558 -0.0625918 0.769646 0.249234 0.587815 0 
0.102787 0.225412 -0.0622049 0.769412 0.24289 0.59077 0 
0.102565 0.225556 -0.062064 0.622897 0.410281 0.666084 0 
0.102378 0.225514 -0.0623155 0.622897 0.410281 0.666084 0 
0.102826 0.225812 -0.0623405 0.778496 0.225313 0.585814 0 
0.102479 0.225788 -0.0624366 0.778496 0.225313 0.585814 0 
0.103593 0.225495 -0.0635737 0.669402 0.439035 0.59929 0 
0.103819 0.225517 -0.0636658 0.672921 0.442492 0.592772 0 
0.103621 0.225397 -0.0638558 0.672921 0.442492 0.592772 0 
0.104209 0.225687 -0.0638646 0.669985 0.459466 0.583104 0 
0.103928 0.225703 -0.0638972 0.669402 0.452389 0.589274 0 
0.103313 0.22567 -0.0629173 0.756167 0.281772 0.590606 0 
0.103371 0.225639 -0.0634327 0.707197 0.37575 0.598903 0 
0.103091 0.225814 -0.0627763 0.756167 0.281772 0.590606 0 
0.103274 0.225952 -0.0630547 0.725631 0.332784 0.602258 0 
0.102857 0.22588 -0.0625738 0.769646 0.249234 0.587815 0 
0.10288 0.226036 -0.0626968 0.756167 0.281772 0.590606 0 
0.102304 0.225824 -0.0627496 0.778496 0.225313 0.585814 0 
0.102783 0.22619 -0.0630079 0.725631 0.332784 0.602258 0 
0.102806 0.226346 -0.0631309 0.707197 0.37575 0.598903 0 
0.102934 0.226783 -0.0640152 0.68039 0.456379 0.5734 0 
0.102923 0.226444 -0.0634726 0.669402 0.439035 0.59929 0 
0.103012 0.22664 -0.0635323 0.672921 0.442492 0.592772 0 
0.10404 0.226579 -0.065042 0.680055 0.469522 0.563093 0 
0.104048 0.226911 -0.0649443 0.680055 0.469522 0.563093 0 
0.103693 0.226975 -0.06493 0.680055 0.469522 0.563093 0 
0.103779 0.226323 -0.0647654 0.676744 0.466201 0.569802 0 
0.103402 0.226231 -0.0646282 0.676744 0.466201 0.569802 0 
0.103425 0.226387 -0.0647511 0.676744 0.466201 0.569802 0 
0.103826 0.226635 -0.0650113 0.680055 0.469522 0.563093 0 
0.103604 0.226779 -0.0648704 0.680055 0.469522 0.563093 0 
0.103448 0.226963 -0.064666 0.676744 0.466201 0.569802 0 
0.103175 0.227311 -0.064601 0.680055 0.469522 0.563093 0 
0.103312 0.226455 -0.0643605 0.68039 0.456379 0.5734 0 
0.103347 0.226689 -0.0645449 0.676744 0.466201 0.569802 0 
0.0780958 0.191498 -0.0321547 -0.353623 -0.594804 -0.721913 0 
0.0785428 0.192898 -0.0322448 -0.287493 -0.573398 -0.767178 0 
0.0784572 0.192868 -0.0321364 -0.288195 -0.574798 -0.765866 0 
0.0784921 0.193102 -0.0323208 -0.273925 -0.574768 -0.771107 0 
0.0786323 0.193094 -0.0323045 -0.273925 -0.574768 -0.771107 0 
0.0787372 0.193535 -0.0323768 -0.255884 -0.579271 -0.773931 0 
0.0782512 0.192154 -0.031943 -0.345778 -0.58279 -0.735387 0 
0.0782977 0.192466 -0.032189 -0.294908 -0.578658 -0.760385 0 
0.078772 0.193769 -0.0325612 -0.249393 -0.57878 -0.776413 0 
0.0790836 0.19382 -0.0327618 -0.23162 -0.582937 -0.778804 0 
0.0788809 0.193955 -0.0327926 -0.23162 -0.582937 -0.778804 0 
0.0792041 0.194084 -0.0330547 -0.224631 -0.580942 -0.782335 0 
0.0792508 0.194135 -0.0328196 -0.23162 -0.582937 -0.778804 0 
0.0794181 0.19429 -0.0335664 -0.214998 -0.586216 -0.781106 0 
0.0791727 0.194278 -0.0333025 -0.217945 -0.585824 -0.780583 0 
0.0789507 0.194423 -0.0331615 -0.217945 -0.585824 -0.780583 0 
0.079196 0.194434 -0.0334255 -0.217945 -0.585824 -0.780583 0 
0.0792581 0.19457 -0.0338921 -0.208202 -0.587592 -0.781913 0 
0.0786777 0.194612 -0.0337856 -0.217945 -0.585824 -0.780583 0 
0.0797256 0.194438 -0.034297 -0.194339 -0.579956 -0.791128 0 
0.0797486 0.195014 -0.0342119 -0.173835 -0.578947 -0.796619 0 
0.0796708 0.194896 -0.0342138 -0.187402 -0.574394 -0.796839 0 
0.0798573 0.195621 -0.0342353 -0.0974015 -0.594585 -0.798111 0 
0.0797562 0.195346 -0.0341142 -0.151203 -0.57936 -0.800924 0 
0.0796467 0.195843 -0.0341558 -0.0974015 -0.594585 -0.798111 0 
0.079814 0.196157 -0.0342136 -0.0946293 -0.60126 -0.79343 0 
0.0778154 0.191831 -0.0308092 -0.38032 -0.600938 -0.703015 0 
0.0772934 0.19216 -0.02984 -0.390512 -0.601421 -0.696989 0 
0.0777101 0.192231 -0.0303209 -0.390512 -0.601421 -0.696989 0 
0.0775114 0.192111 -0.030511 -0.390512 -0.601421 -0.696989 0 
0.0776049 0.192053 -0.0307298 -0.38032 -0.600938 -0.703015 0 
0.0775971 0.1923 -0.0299303 -0.390512 -0.601421 -0.696989 0 
0.0774218 0.192335 -0.0302433 -0.402254 -0.597588 -0.693599 0 
0.0773358 0.192567 -0.0306159 -0.372789 -0.596135 -0.711092 0 
0.0779792 0.191558 -0.0311239 -0.372789 -0.596135 -0.711092 0 
0.0779362 0.191674 -0.0313102 -0.372789 -0.596135 -0.711092 0 
0.0780489 0.192026 -0.0314928 -0.353623 -0.594804 -0.721913 0 
0.0777606 0.19213 -0.0314152 -0.353623 -0.594804 -0.721913 0 
0.0777063 0.191907 -0.0310589 -0.372789 -0.596135 -0.711092 0 
0.0780059 0.192142 -0.0316791 -0.345778 -0.58279 -0.735387 0 
0.0777838 0.192286 -0.0315381 -0.345778 -0.58279 -0.735387 0 
0.0775074 0.192207 -0.0310409 -0.372789 -0.596135 -0.711092 0 
0.0775422 0.192441 -0.0312253 -0.353623 -0.594804 -0.721913 0 
0.0775655 0.192597 -0.0313483 -0.345778 -0.58279 -0.735387 0 
0.0771531 0.192168 -0.0298564 -0.390512 -0.601421 -0.696989 0 
0.0782467 0.193091 -0.0320569 -0.288195 -0.574798 -0.765866 0 
0.0774056 0.193035 -0.0309848 -0.345778 -0.58279 -0.735387 0 
0.0782699 0.193247 -0.0321799 -0.287493 -0.573398 -0.767178 0 
0.0784567 0.193551 -0.0324094 -0.273925 -0.574768 -0.771107 0 
0.0783165 0.193559 -0.0324258 -0.273925 -0.574768 -0.771107 0 
0.0784799 0.193707 -0.0325324 -0.252946 -0.579734 -0.774549 0 
0.0781186 0.192494 -0.0318617 -0.320241 -0.580939 -0.748302 0 
0.0778225 0.192687 -0.0316737 -0.335543 -0.581932 -0.740788 0 
0.0774757 0.192663 -0.0317697 -0.345778 -0.58279 -0.735387 0 
0.0781418 0.19265 -0.0319846 -0.302902 -0.581764 -0.754851 0 
0.0773042 0.193023 -0.0313448 -0.345778 -0.58279 -0.735387 0 
0.0783396 0.193715 -0.0325487 -0.255884 -0.579271 -0.773931 0 
0.0786588 0.194099 -0.0326517 -0.23162 -0.582937 -0.778804 0 
0.0818112 0.197326 -0.0360935 -0.760893 0.129545 -0.635815 0 
0.081815 0.197492 -0.0360446 -0.755873 0.123256 -0.643012 0 
0.081994 0.197884 -0.0361639 -0.774793 0.119997 -0.620723 0 
0.0818924 0.198293 -0.0363159 -0.857869 0.182873 -0.480228 0 
0.0814057 0.198015 -0.0359471 -0.759199 0.113954 -0.640805 0 
0.0846799 0.19988 -0.0386547 -0.744746 0.608182 -0.274714 0 
0.0830911 0.19987 -0.0360402 -0.8456 0.292173 -0.446761 0 
0.082869 0.200014 -0.0358992 -0.842561 0.263397 -0.469801 0 
0.0832079 0.199967 -0.036382 -0.843018 0.305846 -0.442468 0 
0.0828301 0.199875 -0.0362447 -0.855225 0.287122 -0.431451 0 
0.0828493 0.200286 -0.0362085 -0.831063 0.267735 -0.487495 0 
0.0824179 0.19855 -0.0370282 -0.889504 0.288528 -0.354307 0 
0.0828231 0.198861 -0.0360694 -0.83057 0.258296 -0.493393 0 
0.0825893 0.198927 -0.0358669 -0.803345 0.236824 -0.546398 0 
0.0829903 0.199175 -0.0361271 -0.821503 0.279031 -0.497267 0 
0.0827682 0.199319 -0.0359862 -0.815263 0.27697 -0.508561 0 
0.08322 0.199205 -0.0368595 -0.862474 0.327463 -0.385884 0 
0.0833054 0.199655 -0.0367599 -0.84735 0.331166 -0.415124 0 
0.0826514 0.198904 -0.0370226 -0.878599 0.285809 -0.382591 0 
0.0824528 0.198784 -0.0372126 -0.883472 0.296497 -0.36272 0 
0.0821328 0.199503 -0.0371747 -0.876039 0.260851 -0.405601 0 
0.083453 0.2004 -0.0364379 -0.818979 0.337413 -0.464141 0 
0.0839002 0.201221 -0.0374251 -0.742151 0.511771 -0.432784 0 
0.0812624 0.196912 -0.0352582 -0.0176175 -0.513619 -0.857838 0 
0.0815194 0.197002 -0.0355836 -0.677098 0.0153569 -0.735733 0 
0.0811416 0.19691 -0.0354464 -0.0681986 -0.488525 -0.869881 0 
0.0805698 0.19592 -0.0346962 0.0438216 -0.614915 -0.787374 0 
0.0805385 0.196114 -0.0349439 0.0438216 -0.614915 -0.787374 0 
0.0802931 0.196102 -0.03468 0.0264869 -0.611987 -0.790425 0 
0.0807528 0.196058 -0.0349746 0.0438216 -0.614915 -0.787374 0 
0.0806982 0.196096 -0.0350994 0.0408568 -0.618487 -0.784732 0 
0.0807993 0.19637 -0.0352205 0.0854865 -0.61869 -0.78097 0 
0.0803163 0.196258 -0.034803 0.0438216 -0.614915 -0.787374 0 
0.0803629 0.196571 -0.0350489 0.0643696 -0.619379 -0.782449 0 
0.0800083 0.196635 -0.0350346 0.0408568 -0.618487 -0.784732 0 
0.0809549 0.196606 -0.0352168 0.123023 -0.626974 -0.769265 0 
0.080585 0.196426 -0.0351899 0.0854865 -0.61869 -0.78097 0 
0.0806198 0.19666 -0.0353743 0.0854865 -0.61869 -0.78097 0 
0.0803861 0.196727 -0.0351718 0.0854865 -0.61869 -0.78097 0 
0.0806547 0.196894 -0.0355588 0.0376261 -0.569966 -0.820807 0 
0.081531 0.19708 -0.0356451 -0.6479 -0.00971156 -0.761664 0 
0.0811103 0.197104 -0.0356942 -0.603554 -0.0494716 -0.795786 0 
0.0812816 0.197164 -0.0359111 -0.671016 0.0238148 -0.74106 0 
0.0816007 0.197548 -0.036014 -0.735815 0.0859665 -0.671704 0 
0.081036 0.197414 -0.0361282 -0.645448 -0.00137622 -0.763803 0 
0.0808766 0.197171 -0.0354917 -0.492989 -0.135245 -0.859459 0 
0.0810595 0.197308 -0.0357701 -0.737682 0.104542 -0.667006 0 
0.0806895 0.197128 -0.0357432 -0.279038 -0.329236 -0.902076 0 
0.0804909 0.197008 -0.0359332 -0.277141 -0.345315 -0.896633 0 
0.0808604 0.19787 -0.0362332 -0.830715 0.162564 -0.532433 0 
0.0820128 0.198398 -0.0372979 -0.896806 0.280159 -0.342417 0 
0.0822425 0.198586 -0.0373411 -0.893599 0.278041 -0.352384 0 
0.0845389 0.20099 -0.0387361 -0.693823 0.641827 -0.326601 0 
0.0843752 0.201263 -0.0384215 -0.691454 0.629338 -0.354718 0 
0.0849283 0.20116 -0.0389348 -0.70954 0.64227 -0.289902 0 
0.0852083 0.201985 -0.0384861 -0.704675 0.599549 -0.37944 0 
0.0847057 0.202145 -0.0383778 -0.401199 0.886783 -0.229468 0 
0.0848189 0.201815 -0.0382873 -0.422819 0.86837 -0.259147 0 
0.0845859 0.20062 -0.038709 -0.729036 0.609944 -0.310605 0 
0.0839937 0.201005 -0.038333 -0.715702 0.591232 -0.371772 0 
0.0837212 0.200512 -0.0386841 -0.769969 0.537526 -0.343823 0 
0.0842663 0.200918 -0.0388791 -0.739576 0.587453 -0.328521 0 
0.0847997 0.201088 -0.0397017 -0.855323 0.367898 -0.364793 0 
0.0842812 0.201845 -0.0391648 -0.755519 0.579071 -0.306378 0 
0.0858309 0.202454 -0.0405386 -0.821916 0.441839 0.359489 0 
0.0852935 0.202856 -0.0381785 -0.600511 0.747055 -0.285123 0 
0.0847522 0.202457 -0.0386237 -0.215268 0.969343 -0.118461 0 
0.0852427 0.202901 -0.0389436 -0.719285 0.659995 -0.216878 0 
0.0847252 0.201977 -0.0392388 -0.694381 0.6754 -0.248332 0 
0.0846468 0.202541 -0.0395136 -0.855678 0.475044 -0.205303 0 
0.0855348 0.202805 -0.0396615 -0.739132 0.665366 0.104747 0 
0.0855425 0.202558 -0.0404609 -0.831565 0.495237 0.251475 0 
0.0856477 0.202736 -0.0400521 -0.768567 0.593252 0.239492 0 
0.0855696 0.203039 -0.0398459 -0.740252 0.637827 0.212609 0 
0.0853088 0.202624 -0.0402585 -0.842693 0.529734 0.0961847 0 
0.0851608 0.20272 -0.0401645 -0.867652 0.495997 0.0341595 0 
0.0857801 0.202975 -0.0392363 -0.671197 0.739599 0.0498766 0 
0.0855815 0.202855 -0.0394263 -0.704179 0.707059 0.0648018 0 
0.0854608 0.202853 -0.0396145 -0.735323 0.674886 0.0618765 0 
0.085371 0.203077 -0.0393468 -0.713998 0.70008 -0.00974266 0 
0.0855854 0.20318 -0.0386884 -0.643773 0.751819 -0.142561 0 
0.0852775 0.203135 -0.039128 -0.678558 0.732843 -0.049999 0 
0.08504 0.202877 -0.0396635 -0.794268 0.606557 -0.0350206 0 
0.0849038 0.202631 -0.0398391 -0.875585 0.457395 -0.155369 0 
0.0848571 0.202739 -0.0393851 -0.859627 0.413667 -0.29987 0 
0.0850172 0.20188 -0.0399566 -0.864775 0.424028 -0.269007 0 
0.0843901 0.202031 -0.0393962 -0.797126 0.531944 -0.285703 0 
0.0841339 0.201155 -0.0376276 -0.712995 0.567418 -0.411916 0 
0.0837523 0.200739 -0.0382283 -0.780696 0.496219 -0.379842 0 
0.0845999 0.203069 -0.0388516 -0.355414 0.934701 0.00379446 0 
0.0846 0.202649 -0.0390597 -0.666477 0.721888 -0.186244 0 
0.0870676 0.205375 -0.0411527 -0.377568 0.671048 0.638073 0 
0.0862064 0.205854 -0.0408709 -0.370385 0.656816 0.656816 0 
0.0858735 0.2026 -0.0408333 -0.834353 0.402193 0.376957 0 
0.0860213 0.202766 -0.0414084 -0.893786 0.394792 0.212806 0 
0.0861146 0.203128 -0.0414192 -0.82401 0.420737 0.379457 0 
0.0860328 0.203422 -0.0405727 -0.716806 0.435381 0.54464 0 
0.0857718 0.203587 -0.0400881 -0.728693 0.5238 0.441181 0 
0.0858066 0.203821 -0.0402726 -0.733901 0.417251 0.535995 0 
0.0856942 0.203048 -0.040298 -0.76565 0.501183 0.403232 0 
0.0855148 0.203497 -0.0397627 -0.704848 0.650506 0.282898 0 
0.0856159 0.203771 -0.0398838 -0.731323 0.591869 0.338906 0 
0.0856507 0.204005 -0.0400683 -0.724461 0.482421 0.492368 0 
0.0861182 0.203873 -0.0404732 -0.723031 0.406808 0.558331 0 
0.0861531 0.204107 -0.0406576 -0.682324 0.442092 0.582227 0 
0.0858455 0.203801 -0.0406162 -0.716 0.396681 0.574446 0 
0.0863868 0.204041 -0.0408601 -0.65148 0.453859 0.607936 0 
0.0859426 0.204329 -0.0405781 -0.682018 0.409875 0.605685 0 
0.0861879 0.204341 -0.0408421 -0.61222 0.474681 0.632348 0 
0.0856001 0.20363 -0.0410414 -0.768706 0.354414 0.53243 0 
0.0856585 0.2036 -0.0415568 -0.828536 0.31168 0.465171 0 
0.0857559 0.204025 -0.0403486 -0.72398 0.379228 0.576229 0 
0.0853004 0.203236 -0.0411103 -0.879686 0.301304 0.367924 0 
0.0867135 0.204598 -0.0415544 -0.453513 0.594085 0.664371 0 
0.0871652 0.204484 -0.0424278 0.521363 0.481387 0.70459 0 
0.0867367 0.204754 -0.0416774 -0.262302 0.659729 0.704241 0 
0.0864216 0.204275 -0.0410446 -0.600161 0.47912 0.640508 0 
0.0863825 0.204557 -0.041182 -0.555843 0.49203 0.670034 0 
0.0864173 0.204791 -0.0413664 -0.46979 0.550039 0.690474 0 
0.085985 0.204737 -0.041354 -0.480859 0.477554 0.735334 0 
0.0862923 0.205463 -0.0411874 -0.287023 0.646203 0.707135 0 
0.0860896 0.205439 -0.0419073 -0.0881736 0.582524 0.808017 0 
0.0856496 0.205211 -0.0413035 -0.29699 0.5511 0.779798 0 
0.0860196 0.205391 -0.0413304 -0.182148 0.622978 0.760737 0 
0.0856845 0.205445 -0.0414879 -0.129021 0.606548 0.784508 0 
0.085918 0.205799 -0.0414824 -0.113779 0.627998 0.769852 0 
0.0901292 0.210191 -0.0448729 -0.814553 0.508118 -0.279856 0 
0.090394 0.210193 -0.0453087 -0.64352 0.76462 -0.0352035 0 
0.0904289 0.210427 -0.0454931 -0.600593 0.79941 -0.0151874 0 
0.090176 0.210083 -0.0453269 -0.415245 0.892705 0.175069 0 
0.0877798 0.206095 -0.0414055 -0.261847 0.690324 0.674455 0 
0.0883405 0.206167 -0.0425102 0.222744 0.250414 0.942167 0 
0.0880639 0.206507 -0.041805 -0.208021 0.5117 0.833601 0 
0.0876237 0.2067 -0.0409931 -0.503271 0.617727 0.604262 0 
0.0876307 0.207239 -0.0432358 0.193031 0.238927 0.951658 0 
0.0889391 0.207899 -0.0431266 -0.361479 0.539786 0.76024 0 
0.0889507 0.207977 -0.0431881 -0.383772 0.543814 0.746315 0 
0.0885922 0.208296 -0.0430146 0.364584 -0.00635163 0.931149 0 
0.0871197 0.208169 -0.0432902 -0.1553 0.522105 0.838623 0 
0.0868448 0.205884 -0.0426629 0.242987 0.369635 0.896843 0 
0.0877911 0.206118 -0.0433262 0.347306 0.118493 0.930235 0 
0.0871018 0.205974 -0.0429884 0.312906 0.263424 0.912523 0 
0.0871213 0.206123 -0.0424711 0.193451 0.359676 0.912803 0 
0.0869226 0.206003 -0.0426611 0.232792 0.367489 0.900422 0 
0.0871794 0.206513 -0.0427784 0.285263 0.170612 0.943142 0 
0.0873624 0.206651 -0.0430569 0.355809 0.087274 0.930475 0 
0.0867821 0.206272 -0.0431585 0.175561 0.305504 0.935866 0 
0.0870199 0.205952 -0.0435201 0.342219 0.178855 0.922441 0 
0.0868135 0.206237 -0.0422216 -0.0344238 0.521865 0.852333 0 
0.086245 0.205937 -0.0423847 -0.00951858 0.539839 0.841714 0 
0.0866889 0.206069 -0.0424586 0.0789644 0.453006 0.888003 0 
0.0864201 0.206321 -0.0418637 -0.119349 0.587903 0.800079 0 
0.0859722 0.205865 -0.0425277 -0.0149007 0.518815 0.854757 0 
0.0859994 0.206345 -0.0419128 -0.116446 0.59992 0.791541 0 
0.0866846 0.206585 -0.0427805 0.0461107 0.380742 0.923531 0 
0.0876701 0.206536 -0.0433063 0.259599 0.168134 0.950967 0 
0.0887478 0.208532 -0.0430109 0.374219 -0.0167177 0.92719 0 
0.0875867 0.208878 -0.0432791 -0.444741 0.697927 0.56134 0 
0.0883923 0.20996 -0.0435426 -0.779928 0.623658 0.0525634 0 
0.0876681 0.209424 -0.0437094 0.398496 -0.0302488 0.916671 0 
0.0897126 0.21012 -0.044392 -0.781071 0.62345 -0.0351834 0 
0.0894281 0.21039 -0.0442656 -0.783326 0.620775 -0.0322299 0 
0.089023 0.210396 -0.0438462 -0.821932 0.569452 0.0123496 0 
0.0887349 0.21008 -0.0439765 -0.819033 0.573732 0.00408835 0 
0.0885517 0.210204 -0.0441792 -0.819033 0.573732 0.00408835 0 
0.0883453 0.21033 -0.0435698 -0.800158 0.599071 0.0293252 0 
0.0885747 0.21078 -0.0440941 -0.808283 0.588716 0.00960608 0 
0.0883759 0.211081 -0.0440761 -0.784735 0.619817 0.00412295 0 
0.0878078 0.20994 -0.0446553 -0.730842 0.674963 0.101465 0 
0.0880059 0.2109 -0.0440492 -0.812769 0.582507 0.00959424 0 
0.0878073 0.21078 -0.0442392 -0.806312 0.591296 -0.0151614 0 
0.087363 0.211069 -0.0439572 -0.764352 0.644617 -0.0153149 0 
0.0904794 0.210485 -0.0458983 -0.581974 0.813113 0.0123824 0 
0.0903197 0.210503 -0.0457428 -0.588186 0.808584 -0.0151523 0 
0.090343 0.210659 -0.0458657 -0.581974 0.813113 0.0123824 0 
0.0905143 0.210719 -0.0460827 -0.535905 0.843323 0.0401582 0 
0.0908453 0.210761 -0.0464551 -0.502829 0.859767 0.0892345 0 
0.0912501 0.211175 -0.0466665 -0.504752 0.862342 0.0398851 0 
0.0906816 0.211033 -0.0461405 -0.532096 0.84493 0.0544666 0 
0.0908566 0.211259 -0.0463085 -0.510592 0.857515 0.0629497 0 
0.0908922 0.21039 -0.046428 -0.497276 0.865732 0.056792 0 
0.0900822 0.210244 -0.0462783 -0.596986 0.801983 -0.0207768 0 
0.0901095 0.210305 -0.0458713 -0.649575 0.759481 -0.0352264 0 
0.0895834 0.210571 -0.0461211 -0.561683 0.826496 0.0376314 0 
0.0894239 0.210168 -0.0461737 -0.697079 0.714326 -0.0618029 0 
0.0893847 0.210451 -0.0463112 -0.647263 0.761897 -0.0237656 0 
0.0900503 0.211279 -0.04611 -0.570691 0.82097 0.0178771 0 
0.0894312 0.210763 -0.0465571 -0.657576 0.752917 -0.0266395 0 
0.0931543 0.21172 -0.0480546 -0.196148 0.736712 0.647133 0 
0.0925228 0.212386 -0.047816 -0.16858 0.757849 0.630275 0 
0.0922659 0.212297 -0.0474906 -0.122615 0.796262 0.592395 0 
0.0923008 0.212531 -0.0476751 -0.142176 0.770741 0.621083 0 
0.0920789 0.212254 -0.0477421 -0.135405 0.784161 0.605604 0 
0.0914987 0.211876 -0.0478437 -0.227427 0.837971 0.496066 0 
0.0909299 0.212155 -0.0471097 -0.439957 0.875469 0.19998 0 
0.0906729 0.212065 -0.0467842 -0.470263 0.869185 0.152872 0 
0.0916622 0.212183 -0.0472612 -0.387839 0.892176 0.231523 0 
0.0913896 0.212111 -0.0474043 -0.36041 0.882174 0.303106 0 
0.091436 0.212423 -0.0476502 -0.241037 0.83058 0.502033 0 
0.0907235 0.212123 -0.0471894 -0.4329 0.879098 0.199459 0 
0.0904549 0.211955 -0.0468024 -0.444085 0.874891 0.193273 0 
0.0910893 0.212399 -0.0477462 -0.230319 0.837386 0.49572 0 
0.092402 0.212226 -0.0486933 -0.139662 0.72234 0.677288 0 
0.0924914 0.212422 -0.0487529 -0.133282 0.744283 0.65443 0 
0.0923472 0.212843 -0.047921 -0.169031 0.753786 0.635008 0 
0.0922462 0.212569 -0.0477999 -0.142176 0.770741 0.621083 0 
0.0919657 0.212585 -0.0478326 -0.142176 0.770741 0.621083 0 
0.0923042 0.212959 -0.0481073 -0.188956 0.738924 0.646751 0 
0.0920786 0.212675 -0.0475341 -0.167777 0.784469 0.597043 0 
0.0920589 0.212947 -0.0478434 -0.172048 0.750615 0.637947 0 
0.0914709 0.212657 -0.0478346 -0.123198 0.773325 0.621925 0 
0.0915798 0.212843 -0.0480661 -0.16537 0.754025 0.635687 0 
0.0917627 0.212981 -0.0483445 -0.166206 0.721242 0.672448 0 
0.0915133 0.213223 -0.0479214 -0.185255 0.754798 0.629254 0 
0.0917625 0.213401 -0.0481365 -0.195806 0.732346 0.652173 0 
0.0918325 0.213449 -0.0487134 -0.165534 0.745664 0.645432 0 
0.0930282 0.213598 -0.0491107 -0.132616 0.767387 0.62732 0 
0.0932227 0.213814 -0.0494506 -0.116911 0.771018 0.62599 0 
0.0919414 0.213635 -0.0489448 -0.145914 0.744615 0.65135 0 
0.0921981 0.214145 -0.0490622 -0.110741 0.763375 0.636392 0 
0.0921476 0.213928 -0.0493462 -0.0922201 0.748008 0.657252 0 
0.0939002 0.2143 -0.0495189 -0.0675788 0.774999 0.628339 0 
0.0933081 0.214264 -0.049351 -0.107494 0.770128 0.628766 0 
0.0936781 0.214445 -0.049378 -0.11051 0.776517 0.62033 0 
0.0930979 0.214066 -0.0494796 -0.0889478 0.765535 0.637217 0 
0.093935 0.214534 -0.0497034 -0.0556297 0.765978 0.640455 0 
0.0934014 0.214627 -0.0493618 -0.110608 0.771307 0.626779 0 
0.093713 0.214679 -0.0495625 -0.0826018 0.769501 0.633281 0 
0.0931093 0.214565 -0.049333 -0.0981613 0.769174 0.631455 0 
0.0931441 0.214799 -0.0495175 -0.0828479 0.763073 0.640981 0 
0.0929807 0.214651 -0.0494108 -0.0765868 0.764423 0.64015 0 
0.0928558 0.214903 -0.0494398 -0.0181633 0.750285 0.660865 0 
0.0924393 0.214252 -0.0498561 -0.0125347 0.742335 0.669912 0 
0.092381 0.214283 -0.0493406 -0.067791 0.751471 0.656275 0 
0.0924159 0.214517 -0.0495251 -0.0558382 0.751669 0.657173 0 
0.0924507 0.214751 -0.0497095 -0.0382443 0.746472 0.664317 0 
0.0920892 0.213959 -0.0488308 -0.132864 0.753893 0.643422 0 
0.0917417 0.214879 -0.0496809 -0.0382443 0.746472 0.664317 0 
0.0896107 0.210631 -0.0457142 -0.524911 0.848583 0.0661416 0 
0.0898052 0.210847 -0.0460541 -0.631566 0.775292 -0.00690991 0 
0.0894161 0.210257 -0.0460634 -0.589608 0.807053 0.0320591 0 
0.0898285 0.211003 -0.0461771 -0.608975 0.793179 0.00412398 0 
0.089875 0.211315 -0.046423 -0.574397 0.817573 0.0405292 0 
0.0901631 0.211631 -0.0462926 -0.551722 0.829732 0.0845495 0 
0.0897774 0.211469 -0.0467341 -0.573879 0.815962 0.0697769 0 
0.0899447 0.211783 -0.0467919 -0.520595 0.844326 0.126868 0 
0.0945766 0.215992 -0.0508225 0.289321 0.618603 0.730495 0 
0.0948219 0.216004 -0.0510865 0.321341 0.589395 0.741184 0 
0.0939891 0.215179 -0.0498517 -0.0124776 0.766682 0.641906 0 
0.094024 0.215413 -0.0500361 0.0153012 0.755325 0.655172 0 
0.0937592 0.215411 -0.0496003 -0.0410167 0.759515 0.649195 0 
0.0943472 0.215542 -0.0502982 0.0800201 0.73473 0.673624 0 
0.09648 0.217323 -0.0536538 0.372617 0.54184 0.75337 0 
0.0962073 0.21741 -0.0531078 0.403356 0.548235 0.732627 0 
0.0961682 0.217692 -0.0532452 0.402133 0.54329 0.73697 0 
0.0955963 0.216702 -0.0524949 0.384957 0.548768 0.742066 0 
0.0969937 0.217923 -0.0540966 0.372089 0.534574 0.758802 0 
0.0968962 0.218236 -0.0537187 0.376734 0.536561 0.755099 0 
0.0967481 0.218332 -0.0536246 0.376734 0.536561 0.755099 0 
0.0973712 0.218436 -0.0540259 0.372617 0.54184 0.75337 0 
0.0973945 0.218592 -0.0541488 0.372617 0.54184 0.75337 0 
0.097352 0.218025 -0.0540621 0.372089 0.534574 0.758802 0 
0.0970866 0.218547 -0.0545885 0.372455 0.528594 0.762801 0 
0.0969426 0.218548 -0.0539646 0.372089 0.534574 0.758802 0 
0.0969037 0.218568 -0.053621 0.386972 0.53719 0.749453 0 
0.0971531 0.218325 -0.0540441 0.372089 0.534574 0.758802 0 
0.0966935 0.21837 -0.0537495 0.376734 0.536561 0.755099 0 
0.097188 0.21856 -0.0542285 0.368641 0.537534 0.758394 0 
0.0969737 0.218616 -0.0541979 0.38019 0.533571 0.755485 0 
0.0956648 0.218796 -0.053891 0.372089 0.534574 0.758802 0 
0.0959645 0.21919 -0.0538221 0.386133 0.526249 0.757603 0 
0.0954078 0.218706 -0.0535656 0.40518 0.523289 0.749665 0 
0.0973552 0.218715 -0.0549754 0.372089 0.534574 0.758802 0 
0.0974487 0.218657 -0.0551942 0.376999 0.540202 0.752366 0 
0.0970242 0.218673 -0.054603 0.368373 0.533898 0.761088 0 
0.0975806 0.219419 -0.0553406 0.413553 0.548658 0.726601 0 
0.0965409 0.219402 -0.0537694 0.389566 0.523224 0.757941 0 
0.0956054 0.220032 -0.0546108 0.372617 0.54184 0.75337 0 
0.0965868 0.22008 -0.0556665 0.425239 0.544372 0.723071 0 
0.0970697 0.220191 -0.0560841 0.413553 0.548658 0.726601 0 
0.0973266 0.220281 -0.0564095 0.410071 0.551701 0.72627 0 
0.0974355 0.220467 -0.056641 0.413553 0.548658 0.726601 0 
0.0976925 0.220557 -0.0569664 0.417779 0.543278 0.728224 0 
0.0975052 0.220935 -0.0570099 0.397236 0.568658 0.7203 0 
0.0978203 0.221415 -0.0576427 0.353623 0.594804 0.721913 0 
0.0950988 0.215243 -0.0519998 0.359155 0.547671 0.755688 0 
0.0952699 0.215723 -0.0520086 0.363108 0.551989 0.75064 0 
0.0949038 0.21571 -0.0519329 0.359155 0.547671 0.755688 0 
0.0948805 0.215554 -0.0518099 0.355275 0.556435 0.751106 0 
0.0947913 0.214937 -0.0519583 0.330885 0.576224 0.747316 0 
0.0946582 0.216118 -0.0514609 0.334994 0.57127 0.749286 0 
0.0946933 0.215932 -0.0518534 0.359155 0.547671 0.755688 0 
0.0952931 0.215879 -0.0521317 0.363108 0.551989 0.75064 0 
0.0949386 0.215944 -0.0521173 0.370061 0.546125 0.751533 0 
0.0951721 0.216298 -0.0521118 0.369402 0.548407 0.750195 0 
0.0949735 0.216178 -0.0523018 0.369402 0.548407 0.750195 0 
0.0947165 0.216088 -0.0519764 0.359155 0.547671 0.755688 0 
0.0945644 0.21628 -0.0524123 0.370061 0.546125 0.751533 0 
0.0939699 0.214768 -0.0498879 -0.00971156 0.761664 0.6479 0 
0.0936113 0.215087 -0.0497143 -0.0469355 0.760924 0.647141 0 
0.092898 0.215731 -0.0500077 -0.0859533 0.759012 0.645378 0 
0.0924973 0.215063 -0.0499555 -0.015313 0.747552 0.664027 0 
0.0923178 0.215353 -0.0501093 0.104884 0.710554 0.695782 0 
0.0927888 0.215807 -0.0502573 0.114115 0.70692 0.698028 0 
0.0926018 0.215765 -0.0505088 0.216499 0.668186 0.711797 0 
0.0926367 0.215999 -0.0506932 0.308018 0.620875 0.72086 0 
0.0921341 0.216318 -0.0498959 0.136497 0.703482 0.697482 0 
0.0921768 0.216463 -0.0501907 0.279143 0.639636 0.716201 0 
0.0934076 0.216268 -0.0516696 0.375533 0.531599 0.759195 0 
0.0931157 0.215944 -0.0511597 0.378844 0.569086 0.729807 0 
0.0935511 0.217109 -0.0518774 0.359155 0.547671 0.755688 0 
0.0934425 0.216502 -0.0518539 0.359155 0.547671 0.755688 0 
0.0935008 0.216472 -0.0523694 0.359155 0.547671 0.755688 0 
0.0935005 0.216892 -0.0521614 0.359155 0.547671 0.755688 0 
0.0930096 0.217289 -0.0514255 0.380052 0.543165 0.748687 0 
0.0924414 0.217044 -0.0497293 0.203349 0.68766 0.696974 0 
0.0927527 0.217199 -0.0511 0.376586 0.546131 0.748281 0 
0.0964064 0.216531 -0.0540229 0.37287 0.545464 0.750624 0 
0.0966712 0.216532 -0.0544586 0.368373 0.533898 0.761088 0 
0.0946487 0.218094 -0.0528588 0.388442 0.558897 0.73263 0 
0.0944269 0.217818 -0.0529259 0.370096 0.55922 0.741823 0 
0.0944617 0.218052 -0.0531103 0.395896 0.547027 0.737583 0 
0.0934578 0.216429 -0.0532448 0.369402 0.548407 0.750195 0 
0.0932316 0.216669 -0.0536337 0.376586 0.546131 0.748281 0 
0.0953616 0.217974 -0.0535277 0.409325 0.540835 0.734813 0 
0.0952716 0.21846 -0.0537411 0.416094 0.521351 0.745022 0 
0.0949057 0.218184 -0.0531843 0.402133 0.54329 0.73697 0 
0.0953413 0.218928 -0.05411 0.376182 0.529261 0.760507 0 
0.0940886 0.217182 -0.0521701 0.369402 0.548407 0.750195 0 
0.0940999 0.217522 -0.0527127 0.376586 0.546131 0.748281 0 
0.093445 0.218453 -0.0521432 0.370305 0.549748 0.748767 0 
0.0925808 0.217663 -0.0518452 0.384454 0.541507 0.74764 0 
0.0956021 0.219184 -0.0543866 0.386133 0.526249 0.757603 0 
0.0956602 0.219574 -0.054694 0.372357 0.53821 0.756096 0 
0.0952046 0.219364 -0.0545586 0.386133 0.526249 0.757603 0 
0.095029 0.21982 -0.0546636 0.372089 0.534574 0.758802 0 
0.0957183 0.219964 -0.0550014 0.358515 0.54994 0.754342 0 
0.0971512 0.220317 -0.0567225 0.413791 0.552271 0.723722 0 
0.0946312 0.220421 -0.0546275 0.370061 0.546125 0.751533 0 
