0.0907 0.2218 -0.0145 -0.191703 0.930527 0.312041 2 
0.0913 0.2216 -0.0148 -0.106573 0.934874 0.338605 2 
0.0912 0.2218 -0.0145 -0.144817 0.930969 0.335149 2 
0.0903 0.2213 -0.0141 -0.260428 0.926442 0.271813 2 
0.0901 0.2216 -0.0138 -0.306008 0.915124 0.2625 2 
0.0903 0.2216 -0.0142 -0.269986 0.924238 0.269986 2 
0.0903 0.2221 -0.0142 -0.230229 0.930803 0.283902 2 
0.0901 0.2218 -0.0139 -0.279802 0.92263 0.265453 2 
0.0901 0.2218 -0.0138 -0.268974 0.926464 0.263281 2 
0.0912 0.2218 -0.0139 -0.0686306 0.91642 0.394289 2 
0.09 0.2216 -0.0135 -0.337332 0.906853 0.252634 2 
0.0924 0.221 -0.0144 0.366624 0.675706 0.639537 2 
0.0823 0.2221 -0.0081 0.769176 -0.572521 0.283881 2 
0.0826 0.2224 -0.0085 0.769176 -0.572521 0.283881 2 
0.0829 0.2224 -0.0087 0.769176 -0.572521 0.283881 2 
0.0826 0.2219 -0.0082 0.769176 -0.572521 0.283881 2 
0.0826 0.2222 -0.0081 0.769176 -0.572521 0.283881 2 
0.0828 0.2224 -0.0082 0.769176 -0.572521 0.283881 2 
0.0831 0.2228 -0.0085 0.769176 -0.572521 0.283881 2 
0.0832 0.2231 -0.0085 0.769176 -0.572521 0.283881 2 
0.0828 0.2227 -0.0081 0.769176 -0.572521 0.283881 2 
0.0831 0.2231 -0.0082 0.769176 -0.572521 0.283881 2 
0.0829 0.2228 -0.0082 0.769176 -0.572521 0.283881 2 
0.0832 0.2231 -0.0081 0.769176 -0.572521 0.283881 2 
0.0829 0.2234 -0.0084 0.769176 -0.572521 0.283881 2 
0.0829 0.2233 -0.0081 0.769176 -0.572521 0.283881 2 
0.0823 0.2224 -0.0075 0.769176 -0.572521 0.283881 2 
0.0826 0.2219 -0.0078 0.769176 -0.572521 0.283881 2 
0.0826 0.2222 -0.0078 0.769176 -0.572521 0.283881 2 
0.0828 0.2224 -0.0077 0.769176 -0.572521 0.283881 2 
0.0829 0.2222 -0.0079 0.769176 -0.572521 0.283881 2 
0.0826 0.2219 -0.0076 0.769176 -0.572521 0.283881 2 
0.0826 0.2222 -0.0076 0.769176 -0.572521 0.283881 2 
0.0829 0.2225 -0.0079 0.769176 -0.572521 0.283881 2 
0.0829 0.223 -0.0079 0.769176 -0.572521 0.283881 2 
0.0829 0.2228 -0.0077 0.769176 -0.572521 0.283881 2 
0.0831 0.2231 -0.0078 0.769176 -0.572521 0.283881 2 
0.0829 0.2225 -0.0076 0.769176 -0.572521 0.283881 2 
0.0829 0.2225 -0.0073 0.769176 -0.572521 0.283881 2 
0.0828 0.2231 -0.0073 0.769176 -0.572521 0.283881 2 
0.0831 0.2228 -0.0075 0.769176 -0.572521 0.283881 2 
0.0832 0.2231 -0.0076 0.769176 -0.572521 0.283881 2 
0.0831 0.2234 -0.0076 0.769176 -0.572521 0.283881 2 
0.0832 0.2233 -0.0073 0.769176 -0.572521 0.283881 2 
0.0832 0.2236 -0.0073 0.769176 -0.572521 0.283881 2 
0.0831 0.2239 -0.0073 0.769176 -0.572521 0.283881 2 
0.0823 0.2228 -0.0069 0.769176 -0.572521 0.283881 2 
0.0831 0.2228 -0.0072 0.769176 -0.572521 0.283881 2 
0.0832 0.223 -0.0071 0.769176 -0.572521 0.283881 2 
0.0829 0.2231 -0.0066 0.769176 -0.572521 0.283881 2 
0.0832 0.2233 -0.0071 0.769176 -0.572521 0.283881 2 
0.0837 0.2221 -0.0088 0.458015 -0.248028 0.853642 2 
0.0834 0.2227 -0.0087 0.769176 -0.572521 0.283881 2 
0.0832 0.2236 -0.0087 0.769176 -0.572521 0.283881 2 
0.084 0.2237 -0.0085 0.769176 -0.572521 0.283881 2 
0.0832 0.2236 -0.0082 0.769176 -0.572521 0.283881 2 
0.0837 0.2234 -0.0081 0.769176 -0.572521 0.283881 2 
0.0847 0.2239 -0.0085 0.769176 -0.572521 0.283881 2 
0.0832 0.223 -0.0073 0.769176 -0.572521 0.283881 2 
0.0834 0.2234 -0.0079 0.769176 -0.572521 0.283881 2 
0.0834 0.2236 -0.0077 0.769176 -0.572521 0.283881 2 
0.0837 0.2234 -0.0078 0.769176 -0.572521 0.283881 2 
0.084 0.2237 -0.0079 0.769176 -0.572521 0.283881 2 
0.0835 0.2239 -0.0073 0.769176 -0.572521 0.283881 2 
0.0838 0.2239 -0.0073 0.769176 -0.572521 0.283881 2 
0.0841 0.2239 -0.0077 0.769176 -0.572521 0.283881 2 
0.0853 0.2188 -0.0002 0.894754 -0.413518 0.168577 2 
0.0856 0.2189 -0.0002 0.898983 -0.405761 0.164885 2 
0.0859 0.2191 -0.0002 -0.483303 -0.383087 0.787186 2 
0.0864 0.2198 -0.0007 0.644023 -0.593578 0.482597 2 
0.0859 0.2194 -0.0002 0.723237 -0.527947 0.445196 2 
0.0859 0.2197 -0.0002 0.644023 -0.593578 0.482597 2 
0.0861 0.2198 -0.0002 0.679241 -0.61644 0.398289 2 
0.0862 0.22 -0.0004 0.647519 -0.728654 0.223121 2 
0.0862 0.22 -0.0002 0.647519 -0.728654 0.223121 2 
0.0862 0.2203 -0.0006 0.647519 -0.728654 0.223121 2 
0.0862 0.2203 -0.0001 0.647519 -0.728654 0.223121 2 
0.0874 0.2195 -0.0004 0.647519 -0.728654 0.223121 2 
0.0874 0.2195 -0.0001 0.647519 -0.728654 0.223121 2 
0.0865 0.2201 -0.0002 0.647519 -0.728654 0.223121 2 
0.0868 0.2203 -0.0004 0.647519 -0.728654 0.223121 2 
0.0853 0.2188 0.0001 0.886762 -0.417731 0.197873 2 
0.0853 0.2188 0.0004 0.882242 -0.41211 0.227627 2 
0.0856 0.2189 0.0001 0.887273 -0.417972 0.195053 2 
0.0855 0.2191 0.0002 0.871189 -0.421251 0.252147 2 
0.0855 0.2191 0.0005 0.840687 -0.408602 0.355374 2 
0.0856 0.2189 0.0007 0.838823 -0.40922 0.359048 2 
0.0856 0.2192 0.0001 0.803827 -0.481018 0.349976 2 
0.0856 0.2195 0.0001 0.644023 -0.593578 0.482597 2 
0.0856 0.2194 0.0004 0.644023 -0.593578 0.482597 2 
0.0855 0.2197 0.0004 0.647519 -0.728654 0.223121 2 
0.0855 0.2194 0.0007 0.788918 -0.571927 0.224741 2 
0.0855 0.2195 0.0007 0.647519 -0.728654 0.223121 2 
0.0856 0.2198 0.0001 0.647519 -0.728654 0.223121 2 
0.0859 0.22 0.0001 0.647519 -0.728654 0.223121 2 
0.0858 0.2197 0.0002 0.647519 -0.728654 0.223121 2 
0.0856 0.2198 0.0005 0.647519 -0.728654 0.223121 2 
0.0859 0.2198 0.0005 0.647519 -0.728654 0.223121 2 
0.0856 0.2198 0.0007 0.647519 -0.728654 0.223121 2 
0.0859 0.22 0.0007 0.647519 -0.728654 0.223121 2 
0.0859 0.2201 0.0001 0.647519 -0.728654 0.223121 2 
0.0858 0.2201 0.0002 0.647519 -0.728654 0.223121 2 
0.0859 0.2201 0.0004 0.647519 -0.728654 0.223121 2 
0.0862 0.2203 0.0002 0.647519 -0.728654 0.223121 2 
0.0859 0.2201 0.0007 0.647519 -0.728654 0.223121 2 
0.0855 0.2195 0.0008 0.647519 -0.728654 0.223121 2 
0.085 0.2197 0.0008 0.647519 -0.728654 0.223121 2 
0.0858 0.2198 0.001 0.647519 -0.728654 0.223121 2 
0.0859 0.22 0.001 0.647519 -0.728654 0.223121 2 
0.0862 0.2198 0.0011 0.647519 -0.728654 0.223121 2 
0.0859 0.2192 0.0013 0.788918 -0.571927 0.224741 2 
0.0859 0.2195 0.0013 0.647519 -0.728654 0.223121 2 
0.0858 0.2203 0.0008 0.647519 -0.728654 0.223121 2 
0.0871 0.2207 0.0007 0.647519 -0.728654 0.223121 2 
0.0865 0.2195 0.0014 0.647519 -0.728654 0.223121 2 
0.0871 0.2204 0.001 0.647519 -0.728654 0.223121 2 
0.0742 0.2147 0.0061 -0.068749 0.996315 -0.0512889 2 
0.074 0.2147 0.0064 -0.068749 0.996315 -0.0512889 2 
0.0746 0.2147 0.006 -0.068749 0.996315 -0.0512889 2 
0.0746 0.2147 0.0064 -0.068749 0.996315 -0.0512889 2 
0.0749 0.2147 0.0064 -0.068749 0.996315 -0.0512889 2 
0.0746 0.215 0.0061 -0.068749 0.996315 -0.0512889 2 
0.0749 0.215 0.0061 -0.068749 0.996315 -0.0512889 2 
0.0749 0.215 0.0064 -0.068749 0.996315 -0.0512889 2 
0.0754 0.2151 0.0064 -0.068749 0.996315 -0.0512889 2 
0.0749 0.2141 0.0073 -0.068749 0.996315 -0.0512889 2 
0.0766 0.2144 0.0078 0.608767 0.52445 -0.595277 2 
0.0764 0.2142 0.0081 -0.0406794 0.994996 -0.0912538 2 
0.0734 0.2147 0.0076 -0.173752 0.972759 -0.15346 2 
0.0733 0.2148 0.0073 -0.346558 0.864085 -0.365041 2 
0.0734 0.2148 0.0075 -0.173752 0.972759 -0.15346 2 
0.0734 0.2147 0.0078 -0.173752 0.972759 -0.15346 2 
0.0733 0.2147 0.0081 -0.346558 0.864085 -0.365041 2 
0.0737 0.2147 0.0072 -0.068749 0.996315 -0.0512889 2 
0.0748 0.2147 0.0066 -0.068749 0.996315 -0.0512889 2 
0.0751 0.2147 0.0066 -0.068749 0.996315 -0.0512889 2 
0.0751 0.215 0.0066 -0.068749 0.996315 -0.0512889 2 
0.0748 0.2145 0.007 -0.068749 0.996315 -0.0512889 2 
0.0749 0.2145 0.0069 -0.068749 0.996315 -0.0512889 2 
0.0749 0.2147 0.0069 -0.068749 0.996315 -0.0512889 2 
0.0751 0.2144 0.0073 -0.068749 0.996315 -0.0512889 2 
0.0751 0.215 0.0073 -0.068749 0.996315 -0.0512889 2 
0.0751 0.215 0.0076 -0.068749 0.996315 -0.0512889 2 
0.0751 0.2148 0.0079 -0.068749 0.996315 -0.0512889 2 
0.0749 0.2156 0.0078 -0.068749 0.996315 -0.0512889 2 
0.0746 0.2157 0.0079 -0.068749 0.996315 -0.0512889 2 
0.0754 0.215 0.0066 -0.068749 0.996315 -0.0512889 2 
0.0757 0.215 0.0066 -0.068749 0.996315 -0.0512889 2 
0.0754 0.2154 0.0069 -0.068749 0.996315 -0.0512889 2 
0.0754 0.2154 0.0072 -0.068749 0.996315 -0.0512889 2 
0.0757 0.2156 0.0072 -0.068749 0.996315 -0.0512889 2 
0.0754 0.215 0.0075 -0.068749 0.996315 -0.0512889 2 
0.0749 0.2165 0.0073 -0.068749 0.996315 -0.0512889 2 
0.0844 0.2124 0.0188 -0.579103 0.806028 0.122304 2 
0.0844 0.2126 0.0188 -0.579857 0.807711 0.106624 2 
0.0844 0.2126 0.0189 -0.584378 0.802232 0.122175 2 
0.0846 0.2127 0.0191 -0.582032 0.804875 0.11582 2 
0.0852 0.2132 0.0191 -0.623028 0.78192 0.020907 2 
0.0855 0.2135 0.0191 -0.650966 0.756837 -0.0586585 2 
0.0844 0.2124 0.0195 -0.601712 0.784777 0.148552 2 
0.0846 0.2126 0.0192 -0.585546 0.800886 0.125369 2 
0.0846 0.2127 0.0194 -0.589568 0.800232 0.109721 2 
0.0846 0.2127 0.0198 -0.608971 0.787135 0.0978442 2 
0.0844 0.2129 0.0195 -0.597526 0.794254 0.110109 2 
0.0844 0.2132 0.0194 -0.603401 0.793494 0.0792054 2 
0.0844 0.2135 0.0198 -0.623436 0.781725 0.0152735 2 
0.0847 0.2135 0.0197 -0.641751 0.76467 -0.0586009 2 
0.0843 0.2136 0.02 -0.654592 0.755513 -0.0266322 2 
0.0853 0.2135 0.0194 -0.654696 0.746739 -0.117281 2 
0.0858 0.2132 0.0192 -0.660142 0.747194 -0.0768957 2 
0.0852 0.2136 0.0197 -0.647807 0.734388 -0.202536 2 
0.0749 0.2139 -0.0016 0.00938825 0.870425 0.492212 1 
0.0749 0.2139 -0.0013 0.00938825 0.870425 0.492212 1 
0.0752 0.2139 -0.0014 0.00938825 0.870425 0.492212 1 
0.0752 0.2141 -0.0011 -0.00398828 0.878751 0.477264 1 
0.0754 0.2142 -0.001 0.0174428 0.876168 0.481691 1 
0.0733 0.2151 -0.0029 0.746304 0.398575 -0.533074 1 
0.0731 0.2156 -0.0028 0.765161 -0.00137867 -0.643838 1 
0.0734 0.2153 -0.0025 0.744467 0.425644 -0.514389 1 
0.0731 0.2159 -0.0025 0.793384 0.0494981 -0.606705 1 
0.0733 0.2159 -0.0023 0.796953 0.0943569 -0.596626 1 
0.0734 0.2156 -0.002 0.146809 0.820057 0.553131 1 
0.0736 0.2159 -0.0019 0.817398 0.173114 -0.549448 1 
0.0733 0.216 -0.0023 0.748907 -0.06181 -0.659786 1 
0.0734 0.216 -0.002 0.803562 0.118992 -0.583206 1 
0.0734 0.2163 -0.002 0.583701 -0.259597 -0.769352 1 
0.0734 0.2162 -0.0019 0.677491 -0.175872 -0.714195 1 
0.0736 0.2165 -0.0019 0.579369 -0.238931 -0.779259 1 
0.0736 0.2162 -0.0016 0.638799 -0.23386 -0.73297 1 
0.0739 0.215 -0.002 0.0840484 0.844758 0.528508 1 
0.0737 0.2156 -0.0019 0.817398 0.173114 -0.549448 1 
0.0739 0.2153 -0.0017 0.0660809 0.850616 0.521618 1 
0.0737 0.2165 -0.0017 0.606024 -0.236459 -0.759488 1 
0.0743 0.215 -0.0014 0.0203441 0.863944 0.503176 1 
0.0749 0.2145 -0.0011 -0.00398828 0.878751 0.477264 1 
0.0749 0.2148 -0.0008 -0.00398828 0.878751 0.477264 1 
0.074 0.2154 -0.0014 0.0371226 0.859319 0.510092 1 
0.0737 0.2156 -0.0016 0.102206 0.839243 0.534064 1 
0.074 0.2159 -0.0014 0.825355 0.296 -0.480805 1 
0.0743 0.2153 -0.0011 0.00938825 0.870425 0.492212 1 
0.0743 0.2156 -0.0011 0.00938825 0.870425 0.492212 1 
0.0745 0.2156 -0.0008 0.00938825 0.870425 0.492212 1 
0.0745 0.2159 -0.001 0.229816 0.912037 0.339665 1 
0.0751 0.215 -0.0004 0.00666966 0.876393 0.48155 1 
0.0748 0.2153 -0.0007 -0.00398828 0.878751 0.477264 1 
0.0749 0.2154 -0.0005 -0.00398828 0.878751 0.477264 1 
0.0748 0.2156 -0.0007 -0.00398828 0.878751 0.477264 1 
0.0751 0.2153 -0.0002 0.0230325 0.865753 0.499942 1 
0.0751 0.2156 -0.0004 -0.00398828 0.878751 0.477264 1 
0.0752 0.2145 -0.0007 0.00666966 0.876393 0.48155 1 
0.0755 0.2147 -0.0002 0.062699 0.865246 0.497412 1 
0.0754 0.2153 -0.0002 0.031387 0.866553 0.498097 1 
0.074 0.2162 -0.0014 0.676744 -0.202868 -0.707716 1 
0.074 0.2165 -0.0016 0.565409 -0.269317 -0.779603 1 
0.0739 0.2165 -0.0014 0.60307 -0.250361 -0.757381 1 
0.0742 0.216 -0.0011 0.349019 0.87331 0.339875 1 
0.0757 0.2145 0.0004 0.0762845 0.95291 0.293501 1 
0.0755 0.215 0.0001 0.0620901 0.88168 0.467746 1 
0.0757 0.2151 0.0001 0.0736098 0.879151 0.470825 1 
0.0761 0.2147 0.0002 -0.651073 0.0558062 0.756961 1 
0.0761 0.2147 0.0004 -0.252289 0.785075 0.565692 1 
0.0763 0.2145 0.0005 -0.673764 -0.39565 0.624101 1 
0.0764 0.2147 0.0007 -0.679502 -0.370189 0.633434 1 
0.0764 0.2148 0.0005 -0.673764 -0.39565 0.624101 1 
0.0766 0.2148 0.0008 -0.68647 -0.337528 0.644075 1 
0.077 0.2148 0.0011 -0.593759 0.135419 0.793166 1 
0.0731 0.2192 -0.0038 -0.548075 -0.387742 0.741128 1 
0.073 0.2198 -0.0034 -0.548703 -0.391463 0.738702 1 
0.0733 0.2197 -0.0035 -0.573778 -0.415038 0.706061 1 
0.0733 0.22 -0.0034 -0.57322 -0.411331 0.708679 1 
0.0733 0.2204 -0.0035 -0.561108 -0.425383 0.710075 1 
0.0746 0.2183 -0.0032 -0.564966 0.262812 0.78214 1 
0.0737 0.2198 -0.0034 -0.555121 -0.461767 0.691818 1 
0.0737 0.22 -0.0034 -0.555121 -0.461767 0.691818 1 
0.074 0.2198 -0.0032 -0.591893 -0.375467 0.713223 1 
0.0748 0.2198 -0.0034 -0.527505 -0.393588 0.752879 1 
0.0731 0.2197 -0.0031 -0.573778 -0.415038 0.706061 1 
0.0734 0.2201 -0.0031 -0.578409 -0.422619 0.697737 1 
0.0736 0.2201 -0.0031 -0.569065 -0.423066 0.70511 1 
0.0743 0.2184 -0.0031 -0.580892 0.270661 0.767664 1 
0.0745 0.2188 -0.0029 -0.589747 0.292476 0.752766 1 
0.0751 0.2186 -0.0026 -0.565537 0.230863 0.791752 1 
0.0746 0.2192 -0.0023 -0.612448 0.0825284 0.786192 1 
0.0751 0.2192 -0.0019 -0.619468 0.0293653 0.784473 1 
0.0754 0.2186 -0.0022 -0.577904 0.21421 0.78749 1 
0.0737 0.2195 -0.0031 -0.563565 -0.463227 0.68397 1 
0.0737 0.2195 -0.0029 -0.582466 -0.426478 0.69199 1 
0.0737 0.2198 -0.0029 -0.590407 -0.3799 0.712107 1 
0.0737 0.2198 -0.0029 -0.590407 -0.3799 0.712107 1 
0.074 0.2198 -0.0029 -0.584245 -0.353151 0.730713 1 
0.074 0.2195 -0.0025 -0.634886 0.00137719 0.772605 1 
0.074 0.2198 -0.0026 -0.566387 -0.363989 0.739404 1 
0.0743 0.2198 -0.0025 -0.567845 -0.353072 0.743567 1 
0.0749 0.2192 -0.0029 -0.598531 -0.0642813 0.798517 1 
0.0748 0.2198 -0.0031 -0.532461 -0.394841 0.748723 1 
0.0751 0.2198 -0.0029 -0.5677 -0.334798 0.752082 1 
0.0745 0.2198 -0.0028 -0.543165 -0.380052 0.748687 1 
0.0748 0.2198 -0.0026 -0.56139 -0.356361 0.746893 1 
0.0745 0.2198 -0.0025 -0.550405 -0.380547 0.743128 1 
0.0751 0.2198 -0.0025 -0.595811 -0.303526 0.74356 1 
0.0737 0.2201 -0.0026 -0.59058 -0.361546 0.721457 1 
0.074 0.2203 -0.0025 -0.561247 -0.37471 0.737966 1 
0.0745 0.2195 -0.0022 -0.604001 -0.155142 0.781737 1 
0.0748 0.2198 -0.0023 -0.587986 -0.320573 0.742634 1 
0.0748 0.22 -0.0023 -0.581163 -0.331862 0.743046 1 
0.0746 0.2198 -0.002 -0.591496 -0.32073 0.739773 1 
0.0751 0.2198 -0.0023 -0.595228 -0.306438 0.742832 1 
0.0751 0.2197 -0.0017 -0.610612 -0.293286 0.735619 1 
0.0743 0.2201 -0.0019 -0.549748 -0.37683 0.745504 1 
0.0746 0.2201 -0.0022 -0.549748 -0.37683 0.745504 1 
0.0752 0.2198 -0.0028 -0.5785 -0.309281 0.754774 1 
0.0754 0.2198 -0.0025 -0.600509 -0.299454 0.741429 1 
0.0752 0.2194 -0.0017 -0.618174 -0.260866 0.741492 1 
0.0757 0.2197 -0.0019 -0.623026 -0.261576 0.737168 1 
0.076 0.2197 -0.0017 -0.620561 -0.265048 0.738007 1 
0.0757 0.22 -0.0017 -0.62496 -0.261059 0.735713 1 
0.0763 0.2192 -0.0022 -0.625405 -0.233547 0.74453 1 
0.0755 0.2192 -0.0016 -0.631283 -0.161984 0.758448 1 
0.076 0.2191 -0.001 -0.08404 0.899641 0.428466 1 
0.0763 0.2186 -0.0014 -0.6004 -0.16787 0.781882 1 
0.076 0.2191 -0.0013 -0.639796 -0.237369 0.73097 1 
0.0761 0.2192 -0.0008 -0.101169 0.864926 0.491597 1 
0.0766 0.2189 -0.0007 0.0492704 0.914831 0.400821 1 
0.0757 0.2192 -0.0014 -0.633627 -0.243703 0.734252 1 
0.0754 0.2198 -0.0016 -0.622507 -0.264526 0.736554 1 
0.0755 0.2197 -0.0014 -0.62496 -0.261059 0.735713 1 
0.0757 0.2198 -0.001 -0.633174 -0.254217 0.731071 1 
0.0763 0.22 -0.0014 -0.61649 -0.275588 0.737558 1 
0.0761 0.2192 -0.0011 -0.618139 -0.332595 0.712239 1 
0.0754 0.2201 -0.0014 -0.614329 -0.299947 0.729816 1 
0.0754 0.2201 -0.0013 -0.622407 -0.272204 0.733836 1 
0.0757 0.2201 -0.0014 -0.630765 -0.257681 0.73194 1 
0.0757 0.2201 -0.0013 -0.631276 -0.254725 0.732534 1 
0.0757 0.2201 -0.0011 -0.62496 -0.261059 0.735713 1 
0.0757 0.2201 -0.0008 -0.629815 -0.254136 0.733995 1 
0.0758 0.2206 -0.0011 -0.628855 -0.258195 0.733401 1 
0.076 0.2201 -0.0014 -0.620955 -0.271569 0.7353 1 
0.0767 0.2201 -0.0013 -0.0666918 0.821586 0.566171 1 
0.0761 0.2204 -0.0011 -0.623318 -0.27579 0.731721 1 
0.0763 0.2204 -0.0011 -0.62114 -0.28582 0.72972 1 
0.076 0.2203 -0.001 -0.624888 -0.268718 0.733011 1 
0.0761 0.2206 -0.0008 -0.625112 -0.282979 0.727432 1 
0.0764 0.2207 -0.0008 -0.629654 -0.30758 0.713393 1 
0.0763 0.2195 -0.0008 -0.609272 -0.184767 0.771134 1 
0.0763 0.2195 -0.0006 -0.590636 -0.100627 0.80064 1 
0.0761 0.2198 -0.0006 -0.635314 -0.381189 0.671618 1 
0.0766 0.2198 -0.0006 0.125284 0.902324 0.412451 1 
0.0766 0.2195 -0.0002 0.120258 0.889908 0.440002 1 
0.0761 0.2198 -0.0004 0.00133459 0.868817 0.495132 1 
0.0758 0.2207 -0.0008 -0.631739 -0.244188 0.735716 1 
0.0761 0.2201 -0.0008 -0.638678 -0.312063 0.703354 1 
0.0757 0.2216 -0.001 -0.601083 -0.296534 0.742137 1 
0.0754 0.2216 -0.0011 -0.582821 -0.364059 0.726485 1 
0.0757 0.2216 -0.0007 -0.610433 -0.240093 0.754803 1 
0.0763 0.2212 -0.0006 -0.613212 -0.267785 0.743143 1 
0.0766 0.2209 -0.0006 -0.614827 -0.311448 0.72456 1 
0.076 0.2213 -0.0005 -0.618718 -0.250321 0.744666 1 
0.0755 0.2222 -0.0008 -0.554899 -0.359626 0.750171 1 
0.0754 0.2219 -0.0004 -0.567837 -0.341349 0.749027 1 
0.0752 0.2225 -0.0008 -0.529544 -0.327966 0.782318 1 
0.0752 0.2225 -0.0006 -0.475208 -0.338526 0.812144 1 
0.0758 0.2225 -0.0002 -0.573367 -0.273257 0.772387 1 
0.0769 0.2197 -0.002 -0.587718 -0.34677 0.730984 1 
0.0769 0.2195 -0.0017 0.0117378 0.911639 0.410824 1 
0.077 0.2204 -0.0023 -0.626716 -0.275883 0.728777 1 
0.0769 0.2207 -0.0019 -0.616624 -0.289893 0.731941 1 
0.0775 0.2177 -0.0008 0.221138 0.912014 0.345438 1 
0.077 0.218 -0.0011 0.0805444 0.910561 0.405452 1 
0.0773 0.218 -0.0006 0.221986 0.906804 0.358369 1 
0.0776 0.2181 -0.0002 0.201734 0.884977 0.419665 1 
0.0769 0.2184 -0.0008 0.0745357 0.914756 0.397072 1 
0.077 0.2186 -0.0004 0.175702 0.909938 0.375689 1 
0.0772 0.2189 -0.0001 0.232881 0.885539 0.401978 1 
0.079 0.2183 -0.0008 0.458824 0.885958 0.0675147 1 
0.079 0.2183 -0.0006 0.458824 0.885958 0.0675147 1 
0.0787 0.2189 -0.0005 0.0498965 0.757001 0.651506 1 
0.0787 0.2188 -0.0002 0.409715 0.87796 0.24763 1 
0.079 0.2188 -0.0002 0.456558 0.886908 0.0703458 1 
0.0793 0.2186 -0.0006 0.322288 0.882132 0.343472 1 
0.0793 0.2186 -0.0002 0.430106 0.867758 0.249009 1 
0.0769 0.2197 -0.0014 0.0250058 0.912055 0.409306 1 
0.0772 0.2198 -0.0013 0.0527419 0.899316 0.434106 1 
0.0773 0.2201 -0.0016 0.0442652 0.902743 0.427897 1 
0.0769 0.2203 -0.001 0.125284 0.902324 0.412451 1 
0.077 0.2195 -0.0002 0.156641 0.862259 0.481635 1 
0.0773 0.2192 -0.0001 0.220053 0.86674 0.447591 1 
0.0772 0.2198 -0.0004 0.173597 0.850179 0.497051 1 
0.0772 0.2198 -0.0001 0.228124 0.83135 0.506771 1 
0.0767 0.2195 0.0001 0.17285 0.858338 0.483092 1 
0.079 0.2175 0.0011 0.498514 -0.0833211 -0.862868 1 
0.079 0.2172 0.0013 0.338418 -0.296674 -0.893005 1 
0.0791 0.2174 0.0013 0.379017 -0.234489 -0.895188 1 
0.0799 0.2169 0.001 -0.180066 -0.567435 -0.803488 1 
0.0796 0.2174 0.001 0.384461 -0.111618 -0.916368 1 
0.0778 0.218 0.0001 0.224997 0.895578 0.383819 1 
0.0779 0.218 0.0007 0.330131 0.918936 0.2158 1 
0.0781 0.2183 0.0005 0.420141 0.898282 0.12873 1 
0.0776 0.2184 0.0001 0.193366 0.849913 0.490161 1 
0.0779 0.2189 0.0001 0.176323 0.818318 0.547052 1 
0.0782 0.2189 0.0004 0.324513 0.872986 0.364125 1 
0.0781 0.2188 0.0005 0.324513 0.872986 0.364125 1 
0.0781 0.2184 0.0007 0.406718 0.902716 0.140297 1 
0.0779 0.2184 0.001 0.346127 0.910937 0.224476 1 
0.0781 0.2192 0.0013 0.438765 0.873068 0.21269 1 
0.0787 0.2177 0.0007 0.459279 -0.00131599 -0.888291 1 
0.079 0.218 0.0007 0.459279 -0.00131599 -0.888291 1 
0.0788 0.2189 0.0001 0.366227 0.889409 0.273549 1 
0.079 0.2189 0.0001 0.418048 0.889991 0.182077 1 
0.0787 0.2188 0.0007 -0.38842 0.262446 0.883319 1 
0.079 0.2188 0.0005 0.468752 0.868871 0.159171 1 
0.0784 0.2191 0.0005 0.321572 0.863168 0.389272 1 
0.0788 0.2192 0.0005 0.446106 0.857194 0.25731 1 
0.0793 0.2189 0.0001 0.430106 0.867758 0.249009 1 
0.0791 0.2177 0.0008 0.476151 -0.00397898 -0.879354 1 
0.0794 0.2181 0.0008 0.476151 -0.00397898 -0.879354 1 
0.0793 0.2177 0.0013 0.379017 -0.234489 -0.895188 1 
0.0775 0.2195 0.0001 0.235759 0.84721 0.47608 1 
0.0781 0.2195 0.0004 0.228634 0.820936 0.523251 1 
0.0784 0.2192 0.0001 0.170043 0.814099 0.555273 1 
0.0784 0.2194 0.0007 0.310222 0.837132 0.450524 1 
0.079 0.2198 0.0007 -0.261362 0.383829 0.885644 1 
0.0793 0.2195 0.0004 0.487565 0.855091 0.176353 1 
0.0862 0.2135 0.0189 -0.540859 0.750013 -0.380726 1 
0.0868 0.2144 0.0191 -0.0353674 0.142611 -0.989147 1 
0.0856 0.2138 0.0194 0.489288 -0.104134 -0.865883 1 
0.0856 0.2138 0.0197 -0.402378 0.601083 -0.6905 1 
0.0859 0.2141 0.0195 -0.0369225 0.322117 -0.94598 1 
0.0865 0.2139 0.0194 -0.0427187 0.238004 -0.970324 1 
0.0871 0.2138 0.0195 -0.0795483 0.246221 -0.965944 1 
0.0868 0.2144 0.0197 -0.0303752 0.129376 -0.99113 1 
0.0874 0.2141 0.0197 -0.0100817 0.146744 -0.989123 1 
0.0874 0.2135 0.0201 -0.102398 0.268309 -0.957875 1 
0.0862 0.2145 0.0195 -0.0284999 0.149339 -0.988375 1 
0.0862 0.2144 0.0198 -0.0415837 0.193661 -0.980187 1 
0.0862 0.215 0.0198 -0.0752426 0.121546 -0.98973 1 
0.0864 0.2153 0.0198 -0.0618822 0.0956362 -0.993491 1 
0.0862 0.2159 0.0198 -0.0714794 0.0964404 -0.992769 1 
0.0862 0.2153 0.0201 -0.0944154 0.108403 -0.989613 1 
0.0853 0.2165 0.02 -0.233615 0.142257 -0.961866 1 
0.0868 0.2147 0.0195 -0.0460828 0.113521 -0.992466 1 
0.0865 0.2147 0.0197 -0.0467218 0.131049 -0.990274 1 
0.0865 0.2144 0.0198 -0.0284999 0.149339 -0.988375 1 
0.0865 0.2157 0.02 -0.0637355 0.0883351 -0.99405 1 
0.0868 0.2171 0.0198 -0.0870324 0.0182661 -0.996038 1 
0.0876 0.2168 0.0195 -0.0461042 0.00512268 -0.998923 1 
0.0873 0.2174 0.0195 -0.0521826 -0.0394032 -0.99786 1 
0.0879 0.2174 0.0195 0.03895 -0.290241 -0.956161 1 
0.0873 0.2174 0.0198 -0.0565495 -0.039478 -0.997619 1 
0.0891 0.2165 0.02 0.0354267 -0.245544 -0.968738 1 
0.0894 0.2168 0.02 0.033596 -0.447499 -0.893653 1 
0.0885 0.2174 0.0194 0.0545451 -0.389798 -0.919284 1 
0.0891 0.2171 0.0195 0.0224092 -0.417866 -0.908232 1 
0.0889 0.2175 0.0194 0.0224092 -0.417866 -0.908232 1 
0.0888 0.2171 0.0197 0.0559515 -0.334408 -0.940766 1 
0.0901 0.2175 0.0195 0.0144738 -0.4329 -0.901326 1 
0.09 0.2168 0.02 0.0228197 -0.465791 -0.8846 1 
0.0898 0.2174 0.0197 0.00653303 -0.429874 -0.902865 1 
0.0907 0.2171 0.0195 0.0473484 -0.439664 -0.896914 1 
0.0904 0.2169 0.02 0.0593184 -0.478685 -0.87598 1 
0.0894 0.2198 0.0188 -0.0222319 -0.398867 -0.916739 1 
0.0877 0.218 0.0198 0.0407102 -0.382151 -0.923203 1 
0.0891 0.2177 0.0192 0.00653303 -0.429874 -0.902865 1 
0.0894 0.2177 0.0195 0.00653303 -0.429874 -0.902865 1 
0.0895 0.2181 0.0192 0.00653303 -0.429874 -0.902865 1 
0.09 0.2189 0.0185 -0.0416925 -0.434409 -0.89975 1 
0.0903 0.2189 0.0185 -0.0416925 -0.434409 -0.89975 1 
0.09 0.2189 0.0189 -0.0416925 -0.434409 -0.89975 1 
0.0897 0.2191 0.0189 -0.00392971 -0.441437 -0.897283 1 
0.0903 0.2189 0.0189 -0.0416925 -0.434409 -0.89975 1 
0.0903 0.2189 0.0191 -0.0416925 -0.434409 -0.89975 1 
0.09 0.218 0.0192 0.0144738 -0.4329 -0.901326 1 
0.0904 0.2178 0.0195 0.0389612 -0.436634 -0.898795 1 
0.0909 0.2178 0.0197 0.0362803 -0.447457 -0.893569 1 
0.0876 0.2109 0.0115 -0.313897 0.384332 0.868192 1 
0.0888 0.2112 0.0117 -0.19728 0.40479 0.892875 1 
0.0894 0.2112 0.012 -0.144749 0.383656 0.912061 1 
0.0891 0.2106 0.0121 -0.205612 0.352272 0.913032 1 
0.0891 0.2114 0.0108 -0.156414 0.295146 0.942562 1 
0.0894 0.2114 0.0111 -0.119413 0.309937 0.943228 1 
0.0886 0.2121 0.0108 -0.222098 0.127097 0.966705 1 
0.0886 0.2123 0.0111 -0.262293 0.262293 0.928658 1 
0.0892 0.2121 0.0111 -0.189502 0.163719 0.968135 1 
0.0867 0.2123 0.0112 -0.0564485 0.132481 0.989577 1 
0.0874 0.2121 0.0114 -0.146631 0.281155 0.948394 1 
0.0874 0.2124 0.0114 -0.126854 0.219111 0.967419 1 
0.0885 0.2114 0.012 -0.254273 0.413758 0.874157 1 
0.0886 0.2117 0.0117 -0.265463 0.417156 0.869201 1 
0.0891 0.2118 0.0118 -0.198525 0.349919 0.915502 1 
0.0894 0.2118 0.0118 -0.218932 0.324821 0.920087 1 
0.0883 0.2123 0.0114 -0.264991 0.329408 0.906239 1 
0.0885 0.2123 0.0114 -0.2803 0.294823 0.913516 1 
0.0883 0.2123 0.012 -0.371112 0.441193 0.817083 1 
0.0891 0.2114 0.0121 -0.184074 0.401483 0.897178 1 
0.0892 0.2117 0.0123 -0.223624 0.369784 0.901805 1 
0.0894 0.2124 0.012 -0.254371 0.24875 0.934569 1 
0.0892 0.2126 0.0121 -0.282419 0.282419 0.916776 1 
0.0892 0.2124 0.0123 -0.287672 0.299354 0.909743 1 
0.0894 0.2127 0.0126 -0.279809 0.366594 0.887308 1 
0.0888 0.2135 0.012 -0.314506 -0.0769952 0.946128 1 
0.0891 0.213 0.0114 -0.318455 0.0112396 0.947871 1 
0.0891 0.2129 0.0118 -0.266491 0.105297 0.958068 1 
0.0894 0.2129 0.0118 -0.274402 0.0594328 0.959777 1 
0.0894 0.2132 0.012 -0.370284 0.0848287 0.925037 1 
0.0885 0.2129 0.0123 -0.404786 0.333445 0.851447 1 
0.0891 0.213 0.0121 -0.405434 0.337085 0.849704 1 
0.0888 0.2136 0.0123 -0.323421 -0.0610472 0.944284 1 
0.0891 0.2138 0.0123 -0.36956 -0.116776 0.92184 1 
0.0895 0.2136 0.0126 -0.680286 -0.00415653 0.732935 1 
0.0895 0.2141 0.0127 -0.491017 -0.153901 0.857448 1 
0.0897 0.2112 0.0123 -0.133665 0.398181 0.907516 1 
0.0903 0.2108 0.012 0.0528735 0.440613 0.896139 1 
0.091 0.2105 0.012 0.145374 0.447637 0.88232 1 
0.091 0.2105 0.0123 0.115512 0.466327 0.877038 1 
0.0915 0.2102 0.012 0.274876 0.489185 0.827733 1 
0.0919 0.21 0.0126 0.272147 0.415063 0.868135 1 
0.0912 0.2106 0.0121 0.155743 0.464317 0.871868 1 
0.0916 0.2108 0.0123 0.223382 0.553063 0.802634 1 
0.0942 0.2088 0.0114 0.235772 0.19266 0.95252 1 
0.0942 0.2088 0.0118 0.284185 0.161809 0.945017 1 
0.0931 0.2091 0.012 0.210704 0.31252 0.926248 1 
0.0938 0.2091 0.012 0.20319 0.269538 0.941309 1 
0.0931 0.21 0.0117 0.159594 0.129902 0.978598 1 
0.0936 0.21 0.0117 0.152906 -0.0951145 0.983653 1 
0.0944 0.21 0.0118 0.172262 -0.267209 0.948117 1 
0.093 0.2108 0.0121 0.0967251 -0.108379 0.989393 1 
0.0939 0.2108 0.0121 0.124261 -0.22162 0.967184 1 
0.0944 0.2109 0.0123 0.172579 -0.27042 0.947148 1 
0.0942 0.2105 0.0127 0.13783 -0.245468 0.959556 1 
0.0957 0.2099 0.0115 0.0959758 -0.249537 0.963597 1 
0.0953 0.2103 0.0114 0.126092 -0.280058 0.951666 1 
0.0959 0.2102 0.0114 0.076664 -0.245073 0.966469 1 
0.0957 0.2102 0.0114 0.0910506 -0.262892 0.960519 1 
0.0948 0.2108 0.0114 0.195333 -0.286765 0.937876 1 
0.0947 0.2109 0.0117 0.205064 -0.285973 0.936039 1 
0.0954 0.2103 0.0123 0.121318 -0.294629 0.947879 1 
0.0957 0.2102 0.0121 0.121318 -0.294629 0.947879 1 
0.0945 0.2106 0.0123 0.172262 -0.267209 0.948117 1 
0.0948 0.2105 0.012 0.158863 -0.252313 0.954516 1 
0.096 0.21 0.0111 0.0563422 -0.264182 0.962826 1 
0.0963 0.21 0.0112 0.0642196 -0.260656 0.963293 1 
0.0968 0.21 0.0108 -0.0237592 -0.306368 0.951617 1 
0.0966 0.2102 0.0112 0.0642196 -0.260656 0.963293 1 
0.0962 0.2102 0.0114 0.0563422 -0.264182 0.962826 1 
0.0968 0.21 0.0114 0.0365349 -0.298578 0.953686 1 
0.0966 0.2106 0.0126 0.0315046 -0.306224 0.951438 1 
0.0978 0.2097 0.0123 -0.376462 -0.757813 0.532913 1 
0.0903 0.2117 0.0115 -0.0633813 0.24234 0.968119 1 
0.0907 0.2115 0.012 0.0851673 0.374466 0.923321 1 
0.0909 0.2115 0.0118 0.0968634 0.317128 0.943423 1 
0.0897 0.212 0.0118 -0.222317 0.247173 0.943123 1 
0.0897 0.2114 0.0123 -0.143436 0.363465 0.920499 1 
0.0898 0.2115 0.0123 -0.131555 0.366969 0.920884 1 
0.0897 0.2118 0.012 -0.182641 0.310909 0.932726 1 
0.09 0.2118 0.0121 -0.179931 0.287065 0.94086 1 
0.0903 0.2118 0.0121 -0.0356141 0.254211 0.966493 1 
0.0897 0.212 0.0126 -0.243515 0.339754 0.908442 1 
0.0907 0.2112 0.0123 -0.0225515 0.433785 0.900734 1 
0.0904 0.2115 0.0123 -0.0219328 0.372858 0.927629 1 
0.0909 0.2114 0.0126 -0.465519 0.134035 0.87483 1 
0.0906 0.2118 0.0126 -0.0607079 0.408766 0.910618 1 
0.0897 0.212 0.0126 -0.243515 0.339754 0.908442 1 
0.09 0.212 0.0124 -0.140284 0.279231 0.949921 1 
0.09 0.2121 0.0124 -0.1117 0.282534 0.952732 1 
0.0903 0.212 0.0126 -0.0698694 0.341437 0.937304 1 
0.09 0.2124 0.0124 -0.118012 0.250288 0.960952 1 
0.0903 0.2126 0.0127 0.2379 0.297731 0.924532 1 
0.0897 0.213 0.012 -0.260662 0.0511346 0.964075 1 
0.0897 0.2133 0.0123 -0.523809 -0.0748299 0.848543 1 
0.0901 0.213 0.0126 -0.403051 0.130605 0.90581 1 
0.0944 0.2114 0.012 0.222244 -0.301516 0.927198 1 
0.0933 0.2115 0.0127 0.119169 -0.354768 0.927329 1 
0.095 0.2114 0.0118 0.176933 -0.31625 0.932031 1 
0.0948 0.2118 0.012 0.165634 -0.33266 0.928387 1 
0.0954 0.2114 0.0118 0.107992 -0.315978 0.9426 1 
0.0945 0.2115 0.0123 0.175867 -0.308805 0.934725 1 
0.095 0.2118 0.012 0.165634 -0.33266 0.928387 1 
0.0954 0.2118 0.012 0.108671 -0.447385 0.887714 1 
0.0954 0.212 0.0123 0.108671 -0.447385 0.887714 1 
0.0957 0.212 0.0121 0.0446496 -0.445143 0.894346 1 
0.0957 0.2121 0.0124 0.117172 -0.439044 0.890793 1 
0.0892 0.2114 0.0139 -0.471566 0.432405 0.768539 1 
0.0922 0.2112 0.0156 0.315093 -0.722289 0.615642 1 
0.0933 0.2106 0.0159 0.253309 -0.602592 0.756781 1 
0.0931 0.2111 0.0159 0.331593 -0.848441 0.412545 1 
0.0933 0.2111 0.0159 0.340261 -0.849876 0.402409 1 
0.0972 0.2103 0.0129 -0.0911876 -0.46155 0.882415 1 
0.0904 0.2142 0.0129 -0.40962 -0.267538 0.872144 1 
0.0933 0.2114 0.0132 0.0178433 -0.998173 0.0577282 1 
0.0903 0.2147 0.0132 -0.479811 -0.206063 0.85283 1 
0.0904 0.2145 0.013 -0.464428 -0.204587 0.861656 1 
0.0879 0.2094 0.0127 -0.347089 0.350147 0.870015 1 
0.0871 0.2103 0.0118 -0.186752 0.360675 0.913804 1 
0.0874 0.21 0.012 -0.333445 0.404786 0.851447 1 
0.0879 0.2102 0.0118 -0.261264 0.377713 0.888298 1 
0.0871 0.2112 0.0114 -0.251358 0.385218 0.887934 1 
0.0868 0.2108 0.012 -0.242049 0.387575 0.889493 1 
0.0877 0.2097 0.0126 -0.362153 0.355989 0.861462 1 
0.0883 0.2102 0.0124 -0.247818 0.378405 0.891849 1 
0.0882 0.2106 0.0126 -0.300906 0.392552 0.869114 1 
0.0885 0.2108 0.0127 -0.268638 0.382697 0.883955 1 
0.0864 0.2124 0.0114 0.032324 0.21669 0.975705 1 
0.087 0.2115 0.0117 -0.120219 0.322835 0.938789 1 
0.0868 0.212 0.0115 -0.0629584 0.228379 0.971535 1 
0.0868 0.212 0.012 -0.0084204 0.258627 0.965941 1 
0.0922 0.2075 0.0124 0.404906 0.161676 0.899951 1 
0.0933 0.2079 0.0115 0.164362 0.355415 0.920144 1 
0.0909 0.2088 0.0118 0.255711 0.460892 0.849818 1 
0.0915 0.2085 0.0127 0.356535 0.365795 0.859696 1 
0.093 0.2082 0.0118 0.247067 0.346478 0.904937 1 
0.0928 0.2085 0.0121 0.29085 0.293773 0.910551 1 
0.0883 0.2088 0.0132 -0.209594 0.180593 0.960967 1 
0.0886 0.2093 0.0132 -0.250093 0.28725 0.92463 1 
0.0882 0.2097 0.0132 -0.345104 0.360442 0.866594 1 
0.0891 0.2099 0.0132 -0.292019 0.376749 0.879082 1 
0.0891 0.2099 0.0135 -0.28273 0.357527 0.890077 1 
0.0883 0.2105 0.0129 -0.290701 0.400285 0.86906 1 
0.0885 0.2105 0.0132 -0.397181 0.445421 0.802401 1 
0.0882 0.2106 0.0133 -0.400455 0.442269 0.802517 1 
0.0894 0.2102 0.0138 -0.302249 0.409647 0.860718 1 
0.0882 0.2106 0.0136 -0.418193 0.437569 0.79602 1 
0.0882 0.2106 0.0138 -0.445573 0.422889 0.789069 1 
0.0889 0.2111 0.0138 -0.415871 0.448235 0.791288 1 
0.0892 0.2112 0.0136 -0.525583 0.288834 0.800211 1 
0.0889 0.2111 0.0144 -0.157318 0.576832 0.801571 1 
0.0886 0.2109 0.015 -0.597588 0.402254 0.693599 1 
0.0894 0.2112 0.0144 -0.556058 0.407556 0.72436 1 
0.0892 0.2114 0.0147 0.753437 0.642594 0.139304 1 
0.0906 0.207 0.0132 0.0677873 -0.223082 0.97244 1 
0.091 0.2076 0.013 0.161614 -0.0601628 0.985018 1 
0.091 0.2078 0.0132 0.145079 0.147559 0.978355 1 
0.0912 0.2076 0.0139 0.112374 -0.289528 0.95055 1 
0.0912 0.2076 0.0142 0.110999 -0.314274 0.942821 1 
0.0918 0.2075 0.0135 0.255294 -0.112744 0.960268 1 
0.0913 0.2079 0.0135 0.146761 0.0473795 0.988037 1 
0.0927 0.2073 0.0132 0.492883 0.0800408 0.866406 1 
0.0924 0.207 0.0138 0.281647 -0.152278 0.947358 1 
0.0924 0.2079 0.0138 -0.138856 -0.774904 0.616638 1 
0.0933 0.207 0.0136 0.565649 0.0206441 0.824388 1 
0.0936 0.207 0.0136 0.573732 0.00408835 0.819033 1 
0.0939 0.207 0.0135 0.455845 0.562709 0.689611 1 
0.0942 0.2069 0.0135 0.554251 0.487272 0.674813 1 
0.093 0.2076 0.0135 0.490302 0.427989 0.75923 1 
0.0909 0.2082 0.0135 0.101414 0.101414 0.989662 1 
0.091 0.2084 0.0136 0.0579662 0.0221326 0.998073 1 
0.0904 0.2085 0.0135 -0.10541 0.0141271 0.994329 1 
0.0903 0.2088 0.0132 -0.0411772 0.182356 0.98237 1 
0.0903 0.2094 0.0133 -0.126596 0.330783 0.935177 1 
0.0906 0.2094 0.013 0.0602901 0.392556 0.91775 1 
0.0897 0.2085 0.0136 -0.201023 -0.00813389 0.979553 1 
0.0903 0.2085 0.0138 -0.111848 -0.0276851 0.99334 1 
0.0909 0.2088 0.0138 0.0916876 0.0183375 0.995619 1 
0.0897 0.2091 0.0139 -0.253575 0.135327 0.957803 1 
0.0903 0.2091 0.0136 -0.114752 0.171511 0.978476 1 
0.09 0.2094 0.0136 -0.289797 0.286885 0.91308 1 
0.0906 0.2091 0.0138 -0.00548071 0.126056 0.992008 1 
0.0906 0.2094 0.0141 -0.103935 0.103935 0.989138 1 
0.0915 0.2082 0.0138 0.240709 -0.0555481 0.969007 1 
0.0912 0.2088 0.0138 0.266584 0.00361879 0.963805 1 
0.0915 0.2087 0.0141 -0.0701777 -0.444459 0.893046 1 
0.0918 0.2085 0.0142 -0.762455 -0.639052 -0.101367 1 
0.0924 0.2082 0.0141 0.106579 -0.588375 0.801533 1 
0.0903 0.2102 0.013 -0.111597 0.450625 0.885711 1 
0.0901 0.2106 0.013 -0.221656 0.468947 0.854961 1 
0.0919 0.2091 0.0151 -0.255491 -0.559573 0.788418 1 
0.0913 0.2094 0.0148 -0.514081 -0.507383 0.691581 1 
0.091 0.2097 0.0147 -0.651187 -0.421356 0.631201 1 
0.091 0.21 0.015 -0.541136 -0.464544 0.700979 1 
0.0897 0.2102 0.0153 -0.466123 -0.446496 0.763787 1 
0.0903 0.21 0.0154 -0.430666 -0.456668 0.778448 1 
0.0903 0.2109 0.0154 -0.544855 -0.226894 0.80725 1 
0.0903 0.2108 0.0156 -0.432405 -0.471566 0.768539 1 
0.0913 0.2099 0.0151 -0.488001 -0.501325 0.714513 1 
0.0918 0.2102 0.0153 -0.446493 -0.436751 0.780956 1 
0.0915 0.2108 0.0153 -0.474187 -0.510791 0.717104 1 
0.0921 0.2106 0.0154 0.018134 -0.746285 0.665379 1 
0.0921 0.2031 0.0112 0.467974 -0.425579 0.774521 1 
0.0921 0.2031 0.0114 0.467974 -0.425579 0.774521 1 
0.0909 0.2046 0.0123 0.31071 -0.236254 0.920675 1 
0.0912 0.2046 0.0127 0.264258 -0.298915 0.916961 1 
0.0918 0.204 0.0115 0.467974 -0.425579 0.774521 1 
0.0918 0.2032 0.0118 0.467974 -0.425579 0.774521 1 
0.0919 0.2034 0.0118 0.467974 -0.425579 0.774521 1 
0.0916 0.2034 0.012 0.467974 -0.425579 0.774521 1 
0.0919 0.2034 0.012 0.467974 -0.425579 0.774521 1 
0.0918 0.204 0.0118 0.467974 -0.425579 0.774521 1 
0.0921 0.2037 0.0114 0.467974 -0.425579 0.774521 1 
0.0924 0.204 0.012 0.467974 -0.425579 0.774521 1 
0.0915 0.2037 0.0123 0.272951 -0.390577 0.879174 1 
0.0922 0.2038 0.012 0.467974 -0.425579 0.774521 1 
0.0921 0.204 0.0123 0.467974 -0.425579 0.774521 1 
0.0925 0.2038 0.0127 0.467974 -0.425579 0.774521 1 
0.0916 0.2043 0.0124 0.287506 -0.316994 0.903801 1 
0.0921 0.2046 0.0123 0.223259 -0.400683 0.888599 1 
0.0921 0.2043 0.0124 0.168578 -0.46469 0.869278 1 
0.0933 0.2043 0.0114 0.467974 -0.425579 0.774521 1 
0.0888 0.2046 0.0132 0.0263413 -0.304807 0.95205 1 
0.0889 0.2046 0.0132 0.0263413 -0.304807 0.95205 1 
0.0922 0.2037 0.0129 0.467974 -0.425579 0.774521 1 
0.0871 0.2079 0.0123 -0.222589 0.253005 0.941511 1 
0.0871 0.2075 0.0124 -0.146045 0.315293 0.937689 1 
0.0876 0.2079 0.0123 -0.219804 0.255747 0.941424 1 
0.0874 0.2076 0.0126 -0.193031 0.238927 0.951658 1 
0.0864 0.2088 0.0127 -0.356311 0.319922 0.877891 1 
0.0871 0.2082 0.0126 -0.285386 0.242791 0.92715 1 
0.087 0.2084 0.0127 -0.283725 0.269323 0.920307 1 
0.0871 0.2085 0.0127 -0.303143 0.265432 0.915232 1 
0.0876 0.2082 0.0123 -0.253388 0.242189 0.936557 1 
0.0873 0.2081 0.0126 -0.260984 0.249699 0.93249 1 
0.0865 0.2091 0.0121 -0.319621 0.325624 0.889838 1 
0.087 0.2093 0.0123 -0.351477 0.333218 0.874888 1 
0.0865 0.209 0.0124 -0.32918 0.320161 0.888334 1 
0.0867 0.2091 0.0126 -0.295688 0.331348 0.895978 1 
0.0931 0.2058 0.012 0.18469 -0.304114 0.934561 1 
0.0859 0.2079 0.0132 -0.142882 0.308898 0.940301 1 
0.0864 0.2073 0.0132 -0.134696 0.278728 0.950877 1 
0.0859 0.2066 0.0138 -0.0766126 0.305152 0.949217 1 
0.0861 0.2067 0.0138 -0.0928922 0.294377 0.951164 1 
0.0862 0.207 0.0136 -0.107266 0.303258 0.946852 1 
0.0868 0.2063 0.0135 -0.0748532 0.155647 0.984973 1 
0.0888 0.2049 0.0133 0.0227728 -0.23372 0.972037 1 
0.088 0.2058 0.013 -0.0482094 0.170497 0.984178 1 
0.088 0.2059 0.013 -0.0481172 0.167823 0.984642 1 
0.0888 0.2064 0.0133 -0.081383 -0.00317077 0.996678 1 
0.0891 0.2061 0.0138 -0.0684587 -0.0488991 0.996455 1 
0.0871 0.2064 0.0132 -0.0741356 0.193239 0.978347 1 
0.0865 0.2069 0.0135 -0.0912754 0.263542 0.96032 1 
0.0865 0.2072 0.0135 -0.138764 0.260348 0.955491 1 
0.0871 0.2069 0.0135 -0.119478 0.163821 0.979228 1 
0.0868 0.2072 0.0135 -0.113458 0.225641 0.967581 1 
0.0874 0.2067 0.013 -0.119478 0.163821 0.979228 1 
0.0874 0.207 0.0135 -0.119478 0.163821 0.979228 1 
0.0877 0.2069 0.0133 -0.147 0.137117 0.979587 1 
0.0868 0.2076 0.013 -0.146045 0.315293 0.937689 1 
0.0871 0.2076 0.013 -0.173528 0.280104 0.944156 1 
0.0877 0.2078 0.0133 -0.207435 0.165687 0.964115 1 
0.0876 0.207 0.0136 -0.147 0.137117 0.979587 1 
0.0882 0.2079 0.0133 -0.170509 0.170509 0.970491 1 
0.0889 0.2066 0.0138 -0.135061 0.0786878 0.987708 1 
0.0888 0.207 0.0139 -0.13218 0.0563201 0.989624 1 
0.0891 0.207 0.0138 -0.140523 0.0592286 0.988304 1 
0.0885 0.2079 0.0136 -0.187273 0.126943 0.974071 1 
0.0888 0.2076 0.0138 -0.139396 0.0737977 0.987483 1 
0.0889 0.2073 0.0136 -0.126225 0.0955538 0.987389 1 
0.0888 0.2076 0.0136 -0.133268 0.0884521 0.987125 1 
0.0859 0.2081 0.013 -0.113064 0.304607 0.945744 1 
0.0867 0.2082 0.0129 -0.259677 0.220795 0.940116 1 
0.0865 0.2081 0.0132 -0.23845 0.227423 0.944151 1 
0.0868 0.2085 0.013 -0.285386 0.242791 0.92715 1 
0.0871 0.2088 0.013 -0.332749 0.279509 0.90064 1 
0.0876 0.2082 0.013 -0.241997 0.2337 0.941712 1 
0.0879 0.2084 0.0132 -0.228192 0.180151 0.956804 1 
0.0877 0.2084 0.0132 -0.243455 0.218697 0.944935 1 
0.0871 0.2091 0.0129 -0.398064 0.297404 0.867811 1 
0.0868 0.209 0.0139 -0.433384 0.218926 0.874214 1 
0.0897 0.2061 0.0136 -0.00792442 -0.166413 0.986024 1 
0.0927 0.23 -0.0262 0.667619 0.199821 0.717187 0 
0.0939 0.2302 -0.0273 0.713678 0.101534 0.693077 0 
0.093 0.2299 -0.0264 0.704363 0.182613 0.685948 0 
0.0936 0.23 -0.0264 0.737953 0.172647 0.652394 0 
0.0936 0.2303 -0.0264 0.744573 0.162259 0.647521 0 
0.0938 0.2302 -0.027 0.73572 0.113985 0.667625 0 
0.0936 0.2302 -0.0267 0.750184 0.145827 0.644948 0 
0.0928 0.2293 -0.0262 0.672243 0.230349 0.703583 0 
0.093 0.2296 -0.0261 0.680257 0.220497 0.699022 0 
0.093 0.2293 -0.0258 0.6675 0.272416 0.692989 0 
0.093 0.2296 -0.0258 0.667168 0.265912 0.695829 0 
0.093 0.2293 -0.0257 0.652845 0.287123 0.700966 0 
0.0933 0.2299 -0.0263 0.720741 0.206148 0.661842 0 
0.0934 0.23 -0.0262 0.720741 0.206148 0.661842 0 
0.093 0.2297 -0.026 0.684258 0.234378 0.69055 0 
0.093 0.2297 -0.0257 0.667168 0.265912 0.695829 0 
0.0933 0.2299 -0.0257 0.682518 0.244319 0.688823 0 
0.0936 0.2299 -0.0257 0.70921 0.223879 0.668505 0 
0.093 0.23 -0.026 0.70472 0.213127 0.676718 0 
0.0933 0.2302 -0.026 0.73586 0.202942 0.646007 0 
0.0936 0.2302 -0.026 0.754005 0.216096 0.620305 0 
0.0939 0.2302 -0.0258 0.765959 0.22932 0.600599 0 
0.0939 0.2305 -0.0272 0.723377 0.107989 0.681956 0 
0.0938 0.2305 -0.027 0.743282 0.126611 0.656888 0 
0.0939 0.2308 -0.0269 0.734853 0.126699 0.666287 0 
0.0938 0.2308 -0.0272 0.554792 -0.678824 -0.481044 0 
0.0938 0.2311 -0.0272 0.585773 -0.672554 -0.452263 0 
0.0938 0.2311 -0.027 0.554792 -0.678824 -0.481044 0 
0.0936 0.2305 -0.0267 0.743479 0.142688 0.65336 0 
0.0938 0.2308 -0.0267 0.743282 0.126611 0.656888 0 
0.0939 0.2306 -0.0267 0.756175 0.139256 0.63938 0 
0.0939 0.2311 -0.0267 0.551205 -0.681886 -0.480838 0 
0.0942 0.2311 -0.0264 0.760636 0.152127 0.631102 0 
0.0939 0.2313 -0.0272 0.609871 -0.669695 -0.423752 0 
0.0941 0.2313 -0.0267 0.554792 -0.678824 -0.481044 0 
0.0941 0.2314 -0.0267 0.567933 -0.675154 -0.470765 0 
0.0934 0.2305 -0.0262 0.756781 0.165309 0.63242 0 
0.0936 0.2309 -0.0264 0.754569 0.142513 0.640559 0 
0.0936 0.2305 -0.0264 0.748323 0.152688 0.645523 0 
0.0939 0.2305 -0.0264 0.752761 0.149345 0.641129 0 
0.0939 0.2305 -0.0261 0.762022 0.181725 0.621529 0 
0.0942 0.2308 -0.0263 0.772805 0.152151 0.616135 0 
0.0942 0.2306 -0.026 0.758907 0.171857 0.628113 0 
0.0942 0.2305 -0.0257 0.779368 0.194459 0.595627 0 
0.0942 0.2314 -0.0263 0.551205 -0.681886 -0.480838 0 
0.0945 0.2314 -0.0266 0.567933 -0.675154 -0.470765 0 
0.0945 0.2313 -0.0264 0.539887 -0.686977 -0.4864 0 
0.0945 0.2311 -0.026 0.776657 0.168049 0.607094 0 
0.0945 0.2308 -0.0257 0.786452 0.200829 0.58409 0 
0.0945 0.2313 -0.0263 0.539887 -0.686977 -0.4864 0 
0.0894 0.2237 -0.0192 -0.471045 0.770948 0.428667 0 
0.0895 0.2242 -0.0195 -0.484227 0.753424 0.444832 0 
0.0891 0.2236 -0.019 -0.464244 0.776998 0.42515 0 
0.0894 0.2239 -0.0191 -0.471045 0.770948 0.428667 0 
0.0895 0.2239 -0.0192 -0.491702 0.762873 0.419825 0 
0.0895 0.2239 -0.019 -0.46104 0.777088 0.428458 0 
0.0891 0.2234 -0.0186 -0.481451 0.782966 0.393915 0 
0.0891 0.2236 -0.0186 -0.478935 0.780907 0.401006 0 
0.0891 0.2234 -0.0184 -0.46417 0.798244 0.383864 0 
0.0891 0.2236 -0.0184 -0.496827 0.781653 0.377071 0 
0.0894 0.2239 -0.0188 -0.483817 0.773781 0.408882 0 
0.0895 0.2239 -0.0186 -0.485137 0.777193 0.400765 0 
0.0894 0.2237 -0.0186 -0.478935 0.780907 0.401006 0 
0.0895 0.2239 -0.0184 -0.477722 0.782169 0.399991 0 
0.0891 0.2231 -0.018 -0.501148 0.79255 0.347441 0 
0.0891 0.2231 -0.0178 -0.506841 0.794637 0.334163 0 
0.0891 0.2231 -0.0177 -0.476943 0.812863 0.334335 0 
0.0891 0.2234 -0.0181 -0.475794 0.799397 0.366858 0 
0.0892 0.2236 -0.0181 -0.504532 0.785007 0.359459 0 
0.0894 0.2237 -0.0183 -0.48701 0.784717 0.38346 0 
0.0891 0.2234 -0.018 -0.491531 0.795736 0.353838 0 
0.0894 0.2234 -0.018 -0.485406 0.799397 0.354042 0 
0.0892 0.2233 -0.0178 -0.506297 0.793785 0.336999 0 
0.0895 0.2234 -0.0178 -0.498027 0.795883 0.344295 0 
0.0888 0.2222 -0.0168 -0.285024 0.890887 0.353669 0 
0.0885 0.2219 -0.016 -0.511876 0.816823 0.266051 0 
0.0888 0.2222 -0.0163 -0.0603939 0.913961 0.401284 0 
0.0888 0.2222 -0.016 -0.0436046 0.920982 0.387156 0 
0.0888 0.2224 -0.0166 -0.229414 0.901582 0.36677 0 
0.0888 0.2224 -0.0165 -0.118291 0.911536 0.393839 0 
0.0888 0.2224 -0.0162 -0.0547735 0.915119 0.399446 0 
0.0888 0.2227 -0.0174 -0.458591 0.831098 0.314596 0 
0.0891 0.2228 -0.0174 -0.470804 0.823514 0.316494 0 
0.0892 0.2231 -0.0174 -0.485485 0.814414 0.317859 0 
0.0889 0.2225 -0.0172 -0.451931 0.840189 0.299735 0 
0.0891 0.2228 -0.0172 -0.478273 0.823257 0.305781 0 
0.0889 0.2225 -0.0168 -0.292041 0.888104 0.354942 0 
0.0891 0.2228 -0.0169 -0.328106 0.871388 0.364732 0 
0.0894 0.223 -0.0172 -0.472494 0.824117 0.31238 0 
0.0891 0.2225 -0.0166 -0.0948946 0.909063 0.405709 0 
0.0891 0.2228 -0.0166 -0.204651 0.901335 0.381725 0 
0.0889 0.2225 -0.0163 -0.0861554 0.912153 0.400691 0 
0.0888 0.2225 -0.0162 -0.0661354 0.913748 0.400862 0 
0.0894 0.2236 -0.0166 -0.359074 0.86147 0.359074 0 
0.0874 0.2204 -0.013 -0.556866 0.830511 0.012314 0 
0.0876 0.2207 -0.013 -0.500453 0.864418 0.048253 0 
0.0877 0.2207 -0.0129 -0.500517 0.86453 0.0455016 0 
0.0885 0.2219 -0.0157 -0.481699 0.838741 0.253931 0 
0.0886 0.2222 -0.0159 -0.040867 0.921485 0.386259 0 
0.0888 0.2224 -0.0156 -0.487897 0.831749 0.264859 0 
0.0883 0.2218 -0.0153 -0.472501 0.849286 0.235491 0 
0.0885 0.2219 -0.0156 -0.487154 0.837535 0.247419 0 
0.0885 0.2219 -0.0153 -0.451164 0.858275 0.24457 0 
0.0886 0.2222 -0.0156 -0.480829 0.840299 0.2504 0 
0.0888 0.2224 -0.0154 -0.44528 0.855365 0.264719 0 
0.0886 0.2222 -0.0154 -0.454499 0.852377 0.258621 0 
0.0888 0.2224 -0.016 -0.0464846 0.917739 0.394455 0 
0.0883 0.2216 -0.0148 -0.475526 0.849263 0.229407 0 
0.0882 0.2213 -0.0144 -0.496237 0.847052 0.190399 0 
0.0882 0.2216 -0.0144 -0.474116 0.856998 0.201911 0 
0.0883 0.2218 -0.015 -0.459376 0.856593 0.234994 0 
0.0885 0.2219 -0.015 -0.441986 0.864362 0.239849 0 
0.0886 0.2222 -0.015 -0.453913 0.857729 0.241379 0 
0.0886 0.2222 -0.0148 -0.44062 0.867706 0.230085 0 
0.0885 0.2216 -0.0148 -0.471055 0.852746 0.225682 0 
0.0885 0.2219 -0.0148 -0.457638 0.859392 0.228064 0 
0.0885 0.2218 -0.0144 -0.470089 0.857575 0.208762 0 
0.0885 0.2219 -0.0145 -0.477807 0.851612 0.215541 0 
0.0888 0.2222 -0.0145 -0.458264 0.860936 0.220868 0 
0.0895 0.2222 -0.0144 -0.435909 0.870319 0.229189 0 
0.0886 0.2228 -0.0159 -0.120328 0.916983 0.380347 0 
0.0894 0.2228 -0.0154 -0.505545 0.81976 0.269105 0 
0.0894 0.2228 -0.015 -0.430028 0.864615 0.25984 0 
0.0894 0.2227 -0.0148 -0.406907 0.878379 0.250751 0 
0.0892 0.2225 -0.0144 -0.439473 0.868447 0.229486 0 
0.0879 0.221 -0.0138 -0.52749 0.841368 0.117704 0 
0.0879 0.2212 -0.0136 -0.528471 0.84121 0.114381 0 
0.0877 0.2212 -0.0133 -0.517392 0.851925 0.0807983 0 
0.0876 0.221 -0.0132 -0.502845 0.86142 0.0714348 0 
0.0877 0.2212 -0.013 -0.509457 0.8584 0.0600182 0 
0.0876 0.221 -0.0129 -0.501755 0.86313 0.0569861 0 
0.0882 0.2213 -0.0142 -0.482113 0.859546 0.16955 0 
0.0883 0.2215 -0.0142 -0.469435 0.863346 0.185108 0 
0.0882 0.2213 -0.0139 -0.481635 0.862259 0.156641 0 
0.0883 0.2215 -0.0139 -0.482352 0.859973 0.166684 0 
0.0882 0.2213 -0.0136 -0.499856 0.855439 0.135529 0 
0.0883 0.2215 -0.0138 -0.481635 0.862259 0.156641 0 
0.0886 0.2216 -0.0138 -0.448637 0.875209 0.180926 0 
0.0883 0.2218 -0.0142 -0.471792 0.858212 0.202197 0 
0.0886 0.2219 -0.0142 -0.470089 0.857575 0.208762 0 
0.0885 0.2216 -0.0139 -0.461484 0.868415 0.18135 0 
0.0892 0.2219 -0.0142 -0.471915 0.854875 0.215603 0 
0.0889 0.2221 -0.0144 -0.468049 0.856335 0.218222 0 
0.0889 0.2222 -0.0142 -0.471915 0.854875 0.215603 0 
0.0894 0.2224 -0.0142 -0.424407 0.877107 0.224861 0 
0.0895 0.2216 -0.0138 -0.361175 0.897778 0.252085 0 
0.0889 0.2222 -0.0138 -0.452022 0.869956 0.197111 0 
0.0894 0.2224 -0.0138 -0.429837 0.876035 0.218637 0 
0.0882 0.2219 -0.0132 -0.497566 0.857323 0.132007 0 
0.0888 0.2219 -0.0129 -0.472384 0.871094 0.134348 0 
0.0889 0.2221 -0.0136 -0.462668 0.867687 0.181815 0 
0.0889 0.2221 -0.0133 -0.438686 0.881745 0.173434 0 
0.0894 0.2224 -0.0136 -0.420252 0.883267 0.207914 0 
0.0894 0.2224 -0.0133 -0.434424 0.879156 0.195859 0 
0.0889 0.2221 -0.013 -0.435961 0.884958 0.163667 0 
0.0894 0.2249 -0.019 -0.490645 0.753197 0.438134 0 
0.0903 0.2234 -0.0198 -0.384536 0.777185 0.498112 0 
0.0898 0.2239 -0.0198 -0.444722 0.759802 0.474261 0 
0.0897 0.2239 -0.0195 -0.46307 0.767419 0.443434 0 
0.0912 0.2269 -0.0228 -0.713019 0.698673 0.0588205 0 
0.0918 0.2269 -0.0238 -0.672638 0.736285 0.0737732 0 
0.0915 0.2272 -0.0234 -0.692854 0.718675 0.0588137 0 
0.0915 0.2272 -0.0233 -0.693845 0.716925 0.0677978 0 
0.0913 0.2269 -0.0231 -0.708747 0.702996 0.0589424 0 
0.0915 0.2272 -0.023 -0.707432 0.704562 0.0559632 0 
0.0913 0.2269 -0.0228 -0.713019 0.698673 0.0588205 0 
0.0915 0.2272 -0.0228 -0.709927 0.701287 0.0648007 0 
0.0913 0.2269 -0.0226 -0.71396 0.696582 0.0709615 0 
0.0912 0.2269 -0.0225 -0.718218 0.692206 0.0708102 0 
0.0915 0.2272 -0.0225 -0.712229 0.697724 0.0768802 0 
0.0918 0.2273 -0.0249 -0.623947 0.745922 0.233003 0 
0.0919 0.2278 -0.0249 -0.626417 0.734256 0.261668 0 
0.0925 0.2284 -0.0252 0.635428 0.344667 0.690967 0 
0.0925 0.2287 -0.0252 0.634711 0.347541 0.690187 0 
0.0924 0.2284 -0.0249 -0.663287 0.707401 0.244203 0 
0.0925 0.2287 -0.0249 -0.669919 0.698426 0.251813 0 
0.0919 0.2275 -0.0248 -0.622596 0.742386 0.247462 0 
0.0919 0.2275 -0.024 -0.665318 0.736761 0.120561 0 
0.0921 0.2275 -0.0246 -0.632996 0.739276 0.229754 0 
0.0921 0.2278 -0.0248 -0.632226 0.730467 0.258278 0 
0.0921 0.2278 -0.0245 -0.63411 0.734812 0.240741 0 
0.0921 0.2275 -0.0243 -0.635819 0.746664 0.195518 0 
0.0921 0.2276 -0.0243 -0.633699 0.742689 0.216423 0 
0.0922 0.2279 -0.0243 -0.635466 0.735885 0.233789 0 
0.0922 0.2279 -0.024 -0.635724 0.743998 0.205721 0 
0.0924 0.2282 -0.0246 -0.654471 0.714398 0.247595 0 
0.0924 0.2284 -0.0248 -0.6587 0.709248 0.251159 0 
0.0924 0.2284 -0.0245 -0.658254 0.711924 0.244675 0 
0.0925 0.2285 -0.0248 -0.667486 0.702201 0.247743 0 
0.0925 0.2287 -0.0245 -0.66573 0.703682 0.248265 0 
0.0924 0.2281 -0.0243 -0.645943 0.724525 0.240461 0 
0.0927 0.2285 -0.0242 -0.655947 0.712849 0.248154 0 
0.0927 0.2288 -0.0255 0.626479 0.340088 0.70133 0 
0.0927 0.2288 -0.0251 0.623239 0.351697 0.698486 0 
0.0927 0.2291 -0.0251 0.576398 0.401332 0.711827 0 
0.0927 0.2288 -0.0249 -0.686901 0.686901 0.23735 0 
0.0918 0.2272 -0.024 -0.662058 0.741682 0.10764 0 
0.0918 0.2273 -0.0237 -0.67565 0.733521 0.0737861 0 
0.0918 0.2275 -0.0238 -0.674739 0.733031 0.0859818 0 
0.0916 0.2275 -0.0234 -0.688615 0.722974 0.0558337 0 
0.0918 0.2276 -0.0234 -0.684157 0.727186 0.0559374 0 
0.0927 0.2284 -0.0239 -0.671878 0.712222 0.20327 0 
0.0924 0.2284 -0.0238 -0.66974 0.716143 0.196437 0 
0.0921 0.2282 -0.0236 -0.695257 0.712821 0.092213 0 
0.0922 0.2281 -0.0233 -0.692544 0.71846 0.064791 0 
0.0924 0.2281 -0.0234 -0.696072 0.71351 0.0799247 0 
0.0927 0.2281 -0.0233 -0.697877 0.712385 0.0739952 0 
0.0916 0.2275 -0.0232 -0.69472 0.717545 0.0499286 0 
0.0916 0.2273 -0.023 -0.704446 0.707316 0.0588234 0 
0.0918 0.2275 -0.0228 -0.698512 0.712914 0.0619299 0 
0.0927 0.2278 -0.0227 -0.685786 0.725873 0.052973 0 
0.0924 0.2278 -0.0226 -0.685786 0.725873 0.052973 0 
0.0921 0.2281 -0.023 -0.690325 0.721768 0.0500235 0 
0.0925 0.2281 -0.0232 -0.693845 0.716925 0.0677978 0 
0.0925 0.2281 -0.0228 -0.684362 0.727224 0.052863 0 
0.0927 0.2281 -0.023 -0.691238 0.71998 0.0617947 0 
0.0922 0.2281 -0.0227 -0.687105 0.724401 0.0559438 0 
0.0928 0.2287 -0.0243 -0.662481 0.706752 0.248233 0 
0.0931 0.2287 -0.0243 -0.664384 0.70244 0.255288 0 
0.0928 0.229 -0.0255 0.626077 0.321936 0.710201 0 
0.0928 0.229 -0.0252 0.572072 0.403913 0.713854 0 
0.0931 0.2296 -0.0255 0.657969 0.286561 0.696391 0 
0.0931 0.2294 -0.0254 0.633524 0.319192 0.704815 0 
0.0931 0.2291 -0.0251 0.614921 0.34416 0.709525 0 
0.0931 0.229 -0.0249 0.611549 0.362338 0.703363 0 
0.0936 0.2291 -0.0249 0.623799 0.34366 0.701978 0 
0.093 0.2296 -0.0251 0.633643 0.325735 0.701707 0 
0.0934 0.2293 -0.0251 0.630575 0.337284 0.69901 0 
0.0938 0.2293 -0.0249 0.632756 0.348261 0.691617 0 
0.0936 0.2296 -0.0255 0.673971 0.280154 0.683576 0 
0.0939 0.2299 -0.0255 0.735885 0.233789 0.635466 0 
0.0938 0.2296 -0.0252 0.667673 0.29442 0.683761 0 
0.0942 0.2303 -0.0254 0.773103 0.235835 0.588807 0 
0.0942 0.2299 -0.0251 0.73194 0.257681 0.630765 0 
0.0931 0.2288 -0.0246 -0.680829 0.690306 0.244846 0 
0.0936 0.2291 -0.0246 0.612894 0.369708 0.698338 0 
0.0936 0.229 -0.0243 -0.679544 0.689048 0.251859 0 
0.0938 0.2293 -0.0246 0.630066 0.351855 0.692254 0 
0.0938 0.2291 -0.024 -0.667168 0.695829 0.265912 0 
0.0938 0.2293 -0.0243 -0.685497 0.679135 0.262429 0 
0.0931 0.2284 -0.0237 -0.673985 0.708229 0.210134 0 
0.093 0.2285 -0.024 -0.654471 0.714398 0.247595 0 
0.0934 0.2287 -0.024 -0.660178 0.707673 0.251723 0 
0.0934 0.2285 -0.0238 -0.650327 0.716784 0.251586 0 
0.0928 0.2284 -0.0236 -0.673534 0.713607 0.192658 0 
0.0931 0.2284 -0.0234 -0.693797 0.705836 0.142973 0 
0.0936 0.2285 -0.0234 -0.684318 0.705847 0.182997 0 
0.0931 0.2279 -0.0231 -0.692345 0.718362 0.0679336 0 
0.0934 0.2284 -0.0232 -0.695097 0.707055 0.13005 0 
0.0938 0.229 -0.0234 -0.692306 0.695389 0.192735 0 
0.0903 0.2254 -0.0209 -0.745037 0.629938 0.219312 0 
0.0903 0.2255 -0.0209 -0.745037 0.629938 0.219312 0 
0.0906 0.2254 -0.0212 -0.757562 0.625945 0.185182 0 
0.0903 0.2261 -0.0218 -0.747656 0.652526 0.123371 0 
0.0906 0.226 -0.0221 -0.744683 0.659155 0.104698 0 
0.0904 0.2263 -0.0222 -0.756345 0.648918 0.0827479 0 
0.0904 0.2263 -0.0216 -0.772139 0.629635 0.0857932 0 
0.0903 0.2264 -0.0219 -0.762476 0.639543 0.0980535 0 
0.0906 0.2266 -0.0221 -0.760793 0.646603 0.0556678 0 
0.0909 0.2266 -0.0222 -0.747488 0.661405 0.0616928 0 
0.0909 0.2266 -0.0221 -0.748771 0.659666 0.0646731 0 
0.0906 0.2266 -0.0219 -0.755099 0.650345 0.0829299 0 
0.0909 0.2267 -0.0218 -0.755099 0.650747 0.0797129 0 
0.0903 0.2257 -0.021 -0.783266 0.602859 0.151842 0 
0.0904 0.2257 -0.0215 -0.790623 0.602868 0.107079 0 
0.0904 0.2257 -0.0213 -0.796463 0.594047 0.112942 0 
0.0906 0.226 -0.0216 -0.774567 0.62578 0.0918978 0 
0.0906 0.2263 -0.0215 -0.770726 0.631386 0.0856362 0 
0.0906 0.226 -0.0214 -0.789683 0.607114 0.0883866 0 
0.0906 0.2263 -0.0213 -0.773184 0.627025 0.0950038 0 
0.0904 0.226 -0.021 -0.789877 0.600897 0.122542 0 
0.0906 0.2263 -0.021 -0.77392 0.623558 0.11056 0 
0.0909 0.2263 -0.0209 -0.771307 0.626779 0.110608 0 
0.0906 0.2266 -0.0216 -0.758352 0.643939 0.101211 0 
0.0906 0.2266 -0.0214 -0.763912 0.638298 0.0949413 0 
0.0909 0.2267 -0.0215 -0.751689 0.65166 0.1015 0 
0.0909 0.2266 -0.0213 -0.751689 0.65166 0.1015 0 
0.0906 0.2266 -0.021 -0.763375 0.636392 0.110741 0 
0.0912 0.2267 -0.0222 -0.733723 0.676063 0.0677504 0 
0.0915 0.2269 -0.0222 -0.717947 0.69184 0.0768711 0 
0.09 0.2248 -0.0204 -0.681532 0.665421 0.304514 0 
0.09 0.2243 -0.0201 -0.638083 0.687041 0.3476 0 
0.09 0.2245 -0.0202 -0.646704 0.682542 0.340456 0 
0.0903 0.2254 -0.0206 -0.739276 0.632996 0.229754 0 
0.0903 0.2255 -0.0206 -0.744597 0.629083 0.223223 0 
0.09 0.2249 -0.0202 -0.661745 0.674752 0.326808 0 
0.0901 0.2251 -0.0203 -0.684577 0.665248 0.297992 0 
0.0901 0.2254 -0.0204 -0.726913 0.641765 0.244407 0 
0.0903 0.2255 -0.0204 -0.724856 0.642737 0.247936 0 
0.0898 0.2246 -0.02 -0.644082 0.683216 0.344054 0 
0.0897 0.2245 -0.0198 -0.640733 0.686383 0.344007 0 
0.0898 0.2246 -0.0197 -0.640733 0.686383 0.344007 0 
0.0897 0.2242 -0.0192 -0.480199 0.762091 0.43431 0 
0.0897 0.2245 -0.0196 -0.471711 0.751122 0.461849 0 
0.0898 0.2248 -0.0195 -0.647419 0.683296 0.337571 0 
0.0897 0.2245 -0.0192 -0.490645 0.753197 0.438134 0 
0.091 0.2248 -0.0194 -0.448565 0.750895 0.484713 0 
0.0898 0.2249 -0.02 -0.646704 0.682542 0.340456 0 
0.09 0.2251 -0.02 -0.649308 0.681854 0.336859 0 
0.0898 0.2249 -0.0197 -0.638083 0.687041 0.3476 0 
0.0898 0.2252 -0.0198 -0.646704 0.682542 0.340456 0 
0.091 0.2251 -0.0197 -0.640733 0.686383 0.344007 0 
0.0912 0.2254 -0.02 -0.693319 0.648068 0.315145 0 
0.0906 0.2251 -0.0194 -0.639515 0.685311 0.34838 0 
0.0904 0.2252 -0.0192 -0.49656 0.744015 0.447069 0 
0.0913 0.2254 -0.02 -0.705781 0.641473 0.30064 0 
0.0903 0.2257 -0.0207 -0.78169 0.595791 0.184375 0 
0.0904 0.2257 -0.0204 -0.788276 0.587014 0.18449 0 
0.091 0.226 -0.0208 -0.769792 0.619148 0.155164 0 
0.0909 0.2258 -0.0206 -0.779111 0.602938 0.171617 0 
0.0912 0.2258 -0.0204 -0.777085 0.603724 0.177924 0 
0.0904 0.226 -0.0208 -0.800607 0.583745 0.135167 0 
0.0912 0.2257 -0.0202 0.549566 0.476068 0.68654 0 
0.0906 0.2258 -0.0198 -0.761366 0.605028 0.232944 0 
0.0913 0.2261 -0.0204 -0.760737 0.622978 0.182148 0 
0.0913 0.2257 -0.0202 -0.775048 0.600087 0.197983 0 
0.0916 0.2264 -0.0204 -0.742939 0.652521 0.149191 0 
0.0924 0.2275 -0.0222 -0.692544 0.71846 0.064791 0 
0.0921 0.2278 -0.0224 -0.6972 0.71445 0.0589385 0 
0.0921 0.2279 -0.0221 -0.693978 0.717063 0.0649252 0 
0.0927 0.2278 -0.0224 -0.684462 0.727331 0.0500129 0 
0.0927 0.2278 -0.0221 -0.683041 0.728673 0.0499091 0 
0.0924 0.2278 -0.0219 -0.694164 0.717159 0.0617993 0 
0.0922 0.2285 -0.0209 -0.671704 0.735815 0.0859665 0 
0.0919 0.2282 -0.0206 -0.656558 0.735772 0.166044 0 
0.0922 0.2282 -0.0203 -0.663148 0.727472 0.176125 0 
0.0909 0.2237 -0.0189 -0.426013 0.785614 0.448691 0 
0.0897 0.2237 -0.0183 -0.479 0.788657 0.385458 0 
0.0903 0.2239 -0.0184 -0.469506 0.781426 0.41102 0 
0.0903 0.2237 -0.018 -0.482076 0.788411 0.382113 0 
0.0903 0.2234 -0.0178 -0.468943 0.805045 0.363311 0 
0.0897 0.2239 -0.018 -0.490076 0.784446 0.380092 0 
0.0897 0.2237 -0.0177 -0.518565 0.785072 0.338753 0 
0.09 0.2237 -0.0178 -0.489223 0.793984 0.360902 0 
0.0906 0.2239 -0.0183 -0.46634 0.781566 0.414344 0 
0.0906 0.2234 -0.018 -0.44797 0.80442 0.390168 0 
0.0906 0.2233 -0.0177 -0.460994 0.808734 0.365286 0 
0.0906 0.2225 -0.0174 -0.164296 0.87964 0.446363 0 
0.09 0.2234 -0.0174 -0.496037 0.799082 0.339729 0 
0.0903 0.2234 -0.0174 -0.490666 0.800729 0.343626 0 
0.0897 0.2237 -0.0174 -0.496573 0.799945 0.336903 0 
0.0897 0.2233 -0.0172 -0.481332 0.815897 0.320362 0 
0.09 0.2233 -0.0172 -0.499633 0.804172 0.321986 0 
0.0897 0.2233 -0.0168 -0.210959 0.886617 0.411591 0 
0.09 0.2233 -0.0168 -0.210994 0.883813 0.417561 0 
0.0897 0.2231 -0.0165 -0.128202 0.903047 0.409964 0 
0.09 0.2231 -0.0162 -0.060559 0.911077 0.407764 0 
0.0903 0.2228 -0.0162 -0.00646661 0.914378 0.40481 0 
0.09 0.2233 -0.0166 -0.185116 0.890596 0.415417 0 
0.0897 0.2233 -0.0162 -0.0661542 0.911308 0.406376 0 
0.0897 0.2231 -0.0159 -0.0304117 0.911029 0.411219 0 
0.09 0.223 -0.0156 0.0064751 0.91299 0.407932 0 
0.0897 0.2228 -0.0153 -0.475096 0.837222 0.27082 0 
0.09 0.2228 -0.0154 -0.481211 0.83005 0.281874 0 
0.0897 0.2228 -0.0156 -0.00907196 0.916268 0.400462 0 
0.09 0.2234 -0.016 -0.0358196 0.911411 0.409936 0 
0.09 0.2228 -0.015 -0.30742 0.898498 0.31336 0 
0.0897 0.2227 -0.015 -0.419657 0.868099 0.265126 0 
0.0898 0.2225 -0.0148 -0.279288 0.916008 0.287971 0 
0.0897 0.2228 -0.0147 -0.372463 0.891834 0.256718 0 
0.0897 0.2218 -0.0142 -0.346268 0.900296 0.263753 0 
0.0897 0.2224 -0.0144 -0.307737 0.911545 0.272734 0 
0.0897 0.2224 -0.0138 -0.290544 0.917888 0.270307 0 
0.0897 0.2225 -0.0141 -0.29684 0.916584 0.26788 0 
0.0897 0.2242 -0.019 -0.511578 0.756743 0.406974 0 
0.09 0.2243 -0.0189 -0.486051 0.764261 0.423862 0 
0.0897 0.2245 -0.0191 -0.497016 0.752905 0.431403 0 
0.0897 0.2248 -0.0192 -0.492361 0.749245 0.44296 0 
0.0897 0.2242 -0.0188 -0.488102 0.768883 0.413009 0 
0.0898 0.224 -0.0186 -0.483817 0.773781 0.408882 0 
0.0903 0.2245 -0.0186 -0.484837 0.765618 0.422804 0 
0.0907 0.2248 -0.0191 -0.489625 0.746802 0.45006 0 
0.0907 0.2245 -0.0189 -0.494012 0.756609 0.428362 0 
0.0907 0.224 -0.0186 -0.450863 0.779652 0.434587 0 
0.0898 0.2249 -0.0189 -0.498764 0.748968 0.436212 0 
0.09 0.2251 -0.019 -0.634711 0.690187 0.347541 0 
0.09 0.2249 -0.0186 -0.515834 0.751644 0.41103 0 
0.0904 0.2249 -0.019 -0.495343 0.745482 0.445973 0 
0.0897 0.2243 -0.0183 -0.488243 0.776972 0.397407 0 
0.09 0.2242 -0.018 -0.483931 0.784972 0.386821 0 
0.09 0.2243 -0.0184 -0.486306 0.77256 0.408237 0 
0.0901 0.2257 -0.0192 -0.489365 0.743109 0.456411 0 
0.0828 0.2163 -0.0001 -0.24701 0.963724 0.101108 0 
0.0855 0.2166 -0.0058 -0.99836 -0.00518359 -0.0570195 0 
0.0855 0.2171 -0.0058 -0.99836 -0.00518359 -0.0570195 0 
0.0853 0.2174 -0.0058 -0.99836 -0.00518359 -0.0570195 0 
0.0858 0.2168 -0.0061 -0.998783 -0.00927662 -0.0484446 0 
0.085 0.2174 -0.0055 -0.99473 -0.0497918 -0.0896253 0 
0.0853 0.2175 -0.0055 -0.99473 -0.0497918 -0.0896253 0 
0.0855 0.2174 -0.0053 -0.990713 -0.0772733 -0.111873 0 
0.0856 0.2175 -0.0053 -0.991222 -0.0746575 -0.109115 0 
0.0855 0.2174 -0.0049 -0.994694 -0.00756011 -0.102601 0 
0.0855 0.2175 -0.0049 -0.994694 -0.00756011 -0.102601 0 
0.0856 0.2174 -0.0047 -0.995463 0.0650413 -0.0694509 0 
0.0853 0.2174 -0.0044 -0.989608 0.130181 -0.0610585 0 
0.0849 0.2171 -0.0041 -0.965984 0.255375 -0.040712 0 
0.0853 0.2174 -0.0043 -0.975811 0.213496 -0.0470416 0 
0.0852 0.2166 -0.0032 -0.92104 0.387599 -0.0381029 0 
0.0853 0.2168 -0.0037 -0.956697 0.286883 -0.0492882 0 
0.0853 0.2171 -0.0038 -0.959318 0.278915 -0.0437759 0 
0.0852 0.2172 -0.004 -0.96084 0.273633 -0.0437313 0 
0.0853 0.2174 -0.004 -0.964586 0.260599 -0.0407572 0 
0.0855 0.2174 -0.0038 -0.961031 0.272978 -0.0436266 0 
0.0855 0.2175 -0.0038 -0.96084 0.273633 -0.0437313 0 
0.0853 0.2171 -0.0035 -0.95566 0.289863 -0.0518968 0 
0.0853 0.2168 -0.0034 -0.929689 0.366399 -0.0378134 0 
0.0853 0.2171 -0.0032 -0.923773 0.381302 -0.0353785 0 
0.0853 0.2174 -0.0035 -0.956697 0.286883 -0.0492882 0 
0.0855 0.2174 -0.0032 -0.941333 0.334438 -0.0451943 0 
0.0856 0.2174 -0.0035 -0.958488 0.280871 -0.0491209 0 
0.0847 0.2159 -0.0017 -0.720826 0.693048 -0.00972212 0 
0.0847 0.2162 -0.0022 -0.733021 0.679964 0.018151 0 
0.0852 0.2165 -0.0031 -0.917053 0.39717 -0.0356265 0 
0.085 0.2166 -0.0029 -0.884174 0.466833 -0.0173892 0 
0.085 0.2165 -0.0025 -0.848492 0.529123 -0.0094728 0 
0.085 0.2168 -0.0025 -0.899132 0.435412 -0.0444848 0 
0.0852 0.2168 -0.0029 -0.902755 0.429568 -0.0224697 0 
0.0853 0.2168 -0.0031 -0.92104 0.387599 -0.0381029 0 
0.0853 0.2171 -0.0031 -0.921977 0.385363 -0.0381417 0 
0.085 0.2169 -0.0026 -0.902847 0.427947 -0.0415873 0 
0.0852 0.2172 -0.0028 -0.93145 0.360265 -0.0510922 0 
0.0849 0.2174 -0.0025 -0.928436 0.365264 -0.06774 0 
0.0849 0.2165 -0.0023 -0.751502 0.659482 0.0181253 0 
0.085 0.2168 -0.0023 -0.896137 0.437776 -0.072734 0 
0.0849 0.2165 -0.002 -0.858674 0.506181 -0.0803685 0 
0.0849 0.2168 -0.002 -0.889169 0.445287 -0.105352 0 
0.0849 0.2162 -0.0019 -0.723506 0.690305 0.00415013 0 
0.0849 0.2165 -0.0019 -0.875923 0.469904 -0.109313 0 
0.085 0.2168 -0.0017 -0.897231 0.419466 -0.137926 0 
0.085 0.2171 -0.0023 -0.921035 0.380045 -0.0852059 0 
0.085 0.2171 -0.0022 -0.917054 0.386776 -0.0970356 0 
0.0853 0.2171 -0.002 -0.924575 0.36629 -0.104849 0 
0.0849 0.2174 -0.0023 -0.929662 0.356527 -0.0928316 0 
0.085 0.2169 -0.0019 -0.902845 0.411405 -0.124966 0 
0.0852 0.2168 -0.0017 -0.900447 0.412646 -0.137549 0 
0.0855 0.2171 -0.0017 -0.916541 0.381314 -0.120634 0 
0.0856 0.2172 -0.0017 -0.921227 0.373693 -0.108138 0 
0.0847 0.2159 -0.0011 -0.759163 0.646373 -0.0766393 0 
0.0838 0.2159 -0.0002 -0.350846 0.931557 0.0954409 0 
0.0844 0.2156 -0.0005 -0.475516 0.878819 0.0395128 0 
0.0841 0.2157 -0.0008 -0.490641 0.87058 0.0369006 0 
0.0844 0.2159 -0.0005 -0.773274 0.617118 -0.145646 0 
0.0844 0.2159 -0.0002 -0.830852 0.510707 -0.221052 0 
0.0846 0.216 -0.0014 -0.775996 0.62571 -0.0794782 0 
0.0847 0.2162 -0.0014 -0.835889 0.535378 -0.12108 0 
0.0847 0.2162 -0.0011 -0.842695 0.519147 -0.142655 0 
0.0847 0.216 -0.0008 -0.832682 0.53498 -0.142956 0 
0.0847 0.2162 -0.0008 -0.84203 0.517605 -0.15189 0 
0.0841 0.216 -0.0008 -0.68308 0.726588 -0.0739641 0 
0.0844 0.216 -0.0007 -0.817398 0.549448 -0.173114 0 
0.0847 0.2162 -0.0007 -0.845443 0.511987 -0.151973 0 
0.0846 0.216 -0.0004 -0.814567 0.556546 -0.163514 0 
0.0847 0.2162 -0.0004 -0.837733 0.514029 -0.184331 0 
0.0844 0.216 -0.0002 -0.830852 0.510707 -0.221052 0 
0.0847 0.2162 -0.0002 -0.840942 0.503963 -0.197072 0 
0.0849 0.2165 -0.0016 -0.888097 0.441917 -0.126465 0 
0.085 0.2168 -0.0016 -0.897784 0.418398 -0.137575 0 
0.0849 0.2165 -0.0014 -0.886953 0.438445 -0.14519 0 
0.085 0.2166 -0.0014 -0.894675 0.423793 -0.141264 0 
0.0849 0.2165 -0.0011 -0.879698 0.444955 -0.16777 0 
0.085 0.2166 -0.0011 -0.884328 0.437081 -0.164087 0 
0.0849 0.2165 -0.0008 -0.872653 0.454721 -0.178062 0 
0.0849 0.2165 -0.0006 -0.873356 0.452142 -0.181151 0 
0.0864 0.2204 -0.0112 -0.625619 0.779575 -0.0293915 0 
0.0862 0.22 -0.0108 -0.622081 0.782165 -0.0351062 0 
0.0861 0.22 -0.0105 -0.619857 0.783646 -0.0409473 0 
0.0853 0.2201 -0.0112 -0.607909 0.79323 -0.0350987 0 
0.0856 0.2203 -0.0112 -0.619048 0.784689 -0.032286 0 
0.0858 0.2201 -0.0109 -0.61899 0.784615 -0.0350901 0 
0.0862 0.2201 -0.0111 -0.625225 0.779775 -0.032315 0 
0.0862 0.2201 -0.0109 -0.623857 0.780873 -0.0322443 0 
0.0864 0.2204 -0.0108 -0.623857 0.780873 -0.0322443 0 
0.0861 0.2201 -0.0106 -0.620291 0.783452 -0.037977 0 
0.0862 0.2204 -0.0105 -0.622081 0.782165 -0.0351062 0 
0.0862 0.22 -0.0103 -0.615445 0.787262 -0.0380252 0 
0.0861 0.2197 -0.0102 -0.598314 0.800991 -0.020823 0 
0.0862 0.2195 -0.0097 -0.625225 0.779775 0.032315 0 
0.0861 0.2197 -0.01 -0.599775 0.800158 0.00411745 0 
0.0862 0.2198 -0.01 -0.602838 0.797834 -0.00686604 0 
0.0862 0.2198 -0.0097 -0.61246 0.790227 0.020832 0 
0.0862 0.2201 -0.0103 -0.619857 0.783646 -0.0409473 0 
0.0864 0.2204 -0.0103 -0.624758 0.77989 -0.0380778 0 
0.0862 0.2201 -0.0101 -0.605789 0.795185 -0.0264598 0 
0.0862 0.2201 -0.0099 -0.607653 0.794201 0.00137168 0 
0.0862 0.2204 -0.0097 -0.607653 0.794201 0.00137168 0 
0.0862 0.2204 -0.01 -0.605789 0.795185 -0.0264598 0 
0.0871 0.2201 -0.0121 -0.61796 0.784823 -0.0466652 0 
0.0876 0.2201 -0.0124 -0.583919 0.811384 -0.0263526 0 
0.0876 0.2204 -0.0124 -0.56191 0.827143 -0.00957025 0 
0.0877 0.2207 -0.0126 -0.5183 0.854716 0.0287185 0 
0.0876 0.2204 -0.0123 -0.58638 0.809894 -0.0151769 0 
0.0877 0.2207 -0.0124 -0.541774 0.840497 0.00678915 0 
0.0871 0.2203 -0.0118 -0.616669 0.786006 -0.0437454 0 
0.0865 0.2203 -0.0114 -0.623911 0.78094 -0.029443 0 
0.0868 0.2204 -0.0114 -0.623857 0.780873 -0.0322443 0 
0.0871 0.2204 -0.0112 -0.625619 0.779575 -0.0293915 0 
0.0874 0.2204 -0.0118 -0.619783 0.783552 -0.043766 0 
0.0876 0.2204 -0.012 -0.592077 0.805613 -0.020799 0 
0.0874 0.2206 -0.0118 -0.612327 0.789691 -0.0380065 0 
0.0873 0.2204 -0.0114 -0.619857 0.783646 -0.0409473 0 
0.0874 0.2206 -0.0114 -0.619334 0.783734 -0.0467689 0 
0.0865 0.2203 -0.0109 -0.623857 0.780873 -0.0322443 0 
0.0868 0.2204 -0.0112 -0.623911 0.78094 -0.029443 0 
0.0868 0.2204 -0.0109 -0.624305 0.78073 -0.0265364 0 
0.0871 0.2204 -0.0109 -0.623911 0.78094 -0.029443 0 
0.0868 0.2204 -0.0106 -0.623857 0.780873 -0.0322443 0 
0.087 0.2206 -0.0106 -0.619468 0.784473 -0.0293653 0 
0.0868 0.2206 -0.0105 -0.623857 0.780873 -0.0322443 0 
0.0865 0.2207 -0.0103 -0.62345 0.781071 -0.0351834 0 
0.0877 0.221 -0.0126 -0.504557 0.862806 0.0314493 0 
0.0876 0.2213 -0.0127 -0.505833 0.861432 0.0454836 0 
0.0874 0.2212 -0.0112 -0.618785 0.783795 -0.0526323 0 
0.0879 0.2212 -0.0114 -0.589059 0.807333 -0.0349797 0 
0.0883 0.2216 -0.0126 -0.511727 0.856617 0.0658936 0 
0.0888 0.2219 -0.0126 -0.46734 0.876084 0.118621 0 
0.0883 0.2216 -0.0123 -0.529116 0.84796 0.0316095 0 
0.0886 0.2218 -0.0123 -0.484175 0.872073 0.0711611 0 
0.0888 0.2218 -0.0126 -0.463936 0.87791 0.118482 0 
0.0883 0.2216 -0.012 -0.510714 0.859361 0.0258762 0 
0.0883 0.2216 -0.0115 -0.553553 0.832401 -0.0262282 0 
0.0886 0.2218 -0.012 -0.535135 0.844446 0.0232667 0 
0.0888 0.2219 -0.0117 -0.538096 0.842882 0.00134861 0 
0.0876 0.221 -0.0112 -0.619249 0.783627 -0.0495966 0 
0.0874 0.2213 -0.0109 -0.620536 0.782416 -0.0525397 0 
0.0879 0.2215 -0.0111 -0.616337 0.785078 -0.0614907 0 
0.0873 0.221 -0.0101 -0.620775 0.783326 -0.0322299 0 
0.0861 0.2191 -0.0088 -0.744283 0.65443 0.133282 0 
0.0853 0.2192 -0.0085 -0.789561 0.599234 0.132337 0 
0.0859 0.2192 -0.0087 -0.744283 0.65443 0.133282 0 
0.0861 0.2192 -0.0096 -0.652703 0.75401 0.073809 0 
0.0862 0.2195 -0.0094 -0.649613 0.756676 0.0737868 0 
0.0862 0.2195 -0.0093 -0.685225 0.723212 0.086201 0 
0.0862 0.2198 -0.0094 -0.6492 0.758117 0.0616239 0 
0.0862 0.2198 -0.0093 -0.649613 0.756676 0.0737868 0 
0.0859 0.2194 -0.009 -0.710013 0.692076 0.130045 0 
0.0861 0.2192 -0.0088 -0.737677 0.663164 0.126672 0 
0.0861 0.2197 -0.009 -0.698949 0.70491 0.120714 0 
0.0861 0.22 -0.009 -0.677452 0.727633 0.107743 0 
0.0858 0.2204 -0.0094 -0.551722 0.829732 0.0845495 0 
0.0862 0.2201 -0.0096 -0.61643 0.786962 0.0265582 0 
0.0861 0.2204 -0.0094 -0.507273 0.856822 0.0923606 0 
0.0859 0.2195 -0.0085 -0.743479 0.65336 0.142688 0 
0.0859 0.2198 -0.0087 -0.727762 0.673964 0.127022 0 
0.0855 0.218 -0.0065 -0.996247 0.0247716 -0.0829309 0 
0.0852 0.2181 -0.0067 -0.994598 0.0341446 -0.0980279 0 
0.0856 0.2183 -0.0067 -0.992988 0.0506053 -0.106833 0 
0.0853 0.2183 -0.0066 -0.994598 0.0341446 -0.0980279 0 
0.0859 0.2183 -0.0065 -0.994598 0.0341446 -0.0980279 0 
0.0852 0.2184 -0.0069 -0.991666 0.0696106 -0.10841 0 
0.0853 0.2186 -0.0069 -0.697754 0.675703 0.237835 0 
0.0856 0.2186 -0.007 -0.0587768 0.889853 0.452445 0 
0.0849 0.2189 -0.0071 -0.0618009 0.888559 0.45458 0 
0.0852 0.2189 -0.0072 -0.0364931 0.885294 0.463597 0 
0.0856 0.2191 -0.007 -0.0337544 0.887065 0.460409 0 
0.0858 0.2186 -0.0067 -0.992717 0.0460945 -0.111301 0 
0.0853 0.2192 -0.0072 -0.0394251 0.882306 0.469022 0 
0.0855 0.218 -0.0061 -0.996884 -0.0138308 -0.0776654 0 
0.0856 0.2181 -0.0064 -0.996247 0.0247716 -0.0829309 0 
0.0856 0.2181 -0.0061 -0.997174 0.00737088 -0.0747617 0 
0.0853 0.2177 -0.0059 -0.998987 -0.0154642 -0.0422688 0 
0.0855 0.2178 -0.0059 -0.998987 -0.0154642 -0.0422688 0 
0.0853 0.2177 -0.0058 -0.998504 -0.0135073 -0.0529903 0 
0.0856 0.2178 -0.0056 -0.99836 -0.00518359 -0.0570195 0 
0.0856 0.2183 -0.0064 -0.996247 0.0247716 -0.0829309 0 
0.0856 0.2183 -0.0061 -0.996825 0.00739955 -0.0792809 0 
0.0856 0.218 -0.0058 -0.998844 -0.00102236 -0.0480509 0 
0.0858 0.2183 -0.0058 -0.997559 -0.0136941 -0.0684703 0 
0.0856 0.2183 -0.0056 -0.99855 -0.0219577 -0.0491433 0 
0.0855 0.2177 -0.0055 -0.995285 -0.0472898 -0.0846817 0 
0.0856 0.2178 -0.0055 -0.995285 -0.0472898 -0.0846817 0 
0.0855 0.2181 -0.0055 -0.99836 -0.00518359 -0.0570195 0 
0.0855 0.2181 -0.0053 -0.99473 -0.0497918 -0.0896253 0 
0.0855 0.2178 -0.0052 -0.989688 -0.0823773 -0.117185 0 
0.0855 0.2178 -0.0049 -0.991241 -0.0676106 -0.113448 0 
0.0855 0.2177 -0.0047 -0.996014 0.0536905 -0.0712222 0 
0.0853 0.218 -0.0047 -0.994891 -0.0273022 -0.0971957 0 
0.0853 0.2177 -0.0044 -0.992849 0.100527 -0.0643827 0 
0.0853 0.2177 -0.0043 -0.989608 0.130181 -0.0610585 0 
0.0853 0.2177 -0.004 -0.972831 0.227115 -0.0449372 0 
0.0945 0.2306 -0.0255 0.784581 0.194233 0.588818 0 
0.0822 0.2156 0.0016 0.122419 0.954342 0.272481 0 
0.0826 0.2156 0.0011 0.0903964 0.963804 0.250818 0 
0.0829 0.2162 0.001 0.0740298 0.967407 0.242165 0 
0.0814 0.2151 0.0016 0.224613 0.860765 0.456763 0 
0.082 0.2154 0.0018 0.139699 0.907335 0.396518 0 
0.0828 0.2153 0.0018 -0.124371 0.984102 0.126786 0 
0.0829 0.2156 0.0018 -0.124371 0.984102 0.126786 0 
0.0829 0.2159 0.0019 -0.124371 0.984102 0.126786 0 
0.0825 0.2153 0.0023 -0.107128 0.971712 0.210475 0 
0.0826 0.2156 0.0022 -0.106098 0.974853 0.195969 0 
0.0828 0.2157 0.0022 -0.111085 0.974799 0.193462 0 
0.0831 0.2157 0.0023 -0.10624 0.980579 0.164855 0 
0.0828 0.2157 0.0025 -0.141319 0.97673 0.161329 0 
0.0826 0.2163 0.0017 0.107746 0.959327 0.260927 0 
0.0829 0.2162 0.0019 -0.124371 0.984102 0.126786 0 
0.0826 0.2142 0.0061 0.152973 0.896392 0.416029 0 
0.0826 0.215 0.0052 0.620425 0.763717 0.178353 0 
0.0832 0.2151 0.0058 0.140206 0.871588 0.469762 0 
0.0831 0.215 0.0064 0.188489 0.905034 0.381294 0 
0.0829 0.2153 0.0056 0.150026 0.869569 0.47047 0 
0.0834 0.2159 0.0002 -0.280737 0.954504 0.100543 0 
0.084 0.2159 0.0002 -0.340398 0.935759 0.0921076 0 
0.0838 0.2156 0.0005 -0.244604 0.96433 0.101171 0 
0.084 0.2159 0.0005 -0.323767 0.942229 0.0858975 0 
0.0841 0.2157 0.0001 -0.363884 0.927836 0.0819074 0 
0.0844 0.2159 0.0001 -0.804274 0.552073 -0.219907 0 
0.0838 0.2151 0.0011 -0.191009 0.977227 0.0924238 0 
0.0835 0.215 0.0014 -0.154874 0.981682 0.110973 0 
0.0838 0.2151 0.0013 -0.178445 0.978374 0.104606 0 
0.0838 0.2154 0.001 -0.199944 0.974883 0.0981093 0 
0.0835 0.2156 0.0013 -0.178445 0.978374 0.104606 0 
0.0835 0.2159 0.0013 -0.181653 0.977468 0.107509 0 
0.0834 0.2156 0.0014 -0.167272 0.980433 0.103782 0 
0.0834 0.2159 0.0014 -0.178445 0.978374 0.104606 0 
0.0838 0.2159 0.0013 -0.185333 0.97642 0.110702 0 
0.0841 0.2159 0.0013 -0.199944 0.974883 0.0981093 0 
0.0835 0.2162 0.0007 -0.237168 0.965338 0.108969 0 
0.0844 0.2162 0.0001 -0.810647 0.548065 -0.206097 0 
0.0843 0.216 0.0002 -0.804274 0.552073 -0.219907 0 
0.0844 0.2162 0.0004 -0.810737 0.544067 -0.216094 0 
0.0847 0.2162 0.0001 -0.82621 0.526046 -0.201626 0 
0.0847 0.2162 0.0004 -0.821525 0.527795 -0.215708 0 
0.0841 0.2162 0.0005 -0.809289 0.521263 -0.270806 0 
0.0841 0.2162 0.0007 -0.797009 0.536056 -0.278246 0 
0.0841 0.2163 0.0007 -0.811014 0.505506 -0.294485 0 
0.084 0.2162 0.001 -0.723596 0.648254 -0.237013 0 
0.0837 0.216 0.001 -0.212882 0.971194 0.107071 0 
0.0835 0.2162 0.0016 -0.169066 0.978607 0.117235 0 
0.084 0.2162 0.0013 -0.54549 0.830599 -0.112007 0 
0.0834 0.2165 0.0014 -0.178445 0.978374 0.104606 0 
0.0844 0.2165 0.001 -0.828436 0.489601 -0.272001 0 
0.0844 0.216 0.0013 -0.634678 0.753395 -0.171987 0 
0.0835 0.215 0.0019 -0.126523 0.98447 0.121703 0 
0.0837 0.2148 0.0016 -0.143948 0.983444 0.110078 0 
0.0834 0.2154 0.0016 -0.154874 0.981682 0.110973 0 
0.0834 0.2153 0.0018 -0.140007 0.982486 0.122963 0 
0.0838 0.2153 0.0017 -0.154874 0.981682 0.110973 0 
0.0832 0.2157 0.0017 -0.150614 0.980826 0.123675 0 
0.0838 0.2159 0.0017 -0.169066 0.978607 0.117235 0 
0.0834 0.2153 0.0022 -0.120522 0.982439 0.142435 0 
0.0841 0.2153 0.0016 -0.176015 0.978545 0.107086 0 
0.0841 0.2154 0.0019 -0.15245 0.981781 0.113423 0 
0.0844 0.2157 0.0016 -0.178445 0.978374 0.104606 0 
0.0844 0.2157 0.0019 -0.154874 0.981682 0.110973 0 
0.0834 0.2162 0.002 -0.140007 0.982486 0.122963 0 
0.0838 0.2162 0.002 -0.150614 0.980826 0.123675 0 
0.0837 0.2138 0.0064 0.313073 0.897675 0.310106 0 
0.0838 0.2141 0.0064 0.326907 0.894142 0.306009 0 
0.084 0.215 0.0058 0.0880718 0.882116 0.462726 0 
0.0846 0.2145 0.0056 0.0766446 0.876535 0.475196 0 
0.0832 0.2136 0.0096 -0.0932106 0.981737 0.165842 0 
0.0831 0.213 0.0097 -0.188094 0.966413 0.175122 0 
0.0829 0.2129 0.01 -0.248578 0.949487 0.191527 0 
0.0831 0.213 0.01 -0.275227 0.94344 0.184854 0 
0.0829 0.2135 0.0099 -0.188094 0.966413 0.175122 0 
0.0831 0.2133 0.0102 -0.285584 0.93953 0.18901 0 
0.0831 0.2136 0.0099 -0.188094 0.966413 0.175122 0 
0.0829 0.2138 0.01 -0.210886 0.958934 0.189665 0 
0.0829 0.2138 0.0103 -0.247939 0.949754 0.191035 0 
0.0832 0.213 0.0105 -0.325456 0.925647 0.193019 0 
0.0832 0.2132 0.0105 -0.312041 0.930527 0.191703 0 
0.0832 0.2136 0.0106 -0.318905 0.928617 0.189657 0 
0.0832 0.2138 0.0105 -0.296056 0.935427 0.193201 0 
0.0832 0.2138 0.0106 -0.303475 0.9328 0.194392 0 
0.0829 0.2139 0.0108 -0.394307 0.897741 0.196426 0 
0.0832 0.213 0.0114 -0.440568 0.873719 0.206192 0 
0.0829 0.2133 0.0118 -0.300132 0.925999 0.229011 0 
0.0831 0.2133 0.0121 -0.288949 0.92663 0.240554 0 
0.0835 0.2135 0.0064 0.313073 0.897675 0.310106 0 
0.084 0.2133 0.0066 0.382387 0.883239 0.27142 0 
0.0838 0.2132 0.007 0.565044 0.795989 0.217088 0 
0.084 0.2133 0.007 0.586549 0.783605 0.204753 0 
0.0838 0.2135 0.0072 0.54993 0.805639 0.22028 0 
0.0835 0.2139 0.0067 0.440875 0.862055 0.249981 0 
0.0835 0.2141 0.0066 0.453579 0.857097 0.244235 0 
0.0838 0.2141 0.0066 0.453579 0.857097 0.244235 0 
0.0838 0.2138 0.007 0.586549 0.783605 0.204753 0 
0.0837 0.2142 0.0072 0.593646 0.78079 0.194814 0 
0.0841 0.2141 0.0066 0.393128 0.878137 0.272629 0 
0.0844 0.2142 0.0064 0.295476 0.898308 0.325172 0 
0.0846 0.2138 0.0069 0.484106 0.845288 0.226118 0 
0.0832 0.2135 0.0073 0.566432 0.794856 0.217621 0 
0.0834 0.2135 0.0076 0.614847 0.760427 0.209079 0 
0.0835 0.2133 0.0078 -0.703366 0.709072 0.0499347 0 
0.0838 0.2133 0.0076 -0.710677 0.702132 0.0441503 0 
0.0837 0.2135 0.0079 -0.696042 0.716051 0.052882 0 
0.0835 0.2136 0.0075 0.618217 0.757664 0.209171 0 
0.0838 0.2138 0.0073 0.54993 0.805639 0.22028 0 
0.0838 0.2138 0.0076 0.614847 0.760427 0.209079 0 
0.0838 0.2141 0.0073 0.553575 0.80506 0.213149 0 
0.084 0.2136 0.0078 -0.731526 0.68039 0.0440336 0 
0.0841 0.2138 0.0076 0.588241 0.77969 0.214608 0 
0.0844 0.2136 0.0079 -0.782341 0.622848 0.00137494 0 
0.0835 0.2133 0.0081 -0.746394 0.665173 0.0210055 0 
0.0835 0.2133 0.0084 0.416967 0.890594 0.181606 0 
0.0837 0.2135 0.0082 -0.844879 0.534955 -0.00134749 0 
0.0835 0.2135 0.0085 0.365805 0.910925 0.190792 0 
0.0838 0.2135 0.0084 0.391391 0.897725 0.202243 0 
0.0837 0.2135 0.0087 0.143769 0.976382 0.161272 0 
0.0846 0.2135 0.0082 -0.0310838 0.986624 0.160024 0 
0.084 0.2136 0.0081 -0.695525 0.718006 0.0266969 0 
0.0838 0.2138 0.0084 -0.855516 0.517634 0.0121637 0 
0.0838 0.2138 0.0085 0.391391 0.897725 0.202243 0 
0.0835 0.2135 0.009 0.0932106 0.981737 0.165842 0 
0.0837 0.2132 0.0088 0.152838 0.973868 0.167995 0 
0.0837 0.2132 0.009 -0.0748253 0.984606 0.157964 0 
0.0837 0.2135 0.0091 -0.0525341 0.986475 0.155268 0 
0.0834 0.2132 0.0094 -0.0984749 0.981102 0.166556 0 
0.0835 0.2133 0.0094 -0.0932477 0.982129 0.163486 0 
0.0841 0.2135 0.0088 0.0598122 0.986316 0.153635 0 
0.0838 0.2136 0.009 0.0526361 0.98605 0.157908 0 
0.0835 0.2136 0.0094 -0.0874687 0.983723 0.156964 0 
0.0838 0.2138 0.0094 -0.0772155 0.984795 0.155619 0 
0.0838 0.2138 0.0096 -0.0958758 0.981817 0.163838 0 
0.0834 0.2126 0.0112 -0.142615 0.96167 0.234203 0 
0.0834 0.2132 0.0096 -0.125184 0.977922 0.167325 0 
0.0832 0.2129 0.0102 -0.308228 0.933053 0.185495 0 
0.0834 0.2136 0.0096 -0.103782 0.980433 0.167272 0 
0.0835 0.2139 0.0097 -0.112316 0.978751 0.171559 0 
0.0834 0.2138 0.01 -0.200164 0.964188 0.173999 0 
0.084 0.2139 0.0099 -0.120008 0.978622 0.167022 0 
0.0832 0.2138 0.0102 -0.251773 0.948572 0.191892 0 
0.0837 0.2138 0.01 -0.200164 0.964188 0.173999 0 
0.084 0.2139 0.0102 0.0151531 0.980288 0.19699 0 
0.0832 0.2129 0.0108 -0.35262 0.915099 0.195583 0 
0.0832 0.2132 0.0106 -0.320227 0.926825 0.196086 0 
0.0832 0.2129 0.0109 -0.344493 0.916265 0.204409 0 
0.0835 0.213 0.0109 -0.0573064 0.974208 0.218252 0 
0.0835 0.213 0.0112 -0.135932 0.964467 0.226553 0 
0.0838 0.2132 0.0108 0.0596574 0.975216 0.213062 0 
0.0838 0.2132 0.0112 0.0675366 0.973756 0.217345 0 
0.0835 0.2124 0.0114 -0.180737 0.954558 0.236966 0 
0.0835 0.2126 0.0112 -0.139698 0.96222 0.233701 0 
0.0835 0.212 0.0118 -0.0012027 0.963362 0.268202 0 
0.0835 0.2124 0.0118 -0.0157832 0.965202 0.261029 0 
0.0834 0.2127 0.0118 -0.0181908 0.966536 0.255884 0 
0.0834 0.2124 0.012 -0.0133158 0.96479 0.262684 0 
0.0835 0.2127 0.012 -0.0231333 0.96551 0.259336 0 
0.0843 0.2127 0.0114 0.195878 0.952373 0.233703 0 
0.0832 0.2123 0.0121 -0.253705 0.934923 0.248098 0 
0.0834 0.2124 0.0123 -0.267648 0.934666 0.234017 0 
0.0835 0.2127 0.0123 -0.0133015 0.966169 0.257565 0 
0.0834 0.2121 0.0124 -0.238767 0.942648 0.233247 0 
0.0834 0.2121 0.0127 -0.288104 0.936687 0.199029 0 
0.0835 0.2124 0.0124 0.0132704 0.96633 0.256964 0 
0.0834 0.2124 0.0127 -0.22824 0.947129 0.225507 0 
0.0835 0.2126 0.0127 -0.248155 0.941326 0.228746 0 
0.0837 0.2126 0.0124 -0.0059839 0.968195 0.250127 0 
0.0838 0.2129 0.0114 0.015448 0.973223 0.229343 0 
0.0834 0.2132 0.0117 -0.22291 0.94771 0.22838 0 
0.0843 0.213 0.0112 0.227338 0.948832 0.219171 0 
0.0844 0.213 0.0114 0.20987 0.951863 0.22341 0 
0.0841 0.2135 0.0115 0.178994 0.95861 0.221422 0 
0.0847 0.2135 0.0115 0.218308 0.950522 0.22102 0 
0.0841 0.2129 0.0117 0.127824 0.964493 0.231117 0 
0.0844 0.213 0.0118 0.188958 0.955511 0.226482 0 
0.0841 0.2135 0.0118 0.138818 0.963941 0.227039 0 
0.0835 0.2133 0.012 -0.245394 0.941369 0.23153 0 
0.084 0.2133 0.0121 0.02545 0.968313 0.248441 0 
0.0838 0.2129 0.0124 -0.00839677 0.968028 0.250704 0 
0.084 0.2132 0.0126 -0.103706 0.964077 0.24454 0 
0.0846 0.2132 0.0121 0.195878 0.952373 0.233703 0 
0.085 0.2132 0.0117 0.286496 0.930054 0.230044 0 
0.0835 0.2103 0.0189 -0.575459 0.795262 0.190802 0 
0.0832 0.212 0.013 -0.545329 0.828959 0.124271 0 
0.0829 0.2118 0.0139 -0.576891 0.815507 0.0463197 0 
0.0825 0.2118 0.0142 -0.602356 0.797029 0.0437308 0 
0.0831 0.212 0.0138 -0.554839 0.830152 0.0547816 0 
0.0832 0.2123 0.0139 -0.560171 0.826919 0.0491378 0 
0.0826 0.212 0.0142 -0.59604 0.801766 0.0436814 0 
0.0829 0.212 0.0141 -0.582083 0.812111 0.0406757 0 
0.0832 0.2124 0.0142 -0.56585 0.82267 0.0550328 0 
0.0829 0.212 0.0142 -0.570985 0.819117 0.0549838 0 
0.0829 0.2135 0.0138 -0.546997 0.833993 0.0724593 0 
0.0825 0.2115 0.0144 -0.577572 0.816283 0.00960333 0 
0.0825 0.212 0.0144 -0.571731 0.818966 0.0491661 0 
0.0825 0.2118 0.0147 -0.484885 0.874404 0.0174612 0 
0.0828 0.212 0.0151 -0.438979 0.897973 0.0306885 0 
0.0826 0.212 0.0144 -0.571731 0.818966 0.0491661 0 
0.0826 0.212 0.0147 -0.494693 0.868762 0.0230405 0 
0.0829 0.212 0.0145 -0.558559 0.827233 0.0608052 0 
0.0832 0.2123 0.0144 -0.56292 0.82382 0.0666429 0 
0.0832 0.2123 0.0147 -0.506169 0.860348 0.0599594 0 
0.0826 0.212 0.015 -0.439014 0.898043 0.0280222 0 
0.0829 0.212 0.0148 -0.442075 0.896244 0.0362797 0 
0.0831 0.212 0.015 -0.382555 0.922634 0.0489777 0 
0.0828 0.2118 0.0154 -0.370671 0.927338 0.0514455 0 
0.0828 0.2118 0.0157 -0.370831 0.926414 0.0651281 0 
0.0829 0.212 0.0153 -0.372084 0.926923 0.048647 0 
0.0829 0.2121 0.0155 -0.37879 0.923716 0.0571508 0 
0.0831 0.2127 0.0154 -0.379313 0.923832 0.0515443 0 
0.0826 0.2124 0.0157 -0.363654 0.929631 0.059507 0 
0.0826 0.212 0.0159 -0.362892 0.929164 0.0704516 0 
0.0832 0.2123 0.0157 -0.36769 0.927853 0.0623878 0 
0.0826 0.2126 0.0159 -0.369313 0.926615 0.0706627 0 
0.0826 0.2123 0.0175 -0.437259 0.892796 0.10826 0 
0.0823 0.2117 0.0179 -0.491237 0.857831 0.151037 0 
0.0823 0.2115 0.0183 -0.51679 0.837349 0.178255 0 
0.0825 0.2115 0.0177 -0.500699 0.853962 0.141597 0 
0.0825 0.2118 0.0179 -0.497128 0.854943 0.148112 0 
0.0826 0.2118 0.0179 -0.530692 0.836465 0.136716 0 
0.0826 0.2118 0.0181 -0.576847 0.803412 0.147566 0 
0.0826 0.212 0.0183 -0.591687 0.792411 0.148296 0 
0.082 0.2121 0.0177 -0.43047 0.890972 0.144443 0 
0.082 0.2124 0.0177 -0.443995 0.886561 0.129915 0 
0.0826 0.2123 0.0177 -0.492473 0.862905 0.113427 0 
0.0826 0.2126 0.0179 -0.540817 0.833699 0.111643 0 
0.0829 0.212 0.018 -0.57106 0.811815 0.121846 0 
0.0826 0.2114 0.0185 -0.591317 0.785889 0.180891 0 
0.0825 0.2115 0.0188 -0.63044 0.760458 0.15572 0 
0.0826 0.2118 0.0184 -0.594768 0.789528 0.151314 0 
0.0826 0.2117 0.0188 -0.621733 0.766955 0.158837 0 
0.0829 0.2118 0.0184 -0.596966 0.788474 0.148119 0 
0.0829 0.2117 0.0188 -0.626866 0.762813 0.158605 0 
0.0826 0.2114 0.0191 -0.565286 0.806474 0.173354 0 
0.0828 0.2117 0.0189 -0.632256 0.759009 0.155423 0 
0.0829 0.2118 0.0189 -0.62617 0.762623 0.162228 0 
0.0835 0.2117 0.0136 -0.548786 0.833759 0.0606627 0 
0.0832 0.2123 0.013 -0.543012 0.828498 0.136857 0 
0.0832 0.2123 0.0132 -0.547766 0.828223 0.118318 0 
0.0834 0.2126 0.013 -0.282898 0.939773 0.191819 0 
0.0832 0.2123 0.0135 -0.540303 0.838107 0.0751602 0 
0.0832 0.2126 0.0132 -0.545329 0.828959 0.124271 0 
0.0835 0.2124 0.0135 -0.541589 0.83726 0.0753392 0 
0.0835 0.2126 0.0135 -0.539764 0.836274 0.0964378 0 
0.0832 0.2123 0.0138 -0.554839 0.830152 0.0547816 0 
0.0832 0.2126 0.0138 -0.556136 0.829276 0.0549096 0 
0.0832 0.2127 0.0138 -0.556136 0.829276 0.0549096 0 
0.0835 0.2126 0.0138 -0.556136 0.829276 0.0549096 0 
0.0834 0.2126 0.0139 -0.554839 0.830152 0.0547816 0 
0.0837 0.2126 0.0139 -0.560171 0.826919 0.0491378 0 
0.0838 0.2127 0.0138 -0.556136 0.829276 0.0549096 0 
0.0835 0.2124 0.0142 -0.549555 0.833468 0.0576259 0 
0.084 0.2126 0.0142 -0.54639 0.835738 0.0547794 0 
0.0837 0.2127 0.0142 -0.54639 0.835738 0.0547794 0 
0.0843 0.2126 0.0138 -0.556136 0.829276 0.0549096 0 
0.0843 0.2124 0.0142 -0.545191 0.836707 0.0518562 0 
0.084 0.213 0.0132 -0.382902 0.911334 0.151183 0 
0.0832 0.2129 0.0132 -0.546628 0.826572 0.134079 0 
0.084 0.2129 0.0135 -0.537567 0.837337 0.0994427 0 
0.0841 0.213 0.0129 -0.215296 0.951904 0.218004 0 
0.0843 0.2129 0.0136 -0.259572 0.958721 0.11609 0 
0.0834 0.213 0.0141 -0.566122 0.823324 0.0405372 0 
0.0834 0.2129 0.0144 -0.579987 0.812549 0.0581405 0 
0.0841 0.2118 0.0148 -0.467664 0.881525 0.0648383 0 
0.084 0.2126 0.0144 -0.518443 0.851828 0.0748705 0 
0.0837 0.2127 0.0147 -0.525962 0.847462 0.0719144 0 
0.0832 0.2123 0.015 -0.435626 0.8994 0.0361905 0 
0.0841 0.2127 0.015 -0.460774 0.883963 0.0793479 0 
0.0832 0.2123 0.0153 -0.379313 0.923832 0.0515443 0 
0.0832 0.2123 0.0154 -0.380241 0.923443 0.0516704 0 
0.0835 0.2124 0.0153 -0.380241 0.923443 0.0516704 0 
0.0844 0.2127 0.0154 -0.408698 0.910465 0.0633954 0 
0.084 0.213 0.0147 -0.534871 0.841323 0.0780316 0 
0.0832 0.2124 0.0166 -0.390072 0.915642 0.0971758 0 
0.0837 0.2127 0.0166 -0.424292 0.902136 0.0782675 0 
0.0843 0.212 0.0174 -0.531567 0.84342 0.0779632 0 
0.0837 0.2124 0.0168 -0.460774 0.883963 0.0793479 0 
0.084 0.2121 0.0171 -0.496318 0.86469 0.07733 0 
0.0834 0.2126 0.0169 -0.440378 0.89326 0.0902984 0 
0.0834 0.2123 0.0174 -0.539495 0.837148 0.0901544 0 
0.0838 0.212 0.0174 -0.528379 0.844552 0.0868763 0 
0.0837 0.2123 0.0172 -0.497417 0.863786 0.0803194 0 
0.0837 0.2123 0.0175 -0.54179 0.836272 0.0843419 0 
0.0846 0.2115 0.0177 -0.539495 0.837148 0.0901544 0 
0.0834 0.2124 0.0177 -0.552758 0.828419 0.0904513 0 
0.084 0.2124 0.0177 -0.558326 0.825289 0.0846818 0 
0.0837 0.2123 0.0178 -0.551586 0.829527 0.0873941 0 
0.0832 0.2121 0.0183 -0.587191 0.796368 0.14493 0 
0.0834 0.2121 0.0183 -0.593517 0.792843 0.138338 0 
0.0837 0.2123 0.0181 -0.56457 0.816794 0.11878 0 
0.084 0.2112 0.0189 -0.62617 0.762623 0.162228 0 
0.0832 0.212 0.0189 -0.621512 0.764354 0.171714 0 
0.0837 0.212 0.0191 -0.623583 0.765513 0.158538 0 
0.0838 0.2121 0.0185 -0.591731 0.790481 0.158096 0 
0.0837 0.212 0.0189 -0.619435 0.770149 0.152221 0 
0.0841 0.2123 0.0185 -0.571165 0.810257 0.131353 0 
0.0823 0.2111 0.02 -0.378419 0.886967 0.264744 0 
0.0825 0.2112 0.0194 -0.519539 0.832768 0.191251 0 
0.0825 0.2112 0.0198 -0.487845 0.847309 0.209939 0 
0.0826 0.2102 0.0203 -0.265386 0.933765 0.240111 0 
0.0829 0.2102 0.0207 -0.304715 0.92273 0.236047 0 
0.0826 0.2105 0.0203 -0.406591 0.883181 0.233827 0 
0.0825 0.2112 0.0203 -0.491295 0.837191 0.240291 0 
0.0826 0.2108 0.0207 -0.440483 0.870515 0.219495 0 
0.0826 0.2108 0.0204 -0.389799 0.885636 0.252399 0 
0.0829 0.2102 0.0212 -0.319922 0.922796 0.214703 0 
0.0826 0.2102 0.0213 -0.303851 0.928512 0.213402 0 
0.0823 0.2108 0.0215 -0.384272 0.898582 0.211861 0 
0.0817 0.2108 0.0215 -0.328704 0.913711 0.238926 0 
0.0826 0.2108 0.021 -0.373039 0.899682 0.226749 0 
0.0826 0.2112 0.0212 -0.469172 0.858899 0.205356 0 
0.0826 0.2106 0.0213 -0.372064 0.904826 0.207024 0 
0.0826 0.2108 0.0213 -0.324616 0.919507 0.221654 0 
0.0828 0.2106 0.0215 -0.372064 0.904826 0.207024 0 
0.0826 0.2109 0.0215 -0.372064 0.904826 0.207024 0 
0.0829 0.2112 0.0213 -0.607401 0.777049 0.165104 0 
0.082 0.2106 0.0218 -0.383819 0.895578 0.224997 0 
0.0817 0.2108 0.0219 -0.38734 0.893975 0.225335 0 
0.0823 0.2108 0.0218 -0.344706 0.909034 0.234167 0 
0.082 0.2106 0.0222 -0.398437 0.887226 0.232545 0 
0.0823 0.2108 0.0221 -0.38734 0.893975 0.225335 0 
0.0823 0.2108 0.0224 -0.398437 0.887226 0.232545 0 
0.0829 0.2106 0.0218 -0.400474 0.895605 0.193684 0 
0.0829 0.2108 0.0218 -0.317983 0.925685 0.204923 0 
0.0826 0.2111 0.0216 -0.444085 0.874891 0.193273 0 
0.0826 0.2109 0.0219 -0.360497 0.903432 0.232061 0 
0.0828 0.2105 0.0221 -0.376542 0.898133 0.227097 0 
0.0826 0.2108 0.0221 -0.369541 0.901212 0.226399 0 
0.0828 0.2108 0.0221 -0.369541 0.901212 0.226399 0 
0.0826 0.2108 0.0222 -0.376542 0.898133 0.227097 0 
0.0828 0.2103 0.0225 -0.58092 0.791332 0.190591 0 
0.0822 0.2106 0.0225 -0.466274 0.855591 0.224838 0 
0.0823 0.2105 0.0227 -0.505909 0.838148 0.203874 0 
0.0823 0.2106 0.0227 -0.505909 0.838148 0.203874 0 
0.0823 0.2109 0.0225 -0.411306 0.883491 0.224214 0 
0.0823 0.2109 0.0227 -0.490316 0.842494 0.223147 0 
0.0831 0.2108 0.0225 -0.58092 0.791332 0.190591 0 
0.0831 0.2106 0.0227 -0.560562 0.808357 0.179803 0 
0.0825 0.2106 0.0228 -0.505909 0.838148 0.203874 0 
0.0828 0.2105 0.0228 -0.518028 0.832168 0.197848 0 
0.0832 0.2109 0.0222 -0.374023 0.899122 0.227347 0 
0.0837 0.2111 0.0221 -0.588244 0.788886 0.177841 0 
0.0835 0.2108 0.0225 -0.58092 0.791332 0.190591 0 
0.0832 0.2109 0.0227 -0.58092 0.791332 0.190591 0 
0.0835 0.2108 0.0228 -0.561857 0.808894 0.173227 0 
0.0826 0.2114 0.0192 -0.546737 0.816319 0.186284 0 
0.0825 0.2115 0.0195 -0.550216 0.815526 0.179386 0 
0.0829 0.2114 0.0192 -0.548855 0.814967 0.185976 0 
0.0828 0.2117 0.0195 -0.635273 0.758423 0.145677 0 
0.0831 0.2117 0.0192 -0.621431 0.766583 0.161784 0 
0.0826 0.2114 0.0198 -0.527856 0.827328 0.192085 0 
0.0826 0.2118 0.0198 -0.533526 0.823715 0.191948 0 
0.0828 0.2117 0.02 -0.539051 0.818447 0.198918 0 
0.0823 0.2112 0.0207 -0.440483 0.870515 0.219495 0 
0.0828 0.2112 0.0201 -0.515875 0.829357 0.214568 0 
0.0828 0.2112 0.0203 -0.521016 0.822253 0.229001 0 
0.0829 0.2114 0.0203 -0.515875 0.829357 0.214568 0 
0.0826 0.2114 0.0206 -0.532914 0.815497 0.225759 0 
0.0825 0.2115 0.0207 -0.528771 0.819979 0.219172 0 
0.0823 0.2112 0.0209 -0.420858 0.878893 0.224556 0 
0.0828 0.2112 0.0215 -0.503533 0.844203 0.183782 0 
0.0829 0.2114 0.0215 -0.637335 0.757304 0.142463 0 
0.0838 0.2118 0.0195 -0.624724 0.763887 0.161853 0 
0.0837 0.2115 0.0198 -0.62617 0.762623 0.162228 0 
0.0832 0.2114 0.0203 -0.548407 0.811154 0.20317 0 
0.0832 0.2118 0.0203 -0.549848 0.811826 0.196483 0 
0.0838 0.2118 0.0201 -0.625027 0.764258 0.158905 0 
0.0832 0.2121 0.0206 -0.595791 0.78169 0.184375 0 
0.0834 0.212 0.0215 -0.664746 0.738771 0.111038 0 
0.0832 0.2112 0.0219 -0.583837 0.795044 0.16444 0 
